0.83293
0.83293
0.83193
0.81867
0.78877
0.775
0.72385
0.69522
0.70629
0.69403
0.61871
0.57314
0.58341
0.81074
0.82745
0.62551
0.64592
0.59921
0.63414
0.5738
0.50375
0.5065
0.49249
0.5154
0.65705
0.82406
0.87678
0.8412
0.82976
0.80562
0.79409
0.76874
0.76172
0.76661
0.76975
0.77975
0.79893
0.80322
0.79793
0.79621
0.75119
0.69009
0.66936
0.66521
0.72498
0.81063
0.8743
0.89469
0.90382
0.91269
0.90769
0.91232
0.92255
0.92606
0.92922
0.92735
0.92709
0.90172
0.91464
0.90776
0.89611
0.867
0.83758
0.82406
0.80158
0.79003
0.77804
0.78582
0.77528
0.77469
0.76857
0.7475
0.69396
0.49585
0.79315
0.85399
0.74021
0.71967
0.6061
0.63557
0.77536
0.62023
0.62513
0.6396
0.83666
0.80802
0.78593
0.70427
0.65935
0.65672
0.60297
0.76433
0.84586
0.88137
0.69028
0.60346
0.81761
0.81979
0.81969
0.70877
0.60589
0.53168
0.52705
0.752
0.87934
0.89002
0.86786
0.8189
0.6743
0.90718
0.90645
0.83886
0.77005
0.78256
0.72757
0.62725
0.78393
0.58804
0.6616
0.5825
0.57458
0.6079
0.89183
0.89654
0.89455
0.88711
0.87715
0.80865
0.81475
0.74622
0.72073
0.71043
0.72229
0.85515
0.85173
0.83978
0.84858
0.84141
0.80299
0.79048
0.78875
0.78772
0.75673
0.70951
0.67885
0.66966
0.66047
0.64098
0.55583
0.51287
0.53757
0.57316
0.53823
0.4762
0.55377
0.76657
0.55929
0.52083
0.57744
0.53619
0.60004
0.85522
0.8781
0.65025
0.86128
0.83005
0.79379
0.77634
0.73587
0.67911
0.60225
0.53472
0.47011
0.42166
0.49024
0.59503
0.6587
0.67947
0.66884
0.61883
0.56946
0.59252
0.58421
0.64115
0.75016
0.77077
0.69882
0.52709
0.33893
0.85661
0.8692
0.92912
0.93912
0.93212
0.92743
0.62333
0.57993
0.57991
0.62075
0.63673
0.62385
0.63168
0.78302
0.64872
0.6694
0.79516
0.70278
0.66954
0.6496
0.66605
0.67073
0.65131
0.72249
0.77981
0.61848
0.84214
0.89845
0.87762
0.87238
0.88867
0.89387
0.8933
0.86237
0.8502
0.83626
0.82384
0.78914
0.73567
0.7184
0.74607
0.69941
0.67318
0.63458
0.60353
0.51769
0.46802
0.50807
0.56985
0.62435
0.59126
0.58871
0.77947
0.82408
0.81729
0.80543
0.78964
0.78417
0.77623
0.75968
0.7514
0.74206
0.72513
0.6864
0.71326
0.72008
0.72424
0.72407
0.72189
0.71793
0.71478
0.70977
0.70566
0.70052
0.69201
0.67138
0.59057
0.55884
0.55117
0.51582
0.49347
0.46026
0.43199
0.38875
0.37179
0.38519
0.4051
0.48297
0.67241
0.70318
0.67141
0.69992
0.72261
0.72369
0.74752
0.73955
0.79854
0.47098
0.46356
0.46225
0.4626
0.45237
0.45358
0.44873
0.47278
0.70803
0.67988
0.82373
0.6658
0.59046
0.57525
0.56064
0.59258
0.83477
0.85694
0.86353
0.86734
0.85031
0.8599
0.87379
0.84667
0.86179
0.85622
0.85259
0.85387
0.84963
0.85634
0.85134
0.84977
0.85163
0.83791
0.84038
0.8305
0.84264
0.83806
0.84342
0.84404
0.79073
0.78751
0.7795
0.73974
0.70905
0.71553
0.61165
0.57634
0.56712
0.5491
0.53642
0.54066
0.56059
0.56972
0.5613
0.56174
0.57693
0.54087
0.49006
0.47386
0.44779
0.42108
0.36669
0.36515
0.49935
0.5284
0.52081
0.52599
0.55622
0.57651
0.54953
0.48176
0.46182
0.43476
0.42362
0.41383
0.42035
0.45553
0.54203
0.57665
0.60533
0.61724
0.61653
0.61891
0.62208
0.62837
0.65744
0.75323
0.73341
0.76074
0.83826
0.80445
0.80536
0.80808
0.8071
0.80125
0.80252
0.77333
0.79365
0.75869
0.61603
0.59484
0.63742
0.68782
0.77159
0.78322
0.80844
0.82091
0.82938
0.84146
0.84525
0.80297
0.67301
0.52143
0.55537
0.58275
0.60614
0.56155
0.4976
0.52324
0.46066
0.43753
0.46457
0.41234
0.3146
0.28886
0.29682
0.34003
0.32064
0.70576
0.79594
0.84644
0.84869
0.82487
0.81525
0.80611
0.79396
0.74037
0.67218
0.74532
0.71508
0.71221
0.7298
0.74342
0.74787
0.74238
0.72289
0.69662
0.68405
0.6406
0.58534
0.57527
0.6124
0.60928
0.60345
0.58482
0.56991
0.54568
0.47963
0.46709
0.67695
0.74628
0.78667
0.79942
0.80242
0.81001
0.81935
0.83026
0.8352
0.84076
0.84321
0.84514
0.84563
0.84618
0.85602
0.83176
0.59426
0.54633
0.54529
0.53783
0.58798
0.73029
0.56398
0.55441
0.55562
0.55691
0.53733
0.53443
0.55622
0.54781
0.55033
0.53406
0.51141
0.51623
0.49908
0.52865
0.55584
0.56095
0.58476
0.59926
0.6026
0.6168
0.63009
0.63982
0.64054
0.64257
0.63877
0.61706
0.59263
0.5901
0.6041
0.60693
0.60898
0.59756
0.60579
0.60371
0.70112
0.53243
0.5352
0.54921
0.60316
0.54348
0.54823
0.64267
0.71376
0.82847
0.66103
0.61161
0.5626
0.57109
0.55016
0.57531
0.57901
0.61569
0.5721
0.55394
0.53665
0.58252
0.65442
0.67242
0.64239
0.66758
0.83837
0.84513
0.63223
0.59978
0.5853
0.55135
0.4852
0.50342
0.45547
0.41733
0.62381
0.88854
0.61398
0.61352
0.59305
0.58934
0.58121
0.58604
0.58299
0.56998
0.56406
0.57939
0.55911
0.576
0.55963
0.63213
0.65682
0.69164
0.63279
0.79225
0.68389
0.7798
0.78881
0.82189
0.84428
0.8247
0.80833
0.79581
0.7874
0.77816
0.76804
0.76414
0.75195
0.74224
0.74818
0.7484
0.73738
0.73673
0.74517
0.74341
0.69311
0.68729
0.74745
0.77756
0.77776
0.77987
0.63996
0.74199
0.778
0.77705
0.79027
0.79245
0.78343
0.75559
0.73687
0.72219
0.68579
0.68523
0.70903
0.72171
0.74018
0.74655
0.75376
0.75615
0.7646
0.77158
0.78722
0.79749
0.80342
0.81436
0.8249
0.82852
0.83128
0.83426
0.83629
0.83652
0.82811
0.81007
0.79268
0.77576
0.76144
0.7607
0.76836
0.7719
0.76833
0.76363
0.75533
0.74628
0.73937
0.73446
0.74098
0.7283
0.71764
0.68839
0.65779
0.59162
0.56659
0.5129
0.49807
0.49494
0.57265
0.39991
0.49827
0.48382
0.45407
0.433
0.4272
0.42103
0.42097
0.41856
0.42265
0.42239
0.43462
0.44142
0.45066
0.44345
0.44355
0.44191
0.44108
0.45535
0.44491
0.45295
0.47059
0.48847
0.49373
0.50008
0.51427
0.52434
0.52343
0.51157
0.51568
0.50174
0.48358
0.46278
0.47058
0.59313
0.66119
0.82134
0.8419
0.84364
0.8328
0.81955
0.81131
0.80746
0.81127
0.82381
0.83344
0.84072
0.8509
0.86818
0.88156
0.85563
0.81596
0.78278
0.70861
0.70568
0.7182
0.71544
0.69284
0.6516
0.64433
0.66185
0.49662
0.493
0.51994
0.72882
0.51792
0.42388
0.42523
0.44322
0.47023
0.48409
0.4784
0.4805
0.50303
0.50912
0.50841
0.519
0.56007
0.58354
0.55898
0.52037
0.50126
0.55033
0.59528
0.63858
0.62665
0.6252
0.60178
0.60211
0.61803
0.63193
0.58463
0.48142
0.58221
0.85211
0.88103
0.89757
0.89993
0.90356
0.91542
0.92998
0.9366
0.94384
0.94304
0.93974
0.93812
0.93499
0.93136
0.93932
0.95079
0.95925
0.9466
0.8997
0.88401
0.87144
0.87736
0.83904
0.83013
0.84422
0.85707
0.84697
0.8366
0.84623
0.8409
0.83345
0.78053
0.80241
0.81408
0.76904
0.72012
0.62131
0.54878
0.54885
0.60653
0.66697
0.70391
0.77706
0.67702
0.63771
0.62602
0.61309
0.68013
0.72182
0.7925
0.76498
0.85154
0.81807
0.659
0.86596
0.64722
0.75445
0.69459
0.74125
0.86671
0.85435
0.8351
0.83356
0.8083
0.7913
0.76918
0.77577
0.76485
0.73897
0.68635
0.64263
0.58549
0.53971
0.53029
0.53854
0.56385
0.55493
0.55227
0.62365
0.69969
0.62347
0.64335
0.78254
0.78752
0.78659
0.78157
0.79432
0.80171
0.77038
0.76876
0.76245
0.758
0.7462
0.72997
0.73014
0.74967
0.75072
0.74814
0.68487
0.64933
0.59585
0.69533
0.75245
0.82858
0.85237
0.85021
0.84524
0.83983
0.83382
0.81693
0.82053
0.78549
0.7713
0.80349
0.7498
0.70986
0.70224
0.63934
0.61778
0.65607
0.67851
0.64526
0.601
0.57096
0.57529
0.63132
0.60963
0.5648
0.57441
0.5687
0.57067
0.65933
0.69391
0.66202
0.63743
0.63573
0.61663
0.61785
0.65146
0.72229
0.7883
0.81067
0.72084
0.64512
0.67987
0.85043
0.8614
0.8645
0.83103
0.81163
0.72501
0.71607
0.73743
0.76478
0.74359
0.79438
0.78925
0.80513
0.89562
0.90968
0.88551
0.91274
0.90179
0.89997
0.88531
0.88744
0.79205
0.88269
0.82301
0.71193
0.63729
0.62472
0.642
0.70395
0.71282
0.89604
0.82241
0.84094
0.75815
0.8023
0.69524
0.64877
0.6406
0.6412
0.65622
0.69299
0.83767
0.80626
0.80854
0.70746
0.71496
0.85325
0.80515
0.84274
0.8345
0.81649
0.81262
0.80509
0.79731
0.77242
0.77118
0.78234
0.80191
0.7771
0.76783
0.78558
0.79646
0.78274
0.79177
0.81601
0.81568
0.81747
0.81032
0.80838
0.78312
0.74749
0.75941
0.77538
0.79479
0.78057
0.73117
0.71674
0.74585
0.73788
0.61408
0.78035
0.76016
0.71094
0.6614
0.68503
0.64041
0.5488
0.53373
0.46786
0.49836
0.40496
0.84734
0.92412
0.9351
0.90546
0.90385
0.90615
0.89688
0.88972
0.8884
0.887
0.90642
0.86767
0.81676
0.87564
0.82868
0.83111
0.84062
0.80226
0.72503
0.71762
0.73857
0.70238
0.64941
0.64666
0.69522
0.70349
0.69857
0.68776
0.66747
0.63693
0.62369
0.63124
0.59571
0.5868
0.64252
0.66018
0.61478
0.58899
0.60637
0.59019
0.57986
0.83555
0.86375
0.8734
0.88702
0.88187
0.88114
0.85558
0.84715
0.84434
0.77852
0.6557
0.60255
0.58117
0.67005
0.91506
0.9498
0.97694
0.91304
0.90988
0.86814
0.89037
0.88811
0.88265
0.85892
0.84809
0.80842
0.75537
0.73017
0.7151
0.65651
0.6049
0.60064
0.62844
0.67029
0.69288
0.75855
0.73915
0.69284
0.66066
0.56344
0.48847
0.90406
0.91277
0.92822
0.93932
0.92431
0.91491
0.87458
0.86066
0.82393
0.76502
0.70406
0.68563
0.66454
0.65935
0.88011
0.928
0.92672
0.91791
0.92011
0.91695
0.90152
0.91538
0.89985
0.88273
0.85007
0.82593
0.80102
0.83009
0.8685
0.83989
0.83691
0.84557
0.83937
0.77014
0.71144
0.69089
0.67875
0.65868
0.643
0.86417
0.89018
0.84897
0.84624
0.85462
0.84272
0.76847
0.7988
0.68056
0.63841
0.70227
0.69531
0.67276
0.9134
0.9163
0.91262
0.91373
0.91272
0.93175
0.96228
0.96187
0.97064
0.96232
0.96165
0.95908
0.9614
0.95711
0.95679
0.9625
0.9604
0.96459
0.96153
0.96089
0.95578
0.94823
0.93669
0.9376
0.9361
0.9456
0.92438
0.72216
0.69521
0.91347
0.91456
0.65713
0.74924
0.69994
0.73299
0.65143
0.65943
0.60786
0.93114
0.95994
0.67565
0.65587
0.7583
0.82742
0.65024
0.64739
0.59617
0.6396
0.66358
0.93004
0.9279
0.93162
0.93586
0.91849
0.92459
0.9419
0.93579
0.93276
0.93086
0.93068
0.91517
0.884
0.91662
0.75135
0.85471
0.80277
0.78848
0.82243
0.72959
0.71248
0.70834
0.72339
0.74421
0.72634
0.79653
0.85821
0.78405
0.73725
0.69829
0.69799
0.71128
0.67325
0.63333
0.64867
0.69422
0.721
0.76031
0.88314
0.97102
0.70865
0.71253
0.71408
0.68927
0.64737
0.6289
0.60725
0.67308
0.71189
0.70859
0.71843
0.68761
0.68961
0.69503
0.72149
0.70205
0.68205
0.66432
0.69041
0.7236
0.71821
0.72787
0.72663
0.81789
0.89934
0.71092
0.74906
0.9249
0.89364
0.91451
0.8838
0.94133
0.92301
0.9091
0.90593
0.88401
0.871
0.91186
0.92313
0.92933
0.93939
0.94906
0.95978
0.95869
0.95808
0.97048
0.97368
0.98634
0.98071
0.9861
0.978
0.94922
0.9328
0.89404
0.86677
0.88671
0.94809
0.89209
0.81224
0.75517
0.70877
0.97831
0.95786
0.95529
0.95107
0.94958
0.94895
0.93576
0.94503
0.93344
0.9326
0.93653
0.92915
0.93127
0.92759
0.92195
0.90755
0.92556
0.92002
0.83621
0.94809
0.96085
0.97799
0.98169
0.87192
0.89495
0.86249
0.77306
0.7182
0.69132
0.71588
0.78483
0.98046
0.96071
0.9508
0.96294
0.96391
0.95834
0.88917
0.74788
0.71031
0.67811
0.65911
0.65723
0.65299
0.65861
0.68217
0.99239
0.99731
1.0002
0.99963
0.89222
1.0007
0.87738
0.8294
0.8832
1.0001
0.99908
1.0002
0.98018
1.0008
0.80333
0.70515
0.72251
0.75324
0.99818
0.9978
0.97819
0.80032
0.96823
0.98138
0.93753
0.91706
0.89282
0.87842
0.91099
0.91116
0.89531
0.84551
0.8124
0.82277
0.80117
0.81393
0.76374
0.78187
0.74603
0.71526
0.64912
0.64632
0.65902
0.69313
0.73691
0.99814
0.99117
0.98142
0.9927
0.99466
0.98117
0.99329
0.99315
0.9853
0.99062
1
0.99889
1.0003
1.0002
0.99807
0.99824
0.99135
0.96704
0.96853
0.92521
0.87834
0.86119
0.85552
0.84195
0.84021
0.78443
0.77362
0.78717
0.80168
0.80802
0.81235
0.8106
0.82274
0.78197
0.73823
0.6965
0.64498
0.63469
0.64123
0.6375
0.63494
0.65832
0.69083
0.71789
0.71066
0.755
0.74798
0.76687
0.78448
0.7229
0.73766
0.7495
0.75377
0.74272
0.75335
0.78115
0.79965
0.84532
0.83156
0.83843
0.81194
0.79442
0.76812
0.76682
0.73066
0.60422
0.54254
0.5195
0.53312
0.56451
0.66611
0.74589
0.76331
0.80019
0.9031
0.98158
0.94641
0.93102
0.92469
0.9328
0.96332
0.93947
0.91195
0.86677
0.72621
0.73551
0.87165
0.84942
0.8547
0.86402
0.86111
0.7525
0.67482
0.64332
0.65382
0.65135
0.62393
0.5727
0.70659
0.7528
0.7148
0.71857
0.70514
0.76449
0.77845
0.81782
0.67489
0.70843
0.812
0.80649
0.79316
0.83556
0.85413
0.81702
0.78678
0.83847
0.781
0.73058
0.72935
0.79311
0.94515
0.95804
0.96113
0.94395
0.94358
0.94433
0.938
0.94145
0.91137
0.87658
0.87935
0.89764
0.8593
0.8667
0.86906
0.88072
0.91767
0.84534
0.89758
0.92544
0.89686
0.8454
0.87579
0.91444
0.9005
0.92002
0.94444
0.92519
0.9082
0.89248
0.90404
0.95076
0.96278
0.9552
0.95804
0.88491
0.88748
0.97441
0.9867
0.99094
0.98546
0.9858
0.98318
0.95957
0.97326
0.97121
0.9625
0.96584
0.96006
0.95859
0.91102
0.92794
0.93113
0.79981
0.94408
0.9181
0.95384
0.88183
0.93238
0.91952
0.78616
0.75997
0.72818
0.71354
0.71709
0.7294
0.78648
0.80939
0.80104
0.78357
0.86959
0.87672
0.97547
0.93157
0.95103
0.92721
0.95734
0.9806
0.96555
0.88812
0.78074
0.88719
0.94848
0.95367
0.97324
0.96364
0.95217
0.9433
0.9546
0.94646
0.95156
0.91837
0.95569
0.98616
0.9994
0.99962
0.99881
0.97271
0.96692
0.9513
0.95835
0.95046
0.97453
0.9612
0.95765
0.95107
0.95181
0.89754
0.89769
0.87852
0.85982
0.80249
0.79072
0.76768
0.75256
0.96346
0.99938
0.99741
0.90662
0.83179
0.81696
0.85004
0.9315
0.92813
0.87511
0.83995
0.98494
0.99701
0.96335
0.94733
0.92939
0.91027
0.91433
0.91205
0.91627
0.95773
0.97051
0.96515
0.96634
0.94036
0.87657
0.85253
0.87879
0.87366
0.86997
0.84918
0.88208
0.94872
0.95711
0.96686
0.95626
0.95326
0.96366
0.96447
0.9531
0.91705
0.94481
0.95301
0.95125
0.94797
0.96631
0.96004
0.94997
0.93817
0.91638
0.86857
0.82194
0.83025
0.80523
0.73887
0.69634
0.64624
0.6523
0.99751
0.99905
0.99725
0.98723
0.98514
0.99303
0.97135
0.98146
0.97388
0.93311
0.85938
0.77623
0.73577
0.78505
0.81581
0.83088
0.8374
0.82106
0.80376
0.75929
0.7845
0.78539
0.81097
0.87846
0.90262
0.90987
0.98667
0.99788
0.97818
0.98206
0.98227
0.96533
0.9602
0.95271
0.95311
0.9065
0.93689
0.95936
0.95415
0.95283
0.93352
0.93695
0.95821
0.96505
0.96388
0.96985
0.96103
0.96101
0.94753
0.94505
0.95643
0.95955
0.96182
0.96047
0.96073
0.94899
0.93437
0.93435
0.9356
0.9495
0.94298
0.93801
0.87514
0.87459
0.92028
0.94434
0.96164
0.97074
0.965
0.97203
0.94371
0.95063
0.94009
0.86496
0.9742
0.96597
0.97012
0.88579
0.84448
0.80238
0.76028
0.76691
0.85565
0.96427
0.95352
0.95822
0.951
0.93936
0.97041
0.90434
0.85643
0.81422
0.78594
0.74464
0.71057
0.68815
0.66926
0.63042
0.63946
0.63587
0.6276
0.74056
0.97752
0.96855
0.93593
0.86471
0.85116
0.8395
0.86155
0.81091
0.77608
0.74916
0.7559
0.7674
0.78673
0.80199
0.8174
0.80484
0.79531
0.79327
0.79327
0.78793
0.7846
0.77701
0.76152
0.74974
0.73209
0.66341
0.63637
0.64356
0.66988
0.68756
0.66503
0.62326
0.61709
0.64256
0.66592
0.6909
0.70067
0.68001
0.6601
0.66865
0.66742
0.68013
0.7032
0.71994
0.70754
0.70833
0.6398
0.63153
0.68422
0.71243
0.73442
0.74412
0.7498
0.67709
0.64414
0.63733
0.64418
0.67468
0.69691
0.70366
0.65644
0.62734
0.63137
0.64653
0.64804
0.64611
0.64676
0.63792
0.62632
0.6016
0.5959
0.60753
0.6299
0.62727
0.64084
0.64204
0.62931
0.6208
0.63832
0.65068
0.66103
0.68068
0.69181
0.68768
0.69224
0.69665
0.68999
0.67126
0.66066
0.66329
0.68128
0.70462
0.71671
0.73499
0.77348
0.81181
0.79872
0.80091
0.81129
0.80919
0.7892
0.77204
0.73398
0.68612
0.67393
0.65393
0.59883
0.60829
0.62372
0.64917
0.69693
0.92753
0.95146
0.97376
0.96147
0.96153
0.94043
0.94097
0.93019
0.91095
0.89043
0.82044
0.79481
0.77849
0.77285
0.76284
0.78036
0.85477
0.90924
0.94489
0.89597
0.84576
0.80396
0.7959
0.75239
0.76811
0.74594
0.72363
0.70312
0.70617
0.68484
0.67035
0.67
0.67264
0.67693
0.6929
0.71152
0.71793
0.6925
0.63662
0.5463
0.47454
0.47169
0.84322
0.96765
0.96667
0.96805
0.97943
0.98065
0.97423
0.93899
0.90036
0.83924
0.85184
0.95682
0.96253
0.93943
0.94318
0.93246
0.89151
0.79923
0.88859
0.90494
0.92585
0.91862
0.89509
0.90401
0.89322
0.89743
0.9339
0.94243
0.92772
0.8933
0.71293
0.68829
0.75191
0.75406
0.70283
0.65199
0.63056
0.6572
0.83297
0.84828
0.80761
0.80778
0.78831
0.73602
0.72244
0.71183
0.70226
0.70057
0.70013
0.70241
0.68703
0.67079
0.66353
0.65083
0.64967
0.6438
0.66193
0.67025
0.67887
0.67298
0.65277
0.64032
0.63256
0.61804
0.58824
0.55628
0.53068
0.50482
0.49151
0.48459
0.51235
0.50983
0.48813
0.49112
0.48002
0.47551
0.47938
0.49857
0.49029
0.47301
0.48264
0.47781
0.48552
0.46813
0.47024
0.47329
0.48797
0.51949
0.56624
0.5945
0.62891
0.63464
0.64175
0.66305
0.65712
0.66687
0.66652
0.65296
0.65617
0.65355
0.6532
0.66538
0.64873
0.66306
0.65691
0.68773
0.70822
0.72057
0.70606
0.70201
0.71594
0.71904
0.71603
0.7219
0.716
0.72145
0.73257
0.73752
0.73235
0.73374
0.72749
0.71659
0.71418
0.71129
0.71102
0.72223
0.73679
0.74584
0.74579
0.73143
0.71227
0.68344
0.67026
0.67033
0.67155
0.67325
0.69367
0.68223
0.66671
0.65032
0.61363
0.58464
0.60396
0.61905
0.61516
0.59501
0.59461
0.60877
0.86328
0.89025
0.89612
0.90428
0.914
0.92329
0.92578
0.92583
0.92345
0.92125
0.8863
0.84075
0.74152
0.70831
0.74127
0.69072
0.6375
0.49806
0.47599
0.47917
0.48073
0.47714
0.45687
0.47469
0.5401
0.5436
0.54323
0.5513
0.61016
0.68387
0.60157
0.90506
0.9039
0.9057
0.90191
0.89132
0.88929
0.89575
0.88489
0.87654
0.75701
0.8053
0.74244
0.67225
0.67053
0.62829
0.62726
0.64782
0.66321
0.69716
0.73935
0.72635
0.71305
0.71632
0.74045
0.77906
0.744
0.71356
0.67221
0.6554
0.6605
0.67859
0.67702
0.67358
0.67974
0.69427
0.87185
0.86948
0.86728
0.85565
0.84198
0.7899
0.79354
0.86627
0.8277
0.77543
0.78623
0.83021
0.83555
0.82198
0.83452
0.83182
0.79142
0.62186
0.58507
0.63457
0.72404
0.84769
0.86761
0.88918
0.89172
0.90062
0.87372
0.9101
0.93134
0.95296
0.95429
0.94119
0.80611
0.73643
0.68102
0.65214
0.64973
0.74959
0.91463
0.92404
0.89892
0.92537
0.92684
0.93278
0.92094
0.9258
0.91906
0.90053
0.83539
0.75896
0.67461
0.60254
0.84356
0.5894
0.91805
0.87012
0.76326
0.81579
0.64877
0.91279
0.91482
0.75487
0.68313
0.70637
0.75493
0.84578
0.85884
0.75974
0.72682
0.71186
0.71219
0.72299
0.74214
0.76275
0.82353
0.82223
0.8437
0.84494
0.83883
0.83893
0.83851
0.84279
0.85002
0.86942
0.87541
0.88345
0.8805
0.86692
0.85802
0.84994
0.87526
0.88508
0.88588
0.86944
0.88381
0.74379
0.68801
0.83544
0.87944
0.88284
0.88164
0.82838
0.86188
0.8619
0.86994
0.8627
0.84095
0.84148
0.84494
0.83562
0.83957
0.82915
0.82703
0.83739
0.84218
0.83988
0.81909
0.76577
0.6104
0.58497
0.60929
0.59251
0.57035
0.53272
0.51425
0.4729
0.48312
0.5897
0.71348
0.7267
0.75414
0.52791
0.59147
0.5444
0.52628
0.52056
0.52335
0.52849
0.53388
0.52279
0.51439
0.4871
0.48045
0.47471
0.47278
0.45761
0.43245
0.41159
0.38853
0.38313
0.36265
0.64151
0.84115
0.8551
0.86542
0.86972
0.87775
0.89297
0.89766
0.89957
0.89617
0.89382
0.89119
0.87432
0.85172
0.77305
0.6945
0.62224
0.57562
0.57936
0.62466
0.6284
0.63682
0.63639
0.64196
0.63758
0.61389
0.58467
0.50671
0.44664
0.46095
0.4996
0.57885
0.59629
0.54498
0.47644
0.41822
0.41566
0.41376
0.45372
0.50412
0.54004
0.53237
0.51318
0.49567
0.47392
0.43777
0.4417
0.47031
0.50184
0.57227
0.57935
0.65146
0.63748
0.63288
0.74371
0.79796
0.76014
0.75843
0.73829
0.71654
0.71455
0.72991
0.72507
0.72165
0.72654
0.68866
0.71496
0.70925
0.69959
0.68362
0.67463
0.69519
0.7046
0.67422
0.65329
0.65536
0.64274
0.62911
0.63149
0.63733
0.63078
0.63762
0.63126
0.61457
0.62103
0.61057
0.6186
0.6208
0.61541
0.6253
0.64787
0.64497
0.78513
0.78913
0.77956
0.73384
0.77279
0.68366
0.61678
0.51401
0.57427
0.61054
0.58941
0.59219
0.61839
0.70566
0.81322
0.79634
0.87296
0.87416
0.78127
0.86525
0.86746
0.81344
0.81013
0.57878
0.59201
0.7609
0.68165
0.6878
0.6805
0.69227
0.65927
0.81227
0.84302
0.85222
0.85381
0.84927
0.85041
0.84699
0.78546
0.68545
0.65465
0.62657
0.65502
0.66883
0.68107
0.68651
0.69573
0.67976
0.67748
0.68027
0.6794
0.6682
0.67575
0.79391
0.80846
0.84549
0.86641
0.88236
0.89356
0.90318
0.90635
0.906
0.89937
0.89079
0.88061
0.87075
0.87081
0.87101
0.86299
0.8392
0.82567
0.78861
0.7078
0.82595
0.86793
0.88854
0.89835
0.92451
0.9273
0.93961
0.94303
0.92985
0.92014
0.90224
0.87825
0.86902
0.86021
0.8587
0.85498
0.84347
0.8253
0.79712
0.74861
0.66135
0.60247
0.64111
0.62805
0.59123
0.72313
0.77835
0.7836
0.83528
0.82158
0.82421
0.81993
0.81955
0.80194
0.76088
0.74168
0.70667
0.69196
0.63421
0.59871
0.58378
0.6174
0.64116
0.56286
0.53099
0.5166
0.52257
0.51808
0.57261
0.6503
0.6925
0.75878
0.85226
0.70525
0.6818
0.74533
0.69812
0.68183
0.67335
0.6776
0.66006
0.6573
0.63455
0.6318
0.64468
0.90969
0.92358
0.92224
0.76276
0.72766
0.79781
0.60714
0.60963
0.77269
0.75736
0.82198
0.71137
0.68071
0.61056
0.64707
0.62289
0.61053
0.58876
0.55214
0.57145
0.57141
0.51114
0.52781
0.56908
0.54958
0.54102
0.53131
0.5391
0.54426
0.53428
0.5168
0.47515
0.46385
0.45129
0.45227
0.48376
0.5725
0.5832
0.59936
0.61611
0.64716
0.61457
0.61327
0.61538
0.82995
0.84914
0.74739
0.71123
0.82597
0.76783
0.84307
0.82208
0.73711
0.67295
0.62063
0.71084
0.65457
0.65389
0.66251
0.68859
0.72514
0.75401
0.79442
0.76714
0.75332
0.76815
0.75898
0.74514
0.72812
0.7438
0.70751
0.73032
0.73766
0.72584
0.72594
0.69451
0.68326
0.67551
0.80976
0.83681
0.66897
0.65362
0.65105
0.64956
0.6573
0.67326
0.71215
0.69456
0.67352
0.67002
0.78246
0.75411
0.68585
0.61592
0.6041
0.86775
0.91066
0.91894
0.92114
0.91156
0.88052
0.87899
0.87772
0.85992
0.83947
0.83726
0.83754
0.83763
0.83774
0.82062
0.79035
0.70129
0.62353
0.51909
0.44848
0.4111
0.83109
0.85863
0.88226
0.89502
0.89954
0.91063
0.92672
0.9492
0.95053
0.97185
0.98513
0.98467
0.98467
0.96973
0.95732
0.9391
0.9171
0.89608
0.88334
0.88845
0.89007
0.87785
0.86234
0.85756
0.86193
0.8412
0.84633
0.84362
0.84707
0.84123
0.83205
0.82278
0.79713
0.78523
0.74004
0.68843
0.68618
0.72929
0.70788
0.68255
0.65917
0.63944
0.64217
0.62339
0.63842
0.68392
0.67018
0.65841
0.59448
0.58898
0.68603
0.58105
0.65834
0.65563
0.68869
0.62712
0.55615
0.53088
0.53868
0.53776
0.54107
0.52432
0.56541
0.56446
0.56186
0.57806
0.5966
0.6203
0.57933
0.60784
0.71217
0.80785
0.89958
0.9055
0.91973
0.9217
0.88643
0.88164
0.90788
0.926
0.91445
0.9056
0.8795
0.86609
0.85889
0.84712
0.81161
0.81046
0.81971
0.78689
0.71512
0.67
0.64075
0.58986
0.54327
0.54348
0.72177
0.80074
0.81564
0.82323
0.79764
0.84094
0.88095
0.91376
0.9074
0.71652
0.65211
0.88414
0.8966
0.8976
0.89563
0.8979
0.88921
0.89235
0.88869
0.88973
0.88867
0.89436
0.88923
0.85984
0.745
0.89193
0.8836
0.85577
0.81843
0.81561
0.78547
0.70906
0.62433
0.60265
0.59584
0.57298
0.47046
0.46844
0.65934
0.61532
0.62103
0.65348
0.6841
0.83751
0.82176
0.85899
0.87947
0.87722
0.85606
0.84268
0.83525
0.81603
0.77931
0.76715
0.76005
0.73439
0.7362
0.74249
0.75032
0.76619
0.75694
0.69308
0.65207
0.63708
0.6583
0.66549
0.75722
0.77355
0.79001
0.79146
0.82444
0.7818
0.79881
0.82325
0.84354
0.86734
0.86405
0.87648
0.87803
0.8832
0.88317
0.88286
0.8722
0.84926
0.86228
0.85606
0.84816
0.84133
0.83582
0.82865
0.80905
0.76184
0.681
0.71862
0.76737
0.7821
0.73507
0.73633
0.73479
0.75249
0.75917
0.72445
0.7503
0.71292
0.69212
0.69299
0.70391
0.61119
0.60201
0.45806
0.54528
0.67305
0.77414
0.75159
0.75886
0.77058
0.78299
0.81149
0.84111
0.85145
0.85349
0.85037
0.8516
0.84895
0.84992
0.84868
0.80361
0.79448
0.80556
0.79956
0.81001
0.81062
0.81228
0.81014
0.7831
0.7763
0.78928
0.81105
0.8161
0.81845
0.77746
0.74289
0.73367
0.73977
0.74782
0.75281
0.75887
0.75858
0.7633
0.76409
0.7758
0.72336
0.71595
0.68034
0.60414
0.52856
0.47058
0.46752
0.45674
0.44528
0.42968
0.44923
0.48428
0.50339
0.50575
0.50907
0.49847
0.47523
0.43594
0.42715
0.43034
0.5088
0.53864
0.50814
0.50656
0.50589
0.59012
0.62059
0.64003
0.64865
0.607
0.5317
0.4972
0.48682
0.41677
0.40918
0.40517
0.45734
0.491
0.52383
0.54716
0.57351
0.60184
0.60743
0.55583
0.59518
0.55449
0.60418
0.60119
0.58995
0.58163
0.64357
0.69223
0.73881
0.75136
0.75016
0.74549
0.74084
0.73168
0.71908
0.71391
0.71637
0.71434
0.73359
0.73854
0.73087
0.7152
0.69488
0.66971
0.72185
0.74268
