0.65534
0.66646
0.67116
0.66155
0.59228
0.55267
0.53286
0.54702
0.55362
0.55298
0.55486
0.52076
0.56859
0.60313
0.64813
0.6751
0.72394
0.76341
0.7156
0.65517
0.63727
0.69717
0.68907
0.71267
0.42976
0.44825
0.45375
0.45455
0.46962
0.47793
0.47424
0.47182
0.47777
0.48211
0.48642
0.48184
0.4733
0.49209
0.48587
0.47564
0.50912
0.53056
0.52376
0.54968
0.54173
0.55836
0.56861
0.59174
0.62325
0.62576
0.61583
0.60298
0.58268
0.59353
0.61943
0.6333
0.63303
0.62535
0.61616
0.61054
0.59223
0.59098
0.59835
0.59487
0.60076
0.5857
0.59697
0.54584
0.50845
0.50228
0.54359
0.62525
0.57877
0.56195
0.56596
0.59482
0.65338
0.65706
0.66358
0.66687
0.65112
0.64073
0.63917
0.60665
0.63651
0.67719
0.69274
0.69924
0.62467
0.64415
0.61434
0.69107
0.69219
0.62197
0.57262
0.60784
0.57912
0.59172
0.59713
0.58202
0.59874
0.80654
0.80946
0.60004
0.61043
0.79597
0.83094
0.84602
0.82268
0.80718
0.70387
0.60599
0.59905
0.58525
0.82834
0.84053
0.83813
0.844
0.84388
0.85036
0.81236
0.69132
0.78363
0.76752
0.76226
0.75313
0.74659
0.74284
0.74881
0.71648
0.70084
0.69727
0.69121
0.69998
0.71742
0.72737
0.71543
0.69928
0.65846
0.61045
0.68142
0.68701
0.75927
0.75502
0.8168
0.67773
0.81457
0.81909
0.77592
0.74232
0.63165
0.58341
0.55639
0.60256
0.66055
0.67335
0.69756
0.64075
0.65012
0.62028
0.51431
0.74437
0.77535
0.78911
0.79667
0.80972
0.81165
0.80601
0.79451
0.6324
0.54312
0.77917
0.79637
0.73508
0.8642
0.8764
0.87627
0.88258
0.88761
0.88076
0.87767
0.8212
0.82674
0.91116
0.93016
0.70755
0.86076
0.82054
0.82035
0.79489
0.79229
0.79438
0.75719
0.45526
0.40237
0.86325
0.89061
0.91588
0.91175
0.89975
0.88464
0.63237
0.90823
0.92489
0.92261
0.76096
0.74114
0.8548
0.90969
0.93308
0.93612
0.76107
0.68266
0.68304
0.92671
0.91111
0.90999
0.84784
0.81314
0.82172
0.8271
0.81432
0.8114
0.80307
0.80467
0.80376
0.79465
0.76534
0.73003
0.67792
0.72072
0.66314
0.59105
0.47934
0.39878
0.29951
0.31665
0.84322
0.86246
0.87908
0.88595
0.89393
0.89179
0.85184
0.81066
0.79096
0.76684
0.74488
0.74003
0.66593
0.5541
0.47914
0.75741
0.75959
0.77244
0.72592
0.71533
0.617
0.42926
0.38916
0.35073
0.37719
0.28276
0.3366
0.46924
0.72053
0.69023
0.74884
0.72486
0.74129
0.75454
0.7327
0.72279
0.68203
0.65052
0.51137
0.81526
0.84236
0.85707
0.86566
0.84474
0.83029
0.82597
0.82538
0.8308
0.83018
0.83535
0.83603
0.83986
0.83708
0.82002
0.79601
0.78134
0.77125
0.74773
0.72742
0.68264
0.68548
0.673
0.65292
0.64311
0.62257
0.60713
0.60479
0.62404
0.63713
0.63293
0.63468
0.65103
0.66263
0.68171
0.70271
0.70583
0.70389
0.69036
0.67445
0.66122
0.61106
0.60442
0.6058
0.66271
0.68436
0.67413
0.65044
0.63446
0.60236
0.62208
0.7528
0.76546
0.77414
0.78732
0.78844
0.77417
0.75598
0.74359
0.73545
0.71809
0.67887
0.6405
0.61192
0.52275
0.4185
0.30375
0.27263
0.84358
0.8777
0.86784
0.58997
0.59224
0.70879
0.80572
0.86645
0.8784
0.60982
0.83668
0.87687
0.89407
0.89761
0.90092
0.89749
0.82448
0.81157
0.80607
0.79764
0.78448
0.78907
0.78063
0.77043
0.7578
0.75654
0.74433
0.68292
0.66169
0.58968
0.49673
0.50196
0.76603
0.78884
0.81092
0.83189
0.83608
0.82589
0.81785
0.8162
0.79022
0.77312
0.77714
0.81026
0.85087
0.9048
0.94043
0.95915
0.94871
0.94951
0.95765
0.96377
0.73827
0.80622
0.65689
0.66095
0.76333
0.94267
0.9265
0.91807
0.87904
0.8222
0.8975
0.94169
0.95146
0.95516
0.955
0.93415
0.92825
0.93317
0.93164
0.9293
0.93816
0.91137
0.67797
0.65013
0.64382
0.63007
0.62412
0.61954
0.63103
0.63339
0.60882
0.56058
0.54918
0.52838
0.53553
0.50411
0.48922
0.57038
0.63624
0.65325
0.65302
0.64566
0.65499
0.68227
0.69124
0.63925
0.5836
0.62971
0.70513
0.66823
0.63543
0.65372
0.69343
0.70773
0.7113
0.69374
0.65731
0.66482
0.63383
0.60383
0.59719
0.66791
0.73447
0.69186
0.6408
0.52426
0.45394
0.36632
0.36298
0.54134
0.68182
0.6938
0.65475
0.6374
0.67404
0.68552
0.71241
0.64291
0.67183
0.48338
0.47967
0.5251
0.54389
0.59639
0.89435
0.90318
0.88768
0.86398
0.85443
0.85113
0.84901
0.84444
0.83493
0.80006
0.74939
0.68532
0.84109
0.85568
0.88392
0.91066
0.92955
0.9423
0.9487
0.9481
0.9384
0.93898
0.94359
0.93588
0.90996
0.90915
0.91162
0.92216
0.82753
0.94065
0.95313
0.63273
0.62887
0.61833
0.62371
0.61176
0.61512
0.66738
0.69514
0.65796
0.63845
0.58968
0.5714
0.86154
0.68709
0.8314
0.88609
0.92442
0.92643
0.89436
0.88349
0.87268
0.84232
0.78549
0.69071
0.6302
0.88438
0.89848
0.89236
0.86629
0.88787
0.89253
0.88875
0.88637
0.88677
0.89086
0.89922
0.90763
0.91581
0.92413
0.93448
0.84481
0.73454
0.59841
0.55267
0.61
0.61658
0.72097
0.86391
0.76213
0.74933
0.69557
0.64404
0.65599
0.69343
0.7508
0.77028
0.81202
0.81764
0.76863
0.70657
0.66396
0.67118
0.63462
0.64934
0.54758
0.47739
0.42097
0.36203
0.29893
0.34525
0.44039
0.58862
0.50389
0.50022
0.43747
0.51228
0.65813
0.64576
0.54031
0.31001
0.23862
0.24261
0.26135
0.27365
0.33073
0.38094
0.45528
0.50272
0.56778
0.64704
0.66614
0.62393
0.58343
0.56418
0.52916
0.47771
0.47991
0.4935
0.48932
0.48724
0.49758
0.499
0.49203
0.48836
0.48621
0.47737
0.47346
0.46359
0.46376
0.48096
0.48614
0.56962
0.84384
0.86368
0.65581
0.66696
0.67178
0.69345
0.71637
0.75036
0.77628
0.787
0.81862
0.79689
0.79062
0.81454
0.81783
0.79423
0.77837
0.78383
0.80584
0.83043
0.84462
0.86376
0.86648
0.85685
0.85174
0.85516
0.85428
0.85108
0.85944
0.88697
0.88832
0.86489
0.87219
0.89546
0.86942
0.89105
0.88133
0.90746
0.90579
0.90971
0.90658
0.88041
0.8573
0.81137
0.80156
0.90354
0.81656
0.83354
0.83914
0.83212
0.81121
0.8089
0.76993
0.65545
0.52869
0.63727
0.6831
0.71726
0.7368
0.82609
0.7898
0.85722
0.87815
0.88093
0.88317
0.85168
0.82196
0.80481
0.78562
0.67231
0.61337
0.66284
0.74184
0.64309
0.82299
0.82433
0.78597
0.75054
0.71705
0.72718
0.68164
0.6703
0.64779
0.63
0.63655
0.58857
0.56451
0.50639
0.53361
0.6311
0.58804
0.54414
0.59606
0.54373
0.4832
0.45912
0.45518
0.38731
0.4504
0.43363
0.45667
0.43683
0.48654
0.41982
0.40178
0.39162
0.404
0.40275
0.40149
0.42456
0.43043
0.41079
0.39495
0.4129
0.42545
0.40083
0.39202
0.42471
0.48488
0.55807
0.86999
0.8696
0.86725
0.86413
0.87189
0.84017
0.8367
0.83703
0.80609
0.81129
0.79442
0.79695
0.76495
0.7441
0.69604
0.64096
0.58799
0.59227
0.57522
0.49333
0.45604
0.50923
0.58639
0.8451
0.8663
0.89383
0.91326
0.92169
0.92964
0.94069
0.94822
0.94387
0.93615
0.92436
0.91044
0.88648
0.87741
0.83262
0.8704
0.87727
0.86362
0.83607
0.86129
0.84057
0.83871
0.82437
0.8378
0.84895
0.83631
0.73924
0.69236
0.69774
0.68592
0.70647
0.74308
0.71481
0.68711
0.67698
0.69049
0.80119
0.73289
0.75009
0.83347
0.84579
0.85257
0.85393
0.85286
0.85227
0.86062
0.84831
0.84512
0.85793
0.8545
0.86511
0.87222
0.87279
0.87453
0.88221
0.86029
0.85752
0.8438
0.84463
0.85805
0.86275
0.87538
0.88501
0.8805
0.88356
0.90442
0.90376
0.90453
0.9072
0.9126
0.89314
0.90244
0.90162
0.90434
0.90989
0.77267
0.90837
0.65048
0.63687
0.64878
0.63816
0.63782
0.61822
0.61989
0.65072
0.65249
0.64465
0.65865
0.63177
0.61141
0.63045
0.68436
0.75089
0.71468
0.69373
0.69125
0.65901
0.64329
0.61389
0.55612
0.56245
0.60607
0.6094
0.63799
0.66384
0.69371
0.74089
0.74709
0.69989
0.65714
0.66939
0.67251
0.68165
0.68245
0.70218
0.73761
0.71223
0.69682
0.69019
0.68871
0.69159
0.68404
0.6841
0.72778
0.70665
0.70923
0.68905
0.67129
0.68793
0.70602
0.71219
0.69093
0.66595
0.68601
0.71919
0.76959
0.79698
0.86037
0.84532
0.86887
0.89266
0.91419
0.88806
0.86105
0.7852
0.8066
0.74895
0.6339
0.57865
0.48071
0.47616
0.44008
0.44448
0.4719
0.41199
0.35541
0.34904
0.33312
0.32017
0.31779
0.3072
0.29442
0.29044
0.28361
0.30209
0.33084
0.36434
0.40268
0.39859
0.36698
0.38161
0.41726
0.43422
0.47733
0.47525
0.48407
0.49375
0.53137
0.64259
0.6418
0.78551
0.80586
0.84843
0.8603
0.86864
0.86782
0.858
0.84286
0.83215
0.7997
0.75963
0.77006
0.79393
0.80427
0.7866
0.7696
0.74243
0.7714
0.75913
0.75935
0.78021
0.76252
0.73148
0.58119
0.58397
0.66876
0.64613
0.60135
0.57111
0.50589
0.47113
0.44386
0.4209
0.86047
0.93988
0.95039
0.91975
0.91056
0.85241
0.80352
0.88719
0.8878
0.90469
0.86778
0.8721
0.87525
0.85689
0.81644
0.76144
0.72654
0.68821
0.65851
0.66993
0.6785
0.73116
0.84084
0.85465
0.86042
0.84543
0.80478
0.88792
0.89003
0.88893
0.84558
0.75729
0.6837
0.88046
0.88312
0.86536
0.86559
0.85613
0.84021
0.84062
0.80085
0.77951
0.79831
0.82368
0.82238
0.79813
0.81429
0.73861
0.69534
0.72423
0.68089
0.69273
0.64959
0.54919
0.4992
0.60015
0.86475
0.88865
0.89838
0.89777
0.8927
0.89006
0.89402
0.89255
0.90241
0.89382
0.91999
0.9338
0.93099
0.92859
0.92483
0.91759
0.92147
0.92023
0.92958
0.91793
0.91503
0.91629
0.91259
0.91598
0.9223
0.92087
0.92582
0.93737
0.93371
0.92998
0.93813
0.93084
0.88767
0.7772
0.7127
0.77722
0.78421
0.84549
0.87289
0.92432
0.95117
0.95267
0.96636
0.97153
0.97
0.96437
0.97581
0.98307
0.99438
0.98197
0.95763
0.95545
0.94501
0.88679
0.91353
0.84754
0.73135
0.63512
0.66035
0.65954
0.66072
0.67618
0.63557
0.62085
0.63009
0.66898
0.70702
0.73486
0.73199
0.6812
0.65932
0.65479
0.6173
0.65344
0.72407
0.75115
0.77003
0.70597
0.74629
0.73307
0.76713
0.83812
0.77259
0.80966
0.90664
0.92757
0.99872
0.99942
0.91396
0.93583
0.91385
0.93944
0.93661
0.93265
0.90919
0.90894
0.80978
0.76595
0.75331
0.76599
0.71806
0.71908
0.6318
0.58906
0.59484
0.60322
0.63337
0.75528
0.87342
0.93684
0.96608
0.99738
0.99748
0.99468
0.95625
0.88018
0.76754
0.74086
0.7173
0.75439
0.79087
0.82384
0.81567
0.80333
0.8604
0.93221
0.92111
0.94858
0.91604
0.88306
0.7769
0.80422
0.76133
0.8248
0.84709
0.90306
0.89842
0.85263
0.83657
0.88029
0.77984
0.84606
0.80417
0.88028
0.83661
0.91776
0.83655
0.75047
0.93274
0.90701
0.90786
0.91322
0.91534
0.89584
0.7808
0.88648
0.91561
0.90593
0.90116
0.92497
0.91332
0.87057
0.86656
0.7335
0.93402
0.71882
0.72027
0.89258
0.91364
0.83819
0.91715
0.77122
0.71716
0.93053
0.87079
0.81989
0.92767
0.85414
0.78568
0.77168
0.93049
0.91621
0.8597
0.75355
0.73991
0.72175
0.67209
0.67251
0.67099
0.66326
0.66986
0.70934
0.71901
0.71204
0.71514
0.68908
0.69101
0.67948
0.68841
0.7078
0.71866
0.71174
0.66159
0.66663
0.65155
0.62231
0.61521
0.62192
0.62223
0.58466
0.58708
0.66985
0.79966
0.67526
0.66927
0.66239
0.68556
0.73209
0.67235
0.69266
0.81167
0.75383
0.71273
0.68881
0.68793
0.67628
0.66702
0.68802
0.65469
0.80822
0.88521
0.92076
0.88717
0.82123
0.77576
0.76527
0.64502
0.61681
0.92928
0.95547
0.97342
0.99248
0.99808
0.99765
0.99905
0.98922
0.97404
0.79673
0.73044
0.80528
0.73922
0.73249
0.73572
0.75482
0.79247
0.79278
0.97363
0.74403
0.80482
0.74171
0.71045
0.73852
0.72647
0.68097
0.6828
0.66947
0.71551
0.96714
0.79719
0.8295
0.90111
0.77627
0.76387
0.78272
0.79888
0.73508
0.69729
0.67566
0.64996
0.6989
0.75845
0.75181
0.73129
0.74019
0.72814
0.68504
0.66315
0.66436
0.70628
0.72874
0.7386
0.7772
0.83387
0.86769
0.89826
0.85813
0.86922
0.82783
0.81605
0.79873
0.79072
0.80117
0.79239
0.77904
0.75935
0.74845
0.77949
0.81247
0.79861
0.82036
0.82949
0.82112
0.81923
0.83792
0.86344
0.85745
0.85998
0.85185
0.86642
0.95891
0.86699
0.84353
0.88109
0.9023
0.91614
0.94908
0.94865
0.93307
0.88099
0.85922
0.85989
0.84933
0.86231
0.84971
0.84092
0.87131
0.85698
0.8317
0.81089
0.77761
0.73503
0.77331
0.77724
0.96329
0.97897
0.96285
0.92236
0.93986
0.90775
0.95162
0.80419
0.74455
0.75812
0.6725
0.66084
0.99716
0.97893
0.96923
0.96398
0.94384
0.82142
0.73136
0.70706
0.77988
0.75324
0.74592
0.95791
0.96375
0.94639
0.9147
0.89756
0.91859
0.93036
0.9133
0.91168
0.91166
0.86295
0.73722
0.69466
0.64753
0.957
0.97372
0.97267
0.91863
0.92163
0.89227
0.96106
0.84484
0.81119
0.85991
0.94367
0.74889
0.95474
0.75345
0.65591
0.691
0.78533
0.92831
0.87208
0.74991
0.71125
0.70748
0.67314
0.57712
0.65449
0.72013
0.69324
0.69558
0.76145
0.68165
0.58319
0.51413
0.5475
0.57228
0.65085
0.82054
0.63789
0.68701
0.7601
0.95525
0.98702
0.95935
0.96896
0.86882
0.74533
0.70921
0.66587
0.6322
0.67143
0.69704
0.70011
0.72155
0.72306
0.70727
0.70944
0.68405
0.70217
0.69718
0.66445
0.71828
0.70889
0.7516
0.84468
0.90629
0.92072
0.96421
0.92933
0.9018
0.79829
0.97897
0.95934
0.92084
0.90676
0.89752
0.94794
0.97007
0.9474
0.76293
0.7391
0.73778
0.71403
0.6749
0.69427
0.69812
0.7034
0.70972
0.76769
0.82123
0.92245
0.98164
0.97083
0.95136
0.9348
0.87
0.88804
0.872
0.94431
0.9661
0.96162
0.94091
0.92224
0.85026
0.88442
0.94849
0.88178
0.91942
0.88923
0.95654
0.97534
0.90881
0.90048
0.88387
0.84851
0.76918
0.7036
0.71324
0.76353
0.84304
0.84155
0.81388
0.81372
0.97026
0.97943
0.97743
0.97655
0.96565
0.96566
0.98007
0.98302
0.9872
0.99061
0.99956
0.99609
0.99777
0.99844
0.9917
0.99184
0.98415
0.97236
0.9786
0.97299
0.98065
0.98699
0.98795
0.98237
0.98766
0.98658
0.96324
0.9506
0.93623
0.92372
0.90198
0.93933
0.93152
0.92514
0.91824
0.87094
0.83028
0.83439
0.90901
0.89619
0.91735
0.8703
0.94448
0.9674
0.95049
0.90253
0.85345
0.81746
0.80479
0.74947
0.71969
0.71344
0.75253
0.82132
0.80748
0.80801
0.80269
0.78471
0.752
0.73452
0.71057
0.71701
0.71986
0.72392
0.73502
0.73533
0.72372
0.71697
0.70926
0.69185
0.6917
0.67195
0.63022
0.66662
0.61158
0.50649
0.53887
0.574
0.62206
0.61005
0.67472
0.69333
0.69601
0.72844
0.74566
0.76761
0.78534
0.79476
0.81077
0.81369
0.83248
0.83373
0.84115
0.86065
0.86729
0.85167
0.84334
0.8245
0.81441
0.82081
0.82939
0.91479
0.99679
0.99996
1.0001
1.0005
0.99914
0.85582
0.81472
0.81658
0.84681
0.88251
0.88224
0.86527
0.83255
0.81158
0.79385
0.77858
0.76756
0.75829
0.77912
0.78653
0.79252
0.81415
0.82251
0.82405
0.82353
0.84758
0.88996
0.94094
0.97151
0.93482
0.75427
0.77494
0.81254
0.82959
0.89344
0.93411
0.79099
0.90491
0.99188
1.0005
0.94629
0.92846
0.89191
0.87961
0.87065
0.96564
0.98181
0.97645
0.96467
0.96396
0.90511
0.87506
0.83156
0.78997
0.76848
0.71228
0.98458
0.80692
0.80802
0.954
0.84363
0.82686
0.77955
0.787
0.86522
0.8604
0.86086
0.82962
0.87462
0.94846
0.97836
0.9906
0.94554
0.94158
0.94152
0.92523
0.93799
0.91288
0.82308
0.76856
0.77286
0.75045
0.72851
0.74297
0.74316
0.7646
0.78028
0.78492
0.80208
0.78107
0.74464
0.72058
0.69462
0.68474
0.68745
0.6881
0.69085
0.67544
0.63804
0.62821
0.63861
0.63934
0.64186
0.70005
0.69826
0.68422
0.68634
0.68425
0.62525
0.59327
0.59153
0.57738
0.59354
0.61011
0.58439
0.60632
0.62467
0.60469
0.61722
0.69483
0.74031
0.73801
0.73149
0.68983
0.69489
0.69887
0.70213
0.74436
0.79112
0.7659
0.76594
0.81313
0.78472
0.77549
0.76753
0.77418
0.77808
0.76758
0.72686
0.70249
0.70697
0.72008
0.7414
0.77266
0.79201
0.81377
0.79104
0.77454
0.76563
0.77885
0.8161
0.79575
0.74839
0.73027
0.71313
0.68759
0.66325
0.67002
0.69097
0.70094
0.70766
0.70039
0.87526
0.86167
0.78166
0.76757
0.74725
0.74337
0.74418
0.74551
0.79409
0.78055
0.7709
0.78076
0.79699
0.78066
0.76814
0.74434
0.71743
0.70414
0.70611
0.70435
0.70683
0.71718
0.72844
0.72859
0.73148
0.7286
0.72036
0.69943
0.67115
0.67192
0.66931
0.67078
0.69499
0.741
0.74942
0.77667
0.76827
0.76163
0.72043
0.67927
0.88756
0.89155
0.91997
0.82573
0.76793
0.95041
0.97143
0.95404
0.93596
0.92403
0.85672
0.63534
0.61572
0.62721
0.64802
0.96645
0.96253
0.9337
0.92787
0.91487
0.92371
0.92348
0.94541
0.92593
0.92671
0.91452
0.909
0.90638
0.88908
0.8844
0.80648
0.78819
0.77707
0.77201
0.68494
0.65837
0.71395
0.84344
0.86249
0.83015
0.82813
0.79276
0.76706
0.91365
0.92859
0.95511
0.96146
0.95747
0.96344
0.96186
0.96042
0.95911
0.94432
0.91988
0.91277
0.90246
0.84092
0.77108
0.75936
0.72299
0.80302
0.77991
0.91253
0.94564
0.94233
0.94075
0.93875
0.92526
0.92203
0.89949
0.83977
0.78644
0.74249
0.7393
0.78642
0.87788
0.90689
0.93045
0.8922
0.82583
0.85187
0.80055
0.72199
0.70551
0.71007
0.70584
0.65034
0.62139
0.63708
0.62488
0.62709
0.6546
0.66968
0.69281
0.73026
0.72765
0.71215
0.70448
0.66907
0.6736
0.70834
0.85952
0.89294
0.88369
0.88209
0.87443
0.89457
0.90658
0.92282
0.94201
0.95875
0.95187
0.95145
0.93998
0.92754
0.92961
0.92604
0.91883
0.90628
0.86718
0.78704
0.70048
0.70367
0.64993
0.59847
0.59108
0.54545
0.50274
0.48937
0.50346
0.64786
0.74895
0.70166
0.65995
0.6559
0.67964
0.70668
0.63808
0.51523
0.50739
0.49863
0.48389
0.47089
0.47516
0.4718
0.47385
0.46039
0.45433
0.50314
0.66201
0.77898
0.88753
0.90817
0.88607
0.84863
0.83354
0.79361
0.76878
0.72938
0.70611
0.69689
0.63929
0.52488
0.49033
0.49161
0.49552
0.50502
0.50031
0.47836
0.47195
0.47412
0.49721
0.55392
0.56367
0.56591
0.58405
0.59126
0.61002
0.6551
0.71276
0.75241
0.75605
0.72726
0.70182
0.67968
0.65827
0.61912
0.57945
0.52573
0.50291
0.50135
0.48865
0.4928
0.52578
0.50252
0.48023
0.49844
0.51484
0.53452
0.56523
0.58819
0.63791
0.8066
0.83335
0.86026
0.87007
0.86633
0.83878
0.73639
0.65398
0.60874
0.67099
0.80459
0.79356
0.7999
0.7829
0.77647
0.89155
0.91183
0.94425
0.96033
0.94291
0.94458
0.94757
0.96477
0.95841
0.9521
0.92472
0.90021
0.88633
0.89674
0.90142
0.89791
0.86742
0.84317
0.86661
0.64006
0.67519
0.68922
0.78895
0.84125
0.8753
0.87345
0.87532
0.85139
0.87498
0.83788
0.81632
0.83381
0.84531
0.85818
0.86617
0.87724
0.88614
0.88645
0.88418
0.88255
0.87424
0.84502
0.83844
0.78458
0.76273
0.70842
0.66631
0.64485
0.59688
0.59354
0.59935
0.57669
0.56462
0.547
0.53451
0.67234
0.7865
0.7946
0.80113
0.73117
0.71561
0.74088
0.7867
0.80572
0.80299
0.68197
0.63644
0.61146
0.56962
0.54623
0.54313
0.5522
0.56731
0.5676
0.56197
0.55581
0.56091
0.56194
0.54936
0.54499
0.53047
0.536
0.52282
0.49122
0.49722
0.49386
0.51331
0.54442
0.56992
0.58758
0.60617
0.61623
0.63367
0.66734
0.74414
0.73961
0.73817
0.72603
0.71506
0.69441
0.67633
0.6673
0.66877
0.66312
0.65739
0.64961
0.65205
0.6479
0.6349
0.62174
0.62534
0.63503
0.64684
0.65476
0.64141
0.59095
0.57355
0.52915
0.53629
0.51724
0.5006
0.46609
0.40646
0.36091
0.35411
0.85668
0.88858
0.92364
0.93139
0.91092
0.91075
0.92716
0.91059
0.89197
0.88882
0.88618
0.86104
0.8537
0.8604
0.80539
0.76151
0.67241
0.61613
0.55348
0.53756
0.5396
0.54935
0.56903
0.56341
0.5445
0.53826
0.56675
0.53936
0.53292
0.52724
0.50469
0.52694
0.54821
0.54121
0.75504
0.86364
0.88253
0.89157
0.89124
0.8928
0.88945
0.88518
0.88128
0.87905
0.87182
0.83947
0.70081
0.68097
0.5746
0.78537
0.79838
0.79686
0.79139
0.77941
0.7944
0.71269
0.6795
0.63857
0.5707
0.52521
0.49913
0.46349
0.42528
0.38946
0.36613
0.35354
0.34635
0.37721
0.42097
0.45717
0.49567
0.51363
0.50351
0.56818
0.58052
0.57409
0.55508
0.52331
0.45927
0.42031
0.39898
0.38968
0.38997
0.37453
0.3608
0.34191
0.33179
0.33448
0.36879
0.8192
0.83583
0.85199
0.86061
0.87234
0.88441
0.89098
0.89891
0.90827
0.91088
0.90968
0.90355
0.90254
0.90335
0.90432
0.9013
0.88933
0.868
0.835
0.80578
0.74523
0.68263
0.59486
0.55043
0.5776
0.57639
0.60678
0.63852
0.61587
0.59648
0.57408
0.58802
0.60168
0.59558
0.61563
0.65018
0.64919
0.69815
0.66342
0.66537
0.66984
0.67407
0.66847
0.65823
0.63775
0.63492
0.62721
0.61786
0.62903
0.60677
0.58647
0.59076
0.5944
0.59521
0.56437
0.55236
0.54284
0.48186
0.44895
0.51143
0.5381
0.57855
0.6381
0.62762
0.62021
0.60247
0.58276
0.57663
0.56388
0.52431
0.48586
0.50732
0.52196
0.53444
0.55863
0.55237
0.55988
0.53845
0.52213
0.50362
0.48447
0.50213
0.52214
0.59628
0.7077
0.72968
0.72608
0.73668
0.74479
0.73716
0.72206
0.73896
0.77233
0.79066
0.81463
0.8215
0.80235
0.82189
0.83335
0.83348
0.81178
0.8023
0.80434
0.82027
0.82261
0.79202
0.71169
0.79992
0.70145
0.74891
0.78174
0.77008
0.75093
0.76841
0.76415
0.71698
0.68095
0.64252
0.66401
0.7449
0.73435
0.75535
0.75975
0.76649
0.77683
0.78467
0.79971
0.80036
0.79844
0.79354
0.75842
0.69126
0.64914
0.60695
0.57818
0.56575
0.54996
0.53912
0.53866
0.55516
0.57424
0.5896
0.60695
0.59308
0.58745
0.51556
0.56144
0.62081
0.59135
0.61385
0.62677
0.67188
0.702
0.63519
0.61188
0.5756
0.57346
0.55243
0.55303
0.67163
0.73799
0.74623
0.75831
0.72261
0.7444
0.78043
0.78802
0.74724
0.80048
0.74854
0.79549
0.79622
0.80334
0.81115
0.81907
0.81549
0.79392
0.77338
0.75929
0.69649
0.64529
0.62989
0.60278
0.55952
0.50792
0.82223
0.85641
0.87291
0.57837
0.58609
0.58066
0.5806
0.5957
0.59574
0.60577
0.60774
0.58534
0.58929
0.63548
0.65736
0.66984
0.69134
0.68779
0.71508
0.77723
0.79686
0.82779
0.8102
0.80636
0.8207
0.79266
0.78977
0.7946
0.78418
0.78181
0.74509
0.73191
0.6207
0.60439
0.59742
0.61468
0.56695
0.56688
0.61419
0.68495
0.73524
0.72131
0.64733
0.83199
0.56543
0.53743
0.57387
0.60833
0.69772
0.6208
0.59822
0.55938
0.54648
0.54941
0.56183
0.55411
0.57139
0.58678
0.75585
0.75757
0.73835
0.6246
0.6138
0.6172
0.62277
0.57802
0.45057
0.75281
0.84738
0.8877
0.88449
0.87224
0.86267
0.81716
0.80945
0.79836
0.79238
0.77674
0.73595
0.72256
0.72048
0.74246
0.76131
0.753
0.6827
0.66127
0.60508
0.57934
0.5703
0.8306
0.86821
0.89139
0.90209
0.91118
0.64824
0.67492
0.86059
0.84936
0.8555
0.86227
0.80271
0.81375
0.72891
0.78429
0.85109
0.84929
0.80374
0.76041
0.74299
0.69891
0.67381
0.64866
0.60348
0.66534
0.6596
0.68958
0.90321
0.89619
0.90817
0.90415
0.9003
0.89784
0.89666
0.89021
0.8879
0.8914
0.86793
0.86869
0.85867
0.85516
0.84754
0.84244
0.84043
0.83878
0.83749
0.83613
0.82916
0.82845
0.81786
0.80659
0.80541
0.80466
0.81091
0.81415
0.81502
0.81684
0.81534
0.81389
0.81276
0.81002
0.76244
0.71833
0.61685
0.71362
0.74581
0.66631
0.49512
0.74495
0.77595
0.75867
0.85056
0.887
0.93233
0.94764
0.95739
0.96245
0.9673
0.82434
0.81516
0.94683
0.95085
0.95552
0.96395
0.96348
0.96576
0.96416
0.96854
0.97116
0.99253
0.99504
0.99721
0.98557
0.97625
0.98348
0.98213
0.97594
0.96372
0.94551
0.91917
0.90347
0.87292
0.85687
0.8651
0.80856
0.75509
0.70515
0.6548
0.57298
0.47067
0.45719
0.86974
0.87617
0.87512
0.88006
0.88015
0.87459
0.87373
0.86844
0.85597
0.84333
0.81988
0.76754
0.68578
0.64313
0.62012
0.65232
0.69466
0.72793
0.74417
0.73798
0.70961
0.70067
0.70951
0.6782
0.65411
0.67218
0.65711
0.68032
0.69558
0.76754
0.79982
0.81338
0.81782
0.81864
0.81467
0.80192
0.78949
0.77903
0.70713
0.65786
0.64777
0.6548
0.71154
0.71623
0.72008
0.69215
0.64658
0.60418
0.62129
0.5877
0.5436
0.75128
0.83665
0.86475
0.8862
0.88443
0.87676
0.87524
0.86517
0.86694
0.83264
0.62897
0.6133
0.59463
0.54946
0.54149
0.82592
0.85546
0.59895
0.5955
0.58498
0.54307
0.55042
0.51728
0.51944
0.4895
0.49704
0.48391
0.48923
0.49697
0.51157
0.50315
0.49498
0.49729
0.50206
0.51245
0.52167
0.52844
0.5698
0.86715
0.82845
0.69242
0.62365
0.6317
0.6891
0.64094
0.63456
0.82831
0.78886
0.63914
0.58924
0.67922
0.78156
0.79563
0.78104
0.7492
0.75752
0.75723
0.76822
0.76325
0.70446
0.635
0.50322
0.36608
0.7959
0.81113
0.82142
0.87053
0.89442
0.89408
0.88706
0.88725
0.88223
0.87237
0.84952
0.85531
0.85516
0.86238
0.86055
0.8249
0.81708
0.82592
0.82421
0.829
0.82775
0.82656
0.8216
0.80449
0.54617
0.5311
0.50361
0.66292
0.71782
0.69395
0.61321
0.5822
0.59734
0.62177
0.6131
0.55162
0.58442
0.67006
0.68658
0.69371
0.70961
0.69601
0.70124
0.70548
0.6793
0.64635
0.62583
0.59508
0.58944
0.53579
0.56707
0.58716
0.56552
0.54773
0.52459
0.59753
0.65596
0.68885
0.65952
0.65312
0.6547
0.63619
0.55668
0.5292
0.54829
0.55186
0.52154
0.49132
0.50843
0.55042
0.57391
0.567
0.54268
0.53989
0.57563
0.53922
0.52141
0.55527
0.55801
0.55424
0.55181
0.5633
0.85529
0.69722
0.71006
0.62363
0.61863
0.57229
0.67502
0.71065
0.75954
0.67607
0.82073
0.7747
0.56689
0.51739
0.61559
0.67778
0.82611
0.82954
0.81479
0.81947
0.80382
0.8025
0.79419
0.7981
0.80536
0.78909
0.76093
0.73888
0.68648
0.60716
0.60049
0.60858
0.62836
0.67622
0.67456
0.66507
0.65385
0.67602
0.67938
0.65441
0.65165
0.61002
0.55178
0.55882
0.5648
0.56626
0.56687
0.54838
0.53315
0.51507
0.50336
0.53239
0.62456
0.69426
0.68387
0.69381
0.68536
0.67588
0.66791
0.65806
0.64706
0.64229
0.63727
0.63439
0.62542
0.61781
0.62021
0.63692
