0.66487
0.61105
0.58525
0.54474
0.60693
0.6162
0.59924
0.58605
0.57721
0.58657
0.59563
0.61751
0.61838
0.56082
0.45296
0.55018
0.62964
0.61983
0.61126
0.61886
0.60565
0.55551
0.63249
0.55717
0.57049
0.60382
0.59369
0.59821
0.60339
0.60403
0.67138
0.5898
0.59225
0.59824
0.59616
0.54989
0.54105
0.51109
0.50136
0.56995
0.57278
0.55613
0.4791
0.51438
0.51764
0.58344
0.56824
0.5692
0.55587
0.60334
0.60501
0.84712
0.88068
0.82277
0.61929
0.63213
0.55542
0.54756
0.56504
0.59341
0.59036
0.57224
0.59237
0.56645
0.59568
0.65871
0.78755
0.66141
0.65393
0.64194
0.67979
0.78298
0.82154
0.84551
0.84586
0.81075
0.81814
0.80776
0.82803
0.81863
0.81187
0.83037
0.84943
0.84281
0.80339
0.78536
0.76046
0.74622
0.73163
0.67253
0.61272
0.5872
0.73063
0.73452
0.58964
0.57331
0.6054
0.62852
0.62279
0.62201
0.61732
0.68308
0.71546
0.73372
0.74882
0.79107
0.76564
0.70677
0.63948
0.57441
0.74714
0.62281
0.56344
0.55229
0.5538
0.50752
0.49543
0.49579
0.82132
0.79013
0.75864
0.74036
0.49309
0.76896
0.74002
0.65952
0.57183
0.57145
0.72333
0.73067
0.71163
0.51205
0.52322
0.69701
0.69903
0.70076
0.68052
0.66869
0.67455
0.68171
0.69724
0.69719
0.6738
0.69821
0.70641
0.70632
0.70451
0.7081
0.69968
0.69346
0.6652
0.66564
0.57551
0.54369
0.5108
0.52983
0.53751
0.71823
0.77943
0.845
0.92074
0.93216
0.93787
0.92141
0.87743
0.82683
0.81571
0.79866
0.7852
0.77483
0.76673
0.77287
0.75655
0.7353
0.74366
0.73281
0.74111
0.71125
0.71786
0.69156
0.64222
0.60905
0.6019
0.58814
0.57183
0.56423
0.53727
0.65762
0.77807
0.79371
0.80147
0.79029
0.77438
0.75236
0.70179
0.58029
0.52519
0.41523
0.45488
0.82548
0.8599
0.87294
0.89579
0.90319
0.90024
0.90036
0.89151
0.85886
0.82703
0.80651
0.79486
0.76418
0.75139
0.74511
0.73569
0.72692
0.72305
0.72538
0.72003
0.71438
0.67989
0.56118
0.4488
0.39954
0.7371
0.79947
0.85094
0.87975
0.88855
0.89137
0.89104
0.8753
0.86637
0.86
0.86998
0.87109
0.88339
0.8803
0.87706
0.84602
0.76984
0.75653
0.6843
0.84819
0.88754
0.68772
0.59797
0.59756
0.63424
0.85233
0.61797
0.85622
0.61362
0.61022
0.59299
0.60158
0.59867
0.72481
0.58991
0.59665
0.58254
0.56483
0.54124
0.53646
0.4855
0.46409
0.47098
0.59787
0.69224
0.58567
0.53878
0.55248
0.55571
0.57086
0.58154
0.54156
0.49553
0.49444
0.50215
0.59364
0.51779
0.48206
0.44683
0.59081
0.52865
0.48805
0.60211
0.71161
0.70712
0.74366
0.743
0.6364
0.71991
0.76576
0.50235
0.48684
0.46095
0.53013
0.44922
0.45363
0.44384
0.43596
0.43799
0.43608
0.44071
0.43964
0.42568
0.43976
0.46124
0.45522
0.46825
0.4803
0.4574
0.46176
0.47135
0.48332
0.48218
0.47923
0.51728
0.52836
0.55224
0.56383
0.56522
0.5407
0.52307
0.56186
0.57724
0.54849
0.565
0.61547
0.6167
0.61825
0.63034
0.62275
0.58967
0.53261
0.47699
0.54773
0.63977
0.8503
0.86481
0.88227
0.88072
0.88198
0.87826
0.83007
0.64731
0.62802
0.87155
0.88435
0.8776
0.88875
0.88707
0.88003
0.87226
0.79296
0.71552
0.69899
0.84207
0.85112
0.63309
0.62511
0.84986
0.86814
0.87085
0.84596
0.82726
0.81349
0.75113
0.825
0.82381
0.80628
0.69771
0.61018
0.62044
0.62882
0.77602
0.79417
0.81367
0.78643
0.80525
0.81361
0.82427
0.82717
0.80823
0.74174
0.68024
0.5904
0.49318
0.3779
0.85017
0.92597
0.96011
0.96367
0.94954
0.94097
0.93141
0.91327
0.90392
0.91702
0.91606
0.91902
0.89506
0.81515
0.79901
0.79698
0.78622
0.77787
0.77418
0.76378
0.76483
0.7723
0.77622
0.78144
0.77927
0.77979
0.77141
0.77287
0.76531
0.75076
0.71217
0.66118
0.54761
0.52928
0.49909
0.48115
0.42901
0.41395
0.44706
0.48633
0.47548
0.47812
0.76942
0.78291
0.79652
0.80915
0.82205
0.82801
0.82908
0.83029
0.8303
0.82698
0.82417
0.81755
0.80977
0.79415
0.77295
0.76345
0.76038
0.77008
0.77394
0.77042
0.69215
0.74228
0.74185
0.73531
0.72392
0.71164
0.70405
0.68872
0.65982
0.66956
0.6719
0.62704
0.613
0.56779
0.37654
0.30207
0.53342
0.80765
0.84814
0.86507
0.90524
0.90874
0.68761
0.91045
0.87173
0.62669
0.7641
0.71476
0.67231
0.66746
0.67641
0.6596
0.645
0.6578
0.79188
0.92697
0.92117
0.90857
0.89931
0.88775
0.86285
0.84956
0.82661
0.8126
0.79846
0.70785
0.76646
0.76652
0.79104
0.69436
0.7555
0.7269
0.71359
0.70025
0.72521
0.75151
0.46959
0.33583
0.51012
0.85697
0.88061
0.87954
0.74592
0.56299
0.49493
0.84045
0.79628
0.75225
0.86585
0.85589
0.55086
0.84859
0.85464
0.6248
0.59669
0.62452
0.64848
0.64239
0.70666
0.67984
0.54158
0.51499
0.78541
0.79248
0.79579
0.79661
0.77584
0.76426
0.76598
0.76149
0.74728
0.72979
0.73039
0.69649
0.63863
0.55424
0.51272
0.63721
0.65005
0.73736
0.62078
0.59179
0.58828
0.55044
0.80903
0.82772
0.8331
0.82899
0.81787
0.77747
0.74362
0.73055
0.75944
0.76127
0.75124
0.74688
0.74181
0.73245
0.70084
0.64354
0.64403
0.63649
0.57378
0.58952
0.5891
0.5018
0.48876
0.46543
0.46446
0.48728
0.54607
0.53081
0.41791
0.42522
0.45856
0.46494
0.47886
0.50652
0.50687
0.51852
0.60898
0.71636
0.62806
0.52336
0.51621
0.51441
0.54041
0.57363
0.5811
0.57722
0.57722
0.87193
0.8824
0.88145
0.89157
0.89827
0.89047
0.87473
0.86348
0.85372
0.8296
0.82411
0.80922
0.78997
0.79513
0.76934
0.6926
0.5815
0.5181
0.52479
0.67264
0.77175
0.79789
0.83381
0.88151
0.92065
0.84474
0.59675
0.59427
0.57844
0.88199
0.9003
0.8898
0.88951
0.89175
0.89649
0.89437
0.88976
0.88676
0.88201
0.86308
0.8445
0.81559
0.76563
0.71826
0.70418
0.71287
0.70764
0.69557
0.69222
0.66577
0.66365
0.66156
0.61843
0.60144
0.59161
0.5626
0.52364
0.50136
0.48386
0.4533
0.45447
0.46174
0.44568
0.40603
0.44334
0.50797
0.8212
0.83798
0.84553
0.87938
0.91345
0.91049
0.90678
0.92765
0.91065
0.92271
0.91426
0.90976
0.90334
0.88246
0.85512
0.84596
0.85069
0.86374
0.86577
0.87337
0.88425
0.89992
0.91448
0.92394
0.92649
0.9266
0.92919
0.93462
0.93713
0.93258
0.93364
0.94033
0.94694
0.93132
0.71801
0.70768
0.86478
0.87324
0.85755
0.75402
0.90593
0.90844
0.9147
0.9168
0.91819
0.91357
0.91395
0.91871
0.92302
0.9196
0.91578
0.91069
0.90478
0.89934
0.89528
0.86626
0.82219
0.85223
0.81611
0.79246
0.77784
0.76835
0.77566
0.80636
0.82591
0.68519
0.6758
0.6605
0.58847
0.56887
0.52982
0.47256
0.41984
0.3911
0.37505
0.46885
0.57931
0.50273
0.43492
0.41844
0.45347
0.43163
0.39355
0.40624
0.44077
0.45574
0.46778
0.45347
0.43271
0.4049
0.38837
0.36304
0.34563
0.34521
0.35528
0.44321
0.48194
0.70059
0.86109
0.87417
0.88269
0.8733
0.84656
0.8182
0.79561
0.8065
0.74743
0.73219
0.72057
0.69608
0.68279
0.67852
0.65529
0.66221
0.67713
0.76083
0.77579
0.79641
0.78577
0.76078
0.77491
0.84135
0.79531
0.72901
0.63848
0.64021
0.76385
0.73602
0.70794
0.69732
0.68083
0.72405
0.77989
0.63497
0.62565
0.60484
0.60469
0.61153
0.60262
0.64511
0.62141
0.65413
0.61494
0.60765
0.5997
0.66412
0.66602
0.66806
0.64873
0.64178
0.65266
0.6678
0.67532
0.66893
0.64896
0.60146
0.51317
0.51933
0.57845
0.59738
0.60807
0.58383
0.58574
0.5812
0.58819
0.56784
0.57434
0.58919
0.58999
0.58928
0.57677
0.57332
0.57823
0.56983
0.56054
0.55695
0.55376
0.55738
0.58403
0.59504
0.61158
0.62227
0.63872
0.67011
0.71129
0.71991
0.69602
0.72057
0.75882
0.73193
0.70526
0.70203
0.73116
0.72821
0.71363
0.70248
0.68213
0.66086
0.62691
0.66006
0.70815
0.7272
0.71704
0.75004
0.85401
0.86856
0.88928
0.91251
0.93466
0.93191
0.91776
0.92301
0.92332
0.91862
0.89582
0.88999
0.85003
0.74674
0.68659
0.90912
0.90839
0.86984
0.83106
0.79693
0.74693
0.78067
0.752
0.73276
0.76096
0.74111
0.73867
0.72707
0.6963
0.68756
0.63765
0.60158
0.5436
0.49185
0.49162
0.52709
0.5523
0.56568
0.57624
0.59107
0.62283
0.67315
0.70437
0.79294
0.7622
0.71344
0.67165
0.6447
0.60744
0.57592
0.56885
0.57562
0.57619
0.55789
0.50511
0.46823
0.46017
0.49876
0.53715
0.8753
0.94229
0.95711
0.83872
0.94587
0.9437
0.94042
0.93557
0.93108
0.93677
0.93384
0.93191
0.9202
0.916
0.9251
0.9374
0.93225
0.94706
0.94826
0.95189
0.94037
0.93346
0.93376
0.91966
0.91482
0.8938
0.95703
0.95606
0.9518
0.95332
0.96131
0.95281
0.92354
0.91059
0.91718
0.90493
0.91282
0.90774
0.89597
0.90505
0.87561
0.90058
0.91861
0.91812
0.90664
0.91746
0.91745
0.89369
0.84838
0.91603
0.92701
0.824
0.93057
0.92345
0.9241
0.89286
0.87931
0.87263
0.88083
0.85554
0.8303
0.81839
0.87917
0.74593
0.64766
0.60655
0.64971
0.7437
0.81556
0.84471
0.89951
0.93635
0.93022
0.92936
0.91128
0.86751
0.81237
0.78156
0.72776
0.77107
0.69241
0.70842
0.75863
0.80009
0.84264
0.72905
0.64916
0.63638
0.63889
0.91028
0.91643
0.68073
0.64252
0.6862
0.86486
0.8034
0.67628
0.75098
0.66344
0.65476
0.66329
0.71385
0.86925
0.70656
0.64189
0.77712
0.91675
0.80385
0.92073
0.92917
0.92878
0.89478
0.79949
0.92445
0.91453
0.67908
0.64692
0.61591
0.61438
0.79751
0.8465
0.63924
0.67998
0.77354
0.68025
0.67641
0.68699
0.66575
0.69766
0.69264
0.67947
0.70301
0.73229
0.74391
0.78829
0.78367
0.77104
0.71468
0.73776
0.78198
0.82878
0.61813
0.54152
0.50064
0.54295
0.59684
0.63181
0.64799
0.66827
0.70345
0.91188
0.93752
0.94184
0.77284
0.93901
0.93776
0.91622
0.90771
0.89946
0.86107
0.84297
0.88338
0.89915
0.88002
0.83025
0.86377
0.86213
0.78513
0.68265
0.59316
0.51614
0.43192
0.43766
0.92527
0.93956
0.94853
0.84903
0.69582
0.66707
0.96692
0.87418
0.75509
0.7361
0.72896
0.72829
0.70796
0.71388
0.7259
0.68737
0.64917
0.66555
0.67229
0.64436
0.67714
0.70849
0.71165
0.7151
0.70921
0.72969
0.77218
0.74696
0.8978
0.83412
0.7174
0.74488
0.78204
0.70117
0.69077
0.69634
0.72221
0.79477
0.74453
0.73701
0.72065
0.73871
0.67034
0.6176
0.59977
0.59622
0.57389
0.52642
0.52727
0.57057
0.66105
0.75827
0.74026
0.73793
0.71647
0.72723
0.62974
0.60735
0.59973
0.60342
0.60827
0.63795
0.65718
0.65585
0.64412
0.69371
0.83723
0.89789
0.86636
0.82504
0.87878
0.85528
0.86714
0.86969
0.86697
0.79878
0.68146
0.64243
0.60096
0.66214
0.69035
0.70136
0.6935
0.73763
0.73847
0.77922
0.83012
0.85359
0.83044
0.86708
0.88843
0.87191
0.88443
0.89206
0.88496
0.87088
0.85287
0.82931
0.86366
0.79393
0.73348
0.70071
0.71876
0.72304
0.7164
0.70536
0.76278
0.75439
0.66831
0.91601
0.91953
0.91407
0.9168
0.91298
0.91112
0.91068
0.91125
0.93171
0.9333
0.91975
0.92285
0.92408
0.8993
0.85353
0.88618
0.80965
0.93324
0.90612
0.89999
0.91399
0.88033
0.80023
0.86692
0.83404
0.80414
0.88816
0.86507
0.62846
0.60956
0.72501
0.73182
0.7001
0.72067
0.67557
0.6818
0.64015
0.60005
0.73135
0.8595
0.73052
0.75415
0.68805
0.63989
0.76906
0.79834
0.72069
0.68337
0.6541
0.60884
0.58238
0.58999
0.5278
0.57635
0.62871
0.64786
0.64613
0.64148
0.62328
0.62972
0.64838
0.90782
0.91939
0.91427
0.89363
0.90165
0.90697
0.89086
0.91311
0.8716
0.86414
0.84804
0.82324
0.7386
0.73077
0.82537
0.80037
0.77309
0.78418
0.73627
0.83463
0.85047
0.87571
0.89816
0.9361
0.88146
0.68129
0.70748
0.63431
0.69265
0.76036
0.85927
0.84177
0.80144
0.78655
0.64266
0.57633
0.7531
0.89594
0.75833
0.76292
0.79292
0.79034
0.77946
0.77662
0.75095
0.85203
0.90885
0.94078
0.92712
0.90568
0.87986
0.843
0.83506
0.8558
0.85314
0.91819
0.95703
0.85302
0.7019
0.6711
0.68787
0.6891
0.68036
0.63964
0.97452
0.96721
0.90138
0.9905
0.99975
0.99209
0.99171
0.97234
0.95544
0.94785
0.95792
0.98073
0.86151
0.99825
0.99816
0.95831
0.98463
0.98438
0.99883
1.0002
1.0007
0.86404
0.94688
0.78371
0.92521
0.98128
0.9799
0.94832
0.94806
0.93781
0.84048
0.7661
0.7055
0.64688
0.63114
0.6306
0.61776
0.77385
0.82525
0.88322
0.87108
0.90207
0.92567
0.92183
0.84566
0.87865
0.85963
0.82005
0.82209
0.7677
0.73578
0.67951
0.68465
0.67084
0.83817
0.92127
0.89829
0.85861
0.83596
0.80134
0.98576
0.93644
0.95738
0.78189
0.75877
0.7053
0.71282
0.89985
0.91118
0.81672
0.76045
0.88126
0.77727
0.76667
0.76073
0.78468
0.87139
0.96155
0.95981
0.94828
0.90944
0.88858
0.89794
0.89412
0.9313
0.93937
0.92896
0.94775
0.89967
0.81496
0.88243
0.81767
0.79005
0.78189
0.78715
0.74154
0.68738
0.68152
0.69383
0.71996
0.66233
0.64372
0.65235
0.64119
0.68903
0.72753
0.74614
0.74535
0.76093
0.73579
0.71727
0.69684
0.70521
0.82763
0.76597
0.77285
0.76503
0.74259
0.77349
0.78852
0.63957
0.63399
0.64282
0.66364
0.78585
1.0001
1.0002
0.99778
1.0006
0.99808
0.99725
0.99895
0.9997
1.0001
1.0009
0.99956
0.97995
0.98313
0.99042
0.99864
0.99845
0.97826
0.96686
0.95675
0.96804
0.96906
0.96293
0.9433
0.96517
0.97255
0.94615
0.92345
0.85189
0.81426
0.96323
0.93991
0.95795
0.96863
0.95772
0.94867
0.90288
0.80642
0.67798
0.66213
0.76796
0.73656
0.74484
0.7419
0.75776
0.71092
0.66622
0.66021
0.7033
0.77666
0.71851
0.80775
0.94767
0.92614
0.94039
0.81328
0.7244
0.70719
0.68842
0.74372
0.79527
0.85281
0.76651
0.91838
0.96455
0.96439
0.96032
0.95468
0.93774
0.93818
0.94577
0.96053
0.95283
0.95453
0.95083
0.94467
0.90781
0.9108
0.88758
0.78657
0.81985
0.70286
0.62329
0.77569
0.77545
0.80968
0.82837
0.90899
0.93937
0.96224
0.97044
0.96507
0.93926
0.9367
0.926
0.92369
0.87525
0.90255
0.9084
0.86147
0.77815
0.72688
0.72621
0.79492
0.96369
0.84707
0.84724
0.97033
0.86933
0.79123
0.78208
0.79636
0.81133
0.98953
0.98407
0.98222
0.98379
0.98497
0.99146
0.99279
0.99756
0.91101
0.83472
0.95958
0.96351
0.79495
0.78137
0.76442
0.78038
0.83823
0.96308
0.97019
0.96274
0.95834
0.95433
0.9417
0.9522
0.95056
0.93836
0.9466
0.87989
0.80076
0.82246
0.82536
0.79362
0.84033
0.81595
0.81449
0.81514
0.83041
0.8134
0.80405
0.83063
0.74474
0.73055
0.76497
0.74632
0.70619
0.71413
0.71166
0.70368
0.74801
0.70605
0.67587
0.68881
0.72083
0.75654
0.72064
0.79396
0.8007
0.79267
0.74975
0.74041
0.66753
0.67792
0.66885
0.70526
0.8037
0.79522
0.8095
0.841
0.89654
0.89339
0.90724
0.93937
0.947
0.9187
0.95114
0.94501
0.94271
0.93101
0.93388
0.93626
0.95798
0.96079
0.9545
0.94753
0.9295
0.86135
0.9144
0.91162
0.91069
0.90158
0.88653
0.8697
0.86959
0.8607
0.87008
0.84507
0.85561
0.81005
0.78064
0.80337
0.80082
0.72737
0.75008
0.79678
0.80099
0.73982
0.72003
0.78609
0.74071
0.72834
0.82141
0.82218
0.80562
0.73104
0.65731
0.69022
0.93571
0.96368
0.96513
0.95302
0.94175
0.93741
0.9348
0.93482
0.93434
0.91118
0.89991
0.90342
0.91903
0.87321
0.78386
0.78232
0.69668
0.71113
0.68654
0.74643
0.74134
0.74081
0.72581
0.77314
0.71313
0.6435
0.81928
0.88407
0.93286
0.87518
0.73214
0.78109
0.76454
0.83007
0.90528
0.90269
0.92173
0.92405
0.85053
0.74236
0.70728
0.69144
0.67571
0.64291
0.63987
0.62851
0.69323
0.92392
0.96788
0.94372
0.94328
0.94076
0.94427
0.94169
0.9219
0.90978
0.89936
0.90127
0.90327
0.90508
0.88883
0.85705
0.86035
0.85184
0.82401
0.77821
0.79108
0.78435
0.78038
0.7979
0.7569
0.8103
0.91687
0.90939
0.91326
0.88773
0.86595
0.86921
0.88758
0.85891
0.7968
0.74287
0.7005
0.65436
0.64759
0.60187
0.59501
0.58266
0.57651
0.59116
0.57633
0.54643
0.52756
0.50014
0.5026
0.50893
0.53397
0.56603
0.55075
0.53783
0.52135
0.57733
0.66365
0.6969
0.70588
0.7301
0.74733
0.75049
0.7539
0.75229
0.74814
0.73568
0.73884
0.72475
0.68015
0.62325
0.61632
0.63443
0.64028
0.63095
0.63062
0.63252
0.63069
0.62855
0.63054
0.60183
0.57667
0.54911
0.55715
0.5642
0.59316
0.63522
0.734
0.92977
0.93825
0.94614
0.96065
0.97207
0.97207
0.97538
0.97213
0.98132
0.95987
0.92713
0.85997
0.79116
0.7605
0.79982
0.94835
0.95707
0.95619
0.95034
0.91656
0.88066
0.86381
0.84147
0.86751
0.72358
0.74474
0.75109
0.82421
0.79804
0.71646
0.68221
0.60118
0.58295
0.61484
0.65601
0.66784
0.65954
0.62909
0.59724
0.56625
0.55784
0.54107
0.54886
0.60017
0.63705
0.64504
0.64573
0.65769
0.65963
0.62301
0.5986
0.56918
0.62693
0.66534
0.65652
0.6484
0.65373
0.65234
0.63238
0.62484
0.77948
0.90637
0.86851
0.9059
0.91825
0.93523
0.96053
0.97407
0.98323
0.98257
0.99087
0.96962
0.9573
0.90601
0.83326
0.83915
0.86934
0.99413
0.97776
0.97373
0.95617
0.96752
0.97416
0.96816
0.94957
0.95837
0.95968
0.94808
0.93561
0.77953
0.71257
0.92095
0.71833
0.75004
0.75507
0.95156
0.95995
0.97211
0.96456
0.95223
0.93673
0.92244
0.92521
0.91846
0.92094
0.91142
0.91472
0.90928
0.91474
0.91958
0.9141
0.90911
0.90999
0.90635
0.91052
0.91012
0.81732
0.76704
0.71484
0.73131
0.72565
0.7186
0.73551
0.77897
0.84038
0.88683
0.86673
0.86989
0.89044
0.90761
0.9217
0.73726
0.80873
0.86569
0.80749
0.78153
0.75372
0.77822
0.77209
0.73428
0.74303
0.71934
0.72978
0.725
0.71027
0.68647
0.7434
0.66864
0.66313
0.66925
0.65984
0.65993
0.6789
0.82538
0.67355
0.72599
0.73978
0.63098
0.64777
0.72788
0.90715
0.91275
0.9336
0.94099
0.92511
0.92336
0.9155
0.90139
0.90174
0.89865
0.9028
0.89071
0.88055
0.87304
0.79263
0.74319
0.64174
0.55623
0.56423
0.91742
0.94847
0.95044
0.89548
0.8647
0.83929
0.75711
0.76897
0.80135
0.80131
0.87207
0.9176
0.9342
0.95858
0.98411
0.99347
0.9885
0.98811
0.98376
0.97886
0.97171
0.9798
0.97121
0.97448
0.97973
0.99174
0.99639
0.98581
0.98675
0.98514
0.98333
0.99546
0.96986
0.99826
0.99872
0.99946
0.97811
0.95412
0.94578
0.93724
0.93332
0.89156
0.87838
0.87063
0.82981
0.77495
0.81233
0.74872
0.73647
0.70043
0.67652
0.69184
0.73508
0.85666
0.87284
0.87761
0.90101
0.90034
0.88025
0.87532
0.78834
0.74428
0.70808
0.67277
0.64885
0.59216
0.57206
0.56017
0.49621
0.4958
0.55881
0.55845
0.71155
0.68923
0.55563
0.70383
0.72067
0.62522
0.50776
0.49395
0.50349
0.53642
0.54923
0.56794
0.56639
0.54508
0.55244
0.56504
0.67014
0.66182
0.65172
0.65312
0.6344
0.60913
0.60543
0.59224
0.5612
0.5476
0.57245
0.61097
0.61427
0.62114
0.61806
0.60618
0.60571
0.59319
0.56784
0.58259
0.59269
0.57614
0.6132
0.58476
0.58529
0.61087
0.63489
0.67437
0.70741
0.69435
0.70039
0.68217
0.6857
0.67539
0.66549
0.63523
0.59398
0.58431
0.59283
0.72024
0.68886
0.61749
0.57793
0.59204
0.62623
0.62233
0.65046
0.69628
0.69067
0.68664
0.81081
0.78736
0.74664
0.72765
0.79379
0.8123
0.70803
0.7034
0.70809
0.73315
0.75721
0.61198
0.56342
0.57876
0.59505
0.60449
0.55768
0.57496
0.56867
0.60124
0.6147
0.63365
0.62002
0.6003
0.60485
0.61215
0.60614
0.59278
0.58886
0.58535
0.57587
0.58335
0.58343
0.57511
0.58046
0.57303
0.56425
0.55543
0.5662
0.55138
0.55372
0.55084
0.6255
0.62498
0.87642
0.90737
0.9218
0.92268
0.92702
0.9245
0.91651
0.88468
0.84305
0.78878
0.7264
0.69719
0.63159
0.59272
0.61155
0.85273
0.85587
0.85636
0.86119
0.858
0.80848
0.71006
0.70491
0.82064
0.81185
0.85057
0.85734
0.86119
0.83209
0.8153
0.74399
0.63261
0.57145
0.87477
0.92876
0.92545
0.87339
0.87682
0.87734
0.86345
0.85071
0.85042
0.86042
0.84633
0.82427
0.73242
0.68569
0.58184
0.53406
0.54905
0.57533
0.53592
0.43008
0.74908
0.75598
0.74745
0.67464
0.49959
0.78672
0.83169
0.8493
0.85668
0.85967
0.85437
0.8417
0.85426
0.85379
0.85232
0.82017
0.73554
0.66654
0.8281
0.85995
0.82616
0.84054
0.84813
0.84221
0.82165
0.82354
0.78423
0.77718
0.78848
0.78728
0.73743
0.65134
0.61238
0.60989
0.60974
0.578
0.499
0.54165
0.69089
0.78915
0.8401
0.86396
0.87518
0.87533
0.87261
0.75148
0.71775
0.85046
0.8522
0.85608
0.59952
0.57239
0.5671
0.57737
0.50435
0.50097
0.53984
0.67014
0.60943
0.57059
0.56163
0.59862
0.60559
0.57015
0.57457
0.5932
0.6142
0.61711
0.64706
0.68382
0.67709
0.71072
0.69298
0.66149
0.66399
0.68092
0.67767
0.67041
0.65073
0.64862
0.66556
0.68523
0.89058
0.89784
0.91086
0.91341
0.89653
0.89091
0.89329
0.7671
0.75241
0.80906
0.73247
0.68692
0.63062
0.63214
0.6611
0.68404
0.71432
0.72764
0.70271
0.68795
0.65854
0.63584
0.64479
0.64173
0.65058
0.64346
0.65468
0.64995
0.65293
0.66798
0.69933
0.72551
0.7078
0.65389
0.63951
0.57544
0.49758
0.51957
0.54743
0.56526
0.59157
0.62285
0.63428
0.65737
0.65108
0.64194
0.64045
0.65362
0.70953
0.73571
0.70553
0.66061
0.64115
0.65641
0.67008
0.5696
0.56788
0.57259
0.58689
0.56632
0.53661
0.59133
0.64587
0.68561
0.71877
0.70049
0.76614
0.78075
0.796
0.74567
0.71781
0.70515
0.64169
0.55681
0.45796
0.84927
0.86144
0.86576
0.86881
0.8753
0.87822
0.88521
0.88817
0.89124
0.8904
0.88956
0.88546
0.88464
0.88085
0.87745
0.87283
0.87086
0.86855
0.86286
0.84955
0.82751
0.82478
0.7739
0.68267
0.64914
0.62392
0.59512
0.57292
0.55848
0.54863
0.53456
0.51875
0.50878
0.5075
0.51047
0.51073
0.49394
0.48954
0.46135
0.441
0.43798
0.42284
0.39968
0.369
0.33999
0.35902
0.3871
0.41567
0.39623
0.47094
0.49419
0.51843
0.49113
0.40061
0.37699
0.36969
0.3787
0.38698
0.41072
0.43401
0.44595
0.45442
0.45828
0.47834
0.48816
0.50663
0.60009
0.58828
0.57
0.56915
0.59249
0.57849
0.58465
0.58075
0.58659
0.57153
0.54177
0.50785
0.48474
0.47517
0.48482
0.50048
0.52898
0.53412
0.49945
0.46052
0.44561
0.4014
0.4534
0.60148
0.62074
0.72397
0.76468
0.79345
0.80093
0.81374
0.82014
0.82255
0.8226
0.82416
0.82412
0.82474
0.80269
0.77825
0.77337
0.7128
0.68899
0.64609
0.58358
0.55184
0.86042
0.87675
0.89478
0.89463
0.87288
0.80178
0.79008
0.76293
0.74159
0.69475
0.60432
0.47565
0.43411
0.36936
0.36326
0.83525
0.87978
0.90585
0.91806
0.89357
0.89777
0.90608
0.89754
0.89361
0.90484
0.90905
0.91845
0.94566
0.95315
0.95307
0.91461
0.89843
0.87833
0.87564
0.87178
0.85207
0.82023
0.8109
0.79988
0.79716
0.79606
0.78714
0.75543
0.75959
0.79168
0.80871
0.82045
0.82937
0.83344
0.84341
0.84833
0.84873
0.8485
0.83856
0.83613
0.77986
0.81096
0.82837
0.81192
0.80352
0.80692
0.8045
0.77163
0.76406
0.73903
0.69561
0.68155
0.67901
0.64937
0.61995
0.60621
0.59954
0.59088
0.56412
0.47109
0.40741
0.41444
0.42225
0.42507
0.4407
0.49295
0.48224
0.49689
0.52438
0.53294
0.50859
0.56408
0.5911
0.62375
0.63799
0.59669
0.77978
0.77582
0.79352
0.80988
0.80704
0.81025
0.80905
0.80711
0.80572
0.80355
0.80102
0.80368
0.80738
0.80623
0.81157
0.81286
0.81316
0.81087
0.80174
0.80495
0.82655
0.84378
0.85998
0.87377
0.884
0.884
0.88129
0.88072
0.74093
0.78456
0.67256
0.59331
0.73513
0.6196
0.56808
0.56049
0.56267
0.56022
0.55882
0.55004
0.5564
0.55965
0.57884
0.60093
0.58857
0.59157
0.60083
0.59495
0.57792
0.5658
0.56485
0.569
0.52427
0.52229
0.52465
0.53739
0.54696
0.5279
0.60092
0.63836
0.59134
0.61164
0.60998
0.61213
0.61576
0.62464
0.62992
0.64725
0.64086
0.64613
0.68071
0.57312
0.54942
0.49895
0.48404
0.50991
0.48853
0.51237
0.53226
0.62075
0.66508
0.64084
0.64222
0.64227
0.64463
0.7236
0.73024
0.72085
0.73912
0.7395
0.73532
0.73443
0.73313
0.73425
0.7308
0.73846
0.73111
0.7006
0.67741
0.66866
0.66584
0.63615
0.59474
0.51122
0.42863
0.41966
0.48777
0.84316
0.87135
0.88871
0.89055
0.88235
0.87463
0.88455
0.88367
0.88214
0.87218
0.85212
0.82581
0.80814
0.80481
0.79716
0.77621
0.73765
0.69753
0.69707
0.66608
0.57618
0.53742
0.48253
0.4676
0.50929
0.59442
0.65383
0.65813
0.62273
0.59462
0.60701
0.62056
0.62273
0.64425
0.62332
0.61445
0.59753
0.59265
0.59746
0.59105
0.59572
0.59397
0.59982
0.58677
0.56827
0.57111
0.54273
0.52092
0.49431
0.46216
0.41942
0.38809
0.36634
0.33646
0.34084
0.36857
0.84128
0.855
0.90464
0.90592
0.90207
0.90801
0.92338
0.9318
0.92896
0.93036
0.92743
0.92332
0.91772
0.91075
0.89534
0.88282
0.86778
0.85872
0.8555
0.84945
0.83908
0.81128
0.75674
0.62288
0.5218
0.50818
0.52759
0.52486
0.57728
0.56055
0.54766
0.5163
0.50969
0.49183
0.48524
0.47311
0.46305
0.45283
0.44876
0.43996
0.42975
0.42902
0.41561
0.40305
0.40209
0.41456
0.42182
0.42431
0.43517
0.45543
0.47382
0.48808
0.48248
0.47807
0.41869
0.38701
0.38798
0.38973
0.36354
0.74124
0.80478
0.85555
0.86991
0.8785
0.88468
0.8879
0.89312
0.89158
0.88698
0.874
0.8443
0.84196
0.85192
0.8885
0.90099
0.9064
0.90038
0.86362
0.80456
0.87904
0.89798
0.91261
0.71618
0.62495
0.61758
0.90155
0.8292
0.60119
0.60985
0.56594
0.56289
0.56375
0.57413
0.58627
0.61056
0.89933
0.87714
0.7236
0.63945
0.82458
0.8524
0.85106
0.82501
0.80191
0.70779
0.6772
0.63927
0.6368
0.6027
0.65904
0.74745
0.77467
0.78718
0.80149
0.79966
0.79344
0.75176
0.68701
0.60574
0.5426
0.56063
0.5
0.53896
0.80662
0.85307
0.61644
0.60947
0.87363
0.88488
0.87072
0.77998
0.8383
0.88581
0.61052
0.5642
0.55876
0.55137
0.54844
0.534
0.57162
0.76072
0.5071
0.5577
0.67509
0.64882
0.58947
0.74889
0.74165
0.73815
0.74474
0.57445
0.57659
0.53656
0.73665
0.76425
0.82457
0.57721
0.58469
0.58778
0.60874
0.59924
0.60468
0.58632
0.58424
0.58447
0.61708
0.61032
0.602
