0.63801
0.60753
0.66054
0.56289
0.50329
0.53994
0.54478
0.55074
0.54724
0.54801
0.5449
0.55102
0.56753
0.58384
0.60273
0.61295
0.61166
0.62176
0.62847
0.63711
0.68116
0.68359
0.70537
0.73295
0.7476
0.76406
0.78354
0.78031
0.7689
0.7516
0.728
0.69834
0.58653
0.57544
0.55734
0.51618
0.46439
0.43855
0.44236
0.43937
0.42263
0.41903
0.40153
0.39931
0.52374
0.76496
0.80148
0.81527
0.81902
0.81088
0.80769
0.80024
0.80126
0.82383
0.8443
0.85288
0.85753
0.87063
0.88352
0.895
0.8456
0.8139
0.76432
0.74881
0.71619
0.70387
0.70487
0.73363
0.7033
0.67588
0.70086
0.74131
0.75139
0.76293
0.76259
0.76805
0.77659
0.78594
0.79804
0.81434
0.82798
0.83744
0.84432
0.84578
0.84804
0.8434
0.58196
0.61695
0.65021
0.82194
0.8325
0.83768
0.83095
0.80348
0.77
0.71305
0.69666
0.75829
0.71046
0.75314
0.76922
0.74942
0.76736
0.7558
0.73763
0.74359
0.76698
0.7796
0.77812
0.77453
0.75313
0.74396
0.63715
0.55418
0.80937
0.81763
0.82229
0.83501
0.84424
0.85005
0.8648
0.88489
0.75412
0.56979
0.84911
0.89399
0.84128
0.73401
0.65213
0.64351
0.64347
0.64433
0.91237
0.9175
0.91207
0.88193
0.64395
0.516
0.38392
0.35814
0.44107
0.57422
0.6325
0.91604
0.91206
0.88542
0.86426
0.67869
0.84477
0.65848
0.67033
0.55728
0.54744
0.54514
0.63064
0.57954
0.59933
0.55218
0.70795
0.54632
0.75222
0.55425
0.60114
0.83939
0.8455
0.84188
0.83406
0.82425
0.82215
0.81446
0.80321
0.63936
0.61563
0.61914
0.61057
0.60315
0.58657
0.58787
0.55928
0.52357
0.489
0.48866
0.50121
0.59138
0.70045
0.73231
0.70151
0.6543
0.63237
0.61488
0.60559
0.6096
0.59371
0.65141
0.81455
0.8447
0.85595
0.86972
0.87504
0.88392
0.89204
0.89408
0.8962
0.90411
0.9024
0.89733
0.86845
0.81961
0.79054
0.75414
0.77435
0.77953
0.77318
0.76745
0.74695
0.73193
0.73351
0.65986
0.5804
0.60866
0.458
0.64015
0.80211
0.8395
0.84406
0.77994
0.76767
0.7637
0.75235
0.74497
0.72226
0.67214
0.60725
0.56727
0.59349
0.64229
0.60787
0.54396
0.5954
0.59764
0.55559
0.53092
0.53939
0.65085
0.66149
0.65993
0.67299
0.67379
0.70082
0.65124
0.64097
0.69982
0.72732
0.76841
0.74744
0.76213
0.76486
0.77056
0.77093
0.76902
0.76636
0.76745
0.76848
0.76513
0.75266
0.74017
0.72702
0.71116
0.67362
0.65533
0.63872
0.62925
0.62116
0.6221
0.62455
0.63736
0.64104
0.6556
0.67196
0.67578
0.66959
0.70582
0.62603
0.64648
0.70812
0.70667
0.70351
0.63941
0.60576
0.60183
0.65897
0.55146
0.49283
0.41055
0.41162
0.38937
0.46499
0.57481
0.59416
0.52231
0.46444
0.40764
0.38598
0.59118
0.71221
0.71296
0.70213
0.69471
0.68831
0.67403
0.63221
0.63353
0.6262
0.6106
0.60746
0.60604
0.60204
0.60696
0.60835
0.58838
0.56186
0.51261
0.43651
0.37517
0.37064
0.38658
0.42548
0.48057
0.79226
0.80641
0.81891
0.81952
0.81625
0.81418
0.78989
0.70652
0.61617
0.62495
0.58689
0.78142
0.78866
0.73575
0.79931
0.81237
0.82725
0.79749
0.79255
0.80981
0.65616
0.52884
0.52353
0.55237
0.56077
0.54401
0.53415
0.4695
0.47171
0.47819
0.44958
0.44781
0.45369
0.45104
0.44406
0.43638
0.44057
0.42685
0.44164
0.72156
0.55275
0.64249
0.81294
0.5377
0.44336
0.42841
0.65138
0.70316
0.69253
0.68467
0.69831
0.70631
0.67706
0.63134
0.55605
0.50903
0.44489
0.38304
0.41358
0.76584
0.79239
0.82948
0.8321
0.82611
0.58262
0.75891
0.71947
0.71949
0.69194
0.6227
0.52894
0.54525
0.7003
0.66885
0.63799
0.61699
0.6128
0.62696
0.62117
0.6027
0.58554
0.55252
0.53638
0.56435
0.56955
0.60243
0.63474
0.63166
0.58626
0.65921
0.65451
0.6584
0.63689
0.63212
0.66375
0.58094
0.66255
0.48396
0.47848
0.70346
0.44767
0.4704
0.4382
0.41895
0.41771
0.4732
0.44246
0.5123
0.53081
0.48143
0.44462
0.46613
0.48121
0.48411
0.4879
0.44645
0.45801
0.43871
0.44765
0.44509
0.43659
0.44386
0.46635
0.46327
0.46729
0.46889
0.45442
0.46487
0.47347
0.49384
0.48097
0.54918
0.51574
0.62225
0.57756
0.54747
0.79056
0.82157
0.59267
0.56436
0.47566
0.47409
0.45256
0.45816
0.42519
0.3836
0.36869
0.60298
0.50156
0.4862
0.49421
0.47091
0.50989
0.52769
0.53224
0.54972
0.5842
0.57166
0.56549
0.5374
0.54905
0.55283
0.55126
0.48737
0.38307
0.39785
0.44003
0.52318
0.51443
0.49238
0.48535
0.50724
0.51157
0.50551
0.50656
0.52274
0.53911
0.53632
0.59688
0.53262
0.52101
0.4965
0.49941
0.53796
0.81149
0.53375
0.57451
0.58847
0.54178
0.52293
0.5323
0.53953
0.52742
0.5249
0.58005
0.57583
0.56756
0.58114
0.58934
0.59715
0.60217
0.59424
0.60896
0.58792
0.55004
0.56408
0.58292
0.58497
0.54118
0.6566
0.54688
0.57121
0.58468
0.65922
0.69669
0.56824
0.61257
0.75078
0.74672
0.7568
0.7626
0.75431
0.75959
0.74632
0.73645
0.71606
0.70432
0.67658
0.59653
0.58383
0.74892
0.77972
0.8001
0.80328
0.78237
0.7763
0.76609
0.73908
0.73807
0.7207
0.70364
0.66444
0.62401
0.54074
0.52753
0.48536
0.39952
0.38954
0.40635
0.40624
0.46344
0.49769
0.42119
0.44536
0.38778
0.37265
0.3629
0.5959
0.63173
0.55942
0.51883
0.50686
0.43504
0.32103
0.30394
0.38797
0.43514
0.4509
0.66557
0.75954
0.78894
0.78508
0.6102
0.58694
0.64351
0.74161
0.74011
0.76303
0.75873
0.81697
0.80564
0.78233
0.82219
0.83355
0.84605
0.85308
0.84681
0.84186
0.8352
0.82792
0.80044
0.79141
0.8037
0.79577
0.75947
0.73011
0.72198
0.73603
0.73954
0.76303
0.74627
0.67227
0.65972
0.67468
0.78971
0.82817
0.71785
0.72201
0.65634
0.64694
0.65275
0.71919
0.64104
0.63226
0.63611
0.62841
0.59704
0.54165
0.55414
0.5955
0.72857
0.81266
0.81429
0.82077
0.82352
0.81366
0.79894
0.76429
0.73054
0.68375
0.73083
0.5702
0.7981
0.85733
0.88734
0.89901
0.911
0.91626
0.90869
0.90047
0.87775
0.86682
0.86447
0.86805
0.86348
0.86083
0.86085
0.85663
0.85381
0.85734
0.86218
0.83227
0.86275
0.86703
0.86198
0.86185
0.86517
0.8437
0.84633
0.81589
0.79159
0.76689
0.74091
0.76073
0.80556
0.80166
0.73071
0.6697
0.6052
0.51733
0.49826
0.48579
0.49191
0.46073
0.45279
0.45988
0.45183
0.49584
0.61313
0.68185
0.68878
0.66624
0.61735
0.54732
0.51513
0.59724
0.65104
0.6431
0.6115
0.62456
0.61384
0.67615
0.69209
0.75345
0.72459
0.73662
0.73994
0.75601
0.73874
0.70662
0.72137
0.72758
0.73969
0.6971
0.65554
0.62767
0.62539
0.63673
0.64372
0.61689
0.56546
0.44792
0.44461
0.49944
0.60629
0.77471
0.8032
0.80698
0.80692
0.80963
0.81411
0.80087
0.80115
0.79722
0.78825
0.77449
0.76117
0.7515
0.7487
0.75026
0.72616
0.68667
0.67806
0.69261
0.69131
0.68045
0.67572
0.67746
0.70057
0.74304
0.65487
0.64505
0.64404
0.61
0.61627
0.65853
0.7222
0.71675
0.71141
0.70553
0.68831
0.6876
0.65983
0.64935
0.6285
0.73713
0.68227
0.6978
0.72747
0.54383
0.55558
0.62892
0.7669
0.767
0.74931
0.73836
0.78599
0.81845
0.82318
0.76364
0.65798
0.76409
0.61608
0.60257
0.80789
0.74948
0.64272
0.60637
0.58151
0.59224
0.54275
0.82387
0.83814
0.82578
0.79393
0.56317
0.86972
0.86362
0.88069
0.56381
0.53075
0.53253
0.55906
0.63278
0.87994
0.85007
0.87185
0.70977
0.64265
0.62676
0.63917
0.6467
0.68175
0.71099
0.72835
0.71884
0.69043
0.65748
0.60936
0.56006
0.53152
0.54103
0.45241
0.38094
0.3583
0.3805
0.48864
0.56741
0.59416
0.6212
0.62274
0.6373
0.68927
0.71054
0.71423
0.68054
0.57066
0.56589
0.52628
0.48992
0.52659
0.65456
0.68686
0.82162
0.82741
0.80166
0.80048
0.80739
0.79589
0.74536
0.67927
0.62361
0.5935
0.6065
0.60054
0.57427
0.57001
0.56948
0.5478
0.55012
0.52486
0.48351
0.45919
0.47839
0.5971
0.57126
0.53466
0.51117
0.47932
0.4758
0.47645
0.46187
0.46239
0.4644
0.4669
0.54254
0.59103
0.56802
0.55328
0.56581
0.54974
0.53914
0.54683
0.55377
0.54294
0.52224
0.55419
0.51016
0.51519
0.52041
0.53692
0.56405
0.56225
0.58092
0.59323
0.59011
0.55776
0.56305
0.57503
0.58475
0.5823
0.58906
0.597
0.57712
0.55711
0.54183
0.5575
0.58455
0.59206
0.59149
0.56378
0.55345
0.55855
0.56737
0.57286
0.58246
0.58392
0.57629
0.5986
0.61627
0.62617
0.62989
0.65359
0.66786
0.6588
0.66178
0.73577
0.72935
0.73713
0.63638
0.68313
0.5875
0.57643
0.73687
0.62031
0.63844
0.74573
0.7754
0.71621
0.70248
0.63076
0.75033
0.67129
0.6739
0.86016
0.87546
0.86986
0.86238
0.84807
0.82535
0.83074
0.82541
0.79433
0.7931
0.72713
0.76206
0.88583
0.76965
0.7372
0.71463
0.76596
0.7227
0.66688
0.61355
0.58575
0.54777
0.55987
0.58213
0.50944
0.60461
0.66624
0.67088
0.72455
0.77704
0.78792
0.74556
0.76464
0.78472
0.79748
0.79407
0.80578
0.80028
0.80712
0.80977
0.79729
0.79018
0.75763
0.78187
0.77129
0.74006
0.73322
0.6384
0.6884
0.66204
0.71684
0.71216
0.75236
0.82366
0.78644
0.77961
0.79395
0.79086
0.77353
0.73123
0.7518
0.74732
0.79071
0.76719
0.78329
0.83033
0.83808
0.84971
0.8655
0.86418
0.86071
0.8555
0.86162
0.86927
0.86666
0.87485
0.87816
0.87794
0.87247
0.85895
0.85168
0.87154
0.82186
0.78928
0.83765
0.85266
0.82814
0.82692
0.80224
0.82644
0.82544
0.75903
0.73685
0.77944
0.74613
0.75967
0.76518
0.79225
0.784
0.76417
0.80621
0.80328
0.78136
0.77974
0.79737
0.8175
0.80905
0.75483
0.7972
0.79918
0.69055
0.63264
0.63565
0.68782
0.73703
0.86165
0.88195
0.89116
0.89689
0.89042
0.87479
0.82291
0.79774
0.71302
0.88411
0.86661
0.85797
0.84754
0.85231
0.84544
0.82793
0.75219
0.84776
0.8308
0.82031
0.81733
0.72061
0.69183
0.67816
0.64438
0.58631
0.57262
0.54664
0.5627
0.5174
0.5681
0.7426
0.88949
0.72271
0.66458
0.65798
0.63816
0.6263
0.86979
0.87469
0.91092
0.87131
0.89725
0.90659
0.84256
0.76933
0.72719
0.67356
0.65748
0.80357
0.83445
0.83891
0.86338
0.86928
0.84243
0.82104
0.80812
0.83447
0.8502
0.79705
0.79155
0.70523
0.70919
0.72498
0.67687
0.69305
0.66814
0.72329
0.83789
0.86308
0.83335
0.80849
0.83593
0.82824
0.79871
0.74494
0.63054
0.49537
0.8737
0.63006
0.50369
0.78039
0.74577
0.71111
0.87286
0.90809
0.93604
0.93936
0.93446
0.95154
0.94585
0.9427
0.79911
0.9228
0.79176
0.89088
0.83913
0.87113
0.87438
0.85299
0.84523
0.83817
0.81252
0.80671
0.83329
0.81221
0.74091
0.77037
0.77072
0.68164
0.63456
0.61289
0.57362
0.59342
0.60548
0.61659
0.60616
0.64044
0.88691
0.85303
0.86496
0.72017
0.68464
0.64744
0.86837
0.89559
0.89418
0.85566
0.88858
0.79719
0.80161
0.80978
0.73492
0.73722
0.73995
0.7217
0.73514
0.68399
0.63802
0.61658
0.68641
0.77067
0.76586
0.74619
0.7662
0.76911
0.74184
0.71329
0.70526
0.74468
0.86276
0.82349
0.89104
0.88842
0.91988
0.91725
0.91598
0.90913
0.88579
0.816
0.71619
0.61907
0.86338
0.75104
0.72936
0.88208
0.83788
0.6844
0.6526
0.93535
0.94733
0.93866
0.93699
0.93057
0.92753
0.9161
0.8586
0.89845
0.90553
0.89063
0.90056
0.89088
0.69635
0.7122
0.68029
0.88599
0.90491
0.89986
0.89297
0.88981
0.87892
0.85864
0.86444
0.87905
0.90107
0.88623
0.85562
0.78932
0.76755
0.76172
0.75313
0.75319
0.67218
0.64383
0.65647
0.65993
0.66269
0.72427
0.63217
0.71266
0.70859
0.68599
0.69855
0.79203
0.86112
0.86104
0.8922
0.87052
0.89221
0.88335
0.87843
0.89143
0.89039
0.90176
0.89133
0.91537
0.91957
0.89977
0.8799
0.8709
0.89633
0.87162
0.6969
0.60043
0.85687
0.86208
0.90725
0.92864
0.92988
0.85732
0.91476
0.91313
0.93967
0.94242
0.91622
0.86194
0.92511
0.88974
0.86388
0.87417
0.81882
0.78948
0.73861
0.69269
0.72174
0.92526
0.96241
0.97109
0.95326
0.9477
0.92043
0.91288
0.90437
0.87072
0.8866
0.8514
0.84281
0.70867
0.63128
0.66758
0.61778
0.67022
0.95684
0.91177
0.91378
0.88169
0.87284
0.85553
0.84001
0.84696
0.85162
0.87942
0.88058
0.85621
0.79892
0.77709
0.78107
0.79617
0.62742
0.65139
0.62431
0.59281
0.82847
0.88153
0.85089
0.75504
0.67924
0.67999
0.64654
0.59667
0.54447
0.49957
0.70301
0.94039
0.93973
0.90233
0.92195
0.92532
0.92051
0.91964
0.86657
0.67404
0.56786
0.57511
0.65139
0.63005
0.63576
0.69134
0.6864
0.75537
0.67463
0.66237
0.72153
0.65688
0.68235
0.6013
0.60915
0.62223
0.58939
0.57589
0.5619
0.51906
0.54084
0.58836
0.60603
0.61976
0.62675
0.6318
0.62547
0.61447
0.61004
0.62564
0.63453
0.6376
0.66051
0.67029
0.67078
0.66637
0.6524
0.68016
0.70197
0.73813
0.75994
0.66136
0.73563
0.68908
0.67915
0.6433
0.64789
0.6295
0.66164
0.67514
0.7079
0.66697
0.64713
0.65054
0.68758
0.73531
0.74078
0.82366
0.87957
0.86331
0.88529
0.89231
0.93835
0.97998
0.99774
0.99911
0.99779
0.99976
0.98812
0.88498
0.86236
0.86162
0.87362
0.88283
0.87133
0.88411
0.8748
0.93176
0.84387
0.92492
0.9092
0.96205
0.94919
0.93152
0.79975
0.95686
0.83542
0.91655
0.96247
0.88549
0.88527
0.86269
0.90209
0.97688
0.96947
0.86853
0.77588
0.74805
0.78515
0.81783
0.86968
0.78024
0.74143
0.64814
0.64291
0.63664
0.65952
0.689
0.68026
0.75408
0.81417
0.8679
0.83322
0.87953
0.90728
0.96035
0.94736
0.95666
0.89797
0.90521
0.91419
0.88301
0.76421
0.86217
0.95185
0.96287
0.95814
0.93321
0.93133
0.93403
0.94399
0.94926
0.94765
0.94273
0.93065
0.9269
0.92799
0.93002
0.94851
0.93664
0.93474
0.92236
0.87692
0.75808
0.71922
0.81736
0.79789
0.83283
0.86423
0.82195
0.93657
0.96214
0.99606
0.99285
0.99249
1.0001
1.0007
0.99848
0.98967
0.94615
0.92804
0.90758
0.9108
0.89695
0.89747
0.84311
0.80273
0.77776
0.85238
0.85232
0.83979
0.79713
0.77983
0.77808
0.77318
0.7419
0.80395
0.82992
0.82886
0.77661
0.75221
0.74651
0.74211
0.72127
0.81889
0.76825
0.74035
0.69648
0.68475
0.67028
0.63323
0.61271
0.62424
0.63416
0.6393
0.6423
0.66629
0.66409
0.64915
0.6759
0.71889
0.7608
0.7743
0.77081
0.78692
0.79274
0.79523
0.84925
0.83896
0.80436
0.77265
0.75572
0.78715
0.83399
0.98197
0.9995
0.99777
0.98531
0.98137
0.96311
0.94629
0.9317
0.955
0.95096
0.87736
0.82827
0.79691
0.80641
0.7968
0.79419
0.95953
0.99988
0.99742
0.99796
0.99427
0.73073
0.66074
0.59791
0.59018
0.57205
0.60803
0.64577
0.62074
0.60524
0.61118
0.61312
0.62492
0.62841
0.6533
0.68003
0.72298
0.74717
0.72884
0.68239
0.64959
0.68094
0.74291
0.72688
0.69767
0.69813
0.71157
0.72225
0.71185
0.70195
0.67882
0.6693
0.69554
0.68696
0.70466
0.69333
0.67901
0.66798
0.67115
0.67021
0.68055
0.698
0.68682
0.66313
0.68886
0.7195
0.80205
0.86185
0.81133
0.75774
0.7203
0.71367
0.76707
0.80142
0.81343
0.79469
0.76433
0.74273
0.71572
0.86433
0.90879
0.78429
0.75517
0.76344
0.78396
0.7058
0.66974
0.651
0.64996
0.65666
0.65516
0.64467
0.6542
0.76085
0.82617
0.865
0.73981
0.70652
0.69411
0.72175
0.71479
0.66277
0.6606
0.67743
0.6771
0.69957
0.70775
0.67934
0.61423
0.60029
0.62142
0.66647
0.67136
0.71365
0.69585
0.71104
0.80116
0.90219
0.93951
0.94245
0.96146
0.95489
0.95925
0.957
0.94103
0.93682
0.88088
0.9134
0.93615
0.90778
0.90587
0.9351
0.94027
0.93378
0.93314
0.94647
0.92648
0.88553
0.89875
0.89538
0.92673
0.91044
0.90514
0.91258
0.87893
0.86378
0.95097
0.94504
0.94934
0.94874
0.95011
0.95248
0.96217
0.96387
0.96998
0.98185
0.99543
0.98066
0.80221
0.84723
0.98028
0.97056
0.95062
0.77252
0.79405
0.87126
0.90744
0.88024
0.81147
0.78104
0.77632
0.75788
0.74462
0.70312
0.69674
0.68282
0.67136
0.66507
0.67381
0.69699
0.71585
0.73989
0.7309
0.74796
0.76553
0.7739
0.78593
0.81356
0.8279
0.78634
0.77634
0.78285
0.78942
0.80332
0.81925
0.82138
0.79866
0.81773
0.84156
0.85908
0.73599
0.69082
0.69979
0.74291
0.76021
0.769
0.77498
0.76683
0.75582
0.7497
0.75365
0.75881
0.73725
0.69394
0.72174
0.73077
0.68867
0.66119
0.67988
0.66709
0.66172
0.68936
0.66236
0.86742
0.86366
0.8147
0.81612
0.78685
0.77859
0.83115
0.75283
0.66282
0.65606
0.66251
0.66107
0.66143
0.67602
0.69369
0.73152
0.77388
0.81326
0.83919
0.84769
0.85057
0.86363
0.82232
0.84168
0.81888
0.82981
0.8844
0.85149
0.78921
0.73108
0.71213
0.67659
0.64849
0.6224
0.62945
0.62254
0.61006
0.64248
0.66775
0.69559
0.69846
0.70697
0.71822
0.71317
0.71046
0.69026
0.66842
0.66673
0.67005
0.6673
0.67107
0.66352
0.64738
0.62805
0.62829
0.64059
0.80034
0.91949
0.92125
0.87103
0.6931
0.65971
0.62264
0.59609
0.57168
0.5482
0.5392
0.5529
0.58684
0.63454
0.62151
0.66109
0.67055
0.70733
0.68788
0.66833
0.64185
0.6443
0.64171
0.63359
0.64589
0.65832
0.67254
0.6807
0.69184
0.67114
0.64694
0.62824
0.633
0.62268
0.63006
0.65161
0.70089
0.85132
0.86788
0.88127
0.87298
0.89714
0.91433
0.91274
0.91467
0.91937
0.87974
0.81574
0.70724
0.86229
0.88337
0.90574
0.82594
0.72002
0.6911
0.63154
0.60857
0.55209
0.58704
0.64231
0.69725
0.6173
0.67097
0.77712
0.80259
0.81369
0.84255
0.71806
0.66849
0.66007
0.69945
0.86982
0.88206
0.89222
0.90543
0.89322
0.89973
0.8938
0.89591
0.90628
0.90872
0.90839
0.89033
0.8883
0.89791
0.88565
0.89274
0.88952
0.90422
0.90447
0.88891
0.87058
0.86029
0.82354
0.76197
0.72865
0.68689
0.67917
0.59983
0.57766
0.56286
0.5314
0.53244
0.52249
0.52352
0.51104
0.49518
0.47949
0.48197
0.56223
0.86169
0.88617
0.90304
0.91028
0.92426
0.91706
0.89697
0.84353
0.74944
0.65845
0.51007
0.57509
0.88774
0.90593
0.91225
0.91087
0.89674
0.87684
0.849
0.76354
0.74753
0.74607
0.6024
0.58212
0.62456
0.64634
0.64578
0.66077
0.66114
0.59287
0.56843
0.54935
0.54508
0.55549
0.57666
0.58911
0.59295
0.59248
0.576
0.54996
0.52559
0.5114
0.49587
0.49288
0.5329
0.5526
0.568
0.59243
0.60614
0.632
0.71424
0.86086
0.71081
0.90197
0.90407
0.90002
0.89658
0.89283
0.89753
0.90282
0.90041
0.9118
0.9004
0.88995
0.87742
0.84748
0.77425
0.71991
0.67156
0.70313
0.74365
0.72795
0.76726
0.76329
0.74058
0.72005
0.69676
0.69547
0.70088
0.67648
0.67996
0.68621
0.65633
0.63604
0.62353
0.62882
0.6243
0.63214
0.63359
0.65404
0.65224
0.64482
0.63768
0.61604
0.60745
0.62286
0.62684
0.64009
0.71992
0.7667
0.67423
0.60913
0.63371
0.62758
0.62321
0.60693
0.59518
0.60272
0.59321
0.63069
0.65715
0.63311
0.60568
0.59747
0.59893
0.64309
0.60494
0.91195
0.92918
0.92476
0.92948
0.93343
0.92226
0.92297
0.92517
0.89237
0.89462
0.80055
0.7909
0.80268
0.79571
0.7802
0.7407
0.89008
0.89261
0.89831
0.89178
0.88034
0.87419
0.80325
0.70526
0.60305
0.54517
0.5313
0.6272
0.92636
0.93005
0.93514
0.94541
0.95166
0.93915
0.92618
0.93028
0.92122
0.916
0.87617
0.87161
0.86497
0.86287
0.84899
0.86045
0.84549
0.85683
0.86574
0.84816
0.82641
0.82677
0.79741
0.76046
0.75129
0.72507
0.64021
0.56314
0.56247
0.55191
0.56003
0.60052
0.63034
0.65735
0.6558
0.65342
0.63046
0.52162
0.44054
0.62177
0.57013
0.5747
0.57366
0.56795
0.55893
0.57064
0.59173
0.6029
0.62903
0.68074
0.80393
0.71418
0.72559
0.70342
0.73299
0.68005
0.65438
0.64872
0.69029
0.70589
0.70628
0.68491
0.65119
0.64
0.63076
0.65027
0.6693
0.69707
0.70927
0.71964
0.72885
0.84373
0.86309
0.75429
0.67947
0.65906
0.88789
0.92475
0.91913
0.75625
0.74942
0.90818
0.91717
0.91719
0.91128
0.8413
0.72082
0.6541
0.72016
0.88002
0.88531
0.91822
0.93962
0.94984
0.92475
0.93555
0.9542
0.95308
0.94891
0.94871
0.94371
0.94218
0.9504
0.9195
0.91482
0.91303
0.90084
0.909
0.89912
0.89493
0.77436
0.65852
0.55559
0.45477
0.42622
0.52284
0.56676
0.63397
0.8148
0.91283
0.91468
0.90815
0.88701
0.89118
0.83914
0.87561
0.90416
0.91638
0.9323
0.93888
0.93907
0.93062
0.91772
0.90358
0.8959
0.87738
0.85432
0.8674
0.87241
0.85909
0.85912
0.85104
0.83466
0.78974
0.73136
0.64768
0.62618
0.61025
0.57587
0.53422
0.71944
0.80715
0.84641
0.85976
0.87456
0.87759
0.86925
0.86065
0.90617
0.94035
0.9568
0.9714
0.97315
0.97616
0.98002
0.9857
0.98675
0.98424
0.98344
0.98149
0.97972
0.96313
0.83349
0.76845
0.73355
0.70902
0.70364
0.68819
0.68403
0.67292
0.6759
0.66784
0.64102
0.61388
0.59897
0.5918
0.57854
0.55705
0.55759
0.56129
0.5549
0.55413
0.56514
0.55043
0.51407
0.49675
0.50929
0.52167
0.51515
0.51044
0.54468
0.52783
0.56382
0.89444
0.92574
0.91579
0.90459
0.89723
0.87462
0.86849
0.86909
0.87743
0.85958
0.82355
0.7173
0.64899
0.57037
0.57765
0.55489
0.86899
0.89509
0.89322
0.86249
0.87111
0.87575
0.87313
0.87134
0.86932
0.86396
0.85112
0.82975
0.67982
0.58887
0.60089
0.60763
0.59368
0.5756
0.68306
0.65301
0.63346
0.61186
0.62446
0.6402
0.63705
0.66216
0.68507
0.63227
0.57527
0.54851
0.59643
0.6031
0.64863
0.77637
0.78231
0.80384
0.8091
0.80624
0.8315
0.83576
0.84356
0.84895
0.85519
0.85791
0.86131
0.86665
0.87022
0.87021
0.87282
0.87115
0.86919
0.87498
0.87906
0.88236
0.88781
0.89377
0.89613
0.89855
0.90254
0.9009
0.89909
0.89751
0.89088
0.88617
0.8808
0.86551
0.85563
0.85644
0.84145
0.85631
0.80799
0.85922
0.87788
0.88256
0.87303
0.84302
0.81076
0.77387
0.67761
0.64853
0.60633
0.58936
0.55385
0.53935
0.50761
0.49287
0.50279
0.46106
0.49487
0.5179
0.51718
0.51663
0.49051
0.48022
0.46605
0.49244
0.51811
0.58565
0.59069
0.59585
0.58958
0.5917
0.5878
0.58204
0.57684
0.5777
0.58006
0.59029
0.5906
0.59024
0.58123
0.56939
0.58546
0.58029
0.73552
0.80575
0.8301
0.83605
0.83293
0.81268
0.81067
0.81688
0.68204
0.59557
0.53688
0.60045
0.84784
0.80854
0.8714
0.88707
0.89026
0.76362
0.63761
0.68827
0.61271
0.61668
0.61496
0.61672
0.6225
0.63735
0.60522
0.56716
0.62032
0.68756
0.77285
0.85285
0.88136
0.89748
0.88942
0.87838
0.85422
0.83858
0.8275
0.82591
0.82749
0.82358
0.81224
0.79826
0.79621
0.7839
0.78137
0.77882
0.79635
0.79868
0.76786
0.77637
0.796
0.79934
0.78052
0.78136
0.77883
0.76413
0.74209
0.7107
0.665
0.59817
0.61977
0.67689
0.69777
0.6998
0.67486
0.64019
0.61397
0.61543
0.59633
0.58693
0.54947
0.53822
0.4141
0.41313
0.41141
0.46902
0.53595
0.36105
0.30764
0.30656
0.43459
0.71323
0.7492
0.73673
0.77737
0.77794
0.65656
0.50873
0.61319
0.73114
0.7694
0.77028
0.76511
0.72759
0.71382
0.67718
0.6572
0.64375
0.60637
0.60888
0.61675
0.61647
0.62549
0.63377
0.63127
0.58985
0.58528
0.57826
0.53225
0.50315
0.48656
0.49776
0.4907
0.48578
0.49338
0.50513
0.50452
0.51155
0.51161
0.51503
0.51341
0.49975
0.4981
0.49938
0.50436
0.50432
0.50549
0.50332
0.50865
0.50769
0.50791
0.50147
0.49758
0.49789
0.49425
0.51366
0.51786
0.52656
0.53735
0.55853
0.52776
0.50095
0.52258
0.54682
0.5362
0.51773
0.51809
0.50324
0.51471
0.52819
0.53571
0.54225
0.55571
0.57971
0.57124
0.54734
0.54297
0.54956
0.53562
0.52521
0.53133
0.5288
0.50972
0.51507
0.50505
0.51298
0.53432
0.54848
0.57285
0.58282
0.60103
0.74741
0.733
0.78769
0.75819
0.54834
0.5183
0.49781
0.49768
0.50472
0.4966
0.48465
0.47998
0.47439
0.48716
0.48249
0.47758
0.47181
0.45664
0.44458
0.44637
0.45484
0.46911
0.47616
0.46549
0.45062
0.45054
0.45218
0.47712
0.47759
0.48904
0.50357
0.50435
0.50194
0.49953
0.4973
0.50365
0.51574
0.52264
0.52262
0.55068
0.57467
0.58235
0.58936
0.61088
0.62053
0.60587
0.60083
0.57659
0.57164
0.55408
0.56738
0.58966
0.67232
0.74881
0.76562
0.77604
0.77914
0.77875
0.74473
0.70196
0.66216
0.62743
0.61187
0.58195
0.57811
0.56769
0.55732
0.55778
0.56846
0.57733
0.568
0.55225
0.53392
0.5252
0.50313
0.49808
0.49347
0.48945
0.51082
0.54278
0.55721
0.56521
0.56642
0.56038
0.54057
0.53932
0.53523
0.52159
0.52161
0.51338
0.47402
0.55807
0.77652
0.73241
0.82054
0.56332
0.70821
0.74436
0.8283
0.71031
0.84089
0.84314
0.84127
0.83991
0.83897
0.83539
0.82891
0.81697
0.79794
0.78128
0.7735
0.77087
0.76868
0.76452
0.75816
0.76025
0.76348
0.7742
0.7833
0.78732
0.79014
0.79482
0.78981
0.77545
0.76157
0.74751
0.73395
0.68952
0.6902
0.64929
0.6503
0.6557
0.64624
0.62927
0.61029
0.52475
0.4187
0.39037
0.39651
0.4086
0.4261
0.44115
0.44171
0.45003
0.44206
0.44042
0.43749
0.44134
0.47526
0.49826
0.53
0.54948
0.55971
0.55028
0.55246
0.55635
0.55505
0.55895
0.55662
0.54768
0.52674
0.49756
0.46103
0.43934
0.43203
0.43329
0.43
0.42278
0.42103
0.41692
0.39735
0.39795
0.43949
0.48092
0.58155
0.68424
0.72725
0.75252
0.77792
0.81541
0.83258
0.83857
0.82878
0.82237
0.80788
0.7639
0.66198
0.6221
0.76386
0.8098
0.81092
0.79063
0.77421
0.79007
0.80113
0.7871
0.77678
0.77009
0.76645
0.73924
0.7413
0.7166
0.73564
0.7544
0.77201
0.61868
0.57749
0.80494
0.81316
0.83211
0.63172
0.84072
0.83527
0.81843
0.81384
0.79521
0.78444
0.77138
0.75212
0.73068
0.68886
0.67956
0.62444
0.5417
0.48511
0.47235
0.44125
0.39325
0.38522
0.45309
0.56767
0.55094
0.47335
0.41724
0.35876
0.57883
0.5296
0.52923
0.52695
0.52563
0.71066
0.77234
0.80102
0.79702
0.85708
0.82418
0.80985
0.79587
0.79069
0.72716
0.65553
0.68655
0.61698
0.59857
0.56365
0.73592
0.54522
0.56772
0.6132
0.80462
0.78208
0.7768
0.72462
0.68593
0.6689
0.64996
0.70159
0.6569
0.69545
0.5936
0.717
0.56841
0.76238
0.57528
0.52023
0.59971
0.55001
0.47403
0.74216
0.39865
0.40547
0.41658
0.43303
0.44154
0.43345
