0.57239
0.58682
0.57518
0.67086
0.80768
0.81754
0.74813
0.73749
0.7518
0.51232
0.4352
0.46198
0.44714
0.41524
0.4029
0.41711
0.43912
0.45281
0.48847
0.47389
0.50667
0.57805
0.57363
0.59568
0.56607
0.50944
0.50457
0.49207
0.48238
0.4887
0.55311
0.62262
0.63201
0.62392
0.59978
0.45335
0.47902
0.47472
0.50362
0.75644
0.71407
0.82347
0.83109
0.83379
0.83151
0.82758
0.82854
0.82468
0.80745
0.75996
0.70734
0.64201
0.62053
0.62606
0.52956
0.40794
0.44413
0.65746
0.79552
0.76653
0.68821
0.7079
0.55715
0.54198
0.53954
0.50966
0.47798
0.48385
0.46707
0.44941
0.58685
0.5554
0.6003
0.58227
0.59093
0.57234
0.58426
0.52074
0.51868
0.6658
0.54903
0.53811
0.60257
0.67253
0.5647
0.52939
0.47766
0.51969
0.57153
0.57031
0.56751
0.55019
0.56367
0.57227
0.60785
0.65754
0.62106
0.64545
0.67428
0.60087
0.56512
0.54863
0.55897
0.54542
0.6323
0.53838
0.52546
0.50953
0.50858
0.56445
0.54813
0.55746
0.56654
0.57202
0.58537
0.62242
0.7648
0.63503
0.78568
0.64905
0.80063
0.81428
0.83516
0.8409
0.82872
0.80916
0.80924
0.76255
0.80269
0.75084
0.72795
0.59072
0.56185
0.7778
0.77889
0.76828
0.76884
0.78514
0.77797
0.74216
0.70938
0.6774
0.70747
0.72871
0.79071
0.83051
0.84572
0.86392
0.79729
0.74327
0.6671
0.54378
0.52612
0.52274
0.55552
0.55855
0.55435
0.54994
0.72648
0.74066
0.71019
0.72583
0.72079
0.67219
0.78275
0.79656
0.84999
0.85917
0.6244
0.56271
0.54221
0.54126
0.52019
0.49802
0.50577
0.49286
0.48273
0.50634
0.52122
0.53296
0.55285
0.54946
0.57847
0.56401
0.55505
0.58707
0.55896
0.53173
0.52671
0.53782
0.52311
0.49019
0.48761
0.46201
0.46415
0.47979
0.48752
0.49128
0.49701
0.48899
0.47577
0.48104
0.48037
0.49909
0.49584
0.5047
0.50694
0.51443
0.51272
0.52204
0.52463
0.54269
0.60484
0.59571
0.60076
0.58758
0.59646
0.61087
0.61856
0.63309
0.72872
0.7076
0.62338
0.59921
0.57611
0.56542
0.55453
0.55168
0.52655
0.49087
0.45949
0.45976
0.45042
0.45185
0.4543
0.44837
0.45555
0.46713
0.46645
0.47561
0.46553
0.4587
0.46413
0.4546
0.4941
0.58066
0.83322
0.83979
0.59196
0.49123
0.48288
0.47387
0.47651
0.48504
0.49547
0.49617
0.50409
0.51311
0.51506
0.523
0.5205
0.52847
0.53157
0.53408
0.53531
0.54055
0.5383
0.54931
0.56403
0.56512
0.56341
0.55966
0.56056
0.56352
0.56682
0.55683
0.53699
0.51473
0.53767
0.57962
0.56283
0.56063
0.55306
0.54403
0.52719
0.52391
0.5175
0.52226
0.53186
0.51408
0.48887
0.48171
0.4797
0.48491
0.48802
0.49166
0.49987
0.49401
0.48744
0.48707
0.49135
0.49168
0.50041
0.51159
0.51692
0.5268
0.55141
0.57229
0.59365
0.61159
0.63054
0.6307
0.61733
0.57309
0.55339
0.55469
0.57099
0.57932
0.56122
0.51438
0.51155
0.55369
0.54771
0.61429
0.64511
0.54416
0.53359
0.54704
0.56929
0.61638
0.61568
0.63401
0.64196
0.64628
0.64566
0.63492
0.63318
0.64516
0.66181
0.6719
0.65515
0.64994
0.6651
0.67598
0.66793
0.6409
0.61333
0.57978
0.54379
0.53305
0.55238
0.58691
0.64866
0.6247
0.68369
0.69684
0.75195
0.76873
0.69253
0.60636
0.56806
0.55027
0.44058
0.43705
0.43979
0.45031
0.48129
0.628
0.60765
0.56618
0.55648
0.57405
0.6074
0.83234
0.82709
0.80654
0.70861
0.81037
0.82283
0.83242
0.55787
0.61516
0.64709
0.66622
0.71293
0.59179
0.6619
0.70903
0.6972
0.57226
0.68574
0.69787
0.54483
0.43923
0.39241
0.41604
0.45128
0.45276
0.50237
0.85142
0.83812
0.83389
0.80722
0.60665
0.8177
0.80801
0.80418
0.80417
0.80805
0.81097
0.80682
0.80467
0.81524
0.81298
0.806
0.80008
0.8091
0.8102
0.81454
0.81102
0.81016
0.80628
0.80523
0.80658
0.80842
0.80861
0.81
0.80245
0.79427
0.77564
0.74634
0.69837
0.68269
0.66051
0.65175
0.6916
0.7081
0.65682
0.6008
0.54645
0.53509
0.51963
0.48828
0.46216
0.43647
0.42417
0.47681
0.54615
0.50682
0.50793
0.55234
0.55913
0.55205
0.53309
0.50953
0.43539
0.47787
0.47311
0.45932
0.47297
0.48769
0.5009
0.51593
0.52296
0.53428
0.56277
0.55615
0.56866
0.58821
0.59435
0.60917
0.62989
0.6519
0.65182
0.55321
0.52757
0.59907
0.61356
0.53859
0.56068
0.56127
0.55554
0.56811
0.59002
0.59434
0.60277
0.63027
0.63673
0.63966
0.62905
0.56466
0.51754
0.58941
0.50886
0.56077
0.55946
0.48904
0.46811
0.4708
0.471
0.47618
0.4689
0.46442
0.48512
0.48739
0.47145
0.45704
0.47254
0.47734
0.47696
0.48153
0.49051
0.48792
0.50157
0.51224
0.61195
0.59517
0.57359
0.53202
0.52548
0.51567
0.52673
0.56939
0.6387
0.62628
0.60664
0.59218
0.56115
0.51955
0.49038
0.53464
0.60336
0.63373
0.58788
0.58063
0.59105
0.66949
0.68907
0.68915
0.63261
0.77326
0.58038
0.74037
0.80596
0.53903
0.54439
0.57792
0.54436
0.61191
0.52613
0.65181
0.82557
0.7897
0.79102
0.80041
0.7867
0.79008
0.67873
0.61475
0.59593
0.60893
0.62432
0.71404
0.74008
0.75644
0.76409
0.75217
0.74653
0.73347
0.67355
0.65925
0.62885
0.58528
0.53989
0.47738
0.41939
0.36536
0.39997
0.63688
0.7189
0.80097
0.83282
0.80443
0.77709
0.82302
0.84075
0.84121
0.8122
0.77335
0.76799
0.77029
0.75597
0.74827
0.73541
0.72645
0.72189
0.73085
0.73567
0.69916
0.66596
0.64451
0.59643
0.51856
0.45961
0.44561
0.42086
0.39906
0.38651
0.36489
0.33849
0.34469
0.37494
0.47833
0.51654
0.49495
0.47425
0.51812
0.51626
0.53234
0.5407
0.52571
0.53624
0.49869
0.52637
0.56448
0.52209
0.53128
0.5079
0.51113
0.52202
0.71726
0.70986
0.70361
0.6714
0.65472
0.65453
0.67991
0.70267
0.69888
0.67156
0.66462
0.65904
0.65808
0.67268
0.70361
0.716
0.71055
0.69657
0.61657
0.61327
0.70059
0.70934
0.76932
0.80056
0.82658
0.83836
0.82971
0.83152
0.83934
0.80609
0.81935
0.81307
0.80677
0.81341
0.80462
0.78445
0.7668
0.74332
0.69409
0.72653
0.8065
0.59714
0.84332
0.83597
0.83699
0.83921
0.59166
0.8352
0.7828
0.76068
0.76569
0.76083
0.76007
0.76127
0.73849
0.6941
0.62893
0.56879
0.5549
0.5603
0.48588
0.82995
0.87632
0.71302
0.86484
0.87325
0.88294
0.65416
0.62238
0.68359
0.87689
0.89393
0.87979
0.88641
0.89186
0.887
0.8907
0.88606
0.8985
0.90531
0.90992
0.90608
0.91719
0.91012
0.88099
0.74369
0.69693
0.66415
0.64856
0.87063
0.91076
0.90527
0.90147
0.90678
0.9051
0.91949
0.90829
0.89575
0.90389
0.89172
0.87922
0.87066
0.87665
0.84426
0.83575
0.82578
0.81113
0.75313
0.70491
0.71011
0.7197
0.6895
0.66855
0.71993
0.76602
0.74966
0.64208
0.52737
0.44255
0.4966
0.5267
0.56214
0.78258
0.79635
0.79277
0.77571
0.78353
0.77008
0.73591
0.76021
0.72351
0.73063
0.70634
0.70081
0.79002
0.81018
0.81052
0.81684
0.81645
0.82245
0.82559
0.8393
0.81644
0.85703
0.81288
0.83233
0.84048
0.85215
0.86374
0.87228
0.88535
0.78919
0.80967
0.80364
0.78832
0.75145
0.71351
0.76747
0.73319
0.64813
0.52322
0.41426
0.39572
0.41336
0.42513
0.42014
0.38331
0.55611
0.63465
0.87741
0.87195
0.86813
0.8603
0.84837
0.79368
0.75784
0.79959
0.79077
0.81022
0.82748
0.83093
0.83652
0.84619
0.85144
0.86323
0.86573
0.88158
0.88239
0.86075
0.8457
0.80975
0.79139
0.83561
0.68425
0.55579
0.82267
0.81209
0.76407
0.69466
0.69914
0.69105
0.68652
0.71581
0.71227
0.71522
0.73463
0.78657
0.74256
0.76444
0.77523
0.76659
0.74922
0.63416
0.69264
0.7162
0.65868
0.61731
0.48673
0.78761
0.85862
0.88349
0.8952
0.87805
0.858
0.82746
0.78272
0.77212
0.76085
0.77563
0.75088
0.74304
0.73104
0.77239
0.77205
0.76375
0.74173
0.69793
0.6273
0.64023
0.66408
0.61696
0.52201
0.56125
0.61837
0.62539
0.59856
0.55799
0.57923
0.55602
0.5397
0.52837
0.54106
0.5309
0.55179
0.59438
0.56868
0.60799
0.86503
0.87593
0.82453
0.71801
0.62994
0.61535
0.63178
0.85814
0.91779
0.91495
0.92028
0.91909
0.93161
0.93986
0.94511
0.94043
0.93699
0.93639
0.93121
0.92727
0.93122
0.92728
0.90662
0.88441
0.86689
0.85272
0.84329
0.84057
0.8536
0.83337
0.81621
0.80021
0.83893
0.80792
0.82953
0.62759
0.45396
0.42312
0.47762
0.55708
0.61631
0.65397
0.64123
0.58175
0.65796
0.91438
0.92795
0.93332
0.92629
0.92804
0.91881
0.91117
0.90794
0.86007
0.85799
0.8519
0.86456
0.85779
0.84267
0.81648
0.82048
0.83063
0.79681
0.90139
0.88958
0.8976
0.89608
0.75083
0.65985
0.65689
0.66628
0.6841
0.67219
0.67245
0.66807
0.6601
0.6532
0.66613
0.67665
0.69214
0.68885
0.68977
0.69792
0.70254
0.71267
0.71672
0.75929
0.93887
0.87237
0.75507
0.91988
0.8131
0.80736
0.79602
0.93629
0.94814
0.94226
0.92949
0.90427
0.90838
0.92185
0.84842
0.51373
0.63812
0.59779
0.5752
0.84459
0.77794
0.80477
0.76727
0.64573
0.60776
0.56631
0.5577
0.56536
0.53671
0.45123
0.44313
0.47847
0.5165
0.55662
0.67095
0.71855
0.69131
0.7051
0.66301
0.64966
0.63941
0.65677
0.7674
0.85413
0.87452
0.72125
0.69421
0.70312
0.67955
0.66434
0.63029
0.69275
0.72059
0.72622
0.70904
0.65748
0.66822
0.64453
0.64167
0.66786
0.68455
0.69192
0.71044
0.72299
0.71811
0.68153
0.65855
0.66058
0.67787
0.69099
0.67991
0.69407
0.60724
0.56824
0.57715
0.63105
0.6535
0.70935
0.80794
0.75339
0.76977
0.74033
0.72937
0.79412
0.78854
0.78906
0.80411
0.78264
0.72965
0.67909
0.71027
0.757
0.75485
0.75595
0.67951
0.89018
0.89578
0.90348
0.90074
0.90305
0.90224
0.90681
0.89429
0.90179
0.90997
0.91282
0.90951
0.89849
0.89651
0.90829
0.86832
0.83974
0.72168
0.87579
0.8335
0.85129
0.87865
0.88736
0.77227
0.8886
0.88857
0.89752
0.90395
0.90854
0.91417
0.91144
0.88915
0.78999
0.92467
0.9299
0.94499
0.93965
0.93875
0.9342
0.91773
0.91072
0.92
0.91866
0.91882
0.91603
0.91938
0.89512
0.88333
0.72962
0.69485
0.7514
0.9303
0.92316
0.94013
0.93491
0.90951
0.90005
0.89339
0.88465
0.88954
0.86967
0.84462
0.75435
0.66645
0.62072
0.57931
0.55151
0.52157
0.50682
0.54807
0.68515
0.8707
0.8582
0.80498
0.86484
0.87347
0.8779
0.88485
0.86869
0.8364
0.80795
0.83588
0.89065
0.76244
0.57555
0.57731
0.56401
0.5892
0.60398
0.56391
0.51414
0.49474
0.64458
0.66296
0.676
0.77989
0.86095
0.89277
0.86613
0.82401
0.71398
0.72341
0.84203
0.87563
0.85531
0.81151
0.76032
0.82125
0.85841
0.89259
0.89982
0.76095
0.73679
0.80433
0.76775
0.71449
0.6867
0.65326
0.62795
0.62143
0.60318
0.59704
0.58656
0.56554
0.55186
0.52937
0.51635
0.53873
0.56791
0.60532
0.64731
0.63759
0.6377
0.62747
0.6438
0.64716
0.67657
0.65986
0.63473
0.62775
0.60946
0.60468
0.60468
0.5921
0.6189
0.599
0.59066
0.63082
0.70651
0.73095
0.69168
0.69801
0.71975
0.74189
0.74036
0.76458
0.76783
0.70472
0.65033
0.62134
0.63038
0.6485
0.70398
0.71198
0.73675
0.75437
0.89516
0.90779
0.92902
0.92813
0.90197
0.81246
0.76319
0.62104
0.63755
0.67133
0.7
0.88245
0.98993
0.97855
0.9763
0.98712
0.98088
0.96135
0.93521
0.93558
0.95904
0.9502
0.96036
0.92058
0.91522
0.89589
0.89835
0.88775
0.91315
0.91248
0.90224
0.86934
0.77621
0.73375
0.66597
0.64085
0.58105
0.60157
0.57211
0.58068
0.63149
0.64114
0.60133
0.5695
0.54146
0.51061
0.52404
0.56004
0.6061
0.60215
0.63577
0.6601
0.698
0.69891
0.71266
0.68121
0.64693
0.62615
0.6442
0.69753
0.72644
0.76336
0.73511
0.71524
0.72438
0.77784
0.81316
0.83763
0.84461
0.81794
0.81423
0.84519
0.8275
0.73339
0.75383
0.75359
0.76533
0.73426
0.70529
0.73885
0.8059
0.77401
0.78106
0.76643
0.75362
0.70869
0.70348
0.73078
0.60638
0.67613
0.66287
0.63892
0.65973
0.6788
0.651
0.6784
0.69882
0.75983
0.78326
0.7922
0.79254
0.75668
0.69388
0.74375
0.8751
0.96768
0.95284
0.93769
0.94487
0.93982
0.93334
0.90361
0.8671
0.8708
0.84636
0.80348
0.79055
0.75311
0.78223
0.89589
0.94014
0.91927
0.9039
0.88815
0.84419
0.81162
0.79646
0.79423
0.81293
0.85146
0.83788
0.83891
0.81214
0.80604
0.80149
0.76731
0.71687
0.74005
0.91247
0.78049
0.81905
0.82606
0.85312
0.90503
0.9158
0.84612
0.73901
0.71614
0.73024
0.72675
0.66593
0.65725
0.66519
0.70505
0.73294
0.80315
0.87657
0.76709
0.72202
0.66916
0.6541
0.72188
0.8174
0.85145
0.74789
0.74894
0.72104
0.7038
0.69718
0.85762
0.98332
0.97369
0.9078
0.85035
0.83867
0.75127
0.77313
0.77589
0.92864
0.85894
0.85333
0.85456
0.9141
0.80844
0.92742
0.80715
0.91171
0.81291
0.71285
0.80027
0.91008
0.82087
0.77022
0.74661
0.92822
0.92987
0.96744
0.9625
0.96778
0.97272
0.96292
0.93948
0.91823
0.924
0.92772
0.94219
0.70763
0.84387
0.66032
0.55277
0.56101
0.58371
0.6136
0.64517
0.70066
0.62663
0.62098
0.57285
0.55898
0.56253
0.66525
0.65644
0.62659
0.71797
0.75631
0.8472
0.7854
0.74622
0.72095
0.66816
0.68429
0.65591
0.66833
0.69674
0.7162
0.72276
0.72035
0.74037
0.72352
0.71711
0.75567
0.77457
0.82153
0.83707
0.81796
0.75877
0.72907
0.73735
0.6913
0.69225
0.72533
0.84023
0.83251
0.81425
0.86513
0.95888
0.97135
0.97122
0.97132
0.95102
0.96644
0.98191
0.90491
0.81073
0.72847
0.70973
0.67133
0.67833
0.69648
0.7409
0.74377
0.73695
0.72284
0.72166
0.68506
0.72274
0.76714
0.76763
0.78167
0.8101
0.88584
0.89266
0.87954
0.89919
0.88833
0.90751
0.87461
0.85232
0.80457
0.72359
0.75309
0.74245
0.70472
0.67889
0.646
0.66156
0.70209
0.71984
0.69413
0.70912
0.68256
0.68297
0.7008
0.77159
0.85111
0.84349
0.8224
0.80048
0.7962
0.74356
0.73456
0.75457
0.76159
0.83574
0.81834
0.87847
0.8958
0.92405
0.94191
0.96761
0.98091
0.92462
0.9379
0.93327
0.92706
0.94699
0.94279
0.91998
0.87499
0.84568
0.8287
0.84829
0.87562
0.96942
0.95564
0.95711
0.94256
0.91347
0.88345
0.84629
0.92266
0.95647
0.95482
0.96218
0.93549
0.92263
0.90887
0.90086
0.89348
0.93155
0.90557
0.84015
0.78435
0.74872
0.72832
0.70371
0.69552
0.6452
0.68635
0.75845
0.77142
0.72227
0.73203
0.71415
0.72012
0.6912
0.69641
0.72697
0.69871
0.68727
0.67067
0.66428
0.65828
0.62798
0.56467
0.55405
0.57449
0.60598
0.64236
0.66633
0.68148
0.69385
0.68592
0.66093
0.65602
0.6673
0.68712
0.69939
0.71443
0.73786
0.75588
0.75096
0.76058
0.82922
0.80634
0.74207
0.70847
0.72928
0.79392
0.94007
0.89251
0.86769
0.86702
0.82661
0.83315
0.74657
0.7291
0.703
0.75487
0.92765
1
0.99942
0.97472
0.92144
0.89811
0.87426
0.85765
0.83694
0.768
0.76498
0.72491
0.67388
0.63593
0.62563
0.62378
0.64531
0.68067
0.72476
0.81106
0.84938
0.91625
0.92486
0.94926
0.97815
0.96989
0.95369
0.95593
0.98041
0.98006
0.98442
0.99569
0.97698
0.97369
0.96815
0.96568
0.96568
0.90451
0.89373
0.88735
0.86951
0.87468
0.88234
0.88453
0.86023
0.8191
0.802
0.81882
0.85202
0.91493
0.97768
0.98319
0.97757
0.97285
0.92287
0.83867
0.78207
0.72737
0.69017
0.72457
0.71346
0.69295
0.67388
0.65216
0.64126
0.64785
0.6513
0.65292
0.65594
0.66832
0.67599
0.70655
0.71732
0.73267
0.78061
0.76303
0.7278
0.70596
0.69193
0.6923
0.7008
0.71044
0.69182
0.68923
0.70435
0.72235
0.72464
0.72228
0.7171
0.71053
0.71373
0.71723
0.71412
0.7125
0.71801
0.73425
0.73621
0.73285
0.73938
0.72444
0.70749
0.69732
0.69448
0.69792
0.71161
0.72996
0.72631
0.70795
0.70287
0.70095
0.7173
0.74662
0.77379
0.77255
0.75916
0.74575
0.74463
0.77715
0.7875
0.76645
0.93491
0.95457
0.97606
0.9936
0.99771
0.99895
0.99783
0.99536
0.99578
0.99469
0.96762
0.96146
0.96442
0.95806
0.95733
0.93176
0.87848
0.78444
0.7872
0.82771
0.78285
0.74975
0.73465
0.65475
0.84103
0.62976
0.63533
0.97763
0.996
0.9825
0.97262
0.96211
0.95207
0.95358
0.96445
0.95956
0.95976
0.95506
0.94102
0.82074
0.78217
0.72636
0.66405
0.71528
0.95469
0.96037
0.95804
0.93516
0.87722
0.80668
0.85337
0.96408
0.96421
0.97577
0.96247
0.94668
0.98703
0.99346
0.99964
0.99932
1.0008
1.0005
0.99813
0.99901
0.99893
0.99995
0.99312
0.97454
0.92869
0.84144
0.77351
0.7524
0.75416
0.75464
0.72819
0.71408
0.69878
0.69312
0.71819
0.75843
0.72867
0.72817
0.74275
0.74766
0.74524
0.75438
0.78645
0.8138
0.84199
0.97677
0.97806
0.99815
1.0002
0.99938
0.99962
0.9972
0.99831
0.99845
0.998
0.99856
1.0003
0.99705
0.99787
0.99872
0.98845
0.97669
0.97436
0.96715
0.97001
0.97292
0.97793
0.96862
0.94877
0.94802
0.94671
0.93263
0.89468
0.8729
0.87812
0.81396
0.73112
0.71853
0.73238
0.71609
0.71143
0.65547
0.633
0.63455
0.65029
0.73566
0.77644
0.74779
0.65071
0.65145
0.73784
0.80642
0.80468
0.77393
0.73695
0.68596
0.63203
0.59363
0.57605
0.56729
0.56666
0.57438
0.58503
0.58107
0.57144
0.55853
0.55323
0.53772
0.57677
0.52801
0.53466
0.53991
0.50593
0.76222
0.86677
0.9431
0.9243
0.86286
0.89019
0.95862
0.9726
0.94535
0.89643
0.87668
0.74423
0.72969
0.72913
0.77595
0.8221
0.80525
0.78115
0.76722
0.70587
0.69039
0.66903
0.63142
0.6733
0.7451
0.7503
0.76049
0.75247
0.79277
0.81619
0.86016
0.88739
0.87723
0.90004
0.90031
0.92813
0.93208
0.92452
0.91101
0.90304
0.89562
0.89386
0.90891
0.87404
0.80122
0.80867
0.83033
0.80084
0.76287
0.72954
0.62973
0.57416
0.69955
0.94804
0.96799
0.97538
0.98399
0.97792
0.97696
0.96004
0.96284
0.96676
0.95251
0.94969
0.94413
0.80984
0.75685
0.94183
0.94894
0.89296
0.88825
0.88216
0.9155
0.8961
0.89966
0.94508
0.95772
0.77836
0.73502
0.71899
0.71297
0.70718
0.77253
0.827
0.82182
0.93679
0.94263
0.94507
0.94635
0.94775
0.94804
0.94068
0.94056
0.93648
0.93617
0.92658
0.91855
0.90837
0.8898
0.90892
0.92536
0.92601
0.92292
0.91015
0.90394
0.91549
0.91561
0.8999
0.89343
0.88418
0.87034
0.85165
0.86106
0.88157
0.8872
0.90739
0.8977
0.89351
0.89535
0.85543
0.72078
0.64451
0.89116
0.91832
0.92787
0.94111
0.92232
0.89445
0.89526
0.8856
0.88739
0.87429
0.87044
0.87902
0.87649
0.8649
0.86895
0.892
0.89181
0.88239
0.86865
0.87909
0.87466
0.86269
0.86307
0.76524
0.86641
0.87077
0.81666
0.63089
0.55096
0.52669
0.56295
0.55352
0.54574
0.54655
0.51931
0.48786
0.47851
0.44768
0.4255
0.41738
0.43484
0.41725
0.43237
0.44438
0.51067
0.63066
0.70624
0.85986
0.87669
0.89291
0.90502
0.89922
0.81732
0.74177
0.64212
0.85889
0.89687
0.91114
0.91485
0.92398
0.93108
0.93524
0.93439
0.81816
0.68845
0.62322
0.57104
0.71989
0.62278
0.71347
0.89437
0.90763
0.90637
0.8977
0.8956
0.89435
0.88274
0.85742
0.81176
0.69386
0.59087
0.52083
0.46119
0.4581
0.9072
0.92766
0.9375
0.94578
0.94507
0.94035
0.91942
0.91579
0.9037
0.90443
0.91083
0.88633
0.87768
0.87715
0.87938
0.867
0.86117
0.85455
0.85303
0.84729
0.83817
0.83308
0.79946
0.78657
0.7585
0.7859
0.76955
0.74133
0.74904
0.75333
0.73391
0.74944
0.78889
0.81307
0.82101
0.83226
0.85013
0.86997
0.7174
0.69556
0.64051
0.63205
0.60313
0.55544
0.53335
0.48368
0.4604
0.52666
0.50709
0.50772
0.51157
0.51041
0.51275
0.54574
0.53665
0.55167
0.55489
0.57675
0.57031
0.58267
0.57303
0.57901
0.60088
0.54305
0.75124
0.81262
0.82572
0.83321
0.83994
0.84991
0.86307
0.86088
0.84933
0.8538
0.8574
0.86404
0.8713
0.86164
0.82714
0.58818
0.50893
0.54046
0.52962
0.50707
0.46814
0.4303
0.42644
0.57184
0.73473
0.75606
0.65691
0.51525
0.46466
0.51731
0.61736
0.61896
0.62843
0.5773
0.55628
0.51637
0.56093
0.56865
0.55284
0.49407
0.40044
0.42035
0.42622
0.43176
0.47809
0.58245
0.68857
0.771
0.82002
0.82665
0.82879
0.83549
0.85955
0.78701
0.83419
0.8565
0.88506
0.88891
0.89703
0.9055
0.91926
0.91973
0.91912
0.91799
0.92012
0.923
0.92449
0.9164
0.77227
0.72017
0.68429
0.60864
0.5584
0.53047
0.53118
0.54452
0.54931
0.54814
0.56347
0.59501
0.60319
0.6101
0.62742
0.63496
0.65346
0.72568
0.84014
0.78792
0.71139
0.5941
0.54594
0.62474
0.59863
0.61014
0.6912
0.72703
0.71393
0.72265
0.8586
0.85957
0.85843
0.85528
0.84796
0.82971
0.81393
0.81175
0.78222
0.74703
0.71307
0.66695
0.62085
0.60364
0.59683
0.60385
0.75165
0.83323
0.84011
0.84469
0.84561
0.85365
0.87432
0.87993
0.88112
0.87558
0.854
0.86363
0.86238
0.85226
0.84817
0.83802
0.83774
0.84849
0.84605
0.84004
0.82591
0.82073
0.81409
0.78091
0.83147
0.81692
0.80375
0.79327
0.74933
0.70731
0.67717
0.67618
0.68764
0.70868
0.75178
0.68651
0.6538
0.64269
0.6227
0.59804
0.54413
0.45789
0.42408
0.40999
0.41522
0.42473
0.61747
0.74654
0.78196
0.75457
0.82636
0.83008
0.83409
0.83139
0.81947
0.81383
0.76597
0.69023
0.64891
0.62952
0.78028
0.79725
0.79654
0.80267
0.7845
0.7947
0.75696
0.68631
0.63505
0.67453
0.62631
0.61588
0.53377
0.53785
0.53255
0.54784
0.56763
0.57136
0.55663
0.57141
0.56752
0.56211
0.57063
0.5668
0.56936
0.56199
0.54051
0.53465
0.53698
0.54897
0.56315
0.57953
0.58599
0.59197
0.5808
0.58064
0.59006
0.61058
0.63982
0.67486
0.69969
0.69079
0.69319
0.68785
0.67957
0.66871
0.65259
0.63067
0.6044
0.56837
0.53115
0.51179
0.49715
0.49606
0.48974
0.49102
0.47706
0.44455
0.41494
0.37517
0.35298
0.35602
0.34101
0.36196
0.37819
0.39075
0.53797
0.50072
0.4924
0.48889
0.4862
0.50721
0.53536
0.54819
0.53764
0.53244
0.53115
0.54016
0.55951
0.55489
0.55378
0.51962
0.48439
0.41445
0.39302
0.40128
0.42019
0.44644
0.45308
0.46565
0.46069
0.43577
0.40651
0.39362
0.39696
0.39645
0.39197
0.42073
0.44537
0.45559
0.4631
0.44356
0.41406
0.41078
0.43434
0.4793
0.74556
0.78997
0.8127
0.82526
0.83052
0.83999
0.84231
0.84968
0.85502
0.85825
0.86092
0.86444
0.86167
0.8619
0.85777
0.83505
0.81508
0.81585
0.82239
0.83706
0.83879
0.82666
0.81117
0.7768
0.69964
0.68249
0.62549
0.61003
0.6166
0.63266
0.65547
0.69175
0.84702
0.84271
0.82948
0.80411
0.76548
0.76748
0.77149
0.77384
0.71915
0.71095
0.70624
0.70945
0.74497
0.76343
0.78246
0.78805
0.80322
0.81681
0.83326
0.84709
0.7598
0.70926
0.67045
0.82688
0.63421
0.63308
0.7144
0.85329
0.8771
0.89018
0.89272
0.89132
0.89697
0.87119
0.88729
0.89214
0.88926
0.66401
0.7206
0.77568
0.70509
0.61041
0.75272
0.85049
0.60698
0.67233
0.86225
0.87355
0.90379
0.9106
0.71479
0.6587
0.64084
0.63652
0.63848
0.65326
0.71039
0.80104
0.67881
0.77857
0.89352
0.6335
0.70612
0.63451
0.63267
0.85927
0.86822
0.84907
0.8332
0.769
0.6869
0.63923
0.64204
0.69936
0.67171
0.68686
0.66284
0.63256
0.62607
0.82667
0.85708
0.78235
0.85566
0.75344
0.59864
0.6147
0.64001
0.85518
0.74261
0.61933
0.57852
0.53173
0.56349
0.81594
0.84453
0.82307
0.80633
0.80375
0.78111
0.75047
0.71908
0.65171
0.56097
0.46242
0.4745
0.40848
0.39077
0.62716
0.47856
0.54435
0.57559
0.53044
0.55615
0.55282
0.5512
0.7011
0.72564
0.63343
0.88355
0.82478
0.83457
0.82416
0.81018
0.78272
0.73506
0.66917
0.64373
0.65305
0.64169
0.60457
0.73196
0.79178
0.79385
0.75834
0.61427
0.57497
0.58952
0.7598
0.73618
0.7281
0.67963
0.71794
0.71306
0.68378
0.64604
0.60543
0.63884
0.69867
0.76336
0.79312
0.79712
0.79388
0.7935
0.78221
0.72566
0.69524
0.69574
0.72315
0.74129
0.76037
0.77702
0.7807
0.75976
0.71395
0.67313
0.61096
0.61657
0.68955
0.6806
0.61343
0.60617
0.6264
0.62967
0.61653
0.65593
0.65422
0.64994
0.63657
0.77196
0.77251
0.76747
0.76155
0.75629
0.77189
0.76262
0.75583
0.73797
0.75249
0.77858
0.77901
0.77973
0.78393
0.76184
0.67083
0.43678
0.43122
0.45432
0.48453
0.49518
0.49555
0.42787
0.81619
0.82172
0.83535
0.80127
0.83394
0.82915
0.77867
0.66005
0.59077
0.49442
0.5599
0.55067
0.73248
0.79735
0.79797
0.79144
0.78698
0.77152
0.69324
0.608
0.49762
0.52074
0.53948
0.57849
0.60698
0.54495
0.60006
0.65728
0.77543
0.58238
0.52918
0.48789
0.47839
0.51218
0.49919
0.49232
0.49405
0.51022
0.46381
0.4684
0.48721
0.57327
0.75373
0.7798
0.78237
0.79343
0.79775
0.79201
0.77832
0.7531
0.68751
0.74599
0.76919
0.77796
0.79217
0.82169
0.83969
0.85118
0.85374
0.85254
0.8498
0.838
0.80896
0.77829
0.76662
0.76919
0.7746
0.77331
0.77003
0.76636
0.76604
0.76351
0.75539
0.75002
0.68817
0.62943
0.52873
0.48895
0.43869
0.43665
0.69923
0.76823
0.79652
0.82692
0.8498
0.86048
0.87148
0.85683
0.84107
0.8366
0.82109
0.79965
0.78498
0.77066
0.75138
0.68644
0.65088
0.62445
0.57867
0.53136
0.48464
0.47774
0.49204
0.55581
0.67774
0.68442
0.54923
0.65468
0.69135
0.57093
0.51861
0.71241
0.65772
0.63726
0.68018
0.64869
0.58797
0.56416
0.71262
0.56783
0.63396
0.54853
0.48596
0.76281
0.5055
0.48458
0.50799
0.49558
0.48852
0.55204
0.67656
0.67575
0.66823
0.67258
0.69379
0.65729
0.68261
0.72543
0.72129
0.68581
0.68543
0.7119
0.72067
0.72337
0.72467
0.70771
0.69468
0.68542
0.76064
0.77492
0.78395
0.79059
0.79946
0.81365
0.82399
0.82661
0.83102
0.83878
0.83616
0.83146
0.83263
0.83314
0.82386
0.81728
0.80447
0.78778
0.77
0.73729
0.69554
0.6717
0.67248
0.63655
0.52898
0.43953
0.39066
0.35248
0.4881
0.83488
0.87996
0.88958
0.89083
0.88923
0.8942
0.89297
0.89728
0.90111
0.88275
0.90046
0.90788
0.91809
0.90274
0.9027
0.90741
0.90706
0.90218
0.88496
0.87103
0.85402
0.85046
0.85477
0.85298
0.85113
0.84966
0.82497
0.801
0.74562
0.63774
0.55805
0.61064
0.61858
0.58912
0.77764
0.76155
0.63422
0.72469
0.49029
