0.60517
0.59821
0.5983
0.57561
0.3467
0.23815
0.20096
0.13808
0.10744
0.094194
0.094157
0.1076
0.1113
0.1269
0.11854
0.1387
0.1855
0.2678
0.32036
0.35811
0.4463
0.50016
0.48198
0.55186
0.59219
0.55036
0.57957
0.56661
0.56884
0.56187
0.5619
0.56976
0.55385
0.55559
0.55647
0.56353
0.56477
0.55919
0.56542
0.57903
0.57967
0.62922
0.63841
0.56501
0.56416
0.58205
0.61312
0.83033
0.83113
0.82019
0.82019
0.82125
0.81726
0.81645
0.80552
0.80158
0.79492
0.79503
0.79515
0.80222
0.7988
0.79763
0.71322
0.60392
0.78316
0.82239
0.86023
0.83077
0.53008
0.48172
0.50866
0.4995
0.77592
0.85298
0.76037
0.82619
0.81143
0.81468
0.79714
0.79503
0.80145
0.80229
0.79448
0.78768
0.77903
0.76528
0.70012
0.62646
0.57496
0.74743
0.8113
0.87516
0.89532
0.85302
0.8583
0.83388
0.83132
0.82219
0.78703
0.80529
0.7915
0.80255
0.80045
0.79243
0.78296
0.7569
0.74267
0.69618
0.71773
0.60451
0.50792
0.46205
0.43877
0.43607
0.53342
0.62208
0.65691
0.63975
0.72957
0.77466
0.77967
0.77982
0.7761
0.77785
0.77392
0.77194
0.76788
0.76046
0.74962
0.74278
0.73298
0.71824
0.70954
0.70096
0.69495
0.6864
0.67564
0.65011
0.6364
0.62485
0.61939
0.62431
0.61284
0.60815
0.57994
0.50758
0.40868
0.3731
0.36432
0.5298
0.56796
0.60414
0.54277
0.53194
0.54022
0.54409
0.55341
0.56746
0.56642
0.57085
0.66601
0.62903
0.60101
0.62629
0.65361
0.65598
0.6725
0.67561
0.67956
0.678
0.69236
0.69155
0.70516
0.72788
0.66092
0.66287
0.69022
0.71976
0.71726
0.66342
0.55032
0.63863
0.70214
0.7382
0.73428
0.70652
0.73823
0.76817
0.70869
0.6754
0.67948
0.66131
0.55858
0.40198
0.63394
0.70512
0.78433
0.80347
0.83565
0.82114
0.81095
0.80084
0.7883
0.78829
0.79704
0.7889
0.7946
0.79087
0.80332
0.80327
0.79105
0.77954
0.76544
0.74015
0.71238
0.67014
0.64011
0.61323
0.6061
0.60257
0.61519
0.58533
0.55501
0.53838
0.6152
0.62211
0.58375
0.58325
0.59054
0.77903
0.80357
0.80793
0.82499
0.82239
0.79685
0.72411
0.72431
0.68983
0.64916
0.61347
0.66682
0.65301
0.62669
0.67171
0.77285
0.83546
0.68108
0.61653
0.61153
0.62492
0.66839
0.65591
0.67011
0.79907
0.75789
0.753
0.78992
0.79611
0.80225
0.80826
0.78037
0.77322
0.74736
0.75627
0.76945
0.77825
0.73622
0.69328
0.68682
0.6803
0.69132
0.76275
0.72552
0.78144
0.84863
0.85525
0.83738
0.83755
0.83804
0.83477
0.83519
0.82773
0.7836
0.7757
0.73414
0.63527
0.63845
0.65655
0.65999
0.70099
0.73286
0.74352
0.75172
0.73217
0.71989
0.70766
0.68899
0.66134
0.63384
0.67751
0.67057
0.71211
0.70673
0.70505
0.72118
0.73794
0.75238
0.75319
0.72378
0.74539
0.75978
0.77048
0.76077
0.76314
0.77082
0.77451
0.79334
0.77664
0.65414
0.62093
0.59584
0.73984
0.75914
0.66276
0.55794
0.54243
0.58041
0.59811
0.61946
0.61703
0.63735
0.66198
0.79384
0.78155
0.79016
0.78
0.74643
0.69165
0.62051
0.53114
0.34538
0.25678
0.70696
0.80075
0.68004
0.73136
0.66098
0.6696
0.59152
0.80131
0.78892
0.77479
0.76446
0.75627
0.75239
0.74793
0.74763
0.74641
0.74099
0.73149
0.72432
0.71362
0.70902
0.6994
0.69874
0.69491
0.68086
0.67268
0.66509
0.65603
0.65326
0.64299
0.64192
0.63297
0.62142
0.59964
0.58439
0.50103
0.4401
0.39226
0.45749
0.56537
0.67597
0.67797
0.57893
0.49934
0.36809
0.38898
0.38557
0.46047
0.79643
0.80557
0.79709
0.77675
0.7647
0.74749
0.73781
0.7612
0.76656
0.77419
0.78493
0.79566
0.81143
0.82106
0.83298
0.83881
0.84419
0.84728
0.84842
0.84961
0.85574
0.85809
0.86821
0.87333
0.87673
0.86768
0.84332
0.82073
0.79496
0.76143
0.73383
0.7293
0.72085
0.70264
0.6649
0.64509
0.56951
0.38793
0.33712
0.33041
0.29582
0.27441
0.40209
0.60852
0.61363
0.70651
0.70463
0.68563
0.67411
0.55686
0.37564
0.29967
0.25355
0.22974
0.23054
0.24462
0.23494
0.22527
0.26737
0.34303
0.39455
0.49305
0.54651
0.56491
0.58196
0.44193
0.32522
0.26498
0.2079
0.19811
0.21574
0.25018
0.39936
0.53972
0.48914
0.31823
0.44311
0.80332
0.83013
0.83842
0.84448
0.8471
0.84818
0.84588
0.84395
0.85264
0.86395
0.87024
0.8708
0.85127
0.79893
0.79469
0.78104
0.78144
0.75188
0.69482
0.62961
0.60026
0.63403
0.656
0.6273
0.59106
0.55273
0.50665
0.42977
0.39706
0.39376
0.38503
0.40621
0.42521
0.44689
0.45543
0.45548
0.46823
0.49524
0.54289
0.62685
0.72938
0.77123
0.79867
0.81083
0.81597
0.82117
0.82684
0.8266
0.81901
0.83648
0.84172
0.83193
0.82553
0.82203
0.815
0.81299
0.81289
0.81898
0.8186
0.78489
0.75357
0.74039
0.75387
0.65685
0.60637
0.55283
0.50533
0.43999
0.50136
0.42326
0.7562
0.74407
0.76971
0.78874
0.79868
0.79229
0.70892
0.74563
0.7672
0.771
0.76663
0.76758
0.77317
0.74775
0.74563
0.68802
0.67803
0.65113
0.67164
0.63575
0.60179
0.56737
0.54873
0.54121
0.57033
0.61767
0.72386
0.70642
0.61943
0.54812
0.49962
0.52832
0.63718
0.72804
0.7385
0.71273
0.77706
0.77702
0.75466
0.72393
0.7017
0.69753
0.69789
0.67861
0.66031
0.67174
0.76774
0.76496
0.76415
0.83097
0.69763
0.60923
0.71959
0.72994
0.87671
0.77702
0.8841
0.87142
0.84388
0.82304
0.7485
0.53811
0.28609
0.17292
0.13261
0.12376
0.13259
0.13968
0.16772
0.23191
0.3291
0.39707
0.36613
0.33459
0.30359
0.25816
0.22154
0.18852
0.17311
0.17382
0.36921
0.44345
0.54146
0.54525
0.56371
0.56878
0.52366
0.50835
0.44696
0.44462
0.50512
0.75525
0.79839
0.79065
0.7804
0.79116
0.78622
0.78089
0.79173
0.82074
0.83364
0.72775
0.79426
0.77848
0.77637
0.76101
0.76993
0.76193
0.73119
0.71083
0.63048
0.60341
0.67015
0.64593
0.62156
0.59857
0.79708
0.77005
0.7684
0.78667
0.78796
0.79458
0.79776
0.79315
0.79674
0.7989
0.77775
0.73719
0.70474
0.67818
0.67595
0.65494
0.73922
0.72651
0.74849
0.73688
0.7009
0.67222
0.62259
0.54621
0.42321
0.52472
0.5995
0.61414
0.60215
0.61331
0.62832
0.63951
0.64486
0.65086
0.7057
0.68575
0.68507
0.69666
0.69131
0.68553
0.67548
0.70076
0.6189
0.53274
0.66324
0.74383
0.69216
0.65553
0.62866
0.64354
0.65518
0.65277
0.62492
0.61117
0.63358
0.62676
0.61107
0.64153
0.67406
0.62403
0.79452
0.71338
0.85321
0.86934
0.85059
0.82764
0.81004
0.82756
0.63494
0.64641
0.66395
0.66546
0.61944
0.83803
0.79358
0.81073
0.70008
0.57447
0.64056
0.79159
0.83751
0.69584
0.77452
0.77971
0.81141
0.69953
0.58493
0.38579
0.33878
0.36019
0.46295
0.80166
0.80916
0.88616
0.91416
0.89942
0.87183
0.88943
0.8872
0.85926
0.87449
0.88803
0.87811
0.84007
0.84121
0.84288
0.83158
0.81993
0.80919
0.80174
0.7967
0.80095
0.79055
0.78789
0.78428
0.77486
0.7656
0.75459
0.75979
0.72965
0.72301
0.70984
0.69901
0.69944
0.66403
0.63465
0.59653
0.49324
0.42402
0.41661
0.37437
0.40847
0.43732
0.44635
0.482
0.62775
0.70972
0.69182
0.63139
0.70262
0.70479
0.69772
0.70402
0.72859
0.74586
0.72893
0.71452
0.69012
0.67434
0.64613
0.61111
0.59562
0.5899
0.57358
0.54698
0.5412
0.4596
0.33822
0.33087
0.5991
0.65837
0.72254
0.62838
0.63183
0.83875
0.83884
0.82311
0.76435
0.80324
0.68591
0.67667
0.62714
0.66518
0.68
0.694
0.65413
0.66955
0.67362
0.72247
0.69693
0.68862
0.71096
0.69775
0.63468
0.617
0.61719
0.61234
0.60523
0.65641
0.8278
0.59063
0.58893
0.57315
0.57587
0.59018
0.57935
0.56548
0.57243
0.61253
0.61137
0.65484
0.65661
0.65685
0.66949
0.71639
0.8772
0.76656
0.67128
0.66347
0.78065
0.80863
0.79795
0.77524
0.71504
0.59671
0.43155
0.42495
0.39783
0.42185
0.40329
0.39033
0.38326
0.41344
0.57848
0.71191
0.72005
0.69394
0.69185
0.65889
0.61453
0.57098
0.51536
0.55861
0.55184
0.52715
0.55983
0.58639
0.59648
0.59604
0.59907
0.59737
0.57822
0.54849
0.55658
0.56608
0.57758
0.60524
0.63807
0.64683
0.6358
0.58488
0.58384
0.57389
0.5586
0.55887
0.60574
0.63054
0.55072
0.48044
0.47207
0.42937
0.41341
0.4603
0.53793
0.60428
0.61838
0.56355
0.56695
0.69515
0.78246
0.75939
0.9301
0.94926
0.95289
0.94563
0.95942
0.95839
0.9465
0.94403
0.92696
0.93122
0.91043
0.91202
0.87842
0.90542
0.92668
0.92387
0.90389
0.9146
0.91232
0.90815
0.90125
0.88867
0.80833
0.72916
0.84135
0.91958
0.91752
0.89905
0.8076
0.86178
0.85343
0.82328
0.791
0.77563
0.86126
0.85567
0.82893
0.80908
0.80244
0.79914
0.74244
0.60457
0.59442
0.85475
0.88622
0.90006
0.90714
0.70734
0.79798
0.85019
0.84319
0.82932
0.82283
0.83698
0.85107
0.83282
0.77514
0.7545
0.78909
0.7603
0.68518
0.78239
0.73473
0.72034
0.70688
0.7276
0.68453
0.57455
0.55725
0.58225
0.69591
0.81441
0.80251
0.75238
0.69408
0.60197
0.60486
0.63528
0.60038
0.63542
0.71997
0.70231
0.82123
0.77948
0.75219
0.611
0.84319
0.87505
0.88176
0.87794
0.72993
0.7316
0.6418
0.72499
0.72688
0.75291
0.74579
0.71595
0.73747
0.68685
0.63417
0.65046
0.69222
0.75458
0.89434
0.84371
0.84186
0.79859
0.82292
0.79853
0.80396
0.83379
0.8144
0.82055
0.82839
0.8296
0.81682
0.79346
0.77947
0.74661
0.66857
0.57611
0.56723
0.56109
0.60076
0.6493
0.67139
0.67723
0.65733
0.58119
0.62017
0.63286
0.6607
0.67547
0.6824
0.68932
0.68374
0.68209
0.69349
0.6701
0.68649
0.66099
0.76676
0.87961
0.77925
0.8124
0.86722
0.85317
0.79105
0.77229
0.81323
0.84318
0.77902
0.74412
0.70194
0.77623
0.72647
0.81421
0.85899
0.71485
0.65428
0.76702
0.92914
0.91458
0.9243
0.91562
0.89159
0.87004
0.8033
0.76986
0.73554
0.65688
0.75192
0.7742
0.48255
0.40659
0.4684
0.75171
0.80621
0.83443
0.83285
0.85686
0.87738
0.89985
0.8783
0.74304
0.78352
0.87382
0.85764
0.8465
0.84084
0.90759
0.88866
0.82847
0.8552
0.8133
0.80705
0.76983
0.82969
0.78296
0.81344
0.66028
0.69621
0.73371
0.73816
0.7293
0.72044
0.722
0.69829
0.64777
0.64487
0.89588
0.8472
0.85199
0.88208
0.92441
0.96996
0.77205
0.72712
0.70539
0.79928
0.84577
0.75586
0.75236
0.68192
0.82183
0.85006
0.96324
0.9297
0.92461
0.88415
0.77175
0.66931
0.64773
0.65017
0.62425
0.70175
0.73412
0.71714
0.71896
0.64968
0.62857
0.67103
0.71596
0.7251
0.71234
0.70579
0.69303
0.67742
0.62297
0.65062
0.71897
0.71548
0.70369
0.71109
0.71129
0.62097
0.61268
0.60432
0.6956
0.78879
0.87932
0.82104
0.83436
0.91762
0.93331
0.90072
0.93076
0.91362
0.95217
0.92934
0.91857
0.80391
0.87246
0.86982
0.76578
0.77776
0.79181
0.82672
0.73811
0.63938
0.581
0.57149
0.6788
0.62065
0.55478
0.62517
0.62441
0.54679
0.56121
0.58945
0.65806
0.70787
0.66514
0.64365
0.60519
0.56289
0.55337
0.53754
0.58122
0.57141
0.50017
0.55783
0.53654
0.5375
0.57132
0.5665
0.59713
0.65899
0.73445
0.76258
0.76891
0.72944
0.68251
0.68308
0.67689
0.65805
0.67858
0.71403
0.63112
0.73388
0.7038
0.61441
0.47585
0.37288
0.4644
0.48422
0.40933
0.25167
0.19304
0.47691
0.53732
0.58582
0.64578
0.72192
0.76449
0.86164
0.88598
0.8386
0.77464
0.72695
0.68051
0.66127
0.76495
0.90057
0.82782
0.83214
0.82751
0.86046
0.91597
0.92809
0.93074
0.81187
0.77486
0.7554
0.73819
0.83077
0.84397
0.79476
0.82529
0.77517
0.68413
0.66381
0.74054
0.94505
0.94907
0.93225
0.91531
0.8905
0.81675
0.89895
0.89286
0.91986
0.71144
0.68492
0.65635
0.64695
0.59596
0.64538
0.66758
0.68109
0.73837
0.76501
0.75322
0.66775
0.57281
0.54836
0.55268
0.57734
0.74289
0.77092
0.79482
0.73209
0.87242
0.69974
0.82515
0.73756
0.80788
0.80258
0.78069
0.88755
0.8165
0.894
0.92937
0.92965
0.93763
0.93735
0.92951
0.87149
0.77192
0.7318
0.9021
0.90927
0.91185
0.90938
0.91876
0.72288
0.63938
0.93962
0.66416
0.93814
0.94648
0.9437
0.88343
0.92402
0.95629
0.89554
0.97342
0.97208
0.96966
0.95736
0.86564
0.84511
0.84899
0.79647
0.79597
0.7836
0.85555
0.84326
0.82313
0.80424
0.79783
0.83759
0.87128
0.92458
0.95699
0.96821
0.91306
0.88718
0.89995
0.88872
0.93416
0.93413
0.93457
0.94943
0.93298
0.91729
0.94283
0.95461
0.96419
0.94519
0.91497
0.88758
0.87127
0.76771
0.72575
0.71705
0.77339
0.78476
0.8067
0.80593
0.74678
0.72303
0.93631
0.97851
0.99985
0.97325
0.99749
0.96056
0.83011
0.79327
0.80402
0.83138
0.86015
0.98654
0.99866
0.99904
1.0009
0.94375
0.91217
0.97098
0.90727
0.96266
0.94406
0.94919
0.90423
0.91774
0.91287
0.90098
0.89077
0.90725
0.88269
0.86875
0.78529
0.71952
0.69374
0.73973
0.87003
0.93018
0.92476
0.92714
0.92962
0.83518
0.85029
0.90911
0.94795
0.9546
0.95664
0.95596
0.93381
0.81942
0.75138
0.76528
0.70506
0.6948
0.91557
0.96465
0.99291
0.9971
0.98476
0.95982
0.95459
0.95535
0.95633
0.95112
0.89265
0.93444
0.95231
0.76054
0.72544
0.7209
0.77096
0.75315
0.72756
0.70817
0.62271
0.78841
0.72797
0.75153
0.76243
0.76874
0.76223
0.70931
0.61716
0.65018
0.68167
0.72045
0.74985
0.77017
0.78177
0.73512
0.69155
0.71955
0.74704
0.81838
0.88693
0.94119
0.96815
0.82279
0.75974
0.76091
0.81565
0.83482
0.86673
0.93355
0.92379
0.92291
0.85769
0.81695
0.82004
0.84903
0.78261
0.77106
0.8031
0.78756
0.79544
0.75305
0.75717
0.74435
0.70998
0.70563
0.68572
0.69415
0.69659
0.71187
0.71681
0.66189
0.96543
0.97814
0.983
0.99059
0.79945
0.73655
0.68067
0.66106
0.63908
0.71441
0.71504
0.69816
0.68492
0.67803
0.70206
0.70942
0.69813
0.68249
0.68637
0.70304
0.71779
0.68562
0.73865
0.73562
0.77146
0.73141
0.72612
0.84105
0.82585
0.85548
0.86723
0.85111
0.85408
0.87704
0.94061
0.95714
0.95927
0.98399
0.99249
0.98826
0.97809
0.99779
0.96651
0.96914
0.96885
0.95917
0.8906
0.88929
0.91011
0.92236
0.85663
0.81975
0.79923
0.61861
0.6092
0.66301
0.95968
0.93956
0.83983
0.95041
0.97672
0.97408
0.98004
0.98574
0.98868
0.99955
0.99406
0.98198
0.98004
0.95556
0.9561
0.95475
0.95288
0.95516
0.93491
0.91429
0.93656
0.91634
0.89717
0.93462
0.92858
0.94038
0.96044
0.98763
0.93956
0.97673
0.98861
0.99787
1.0003
0.97671
0.97799
0.88674
0.88567
0.84001
0.79286
0.79474
0.99967
0.99866
0.98801
0.99024
0.97669
0.92889
1.0006
1.0001
0.99918
0.9976
1.0005
0.99803
0.99732
0.99944
0.98636
0.99284
0.99915
0.99902
0.99759
0.9988
1.0006
0.98457
0.91333
0.92139
0.8995
0.8868
0.83466
0.81743
0.82537
0.80521
0.83496
0.86648
0.92629
0.95558
0.91364
0.9269
0.94949
0.94993
0.95252
0.92433
0.90604
0.92055
0.94186
0.77477
0.88337
0.99383
0.99857
0.99753
0.99708
0.99053
0.97598
0.9613
0.94732
0.94933
0.95456
0.94488
0.9425
0.95275
0.95506
0.97312
0.98042
0.89733
0.83685
0.78504
0.75366
0.79367
0.78688
0.74462
0.68503
0.67969
0.7012
0.70258
0.7052
0.68098
0.69021
0.68281
0.69159
0.72376
0.75321
0.75377
0.71481
0.68078
0.67703
0.72741
0.7958
0.67721
0.69439
0.7296
0.75666
0.77621
0.7662
0.83469
0.75172
0.74071
0.9109
0.84689
0.73363
0.77374
0.804
0.80433
0.97209
0.9677
0.97649
0.9594
0.95196
0.95695
0.92876
0.86374
0.95149
0.91494
0.95682
0.93423
0.95245
0.95146
0.94863
0.92216
0.91636
0.9032
0.94533
0.92911
0.90984
0.89725
0.86081
0.85796
0.84772
0.80753
0.85665
0.91211
0.91192
0.92305
0.82526
0.94651
0.965
0.96732
0.96718
0.96813
0.96819
0.95473
0.94092
0.93491
0.95157
0.9439
0.94682
0.9406
0.93802
0.92942
0.91097
0.87802
0.88105
0.90186
0.93917
0.92314
0.89947
0.91163
0.91475
0.95136
0.75591
0.7531
0.78062
0.76671
0.69367
0.90256
0.9334
0.89599
0.92735
0.89956
0.91293
0.83914
0.82698
0.78247
0.7304
0.79455
0.68387
0.95649
0.83405
0.71676
0.68752
0.63998
0.64989
0.71131
0.7774
0.76715
0.69588
0.72743
0.70048
0.72637
0.73652
0.71184
0.71924
0.74393
0.7453
0.78814
0.8076
0.81946
0.81496
0.84859
0.80119
0.79137
0.99983
0.99538
0.99375
0.99236
0.99283
0.98639
0.96568
0.94339
0.96672
0.94637
0.94404
0.95629
0.92246
0.91388
0.78873
0.78964
0.75057
0.79382
0.85788
0.771
0.60001
0.52135
0.47323
0.46965
0.46596
0.51208
0.4412
0.42803
0.50553
0.66133
0.87778
0.93512
0.94455
0.93225
0.93538
0.9387
0.94176
0.9313
0.95113
0.91
0.91671
0.91474
0.92111
0.80447
0.93436
0.94312
0.93204
0.90674
0.94202
0.92906
0.91199
0.84158
0.75993
0.75173
0.77729
0.89494
0.79374
0.80102
0.83628
0.82997
0.82162
0.8315
0.78279
0.71957
0.74907
0.84751
0.90889
0.92909
0.95159
0.94271
0.93701
0.94878
0.94644
0.94709
0.94622
0.90491
0.86091
0.78033
0.7702
0.73693
0.96109
0.95291
0.94361
0.91546
0.85636
0.73502
0.70856
0.80187
0.77849
0.74467
0.77765
0.78408
0.87675
0.91771
0.92157
0.92732
0.92665
0.93072
0.92521
0.93131
0.90013
0.82047
0.7701
0.83737
0.92143
0.83543
0.84506
0.71797
0.70296
0.70185
0.6949
0.69441
0.68746
0.69158
0.68475
0.67216
0.64687
0.92058
0.94085
0.95815
0.95754
0.94789
0.92871
0.88102
0.89532
0.87458
0.78606
0.80193
0.70591
0.77244
0.71073
0.61873
0.57622
0.54446
0.48785
0.42584
0.40734
0.89862
0.95367
0.98005
0.98862
0.98988
0.97472
0.93784
0.93828
0.92249
0.90402
0.91252
0.91692
0.71244
0.77216
0.60863
0.45805
0.3786
0.23526
0.26188
0.35146
0.46972
0.60925
0.94986
0.95872
0.95873
0.95083
0.95924
0.96386
0.94604
0.92552
0.9143
0.90415
0.90075
0.89224
0.87753
0.88825
0.87531
0.88572
0.88939
0.88908
0.89348
0.86897
0.86653
0.83364
0.80583
0.84397
0.86446
0.84853
0.83546
0.83474
0.83486
0.83786
0.77506
0.66327
0.66623
0.66481
0.67463
0.73239
0.82413
0.82447
0.74341
0.72417
0.65291
0.52687
0.43947
0.49087
0.704
0.86199
0.90613
0.94099
0.95908
0.97496
0.97751
0.98031
0.98067
0.95995
0.94626
0.91417
0.86999
0.78795
0.60843
0.61801
0.62328
0.53988
0.47951
0.75011
0.76207
0.75158
0.75738
0.80084
0.82231
0.79064
0.78493
0.76864
0.78037
0.79946
0.82612
0.81669
0.79781
0.78482
0.74855
0.74179
0.74845
0.78396
0.80019
0.80838
0.79997
0.78183
0.77232
0.76325
0.77625
0.77801
0.78966
0.77592
0.76722
0.78009
0.83937
0.76845
0.77713
0.86136
0.83888
0.92868
0.8807
0.76338
0.81192
0.73328
0.74596
0.93555
0.9385
0.93491
0.90606
0.83124
0.81062
0.80502
0.74797
0.73149
0.7577
0.74286
0.73361
0.74257
0.73255
0.7581
0.74703
0.79795
0.85839
0.85845
0.86878
0.87572
0.79234
0.75299
0.69219
0.6865
0.85885
0.86763
0.67268
0.66438
0.65667
0.65553
0.82584
0.89159
0.90057
0.90348
0.9128
0.91717
0.92257
0.92028
0.90878
0.88494
0.89367
0.90465
0.91024
0.919
0.90013
0.88916
0.87148
0.86264
0.85132
0.84591
0.83628
0.84859
0.80754
0.75512
0.70803
0.71886
0.71835
0.60312
0.49853
0.45074
0.41063
0.43907
0.53425
0.8684
0.87839
0.89152
0.90144
0.89911
0.91054
0.907
0.90389
0.89558
0.89892
0.90111
0.90898
0.90614
0.91525
0.92344
0.66302
0.59223
0.56503
0.60523
0.67723
0.90566
0.91335
0.91695
0.89674
0.84931
0.80896
0.78981
0.82034
0.8353
0.76805
0.65657
0.64207
0.6724
0.69048
0.6988
0.71499
0.70576
0.69364
0.67388
0.63106
0.65148
0.67404
0.68903
0.4966
0.3192
0.32076
0.30976
0.30823
0.31308
0.35799
0.44804
0.45923
0.47995
0.50041
0.52326
0.50253
0.52604
0.53898
0.49064
0.49293
0.45623
0.4155
0.39575
0.36836
0.3523
0.35662
0.36444
0.37286
0.36843
0.36688
0.35414
0.355
0.39476
0.43491
0.47791
0.7193
0.53025
0.53895
0.61811
0.64113
0.63454
0.57151
0.53758
0.5673
0.51723
0.51235
0.50242
0.553
0.56099
0.47033
0.44833
0.55466
0.61273
0.61055
0.59732
0.60012
0.59491
0.59311
0.62142
0.62564
0.60964
0.54456
0.40062
0.33512
0.33913
0.39215
0.41983
0.43611
0.4694
0.66745
0.66105
0.66099
0.66515
0.71863
0.73906
0.74297
0.75225
0.78321
0.8017
0.81086
0.82446
0.83531
0.84243
0.84755
0.85044
0.85836
0.86572
0.8645
0.85986
0.8563
0.86027
0.86374
0.86694
0.86974
0.8706
0.87258
0.86962
0.87051
0.87347
0.8728
0.87763
0.88051
0.86095
0.8671
0.87001
0.85509
0.83521
0.8262
0.83194
0.83643
0.82112
0.78691
0.75162
0.69341
0.49238
0.44861
0.81153
0.85344
0.87224
0.88923
0.89895
0.90286
0.90503
0.91458
0.91135
0.9131
0.90754
0.89838
0.86894
0.84645
0.83427
0.81121
0.79068
0.81899
0.83362
0.83754
0.8313
0.82541
0.81584
0.80774
0.79623
0.74014
0.67506
0.62488
0.5603
0.54833
0.42834
0.37595
0.43005
0.83633
0.8833
0.87897
0.91311
0.93426
0.92125
0.9363
0.94345
0.93766
0.94212
0.92336
0.62027
0.6024
0.62418
0.92106
0.932
0.87991
0.89824
0.88893
0.88016
0.85532
0.85481
0.85859
0.84801
0.83948
0.83891
0.83483
0.83544
0.83537
0.83059
0.83294
0.83034
0.83695
0.83441
0.82879
0.82544
0.81899
0.81694
0.81499
0.80955
0.81248
0.80849
0.79469
0.75547
0.7091
0.67916
0.61378
0.55593
0.74421
0.81812
0.83817
0.76879
0.78188
0.79507
0.80621
0.80502
0.80352
0.80182
0.7773
0.76348
0.69353
0.64353
0.64001
0.67255
0.66778
0.62724
0.51429
0.41074
0.39872
0.39302
0.40683
0.51479
0.64941
0.70504
0.66922
0.72433
0.7338
0.72132
0.65748
0.62588
0.62312
0.63711
0.66461
0.66719
0.67154
0.67489
0.68099
0.68292
0.66289
0.65982
0.66984
0.67435
0.69222
0.69462
0.70019
0.70958
0.71526
0.74082
0.69744
0.65655
0.60392
0.58621
0.58135
0.61848
0.69424
0.71418
0.7225
0.73911
0.76311
0.75432
0.75564
0.78727
0.76635
0.65644
0.64983
0.67587
0.74997
0.67762
0.6356
0.63355
0.62047
0.60564
0.58023
0.60751
0.63219
0.61775
0.62624
0.61725
0.60751
0.6544
0.63007
0.61453
0.62926
0.63802
0.65786
0.66788
0.68396
0.63484
0.6571
0.85394
0.70466
0.7081
0.7619
0.676
0.60792
0.80033
0.68922
0.63629
0.63032
0.61042
0.64729
0.77141
0.78812
0.81522
0.82704
0.83718
0.83325
0.83255
0.81403
0.81277
0.74602
0.51915
0.40809
0.48437
0.55188
0.80407
0.84574
0.86287
0.73563
0.54881
0.58421
0.56875
0.62054
0.85789
0.88402
0.88259
0.87868
0.87299
0.78698
0.76986
0.79485
0.79655
0.79297
0.81405
0.81811
0.81405
0.81293
0.81394
0.81333
0.80648
0.77692
0.7482
0.69838
0.6699
0.65416
0.69186
0.60229
0.59568
0.57992
0.57639
0.59966
0.65282
0.62842
0.62191
0.62699
0.80933
0.8225
0.82995
0.843
0.83729
0.82969
0.82255
0.81994
0.8008
0.77224
0.73118
0.69186
0.66535
0.66698
0.67451
0.66262
0.63707
0.58971
0.51171
0.58361
0.69909
0.74185
0.76135
0.72737
0.69476
0.64646
0.63291
0.60659
0.57585
0.56397
0.60164
0.56532
0.57322
0.59396
0.6162
0.6319
0.64088
0.68304
0.67486
0.67998
0.67745
0.683
0.67607
0.67358
0.68352
0.68745
0.68918
0.68562
0.6762
0.66739
0.66278
0.66097
0.66601
0.67462
0.68478
0.68467
0.68128
0.6872
0.60187
0.51111
0.42818
0.35488
0.314
0.28929
0.27522
0.26958
0.30454
0.32982
0.23857
0.15812
0.12475
0.13775
0.17805
0.26277
0.31875
0.33403
0.25416
0.34807
0.38442
0.37394
0.55259
0.7149
0.72528
0.774
0.79403
0.74014
0.69037
0.64107
0.62269
0.65794
0.71279
0.69413
0.72409
0.76613
0.7743
0.7707
0.76466
0.75081
0.73275
0.73936
0.73966
0.73927
0.74495
0.6249
0.50297
0.43867
0.37183
0.34752
0.39439
0.47223
0.52513
0.52569
0.45082
0.29833
0.28373
0.29034
0.34604
0.4477
0.59631
0.5897
0.59136
0.59613
0.60346
0.66022
0.71954
0.68945
0.77104
0.84085
0.8569
0.86938
0.84566
0.76865
0.64214
0.76537
0.59149
0.5759
0.59427
0.67235
0.7552
0.85171
0.8647
0.82533
0.85732
0.874
0.86636
0.87335
0.87033
0.86047
0.85445
0.83816
0.78029
0.67787
0.58759
0.53564
0.45922
0.41338
0.38932
0.37927
0.3783
0.39216
0.46254
0.87182
0.87414
0.87751
0.88076
0.87028
0.83803
0.85888
0.90216
0.93473
0.92589
0.92103
0.9239
0.91595
0.91061
0.90665
0.90422
0.90247
0.89754
0.89335
0.8933
0.88875
0.88234
0.87578
0.86269
0.83703
0.81913
0.79696
0.77948
0.79269
0.79429
0.60198
0.53725
0.49929
0.49161
0.46499
0.5113
0.746
0.62242
0.63115
0.63626
0.63971
0.59682
0.54754
0.47522
0.48607
0.56342
0.57866
0.5448
0.51435
0.69018
0.63914
0.5764
0.56846
0.62713
0.76856
0.6401
0.60255
0.6458
0.69524
0.66711
0.66219
0.66824
0.58352
0.53581
0.47813
0.47411
0.47961
0.44002
0.45573
0.52296
0.56665
0.60134
0.6129
0.61183
0.60883
0.60143
0.60209
0.6038
0.55236
0.54731
0.53881
0.53528
0.53536
0.52637
0.50045
0.4441
0.45313
0.48263
0.63925
0.7035
0.68989
0.60089
0.61975
0.64581
0.72689
0.60064
0.76868
0.76418
0.75418
0.75916
0.75876
0.73769
0.73885
0.70872
0.65878
0.75859
0.78758
0.78779
0.80587
0.8097
0.81628
0.80433
0.75637
0.77415
0.77097
0.72708
0.77752
0.78975
0.79356
0.79323
0.80474
0.80611
0.80425
0.79811
0.79912
0.80367
0.80545
0.80745
0.81185
0.81288
0.81627
0.82195
0.82777
0.83095
0.81974
0.80676
0.81611
0.82377
0.72226
0.63838
0.52027
0.59434
0.58836
0.60621
0.54233
0.53878
0.51472
0.50049
0.49461
0.50645
0.50257
0.50845
0.58033
0.57728
0.56235
0.57118
0.5655
0.56382
0.56561
0.57615
0.5813
0.60333
0.6355
0.65263
0.6394
0.60989
0.70068
0.7027
0.70149
0.71949
0.68497
0.56029
0.48248
0.50366
0.51077
0.64745
0.65436
0.63904
0.63686
0.70689
0.6875
0.75391
0.798
0.77217
0.75553
0.70248
0.66673
0.65921
0.70075
0.68859
0.64816
0.65414
0.64557
0.6215
0.63602
0.63815
0.6368
0.63658
0.66034
0.6623
0.64467
0.59734
0.58805
0.55495
0.55947
0.53166
0.51469
0.53102
0.5775
0.59012
0.52836
0.58527
0.5973
0.66824
0.64673
0.61001
0.55673
0.56911
0.50677
0.52239
0.54765
0.51929
