0.67236
0.8093
0.73309
0.61464
0.55488
0.58538
0.62726
0.65927
0.62721
0.64865
0.61548
0.60694
0.6077
0.60157
0.59813
0.60025
0.61243
0.6257
0.6201
0.59805
0.55191
0.54762
0.53424
0.5973
0.61154
0.61163
0.60452
0.63319
0.71217
0.79145
0.62545
0.62747
0.63819
0.64271
0.6382
0.6355
0.66607
0.64064
0.66002
0.64898
0.65102
0.65692
0.65218
0.66829
0.65991
0.66247
0.65671
0.66378
0.66577
0.66618
0.66298
0.6612
0.64752
0.65146
0.65263
0.67659
0.66384
0.64709
0.65178
0.6509
0.65736
0.68817
0.69941
0.68343
0.65995
0.62877
0.63685
0.63873
0.6427
0.64513
0.64529
0.63219
0.62463
0.60696
0.62839
0.6393
0.64035
0.65509
0.7538
0.85198
0.87245
0.87391
0.86457
0.86716
0.86507
0.84487
0.7899
0.73042
0.66412
0.64057
0.61319
0.62654
0.77597
0.76236
0.75421
0.74415
0.70144
0.68003
0.67675
0.66611
0.64265
0.59492
0.53057
0.60577
0.60855
0.59878
0.57827
0.57744
0.59535
0.60329
0.60418
0.60158
0.59661
0.62343
0.65098
0.64275
0.64116
0.63582
0.62957
0.61865
0.62788
0.85321
0.67262
0.61371
0.62268
0.6391
0.65192
0.59289
0.58026
0.58428
0.58666
0.61553
0.64458
0.61266
0.55487
0.54044
0.59042
0.67375
0.65959
0.65896
0.66201
0.66389
0.66119
0.65413
0.64076
0.61295
0.6001
0.58437
0.57444
0.56653
0.57171
0.55959
0.55746
0.55969
0.55873
0.5524
0.54387
0.52208
0.50898
0.51645
0.51472
0.52019
0.53732
0.61618
0.83358
0.83832
0.84705
0.84864
0.80822
0.64841
0.50378
0.32521
0.34005
0.37037
0.50814
0.75877
0.7566
0.74035
0.80771
0.76874
0.69095
0.64634
0.63461
0.62202
0.62254
0.61598
0.61888
0.61714
0.62056
0.62887
0.63272
0.62355
0.61755
0.61772
0.62431
0.62125
0.62313
0.62186
0.61308
0.61034
0.61537
0.62213
0.6256
0.63415
0.62295
0.61802
0.63189
0.63595
0.59159
0.58969
0.56233
0.51122
0.48402
0.47404
0.33672
0.41191
0.53182
0.60847
0.73329
0.69539
0.62111
0.59236
0.59126
0.55999
0.56322
0.563
0.55851
0.56477
0.56003
0.55819
0.56072
0.556
0.55356
0.57159
0.59116
0.57622
0.52925
0.48914
0.46751
0.47429
0.45565
0.45686
0.47057
0.47108
0.51476
0.52925
0.51484
0.49868
0.5378
0.53619
0.55349
0.59473
0.6373
0.68198
0.67967
0.69649
0.67924
0.67375
0.63049
0.59355
0.59
0.56181
0.5106
0.52922
0.63143
0.70476
0.65718
0.66299
0.66431
0.65404
0.68993
0.54246
0.56255
0.58701
0.60297
0.6025
0.59633
0.60125
0.65553
0.64502
0.63154
0.53085
0.56277
0.45899
0.58884
0.57596
0.57555
0.61581
0.58907
0.57335
0.59628
0.59398
0.60447
0.61169
0.58919
0.60881
0.6136
0.61515
0.61234
0.60995
0.6219
0.64428
0.65561
0.66253
0.67975
0.6951
0.7056
0.71832
0.69824
0.65737
0.61706
0.61688
0.6166
0.59301
0.60459
0.65915
0.63304
0.59411
0.56494
0.55507
0.55362
0.57217
0.49336
0.4056
0.39386
0.35066
0.35552
0.39455
0.45845
0.57476
0.72564
0.71604
0.73582
0.74389
0.73912
0.74869
0.70993
0.6909
0.66923
0.65236
0.6763
0.71269
0.66762
0.63937
0.63092
0.58285
0.55518
0.47098
0.45185
0.41383
0.34906
0.33553
0.43147
0.78979
0.79183
0.78809
0.78691
0.78758
0.77783
0.76759
0.76779
0.76125
0.75132
0.70982
0.65202
0.68099
0.71851
0.67061
0.70589
0.64745
0.67893
0.69013
0.60064
0.47072
0.47247
0.47235
0.39889
0.58509
0.77741
0.73757
0.65946
0.72181
0.6838
0.65216
0.67751
0.7284
0.76997
0.78414
0.79323
0.79134
0.76725
0.66829
0.60834
0.67975
0.66446
0.67021
0.68373
0.63825
0.64736
0.64119
0.64341
0.63326
0.64148
0.63872
0.6526
0.67474
0.66672
0.55646
0.4832
0.44107
0.4428
0.46639
0.52249
0.55554
0.56257
0.55325
0.53216
0.58216
0.70437
0.76088
0.71007
0.78135
0.71739
0.6449
0.60852
0.57925
0.60835
0.63179
0.635
0.63978
0.72834
0.7294
0.70274
0.68535
0.71353
0.67598
0.71323
0.71502
0.65723
0.62251
0.63032
0.61567
0.60328
0.65123
0.67003
0.62221
0.66162
0.60857
0.61017
0.69476
0.71245
0.69368
0.70399
0.70295
0.7276
0.60076
0.71704
0.60223
0.52958
0.52823
0.59992
0.70879
0.76534
0.75783
0.71172
0.65611
0.60431
0.57883
0.5523
0.5182
0.48305
0.38803
0.52406
0.57225
0.58314
0.57955
0.62503
0.66087
0.58734
0.57995
0.58909
0.61449
0.62586
0.61569
0.64686
0.66706
0.72203
0.71746
0.70359
0.68522
0.64621
0.617
0.59757
0.59121
0.6136
0.61805
0.61535
0.60827
0.59757
0.6003
0.59122
0.59422
0.60446
0.59916
0.58926
0.58485
0.57885
0.59049
0.58454
0.57323
0.62391
0.62822
0.67577
0.70117
0.71083
0.74723
0.68009
0.63788
0.669
0.61039
0.67581
0.75347
0.66449
0.68507
0.6955
0.74072
0.73224
0.73907
0.70876
0.73757
0.70316
0.72579
0.75264
0.73596
0.7115
0.68147
0.6881
0.59028
0.55245
0.579
0.56673
0.73766
0.72625
0.73151
0.68265
0.64177
0.60514
0.60681
0.53375
0.62944
0.77068
0.76797
0.76662
0.77926
0.71723
0.73623
0.69616
0.70207
0.70954
0.72623
0.69371
0.70193
0.63936
0.61533
0.60477
0.61326
0.77287
0.79202
0.74274
0.82335
0.80558
0.7896
0.799
0.81179
0.81476
0.82099
0.8273
0.84317
0.85423
0.86748
0.87396
0.88201
0.88095
0.88207
0.88078
0.88448
0.88547
0.8636
0.63769
0.55901
0.51901
0.50025
0.57571
0.61381
0.85444
0.64729
0.70069
0.6475
0.64354
0.64121
0.63295
0.62159
0.62003
0.62697
0.6194
0.79129
0.85973
0.80448
0.76944
0.81153
0.84164
0.74971
0.86317
0.85334
0.62821
0.61938
0.65317
0.69682
0.7113
0.71283
0.74562
0.7411
0.83385
0.82573
0.81248
0.80066
0.7965
0.79304
0.72402
0.67292
0.66172
0.75143
0.6721
0.57242
0.45697
0.41696
0.48418
0.53237
0.57151
0.59556
0.63939
0.71016
0.74351
0.74757
0.65536
0.57088
0.4722
0.40536
0.39844
0.35891
0.73254
0.75302
0.77168
0.71264
0.68424
0.65042
0.59243
0.56045
0.52495
0.50544
0.511
0.51668
0.52218
0.54992
0.46914
0.43278
0.47936
0.50509
0.53113
0.55193
0.56032
0.57054
0.56684
0.57316
0.59051
0.63414
0.50571
0.55875
0.6412
0.83679
0.80429
0.8137
0.74325
0.64294
0.6121
0.61849
0.70935
0.85525
0.87565
0.90031
0.9016
0.89645
0.69154
0.61561
0.8765
0.88206
0.87555
0.8754
0.86785
0.86609
0.83632
0.8214
0.76247
0.71475
0.73013
0.6897
0.68626
0.69633
0.67733
0.68625
0.67162
0.59034
0.54122
0.5526
0.54132
0.53798
0.49736
0.49371
0.47938
0.49443
0.51605
0.49181
0.50747
0.49014
0.47942
0.52043
0.5648
0.73234
0.72469
0.73917
0.74921
0.7353
0.65606
0.61325
0.58476
0.5668
0.56644
0.69222
0.71828
0.68778
0.66251
0.61926
0.61267
0.60795
0.61057
0.59219
0.59767
0.60311
0.60594
0.61811
0.62676
0.58726
0.64061
0.70525
0.68837
0.61011
0.61579
0.63274
0.53392
0.77565
0.84638
0.72442
0.6448
0.6326
0.63281
0.70874
0.67311
0.70246
0.72871
0.85814
0.86434
0.86546
0.87899
0.85018
0.79798
0.76081
0.7122
0.72813
0.66447
0.51301
0.55746
0.83199
0.82489
0.85976
0.86792
0.8684
0.86395
0.87429
0.85938
0.82554
0.67024
0.68601
0.67589
0.68923
0.70147
0.72673
0.71792
0.74648
0.75151
0.74929
0.76893
0.77192
0.75568
0.68962
0.65674
0.61609
0.61771
0.61181
0.63848
0.67156
0.66325
0.69892
0.64656
0.63771
0.60923
0.64191
0.71136
0.66847
0.67479
0.66539
0.67227
0.62487
0.74015
0.70199
0.66013
0.64382
0.62962
0.60684
0.5684
0.59906
0.60189
0.59348
0.6105
0.62208
0.60272
0.60829
0.59139
0.58564
0.6
0.60006
0.62018
0.63108
0.64397
0.64685
0.64544
0.64454
0.661
0.68127
0.6967
0.71191
0.70186
0.64718
0.60678
0.59987
0.60465
0.61134
0.625
0.60744
0.49056
0.50566
0.54241
0.56112
0.57601
0.57797
0.57237
0.7601
0.57679
0.67705
0.50177
0.57867
0.63851
0.66714
0.69356
0.64486
0.67436
0.77257
0.76439
0.75552
0.81036
0.81442
0.80354
0.82222
0.83445
0.82367
0.70565
0.64694
0.66903
0.74505
0.8857
0.8928
0.89687
0.89361
0.84095
0.89626
0.92076
0.90213
0.85472
0.81858
0.85871
0.83736
0.79006
0.73865
0.70816
0.68465
0.5884
0.54583
0.57667
0.60061
0.61405
0.66603
0.75988
0.84616
0.9198
0.92947
0.9201
0.91751
0.91989
0.92781
0.94221
0.938
0.93438
0.92417
0.6738
0.63096
0.85873
0.95897
0.96468
0.87132
0.87423
0.8931
0.89558
0.88688
0.85664
0.86786
0.77191
0.85264
0.78472
0.7182
0.7113
0.87138
0.77887
0.6646
0.74871
0.66647
0.79558
0.77888
0.76418
0.78499
0.91031
0.87653
0.8812
0.87438
0.8721
0.87186
0.87172
0.85109
0.70698
0.65687
0.61792
0.67902
0.66823
0.67013
0.66973
0.64316
0.60325
0.62377
0.637
0.62364
0.62736
0.76579
0.61924
0.61896
0.72215
0.65559
0.69313
0.72915
0.66056
0.65433
0.66206
0.64926
0.62379
0.82047
0.73089
0.71784
0.75749
0.72953
0.7043
0.70284
0.69762
0.69182
0.60384
0.645
0.70871
0.68997
0.65813
0.65058
0.66187
0.64373
0.65284
0.64696
0.63617
0.64353
0.63101
0.62992
0.61955
0.61357
0.65138
0.65186
0.64549
0.63054
0.63282
0.61318
0.58305
0.56786
0.6508
0.6643
0.72919
0.75757
0.71937
0.891
0.87436
0.88015
0.88107
0.78972
0.87154
0.7997
0.7342
0.71811
0.69207
0.61348
0.61745
0.66434
0.65659
0.66593
0.6595
0.66349
0.69935
0.80853
0.87096
0.86944
0.87001
0.88892
0.8894
0.87455
0.85301
0.89546
0.84367
0.84833
0.80359
0.77234
0.76892
0.71089
0.68434
0.67309
0.62552
0.66154
0.68056
0.67358
0.6695
0.66461
0.65537
0.66549
0.6831
0.68772
0.69999
0.69908
0.69116
0.68604
0.63779
0.61494
0.645
0.65465
0.7109
0.78766
0.77889
0.74628
0.72854
0.62337
0.66117
0.7154
0.73423
0.72252
0.7388
0.75689
0.68516
0.87882
0.72643
0.74017
0.71527
0.70254
0.70304
0.70552
0.71462
0.68023
0.67354
0.71873
0.73627
0.73059
0.69933
0.80634
0.78724
0.79846
0.80772
0.93244
0.81914
0.79325
0.78262
0.75388
0.79437
0.82861
0.77778
0.81965
0.81066
0.77135
0.78857
0.71561
0.53694
0.58295
0.70837
0.9515
0.97757
0.98579
0.99162
0.99205
0.98405
0.98535
0.99042
0.96351
0.97953
0.9602
0.96822
0.87406
0.7932
0.77656
0.75698
0.76501
0.82794
0.87923
0.89397
0.88806
0.91025
0.94193
0.99942
0.99889
0.99873
0.95905
0.95767
0.98546
0.99496
0.99521
0.99582
0.98829
0.96716
0.95327
0.94253
0.95399
0.9734
0.98468
0.98749
0.98568
0.92922
0.72637
0.7694
0.80893
0.86437
0.79339
0.83122
0.79408
0.72562
0.75535
0.74025
0.7633
0.81816
0.78846
0.79082
0.8253
0.91971
0.95268
0.952
0.94416
0.93791
0.9204
0.94493
0.94614
0.94174
0.93536
0.9214
0.90629
0.76154
0.74724
0.83862
0.64864
0.74044
0.74755
0.75746
0.71042
0.6393
0.64858
0.62664
0.68618
0.7027
0.90926
0.83186
0.86776
0.75851
0.69056
0.5982
0.61255
0.64348
0.65641
0.77737
0.76398
0.72775
0.71366
0.66737
0.57761
0.6542
0.75442
0.76351
0.78055
0.76032
0.72672
0.73222
0.70784
0.70553
0.70877
0.69898
0.67703
0.62586
0.92297
0.94133
0.95576
0.95774
0.9555
0.96883
0.97507
0.9852
1.0002
1.0009
0.99929
0.9352
0.99316
1.0006
0.99198
0.97416
0.96047
0.92523
0.87708
0.85321
0.85829
0.96854
0.98181
0.97918
0.95745
0.92237
0.95844
0.9195
0.93646
0.91891
0.88925
0.8741
0.88109
0.89805
0.87457
0.92635
0.91107
0.90903
0.90671
0.74812
0.81394
0.85712
0.80904
0.89902
0.91426
0.91615
0.9169
0.90977
0.89819
0.62204
0.65972
0.70293
0.77675
0.76126
0.75806
0.74327
0.75035
0.72639
0.72564
0.68564
0.69761
0.58111
0.53892
0.72366
0.7005
0.67949
0.74769
0.77545
0.81133
0.83993
0.80023
0.60948
0.55818
0.55159
0.61013
0.62436
0.59144
0.56916
0.55106
0.52054
0.638
0.65021
0.7738
0.78088
0.79523
0.94719
0.91807
0.90493
0.87004
0.86855
0.84404
0.87014
0.88513
0.87501
0.83406
0.82561
0.97533
0.98745
0.9916
0.98567
0.91576
0.83163
0.80013
0.83939
0.82224
0.81341
0.77726
0.73327
0.76397
0.82979
0.83915
0.95537
0.92021
0.91212
0.8912
0.925
0.9094
0.89214
0.81357
0.81744
0.6876
0.63731
0.68768
0.79725
0.83949
0.81384
0.81707
0.76398
0.70715
0.63664
0.62693
0.65115
0.68172
0.71627
0.84399
0.89366
0.88853
0.86052
0.80715
0.74335
0.68241
0.75738
0.80244
0.82862
0.78155
0.82766
0.86192
0.87558
0.88872
0.88705
0.84662
0.85592
0.76984
0.7513
0.75364
0.79248
0.75605
0.68383
0.68861
0.68496
0.6865
0.64422
0.6508
0.69995
0.95982
0.96893
0.98579
0.9968
0.99628
0.99823
0.9993
0.99073
0.98178
0.98088
0.95598
0.97028
0.96871
0.97276
0.93921
0.93778
0.94625
0.96046
0.94951
0.974
0.97664
0.9899
0.99889
0.99826
0.98419
0.96196
0.94627
0.90479
0.83503
0.79704
0.76736
0.81125
0.83236
0.81149
0.77548
0.69151
0.66858
0.56698
0.95749
0.85859
0.7494
0.83637
0.77298
0.67961
0.6369
0.65725
0.69872
0.70978
0.70585
0.7065
0.68663
0.65275
0.59327
0.5509
0.67932
0.7102
0.75155
0.78316
0.78784
0.75355
0.65985
0.54716
0.69565
0.7421
0.80316
0.81162
0.75286
0.7304
0.62987
0.70009
0.65306
0.74087
0.80008
0.82509
0.77236
0.68767
0.64839
0.60627
0.61577
0.73071
0.92607
0.73885
0.7102
0.89886
0.94001
0.94809
0.93551
0.93902
0.94221
0.91243
0.78476
0.74534
0.70101
0.66877
0.73443
0.78418
0.84902
0.83889
0.81943
0.77465
0.72838
0.69806
0.8798
0.92754
0.96522
0.97452
0.97083
0.79633
0.92966
0.94181
0.78901
0.86476
0.91647
0.93237
0.89482
0.86435
0.86104
0.84247
0.87625
0.92735
0.9086
0.92698
0.87899
0.83122
0.72494
0.70732
0.75767
0.74881
0.79742
0.86553
0.83148
0.80734
0.71064
0.72492
0.79855
0.89356
0.97981
1.0008
0.96365
0.95064
0.93682
0.90692
0.92474
0.87009
0.81904
0.84999
0.80447
0.79992
0.7048
0.67616
0.66503
0.62837
0.67115
0.70826
0.95248
0.97749
0.97352
0.96874
0.94714
0.94802
0.93702
0.94479
0.92558
0.86573
0.85025
0.83698
0.80459
0.81938
0.79932
0.7888
0.7691
0.73065
0.70582
0.72232
0.88298
0.98961
0.96939
0.96859
0.9466
0.93334
0.94462
0.95086
0.95731
0.95043
0.94907
0.92942
0.89243
0.89655
0.92199
0.92642
0.95277
0.9475
0.9356
0.94638
0.90079
0.90956
0.9113
0.93106
0.9423
0.95086
0.94803
0.94232
0.92218
0.92934
0.91931
0.91933
0.95065
0.92574
0.94988
0.94825
0.86415
0.76412
0.68665
0.70323
0.73571
0.88597
0.90969
0.92963
0.94844
0.98388
0.97819
0.99202
0.9846
0.94832
0.86791
0.75606
0.71442
0.82782
0.87808
0.8853
0.9211
0.91924
0.93147
0.95214
0.90767
0.86615
0.87168
0.84786
0.82679
0.81959
0.75997
0.7525
0.70083
0.64448
0.62242
0.61493
0.66237
0.70866
0.77541
0.72174
0.69536
0.69827
0.65348
0.70218
0.73044
0.72567
0.74563
0.75944
0.74343
0.71173
0.67977
0.65431
0.71182
0.75743
0.77753
0.78323
0.78705
0.83505
0.82888
0.80022
0.78458
0.76884
0.81044
0.78761
0.73298
0.73131
0.69915
0.64729
0.7221
0.73255
0.72433
0.72344
0.72803
0.72516
0.68448
0.69221
0.75176
0.78948
0.78866
0.78052
0.78323
0.71196
0.86317
0.75646
0.73642
0.77172
0.78158
0.79758
0.78634
0.76612
0.70432
0.67878
0.8006
0.9785
0.81772
0.8094
0.94713
0.80047
0.84578
0.97299
0.75307
0.76067
0.75167
0.76151
0.7473
0.73258
0.75031
0.69866
0.90999
0.92108
0.80451
0.79562
0.8166
0.82483
0.79031
0.71725
0.76868
0.76364
0.74677
0.72859
0.95103
0.96791
0.95245
0.95526
0.96198
0.958
0.95645
0.94925
0.92878
0.87342
0.74368
0.75345
0.73974
0.83752
0.92694
0.917
0.90956
0.80456
0.80334
0.88076
0.8013
0.71171
0.82521
0.77927
0.71479
0.6745
0.61668
0.64713
0.67681
0.69085
0.87426
0.94556
0.9502
0.90868
0.83842
0.77419
0.71552
0.7195
0.77197
0.68534
0.65024
0.62732
0.59627
0.61571
0.72493
0.72812
0.76942
0.94039
0.96472
0.92281
0.90004
0.98367
0.991
0.99194
0.99957
0.9971
0.9982
0.99707
1.0002
0.99918
0.99889
0.99757
0.9994
0.99966
0.95124
0.96961
0.98547
0.98694
0.99245
0.97034
0.93465
0.96637
0.97124
0.97894
0.98624
0.99177
0.9933
0.99679
0.99577
0.9949
0.97889
0.99843
0.99903
1.0005
0.99413
0.97486
0.95619
0.90786
0.86117
0.88648
0.83192
0.86176
0.79973
0.80317
0.73204
0.4857
0.34651
0.29908
0.3369
0.37016
0.37444
0.34136
0.28407
0.25714
0.2384
0.25691
0.30405
0.33351
0.35787
0.3787
0.43415
0.47055
0.44024
0.40589
0.37428
0.371
0.38545
0.42434
0.47121
0.49539
0.42275
0.38713
0.3519
0.33141
0.367
0.63809
0.69071
0.66261
0.69209
0.68233
0.67238
0.62717
0.58583
0.58261
0.5922
0.52426
0.56903
0.61786
0.5003
0.38542
0.37411
0.37431
0.36141
0.36964
0.37729
0.42481
0.48765
0.54668
0.5924
0.57501
0.49329
0.45372
0.41964
0.42783
0.423
0.43809
0.45926
0.50259
0.57621
0.6401
0.70759
0.76854
0.94353
0.73205
0.64325
0.61833
0.65828
0.69575
0.72125
0.69605
0.69092
0.69361
0.92189
0.93768
0.94871
0.95486
0.96359
0.96756
0.97211
0.97629
0.97757
0.96851
0.96315
0.96143
0.94678
0.91878
0.82607
0.94049
0.87785
0.85255
0.83255
0.80396
0.80104
0.77453
0.73953
0.72097
0.71436
0.77263
0.86299
0.88949
0.91795
0.88515
0.83584
0.8112
0.77746
0.77641
0.69766
0.56282
0.57273
0.61846
0.60697
0.59286
0.63117
0.66931
0.69294
0.72236
0.74993
0.77636
0.80026
0.80219
0.8214
0.86363
0.90047
0.91113
0.92973
0.94619
0.95609
0.95227
0.91397
0.89386
0.88333
0.87277
0.80527
0.79011
0.80291
0.76899
0.70663
0.64838
0.56729
0.56447
0.58205
0.59493
0.59529
0.57355
0.54936
0.56358
0.57347
0.60745
0.74719
0.81754
0.90577
0.95566
0.97919
0.99893
0.83539
0.49468
0.48003
0.60043
0.71265
0.75805
0.81945
0.83006
0.85026
0.80233
0.72786
0.65094
0.50227
0.45831
0.44866
0.47489
0.51257
0.53067
0.55408
0.56668
0.57157
0.60153
0.61301
0.62645
0.61537
0.58318
0.58538
0.60041
0.61632
0.6139
0.6287
0.65655
0.64833
0.64957
0.64241
0.64646
0.65057
0.64899
0.66543
0.68435
0.68725
0.68596
0.68168
0.67071
0.66647
0.67773
0.68485
0.67852
0.66237
0.65959
0.62656
0.61548
0.61052
0.61387
0.62966
0.65888
0.69456
0.74758
0.78416
0.80949
0.79647
0.759
0.72292
0.71149
0.7374
0.7545
0.74355
0.65788
0.58817
0.65249
0.81343
0.8269
0.84668
0.85123
0.86915
0.87908
0.89272
0.88094
0.85979
0.83765
0.8358
0.83699
0.84321
0.8741
0.88586
0.87233
0.78672
0.77232
0.75424
0.72565
0.65128
0.64924
0.72218
0.81465
0.81495
0.80217
0.81593
0.81644
0.82386
0.84685
0.70662
0.66824
0.7002
0.58655
0.5586
0.55095
0.5823
0.61044
0.5672
0.49648
0.36629
0.27623
0.23792
0.22472
0.23219
0.24707
0.27862
0.31357
0.36898
0.59099
0.6595
0.82986
0.85113
0.81554
0.89741
0.90898
0.91184
0.88878
0.89998
0.90359
0.90783
0.92673
0.92593
0.88573
0.7467
0.70555
0.70316
0.66472
0.63017
0.64448
0.66137
0.70292
0.7235
0.77883
0.71374
0.76726
0.75566
0.69948
0.67793
0.66354
0.67556
0.69403
0.71228
0.73903
0.73831
0.73371
0.73655
0.72929
0.71342
0.71586
0.76539
0.80766
0.77875
0.67368
0.53433
0.45875
0.45572
0.43698
0.42452
0.44799
0.85621
0.8304
0.91983
0.92041
0.69291
0.92396
0.92995
0.93365
0.92921
0.93273
0.9293
0.91666
0.87992
0.87611
0.896
0.89647
0.91113
0.91487
0.91503
0.9198
0.91603
0.92094
0.90445
0.88581
0.86956
0.88322
0.82684
0.76464
0.71057
0.68618
0.69121
0.7647
0.75027
0.70883
0.67417
0.66168
0.65359
0.66451
0.64662
0.6315
0.54111
0.56026
0.59685
0.63943
0.66176
0.66938
0.63893
0.62021
0.59598
0.56351
0.57087
0.60408
0.58185
0.53784
0.51349
0.5112
0.51991
0.50258
0.48607
0.47664
0.49632
0.57958
0.53093
0.51995
0.44176
0.41527
0.45453
0.48543
0.49297
0.49678
0.49908
0.48472
0.46297
0.44154
0.43656
0.45281
0.49153
0.71111
0.72684
0.73411
0.71365
0.69059
0.68631
0.65366
0.59807
0.56077
0.52981
0.53144
0.43563
0.30026
0.40204
0.50441
0.76114
0.80859
0.83668
0.86774
0.88261
0.89539
0.89149
0.86138
0.85004
0.81978
0.78249
0.7754
0.77842
0.79471
0.80748
0.80496
0.78268
0.78126
0.74723
0.70991
0.61977
0.66078
0.65407
0.659
0.63541
0.58545
0.56393
0.57044
0.61914
0.6502
0.64943
0.66678
0.68978
0.69729
0.70099
0.68076
0.69729
0.83938
0.76289
0.71094
0.67228
0.64792
0.63387
0.65629
0.67659
0.66784
0.63067
0.67925
0.76959
0.77378
0.7921
0.79515
0.77775
0.6874
0.56847
0.46716
0.32997
0.31076
0.2863
0.3248
0.39144
0.22097
0.27451
0.65031
0.66571
0.75855
0.71798
0.71102
0.6903
0.77332
0.88978
0.85744
0.84829
0.84253
0.83737
0.80264
0.75854
0.65618
0.65333
0.85797
0.87371
0.86613
0.79025
0.72337
0.7284
0.87115
0.88178
0.86574
0.86663
0.86344
0.8554
0.85249
0.83679
0.82933
0.80248
0.79766
0.73023
0.73145
0.73138
0.74194
0.73911
0.72765
0.71437
0.71989
0.72653
0.70469
0.70347
0.69268
0.68269
0.66645
0.66644
0.67416
0.68722
0.7252
0.68066
0.56377
0.56982
0.58112
0.30983
0.28952
0.31506
0.36195
0.46862
0.52326
0.59656
0.59356
0.5681
0.54974
0.52926
0.53446
0.68347
0.61308
0.74183
0.80522
0.64478
0.54342
0.55208
0.51051
0.52513
0.53689
0.44583
0.52723
0.50611
0.51933
0.66856
0.67424
0.68449
0.69132
0.70045
0.69857
0.67155
0.67954
0.68064
0.64519
0.66379
0.69698
0.67677
0.68635
0.66811
0.65713
0.6953
0.74771
0.77201
0.76099
0.84359
0.85104
0.78668
0.77335
0.81937
0.83095
0.83085
0.83546
0.83104
0.83556
0.73361
0.60982
0.48596
0.79498
0.72271
0.63152
0.64564
0.62264
0.66116
0.65989
0.94543
0.94725
0.94094
0.9408
0.94235
0.94828
0.84398
0.82691
0.79302
0.75943
0.82682
0.90117
0.93494
0.94515
0.94371
0.93408
0.91563
0.89914
0.88795
0.86487
0.82332
0.73381
0.72174
0.63755
0.61344
0.51692
0.42016
0.27766
0.23451
0.83752
0.88772
0.90955
0.92541
0.92715
0.9219
0.91448
0.91311
0.90995
0.90624
0.89823
0.89287
0.88844
0.88303
0.87525
0.86984
0.84088
0.8376
0.82444
0.82722
0.83
0.81788
0.81923
0.82163
0.81779
0.77469
0.73924
0.68596
0.51853
0.44308
0.42924
0.42684
0.44907
0.48699
0.41879
0.3894
0.42124
0.45955
0.51053
0.47778
0.4441
0.40408
0.39722
0.38792
0.88958
0.90369
0.54098
0.57902
0.88676
0.88854
0.89121
0.89232
0.88368
0.89846
0.69774
0.67685
0.66734
0.6636
0.6492
0.66058
0.73
0.8488
0.88478
0.8505
0.8178
0.81441
0.80462
0.79674
0.79912
0.80731
0.80627
0.79856
0.8005
0.80225
0.79676
0.78162
0.76719
0.74464
0.75376
0.7504
0.75024
0.74515
0.74847
0.76024
0.76421
0.76583
0.76668
0.75396
0.70633
0.64513
0.67669
0.66075
0.65524
0.68655
0.57166
0.64479
0.7372
0.75804
0.76308
0.75934
0.76788
0.77172
0.77387
0.776
0.77416
0.73131
0.69875
0.67335
0.69181
0.72116
0.71617
0.64999
0.65631
0.69135
0.69482
0.70693
0.72129
0.72859
0.7361
0.52798
0.73726
0.79219
0.83814
0.85171
0.84427
0.83651
0.81788
0.83956
0.82714
0.82968
0.82511
0.82599
0.8186
0.81335
0.78338
0.71281
0.65841
0.63019
0.61474
0.6318
0.66375
0.69111
0.71388
0.60434
0.4423
0.32735
0.31709
0.69373
0.77619
0.62405
0.79188
0.75154
0.70785
0.60796
0.6206
0.62873
0.63051
0.63378
0.65573
0.66245
0.67098
0.67065
0.66355
0.6746
0.67758
0.66937
0.66531
0.66374
0.64883
0.62299
0.63484
0.62913
0.66645
0.65157
0.65603
0.65818
0.65776
0.65422
0.6317
0.63781
0.64286
0.64926
0.64464
0.66421
0.63953
0.65043
0.58418
0.50509
0.47686
0.48518
0.52371
0.47792
0.45247
0.43004
0.46818
0.46287
0.46687
0.4764
0.42801
0.46543
0.48354
0.44884
0.44993
0.48247
0.49361
0.53874
0.55688
0.56449
0.55308
0.54518
0.53243
0.48852
0.50268
0.68162
0.65614
0.66735
0.65484
0.62153
0.61449
0.61419
0.64347
0.68837
0.67403
0.64638
0.61413
0.59984
0.6231
0.55002
0.53417
0.56865
0.5843
0.59177
0.59416
0.57354
0.54213
0.60003
0.60066
0.6282
0.61741
0.59624
0.60332
0.60255
0.59542
0.60342
0.58725
0.5748
0.62138
0.59546
0.56676
0.56662
0.57351
0.57641
0.5792
0.57813
0.58491
0.59845
0.58133
0.52052
0.54135
0.57431
0.58004
0.61406
0.63328
0.51621
0.45978
0.42967
0.42775
0.43864
0.45215
0.45807
0.47601
0.45978
0.40919
0.39617
0.3585
0.32992
0.313
0.39183
0.58763
0.66119
0.5504
0.55737
0.48282
0.43453
0.50022
0.56506
0.59467
0.62459
0.62395
0.62969
0.63301
0.61006
0.60523
0.61047
0.62636
0.62553
0.6087
0.60661
0.60394
0.60094
0.61997
0.61902
0.70621
0.70986
0.58014
0.56989
0.56991
0.55591
0.60227
0.68329
0.69027
0.72041
0.74236
0.73623
0.74575
0.748
0.73376
0.74414
0.74443
0.7583
0.71934
0.7496
0.76533
0.78684
0.79853
0.79487
0.79804
0.76905
0.7272
0.73324
0.70879
0.68318
0.68538
0.68168
0.7169
0.70439
0.70983
0.67076
0.60323
0.57081
0.60869
0.58892
0.56345
0.54977
0.54639
0.55306
0.54922
0.55851
0.55614
0.5548
0.55801
0.56374
0.56922
0.57711
0.58567
0.57865
0.5776
0.59886
0.58826
0.58763
0.59063
0.60399
0.60249
0.59136
0.60149
0.6074
0.62116
0.60905
0.62026
0.61322
0.60765
0.61712
0.62404
0.62963
0.62616
0.62207
0.62855
0.62251
0.59122
0.57391
0.52122
0.48165
0.43182
0.37716
0.34779
0.47281
0.42006
0.49759
0.59228
0.70539
0.69907
0.68051
0.71542
0.73519
0.72018
0.69372
0.5881
0.58368
0.57073
0.58922
0.59534
0.55578
0.55996
0.59869
0.73747
0.70406
0.64809
0.6529
0.7691
0.76177
0.78345
0.75944
0.75687
0.74077
0.74532
0.77807
0.76927
0.79708
0.74213
0.7534
0.56198
0.45916
0.42859
0.39159
0.34027
0.30039
0.32507
0.35764
0.80088
0.68396
0.60575
0.61761
0.58628
0.54263
0.5771
0.57829
0.58424
0.54578
0.55563
0.56697
0.5707
0.56978
0.57423
0.58988
0.59498
0.62321
0.65053
0.65141
0.64089
0.71991
0.60436
0.62619
0.72492
0.5847
0.58585
0.57207
0.58331
0.62285
0.62394
0.61905
0.63202
0.62837
0.59956
0.602
0.59111
0.59464
0.58994
0.59349
