0.59597
0.59355
0.60643
0.60157
0.59311
0.59289
0.59277
0.59065
0.59271
0.59661
0.59616
0.59255
0.59623
0.59915
0.62256
0.61914
0.62754
0.64602
0.63705
0.637
0.63612
0.62003
0.66302
0.64879
0.62976
0.62361
0.63698
0.64105
0.67017
0.68467
0.68753
0.7068
0.61497
0.74435
0.74033
0.74468
0.79927
0.77423
0.73115
0.74132
0.75363
0.71766
0.67022
0.63954
0.61752
0.61726
0.62202
0.62861
0.62649
0.62033
0.63148
0.62442
0.62689
0.6332
0.6492
0.63393
0.68657
0.76098
0.6667
0.68031
0.62717
0.60633
0.60885
0.60561
0.60319
0.59954
0.57127
0.4675
0.62926
0.61486
0.63143
0.65298
0.65403
0.65166
0.64542
0.64826
0.65074
0.66289
0.67189
0.65005
0.65636
0.5803
0.71813
0.67289
0.64337
0.63326
0.62077
0.6124
0.60467
0.61233
0.6253
0.60446
0.59645
0.59875
0.61348
0.62123
0.64905
0.61988
0.68248
0.6607
0.65289
0.61577
0.58267
0.59008
0.59032
0.58921
0.57449
0.56713
0.82132
0.82831
0.82687
0.84429
0.83826
0.85868
0.87906
0.88282
0.77618
0.5997
0.59677
0.59201
0.60374
0.6091
0.61136
0.61256
0.62234
0.62502
0.60564
0.60963
0.61817
0.65088
0.60389
0.59068
0.6081
0.61469
0.61376
0.75706
0.76684
0.78149
0.79062
0.79575
0.80009
0.79292
0.78044
0.77041
0.75414
0.74351
0.70737
0.70103
0.68688
0.67451
0.69012
0.70596
0.70884
0.71739
0.72722
0.69773
0.68164
0.71109
0.69978
0.69615
0.73359
0.74646
0.74779
0.7458
0.75081
0.75008
0.75168
0.7542
0.75647
0.64693
0.5768
0.57461
0.55756
0.57192
0.75878
0.72546
0.63717
0.45471
0.35921
0.65991
0.76035
0.77937
0.80622
0.82032
0.70212
0.73779
0.64844
0.59175
0.58356
0.60167
0.82525
0.81171
0.79514
0.78201
0.77632
0.77177
0.76948
0.76476
0.75526
0.74814
0.74681
0.74355
0.74265
0.73884
0.73582
0.73969
0.72801
0.71813
0.70832
0.70377
0.6934
0.69008
0.69156
0.69063
0.69381
0.68882
0.68238
0.6746
0.56178
0.43719
0.48436
0.48496
0.37735
0.23223
0.2375
0.75645
0.81639
0.82335
0.81264
0.77933
0.7288
0.6777
0.57019
0.5685
0.58999
0.5891
0.57566
0.59857
0.81752
0.72736
0.66871
0.6632
0.76985
0.77226
0.68039
0.65165
0.54782
0.75883
0.66031
0.58008
0.59344
0.61718
0.65556
0.67063
0.65625
0.81456
0.74245
0.79742
0.71632
0.7568
0.74336
0.70187
0.66344
0.64954
0.60161
0.63277
0.54573
0.5895
0.57474
0.58489
0.59348
0.62181
0.63139
0.6424
0.62783
0.54669
0.64756
0.56435
0.5535
0.565
0.57614
0.57651
0.57656
0.62374
0.61358
0.62245
0.64509
0.64163
0.63676
0.64329
0.71694
0.76253
0.50677
0.57591
0.58826
0.58713
0.58071
0.59695
0.59898
0.59283
0.59397
0.59125
0.59005
0.59459
0.6026
0.61213
0.61499
0.62292
0.63125
0.62614
0.64091
0.63572
0.63641
0.64997
0.65337
0.64753
0.64484
0.63682
0.62874
0.63319
0.62796
0.6397
0.63653
0.65623
0.67253
0.65933
0.65666
0.63199
0.64343
0.60083
0.63693
0.62718
0.7079
0.66304
0.67569
0.70305
0.69441
0.67746
0.68855
0.77138
0.79308
0.79581
0.7012
0.60343
0.77251
0.56597
0.5967
0.62683
0.62543
0.63849
0.63699
0.62928
0.63481
0.64408
0.62587
0.61057
0.60006
0.59591
0.62669
0.62222
0.63321
0.62433
0.63439
0.6533
0.68934
0.63986
0.63117
0.63416
0.64015
0.64956
0.68475
0.66837
0.6437
0.6231
0.61347
0.61602
0.61919
0.61685
0.6171
0.61425
0.62265
0.6313
0.63409
0.63533
0.63643
0.6424
0.6518
0.65672
0.65424
0.6556
0.683
0.69906
0.70518
0.71518
0.72439
0.67691
0.53989
0.46746
0.40439
0.5137
0.49535
0.50295
0.62178
0.64526
0.62353
0.60717
0.61035
0.59851
0.60479
0.65158
0.60207
0.50245
0.4849
0.46377
0.42789
0.43647
0.48591
0.52592
0.58299
0.60251
0.61079
0.61465
0.61837
0.62055
0.54935
0.52101
0.52436
0.49866
0.50326
0.5264
0.53331
0.60777
0.67716
0.6982
0.67454
0.79793
0.80103
0.79749
0.74335
0.73187
0.75689
0.77594
0.70814
0.59138
0.47898
0.47926
0.48249
0.54056
0.60164
0.62074
0.61252
0.61798
0.60117
0.55929
0.54553
0.5401
0.55451
0.55227
0.58595
0.60398
0.58846
0.59572
0.57046
0.70468
0.75685
0.75704
0.73581
0.8165
0.88551
0.9021
0.88635
0.82801
0.66146
0.65525
0.67167
0.59641
0.62336
0.61717
0.69135
0.73624
0.7097
0.6407
0.81044
0.78107
0.78528
0.81635
0.83427
0.77819
0.72809
0.72107
0.68601
0.62681
0.59662
0.59588
0.60231
0.59969
0.60942
0.62243
0.55629
0.54053
0.80912
0.82071
0.81303
0.80828
0.80585
0.79969
0.79713
0.79883
0.8243
0.80379
0.80162
0.78627
0.77609
0.77105
0.76676
0.75942
0.7594
0.76035
0.73581
0.68491
0.74242
0.56349
0.48695
0.61261
0.50955
0.4686
0.42164
0.44654
0.4014
0.428
0.44639
0.34877
0.36369
0.37484
0.79004
0.56111
0.54912
0.55317
0.55658
0.5423
0.55559
0.58085
0.59492
0.60761
0.82582
0.82884
0.8209
0.82018
0.82155
0.78628
0.79746
0.78323
0.76496
0.76845
0.76037
0.75616
0.74162
0.74963
0.74653
0.71457
0.62792
0.58889
0.60065
0.58484
0.57171
0.59556
0.6177
0.68612
0.67321
0.68053
0.68047
0.6924
0.71625
0.71964
0.71119
0.69208
0.69847
0.70327
0.7061
0.70453
0.70861
0.71549
0.71175
0.66187
0.6406
0.7008
0.60462
0.59971
0.67762
0.54089
0.64985
0.71843
0.72198
0.6021
0.66112
0.6944
0.67311
0.61466
0.62767
0.65609
0.65442
0.66257
0.67622
0.73078
0.72935
0.7322
0.72413
0.72067
0.71071
0.69911
0.72195
0.69094
0.72978
0.74629
0.73051
0.71219
0.70706
0.70229
0.70914
0.71372
0.72718
0.7318
0.73177
0.72621
0.68204
0.67458
0.69087
0.70767
0.69528
0.66196
0.6155
0.65111
0.61441
0.49403
0.65152
0.61362
0.62268
0.63953
0.61496
0.70409
0.73446
0.73888
0.74905
0.75313
0.76856
0.77252
0.77408
0.76721
0.76909
0.76589
0.7616
0.76456
0.77709
0.7608
0.74938
0.72075
0.68213
0.64514
0.54502
0.51531
0.46044
0.38082
0.71347
0.74604
0.77998
0.78458
0.78351
0.79051
0.66442
0.79603
0.65507
0.65111
0.59749
0.59051
0.60462
0.60155
0.58228
0.59745
0.60129
0.633
0.60735
0.60437
0.64237
0.60845
0.59105
0.57611
0.58161
0.57876
0.57854
0.57427
0.55904
0.5629
0.55973
0.51864
0.43334
0.42789
0.50566
0.59061
0.59096
0.56729
0.63189
0.72978
0.63445
0.63279
0.58497
0.40968
0.46192
0.56174
0.55497
0.82135
0.58613
0.82969
0.81736
0.81567
0.80594
0.82618
0.84377
0.84911
0.84441
0.82703
0.8398
0.80148
0.67812
0.66986
0.65574
0.67212
0.61563
0.82908
0.83877
0.84697
0.85387
0.86013
0.86345
0.87192
0.86035
0.82162
0.69629
0.69081
0.7092
0.67174
0.65952
0.73168
0.7652
0.8081
0.87594
0.88339
0.85363
0.83905
0.65879
0.6384
0.61101
0.74006
0.65712
0.65589
0.66841
0.6553
0.6434
0.63907
0.8909
0.86445
0.85586
0.83574
0.82589
0.81152
0.72577
0.66106
0.62357
0.61857
0.66091
0.67947
0.69255
0.69239
0.69631
0.69424
0.64049
0.57668
0.60443
0.67495
0.68808
0.652
0.62076
0.5996
0.60334
0.6295
0.59723
0.60363
0.60826
0.64069
0.63712
0.64127
0.66131
0.6333
0.63427
0.87547
0.86207
0.80043
0.78771
0.89682
0.87091
0.88883
0.896
0.91216
0.91381
0.91549
0.892
0.87109
0.85912
0.77273
0.77503
0.62502
0.50376
0.48677
0.88761
0.93777
0.94052
0.93557
0.90493
0.80508
0.76828
0.7568
0.77194
0.80242
0.81996
0.85468
0.88697
0.85568
0.9083
0.92974
0.94625
0.958
0.95352
0.95139
0.95051
0.954
0.93702
0.93721
0.92657
0.92261
0.93261
0.92369
0.91638
0.91427
0.92032
0.9082
0.90017
0.89832
0.90066
0.89035
0.87387
0.85424
0.84484
0.83582
0.8112
0.79653
0.84675
0.82706
0.80483
0.79436
0.7871
0.69916
0.61457
0.54511
0.59659
0.58792
0.60706
0.61696
0.73788
0.68629
0.75021
0.70988
0.70045
0.69201
0.71538
0.81119
0.81474
0.83298
0.82498
0.84777
0.8566
0.81655
0.79098
0.59162
0.41509
0.42276
0.87213
0.90211
0.90869
0.90301
0.90139
0.90102
0.89744
0.9047
0.92999
0.92604
0.94537
0.9392
0.94226
0.93826
0.91686
0.9027
0.89747
0.90199
0.91907
0.91683
0.90758
0.90086
0.89134
0.84056
0.77279
0.76402
0.8293
0.82373
0.8159
0.81307
0.81928
0.81334
0.7633
0.76774
0.80703
0.80876
0.76727
0.72563
0.70445
0.71585
0.73952
0.72535
0.72497
0.81173
0.80378
0.78478
0.78762
0.80996
0.77693
0.7963
0.71181
0.652
0.61643
0.65669
0.67243
0.67408
0.6857
0.60334
0.57689
0.72692
0.68516
0.65725
0.63111
0.65094
0.61508
0.56347
0.6581
0.69203
0.72052
0.66306
0.66742
0.64801
0.60972
0.55204
0.61498
0.67225
0.66667
0.64137
0.64983
0.67007
0.60916
0.609
0.58827
0.6486
0.66939
0.62463
0.62015
0.64879
0.88753
0.75401
0.90351
0.81953
0.82897
0.80582
0.76744
0.72971
0.71455
0.61861
0.59084
0.52472
0.44874
0.37708
0.4719
0.76469
0.76296
0.66745
0.6205
0.58965
0.61931
0.63709
0.52335
0.51359
0.56384
0.59467
0.66289
0.55406
0.52903
0.65764
0.62278
0.58654
0.59703
0.60313
0.67194
0.698
0.51541
0.5031
0.5497
0.59938
0.70564
0.75258
0.76425
0.5484
0.47485
0.45259
0.49863
0.56153
0.56811
0.6796
0.71614
0.75103
0.71626
0.77312
0.81162
0.91572
0.93212
0.9286
0.94265
0.94092
0.93109
0.91203
0.8995
0.89032
0.87707
0.88083
0.8979
0.88831
0.87272
0.85474
0.84761
0.81669
0.81944
0.73532
0.81175
0.84079
0.82644
0.81772
0.81514
0.84295
0.77226
0.68939
0.71378
0.70768
0.75222
0.79792
0.81034
0.85819
0.87697
0.87633
0.90798
0.90835
0.88829
0.88213
0.88532
0.89566
0.8565
0.85166
0.91543
0.91084
0.88556
0.89784
0.86754
0.91076
0.81127
0.7328
0.65451
0.69963
0.75804
0.79152
0.86678
0.91177
0.85694
0.87281
0.91426
0.92462
0.92432
0.91244
0.90009
0.8628
0.80624
0.82529
0.80195
0.76481
0.86749
0.89125
0.88885
0.91355
0.93223
0.93736
0.94206
0.92416
0.92877
0.909
0.88917
0.84751
0.83643
0.84922
0.86312
0.87645
0.87607
0.87093
0.86737
0.88726
0.86345
0.86467
0.87489
0.87877
0.87432
0.85842
0.81163
0.78301
0.76968
0.68985
0.66113
0.7225
0.89373
0.87798
0.90809
0.89325
0.85859
0.80122
0.81966
0.82839
0.90817
0.88845
0.8881
0.74847
0.72832
0.69373
0.70724
0.67843
0.73101
0.74796
0.77909
0.75268
0.7503
0.82941
0.79704
0.78724
0.69587
0.73472
0.73484
0.77892
0.84177
0.77477
0.81346
0.73117
0.86025
0.83924
0.80305
0.89211
0.88161
0.8793
0.8995
0.89148
0.77519
0.88164
0.90079
0.907
0.81573
0.80378
0.91108
0.902
0.89427
0.88063
0.84727
0.83834
0.82029
0.77288
0.87017
0.86115
0.8637
0.86252
0.86592
0.85592
0.82351
0.81521
0.76204
0.862
0.86833
0.84565
0.73723
0.70442
0.60255
0.55808
0.64121
0.6389
0.87764
0.87663
0.88196
0.86142
0.76328
0.66324
0.89194
0.89373
0.88909
0.8903
0.90015
0.8736
0.80243
0.86456
0.89205
0.88852
0.90284
0.90424
0.90208
0.92713
0.83876
0.69469
0.69777
0.77691
0.79428
0.64914
0.7963
0.86555
0.86978
0.81132
0.71055
0.72279
0.74038
0.67789
0.6724
0.68904
0.66234
0.65788
0.67819
0.67484
0.74986
0.76679
0.83406
0.8107
0.7484
0.83513
0.73778
0.70478
0.76872
0.74663
0.79255
0.71202
0.66114
0.62768
0.57389
0.66707
0.70519
0.72394
0.72774
0.71671
0.7012
0.66734
0.54809
0.63608
0.73948
0.76781
0.7688
0.74686
0.72714
0.67363
0.65979
0.68446
0.66925
0.74397
0.73528
0.64976
0.6362
0.65157
0.71178
0.75437
0.69908
0.69151
0.7205
0.70191
0.66919
0.67313
0.5968
0.93907
0.73285
0.77942
0.79852
0.78683
0.72922
0.64333
0.53806
0.66222
0.78274
0.76749
0.79119
0.85964
0.88042
0.79086
0.7342
0.71556
0.72923
0.76506
0.77914
0.78043
0.76568
0.72832
0.75577
0.7981
0.93843
0.9135
0.94066
0.90835
0.88019
0.90125
0.8896
0.82253
0.74067
0.73855
0.84748
0.89125
0.80488
0.70375
0.6234
0.67916
0.82387
0.84183
0.89144
0.86102
0.83137
0.70631
0.70398
0.65421
0.68836
0.70347
0.65182
0.63548
0.73958
0.80983
0.78892
0.85716
0.93291
0.95028
0.99973
1.0006
0.66234
0.62802
0.59845
0.62743
0.84584
0.9514
0.85285
0.71815
0.91815
0.88253
0.76856
0.74857
0.85512
0.87694
0.91049
0.73099
0.85609
0.84142
0.81749
0.76936
0.80897
0.88734
0.82886
0.87329
0.875
0.7814
0.74459
0.73642
0.81233
0.88426
0.84995
0.81476
0.76654
0.57992
0.47735
0.95815
0.79352
0.87758
0.9421
0.91162
0.92794
0.90062
0.89988
0.89324
0.80592
0.876
0.9031
0.84365
0.83626
0.63215
0.59084
0.67502
0.68806
0.73192
0.66819
0.56146
0.78136
0.82198
0.99231
0.99229
0.99052
0.9809
0.97653
0.94611
0.82472
0.76411
0.86123
1.0002
0.96413
0.98264
0.90998
0.73005
0.91282
0.93579
0.93857
0.92904
0.96276
0.9295
0.87126
0.74112
0.65562
0.64608
0.71107
0.93276
0.938
0.90331
0.91531
0.88276
0.79848
0.8479
0.77794
0.78169
0.77983
0.76053
0.7656
0.73308
0.67432
0.62344
0.6353
0.65262
0.64772
0.69372
0.76586
0.76144
0.81359
0.81637
0.79967
0.78797
0.8085
0.77001
0.7313
0.71658
0.75717
0.77158
0.77853
0.79074
0.80289
0.76451
0.72091
0.76003
0.78167
0.80218
0.81367
0.81228
0.77811
0.7794
0.78667
0.78615
0.7512
0.74543
0.73054
0.71893
0.66588
0.62493
0.58832
0.57435
0.57262
0.69445
0.77972
0.88524
0.86812
0.89681
0.93419
0.91558
0.87742
0.845
0.78596
0.78388
0.8639
0.87529
0.85349
0.84696
0.83072
0.69816
0.71649
0.74125
0.83529
0.94307
0.91498
0.93408
0.94294
0.89466
0.89505
0.93581
0.89812
0.89297
0.99818
1.0004
0.99749
0.99879
0.96434
0.72689
0.66644
0.66393
0.64666
0.63495
0.73905
0.75082
0.774
0.84843
0.89461
0.9129
0.9509
0.94936
0.95866
0.92756
0.93748
0.9317
0.90935
0.86064
0.84018
0.79045
0.79429
0.68972
0.708
0.70634
0.72765
0.73097
0.67315
0.58582
0.54697
0.56002
0.49865
0.45255
0.42472
0.44065
0.47925
0.53856
0.61886
0.84396
0.92191
0.93712
0.92011
0.8985
0.85027
0.85708
0.76893
0.55266
0.5118
0.65168
0.95623
0.95352
0.95887
0.91387
0.94677
0.8387
0.88088
0.97518
0.9661
0.96261
0.96784
0.93163
0.86985
0.96095
0.83675
0.9592
0.97527
0.96657
0.97675
0.9635
0.94341
0.92278
0.90605
0.93491
0.93359
0.928
0.92175
0.88135
0.89973
0.92528
0.95185
0.9566
0.96146
0.96826
0.97711
0.89218
0.85901
0.8724
1.0009
0.97992
0.98361
1.0009
0.99745
0.99784
0.99993
0.99837
1.0007
0.98642
0.98116
0.9792
0.97341
0.92705
0.88693
0.92505
0.91152
0.82834
0.75451
0.78117
0.79437
0.75188
0.59202
0.67026
0.56699
0.63522
0.77756
0.97364
0.99864
0.90997
0.80387
0.82956
0.76912
0.75244
0.74598
0.76297
0.78702
0.7768
0.72681
0.74431
0.72626
0.70627
0.73158
0.77376
0.78494
0.78963
0.84575
0.91686
0.90308
0.89945
0.94463
0.95083
0.9407
0.95712
0.991
0.99092
0.99051
0.97386
0.96276
0.94926
0.92658
0.82379
0.90322
0.98866
0.98846
0.97579
0.95229
0.93548
0.9322
0.93839
0.96385
0.97002
0.96585
0.96628
0.95718
0.95172
0.95223
0.94815
0.91558
0.93162
0.92436
0.94433
0.92925
0.93215
0.85146
0.82159
0.8585
0.80268
0.72886
0.72241
0.76557
0.77314
0.59165
0.73401
0.93582
0.66772
0.82886
0.80143
0.83179
0.88031
0.92595
0.94221
0.92179
0.81381
0.97257
0.99166
0.98726
0.9953
0.99982
0.99797
0.99824
0.99995
0.98225
0.966
0.97566
0.98414
0.98276
0.98748
0.98817
0.98763
0.9825
0.98361
0.98345
0.97816
0.95513
0.9285
0.88977
0.79418
0.78974
0.84548
0.82557
0.89398
0.94338
0.95756
0.83936
0.93402
0.9537
0.96342
0.8815
0.8997
0.90538
0.8989
0.85032
0.8776
0.80925
0.88487
0.89205
0.88874
0.84687
0.88416
0.89194
0.8942
0.90852
0.91558
0.90776
0.91083
0.8952
0.76952
0.69394
0.80615
0.85617
0.84409
0.92351
0.92959
0.9244
0.91596
0.90186
0.90298
0.92261
0.92829
0.90675
0.9037
0.91275
0.81451
0.69764
0.7855
0.94998
0.95752
0.96847
0.97329
0.97467
0.96474
0.95711
0.84644
0.71433
0.68142
0.66737
0.64568
0.59024
0.55347
0.52926
0.57814
0.63582
0.70804
0.69579
0.75901
0.85602
0.79007
0.71687
0.7608
0.77128
0.97098
0.82073
0.80539
0.78231
0.7155
0.65877
0.68255
0.68572
0.76824
0.87179
0.93959
0.94312
0.94731
0.95831
0.98146
0.96226
0.81481
0.82157
0.80804
0.78838
0.78541
0.75759
0.75804
0.76105
0.78793
0.78375
0.78267
0.78729
0.76081
0.71652
0.6905
0.6408
0.81731
0.95448
0.9698
0.9756
0.98409
0.98251
0.97828
0.95839
0.95995
0.963
0.95668
0.9354
0.91262
0.77881
0.71138
0.70228
0.79128
0.81858
0.7794
0.83793
0.85382
0.8345
0.73443
0.70697
0.69091
0.6373
0.62252
0.66447
0.76353
0.85225
0.8928
0.9834
0.98635
0.97915
0.9731
0.96201
0.95554
0.92221
0.85389
0.89408
0.88378
0.91113
0.91701
0.90556
0.90628
0.8155
0.79269
0.7598
0.67564
0.55439
0.45609
0.31749
0.27347
0.30297
0.3958
0.40433
0.36346
0.3903
0.45823
0.49192
0.50946
0.51869
0.57424
0.63074
0.60764
0.68076
0.58796
0.62941
0.93484
0.77858
0.66398
0.64495
0.67421
0.71491
0.79345
0.73776
0.73313
0.87507
0.95284
0.86177
0.71901
0.72321
0.70514
0.68639
0.67905
0.89078
0.91028
0.88609
0.75173
0.78118
0.86853
0.94469
0.96064
0.88172
0.86348
0.94525
0.93332
0.93196
0.93188
0.93223
0.93569
0.92921
0.93783
0.93594
0.9343
0.93075
0.93081
0.90929
0.814
0.74763
0.73598
0.8928
0.83497
0.93499
0.93893
0.96284
0.95062
0.92861
0.92208
0.9124
0.90136
0.89292
0.88143
0.88272
0.86954
0.86176
0.87817
0.89565
0.91462
0.92141
0.92364
0.926
0.92861
0.94111
0.94873
0.94792
0.946
0.95067
0.95525
0.9584
0.95142
0.95973
0.96503
0.96624
0.97189
0.9733
0.97332
0.98097
0.99449
0.99899
0.99905
0.99943
0.99782
0.9992
1.0007
0.99837
0.99927
0.99888
0.90364
0.8169
0.72226
0.62647
0.5472
0.47659
0.48675
0.51023
0.5056
0.53209
0.52815
0.61156
0.67839
0.65203
0.6444
0.68852
0.74595
0.96135
0.99488
0.98191
0.89777
0.95689
0.90061
0.78592
0.69787
0.70327
0.69021
0.71096
0.68273
0.64258
0.65018
0.68231
0.71138
0.6848
0.58523
0.60617
0.60531
0.59137
0.60002
0.66739
0.61054
0.59514
0.60978
0.58603
0.56905
0.57943
0.58473
0.61777
0.65703
0.62988
0.59666
0.57022
0.56169
0.57288
0.57823
0.5775
0.58311
0.57752
0.58067
0.56786
0.52573
0.5325
0.79655
0.84924
0.79129
0.74913
0.80157
0.8463
0.84208
0.74051
0.71901
0.71095
0.90581
0.89262
0.85754
0.89043
0.93841
0.83234
0.93295
0.93159
0.94538
0.93217
0.93512
0.92717
0.92733
0.92163
0.93777
0.94099
0.94145
0.91928
0.91495
0.92315
0.92329
0.91748
0.89617
0.8261
0.81204
0.75363
0.7559
0.7622
0.74762
0.691
0.65424
0.55304
0.60877
0.75046
0.85761
0.86945
0.88494
0.88604
0.90056
0.9087
0.8802
0.89831
0.86407
0.83049
0.74391
0.70057
0.79597
0.87396
0.88247
0.88609
0.88034
0.87078
0.84385
0.84493
0.87817
0.80332
0.74876
0.69368
0.68974
0.6173
0.57525
0.61798
0.64034
0.5175
0.51192
0.53735
0.6446
0.65045
0.725
0.64707
0.65123
0.65971
0.79921
0.8147
0.72745
0.74029
0.72416
0.69614
0.68516
0.70266
0.69243
0.70738
0.71715
0.84898
0.91491
0.9162
0.90393
0.93005
0.91612
0.92895
0.92241
0.89351
0.8715
0.90177
0.91377
0.92049
0.91992
0.90887
0.88863
0.87414
0.85744
0.80333
0.75871
0.73567
0.72624
0.71609
0.70487
0.72817
0.77926
0.76145
0.77019
0.79343
0.79929
0.79332
0.74423
0.70135
0.59733
0.56614
0.58285
0.54074
0.48114
0.46607
0.8021
0.60054
0.5921
0.58953
0.6306
0.83721
0.8205
0.87232
0.88455
0.89331
0.78356
0.89397
0.83188
0.92661
0.92106
0.91205
0.89976
0.87484
0.83288
0.83099
0.81867
0.85196
0.88027
0.86225
0.84563
0.81532
0.83697
0.84601
0.85173
0.84693
0.83877
0.82748
0.83663
0.83601
0.83437
0.8385
0.84451
0.85716
0.84772
0.88
0.85163
0.69564
0.641
0.68123
0.659
0.69247
0.6151
0.6181
0.62688
0.6411
0.64113
0.65015
0.64443
0.64729
0.66365
0.71889
0.76406
0.73444
0.87252
0.88147
0.89761
0.89716
0.89368
0.89182
0.89042
0.88516
0.88525
0.88325
0.88184
0.88011
0.88191
0.87902
0.87162
0.86549
0.85587
0.85397
0.84642
0.84019
0.82326
0.81486
0.78791
0.75524
0.70745
0.70587
0.71587
0.69053
0.6632
0.6597
0.67331
0.73969
0.80648
0.67804
0.74647
0.75805
0.81274
0.80581
0.78956
0.7784
0.65664
0.62802
0.72277
0.77388
0.82812
0.83286
0.82107
0.82267
0.82175
0.81843
0.81345
0.81025
0.80628
0.79508
0.75115
0.72283
0.66555
0.6022
0.62189
0.61697
0.6372
0.63583
0.77487
0.86303
0.84499
0.83194
0.82898
0.82035
0.82453
0.82385
0.82434
0.82383
0.82043
0.81595
0.81602
0.81689
0.8127
0.80399
0.78586
0.75361
0.7511
0.72998
0.68345
0.59531
0.57971
0.59873
0.57057
0.49892
0.43214
0.46237
0.44969
0.42742
0.54158
0.54388
0.47661
0.50748
0.52043
0.56015
0.55634
0.56925
0.59115
0.5807
0.57705
0.58823
0.6358
0.71211
0.74187
0.75647
0.76193
0.75753
0.74119
0.69372
0.65826
0.65029
0.64714
0.69079
0.68795
0.63425
0.55901
0.46176
0.45773
0.79614
0.79334
0.70722
0.6235
0.6273
0.65646
0.76458
0.78003
0.67564
0.78765
0.78022
0.63067
0.61495
0.61817
0.6642
0.59581
0.66562
0.5955
0.6412
0.59999
0.60943
0.61517
0.61143
0.61737
0.62351
0.61939
0.61988
0.63262
0.7065
0.72857
0.73236
0.78729
0.78679
0.7691
0.77752
0.69532
0.65031
0.69121
0.75203
0.74421
0.73177
0.7089
0.70486
0.71785
0.73077
0.74999
0.74141
0.66599
0.48417
0.41693
0.79795
0.82557
0.6825
0.83387
0.83577
0.71692
0.82026
0.69754
0.79287
0.80871
0.81968
0.83394
0.84141
0.85246
0.824
0.83101
0.73889
0.71381
0.66003
0.65421
0.6728
0.6713
0.6668
0.66028
0.86026
0.80852
0.8452
0.82579
0.82506
0.82362
0.81608
0.80642
0.80308
0.80396
0.80849
0.80101
0.78302
0.7934
0.78747
0.78653
0.78847
0.79076
0.79451
0.79946
0.79792
0.79593
0.79052
0.7935
0.79474
0.78987
0.77535
0.76112
0.74937
0.7505
0.75693
0.76205
0.76996
0.77303
0.77424
0.76589
0.75636
0.73367
0.69775
0.67809
0.63788
0.64763
0.73649
0.73845
0.69343
0.64757
0.45353
0.38089
0.36139
0.39487
0.42996
0.59641
0.73909
0.73126
0.76066
0.76807
0.77534
0.77992
0.77683
0.77063
0.74396
0.75031
0.75555
0.75885
0.76834
0.69865
0.67624
0.65606
0.62919
0.57393
0.61065
0.58541
0.58304
0.56483
0.54815
0.57435
0.56447
0.56264
0.55513
0.55159
0.54462
0.53702
0.55358
0.5654
0.58961
0.593
0.59026
0.59009
0.7462
0.75311
0.76903
0.75648
0.72432
0.77286
0.68969
0.67148
0.66867
0.69625
0.66296
0.66459
0.68722
0.72356
0.68575
0.66221
0.67547
0.61095
0.59807
0.61043
0.64396
0.64885
0.67578
0.72924
0.71496
0.67984
0.76095
0.76004
0.75814
0.76252
0.75545
0.75737
0.75419
0.75413
0.75621
0.7564
0.75814
0.75751
0.7402
0.73585
0.72626
0.71778
0.69967
0.72382
0.71189
0.70671
0.67886
0.65975
0.65795
0.62994
0.57021
0.52263
0.64839
0.77365
0.73978
0.7056
0.68669
0.56572
0.59369
0.57742
0.75594
0.71787
0.75711
0.77865
0.65839
0.69925
0.60916
0.60095
0.58469
0.58549
0.60619
0.63051
0.63693
0.65773
0.65876
0.53089
0.60482
0.57604
0.57536
0.6311
0.61609
0.61512
0.60876
0.60908
0.60819
0.61608
0.55644
0.56134
0.70053
0.68057
0.74172
0.76051
0.76423
0.75642
0.73137
0.67251
0.68955
0.71464
0.70538
0.62783
0.63815
0.62201
0.60598
0.56582
0.54868
0.61201
0.66507
0.66882
0.63683
0.50717
0.40698
0.33592
0.30604
0.30086
0.30929
0.30673
0.31315
0.33351
0.37314
0.45272
0.54403
0.55463
0.55573
0.54553
0.55169
0.53513
0.51914
0.51946
0.53159
0.55023
0.65472
0.72952
0.7513
0.70976
0.7197
0.71717
0.72801
0.77474
0.75607
0.74811
0.72906
0.69104
0.67521
0.66186
0.63871
0.56997
0.54133
0.54257
0.56824
0.57698
0.59208
0.60665
0.61059
0.61204
0.62551
0.6631
0.64955
0.67
0.64597
0.6199
0.69542
0.7289
0.75295
0.74564
0.77747
0.78837
0.78471
0.75912
0.76472
0.70232
0.65647
0.66488
0.67345
0.6816
0.67878
0.64192
0.62265
0.61
0.61182
0.6101
0.63083
0.56254
0.39228
0.36458
0.37891
0.37923
0.36803
0.35901
0.27154
0.33209
0.35507
0.45288
0.49823
0.57676
0.55178
0.50584
0.54666
0.56451
0.44271
0.64484
0.589
0.58793
0.60718
0.62318
0.64872
0.66694
0.66866
0.70642
0.71442
0.68847
0.65391
0.64125
0.63798
0.64536
0.64047
0.58831
0.54709
0.75055
0.63949
0.62187
0.78846
0.77822
0.76718
0.75891
0.75978
0.75399
0.75199
0.74695
0.74445
0.73025
0.72847
0.73491
0.73703
0.74141
0.77202
0.75661
0.74868
0.61855
0.75279
0.74689
0.76313
0.58882
0.76636
0.64831
0.61141
0.59003
0.61884
0.62498
0.61884
0.59741
0.5973
0.59003
0.59962
0.60531
0.4789
0.49769
0.48993
0.48634
0.49563
0.48528
0.49065
0.51129
0.49086
0.50964
0.6485
0.71414
0.67119
0.66561
0.68029
0.64867
0.6352
0.63719
0.50279
0.63425
0.6149
0.61319
0.61866
0.60429
0.52973
0.50173
0.52421
0.77336
0.79383
0.80142
0.79356
0.7663
0.75406
0.77367
0.7915
0.80332
0.808
0.77066
0.76458
0.81111
0.82915
0.84966
0.81102
0.81513
0.83013
0.84096
0.83347
0.81584
0.6618
0.66384
0.74444
0.7143
0.85317
0.84952
0.811
0.81975
0.7824
0.77863
0.7858
0.76151
0.77248
0.82428
0.80331
0.77787
0.73595
0.73757
0.74124
0.73239
0.72978
0.72548
0.73122
0.73577
0.73402
0.7112
0.73038
0.7574
0.78642
0.78251
0.77063
0.74995
0.73053
0.71732
0.70933
0.70254
0.70606
0.70939
0.71647
0.72241
0.71952
0.71564
0.67076
0.6397
0.63306
0.63862
0.65998
0.69425
0.70466
0.70561
0.70913
0.71058
0.75095
0.63907
0.50846
0.51047
0.51899
0.53535
0.51658
0.50732
0.52534
0.54749
0.57301
0.5994
0.59934
0.61166
0.59117
0.55993
0.5129
0.5021
0.53968
0.58514
0.64496
0.71
0.73374
0.75962
0.77428
0.79796
0.77368
0.74716
0.75164
0.77607
0.77046
0.76033
0.76876
0.83128
