0.67227
0.77752
0.82293
0.83087
0.82883
0.82516
0.78043
0.74405
0.78434
0.71106
0.70655
0.673
0.64053
0.55704
0.53301
0.53636
0.82312
0.83324
0.83486
0.8432
0.83093
0.82984
0.83849
0.82092
0.82296
0.82695
0.80011
0.64919
0.64309
0.6898
0.72089
0.7248
0.8229
0.7904
0.74906
0.79008
0.80109
0.81092
0.80277
0.78893
0.74898
0.74355
0.75013
0.74138
0.71356
0.69818
0.6781
0.66952
0.68497
0.66188
0.64237
0.59455
0.53045
0.45567
0.43862
0.44314
0.44218
0.44273
0.4582
0.47715
0.48187
0.49206
0.51085
0.53973
0.56959
0.67078
0.70184
0.72017
0.73409
0.72912
0.71081
0.70195
0.67127
0.67922
0.70447
0.71052
0.70482
0.70132
0.69092
0.67849
0.67035
0.6759
0.69448
0.5207
0.60319
0.63932
0.66724
0.68741
0.69065
0.69046
0.69733
0.69237
0.6918
0.68623
0.65774
0.65234
0.64705
0.62592
0.61557
0.63091
0.62548
0.61699
0.61663
0.60312
0.60157
0.60009
0.59783
0.59183
0.57699
0.54809
0.57321
0.56139
0.59975
0.61577
0.59578
0.587
0.58145
0.60032
0.59087
0.56063
0.54711
0.53673
0.53673
0.54751
0.57481
0.5683
0.57542
0.54843
0.6313
0.65
0.68986
0.68902
0.64667
0.53707
0.53918
0.53915
0.54292
0.56526
0.54717
0.55096
0.56449
0.5678
0.5642
0.56618
0.47048
0.47178
0.35553
0.34654
0.35714
0.36988
0.38125
0.43967
0.69795
0.64969
0.68096
0.6889
0.65825
0.57804
0.511
0.51353
0.56872
0.53345
0.49212
0.677
0.62096
0.85949
0.80553
0.53202
0.47667
0.46555
0.82177
0.76603
0.71914
0.55831
0.55004
0.54014
0.53986
0.51221
0.49848
0.56393
0.53948
0.56687
0.55208
0.57719
0.61432
0.76118
0.80022
0.59062
0.80766
0.8455
0.8293
0.82478
0.81387
0.76124
0.55112
0.38642
0.38913
0.56153
0.8667
0.91433
0.92326
0.72503
0.83053
0.91499
0.91528
0.91722
0.92018
0.90579
0.91038
0.91584
0.89214
0.8745
0.72289
0.45623
0.48178
0.39766
0.80621
0.80095
0.87285
0.74918
0.66342
0.67407
0.67016
0.66963
0.90328
0.90077
0.87482
0.81035
0.87239
0.86767
0.87648
0.86795
0.87155
0.86815
0.86598
0.86382
0.84947
0.85747
0.83358
0.76351
0.66982
0.61798
0.56296
0.66441
0.69004
0.62884
0.63041
0.63484
0.73217
0.77419
0.71601
0.80792
0.79898
0.77465
0.78155
0.73571
0.66045
0.65735
0.69855
0.67992
0.68722
0.82715
0.82854
0.83436
0.81481
0.80234
0.79742
0.77166
0.73337
0.70096
0.68139
0.60988
0.6121
0.54659
0.57778
0.5822
0.57568
0.57366
0.53993
0.58012
0.56396
0.58031
0.58681
0.59027
0.57384
0.58053
0.58094
0.57763
0.58248
0.59057
0.61123
0.63377
0.61569
0.62691
0.61077
0.61611
0.62624
0.60797
0.60377
0.59871
0.59788
0.41585
0.60365
0.6139
0.58622
0.51746
0.60617
0.61302
0.60532
0.60733
0.61526
0.56011
0.57407
0.60469
0.60847
0.61262
0.60971
0.59794
0.60749
0.59791
0.61179
0.63987
0.65497
0.63519
0.62767
0.62473
0.62229
0.62293
0.6402
0.60111
0.60136
0.60448
0.60492
0.6107
0.63722
0.65056
0.66578
0.70842
0.69946
0.66195
0.63413
0.61539
0.61256
0.60033
0.59392
0.60106
0.59816
0.60066
0.61345
0.62089
0.62728
0.63095
0.6149
0.53787
0.48702
0.44837
0.43986
0.43298
0.50544
0.81668
0.81812
0.77904
0.76389
0.7482
0.74178
0.72515
0.70044
0.67634
0.6585
0.66714
0.66087
0.67272
0.62195
0.62125
0.63129
0.72339
0.69616
0.63706
0.58741
0.5051
0.57909
0.57953
0.53087
0.60083
0.61083
0.5996
0.61711
0.62475
0.63977
0.63016
0.63594
0.64104
0.64245
0.6341
0.62198
0.63291
0.6517
0.66448
0.61158
0.61904
0.63463
0.63948
0.64447
0.64311
0.61617
0.61755
0.62532
0.60284
0.60805
0.60513
0.62109
0.58492
0.56177
0.57257
0.61425
0.637
0.65728
0.66426
0.6308
0.62398
0.61688
0.60357
0.60325
0.61271
0.62873
0.60283
0.61659
0.61929
0.62343
0.57487
0.55168
0.52008
0.50215
0.4823
0.48021
0.48836
0.47327
0.42982
0.37551
0.39592
0.39969
0.45014
0.51536
0.50905
0.53277
0.52524
0.53237
0.56587
0.57477
0.58301
0.6114
0.63197
0.59629
0.55758
0.54386
0.60342
0.60297
0.58292
0.54854
0.4968
0.49607
0.68659
0.73028
0.80925
0.81667
0.78393
0.77775
0.75439
0.76641
0.67378
0.4892
0.42415
0.33947
0.33474
0.44982
0.5869
0.69702
0.69249
0.67634
0.66214
0.65601
0.64073
0.61944
0.61555
0.58266
0.53308
0.47852
0.44172
0.48736
0.39905
0.38926
0.28773
0.25873
0.21615
0.14148
0.13159
0.16326
0.19995
0.2659
0.33985
0.4269
0.45134
0.46401
0.4888
0.48306
0.52114
0.59883
0.63483
0.63938
0.63825
0.60574
0.62454
0.62572
0.58519
0.60206
0.6511
0.68439
0.69334
0.70623
0.68294
0.6869
0.71661
0.70584
0.69777
0.63431
0.61516
0.66526
0.67952
0.67261
0.65711
0.65007
0.65794
0.63099
0.63518
0.64276
0.6693
0.68434
0.69652
0.68576
0.64373
0.61649
0.66532
0.68588
0.68955
0.70927
0.71869
0.691
0.73055
0.70753
0.69509
0.69925
0.71036
0.70753
0.63017
0.60678
0.64075
0.63584
0.61038
0.56339
0.55443
0.80767
0.81256
0.80912
0.816
0.82238
0.77975
0.82617
0.79456
0.76897
0.74198
0.69
0.68876
0.68186
0.66328
0.65355
0.75131
0.74479
0.74677
0.74464
0.71563
0.69897
0.64319
0.55225
0.51957
0.47901
0.39285
0.73582
0.70114
0.70214
0.81275
0.80657
0.62532
0.59114
0.62404
0.66194
0.68573
0.69954
0.76786
0.7431
0.72001
0.70744
0.72813
0.70758
0.7237
0.74582
0.73058
0.72078
0.71751
0.71161
0.70461
0.70831
0.70795
0.70473
0.63684
0.57357
0.575
0.78043
0.82384
0.86755
0.90979
0.92656
0.89492
0.78852
0.63053
0.63421
0.61407
0.85894
0.66406
0.81473
0.75212
0.75202
0.74037
0.75105
0.75222
0.75284
0.75844
0.76883
0.75585
0.76303
0.75995
0.73573
0.7047
0.65944
0.65304
0.60969
0.56085
0.51117
0.49805
0.50277
0.51296
0.5376
0.67278
0.70342
0.72424
0.69359
0.65855
0.63568
0.60377
0.57177
0.58908
0.62804
0.63535
0.6136
0.64871
0.60846
0.64218
0.68217
0.68948
0.68147
0.74611
0.70951
0.65695
0.64594
0.70026
0.74681
0.71885
0.68532
0.68098
0.66387
0.67337
0.72109
0.68076
0.60612
0.47188
0.46152
0.76112
0.83988
0.85992
0.87024
0.88034
0.87982
0.8785
0.8815
0.88037
0.87195
0.85483
0.84507
0.72695
0.5919
0.52818
0.58957
0.65402
0.70592
0.78068
0.7841
0.81026
0.81596
0.86182
0.83346
0.71283
0.8939
0.66739
0.65816
0.85245
0.85297
0.72836
0.79721
0.76217
0.73188
0.70136
0.78486
0.72802
0.70266
0.68119
0.65919
0.6028
0.64299
0.75345
0.70828
0.82225
0.72515
0.87448
0.69875
0.69532
0.74856
0.85816
0.93042
0.74533
0.89402
0.884
0.85552
0.75063
0.74647
0.70204
0.71266
0.64087
0.60618
0.5239
0.46975
0.44661
0.40182
0.32983
0.31405
0.39258
0.84514
0.86039
0.88216
0.88445
0.87382
0.86783
0.86335
0.85348
0.84663
0.84951
0.8202
0.80232
0.81147
0.8096
0.79746
0.80625
0.79998
0.79973
0.7065
0.71743
0.75242
0.76114
0.79285
0.74891
0.67733
0.51234
0.48777
0.52878
0.5545
0.55184
0.58407
0.64184
0.42067
0.47446
0.44657
0.42285
0.40236
0.39864
0.64966
0.7948
0.83841
0.86577
0.86047
0.86013
0.86391
0.85313
0.84866
0.83805
0.75661
0.69474
0.68276
0.68597
0.69831
0.72715
0.77123
0.76268
0.78999
0.78765
0.79291
0.76727
0.71075
0.68745
0.72505
0.69287
0.64531
0.70668
0.71146
0.70407
0.64094
0.61039
0.66063
0.69113
0.66796
0.67432
0.65947
0.613
0.58063
0.57198
0.612
0.6241
0.63944
0.5926
0.53576
0.63019
0.6951
0.77053
0.95176
0.7903
0.77397
0.64657
0.84907
0.85626
0.87097
0.86038
0.84825
0.84226
0.83345
0.8441
0.83455
0.83583
0.83692
0.79968
0.75392
0.72784
0.51869
0.26782
0.3761
0.39772
0.51562
0.88033
0.88209
0.88229
0.87864
0.86382
0.85749
0.86133
0.87481
0.86762
0.82848
0.7613
0.68482
0.68231
0.67723
0.70957
0.86751
0.86387
0.79384
0.81373
0.62389
0.61671
0.60443
0.60143
0.59848
0.59606
0.64025
0.62663
0.63324
0.64215
0.6391
0.63402
0.62376
0.63321
0.63871
0.64
0.63419
0.67253
0.68109
0.67669
0.62748
0.7185
0.80093
0.82441
0.82993
0.83841
0.80506
0.63303
0.62291
0.63127
0.6392
0.63597
0.63915
0.64261
0.62373
0.63261
0.65327
0.68172
0.66889
0.66184
0.65983
0.67019
0.62284
0.64188
0.67092
0.67009
0.66044
0.6596
0.66074
0.67274
0.64998
0.67806
0.89518
0.80424
0.86402
0.87829
0.88538
0.71857
0.70489
0.69554
0.72277
0.70424
0.6718
0.68356
0.68656
0.69853
0.89835
0.91175
0.71559
0.72174
0.71533
0.71107
0.70553
0.8472
0.64959
0.55829
0.6044
0.64477
0.67556
0.70742
0.68904
0.67549
0.8054
0.81707
0.87032
0.85808
0.85384
0.86175
0.86524
0.8586
0.81985
0.82348
0.86494
0.85083
0.8067
0.81771
0.80175
0.76886
0.70977
0.65409
0.49765
0.41125
0.4073
0.40898
0.43696
0.40487
0.4757
0.52625
0.57548
0.58278
0.60638
0.68196
0.64176
0.68265
0.89829
0.9157
0.9244
0.9121
0.88366
0.90357
0.90364
0.90295
0.89501
0.92011
0.92956
0.75446
0.90404
0.91067
0.80011
0.81277
0.79611
0.72668
0.66366
0.66084
0.65906
0.64296
0.61125
0.65268
0.69591
0.7686
0.8424
0.89025
0.70286
0.65953
0.67333
0.67773
0.66873
0.64892
0.63479
0.6411
0.69145
0.71034
0.71819
0.72941
0.70499
0.67023
0.66762
0.66272
0.69245
0.71972
0.71511
0.7076
0.70123
0.68547
0.71442
0.71399
0.74188
0.72134
0.62785
0.60348
0.61829
0.61357
0.63345
0.65177
0.66162
0.65823
0.65465
0.64218
0.60683
0.57997
0.68959
0.67513
0.68916
0.68352
0.71192
0.72484
0.6586
0.59128
0.60553
0.64633
0.68565
0.86287
0.88838
0.90574
0.86798
0.83812
0.75274
0.84956
0.862
0.85816
0.83921
0.72229
0.66491
0.64451
0.64378
0.67383
0.70649
0.72163
0.70993
0.69502
0.69793
0.68642
0.71091
0.76281
0.82159
0.83856
0.8577
0.88395
0.78837
0.78702
0.88223
0.83562
0.76134
0.69282
0.84749
0.90045
0.87246
0.87304
0.80864
0.84554
0.79321
0.85986
0.79965
0.82063
0.81477
0.8454
0.85592
0.84789
0.84809
0.84267
0.83888
0.8111
0.79182
0.77945
0.84125
0.83895
0.81015
0.83354
0.82004
0.81715
0.77259
0.76925
0.78698
0.83346
0.79756
0.75275
0.7492
0.7156
0.66962
0.66394
0.65683
0.67144
0.74209
0.77157
0.70713
0.61619
0.7057
0.71518
0.71526
0.68555
0.70785
0.78694
0.74938
0.71013
0.68458
0.66193
0.66454
0.65066
0.79482
0.74667
0.73131
0.69316
0.59722
0.79121
0.83422
0.67038
0.65636
0.74174
0.86758
0.88925
0.87088
0.91987
0.89582
0.9137
0.91212
0.91011
0.90289
0.91035
0.88423
0.81113
0.76359
0.77096
0.83165
0.87506
0.78666
0.73546
0.68119
0.67289
0.6781
0.69831
0.73985
0.75529
0.7378
0.79844
0.82994
0.70097
0.77925
0.79422
0.86979
0.85718
0.84241
0.88536
0.76202
0.61609
0.67925
0.66828
0.80038
0.84688
0.74107
0.75042
0.6551
0.66648
0.6713
0.732
0.72469
0.73355
0.74666
0.73368
0.64955
0.58507
0.62994
0.6799
0.71557
0.81742
0.8422
0.83165
0.87102
0.79456
0.75394
0.755
0.70314
0.77512
0.74581
0.74056
0.68754
0.62993
0.60348
0.73376
0.76544
0.79884
0.80603
0.79662
0.715
0.62028
0.56034
0.93208
0.69728
0.72717
0.76565
0.80872
0.71368
0.62804
0.61674
0.68184
0.72165
0.76223
0.75774
0.79538
0.75961
0.68815
0.76811
0.77295
0.79875
0.82514
0.9249
0.94594
0.64769
0.60439
0.60058
0.98535
0.99551
0.98619
0.9855
0.98447
0.99036
0.99883
0.97984
0.98787
0.98665
1
0.99869
0.99591
0.98175
0.97835
0.96379
0.94146
0.99891
0.9916
0.91603
0.80582
0.92688
0.98824
0.98511
0.98839
0.99476
1.0001
0.96333
1.0009
1.0004
0.99909
0.99717
0.99753
0.97571
0.94955
0.95863
0.90797
0.8832
0.84457
0.93617
0.95834
0.9716
0.96478
0.95293
0.92142
0.85183
0.79074
0.80712
0.84236
0.98013
0.93825
0.92787
0.84962
0.76004
0.70043
0.96715
0.96323
0.96705
0.96869
0.86212
0.87479
0.6558
0.62031
0.56299
0.6716
0.68907
0.71367
0.69893
0.69178
0.61541
0.89289
0.84313
0.86527
0.95219
0.95872
0.94626
0.88616
0.80851
0.86874
0.94675
0.95098
0.94689
0.95184
0.95923
0.88957
0.82519
0.89198
0.90679
0.89369
0.93208
0.88998
0.83453
0.76101
0.6838
0.59127
0.57582
0.56766
0.97602
0.6678
0.64678
0.94476
0.97953
0.82969
0.90538
0.75356
0.71091
0.64681
0.59906
0.59546
0.57508
0.61417
0.6167
0.63679
0.68187
0.7687
0.71975
0.71108
0.70244
0.7353
0.74603
0.8611
0.76623
0.98684
0.99748
0.98898
0.99688
0.98769
0.99678
0.99944
0.92467
0.83982
0.80745
0.80865
0.7919
0.77256
0.75196
0.7449
0.72785
0.7244
0.74909
0.89025
0.83748
0.83407
0.82648
0.80803
0.80616
0.7998
0.79033
0.82014
0.78417
0.77942
0.79363
0.7832
0.74491
0.70845
0.72834
0.80124
0.87773
0.81363
0.81411
0.81234
0.74069
0.73429
0.74282
0.73093
0.73579
0.72743
0.71568
0.71644
0.69566
0.68676
0.71851
0.76468
0.80232
0.7836
0.75316
0.74052
0.7638
0.86136
0.83967
0.94965
0.94999
0.96275
0.97951
0.98697
0.97313
0.92273
0.93219
0.78728
0.77568
0.92716
0.92017
0.90099
0.86639
0.88201
0.90888
0.82179
0.7237
0.71948
0.80293
0.8565
0.8653
0.71308
0.69781
0.70538
0.70729
0.6698
0.70649
0.70274
0.68327
0.75277
0.71589
0.69884
0.80235
0.65693
0.75765
0.82136
0.82552
0.78498
0.86674
0.80594
0.80913
0.77625
0.76199
0.80839
0.80111
0.83062
0.83934
0.83689
0.8153
0.76196
0.78558
0.79568
0.79869
0.79106
0.82132
0.87303
0.77919
0.77043
0.68826
0.6994
0.71961
0.75906
0.77643
0.76572
0.7153
0.71304
0.69939
0.68702
0.7612
0.75895
0.74247
0.75806
0.72673
0.73152
0.6654
0.64275
0.66298
0.73981
0.6889
0.70002
0.67179
0.66259
0.64863
0.66829
0.66856
0.70423
0.72599
0.72778
0.73312
0.70933
0.71193
0.72129
0.71064
0.71014
0.70191
0.73745
0.79544
0.77513
0.74376
0.71549
0.69778
0.67229
0.62454
0.69632
0.72705
0.73264
0.71703
0.65212
0.6333
0.71114
0.59643
0.55986
0.95748
0.99841
1.0004
0.99891
0.99735
0.99758
1.0009
0.99797
0.98945
0.99833
0.99763
0.98997
0.99094
0.94701
0.86508
0.78247
0.66611
0.99814
0.99807
1.0008
1.0007
0.99885
0.9971
0.99933
0.99707
0.89743
0.92521
0.99646
0.96984
0.89848
0.87782
0.81291
0.84711
0.8453
0.85932
0.9119
0.90972
0.9188
0.9143
0.95519
0.94936
0.9238
0.86457
0.86248
0.954
0.95414
0.96907
0.92965
0.92495
0.95564
0.94467
0.94836
0.95493
0.93528
0.88854
0.86276
0.80292
0.79471
0.79313
0.78855
0.79086
0.77872
0.76254
0.75643
0.74035
0.6819
0.6989
0.74032
0.75819
0.78193
0.77085
0.8038
0.91245
0.98181
0.97222
0.98172
0.94349
0.92026
0.92623
0.95177
0.85435
0.80537
0.84996
0.82659
0.96241
0.9509
0.9602
0.97623
0.9836
0.98318
0.9848
0.98109
0.9801
0.98107
0.97954
0.89663
0.81896
0.84375
0.96336
0.97576
0.9231
0.96527
0.96595
0.96427
0.97907
0.98053
0.98923
0.97669
0.98352
0.97673
0.97152
0.96016
0.95407
0.96289
0.9715
0.96475
0.96972
0.96802
0.96028
0.95363
0.94204
0.94306
0.96199
0.9628
0.96411
0.96232
0.95913
0.93003
0.90389
0.88729
0.87545
0.85415
0.8201
0.81978
0.81682
0.82735
0.82159
0.84062
0.88525
0.95518
0.95299
0.96114
0.80877
0.77912
0.76659
0.74208
0.74376
0.71858
0.70495
0.76155
0.82346
0.89442
0.90761
0.86194
0.88101
0.92452
0.95283
0.94091
0.93996
0.95594
0.80516
0.71271
0.71454
0.69001
0.63825
0.61605
0.58363
0.59736
0.61221
0.53312
0.56067
0.52655
0.6111
0.96032
0.98801
0.99902
0.99963
0.99991
0.92201
0.99741
0.99175
0.99317
0.95968
0.96627
0.98432
0.96905
0.99054
0.98387
0.82788
0.83956
0.82564
0.82388
0.76052
0.72544
0.74172
0.73103
0.75034
0.7591
0.74736
0.73907
0.7943
0.76947
0.75375
0.76366
0.75784
0.78592
0.77817
0.66413
0.69073
0.64366
0.62098
0.61704
0.6519
0.6803
0.69515
0.70198
0.71054
0.70871
0.69502
0.70014
0.70189
0.68218
0.65331
0.636
0.62971
0.62235
0.64217
0.60923
0.56965
0.57342
0.62836
0.67651
0.68464
0.71945
0.60903
0.76378
0.74786
0.82304
0.86264
0.90927
0.89383
0.88594
0.8517
0.76525
0.74956
0.73101
0.77123
0.97757
0.98848
0.98797
0.98425
0.98751
0.96899
0.97151
0.96287
0.85695
0.80865
0.75546
0.7714
0.76137
0.81066
0.80655
0.80654
0.81158
0.81821
0.80385
0.80347
0.79464
0.77873
0.86248
0.96421
0.96407
0.90146
0.98295
0.98024
0.98669
0.98429
0.98053
0.97096
0.9512
0.9369
0.90271
0.81523
0.79488
0.76102
0.74803
0.8718
0.84074
0.83344
0.73875
0.85106
0.88775
0.91617
0.73539
0.83709
0.77587
0.7073
0.86991
0.95903
0.97255
0.96912
0.96517
0.9689
0.97013
0.95426
0.95211
0.94107
0.95679
0.9434
0.93271
0.92651
0.94975
0.95742
0.9727
0.96724
0.96676
0.96241
0.96095
0.95348
0.94304
0.86991
0.86685
0.95318
0.95048
0.94145
0.93575
0.93038
0.94331
0.83302
0.76539
0.72956
0.76266
0.80844
0.94459
0.96693
0.99753
0.98265
0.93096
0.85357
0.86631
0.83775
0.84484
0.79457
0.71148
0.63737
0.62672
0.74495
0.83372
0.95524
0.96719
0.9715
0.99828
0.99872
0.99975
0.99799
0.99914
1.0003
0.99892
0.99909
1.0007
0.99984
0.9995
0.9877
0.98074
0.97749
0.97205
0.95192
0.87068
0.80869
0.67442
0.92794
0.85814
0.96768
0.95679
0.94257
0.94214
0.9465
0.94806
0.94894
0.94779
0.94553
0.94126
0.93746
0.9394
0.93062
0.92
0.94471
0.92837
0.92388
0.9134
0.87702
0.79889
0.745
0.6953
0.67663
0.70672
0.78486
0.79728
0.71828
0.68363
0.67196
0.67435
0.75822
0.90655
0.93923
0.9404
0.94026
0.93408
0.89197
0.89494
0.89181
0.8763
0.80906
0.74401
0.69441
0.63692
0.6508
0.67682
0.68088
0.6578
0.6375
0.64213
0.51213
0.61552
0.61125
0.63374
0.68401
0.62246
0.61183
0.62314
0.62465
0.90664
0.91908
0.94301
0.94438
0.93159
0.93558
0.93097
0.91109
0.90878
0.92004
0.92507
0.92521
0.92323
0.91392
0.88203
0.76734
0.66211
0.77452
0.9144
0.95595
0.95753
0.93758
0.93169
0.93553
0.91265
0.89515
0.90071
0.89943
0.88756
0.8724
0.85465
0.83426
0.78378
0.77922
0.69949
0.62837
0.57613
0.53815
0.50754
0.51425
0.5097
0.50531
0.47826
0.32664
0.25612
0.26985
0.27053
0.26453
0.24854
0.3236
0.42222
0.4709
0.43627
0.48852
0.49186
0.47823
0.48163
0.4931
0.51803
0.5259
0.61232
0.63027
0.6235
0.73265
0.82196
0.86455
0.88848
0.8789
0.8327
0.79957
0.87772
0.89609
0.92863
0.95232
0.96747
0.9694
0.94835
0.94107
0.93009
0.92119
0.90213
0.90775
0.836
0.90486
0.89251
0.89539
0.89107
0.89385
0.90906
0.88865
0.88911
0.89274
0.89134
0.89769
0.89504
0.87435
0.86798
0.86399
0.84123
0.85725
0.84304
0.82143
0.83809
0.83296
0.82893
0.82088
0.83079
0.85425
0.78583
0.71135
0.7168
0.7352
0.71183
0.69179
0.67542
0.66653
0.68475
0.70149
0.73941
0.72
0.71875
0.73202
0.74734
0.75648
0.78535
0.80093
0.81134
0.82801
0.77627
0.68132
0.62182
0.56412
0.52226
0.47633
0.45086
0.433
0.46216
0.73238
0.80849
0.85711
0.75504
0.71878
0.87681
0.89261
0.78947
0.746
0.68212
0.70887
0.725
0.67797
0.68387
0.84486
0.86313
0.86403
0.83395
0.93846
0.94623
0.93754
0.91219
0.92934
0.91318
0.89141
0.88117
0.86295
0.84982
0.85237
0.83737
0.82998
0.84286
0.84342
0.82957
0.80331
0.73731
0.73182
0.67889
0.61296
0.56823
0.55737
0.54398
0.47534
0.44661
0.45941
0.46421
0.43449
0.62704
0.70181
0.69733
0.7288
0.70503
0.70417
0.6762
0.6444
0.65306
0.66747
0.64483
0.86138
0.88833
0.88086
0.90557
0.92593
0.92158
0.9137
0.90268
0.89319
0.88386
0.86913
0.86385
0.85229
0.85301
0.86678
0.86762
0.86056
0.85174
0.84769
0.81412
0.73842
0.7486
0.71045
0.69256
0.68989
0.70169
0.70165
0.68523
0.66503
0.59666
0.57576
0.63297
0.64092
0.67177
0.71712
0.75323
0.71393
0.67159
0.59897
0.52096
0.49145
0.4789
0.5063
0.61993
0.71144
0.87396
0.8755
0.84443
0.79238
0.74777
0.73469
0.73206
0.76772
0.78305
0.80699
0.72857
0.62189
0.65248
0.69186
0.68404
0.67056
0.65853
0.6427
0.65546
0.64565
0.65471
0.67301
0.68236
0.69829
0.70083
0.68492
0.67761
0.70021
0.70017
0.68078
0.6744
0.66465
0.68548
0.67109
0.68863
0.71332
0.72391
0.73213
0.7381
0.70601
0.69971
0.73478
0.81342
0.8432
0.84737
0.85579
0.83605
0.82368
0.81813
0.77836
0.63487
0.49749
0.42267
0.36809
0.33603
0.28449
0.22696
0.19126
0.16597
0.13871
0.19206
0.32363
0.46438
0.63797
0.69857
0.71225
0.71879
0.8909
0.89725
0.81071
0.74879
0.68076
0.5865
0.61663
0.50412
0.43472
0.47729
0.81337
0.77342
0.61982
0.65762
0.57707
0.65158
0.61665
0.63336
0.65414
0.66156
0.65862
0.67315
0.73568
0.68039
0.67187
0.68966
0.90288
0.84032
0.81339
0.85542
0.81692
0.7864
0.76368
0.87404
0.88754
0.87826
0.86358
0.83599
0.80643
0.80446
0.7861
0.74746
0.72379
0.69486
0.70136
0.65293
0.55602
0.51055
0.45875
0.46087
0.38208
0.54462
0.64106
0.6521
0.64645
0.57054
0.56659
0.77541
0.73898
0.7241
0.77064
0.78156
0.78468
0.78591
0.78788
0.78936
0.79194
0.79316
0.79771
0.76275
0.64899
0.6465
0.66746
0.69391
0.69602
0.76049
0.75363
0.71669
0.79484
0.79612
0.73835
0.75257
0.76366
0.77739
0.78325
0.78532
0.78064
0.75622
0.73264
0.72346
0.71906
0.72978
0.75077
0.71192
0.71199
0.74724
0.74846
0.74098
0.7735
0.78482
0.79763
0.80886
0.80836
0.81057
0.80103
0.78735
0.77482
0.7375
0.75349
0.75929
0.69416
0.61887
0.47385
0.36978
0.34116
0.32256
0.32067
0.34404
0.38923
0.44275
0.48336
0.48483
0.43287
0.38796
0.35506
0.33453
0.32703
0.32338
0.3205
0.33888
0.38887
0.51446
0.78435
0.79646
0.81175
0.8185
0.80523
0.71967
0.68784
0.68983
0.75603
0.7805
0.83927
0.85738
0.88431
0.83445
0.74211
0.75722
0.86703
0.86947
0.86551
0.84616
0.83696
0.83016
0.81519
0.81054
0.80075
0.80303
0.81534
0.79695
0.84003
0.86275
0.87556
0.81389
0.8285
0.86571
0.83677
0.78675
0.88462
0.88985
0.895
0.90442
0.89147
0.86504
0.83383
0.82195
0.81371
0.81589
0.81308
0.80381
0.73964
0.74528
0.68214
0.61085
0.4906
0.37837
0.43096
0.82607
0.69732
0.87933
0.89122
0.89257
0.88052
0.89126
0.88276
0.87415
0.87283
0.86843
0.84596
0.82959
0.83531
0.83315
0.83779
0.8058
0.78018
0.78679
0.72788
0.62332
0.429
0.42226
0.52457
0.7942
0.85115
0.8585
0.86162
0.86057
0.86213
0.84906
0.82341
0.69384
0.54206
0.54157
0.48235
0.40345
0.3526
0.3896
0.37792
0.3344
0.33017
0.3179
0.32535
0.31967
0.33987
0.59735
0.8313
0.84692
0.83363
0.86349
0.89939
0.90066
0.89675
0.88548
0.88103
0.87655
0.86692
0.85497
0.83977
0.82229
0.83671
0.84259
0.8465
0.85016
0.84641
0.84723
0.84055
0.83081
0.80959
0.79452
0.78877
0.80245
0.74753
0.56192
0.39969
0.85136
0.92978
0.88777
0.73385
0.71254
0.71913
0.94504
0.95879
0.95801
0.88354
0.89432
0.92695
0.91682
0.85888
0.83622
0.80633
0.81043
0.81525
0.82835
0.83726
0.83919
0.83925
0.84881
0.85739
0.85931
0.86225
0.85783
0.86201
0.86781
0.87386
0.73806
0.58101
0.44947
0.3909
0.37884
0.4472
0.57425
0.83186
0.81925
0.82294
0.82497
0.84198
0.84848
0.83847
0.83715
0.84
0.83202
0.82344
0.82088
0.81917
0.81718
0.81045
0.8063
0.78961
0.72545
0.69128
0.64425
0.41577
0.45388
0.67768
0.78253
0.69127
0.69932
0.61299
0.62269
0.69701
0.60251
0.60504
0.60628
0.61283
0.61881
0.63125
0.82182
0.8377
0.81484
0.80504
0.7898
0.77214
0.76346
0.75388
0.77094
0.77094
0.77639
0.75678
0.75344
0.72073
0.72231
0.68649
0.67454
0.67787
0.7172
0.64966
0.63261
0.64843
0.64031
0.62001
0.62561
0.62118
0.62692
0.63733
0.6482
0.67721
0.69931
0.67886
0.69527
0.64922
0.60093
0.58936
0.58021
0.57559
0.59669
0.69712
0.69448
0.62735
0.59435
0.55767
0.54045
0.49773
0.52938
0.50966
0.4848
0.4985
0.4649
0.48002
0.58266
0.62269
0.59335
0.52354
0.42146
0.32079
0.32018
0.32554
0.33545
0.48397
0.49918
0.47518
0.41766
0.50858
0.60236
0.62157
0.66365
0.60651
0.60628
0.54565
0.54503
0.55602
0.56135
0.55552
0.57497
0.66656
0.73453
0.66932
0.66398
0.73264
0.73182
0.73126
0.72816
0.71773
0.72185
0.69189
0.66719
0.69961
0.71653
0.70459
0.71687
0.6721
0.67223
0.68391
0.67623
0.6714
0.66784
0.70769
0.66109
0.58479
0.5549
0.7488
0.64379
0.63153
0.59424
0.57596
0.57276
0.56099
0.55742
0.57256
0.58151
0.61877
0.65159
0.63973
0.6078
0.62121
0.62388
0.64137
0.65729
0.68564
0.57981
0.57548
0.56848
0.57198
0.58842
0.56322
0.56448
0.60111
0.63317
0.75694
0.67351
0.68885
0.71609
0.76979
0.64064
0.59638
0.61247
0.62592
0.6106
0.639
0.6688
0.7449
0.75196
0.79539
0.82499
0.80232
0.79739
0.79403
0.7775
0.69679
0.65695
0.65412
0.64227
0.64248
0.69514
0.68645
0.70386
0.66784
0.72244
0.64674
0.63386
0.65749
0.77298
0.78381
0.78854
0.75676
0.61272
0.62198
0.61448
0.62521
0.58567
0.71128
0.66849
0.62212
0.69333
0.66434
0.60749
0.59356
0.58902
0.61278
0.6318
0.72228
0.82861
0.83459
0.64391
0.58209
0.62907
0.64846
0.6786
0.7975
0.67705
0.65951
0.70042
0.68762
0.67519
0.71381
0.7514
0.7722
0.77755
0.7782
0.78051
0.77882
0.77735
0.73197
0.69655
0.78466
0.77514
0.76045
0.79367
0.80659
0.79042
0.77347
0.7739
0.76429
0.75395
0.74123
0.72935
0.72533
0.71962
0.7118
0.70429
0.70033
0.69712
0.68398
0.67205
0.66187
0.65614
0.63017
0.62778
0.62933
0.61468
0.58994
0.56109
0.50479
0.50479
0.49504
0.50871
0.70354
0.71065
0.7094
0.71244
0.70156
0.68436
0.67882
0.67464
0.63655
0.72962
0.64267
0.61553
0.61775
0.61462
0.77481
0.76925
0.76517
0.77019
0.76444
0.75707
0.75165
0.75739
0.76051
0.77279
0.78709
0.80337
0.76409
0.61229
0.62498
0.59077
0.65496
0.80759
0.81292
0.79129
0.76304
0.74918
0.74725
0.74388
0.7396
0.73239
0.73037
0.73512
0.73377
0.73734
