0.69437
0.71468
0.72424
0.73446
0.69788
0.85968
0.66073
0.6599
0.66413
0.66212
0.6864
0.6855
0.65941
0.61477
0.61768
0.60183
0.60946
0.51316
0.58235
0.60186
0.59511
0.62097
0.65124
0.70424
0.65409
0.64809
0.6219
0.62243
0.65291
0.67869
0.6981
0.6861
0.68814
0.70565
0.70115
0.69506
0.69115
0.68306
0.68973
0.67572
0.66417
0.6494
0.63292
0.64254
0.65516
0.61921
0.6242
0.62561
0.6246
0.6281
0.6357
0.63459
0.65276
0.65193
0.65059
0.65037
0.64914
0.63358
0.63014
0.6412
0.66638
0.5768
0.5911
0.64109
0.5598
0.62543
0.73504
0.58423
0.60374
0.65392
0.67187
0.67655
0.69093
0.7152
0.73838
0.70316
0.68072
0.64378
0.6599
0.68393
0.71588
0.69303
0.74421
0.7615
0.70391
0.68305
0.45947
0.41864
0.47297
0.56687
0.64453
0.63491
0.58773
0.55713
0.58244
0.54944
0.53099
0.56797
0.63475
0.7047
0.66198
0.59988
0.6057
0.61665
0.62073
0.59668
0.64451
0.65066
0.6301
0.61124
0.59918
0.60421
0.64316
0.66227
0.65149
0.63984
0.61384
0.62451
0.62397
0.64351
0.66632
0.72108
0.70213
0.74231
0.73727
0.73748
0.7395
0.74235
0.71977
0.73028
0.71493
0.68564
0.68909
0.69139
0.6819
0.65649
0.63901
0.63399
0.62571
0.60446
0.59719
0.59243
0.59756
0.58592
0.62187
0.65002
0.62939
0.61248
0.60144
0.60643
0.57211
0.54149
0.60969
0.56832
0.5317
0.51817
0.54899
0.54292
0.59311
0.60807
0.63165
0.54903
0.48229
0.44191
0.56686
0.65685
0.64948
0.57497
0.48304
0.52203
0.65769
0.6672
0.75595
0.75348
0.65733
0.67912
0.68283
0.68686
0.6772
0.66911
0.66174
0.64442
0.63609
0.63265
0.65466
0.68488
0.6636
0.6669
0.64661
0.63217
0.63569
0.66126
0.65036
0.57606
0.58101
0.66947
0.51118
0.35046
0.43832
0.48405
0.62517
0.71288
0.66193
0.65065
0.63279
0.54342
0.4546
0.38699
0.38558
0.40128
0.4671
0.66452
0.76774
0.78822
0.56567
0.56581
0.5694
0.57299
0.57269
0.59203
0.60554
0.60314
0.59161
0.58561
0.55853
0.56583
0.55137
0.54797
0.56403
0.59056
0.56953
0.71337
0.73352
0.76348
0.75089
0.74165
0.73385
0.76321
0.73039
0.6847
0.47236
0.48103
0.6163
0.62775
0.67376
0.64843
0.5958
0.71038
0.66894
0.6353
0.63272
0.68682
0.70489
0.7223
0.78448
0.66422
0.66437
0.69322
0.71075
0.71024
0.62346
0.59511
0.57909
0.5634
0.57804
0.66283
0.68388
0.69031
0.63067
0.68101
0.73831
0.73476
0.71607
0.67739
0.63555
0.64321
0.65047
0.63081
0.56094
0.57744
0.61632
0.66187
0.70194
0.69962
0.71912
0.7249
0.72459
0.71477
0.65659
0.64481
0.64626
0.58987
0.58159
0.69343
0.7395
0.67416
0.71972
0.81167
0.78893
0.77903
0.76871
0.76162
0.75156
0.74062
0.73221
0.72048
0.74073
0.74623
0.75364
0.71088
0.69047
0.70038
0.71223
0.70942
0.69594
0.68093
0.66492
0.6616
0.65772
0.66383
0.66998
0.66751
0.66951
0.69348
0.74611
0.63048
0.63617
0.62159
0.61733
0.60474
0.62144
0.6599
0.64926
0.65202
0.64963
0.63984
0.62136
0.62003
0.61707
0.61259
0.61098
0.59807
0.56023
0.55705
0.62938
0.65299
0.68346
0.57159
0.51779
0.58052
0.67043
0.70486
0.72991
0.64981
0.68483
0.71015
0.73069
0.7903
0.66503
0.69539
0.75093
0.70251
0.68257
0.64763
0.64386
0.62477
0.59264
0.59256
0.59385
0.58877
0.59723
0.58677
0.59529
0.59379
0.59066
0.60823
0.61816
0.60925
0.58453
0.43289
0.50395
0.53234
0.55678
0.58261
0.59689
0.59615
0.59158
0.62306
0.62291
0.61278
0.62672
0.56662
0.61071
0.59056
0.56994
0.57725
0.56448
0.49922
0.46657
0.48212
0.50508
0.49561
0.5297
0.54083
0.59116
0.74826
0.76802
0.77086
0.76305
0.74858
0.73442
0.70756
0.68979
0.67687
0.65228
0.70806
0.76593
0.76355
0.72541
0.63257
0.56881
0.50792
0.51183
0.46819
0.44467
0.47331
0.52557
0.48337
0.48202
0.54158
0.60722
0.6099
0.59519
0.64597
0.60926
0.60567
0.59784
0.59787
0.60965
0.623
0.63392
0.63795
0.63221
0.60689
0.53506
0.53607
0.50556
0.51182
0.63846
0.70195
0.54345
0.65653
0.6179
0.71045
0.67962
0.64293
0.72735
0.75701
0.50148
0.46858
0.41211
0.45239
0.41011
0.57992
0.70722
0.7349
0.62852
0.72662
0.5584
0.46321
0.45885
0.75025
0.76112
0.76898
0.79236
0.75955
0.61616
0.60074
0.54845
0.71561
0.54383
0.55347
0.57297
0.57429
0.58183
0.58169
0.66388
0.80031
0.78828
0.7785
0.77694
0.77838
0.77963
0.78153
0.75731
0.7062
0.68513
0.63899
0.60706
0.5884
0.66619
0.69607
0.7244
0.72664
0.68979
0.67162
0.66502
0.65425
0.68023
0.63165
0.57431
0.55023
0.56495
0.54269
0.53756
0.56163
0.67843
0.57603
0.5591
0.55918
0.5598
0.56176
0.57375
0.70252
0.66465
0.52299
0.43835
0.44815
0.50921
0.61565
0.5263
0.34505
0.26549
0.14027
0.098366
0.11771
0.12203
0.16041
0.19629
0.25307
0.28849
0.38629
0.36522
0.37978
0.40423
0.41788
0.4033
0.32767
0.25774
0.25851
0.29486
0.36439
0.77035
0.80993
0.82645
0.83562
0.85298
0.85874
0.85998
0.84506
0.84641
0.8595
0.84211
0.84541
0.83341
0.85182
0.85419
0.85201
0.85009
0.85882
0.83589
0.81933
0.83795
0.83379
0.82286
0.82047
0.82607
0.83605
0.82265
0.7936
0.7523
0.56091
0.64116
0.63586
0.59027
0.57604
0.58974
0.59036
0.60324
0.55398
0.39978
0.4661
0.67718
0.68867
0.70616
0.72565
0.74906
0.77002
0.76633
0.74248
0.70386
0.67627
0.67769
0.66806
0.6825
0.68216
0.6705
0.69234
0.75175
0.75404
0.6021
0.38897
0.31721
0.31178
0.39806
0.4807
0.79248
0.79735
0.78963
0.765
0.82599
0.82494
0.80258
0.68442
0.58437
0.73049
0.6351
0.62527
0.81918
0.8265
0.8201
0.82508
0.81695
0.74524
0.78474
0.76071
0.70971
0.76996
0.73551
0.70674
0.69813
0.7183
0.67651
0.64107
0.62064
0.58511
0.56988
0.53107
0.54809
0.65597
0.66334
0.67836
0.69752
0.70709
0.61815
0.56288
0.50012
0.71257
0.70247
0.79618
0.83252
0.66892
0.58431
0.59671
0.84455
0.80049
0.76401
0.66586
0.74553
0.74709
0.75158
0.75268
0.74512
0.74766
0.75299
0.76391
0.78323
0.79648
0.79624
0.79192
0.7919
0.78539
0.79063
0.78261
0.79693
0.80087
0.78517
0.71975
0.56632
0.61324
0.5783
0.57386
0.58705
0.60641
0.63453
0.71458
0.69031
0.66399
0.64365
0.64226
0.61885
0.60406
0.66995
0.73352
0.75438
0.75788
0.73187
0.62847
0.62812
0.61982
0.60487
0.62813
0.6482
0.64357
0.58366
0.55918
0.53725
0.79723
0.80862
0.83039
0.80411
0.80783
0.80921
0.80389
0.74169
0.65172
0.62298
0.62523
0.81375
0.79663
0.75104
0.74865
0.72055
0.77754
0.81402
0.83293
0.80105
0.80944
0.7622
0.75629
0.71697
0.73766
0.76106
0.74576
0.7448
0.74391
0.72447
0.74104
0.76082
0.76456
0.75775
0.72654
0.72099
0.71096
0.76885
0.71601
0.80947
0.83103
0.84065
0.8492
0.85251
0.86627
0.87657
0.8778
0.91362
0.92973
0.93277
0.93243
0.9365
0.91817
0.91737
0.91674
0.90457
0.82274
0.87455
0.88731
0.88727
0.81846
0.83472
0.8484
0.87868
0.86277
0.86548
0.86149
0.81852
0.75761
0.7326
0.67006
0.71137
0.84347
0.83496
0.84134
0.82744
0.82454
0.83026
0.79707
0.71374
0.64751
0.65694
0.68097
0.64533
0.57833
0.53977
0.52799
0.5339
0.63981
0.68189
0.71853
0.7627
0.78
0.78636
0.82412
0.82497
0.83525
0.83915
0.83294
0.83536
0.81305
0.76177
0.69826
0.66784
0.78128
0.82335
0.82063
0.8015
0.80314
0.80577
0.79229
0.7486
0.75809
0.79211
0.75182
0.70196
0.68739
0.73023
0.72308
0.71861
0.71244
0.89597
0.76707
0.69983
0.68107
0.66705
0.67359
0.7709
0.75874
0.77869
0.75467
0.75853
0.70363
0.64785
0.52142
0.41676
0.38976
0.61648
0.74342
0.81235
0.82302
0.82396
0.83558
0.79492
0.67106
0.64579
0.60311
0.83258
0.79752
0.63975
0.62363
0.58098
0.57335
0.78177
0.80199
0.78806
0.79486
0.79098
0.77559
0.73588
0.6967
0.72888
0.61257
0.57615
0.71132
0.73607
0.75855
0.75245
0.74871
0.75287
0.75622
0.74241
0.7221
0.68807
0.67951
0.67642
0.60765
0.61947
0.76064
0.78385
0.78242
0.78212
0.78947
0.73562
0.72805
0.7765
0.76188
0.75368
0.73891
0.73701
0.75795
0.75874
0.7597
0.76403
0.75632
0.73404
0.7363
0.67448
0.63774
0.59087
0.52975
0.50747
0.52616
0.74282
0.76007
0.76889
0.7735
0.69202
0.70538
0.83267
0.81987
0.8558
0.82245
0.83777
0.80665
0.77343
0.76607
0.80233
0.79786
0.77931
0.75519
0.73814
0.77789
0.77418
0.79065
0.82182
0.80985
0.77614
0.77556
0.82162
0.73461
0.8266
0.83307
0.8383
0.82652
0.80804
0.80365
0.80013
0.81091
0.7801
0.68144
0.81128
0.65417
0.67987
0.71882
0.69769
0.66896
0.65991
0.6758
0.60309
0.53215
0.48781
0.47637
0.38187
0.32423
0.38586
0.9072
0.93177
0.95286
0.9559
0.91801
0.9608
0.98906
0.98188
0.96655
0.96144
0.94684
0.93173
0.92428
0.92829
0.9148
0.79695
0.72099
0.94204
0.95034
0.91351
0.8502
0.8903
0.79204
0.7241
0.69441
0.86652
0.69202
0.66676
0.65316
0.64975
0.6646
0.78585
0.97524
0.98354
0.68038
0.64749
0.65337
0.66275
0.66864
0.65355
0.68347
0.65771
0.69259
0.71877
0.70339
0.67975
0.71082
0.70924
0.70552
0.70677
0.69407
0.68284
0.68489
0.67722
0.6668
0.66263
0.72758
0.78954
0.75874
0.70897
0.69757
0.78511
0.80792
0.84241
0.63305
0.64936
0.6707
0.68654
0.69656
0.88718
0.83078
0.76931
0.75311
0.71674
0.78486
0.74033
0.75729
0.64582
0.543
0.51263
0.5066
0.50156
0.73421
0.87656
0.91559
0.93749
0.96403
0.98462
1.0006
0.99944
1.0005
0.9862
0.97363
0.95646
0.94448
0.92889
0.68778
0.89947
0.93162
0.93875
0.92472
0.92999
0.94252
0.9542
0.77089
0.71755
0.69854
0.913
0.92322
0.90962
0.81027
0.85793
0.92512
0.90782
0.85027
0.8877
0.74284
0.88083
0.77097
0.71582
0.61236
0.63119
0.70162
0.79775
0.78058
0.92006
0.91693
0.87817
0.91897
0.8401
0.93636
0.91436
0.89876
0.88948
0.84841
0.83619
0.80327
0.73445
0.78262
0.78739
0.80297
0.79615
0.77338
0.79952
0.73997
0.75086
0.63552
0.60646
0.64075
0.75527
0.79283
0.77618
0.73892
0.69553
0.68059
0.59331
0.51387
0.37469
0.24296
0.19519
0.22467
0.16998
0.12857
0.11342
0.17832
0.32175
0.51282
0.61502
0.65712
0.58472
0.54855
0.64177
0.72879
0.71229
0.69431
0.77847
0.66156
0.72831
0.75597
0.85584
0.86949
0.89852
0.84298
0.74861
0.71917
0.95831
0.95429
0.95315
0.9485
0.94271
0.93383
0.93
0.94347
0.93569
0.94312
0.90345
0.89434
0.88277
0.86596
0.74005
0.69945
0.73542
0.78577
0.80339
0.84181
0.80614
0.77576
0.74522
0.74979
0.70499
0.79163
0.81395
0.83448
0.89971
0.8674
0.85405
0.80476
0.80268
0.77472
0.80498
0.90006
0.87462
0.82589
0.82048
0.82351
0.77698
0.68646
0.76039
0.78494
0.82369
0.85236
0.70324
0.57747
0.83345
0.69575
0.68594
0.68155
0.67724
0.66897
0.6466
0.65268
0.65436
0.65868
0.68314
0.68901
0.68294
0.672
0.6096
0.72048
0.70485
0.70614
0.69205
0.70345
0.68006
0.65241
0.55381
0.58976
0.61186
0.69117
0.72984
0.73
0.76463
0.73631
0.59717
0.593
0.62518
0.65658
0.71552
0.72783
0.751
0.79188
0.7332
0.71669
0.75701
0.74394
0.79144
0.85984
0.88051
0.90667
0.93445
0.93762
0.71398
0.69623
0.65234
0.69508
0.75709
0.70473
0.70962
0.69323
0.67198
0.71331
0.7313
0.72365
0.71186
0.69514
0.67752
0.65386
0.64958
0.74151
0.72888
0.76106
0.76832
0.85585
0.88795
0.87183
0.76908
0.93077
0.92719
0.93003
0.91591
0.86889
0.77664
0.73677
0.69118
0.62392
0.69266
0.74711
0.78305
0.76637
0.75796
0.80199
0.79829
0.80344
0.80947
0.76891
0.75836
0.7764
0.75082
0.77098
0.95905
0.88258
0.83495
0.81258
0.79947
0.8101
0.76217
0.93129
0.81421
0.85041
0.88147
0.91178
0.90207
0.86221
0.80995
0.79084
0.79854
0.7438
0.7262
0.76908
0.69289
0.66822
0.65535
0.69019
0.62143
0.60891
0.85005
0.83901
0.79788
0.84676
0.90467
0.84835
0.91585
0.94824
0.93074
0.92129
0.91289
0.75849
0.70728
0.57973
0.64388
0.70943
0.73616
0.7374
0.72017
0.6963
0.64956
0.61642
0.60782
0.68449
0.68361
0.67708
0.66838
0.66973
0.67727
0.68633
0.69786
0.69581
0.71241
0.70736
0.68843
0.68422
0.67111
0.6104
0.64079
0.64977
0.75009
0.73204
0.72321
0.69238
0.6278
0.59582
0.59538
0.58998
0.61151
0.68166
0.68158
0.71703
0.71424
0.69281
0.69501
0.66374
0.68568
0.71021
0.6975
0.65637
0.66931
0.76234
0.82965
0.86093
0.85572
0.78476
0.73779
0.77084
0.79767
0.8435
0.88746
0.98894
0.96695
0.95645
0.96124
0.92356
0.86944
0.82399
0.78176
0.7289
0.75673
0.75916
0.76782
0.8003
0.82085
0.70504
0.69489
0.68514
0.66658
0.63083
0.61326
0.66161
0.65807
0.68637
0.69597
0.71999
0.68302
0.62857
0.64929
0.66248
0.67945
0.66252
0.6742
0.65875
0.65134
0.63645
0.5485
0.61691
0.82609
0.92434
0.99942
0.91632
0.80933
0.79319
0.79439
0.75099
0.73427
0.73176
0.73042
0.75104
0.74643
0.75929
0.75323
0.73558
0.66383
0.66416
0.64775
0.6668
0.73278
0.79395
0.71084
0.68585
0.78448
0.8366
0.88053
0.88392
0.86447
0.91108
0.95117
0.96292
0.99052
0.99693
0.99493
0.9902
0.97489
0.95874
0.95065
0.9718
0.9697
0.97995
0.95858
0.95639
0.9409
0.9183
0.89148
0.84147
0.78105
0.75945
0.73774
0.72489
0.69325
0.73365
0.77367
0.77313
0.74296
0.74813
0.72916
0.73219
0.78584
0.77944
0.76851
0.80135
0.82955
0.78734
0.82867
0.81249
0.72998
0.82475
0.98973
0.96177
0.9374
0.9276
0.90017
0.93756
0.92483
0.9161
0.82454
0.8002
0.7919
0.72096
0.67714
0.70896
0.74764
0.78166
0.79782
0.77988
0.77395
0.85888
0.85952
0.8486
0.82839
0.82301
0.80983
0.76778
0.75228
0.72663
0.72619
0.73787
0.74721
0.74388
0.76568
0.72999
0.72512
0.73745
0.73065
0.76217
0.78225
0.76099
0.76792
0.72556
0.81102
0.84529
0.90201
0.96829
0.97055
0.96638
0.97142
0.81811
0.76706
0.72705
0.72474
0.73756
0.75479
0.784
0.79532
0.80423
0.71674
0.74322
0.76745
0.77447
0.86292
0.80178
0.7809
0.75917
0.75666
0.74338
0.72119
0.7153
0.80747
0.84876
0.93379
0.97632
0.94226
0.90962
0.79259
0.65578
0.72977
0.93043
0.95853
0.94239
0.88878
0.89804
0.84994
0.70717
0.74419
0.80424
0.89038
0.90801
0.94187
0.96384
0.95848
0.92905
0.97192
0.96438
0.94139
0.90657
0.92152
0.91749
0.95137
0.95002
0.95138
0.93727
0.90212
0.83134
0.76423
0.68089
0.7371
0.74017
0.72781
0.77311
0.77479
0.91074
0.7546
0.94639
0.94602
0.91239
0.92346
0.92317
0.96065
0.9776
0.9711
0.97286
0.88289
0.96298
0.94827
0.92138
0.9338
0.87606
0.87484
0.81771
0.80542
0.80966
0.79297
0.77342
0.91889
0.97472
0.98002
0.99821
0.99882
1.0009
0.90396
0.87204
0.89214
0.81186
0.79839
0.84496
0.87025
0.85007
0.8061
0.75937
0.79767
0.76953
0.74866
0.7451
0.76369
0.99467
0.78913
0.77787
0.90044
0.82084
0.76058
0.7794
0.81962
0.80104
0.87127
0.7822
0.77135
0.7549
0.7644
0.77487
0.79173
0.81091
0.80302
0.81492
0.78025
0.7959
0.82259
0.77389
0.75241
0.68694
0.64258
0.61062
0.60664
0.60512
0.64917
0.70665
0.77409
0.7913
0.78114
0.76253
0.73651
0.75828
0.97922
0.9911
0.98439
0.97568
0.96119
0.95265
0.958
0.9358
0.91032
0.94365
0.89781
0.87893
0.92872
0.96684
0.94564
0.92179
0.86956
0.82871
0.82451
0.84676
0.79761
0.76943
0.64958
0.57999
0.97048
0.8765
0.84013
0.82897
0.83493
0.80821
0.80398
0.82062
0.80463
0.72483
0.85767
0.9774
0.95376
0.98868
0.99955
0.98782
0.99851
0.98274
0.85416
0.77389
0.72571
0.72637
0.8355
1.0006
0.99537
0.9913
0.99163
0.98044
0.94808
0.94928
0.93986
0.92953
0.90349
0.89477
0.90952
0.93954
0.93964
0.93014
0.92246
0.9033
0.79572
0.75754
0.7522
0.74189
0.55453
0.93167
0.94036
0.91176
0.79057
0.99891
0.99329
0.98957
0.98897
0.97004
0.94692
0.9386
0.92449
0.92888
0.92529
0.94432
0.93951
0.9306
0.91886
0.90336
0.86874
0.86069
0.90955
0.92987
0.91714
0.91616
0.90651
0.88864
0.8561
0.76438
0.73562
0.76343
0.82518
0.86215
0.90002
0.92198
0.89723
0.91207
0.93237
0.93966
0.93854
0.9235
0.89906
0.88971
0.85976
0.81859
0.79298
0.6853
0.71161
0.72554
0.76664
0.85284
0.78686
0.74853
0.74572
0.75292
0.77682
0.77817
0.76938
0.72912
0.70929
0.72237
0.75085
0.76917
0.76275
0.75164
0.7549
0.77094
0.80953
0.80817
0.87415
0.92131
0.90295
0.90804
0.91043
0.9231
0.88567
0.87394
0.68417
0.69873
0.74063
0.76865
0.77901
0.73479
0.70898
0.68739
0.68138
0.69462
0.74561
0.7989
0.79826
0.7897
0.77808
0.7782
0.72335
0.69162
0.67356
0.66433
0.67172
0.69103
0.74225
0.78689
0.77151
0.72297
0.69951
0.71693
0.7178
0.71161
0.68455
0.64687
0.68153
0.71933
0.718
0.72737
0.71474
0.70832
0.69183
0.67797
0.66288
0.67429
0.73279
0.74567
0.7322
0.72187
0.72756
0.71949
0.70498
0.71906
0.76416
0.7943
0.76754
0.75562
0.74025
0.73066
0.71892
0.68248
0.68766
0.68361
0.68766
0.70874
0.71524
0.718
0.72421
0.80303
0.85137
0.84797
0.88347
0.90991
0.93381
0.93825
0.94652
0.93962
0.92755
0.91609
0.81703
0.76786
0.77173
0.7611
0.77263
0.73601
0.81996
0.89382
0.91668
0.93059
0.95003
0.89006
0.89604
0.91145
0.94183
0.93033
0.85778
0.89528
0.75715
0.8274
0.9538
0.97437
0.97337
0.95362
0.95206
0.94213
0.9421
0.93812
0.94521
0.93906
0.93929
0.9351
0.91859
0.91305
0.87082
0.90013
0.89439
0.84374
0.82277
0.75255
0.53816
0.90299
0.9536
0.97364
0.96563
0.94528
0.95046
0.94047
0.93045
0.90946
0.86931
0.85548
0.89539
0.87455
0.84022
0.86382
0.79088
0.77446
0.75737
0.71427
0.68189
0.69329
0.71319
0.75602
0.76224
0.72758
0.78471
0.7376
0.84944
0.91766
0.90436
0.86739
0.83141
0.77388
0.76234
0.75196
0.70687
0.85936
0.87458
0.89925
0.87697
0.84029
0.77958
0.7068
0.88171
0.81144
0.85274
0.86268
0.89783
0.88495
0.88089
0.89329
0.90427
0.90381
0.89787
0.89376
0.89096
0.87341
0.86665
0.86506
0.87318
0.85408
0.8231
0.82499
0.81316
0.83023
0.86088
0.84567
0.79232
0.83676
0.83859
0.8412
0.83194
0.84603
0.87919
0.87994
0.86188
0.74649
0.81904
0.83115
0.87308
0.88702
0.91988
0.83899
0.81681
0.85514
0.80444
0.82584
0.84736
0.87554
0.87917
0.85092
0.86604
0.87404
0.86517
0.86762
0.86769
0.87457
0.86411
0.87225
0.86844
0.87688
0.88041
0.88155
0.87295
0.85938
0.82642
0.7447
0.71245
0.69422
0.66987
0.617
0.65443
0.70331
0.76503
0.81705
0.8314
0.82211
0.80459
0.54311
0.84052
0.87665
0.89316
0.9066
0.91004
0.91319
0.9129
0.90914
0.90793
0.9104
0.88434
0.79811
0.74691
0.73196
0.74341
0.69657
0.64773
0.60115
0.6775
0.73496
0.44496
0.52758
0.49674
0.42631
0.41943
0.42219
0.50535
0.62158
0.70423
0.82786
0.82711
0.80509
0.86041
0.81375
0.69401
0.48373
0.45495
0.5137
0.54875
0.59543
0.58724
0.47967
0.498
0.53906
0.66767
0.72916
0.83853
0.80273
0.79348
0.78267
0.75962
0.72003
0.71092
0.69849
0.66677
0.61186
0.90718
0.93927
0.95586
0.96127
0.95411
0.94884
0.94073
0.9492
0.93449
0.92704
0.92527
0.92092
0.92175
0.9193
0.91555
0.91594
0.91758
0.91766
0.91015
0.90896
0.90005
0.8923
0.87231
0.84449
0.84738
0.83824
0.85912
0.86597
0.83667
0.81889
0.8159
0.81073
0.82105
0.79816
0.78153
0.8172
0.83524
0.83566
0.82789
0.80858
0.77654
0.7461
0.72831
0.69272
0.6598
0.65829
0.69356
0.6621
0.64742
0.59279
0.52244
0.44118
0.36044
0.34224
0.38725
0.81768
0.84418
0.85923
0.8785
0.88679
0.88261
0.88171
0.88373
0.85322
0.78404
0.772
0.7562
0.7512
0.72777
0.73579
0.74144
0.8298
0.86649
0.89939
0.91602
0.91531
0.91967
0.91051
0.90867
0.90515
0.89443
0.88086
0.87266
0.85274
0.8437
0.81446
0.80232
0.63413
0.48616
0.87078
0.92098
0.92973
0.92042
0.8811
0.80011
0.79066
0.89524
0.91555
0.92633
0.92937
0.92899
0.92977
0.92527
0.91743
0.91363
0.90684
0.90828
0.90375
0.90199
0.89057
0.8769
0.85613
0.82599
0.81384
0.80317
0.80739
0.81121
0.79194
0.78051
0.78267
0.76045
0.7361
0.70549
0.69476
0.66576
0.62986
0.60422
0.54368
0.4602
0.41573
0.4008
0.35991
0.31679
0.2355
0.20902
0.22805
0.23511
0.23928
0.28169
0.26821
0.31143
0.44555
0.84808
0.84576
0.83736
0.85069
0.85827
0.86019
0.86756
0.87151
0.86881
0.85493
0.85254
0.86876
0.8478
0.83631
0.81874
0.81433
0.82654
0.83676
0.82211
0.83125
0.77084
0.64568
0.60535
0.63199
0.78185
0.80599
0.7977
0.73538
0.71557
0.64966
0.60796
0.59412
0.82618
0.82689
0.8572
0.84591
0.75653
0.66072
0.62421
0.63996
0.62723
0.64368
0.6448
0.6502
0.6545
0.65382
0.67086
0.69803
0.8124
0.76408
0.66502
0.6669
0.63769
0.7031
0.69069
0.71322
0.65511
0.59052
0.64025
0.61879
0.63103
0.63172
0.64997
0.63752
0.84308
0.71368
0.73435
0.64225
0.67159
0.76857
0.70259
0.77292
0.7202
0.73489
0.82724
0.79559
0.71298
0.70655
0.71353
0.73428
0.78649
0.86616
0.88954
0.90943
0.85447
0.91667
0.83224
0.73276
0.67482
0.68033
0.7845
0.78846
0.77925
0.85765
0.82822
0.82462
0.8154
0.80209
0.81181
0.79367
0.81467
0.83466
0.84577
0.84804
0.85211
0.85401
0.87371
0.85869
0.80816
0.86753
0.81422
0.81245
0.79343
0.73209
0.71151
0.71034
0.73659
0.71993
0.72244
0.70792
0.72216
0.69189
0.6226
0.68989
0.70765
0.7948
0.79835
0.77745
0.74332
0.69302
0.70008
0.70676
0.70745
0.64489
0.64724
0.85424
0.86863
0.86598
0.87115
0.85993
0.83734
0.78434
0.81529
0.73838
0.70242
0.82603
0.81279
0.73496
0.71075
0.64053
0.60592
0.61337
0.72348
0.83445
0.84145
0.88329
0.90005
0.56992
0.52983
0.51449
0.53562
0.55652
0.60593
0.7574
0.73925
0.71029
0.67695
0.62409
0.63381
0.67657
0.7465
0.78799
0.83903
0.83489
0.82677
0.79261
0.87011
0.89519
0.91709
0.67955
0.68466
0.67318
0.6807
0.83156
0.8537
0.69438
0.6763
0.68177
0.70054
0.72603
0.63747
0.89312
0.67168
0.67378
0.86054
0.69444
0.87265
0.88875
0.89341
0.89859
0.78563
0.90701
0.88901
0.80059
0.85225
0.69683
0.67723
0.68083
0.65787
0.64241
0.66215
0.69751
0.7053
0.70242
0.72027
0.73033
0.74261
0.74765
0.64812
0.63327
0.60987
0.64934
0.69467
0.70094
0.67255
0.65824
0.65647
0.6611
0.66488
0.66365
0.67372
0.6995
0.71285
0.71901
0.70996
0.70558
0.71271
0.70979
0.70821
0.696
0.69341
0.68523
0.68405
0.68458
0.69248
0.7004
0.71429
0.68419
0.67688
0.67671
0.66203
0.6564
0.64765
0.64708
0.65298
0.66826
0.688
0.79155
0.66266
0.6792
0.72039
0.66864
0.76177
0.71079
0.72549
0.77799
0.76845
0.75682
0.70593
0.65665
0.78848
0.80954
0.82552
0.81398
0.76467
0.76047
0.73796
0.71505
0.70056
0.65425
0.63316
0.73398
0.74953
0.77624
0.81417
0.83156
0.84045
0.84178
0.84077
0.84796
0.84346
0.83675
0.82425
0.81828
0.80738
0.79869
0.77209
0.77279
0.62275
0.56932
0.52941
0.7859
0.82838
0.85031
0.8582
0.86394
0.87084
0.87212
0.87482
0.87502
0.86418
0.86298
0.87401
0.86884
0.85468
0.69002
0.78998
0.77491
0.78191
0.7883
0.79201
0.78568
0.77975
0.7728
0.75289
0.74265
0.73824
0.72203
0.70141
0.70128
0.70433
0.73113
0.75236
0.7438
0.75579
0.8187
0.83324
0.862
0.87132
0.88114
0.88446
0.87476
0.89818
0.92039
0.93808
0.95309
0.95023
0.94983
0.95391
0.96042
0.9552
0.93999
0.94612
0.94588
0.93265
0.92323
0.91897
0.92018
0.7752
0.74959
0.86677
0.87468
0.87056
0.86451
0.86767
0.829
0.7423
0.73538
0.65129
0.53341
0.43863
0.45495
0.59985
0.61938
0.62011
0.63968
0.65418
0.65842
0.66277
0.66778
0.71136
0.71604
0.69973
0.70054
0.69688
0.57149
0.63936
0.76567
0.80644
0.87078
0.88351
0.88832
0.89257
0.89286
0.86715
0.86301
0.85312
0.85045
0.85281
0.84934
0.84843
0.84351
0.83395
0.8116
0.80788
0.79274
0.81527
0.81894
0.83515
0.8244
0.84165
0.72148
0.76443
0.80417
0.84397
0.79337
0.83338
0.84972
0.82015
0.80536
0.82452
0.82282
0.80921
0.79952
0.78981
0.78186
0.772
0.76893
0.76413
0.76262
0.75233
0.70241
0.6514
0.60448
0.57274
0.54202
0.45155
0.34644
0.26074
0.20683
0.21938
0.30243
0.60801
0.87515
0.71594
0.6074
0.7679
0.56496
0.7264
0.68873
0.90479
0.86865
0.84555
0.83691
0.8257
0.82201
0.82905
0.82408
0.81998
0.81574
0.8147
0.80793
0.80903
0.79511
0.73442
0.68784
0.66163
0.59441
0.50911
0.41445
0.6674
0.71347
0.78499
0.68645
0.562
0.48063
0.59098
0.71177
0.6581
0.6617
0.69727
0.61966
0.60557
0.60733
0.64202
0.68067
0.67935
0.75813
0.80474
0.65651
0.65349
0.65691
0.65984
0.64943
0.84994
0.83076
0.80879
0.83198
0.82706
0.80696
0.76196
0.75563
0.68191
0.60713
0.58006
0.55802
0.5902
0.58481
0.62477
0.65608
0.71916
0.83486
0.81426
0.8022
0.79743
0.78851
0.78701
0.77495
0.76419
0.75172
0.74353
0.73565
0.73629
0.72842
0.70636
0.7262
0.72652
0.72152
0.72112
0.72122
0.70695
0.65936
0.63147
0.51695
0.7144
0.72915
0.79353
0.81944
0.70336
0.60938
0.69444
0.61287
0.65018
0.60254
0.56527
0.56281
0.63081
0.65205
0.63514
0.62907
0.64797
0.66962
0.70095
0.82413
0.82924
0.79514
0.77737
0.76778
0.76199
0.75791
0.75158
0.74905
0.74593
0.74139
0.73369
0.72935
0.72859
0.72402
0.71805
0.71072
0.69718
0.68702
0.67729
0.6436
0.64909
0.61788
0.60578
0.60434
0.59464
0.66436
0.65648
0.60914
0.60354
0.67532
0.68064
0.66818
0.67115
0.67675
0.65517
0.61441
0.59572
0.63902
0.62602
0.67089
0.67506
0.69179
0.70206
0.7068
0.70693
0.70424
0.70808
0.7106
0.70603
0.7008
0.69575
0.69866
0.68932
0.64285
0.63495
0.589
0.56852
0.5621
0.54809
0.54787
0.50908
0.50575
0.54873
0.4708
0.48202
0.48396
0.54784
0.52781
0.52628
0.65771
0.64958
0.70766
0.73507
0.72897
0.66154
0.65328
0.65341
0.64171
0.67004
0.6263
0.73447
0.6588
0.62053
0.62439
0.63987
0.65391
