0.81772
0.81387
0.7595
0.80572
0.82731
0.83962
0.74057
0.69768
0.67159
0.613
0.60873
0.59994
0.62839
0.61265
0.61713
0.61392
0.60885
0.61572
0.6272
0.62358
0.63783
0.68026
0.71848
0.85189
0.84097
0.8505
0.81703
0.78109
0.75471
0.78491
0.79909
0.80917
0.80957
0.81432
0.78869
0.75061
0.70342
0.66714
0.746
0.77022
0.73794
0.72226
0.67279
0.65862
0.63822
0.63415
0.63694
0.64016
0.63571
0.637
0.63819
0.63775
0.64473
0.64586
0.65092
0.65903
0.63092
0.62494
0.52153
0.55973
0.62121
0.67173
0.68334
0.7189
0.71513
0.70682
0.70596
0.736
0.69625
0.73829
0.69186
0.64882
0.68883
0.70737
0.72229
0.68465
0.70378
0.6341
0.5978
0.62944
0.67607
0.74328
0.74647
0.65205
0.61565
0.65662
0.66394
0.66159
0.6538
0.65512
0.67361
0.69629
0.66109
0.66922
0.63107
0.58782
0.55974
0.54241
0.53446
0.55081
0.54782
0.55124
0.61713
0.66458
0.67146
0.68072
0.69716
0.67905
0.65324
0.68854
0.72321
0.72542
0.72232
0.70941
0.73319
0.71157
0.72893
0.77152
0.72788
0.6084
0.62934
0.61899
0.5666
0.51292
0.50721
0.45899
0.54385
0.59603
0.6219
0.64141
0.62039
0.59332
0.56912
0.5278
0.56524
0.56714
0.57487
0.55845
0.55563
0.56887
0.58266
0.64721
0.68723
0.66303
0.66226
0.76306
0.82739
0.81934
0.80921
0.78321
0.72685
0.72292
0.73052
0.67101
0.66005
0.66391
0.70731
0.8079
0.75882
0.70844
0.71959
0.76928
0.85215
0.86032
0.86297
0.84883
0.81739
0.80621
0.78418
0.68053
0.5749
0.46356
0.34732
0.27389
0.25052
0.2431
0.23067
0.24938
0.28146
0.28824
0.29186
0.32062
0.35935
0.4526
0.59936
0.59928
0.50834
0.41427
0.38674
0.36377
0.33324
0.29649
0.27346
0.25751
0.26814
0.2807
0.27891
0.28043
0.27655
0.28403
0.3383
0.54198
0.60178
0.6003
0.83221
0.8577
0.54261
0.3669
0.35723
0.36665
0.36807
0.37773
0.38607
0.33482
0.3221
0.32947
0.28643
0.22533
0.15844
0.24381
0.27199
0.24201
0.25394
0.23097
0.23055
0.25135
0.28926
0.38842
0.36901
0.40526
0.40717
0.44264
0.43939
0.36766
0.31206
0.2932
0.29444
0.37438
0.38597
0.3392
0.31822
0.29895
0.27605
0.22844
0.18858
0.18144
0.18271
0.1967
0.25013
0.33726
0.43945
0.68035
0.68705
0.69844
0.66257
0.64433
0.64936
0.63337
0.63946
0.59779
0.59413
0.58025
0.59533
0.58694
0.61211
0.64978
0.59207
0.55211
0.55821
0.56605
0.55959
0.52804
0.52345
0.57367
0.65534
0.7073
0.67106
0.66538
0.64541
0.59688
0.46799
0.40351
0.37397
0.3326
0.3265
0.32721
0.34972
0.3757
0.40727
0.44143
0.48098
0.52334
0.5591
0.56036
0.56741
0.57089
0.5409
0.58528
0.58665
0.64953
0.65612
0.5872
0.57043
0.54757
0.6065
0.60682
0.63227
0.71612
0.71468
0.63139
0.62651
0.62249
0.59763
0.60018
0.68086
0.62153
0.64019
0.64167
0.64646
0.64666
0.65064
0.64139
0.64086
0.64551
0.6598
0.86818
0.85526
0.82375
0.79988
0.72604
0.66788
0.67582
0.65514
0.62454
0.58896
0.56737
0.62159
0.62241
0.51877
0.49091
0.47253
0.61364
0.63153
0.62512
0.62729
0.61763
0.64011
0.67611
0.66021
0.67261
0.74279
0.86369
0.84531
0.7744
0.59017
0.60362
0.62395
0.62495
0.69777
0.82735
0.84211
0.82231
0.70457
0.67921
0.67374
0.7203
0.55454
0.6412
0.57762
0.49972
0.53293
0.58943
0.60544
0.68313
0.68865
0.83024
0.64698
0.56789
0.56602
0.55544
0.56915
0.76626
0.77512
0.58504
0.56095
0.54874
0.53503
0.52967
0.54202
0.55056
0.56944
0.66766
0.66796
0.648
0.5471
0.47674
0.42466
0.68788
0.69283
0.7189
0.72204
0.77193
0.77729
0.74347
0.73891
0.72592
0.67934
0.65294
0.68384
0.73764
0.84191
0.70986
0.77976
0.54445
0.56569
0.56801
0.61325
0.86692
0.80028
0.79712
0.77881
0.64807
0.5828
0.47183
0.31201
0.2977
0.36539
0.36858
0.43729
0.60258
0.55369
0.65079
0.82283
0.8465
0.87395
0.88173
0.88322
0.88365
0.89797
0.91694
0.92516
0.93382
0.93664
0.92268
0.67726
0.91846
0.79047
0.68357
0.63129
0.53151
0.5427
0.57464
0.5651
0.71585
0.89852
0.90387
0.88539
0.86075
0.86991
0.87605
0.86319
0.84029
0.832
0.80907
0.80798
0.77982
0.76549
0.7498
0.69959
0.68466
0.65999
0.57045
0.74655
0.7861
0.83367
0.87146
0.88908
0.75641
0.80268
0.71426
0.6528
0.65298
0.64234
0.63568
0.63339
0.63219
0.64147
0.74316
0.85195
0.81081
0.78715
0.77306
0.76611
0.76272
0.74006
0.72162
0.68365
0.6687
0.62573
0.60423
0.48298
0.35602
0.23087
0.17165
0.14718
0.15551
0.21758
0.34728
0.62761
0.65633
0.64554
0.63194
0.66978
0.5608
0.45001
0.41011
0.42529
0.43621
0.56362
0.7348
0.85413
0.68914
0.6746
0.67592
0.72066
0.82023
0.84598
0.81911
0.80314
0.78807
0.74267
0.74105
0.73037
0.73177
0.72804
0.71312
0.69416
0.68481
0.63531
0.61582
0.59391
0.57162
0.53953
0.46302
0.32414
0.2425
0.2029
0.24651
0.34729
0.80643
0.77576
0.73283
0.75069
0.74512
0.76465
0.78797
0.80896
0.81921
0.81571
0.78099
0.79948
0.81504
0.69019
0.66919
0.65045
0.74631
0.85322
0.85056
0.69707
0.66277
0.63301
0.64844
0.66575
0.89009
0.70856
0.76938
0.78053
0.82907
0.87764
0.88615
0.84244
0.80706
0.8108
0.77087
0.76789
0.73271
0.61833
0.49488
0.38693
0.3175
0.31109
0.31001
0.33921
0.45295
0.43874
0.50976
0.55193
0.58321
0.82226
0.63519
0.69715
0.69879
0.69171
0.70638
0.59987
0.51233
0.48222
0.51141
0.54592
0.68011
0.79166
0.80505
0.82968
0.84349
0.83066
0.80789
0.79231
0.78651
0.78089
0.77883
0.80464
0.83009
0.84371
0.81642
0.82232
0.80826
0.75348
0.83348
0.83304
0.83144
0.80876
0.77161
0.73343
0.73638
0.64295
0.5513
0.76268
0.78451
0.77916
0.75492
0.73877
0.73566
0.73781
0.73619
0.76718
0.78171
0.76267
0.75089
0.70925
0.68698
0.55032
0.42646
0.55726
0.81407
0.76412
0.69684
0.58669
0.58938
0.59859
0.64205
0.86773
0.84122
0.84007
0.82614
0.80865
0.74604
0.65402
0.79143
0.83106
0.73378
0.85817
0.69616
0.82933
0.82387
0.81376
0.80554
0.78127
0.70832
0.73718
0.77488
0.80278
0.78024
0.77616
0.7927
0.8079
0.8499
0.84792
0.8519
0.82772
0.80318
0.77818
0.70922
0.59158
0.711
0.73342
0.74524
0.74997
0.75188
0.75098
0.75369
0.7514
0.72631
0.53674
0.48437
0.49674
0.48827
0.49615
0.51012
0.53006
0.54266
0.51843
0.52706
0.5502
0.55585
0.56061
0.63223
0.6263
0.58201
0.55125
0.61024
0.8109
0.80289
0.75998
0.75275
0.81011
0.806
0.81157
0.78994
0.75572
0.7421
0.78614
0.80017
0.80047
0.81489
0.78031
0.77471
0.7454
0.82304
0.8434
0.85787
0.86602
0.87238
0.86424
0.83777
0.82845
0.82325
0.81587
0.7983
0.75595
0.77691
0.79454
0.76119
0.74539
0.72463
0.7165
0.7481
0.78761
0.78268
0.79161
0.76101
0.75349
0.76216
0.53861
0.3906
0.41782
0.48776
0.59228
0.84763
0.88632
0.90838
0.90899
0.91582
0.91462
0.91082
0.90442
0.90343
0.90618
0.90828
0.90429
0.90472
0.90446
0.88939
0.81637
0.8518
0.85681
0.85117
0.72375
0.8023
0.88275
0.80918
0.77992
0.87008
0.85644
0.89511
0.91768
0.92039
0.91593
0.90656
0.90755
0.8975
0.89071
0.8704
0.86684
0.87205
0.86451
0.84368
0.88782
0.8947
0.88782
0.88305
0.88972
0.90205
0.89879
0.92135
0.91711
0.9029
0.89486
0.88679
0.87893
0.86902
0.86447
0.84352
0.83264
0.8188
0.82111
0.80789
0.79593
0.76813
0.75699
0.75145
0.78427
0.76883
0.7547
0.75508
0.74797
0.78606
0.71339
0.65604
0.5052
0.39722
0.45591
0.51774
0.538
0.83365
0.85891
0.73399
0.87942
0.75284
0.84999
0.85938
0.85736
0.8429
0.5894
0.57322
0.82931
0.81906
0.79816
0.7676
0.75278
0.76261
0.73335
0.67807
0.67229
0.63755
0.65944
0.70266
0.57562
0.4144
0.55497
0.86141
0.78834
0.8352
0.8623
0.85738
0.65004
0.59393
0.58807
0.6525
0.67095
0.70515
0.67969
0.67351
0.68339
0.69123
0.71839
0.73483
0.70392
0.60235
0.71827
0.74227
0.66517
0.66305
0.62839
0.6503
0.69554
0.68538
0.68511
0.67939
0.6838
0.68951
0.68905
0.64493
0.62895
0.70727
0.74793
0.75585
0.74508
0.73444
0.70555
0.65741
0.63841
0.73663
0.71071
0.70656
0.75873
0.65479
0.6664
0.72991
0.7807
0.76917
0.77236
0.83688
0.87318
0.89322
0.85353
0.86201
0.89699
0.88339
0.84293
0.80356
0.8293
0.81738
0.76172
0.76751
0.8721
0.83855
0.81593
0.82229
0.81521
0.71286
0.53678
0.44636
0.5456
0.89086
0.91872
0.92218
0.7578
0.86619
0.80895
0.82682
0.75509
0.73819
0.73501
0.71207
0.70964
0.7891
0.72356
0.87777
0.74797
0.94059
0.92584
0.90831
0.90788
0.88517
0.84394
0.85591
0.88927
0.85211
0.80715
0.87197
0.89953
0.87907
0.86327
0.86456
0.85954
0.86467
0.86374
0.85762
0.85464
0.8118
0.7367
0.61778
0.67102
0.68345
0.7541
0.80509
0.8183
0.84402
0.81912
0.79162
0.82005
0.82354
0.77154
0.68106
0.68944
0.70544
0.72839
0.81846
0.84122
0.82793
0.77717
0.71632
0.72747
0.69425
0.59614
0.48464
0.43929
0.49837
0.51157
0.5146
0.81166
0.89263
0.9307
0.87763
0.74863
0.70918
0.76277
0.67753
0.67501
0.66967
0.62658
0.63667
0.6495
0.67098
0.66151
0.70743
0.66441
0.58072
0.7079
0.67004
0.64473
0.67008
0.655
0.65115
0.65323
0.64683
0.63101
0.63018
0.65377
0.67305
0.68687
0.65933
0.6702
0.6428
0.63871
0.61097
0.64595
0.64421
0.65226
0.66084
0.66202
0.6525
0.64182
0.61466
0.56626
0.67965
0.72527
0.78902
0.76378
0.71837
0.65672
0.64399
0.63879
0.63636
0.76172
0.77143
0.7721
0.73964
0.70409
0.66103
0.66733
0.66983
0.75938
0.72606
0.69587
0.67941
0.63466
0.58499
0.63367
0.64945
0.68569
0.69073
0.70806
0.67391
0.63352
0.59782
0.57046
0.6468
0.7297
0.7508
0.71882
0.71761
0.73911
0.66434
0.64828
0.67858
0.69697
0.71228
0.67704
0.65754
0.67547
0.65821
0.68642
0.68617
0.70933
0.76026
0.77382
0.8577
0.85405
0.78101
0.74438
0.73715
0.78819
0.808
0.80125
0.77754
0.72071
0.62418
0.6569
0.84838
0.83564
0.8821
0.88597
0.88879
0.73575
0.89371
0.909
0.73411
0.75382
0.73453
0.74266
0.70214
0.66504
0.58683
0.65003
0.69268
0.73889
0.72109
0.68999
0.68439
0.91868
0.94165
0.83517
0.92829
0.89233
0.81271
0.78813
0.68514
0.60683
0.57479
0.62268
0.67711
0.884
0.7514
0.71113
0.69845
0.66324
0.60183
0.71374
0.67401
0.74182
0.69439
0.66534
0.65057
0.66549
0.67028
0.70751
0.69884
0.70513
0.69968
0.7152
0.74145
0.72442
0.68276
0.6721
0.7043
0.72679
0.73226
0.72654
0.7201
0.69933
0.61782
0.5796
0.65301
0.70235
0.76091
0.74555
0.78575
0.84408
0.78556
0.75767
0.73742
0.89859
0.89068
0.89376
0.69333
0.80497
0.74107
0.74114
0.64495
0.75402
0.78085
0.78238
0.83045
0.80162
0.74974
0.77034
0.74429
0.74412
0.82281
0.79165
0.82617
0.79709
0.79648
0.79049
0.76596
0.724
0.80039
0.80253
0.81747
0.74561
0.71263
0.67703
0.80371
0.7786
0.80679
0.78171
0.74725
0.69435
0.72744
0.74887
0.73865
0.71002
0.72505
0.77292
0.82903
0.80807
0.72648
0.69122
0.69627
0.72104
0.89872
0.78124
0.7833
0.75644
0.70273
0.71343
0.75678
0.88301
0.89579
0.85004
0.87079
0.88126
0.8165
0.83574
0.9584
0.95012
0.94
0.91456
0.88559
0.88214
0.74934
0.74167
0.9465
0.95047
0.88205
0.78913
0.69273
0.63198
0.6585
0.96482
0.96473
0.9642
0.96522
0.96242
0.95992
0.97118
0.98356
0.98122
0.97902
0.9732
0.96273
0.95921
0.95249
0.95262
0.97523
0.98112
0.97902
0.96308
0.95268
0.96794
0.94769
0.92897
0.96684
0.99143
0.96993
0.78646
0.77631
0.69836
0.67376
0.69273
0.73507
0.70956
0.67835
0.7274
0.7278
0.6679
0.65148
0.64812
0.57037
0.73797
0.8095
0.89339
0.923
0.95837
0.92343
0.81444
0.70057
0.83867
0.9268
0.9408
0.91779
0.89776
0.87724
0.84871
0.8917
0.86007
0.94237
0.93198
0.93786
0.95704
0.95328
0.93941
0.92205
0.84157
0.86099
0.85555
0.84873
0.85661
0.84108
0.82466
0.9182
0.99804
0.99919
1.0008
1
0.99948
1.0005
0.99921
0.99767
1.0008
1.0004
0.99758
0.9937
0.98995
0.99219
0.97493
0.98807
1.0009
1.0011
0.97254
0.81445
0.73249
0.79956
0.80251
0.7848
0.80305
0.73709
0.70954
0.60555
0.52699
0.49509
0.55355
0.56595
0.60454
0.64885
0.54441
0.51369
0.46696
0.46968
0.53424
0.51688
0.39933
0.30757
0.30779
0.35272
0.47583
0.66172
0.75879
0.74518
0.70872
0.69577
0.6106
0.54223
0.52934
0.52931
0.53565
0.50598
0.49468
0.50874
0.50366
0.50961
0.57603
0.62882
0.70419
0.78433
0.8366
0.71613
0.74906
0.7603
0.761
0.77043
0.78195
0.72676
0.79131
0.83801
0.83464
0.81164
0.7831
0.76452
0.72446
0.72411
0.7253
0.68628
0.72158
0.70585
0.70539
0.70934
0.7883
0.63805
0.66193
0.71205
0.68703
0.68625
0.71211
0.72548
0.77205
0.71801
0.74966
0.8075
0.81802
0.82307
0.80695
0.77939
0.75372
0.86639
0.95412
0.95543
0.95976
0.94693
0.91955
0.96663
0.96003
0.95709
0.94902
0.95504
0.95302
0.96239
0.96324
0.94387
0.87029
0.8359
0.82249
0.82424
0.93516
0.92397
0.92376
0.91276
0.78998
0.77962
0.73615
0.74302
0.73428
0.76044
0.79857
0.85854
0.87043
0.80529
0.99769
1.0009
0.99849
0.99794
0.99879
0.75283
0.60176
0.72789
0.84828
0.76733
0.74696
0.702
0.95365
0.92775
0.99375
0.97712
0.98224
0.98288
0.97968
0.97698
0.96175
0.91953
0.95364
0.97787
0.99169
0.97609
0.97271
0.97981
0.97288
0.96827
0.92829
0.89163
0.91631
0.84153
0.85143
0.9126
0.82169
0.82635
0.80382
0.81629
0.91092
0.8942
0.99598
0.92082
0.77884
0.77364
0.7565
0.7689
0.7428
0.76703
0.79507
0.78731
0.83918
0.88588
0.97906
0.87559
0.71895
0.69269
0.72947
0.7449
0.95434
0.96194
0.9393
0.93923
0.93463
0.94277
0.94543
0.94385
0.94614
0.87035
0.74017
0.69612
0.70193
0.96415
0.9713
0.939
0.92587
0.88168
0.86197
0.8624
0.85509
0.89398
0.95166
0.92893
0.93471
0.93915
0.97106
0.97708
0.97882
0.97353
0.95863
0.87065
0.69071
0.62641
0.95355
0.97317
0.98844
0.99809
0.98517
0.9743
0.97486
0.94243
0.92704
0.89206
0.87872
0.9292
0.94544
0.76987
0.67546
0.63122
0.61105
0.62027
0.64309
0.64964
0.63573
0.61019
0.63489
0.64828
0.65257
0.66814
0.70041
0.71824
0.70628
0.70261
0.68777
0.65606
0.65126
0.63824
0.64266
0.66605
0.6655
0.67069
0.72103
0.6862
0.70187
0.75013
0.76251
0.97823
0.97036
0.98011
0.98451
0.97883
0.96082
0.86081
0.8475
0.87106
0.91284
0.91237
0.85758
0.86083
0.8392
0.72774
0.79349
0.68872
0.75059
0.71477
0.81841
0.74156
0.61711
0.51708
0.47327
0.72173
0.93625
0.97215
0.9992
0.99793
0.99088
0.97551
0.96415
0.96105
0.92442
0.88258
0.87921
0.91123
0.83278
0.91652
0.90152
0.93441
0.93558
0.92517
0.91249
0.91681
0.91228
0.91138
0.89212
0.92214
0.90065
0.87718
0.81035
0.74739
0.66835
0.86347
0.90722
0.91898
0.73244
0.74325
0.72831
0.71754
0.69806
0.60809
0.65602
0.73282
0.72971
0.77804
0.78104
0.76818
0.7909
0.77634
0.96457
0.97062
0.81981
0.77435
0.79748
0.78556
0.77557
0.74464
0.72601
0.72574
0.74987
0.8256
0.97226
0.88627
0.79674
0.75234
0.81485
0.97998
0.97549
0.9662
0.96759
0.82275
0.82292
0.8582
0.88707
0.95809
0.96592
0.93347
0.88272
0.86841
0.83306
0.84685
0.84792
0.84261
0.88001
0.89604
0.99719
0.99755
0.99842
0.99893
0.99945
1.0004
0.93012
0.75987
0.77811
0.77233
0.78172
0.76526
0.76859
0.77995
0.99032
0.97014
0.96539
0.94978
0.80156
0.89555
0.96248
0.97165
0.95812
0.96929
0.94433
0.85675
0.80452
0.7787
0.78959
0.82966
0.85688
0.92904
0.92271
0.93631
0.96076
0.92571
0.86182
0.78675
0.77019
0.73451
0.62826
0.62615
0.69424
0.77531
0.79495
0.77115
0.76826
0.73985
0.66242
0.6064
0.59086
0.62533
0.65838
0.65862
0.69434
0.61348
0.58641
0.57939
0.59496
0.6194
0.67535
0.7157
0.79042
0.68856
0.86251
0.82351
0.85098
0.85451
0.85995
0.84328
0.8774
0.9233
0.99555
1.0008
0.99711
0.99982
1.0004
0.99894
0.86757
0.90092
0.90614
0.93502
0.97437
0.99491
1.0007
0.98787
0.96885
0.89588
0.78448
0.77058
0.69546
0.70009
0.73
0.78445
0.81236
0.84013
0.81591
0.84705
0.99921
0.99821
0.95855
0.90457
0.91279
0.83022
0.79888
0.81522
0.80506
0.80224
0.80843
0.80609
0.80615
0.80297
0.81936
0.84054
0.86916
0.94672
0.95315
0.95741
0.95409
0.94979
0.94585
0.95296
0.96777
0.98016
0.97932
0.97569
0.97015
0.9598
0.95795
0.8607
0.82973
0.86523
0.90785
0.93268
0.94248
0.94926
0.95279
0.96822
0.98462
0.94881
0.90279
0.87879
0.84725
0.85082
0.94162
0.92281
0.93827
0.95187
0.88917
0.72295
0.69176
0.61275
0.62649
0.63836
0.94031
0.95937
0.96507
0.95581
0.96975
0.91979
0.883
0.92652
0.9741
0.98813
0.96631
0.96036
0.95288
0.93804
0.94362
0.86909
0.79131
0.69543
0.91167
0.92898
0.94683
0.93919
0.93901
0.92802
0.88834
0.90261
0.92423
0.91922
0.92127
0.92371
0.92771
0.9271
0.92798
0.93173
0.9302
0.9322
0.93021
0.92123
0.91486
0.89273
0.8872
0.89971
0.90603
0.89698
0.88515
0.86566
0.82376
0.78658
0.70571
0.60947
0.55925
0.5893
0.56218
0.49285
0.63953
0.81548
0.83146
0.83775
0.70575
0.68282
0.67965
0.68105
0.68252
0.70739
0.80277
0.93165
0.93815
0.93493
0.92061
0.93247
0.88872
0.87169
0.84302
0.84068
0.86684
0.87091
0.86558
0.86596
0.85684
0.82379
0.81442
0.72204
0.73699
0.76293
0.76475
0.7687
0.79254
0.7834
0.77366
0.71713
0.63362
0.60086
0.63507
0.66901
0.72221
0.75256
0.7906
0.83092
0.88021
0.85788
0.85372
0.85631
0.8541
0.86054
0.84789
0.78938
0.73195
0.73437
0.70617
0.64044
0.65191
0.66681
0.63348
0.60682
0.58804
0.5977
0.60613
0.61111
0.73066
0.7054
0.71762
0.70718
0.71016
0.71644
0.7097
0.70336
0.69578
0.71049
0.71516
0.70886
0.72655
0.71677
0.7216
0.70581
0.6862
0.70918
0.71016
0.69639
0.67262
0.66665
0.6328
0.62247
0.59908
0.85106
0.88396
0.9084
0.88798
0.78437
0.74944
0.77943
0.77009
0.76282
0.74492
0.71939
0.73262
0.7471
0.74502
0.76196
0.7223
0.71086
0.70091
0.71051
0.70923
0.72228
0.73805
0.74066
0.76571
0.74378
0.74283
0.7412
0.72974
0.71435
0.73359
0.74101
0.65406
0.6053
0.63821
0.61464
0.61763
0.67993
0.7078
0.724
0.74094
0.70497
0.71545
0.69864
0.69172
0.71197
0.71187
0.71913
0.7226
0.68925
0.57381
0.57073
0.53786
0.54972
0.49552
0.45852
0.39997
0.20937
0.17215
0.13567
0.12063
0.12068
0.1372
0.17522
0.24307
0.34709
0.4466
0.52772
0.58184
0.59964
0.62812
0.65905
0.6624
0.63361
0.608
0.5982
0.531
0.61005
0.76171
0.7927
0.81868
0.83048
0.84966
0.86015
0.85537
0.84103
0.83964
0.83568
0.83432
0.83486
0.83209
0.83514
0.83722
0.82236
0.81236
0.79977
0.77277
0.76541
0.79507
0.79462
0.64908
0.69779
0.71883
0.69208
0.64812
0.63295
0.62937
0.59994
0.60356
0.63982
0.6215
0.88186
0.85599
0.62593
0.64653
0.809
0.76641
0.86108
0.80619
0.82774
0.86957
0.88304
0.9232
0.93574
0.9377
0.93641
0.93422
0.91731
0.91412
0.90854
0.91065
0.90152
0.89789
0.87642
0.85806
0.87618
0.81593
0.76204
0.6539
0.64017
0.72174
0.88217
0.91826
0.93962
0.95295
0.94903
0.90493
0.6378
0.66467
0.67769
0.90343
0.90415
0.73934
0.78144
0.85974
0.87193
0.89091
0.87841
0.88877
0.87114
0.86638
0.8624
0.8551
0.86604
0.87149
0.86972
0.87454
0.87381
0.8718
0.87027
0.85949
0.84375
0.79001
0.74069
0.71418
0.6206
0.57786
0.71227
0.77095
0.81276
0.82149
0.81561
0.80983
0.80608
0.80729
0.81192
0.80904
0.7597
0.69272
0.57175
0.48786
0.39407
0.3769
0.33733
0.48867
0.64344
0.66323
0.50317
0.23757
0.26234
0.30019
0.34974
0.42335
0.53798
0.72004
0.82601
0.83997
0.75189
0.68873
0.65796
0.60047
0.53834
0.57671
0.81112
0.92408
0.94427
0.92762
0.735
0.62676
0.50319
0.51393
0.452
0.75656
0.91454
0.92539
0.90748
0.84017
0.79724
0.88781
0.83644
0.71081
0.69644
0.73219
0.89682
0.94397
0.92142
0.83832
0.80872
0.7228
0.89779
0.88882
0.88311
0.88639
0.876
0.88256
0.87339
0.84437
0.84119
0.84873
0.8314
0.82182
0.76583
0.74718
0.75533
0.77404
0.8033
0.77728
0.63125
0.49743
0.41838
0.40615
0.38786
0.80733
0.84166
0.85989
0.8707
0.88609
0.8962
0.89778
0.89422
0.88985
0.88706
0.88155
0.87848
0.88412
0.88132
0.82756
0.7646
0.7284
0.65327
0.56198
0.42349
0.46195
0.49823
0.4511
0.39253
0.38492
0.40419
0.86785
0.90029
0.92088
0.93097
0.91857
0.90766
0.90901
0.9055
0.90282
0.89502
0.88194
0.88526
0.86605
0.83328
0.59541
0.46085
0.37334
0.35522
0.38946
0.42744
0.41058
0.43525
0.50297
0.54271
0.58043
0.65303
0.64065
0.58356
0.52328
0.4901
0.41587
0.42713
0.43503
0.55974
0.67942
0.66442
0.63132
0.61644
0.58802
0.5387
0.51322
0.49587
0.50362
0.48342
0.49756
0.47602
0.48755
0.50439
0.55484
0.62456
0.7107
0.81623
0.81213
0.74142
0.58978
0.56166
0.51215
0.42896
0.44204
0.65061
0.74898
0.83385
0.8508
0.85816
0.85759
0.85937
0.85902
0.85796
0.8581
0.85356
0.85492
0.8517
0.77684
0.76599
0.74828
0.70157
0.62326
0.56228
0.5647
0.55366
0.47964
0.45865
0.432
0.43208
0.42866
0.43917
0.43073
0.44263
0.42125
0.44731
0.62796
0.87689
0.89914
0.90779
0.90841
0.89917
0.84934
0.87589
0.90958
0.91157
0.90734
0.90307
0.89716
0.88243
0.86426
0.86217
0.84333
0.84506
0.83256
0.81771
0.79479
0.80696
0.81571
0.81968
0.82146
0.82233
0.81532
0.78179
0.75262
0.78206
0.778
0.69899
0.62661
0.57725
0.46405
0.44799
0.4871
0.51669
0.47908
0.4777
0.88943
0.56805
0.5829
0.88228
0.87231
0.8766
0.87867
0.83458
0.83843
0.85903
0.86559
0.86283
0.87203
0.86361
0.8513
0.83726
0.83646
0.84485
0.84789
0.83948
0.8204
0.8412
0.85439
0.85637
0.86182
0.86321
0.85538
0.81499
0.8157
0.83676
0.52072
0.42275
0.4088
0.41624
0.40125
0.45808
0.76016
0.71654
0.71258
0.76463
0.80909
0.78355
0.77694
0.81416
0.86089
0.9237
0.89148
0.87654
0.8743
0.84031
0.82722
0.77848
0.6631
0.81653
0.89719
0.91374
0.91241
0.75727
0.75377
0.87646
0.78842
0.80343
0.70877
0.66695
0.64116
0.66144
0.67927
0.8304
0.85331
0.86896
0.81854
0.69727
0.70985
0.72161
0.64446
0.65445
0.77379
0.71329
0.82589
0.8347
0.82701
0.81634
0.80956
0.79662
0.78462
0.77399
0.72517
0.71921
0.56874
0.42659
0.38286
0.79214
0.82387
0.78457
0.84728
0.85417
0.86304
0.85229
0.84241
0.85398
0.85937
0.83216
0.82115
0.81642
0.82081
0.81661
0.79994
0.81493
0.79222
0.77787
0.78856
0.77265
0.73421
0.72209
0.71056
0.70064
0.67859
0.61415
0.40837
0.54062
0.67491
0.58571
0.53705
0.51984
0.51087
0.55186
0.75072
0.78845
0.79553
0.8018
0.79547
0.7916
0.77909
0.76911
0.72594
0.67467
0.72492
0.71151
0.57705
0.53221
0.57667
0.4839
0.53211
0.54025
0.81551
0.83211
0.8335
0.79928
0.71811
0.71672
0.68388
0.63637
0.61448
0.58402
0.54491
0.46088
0.33272
0.33901
0.36355
0.36773
0.35493
0.3979
0.43875
0.46147
0.48413
0.47066
0.49315
0.50939
0.53236
0.56004
0.69422
0.67893
0.5836
0.58528
0.57765
0.5067
0.46261
0.51131
0.5083
0.50782
0.52987
0.55805
0.55512
0.48084
0.44171
0.38729
0.37844
0.38464
0.61131
0.638
0.65204
0.63774
0.64719
0.66453
0.66179
0.65861
0.66383
0.67201
0.62439
0.55523
0.59165
0.69121
0.73215
0.72362
0.67808
0.67487
0.661
0.64373
0.63287
0.68105
0.72889
0.62357
0.84667
0.8384
0.61907
0.62875
0.64278
0.66506
0.65335
0.65793
0.78389
0.84968
0.86754
0.87854
0.87272
0.86875
0.87019
0.86831
0.86309
0.85599
0.84741
0.84391
0.82496
0.77588
0.72358
0.7183
0.52236
0.8353
0.83144
0.65892
0.87721
0.86637
0.85841
0.72186
0.84448
0.83176
0.85744
0.84111
0.84013
0.82382
0.81704
0.80769
0.81618
0.81411
0.81169
0.80697
0.8059
0.80813
0.80423
0.79732
0.77542
0.69599
0.63389
0.57983
0.49645
0.3496
0.67619
0.5951
0.59549
0.60196
0.62176
0.62047
0.61175
0.59991
0.58325
0.55249
0.54455
0.57045
0.64721
0.70883
0.64902
0.6114
0.59649
0.57576
0.58456
0.77796
0.80462
0.80648
0.80361
0.7851
0.7586
0.7498
0.7492
0.64772
0.62741
0.63768
0.64085
0.65071
0.66073
0.68062
0.72135
0.57738
0.50701
0.63437
0.73977
0.72464
0.72481
0.73542
0.73196
0.7087
0.69791
0.63754
0.62934
0.60993
0.60958
0.6213
0.60944
0.55971
0.54963
0.46853
0.3308
0.25928
0.23264
0.20409
0.20973
0.25993
0.30614
0.32078
0.71847
0.71135
0.63658
0.57188
0.5773
0.57468
0.54421
0.50762
0.4311
0.43418
0.51801
0.73788
0.75992
0.76085
0.73691
0.71916
0.70529
0.68609
0.70265
0.69985
0.70482
0.70922
0.70331
0.69538
0.68279
0.65396
0.64866
0.68086
0.70061
0.62606
0.61258
0.58605
0.41531
0.3038
0.732
0.72732
0.69777
0.63617
0.6344
0.64248
0.73733
0.727
0.74123
0.71626
0.72166
0.70814
0.72594
0.71545
0.69265
0.7183
0.73629
0.76099
0.75807
0.79363
0.81612
0.82913
0.83595
0.82902
0.84584
0.80863
0.79532
0.77891
0.77128
0.76413
0.75936
0.77129
0.81294
0.80937
0.79984
0.7978
0.79836
0.80208
0.80531
0.79794
0.76997
0.7597
0.73886
0.72901
0.71235
0.67189
0.65268
0.64217
0.62958
0.61632
0.50465
0.42428
0.40806
0.39785
0.3997
0.42831
0.49104
0.55899
0.59835
0.61921
0.61624
0.61008
0.60195
0.60491
0.59758
0.59395
0.57874
0.54796
0.51244
0.42962
0.36074
0.38226
0.40863
0.32337
0.73693
0.77586
0.83692
0.87858
0.83043
0.81345
0.81415
0.81417
0.75532
0.79083
0.80921
0.78743
0.76948
0.75474
0.74656
0.74182
0.7329
0.73041
0.72378
0.7246
0.7203
0.71901
0.72055
0.72143
0.72183
0.72193
0.71053
0.65459
0.62188
0.61538
0.57473
0.45312
0.50277
0.51341
0.64182
0.6946
0.71608
0.71247
0.70841
0.70634
0.68188
0.63604
0.62099
0.67267
0.6881
0.68483
0.68635
0.67105
0.72624
0.74322
0.7171
0.70715
0.71165
0.67689
0.68173
0.68062
