0.65088
0.65747
0.66162
0.66393
0.66323
0.66217
0.66126
0.66117
0.657
0.66144
0.6608
0.65727
0.64095
0.56283
0.58222
0.60677
0.57827
0.59163
0.58612
0.67583
0.66953
0.66591
0.65673
0.65206
0.65471
0.65354
0.62095
0.61455
0.64392
0.65517
0.63166
0.65202
0.63021
0.64462
0.64257
0.64056
0.6264
0.60654
0.68102
0.58451
0.66195
0.69981
0.70249
0.68514
0.67561
0.6293
0.6091
0.60189
0.61786
0.68403
0.6968
0.68995
0.64625
0.68362
0.66145
0.6669
0.64682
0.60958
0.6229
0.63707
0.59419
0.58681
0.63225
0.75041
0.61007
0.62546
0.56811
0.62372
0.64225
0.62204
0.62148
0.624
0.62473
0.6431
0.64801
0.65241
0.63821
0.6827
0.65474
0.65528
0.56317
0.6502
0.64216
0.5709
0.46186
0.43704
0.33934
0.36937
0.39785
0.32697
0.27032
0.3012
0.80791
0.818
0.84649
0.85569
0.86087
0.84286
0.83095
0.82043
0.80544
0.78744
0.76012
0.73254
0.75594
0.75824
0.76008
0.7593
0.72943
0.72777
0.72359
0.73557
0.72756
0.72099
0.71203
0.70329
0.69519
0.68423
0.67338
0.6431
0.64524
0.64402
0.6292
0.62258
0.62733
0.62524
0.61528
0.60748
0.60036
0.59408
0.5861
0.57517
0.5645
0.51069
0.50057
0.47941
0.43885
0.34481
0.4189
0.40807
0.7366
0.76399
0.77625
0.79641
0.8202
0.83429
0.83669
0.86339
0.86963
0.86575
0.86629
0.84983
0.83677
0.83539
0.82788
0.8155
0.79748
0.75062
0.71175
0.69591
0.61926
0.55776
0.44753
0.39708
0.52236
0.56136
0.53537
0.61292
0.64118
0.49421
0.46072
0.43733
0.71984
0.57169
0.58462
0.55226
0.78438
0.80242
0.78809
0.63713
0.65934
0.55973
0.60177
0.59415
0.57214
0.72048
0.73037
0.72819
0.69736
0.70117
0.70096
0.69914
0.70066
0.70211
0.70091
0.69337
0.68869
0.6829
0.68643
0.67943
0.67433
0.66448
0.67367
0.68898
0.70803
0.71835
0.67516
0.69115
0.63188
0.66948
0.66093
0.65145
0.62731
0.61538
0.63271
0.63743
0.6299
0.61733
0.61775
0.62859
0.61264
0.63113
0.62595
0.60301
0.61029
0.58343
0.58297
0.57354
0.57906
0.58172
0.60345
0.55561
0.49088
0.42661
0.40609
0.34283
0.36017
0.43132
0.43897
0.40959
0.39027
0.35741
0.3558
0.36276
0.51927
0.58397
0.6673
0.67237
0.57394
0.57463
0.72979
0.74203
0.75336
0.75815
0.76302
0.76598
0.75361
0.71466
0.70677
0.72656
0.77968
0.8047
0.79531
0.78152
0.58604
0.65675
0.78564
0.66206
0.55248
0.54273
0.53475
0.81499
0.72572
0.75611
0.72609
0.68695
0.6395
0.51992
0.44382
0.45498
0.77078
0.80729
0.83465
0.84948
0.88315
0.90558
0.90413
0.9252
0.92389
0.92098
0.90612
0.90177
0.92366
0.92352
0.9522
0.93754
0.79084
0.69733
0.6661
0.68948
0.89516
0.94431
0.9341
0.89992
0.87722
0.82218
0.8035
0.76492
0.7511
0.74012
0.68683
0.59847
0.53297
0.45841
0.41491
0.46815
0.81755
0.66302
0.55862
0.84293
0.87196
0.9143
0.94584
0.9403
0.94501
0.95052
0.95983
0.9583
0.95343
0.94509
0.9409
0.93584
0.90401
0.86783
0.82026
0.86279
0.90198
0.85429
0.85184
0.73988
0.64509
0.78984
0.82922
0.8162
0.78648
0.76372
0.73617
0.73956
0.73623
0.71172
0.71953
0.69314
0.72044
0.71432
0.70556
0.69817
0.69862
0.54695
0.3803
0.59422
0.77474
0.80542
0.71777
0.68965
0.70594
0.67189
0.68381
0.69595
0.6995
0.75179
0.75718
0.79915
0.8255
0.81824
0.80399
0.79191
0.77486
0.74608
0.73275
0.70691
0.67885
0.64304
0.6227
0.59982
0.56995
0.4913
0.42414
0.37447
0.45675
0.56129
0.61175
0.57013
0.54092
0.5026
0.82056
0.86412
0.87866
0.88118
0.89298
0.77143
0.79444
0.88313
0.86439
0.86093
0.87974
0.87519
0.87456
0.86996
0.86794
0.85405
0.84643
0.83586
0.82766
0.81992
0.80469
0.79346
0.78322
0.77872
0.76242
0.77015
0.7717
0.75217
0.77389
0.69151
0.70317
0.70517
0.69588
0.68328
0.68233
0.68161
0.66529
0.65798
0.65471
0.63908
0.57657
0.66617
0.6623
0.64133
0.69457
0.69819
0.69883
0.70899
0.72267
0.72065
0.72386
0.72612
0.7132
0.69198
0.66277
0.64706
0.64029
0.62679
0.56927
0.41582
0.53564
0.69868
0.71748
0.74311
0.76795
0.78161
0.77714
0.78288
0.78059
0.76609
0.76595
0.7617
0.76186
0.73502
0.74319
0.77148
0.76627
0.74307
0.72245
0.70619
0.69391
0.68592
0.68729
0.68535
0.67636
0.67106
0.66585
0.66342
0.66361
0.66468
0.67072
0.67052
0.65362
0.62565
0.62221
0.62237
0.62267
0.64371
0.66548
0.67828
0.67448
0.67027
0.65154
0.63016
0.62098
0.58297
0.43652
0.39857
0.4026
0.39608
0.40591
0.42349
0.4462
0.44824
0.43638
0.39774
0.34225
0.32592
0.32814
0.32563
0.37594
0.46462
0.54037
0.79976
0.79484
0.81424
0.81273
0.80789
0.76833
0.767
0.76681
0.76582
0.76285
0.75529
0.76203
0.77453
0.76667
0.76389
0.75375
0.76219
0.72588
0.74547
0.72671
0.65849
0.52225
0.36085
0.33432
0.31741
0.27188
0.27817
0.27438
0.34047
0.48108
0.82963
0.84401
0.83708
0.83946
0.84244
0.83887
0.82952
0.80317
0.74311
0.73069
0.69526
0.66371
0.58923
0.51157
0.4277
0.27796
0.20689
0.20035
0.22486
0.24701
0.29175
0.37898
0.40313
0.40757
0.40261
0.43539
0.48159
0.50747
0.56149
0.59933
0.65536
0.66143
0.65788
0.6683
0.6703
0.66435
0.67444
0.79901
0.80254
0.82654
0.8316
0.8173
0.76698
0.77992
0.75266
0.73749
0.72429
0.74172
0.68948
0.71585
0.73885
0.73608
0.73427
0.72774
0.71528
0.70674
0.70472
0.72314
0.74327
0.73443
0.74677
0.75786
0.76359
0.7742
0.7644
0.73805
0.71312
0.71434
0.68717
0.65685
0.66064
0.65089
0.63349
0.66089
0.65971
0.67126
0.6691
0.67035
0.67794
0.67366
0.65293
0.62932
0.60282
0.5849
0.6413
0.61697
0.61409
0.6639
0.64399
0.64215
0.5934
0.42424
0.38882
0.39069
0.43839
0.56479
0.68374
0.83715
0.84964
0.84777
0.83225
0.81449
0.80091
0.80687
0.81467
0.82724
0.8262
0.82691
0.82597
0.82394
0.794
0.74195
0.7064
0.71976
0.7875
0.80673
0.82132
0.8508
0.88381
0.90891
0.91986
0.94003
0.92835
0.91855
0.90803
0.8861
0.8743
0.86166
0.85671
0.79416
0.77506
0.8391
0.8079
0.77972
0.7639
0.79095
0.81577
0.82428
0.83068
0.74783
0.68537
0.69931
0.75557
0.79151
0.81688
0.83706
0.80346
0.79774
0.79802
0.78189
0.76749
0.75511
0.75824
0.63984
0.62736
0.62156
0.66916
0.65927
0.569
0.48902
0.44931
0.48973
0.8389
0.85041
0.85167
0.84943
0.85075
0.85049
0.85592
0.84542
0.84517
0.80775
0.74632
0.72273
0.72151
0.72269
0.77168
0.69256
0.77871
0.82785
0.85531
0.85137
0.84851
0.85549
0.88015
0.89774
0.89261
0.88447
0.87697
0.86789
0.85834
0.85212
0.846
0.8022
0.80668
0.80294
0.80327
0.80483
0.79474
0.78542
0.79299
0.7821
0.76383
0.78143
0.74279
0.69822
0.68643
0.66349
0.67099
0.66677
0.63932
0.60596
0.60691
0.64229
0.55684
0.57269
0.52086
0.49904
0.51143
0.582
0.59607
0.57622
0.62227
0.63456
0.78427
0.81955
0.82545
0.69235
0.61391
0.5372
0.68509
0.82948
0.82077
0.856
0.86576
0.86378
0.84313
0.8334
0.83102
0.82985
0.84039
0.78081
0.85499
0.73448
0.69911
0.84131
0.70025
0.78894
0.84794
0.72597
0.60895
0.61177
0.61301
0.6099
0.61406
0.62567
0.62741
0.63093
0.88808
0.78173
0.76806
0.76459
0.76322
0.76021
0.76461
0.72679
0.69059
0.738
0.732
0.69796
0.69202
0.68211
0.6981
0.74657
0.72904
0.74306
0.73075
0.73388
0.74341
0.74458
0.75153
0.73641
0.73822
0.75416
0.75086
0.74772
0.73586
0.69689
0.69757
0.6685
0.69569
0.61233
0.53399
0.54053
0.56927
0.58578
0.474
0.37262
0.41066
0.43085
0.45199
0.5157
0.80097
0.81773
0.8495
0.88083
0.89473
0.90112
0.89382
0.90024
0.92112
0.93243
0.93658
0.93771
0.93171
0.92193
0.91586
0.91331
0.91202
0.91416
0.92355
0.93604
0.9332
0.93457
0.93926
0.94856
0.95105
0.93599
0.95481
0.96596
0.95653
0.96104
0.96101
0.95713
0.96041
0.94424
0.93492
0.91986
0.90769
0.93575
0.92545
0.92482
0.92724
0.91652
0.94033
0.93579
0.92767
0.94282
0.95255
0.96137
0.96224
0.97836
0.97244
0.95537
0.94669
0.95078
0.95124
0.92019
0.93861
0.87126
0.82734
0.86429
0.98838
0.98917
0.96608
0.95548
0.95176
0.93567
0.92618
0.92259
0.92739
0.92297
0.90636
0.89884
0.90815
0.91672
0.92682
0.89231
0.90451
0.90998
0.89329
0.85766
0.86259
0.83277
0.7851
0.88105
0.91455
0.92367
0.90402
0.90756
0.87463
0.87011
0.77734
0.67336
0.75868
0.80696
0.86541
0.89116
0.90735
0.92451
0.93388
0.91586
0.9418
0.93877
0.95564
0.8541
0.86154
0.88824
0.95085
0.96854
0.9712
0.96918
0.9597
0.94881
0.95241
0.94937
0.93488
0.88167
0.87106
0.95317
0.96236
0.95916
0.93713
0.93251
0.93348
0.85735
0.88911
0.89905
0.92968
0.92709
0.9268
0.91319
0.91043
0.81213
0.73465
0.79963
0.86625
0.88087
0.91894
0.91292
0.88448
0.86324
0.8247
0.84266
0.8345
0.81606
0.78474
0.76063
0.61851
0.50866
0.47559
0.44134
0.48129
0.81613
0.87401
0.90915
0.92091
0.92391
0.92157
0.9274
0.90715
0.85154
0.86266
0.85865
0.80028
0.79184
0.75834
0.75873
0.76007
0.77814
0.77073
0.75051
0.75642
0.84221
0.85888
0.86463
0.86208
0.8569
0.84371
0.85676
0.79236
0.80627
0.79191
0.78805
0.76005
0.77832
0.79243
0.79859
0.8428
0.84688
0.80199
0.78897
0.7588
0.66234
0.85599
0.88839
0.90627
0.88301
0.88006
0.88473
0.87981
0.87171
0.85246
0.85232
0.85507
0.86151
0.90184
0.92337
0.91442
0.9182
0.92074
0.90457
0.87196
0.86005
0.82075
0.82763
0.84503
0.84059
0.82424
0.81719
0.79373
0.73256
0.76835
0.80184
0.80119
0.80724
0.75274
0.70959
0.7183
0.65396
0.49553
0.49425
0.46304
0.4429
0.39864
0.44503
0.58538
0.91923
0.91293
0.78444
0.76711
0.73813
0.90967
0.83897
0.75166
0.69727
0.90059
0.82743
0.66928
0.77736
0.82009
0.78697
0.93469
0.78183
0.76448
0.77066
0.7732
0.72927
0.71461
0.72137
0.74439
0.50392
0.45531
0.41991
0.4041
0.74682
0.88355
0.69743
0.75062
0.68138
0.69221
0.71019
0.72071
0.68175
0.69077
0.75881
0.76289
0.67673
0.64429
0.66449
0.69446
0.71362
0.7258
0.7161
0.70764
0.72489
0.72153
0.72881
0.71061
0.72033
0.80127
0.8789
0.92312
0.87291
0.69745
0.67788
0.92944
0.91574
0.91813
0.88762
0.86106
0.76114
0.65175
0.67386
0.65159
0.72932
0.7928
0.76861
0.75301
0.69012
0.62546
0.64555
0.66146
0.71475
0.7144
0.70174
0.68189
0.63889
0.63668
0.64876
0.68961
0.71789
0.72865
0.71714
0.73048
0.74268
0.72967
0.71403
0.70215
0.75572
0.75045
0.7042
0.74923
0.79842
0.8128
0.88436
0.91807
0.80578
0.79682
0.79666
0.88277
0.92766
0.95249
0.93473
0.95646
0.95406
0.9523
0.95811
0.97821
0.92657
0.87494
0.75648
0.78638
0.92029
0.93905
0.92687
0.86598
0.9278
0.91648
0.94074
0.94746
0.94804
0.94648
0.94404
0.87094
0.82069
0.73625
0.71218
0.56129
0.70377
0.68542
0.61938
0.61891
0.58475
0.46964
0.53067
0.61078
0.7577
0.77512
0.79963
0.89084
0.74105
0.68972
0.73609
0.83838
0.7283
0.73318
0.70741
0.78175
0.83637
0.79374
0.78164
0.84289
0.91291
0.91589
0.92283
0.94643
0.90234
0.91748
0.92496
0.93909
0.94139
0.93427
0.93223
0.85846
0.7046
0.63783
0.71592
0.80161
0.92296
0.91036
0.89406
0.82854
0.78775
0.75093
0.68409
0.69133
0.68429
0.72578
0.76473
0.77993
0.71182
0.66016
0.63599
0.67895
0.73223
0.71985
0.74202
0.74323
0.74512
0.71471
0.72605
0.73648
0.71886
0.72052
0.73268
0.78564
0.72726
0.64484
0.75549
0.75403
0.93319
0.94126
0.94482
0.911
0.83435
0.79529
0.67053
0.66541
0.70809
0.63023
0.47933
0.43104
0.4581
0.56259
0.87461
0.89855
0.91416
0.91819
0.90875
0.8821
0.86473
0.88545
0.81872
0.93083
0.91655
0.9004
0.91623
0.91585
0.88719
0.89264
0.93124
0.93072
0.9493
0.92346
0.91554
0.90685
0.8569
0.67326
0.62855
0.66556
0.72983
0.7149
0.70902
0.71245
0.69859
0.63548
0.60702
0.56411
0.53505
0.52268
0.48283
0.54549
0.52869
0.56735
0.60722
0.639
0.62793
0.66513
0.60291
0.55474
0.52404
0.49818
0.51383
0.56828
0.64321
0.66798
0.60907
0.59685
0.58549
0.59555
0.63751
0.66407
0.66946
0.73354
0.69842
0.77135
0.75775
0.7373
0.7213
0.7161
0.73458
0.8623
0.93283
0.95637
0.9382
0.92224
0.94259
0.94501
0.93846
0.94049
0.94241
0.94334
0.94172
0.95093
0.94445
0.97825
0.97884
0.96904
0.96224
0.94586
0.94358
0.92745
0.92748
0.82967
0.91301
0.92314
0.92557
0.91148
0.87845
0.86455
0.88112
0.92827
0.90703
0.89971
0.91128
0.92424
0.85256
0.6505
0.50363
0.91546
0.99992
1.0003
0.93475
0.83659
0.79861
0.92896
1.0008
0.9987
0.97529
0.95122
0.93632
0.89095
0.90726
0.90732
0.90122
0.91706
0.9109
0.858
0.8469
0.86717
0.74442
0.77131
0.72792
0.6742
0.65605
0.66518
0.62508
0.87972
0.72986
0.78922
0.73864
0.82252
0.73826
0.73942
0.73114
0.73394
0.75113
0.6818
0.92108
0.78652
0.72985
0.72533
0.70868
0.71462
0.82808
0.85722
0.86592
0.68692
0.71803
0.7436
0.74142
0.70842
0.61613
0.53822
0.59646
0.7647
0.69889
0.8736
0.7334
0.74487
0.74319
0.75358
0.83158
0.87001
0.93405
0.92944
0.92583
0.90953
0.79458
0.75398
0.75736
0.96214
0.95893
0.94755
0.94919
0.81222
0.69752
0.71342
0.73485
0.74052
0.69498
0.69021
0.93386
0.96791
0.9891
0.99813
1.0003
0.97515
0.95881
0.94595
0.94453
0.91075
0.89854
0.8826
0.89844
0.91576
0.92321
0.91376
0.90295
0.89298
0.89046
0.879
0.92039
0.92252
0.92385
0.92464
0.92624
0.91698
0.90858
0.91034
0.91791
0.93252
0.92153
0.92084
0.92295
0.9059
0.88294
0.76817
0.71497
0.68801
0.69678
0.70948
0.65353
0.64834
0.61774
0.82066
0.83601
0.83535
0.97498
0.99771
0.92342
1.0003
0.98065
0.9742
0.97715
0.98439
0.96346
0.97384
0.98133
0.97285
0.97544
0.96492
0.96045
0.94344
0.95447
0.92691
0.9175
0.93803
0.86337
1.0004
0.99989
0.99891
0.99897
0.99268
0.9937
0.98497
0.96721
0.9621
0.96573
0.95999
0.95776
0.95401
0.95186
0.93322
0.91111
0.87033
0.82341
0.77814
0.7104
0.65358
0.60228
0.61584
0.67974
0.81255
0.86441
0.87769
0.87863
0.91383
0.92478
0.98585
0.99839
0.98295
0.98897
0.99285
0.98645
0.98068
0.98297
0.96574
1.0005
0.99078
0.99776
0.94366
0.82252
0.90575
0.92471
0.9502
0.97371
0.95687
0.95205
0.95458
0.9253
0.93539
0.93984
0.90554
0.8249
0.74177
0.643
0.759
0.72631
0.7954
0.81567
0.79566
0.77876
0.77089
0.97038
0.9528
0.83894
0.8589
0.79891
0.77354
0.97676
0.92999
0.94283
0.94066
0.94303
0.93684
0.82203
0.80518
0.64018
0.60357
0.56801
0.64327
0.67242
0.75192
0.79854
0.92061
0.85195
0.79592
0.75792
0.82284
0.92378
0.93473
0.916
0.89456
0.80693
0.69163
0.70418
0.72989
0.74479
0.75847
0.88011
0.83754
0.79608
0.76425
0.76388
0.75796
0.77016
0.76139
0.73825
0.69526
0.90862
0.91802
0.92063
0.94003
0.93297
0.92349
0.92819
0.85284
0.82503
0.77042
0.85295
0.84963
0.92059
0.86413
0.80962
0.83171
0.85131
0.83076
0.82358
0.8081
0.76492
0.73355
0.66782
0.58691
0.57265
0.58287
0.59405
0.641
0.90702
0.9032
0.96241
0.8595
0.98092
0.97658
0.96569
0.93872
0.93079
0.91212
0.91715
0.87458
0.69719
0.65164
0.72492
0.77505
0.76972
0.87521
0.91389
0.94156
0.92198
0.91199
0.92865
0.92884
0.9128
0.89774
0.89469
0.8899
0.8056
0.87996
0.87229
0.76744
0.76166
0.85784
0.87536
0.89377
0.86433
0.89244
0.84289
0.93608
0.93565
0.92509
0.92627
0.91038
0.89168
0.8831
0.88275
0.85595
0.84876
0.75046
0.61866
0.55717
0.6108
0.80304
0.77099
0.86813
0.82551
0.92287
0.92641
0.95261
0.94229
0.92434
0.94571
0.94408
0.94127
0.93021
0.83234
0.79034
0.6895
0.66352
0.72546
0.9496
0.94455
0.96581
0.95566
0.9332
0.91231
0.9187
0.92179
0.93251
0.94144
0.91372
0.90999
0.87035
0.76813
0.72158
0.70888
0.67233
0.59609
0.64466
0.69108
0.70254
0.71724
0.71966
0.72242
0.73852
0.78294
0.79127
0.8349
0.73888
0.66358
0.62876
0.6043
0.59587
0.59832
0.73557
0.88247
0.91421
0.90751
0.96833
0.96809
0.96326
0.96238
0.97512
0.98565
0.98194
0.98191
0.9894
0.99036
0.98871
0.98944
0.98646
0.98607
0.98404
0.97336
0.96246
0.96335
0.96259
0.95214
0.93981
0.92573
0.90834
0.89321
0.9375
0.91211
0.95781
0.95358
0.92879
0.9476
0.9558
0.93321
0.91069
0.92196
0.92609
0.91869
0.91325
0.90853
0.90966
0.89596
0.89639
0.8992
0.89669
0.89404
0.90394
0.88546
0.88168
0.86451
0.84954
0.80206
0.74551
0.77437
0.80258
0.80457
0.82603
0.87401
0.87612
0.81458
0.80407
0.72243
0.64032
0.54046
0.51508
0.54935
0.52004
0.54838
0.55214
0.63099
0.65343
0.68677
0.74623
0.77957
0.77128
0.68344
0.72901
0.83865
0.88417
0.92322
0.94137
0.91778
0.89838
0.93418
0.95714
0.94398
0.92343
0.91816
0.91022
0.90214
0.90449
0.90961
0.89838
0.89802
0.88541
0.8312
0.80626
0.77737
0.89265
0.90474
0.9035
0.90261
0.90816
0.90364
0.89529
0.83257
0.84221
0.87515
0.88655
0.88758
0.89055
0.89445
0.90605
0.88877
0.87375
0.88965
0.89446
0.88527
0.86925
0.85124
0.86712
0.83851
0.78659
0.75285
0.70896
0.68313
0.66083
0.86646
0.75768
0.87284
0.89112
0.90662
0.90198
0.89195
0.89044
0.88037
0.87973
0.85594
0.82557
0.79309
0.77472
0.76285
0.7774
0.7492
0.7421
0.74904
0.87399
0.86763
0.844
0.84519
0.85075
0.8233
0.83291
0.82805
0.80003
0.77606
0.77159
0.7822
0.77446
0.78582
0.73511
0.70082
0.68553
0.67964
0.68898
0.68825
0.67296
0.66098
0.65822
0.70429
0.6907
0.69294
0.69932
0.74396
0.72105
0.71299
0.69168
0.68607
0.67935
0.68658
0.70236
0.70536
0.69747
0.68455
0.66282
0.65972
0.64207
0.63587
0.66
0.75862
0.73111
0.78877
0.81163
0.70648
0.70364
0.57481
0.61085
0.63729
0.69019
0.67641
0.7124
0.8403
0.80741
0.7655
0.77168
0.76352
0.86853
0.87359
0.88942
0.89748
0.89103
0.83679
0.83543
0.79096
0.74481
0.84899
0.78754
0.77587
0.75288
0.88217
0.74598
0.73969
0.80507
0.79546
0.77367
0.8335
0.74912
0.80298
0.80277
0.84633
0.88667
0.89778
0.92855
0.94215
0.91122
0.93901
0.93111
0.92495
0.82835
0.88791
0.83641
0.7953
0.7754
0.76998
0.87304
0.8952
0.75776
0.72507
0.72028
0.72645
0.71956
0.69892
0.79391
0.79938
0.78306
0.8033
0.86501
0.84519
0.9577
0.94837
0.77692
0.75699
0.73543
0.73173
0.73549
0.68241
0.67834
0.68885
0.69828
0.71374
0.74123
0.75672
0.7961
0.79904
0.78367
0.69958
0.66026
0.64518
0.66574
0.77402
0.86193
0.89096
0.86866
0.87812
0.85747
0.84004
0.75313
0.7573
0.75777
0.74509
0.72149
0.68845
0.68829
0.6895
0.69593
0.70528
0.70788
0.70792
0.68399
0.6033
0.57885
0.61655
0.68172
0.77242
0.78135
0.79854
0.73752
0.64833
0.62203
0.59334
0.53698
0.4141
0.28428
0.30855
0.33457
0.4693
0.88036
0.88574
0.90331
0.8624
0.90543
0.92608
0.94912
0.97757
0.99526
0.96595
0.9458
0.92847
0.90761
0.90641
0.90589
0.90375
0.90681
0.90504
0.90383
0.90201
0.90086
0.88582
0.88884
0.89293
0.87049
0.8305
0.82013
0.80629
0.80583
0.74693
0.69456
0.647
0.57745
0.53447
0.84064
0.85088
0.82777
0.89321
0.88408
0.88674
0.8403
0.83641
0.82937
0.82559
0.85516
0.88209
0.86572
0.79944
0.7407
0.69553
0.68531
0.59533
0.57843
0.56375
0.47855
0.44939
0.51367
0.53502
0.56096
0.54839
0.56194
0.63325
0.57552
0.53136
0.55992
0.87044
0.86571
0.88007
0.87394
0.60573
0.67489
0.87195
0.79821
0.76209
0.67903
0.59606
0.62049
0.63383
0.63483
0.56202
0.72982
0.80372
0.82814
0.77858
0.74309
0.86405
0.80132
0.79888
0.76768
0.72015
0.67704
0.67014
0.65351
0.64114
0.68338
0.66511
0.72993
0.6856
0.6389
0.63329
0.63557
0.67456
0.65267
0.68696
0.68918
0.72086
0.78477
0.75126
0.72047
0.69006
0.70356
0.78848
0.84072
0.8499
0.84104
0.78902
0.74015
0.68291
0.64455
0.63999
0.62417
0.62581
0.6445
0.69061
0.66212
0.69059
0.66035
0.67437
0.68292
0.86128
0.87085
0.8724
0.87496
0.87708
0.85074
0.84601
0.84421
0.82429
0.82422
0.81313
0.78095
0.78867
0.81642
0.80266
0.79959
0.78194
0.76641
0.69948
0.7249
0.73931
0.74784
0.74863
0.75525
0.76159
0.74221
0.58957
0.51458
0.47827
0.81549
0.85523
0.86743
0.87484
0.87389
0.86745
0.84361
0.8467
0.8447
0.83758
0.80421
0.79674
0.80916
0.80067
0.8116
0.81807
0.81924
0.82004
0.8084
0.79411
0.77764
0.75751
0.75581
0.7073
0.63965
0.56603
0.51545
0.44563
0.3586
0.35553
0.40929
0.45725
0.47176
0.56405
0.60495
0.82255
0.83869
0.83687
0.83001
0.82655
0.82535
0.8119
0.77115
0.73986
0.74988
0.71924
0.67484
0.63966
0.59867
0.56118
0.55987
0.53186
0.43013
0.64675
0.79253
0.7876
0.77191
0.84058
0.87107
0.87972
0.84869
0.79383
0.82972
0.8291
0.83229
0.82917
0.83785
0.83396
0.82831
0.81954
0.80933
0.77266
0.74385
0.74188
0.75198
0.7282
0.73515
0.60587
0.44639
0.36446
0.45793
0.79643
0.82645
0.86363
0.88405
0.88923
0.88864
0.88927
0.88761
0.88469
0.88023
0.87493
0.86259
0.84022
0.79926
0.79113
0.77562
0.76069
0.76063
0.70583
0.69327
0.69132
0.62927
0.50059
0.42546
0.41953
0.35235
0.31762
0.26191
0.71185
0.79065
0.83496
0.86494
0.87363
0.88002
0.88438
0.88759
0.87828
0.86332
0.84747
0.74312
0.55288
0.46617
0.46258
0.86639
0.80684
0.79095
0.88046
0.89137
0.89336
0.90027
0.88857
0.8905
0.88444
0.87204
0.87554
0.85742
0.86518
0.86016
0.85029
0.8414
0.79484
0.71347
0.69443
0.56001
0.77911
0.66977
0.63173
0.78007
0.85565
0.81591
0.81034
0.82045
0.8146
0.80136
0.78386
0.75508
0.71954
0.71252
0.70107
0.70662
0.69984
0.69725
0.7001
0.70425
0.71673
0.70416
0.67351
0.57996
0.47552
0.44054
0.664
0.78615
0.8247
0.83346
0.63054
0.61359
0.58373
0.58381
0.57042
0.58759
0.57259
0.58145
0.67283
0.77579
0.5779
0.79646
0.80761
0.77337
0.76274
0.74967
0.71104
0.58106
0.52975
0.48087
0.42149
0.40452
0.37028
0.36733
0.37699
0.42802
0.51051
0.74483
0.82295
0.79642
0.7904
0.83518
0.86785
0.88152
0.88001
0.88741
0.8895
0.90324
0.92216
0.94491
0.94753
0.94532
0.94236
0.93285
0.93311
0.93819
0.94364
0.89298
0.91727
0.91985
0.92848
0.93168
0.92639
0.7158
0.66335
0.78404
0.69882
0.698
0.67196
0.66374
0.66286
0.69868
0.69496
0.70029
0.78719
0.78728
0.74043
0.8833
0.90127
0.89051
0.84695
0.83624
0.82584
0.80198
0.76362
0.73087
0.69815
0.44718
0.34693
0.62119
0.75416
0.91017
0.81822
0.60425
0.53287
0.56917
0.63817
0.65241
0.66327
0.66745
0.72366
0.87462
0.91968
0.92206
0.92543
0.94998
0.94135
0.95567
0.95071
0.94795
0.94619
0.93704
0.9404
0.928
0.93547
0.93121
0.92608
0.91443
0.90377
0.80869
0.67768
0.6063
0.62651
0.84573
0.88107
0.85735
0.81745
0.80474
0.79557
0.80095
0.7949
0.78338
0.74908
0.71522
0.69439
0.65545
0.66489
0.61915
0.43358
0.35385
0.33349
0.36305
0.66111
0.80625
0.84539
0.89331
0.92138
0.9259
0.92793
0.92912
0.93053
0.9286
0.9221
0.92009
0.91901
0.90617
0.89674
0.89636
0.89111
0.89266
0.89241
0.88715
0.87736
0.88206
0.84868
0.86428
0.85946
0.85583
0.84537
0.83807
0.81885
0.77769
0.77411
0.78211
0.73474
0.69872
0.68575
0.65738
0.63976
0.62874
0.62336
0.60398
0.5839
0.54904
0.54292
0.53302
0.68403
0.68894
0.72172
0.72257
0.74688
0.76811
0.74434
0.73993
0.73765
0.73907
0.72136
0.70442
0.65469
0.60873
0.56184
0.60956
0.70876
0.73212
0.74176
0.74828
0.75813
0.74521
0.74041
0.7403
0.71576
0.76098
0.79436
0.81443
0.80007
0.60846
0.60125
0.56338
0.56462
0.60887
0.57805
0.59841
0.67744
0.59107
0.60343
0.60205
0.63633
0.62713
0.62239
0.58768
0.59862
0.65922
0.74759
0.69474
0.83569
0.81009
0.79301
0.78359
0.77448
0.74976
0.7331
0.71265
0.71591
0.69737
0.70219
0.70436
0.7347
0.74865
0.75899
0.6943
0.63961
0.70442
0.71079
0.65989
0.66421
0.64214
0.63818
0.6342
0.62674
0.69166
0.6963
0.77298
0.71409
0.69596
0.66378
0.65188
0.68558
0.6524
0.64429
0.62891
0.64121
0.6226
0.62321
0.58562
0.56526
0.5407
0.54753
0.57138
0.594
0.58063
0.58033
0.79321
0.81036
0.81691
0.8113
0.77338
0.74334
0.72867
0.70467
0.59596
0.54757
0.55137
0.49958
0.85077
0.79268
0.71498
0.58205
0.5756
0.58124
0.57288
0.5798
0.58835
0.57997
0.5848
0.58535
0.58323
0.59019
0.59586
0.64371
0.69051
0.59401
0.80114
0.81414
0.81708
0.814
0.79074
0.71257
0.62155
0.61385
0.61731
0.6216
0.61843
0.62435
0.64397
0.61653
0.59379
0.57549
0.51683
0.50279
0.70102
0.71733
0.74159
0.74836
0.72221
0.69623
0.68807
0.68453
0.71021
0.70895
0.71605
0.68301
0.68966
0.70553
0.7167
0.75178
0.55342
0.52196
0.64361
0.73782
0.73671
0.66109
0.60682
0.51546
0.45022
0.49661
0.82725
0.82641
0.67279
0.65316
0.64909
0.58176
0.59734
0.58556
0.61724
0.60244
0.60344
0.59414
0.5795
0.58488
0.63514
0.69888
0.72648
0.67825
0.64281
0.65222
0.54512
0.46723
0.45738
0.42636
0.39809
0.36753
0.39911
0.45509
0.46354
0.39681
0.59942
0.64386
0.63211
0.6424
0.63669
0.61903
0.6104
0.60768
0.61248
0.6159
0.61348
0.60086
0.58954
0.61657
0.61543
0.56727
0.52287
0.5184
0.49481
0.43701
0.45393
0.46926
0.47576
0.49927
0.49898
0.49407
0.49882
0.5204
0.51975
0.46865
0.41764
0.3843
0.32078
0.29634
0.27921
0.29921
0.32217
0.37838
0.4443
0.4897
0.45548
0.48882
0.62095
0.71487
0.57606
0.5997
0.56271
0.56614
0.56275
0.58881
0.63822
0.72092
0.76018
0.72623
0.80364
0.82314
0.81901
0.79206
0.77525
0.75929
0.74692
0.69739
0.69019
0.76059
0.77526
0.78155
0.78785
0.78493
0.78289
0.77771
0.7731
0.7646
0.75967
0.74483
0.69784
0.66007
0.62022
0.58655
0.50164
0.61088
0.72468
0.5372
0.59228
0.76514
0.76989
0.78063
0.76458
0.75924
0.75072
0.74418
0.74614
0.74421
0.7377
