0.5069
0.51955
0.52587
0.5363
0.52062
0.52805
0.53887
0.54315
0.62495
0.76514
0.77538
0.76484
0.75925
0.76381
0.75273
0.73207
0.68098
0.53663
0.49181
0.51933
0.5061
0.51013
0.56102
0.61643
0.69779
0.68864
0.67799
0.62136
0.55977
0.54651
0.56068
0.5536
0.55513
0.5634
0.57974
0.58539
0.61019
0.61732
0.59191
0.52861
0.55247
0.5653
0.57157
0.67033
0.68517
0.71638
0.74941
0.76729
0.78976
0.80695
0.81351
0.81023
0.80257
0.78698
0.74541
0.64852
0.594
0.49977
0.51959
0.51775
0.54865
0.54957
0.54911
0.53021
0.67365
0.56107
0.5244
0.51872
0.4877
0.4748
0.47003
0.49162
0.56383
0.53962
0.56602
0.63557
0.64138
0.61505
0.55106
0.47644
0.45965
0.52989
0.59393
0.58829
0.51076
0.45968
0.40879
0.5318
0.66253
0.52993
0.5684
0.76303
0.8084
0.81903
0.81542
0.80955
0.78748
0.74234
0.71436
0.70486
0.70463
0.69022
0.6751
0.62918
0.58511
0.58992
0.56414
0.57378
0.55822
0.49021
0.4182
0.37271
0.32861
0.33673
0.43911
0.5682
0.73155
0.78935
0.65046
0.57177
0.68213
0.77131
0.76481
0.75192
0.75454
0.75273
0.7505
0.74698
0.73682
0.72447
0.7222
0.72122
0.72233
0.72208
0.72168
0.71909
0.70879
0.70151
0.68877
0.66245
0.6562
0.65192
0.64936
0.6692
0.68586
0.68588
0.67895
0.65216
0.64243
0.62213
0.62076
0.61515
0.5736
0.45962
0.33405
0.22222
0.16142
0.22341
0.53203
0.81968
0.82696
0.81432
0.80066
0.79132
0.79441
0.80372
0.80562
0.80998
0.81637
0.84351
0.8548
0.86577
0.86894
0.85494
0.8103
0.78261
0.78382
0.79811
0.80363
0.8067
0.83482
0.82941
0.86421
0.88788
0.87619
0.85609
0.83238
0.80173
0.78054
0.77866
0.79152
0.79737
0.80133
0.79305
0.77893
0.7647
0.75533
0.7492
0.73845
0.73395
0.73969
0.74057
0.7414
0.74016
0.7395
0.73769
0.73405
0.72815
0.70861
0.6809
0.6558
0.64908
0.63829
0.6301
0.63142
0.6249
0.64135
0.63042
0.69001
0.66633
0.65307
0.62708
0.60827
0.61036
0.61213
0.61498
0.61289
0.61209
0.6133
0.62134
0.63363
0.63078
0.63573
0.63711
0.63332
0.6351
0.63075
0.6255
0.60777
0.56019
0.56033
0.58511
0.59482
0.60665
0.60679
0.63147
0.63872
0.66845
0.66809
0.65819
0.66851
0.64882
0.63526
0.61686
0.60839
0.58884
0.59022
0.54567
0.48153
0.4247
0.38147
0.52029
0.74594
0.74976
0.75654
0.76593
0.76962
0.77297
0.77511
0.77455
0.77767
0.78035
0.77578
0.70293
0.71695
0.71221
0.70235
0.75391
0.7592
0.75498
0.67453
0.67028
0.66668
0.65418
0.66786
0.67709
0.71103
0.76062
0.76058
0.74609
0.7422
0.75063
0.74932
0.7464
0.72598
0.69424
0.61661
0.64563
0.71914
0.73082
0.74214
0.74885
0.70085
0.64033
0.57761
0.6155
0.60931
0.56481
0.5289
0.41785
0.5052
0.47641
0.53869
0.60148
0.62462
0.60313
0.59917
0.49986
0.49961
0.48944
0.48158
0.43995
0.43097
0.45267
0.44696
0.41615
0.38594
0.36431
0.33393
0.28935
0.28472
0.29239
0.28946
0.29737
0.25213
0.21784
0.18713
0.21237
0.32766
0.41823
0.40131
0.42197
0.44314
0.47007
0.5038
0.51228
0.52465
0.49785
0.49894
0.44787
0.44371
0.48349
0.47037
0.56588
0.62348
0.68775
0.69355
0.71921
0.71179
0.66953
0.62601
0.55623
0.53588
0.49356
0.54559
0.70688
0.70999
0.71724
0.71608
0.70544
0.67217
0.63719
0.59912
0.56177
0.56883
0.5162
0.51272
0.59555
0.62591
0.57685
0.55698
0.54906
0.56883
0.55655
0.53763
0.55228
0.58334
0.73905
0.78674
0.79284
0.80208
0.78585
0.77414
0.76834
0.45688
0.41082
0.41564
0.40119
0.38755
0.40111
0.37346
0.42455
0.52389
0.5278
0.49115
0.55854
0.53916
0.51947
0.53664
0.53821
0.53184
0.53422
0.54253
0.54542
0.58702
0.75044
0.77752
0.78267
0.78091
0.77703
0.76153
0.70959
0.59593
0.56102
0.56406
0.57352
0.58679
0.58466
0.57202
0.54289
0.5438
0.55252
0.5295
0.5371
0.52852
0.5276
0.50845
0.49414
0.49068
0.47717
0.48666
0.49264
0.54384
0.5077
0.50804
0.5378
0.55536
0.54107
0.52149
0.50898
0.51108
0.51221
0.51663
0.52636
0.53293
0.54186
0.55371
0.57808
0.57745
0.53212
0.49662
0.49305
0.49681
0.50155
0.50431
0.51251
0.5104
0.5263
0.54874
0.5933
0.66111
0.72081
0.71793
0.72445
0.72593
0.73032
0.73069
0.70703
0.62653
0.56896
0.55905
0.60247
0.6793
0.665
0.62218
0.59078
0.60589
0.64726
0.68819
0.70877
0.64572
0.63748
0.64443
0.6544
0.6433
0.58607
0.51595
0.47876
0.50313
0.51918
0.53012
0.55646
0.58609
0.63183
0.69894
0.69264
0.68884
0.67992
0.6685
0.66392
0.65573
0.6382
0.62145
0.6021
0.56278
0.5469
0.55994
0.53378
0.43493
0.43134
0.43614
0.44074
0.45896
0.48963
0.48339
0.46359
0.45092
0.44222
0.43064
0.42025
0.41104
0.42266
0.43564
0.44108
0.43851
0.48124
0.53527
0.61421
0.68234
0.69664
0.69354
0.59753
0.55729
0.53405
0.54949
0.53961
0.51251
0.50957
0.53411
0.57563
0.61902
0.65856
0.67764
0.67958
0.67949
0.74015
0.75616
0.78909
0.78612
0.8135
0.76505
0.80168
0.81727
0.81817
0.81574
0.77625
0.74123
0.74589
0.75376
0.7427
0.74908
0.74396
0.74607
0.743
0.74305
0.75492
0.72704
0.68455
0.64807
0.64953
0.66048
0.71486
0.73039
0.5982
0.56756
0.54328
0.5536
0.58645
0.62934
0.65655
0.60158
0.5825
0.68267
0.56599
0.51152
0.50587
0.50772
0.54998
0.57336
0.58655
0.61782
0.61076
0.58035
0.54571
0.55262
0.5127
0.48389
0.46206
0.45214
0.40817
0.35847
0.41878
0.40387
0.39208
0.46454
0.54603
0.58232
0.59303
0.59675
0.60092
0.60195
0.59464
0.64724
0.6487
0.64883
0.64774
0.63969
0.64545
0.65887
0.67551
0.67434
0.66715
0.66974
0.68344
0.69883
0.7004
0.71013
0.71742
0.71552
0.68963
0.67314
0.66421
0.65592
0.65196
0.66629
0.68318
0.70472
0.73006
0.73928
0.74702
0.7551
0.76096
0.77004
0.74762
0.63958
0.58232
0.51933
0.49788
0.46218
0.45475
0.4417
0.45659
0.45358
0.45968
0.46779
0.48318
0.48231
0.46203
0.44974
0.44695
0.4399
0.42433
0.38556
0.37698
0.3505
0.35923
0.35092
0.38039
0.41385
0.47505
0.68254
0.72484
0.72593
0.71058
0.67919
0.64069
0.63843
0.62862
0.61009
0.58876
0.56926
0.58286
0.60068
0.61743
0.63567
0.63164
0.62895
0.53797
0.52459
0.5206
0.47605
0.52616
0.73726
0.76558
0.76728
0.7539
0.73955
0.70018
0.71254
0.7196
0.74117
0.7798
0.80177
0.80919
0.81509
0.81568
0.82106
0.82668
0.82006
0.80898
0.82201
0.82714
0.832
0.83597
0.84161
0.84568
0.84112
0.80896
0.77249
0.74828
0.7295
0.71131
0.67373
0.64336
0.60723
0.57162
0.5531
0.56376
0.60439
0.62662
0.62805
0.63233
0.63323
0.63856
0.66219
0.63542
0.63107
0.67259
0.7891
0.81757
0.83741
0.83449
0.74522
0.8036
0.83539
0.84521
0.84131
0.85489
0.86449
0.874
0.87969
0.88064
0.87106
0.86672
0.86005
0.83952
0.83259
0.82456
0.83446
0.83228
0.83348
0.83822
0.85023
0.85651
0.85503
0.84861
0.84704
0.84749
0.83637
0.79115
0.76812
0.77167
0.75759
0.70746
0.69223
0.76673
0.76019
0.65215
0.49165
0.51882
0.65556
0.75986
0.78181
0.79075
0.80816
0.82047
0.80553
0.80296
0.8115
0.81745
0.80973
0.80357
0.79624
0.79803
0.79533
0.81062
0.7944
0.77053
0.74753
0.68953
0.60308
0.54523
0.50983
0.51296
0.85254
0.88711
0.89283
0.88528
0.87781
0.87376
0.86881
0.86335
0.85986
0.85744
0.85762
0.86385
0.8579
0.84432
0.80376
0.79024
0.78635
0.77893
0.77911
0.7791
0.77751
0.78127
0.78861
0.7969
0.77932
0.75895
0.76211
0.75224
0.77761
0.66019
0.57567
0.53489
0.5001
0.45684
0.42309
0.38574
0.34326
0.34085
0.3355
0.41064
0.43606
0.44338
0.59132
0.84459
0.84308
0.84066
0.85387
0.86787
0.85949
0.85063
0.85149
0.84064
0.84339
0.85206
0.87079
0.89132
0.89704
0.89703
0.8953
0.89576
0.90529
0.90447
0.89172
0.86226
0.8389
0.82818
0.81451
0.80098
0.79888
0.80664
0.81072
0.80343
0.83156
0.82741
0.83241
0.82102
0.81719
0.83066
0.85279
0.82635
0.85922
0.8526
0.85294
0.85185
0.86073
0.87564
0.88521
0.89186
0.89552
0.89053
0.88717
0.88413
0.88377
0.88631
0.90007
0.88514
0.89373
0.89334
0.8961
0.88625
0.88923
0.89554
0.88464
0.88086
0.89752
0.88233
0.84408
0.8546
0.78078
0.74278
0.73399
0.70732
0.67932
0.66896
0.70905
0.76008
0.78678
0.694
0.66789
0.61476
0.59156
0.59895
0.79163
0.82165
0.83061
0.83003
0.83941
0.84491
0.85327
0.81564
0.69695
0.65577
0.65925
0.64722
0.67918
0.70031
0.71057
0.67721
0.66323
0.67465
0.76728
0.82422
0.82277
0.83303
0.86678
0.87565
0.83654
0.82873
0.83914
0.85264
0.87172
0.83566
0.80871
0.84215
0.82384
0.82105
0.81511
0.82275
0.83823
0.84015
0.83193
0.82569
0.79838
0.62461
0.58658
0.67278
0.65502
0.67637
0.67778
0.68694
0.69384
0.69076
0.68673
0.67708
0.51443
0.48989
0.43907
0.40148
0.45961
0.7272
0.75576
0.81738
0.78272
0.8206
0.81059
0.78971
0.76206
0.76957
0.75454
0.72578
0.72684
0.77196
0.82705
0.82321
0.83448
0.82809
0.8194
0.81719
0.77052
0.77879
0.81569
0.79551
0.77019
0.7372
0.7395
0.7579
0.72707
0.70602
0.66994
0.65628
0.60586
0.56806
0.60856
0.81539
0.83369
0.81065
0.8116
0.81225
0.80999
0.81387
0.80763
0.81212
0.80192
0.80015
0.80508
0.80898
0.80674
0.80005
0.79439
0.79
0.77623
0.66029
0.6481
0.61537
0.57475
0.54735
0.54778
0.57035
0.58315
0.62177
0.59351
0.57747
0.59031
0.65399
0.65718
0.54128
0.44437
0.4694
0.48126
0.48918
0.56436
0.60514
0.56289
0.52265
0.50426
0.52194
0.56694
0.54606
0.52899
0.50431
0.53974
0.59077
0.5568
0.57532
0.65288
0.7245
0.83424
0.83516
0.83946
0.84484
0.81817
0.80612
0.76802
0.72084
0.70417
0.68921
0.69689
0.69273
0.65376
0.60662
0.57016
0.51874
0.45312
0.42466
0.39671
0.38653
0.43452
0.4686
0.48137
0.47261
0.43368
0.38037
0.36545
0.38866
0.42141
0.44488
0.44833
0.46043
0.44778
0.422
0.45551
0.68009
0.63863
0.71128
0.77229
0.8829
0.90971
0.85082
0.86801
0.90747
0.93223
0.94062
0.93116
0.92937
0.93129
0.93844
0.93466
0.92537
0.88016
0.86183
0.80272
0.83079
0.85736
0.84556
0.84926
0.86048
0.8002
0.78576
0.79994
0.83508
0.83562
0.82986
0.80813
0.80953
0.76249
0.74929
0.77825
0.72752
0.74608
0.74499
0.65799
0.60947
0.51987
0.51103
0.52631
0.52955
0.51864
0.51997
0.45593
0.42344
0.45515
0.54951
0.64068
0.75456
0.6106
0.59911
0.63145
0.65547
0.90164
0.90417
0.90566
0.89341
0.88793
0.8875
0.88995
0.89301
0.88268
0.85922
0.87131
0.87181
0.8649
0.86236
0.84216
0.83104
0.81906
0.81426
0.81614
0.82659
0.83517
0.83274
0.82522
0.82097
0.79752
0.81182
0.82297
0.8297
0.83214
0.79842
0.75363
0.72905
0.71605
0.74505
0.79481
0.75141
0.71935
0.83096
0.74351
0.74387
0.70716
0.65451
0.63173
0.60124
0.60826
0.49956
0.55986
0.50549
0.57951
0.57485
0.65142
0.55428
0.55237
0.58925
0.5813
0.56438
0.5487
0.58502
0.67411
0.82641
0.78441
0.78165
0.78587
0.79761
0.77669
0.84365
0.85728
0.85775
0.85991
0.78533
0.76653
0.76374
0.71233
0.65361
0.57143
0.51178
0.45668
0.44414
0.41942
0.35591
0.32059
0.33356
0.3285
0.30667
0.27568
0.32034
0.62022
0.79719
0.77432
0.87112
0.78706
0.94206
0.95151
0.94239
0.94881
0.94304
0.85336
0.82973
0.8193
0.82397
0.85443
0.93213
0.90339
0.91552
0.84667
0.76507
0.75079
0.73041
0.69313
0.71353
0.71261
0.75464
0.75937
0.78289
0.74423
0.71066
0.7373
0.70708
0.63227
0.61014
0.63117
0.72967
0.74651
0.77402
0.74321
0.80084
0.84331
0.81789
0.88118
0.85723
0.76355
0.76196
0.72637
0.75483
0.80326
0.85517
0.92706
0.90962
0.92613
0.91605
0.83819
0.79911
0.81017
0.91297
0.85969
0.81165
0.74769
0.73186
0.75912
0.76528
0.88339
0.91236
0.88273
0.74133
0.65949
0.67438
0.71792
0.73955
0.74581
0.72569
0.69265
0.67842
0.67063
0.63199
0.57874
0.60673
0.61295
0.62602
0.64904
0.70291
0.73795
0.81054
0.81227
0.77007
0.74726
0.77395
0.80846
0.84075
0.87149
0.82279
0.85161
0.85452
0.85624
0.83119
0.76304
0.7632
0.77477
0.77903
0.76502
0.70372
0.70985
0.73421
0.86796
0.86493
0.88698
0.8619
0.92574
0.93558
0.93875
0.91903
0.86018
0.84978
0.79934
0.77345
0.76905
0.70492
0.63497
0.68533
0.85406
0.95011
0.93465
0.91817
0.94775
0.9659
0.95698
0.94839
0.92546
0.91391
0.8774
0.82184
0.81403
0.89469
0.92378
0.87214
0.86407
0.83696
0.83085
0.82955
0.80004
0.76733
0.70401
0.68736
0.68886
0.74199
0.78035
0.79911
0.81101
0.8159
0.82353
0.80319
0.8312
0.88325
0.90335
0.87684
0.8278
0.81618
0.81968
0.82256
0.87658
0.90458
0.84836
0.8255
0.83896
0.89203
0.89545
0.84632
0.87038
0.88191
0.88961
0.89742
0.88659
0.90394
0.87756
0.79242
0.78818
0.78507
0.79425
0.79802
0.79783
0.76597
0.76796
0.79132
0.75818
0.73087
0.73631
0.74392
0.72937
0.69473
0.69808
0.68175
0.67546
0.83416
0.83433
0.75672
0.74867
0.78048
0.87551
0.96463
0.97684
0.99546
0.99457
0.97872
0.9601
0.97538
0.98541
0.99441
0.99368
0.99523
0.98651
0.99455
0.97976
0.97355
0.97027
0.96542
0.96827
0.94735
0.91613
0.87959
0.87964
0.88277
0.89238
0.90139
0.90149
0.89025
0.8651
0.84446
0.93549
0.97582
0.97964
0.95753
0.96592
0.96324
0.96909
0.96618
0.96624
0.97699
0.97603
0.98407
0.98133
0.96924
0.97093
0.96469
0.97165
0.97079
0.98348
0.98338
0.99056
0.99295
0.99588
0.99838
1.0006
0.99792
0.99941
1.0002
0.99876
1.0006
0.99564
0.98317
0.95827
0.94872
0.8775
0.91328
0.94051
0.92197
0.90647
0.90783
0.94835
0.95456
0.94355
0.93829
0.91773
0.91278
0.87502
0.91641
0.89147
0.89054
0.91438
0.91597
0.90359
0.91093
0.86949
0.85435
0.9033
0.89866
0.88079
0.86498
0.80996
0.79056
0.88145
0.91128
0.91577
0.91693
0.90729
0.88854
0.84772
0.80215
0.74694
0.74605
0.87066
0.8929
0.90492
0.89425
0.83072
0.85729
0.91265
0.90242
0.88619
0.90941
0.90489
0.87318
0.83949
0.7784
0.70259
0.70982
0.67795
0.68181
0.70401
0.69974
0.72828
0.76192
0.75451
0.71023
0.6697
0.62424
0.61102
0.68127
0.91066
0.93539
0.92987
0.92117
0.92602
0.91831
0.91443
0.9156
0.9238
0.92255
0.9302
0.92847
0.93001
0.9304
0.93185
0.89257
0.67443
0.65709
0.66
0.67361
0.66471
0.65317
0.65797
0.66409
0.66268
0.68273
0.68775
0.69686
0.72926
0.72492
0.70674
0.7053
0.80334
0.921
0.93977
0.9457
0.93922
0.93721
0.93489
0.92469
0.92866
0.90175
0.88739
0.92698
0.93652
0.93324
0.93439
0.91965
0.80579
0.75231
0.73531
0.75076
0.83132
0.74689
0.68921
0.6668
0.65174
0.66537
0.70448
0.74295
0.85291
0.90454
0.82649
0.77511
0.7522
0.81716
0.9045
0.92045
0.93688
1.0007
0.70586
0.59904
0.61315
0.71772
0.84127
0.84161
0.76647
0.73768
0.70825
0.50642
0.54081
0.62367
0.66786
0.68363
0.68073
0.65429
0.61692
0.61735
0.73981
0.72341
0.83041
0.86199
0.99744
0.998
0.93198
0.9292
0.99788
0.96441
0.83316
0.80623
0.85919
0.99926
0.98938
0.99655
0.99432
0.99206
0.97008
0.90245
0.81883
0.80975
0.99628
0.87153
0.78234
0.75435
0.73318
0.75261
0.82589
0.89069
0.96767
0.97017
0.94802
0.96266
0.90461
0.82582
0.83176
0.81046
0.84836
0.80563
0.79079
0.72037
0.67857
0.75398
0.7829
0.80169
0.94689
0.91861
0.87394
0.89475
0.88258
0.89763
0.92913
0.92389
0.92882
0.92907
0.93313
0.92575
0.92386
0.92628
0.92032
0.92442
0.92026
0.9267
0.87327
0.92586
0.91467
0.92886
0.9149
0.9253
0.86946
0.75172
0.72372
0.66413
0.6184
0.60673
0.60464
0.5953
0.61302
0.63357
0.70918
0.78456
0.84368
0.85972
0.81172
0.78427
0.75223
0.69784
0.62203
0.57364
0.53157
0.48255
0.43423
0.50852
0.6383
0.71356
0.79656
0.84606
0.83931
0.83302
0.90457
0.78786
0.91913
0.94745
0.94571
0.9487
0.94624
0.94579
0.9454
0.94242
0.9375
0.93239
0.92855
0.90879
0.90094
0.87745
0.86058
0.86516
0.86548
0.84935
0.86151
0.82167
0.72903
0.71144
0.88807
0.89887
0.92376
0.94626
0.93746
0.92799
0.8779
0.88306
0.87671
0.86209
0.86365
0.60275
0.74326
0.90719
0.67009
0.61606
0.64809
0.65263
0.59627
0.65171
0.67147
0.68734
0.73435
0.76198
0.83226
0.87323
0.91754
0.94258
0.95528
0.87067
0.86712
0.9537
0.96173
0.94571
0.95077
0.96406
0.96191
0.94169
0.93546
0.9354
0.93985
0.94554
0.94842
0.93776
0.92922
0.92477
0.94431
0.94039
0.9387
0.94765
0.97062
0.99001
0.97718
0.97101
0.95573
0.95805
0.95458
0.97128
0.95129
0.94053
0.9006
0.86153
0.76883
0.64899
0.38728
0.25488
0.29793
0.7223
0.66461
0.7372
0.87791
0.90912
0.9249
0.94083
0.95036
0.95108
0.97124
0.95583
0.94881
0.94205
0.9392
0.94141
0.93847
0.94699
0.9538
0.95392
0.94494
0.9351
0.93559
0.91864
0.92717
0.9128
0.89334
0.85556
0.89169
0.88217
0.87891
0.87006
0.85557
0.88275
0.87526
0.84322
0.89359
0.90596
0.90815
0.90452
0.90156
0.90944
0.89777
0.86838
0.82217
0.79437
0.77537
0.7388
0.88103
0.91035
0.90409
0.90939
0.9204
0.91081
0.80351
0.81485
0.84318
0.91154
0.91655
0.93051
0.7499
0.6508
0.63887
0.65638
0.7252
0.8298
0.88026
0.89979
0.91665
0.9173
0.91978
0.89252
0.84638
0.8055
0.83037
0.80321
0.73554
0.73376
0.75326
0.83954
0.85487
0.90746
0.92447
0.92577
0.93406
0.93546
0.93909
0.9395
0.95033
0.93704
0.94926
0.947
0.94856
0.93737
0.93375
0.92979
0.9299
0.93275
0.92619
0.90731
0.7969
0.70268
0.66175
0.65485
0.64017
0.68608
0.75439
0.76969
0.82719
0.86389
0.85263
0.88027
0.88688
0.86853
0.73914
0.7416
0.79442
0.84286
0.88859
0.88539
0.88642
0.88211
0.88233
0.88906
0.87902
0.85301
0.87281
0.87747
0.87832
0.88532
0.89878
0.90617
0.90194
0.88593
0.8744
0.8748
0.87909
0.88958
0.88429
0.88986
0.88967
0.89351
0.90403
0.90666
0.8999
0.90343
0.90782
0.91174
0.90297
0.88247
0.88068
0.87738
0.83603
0.77253
0.73429
0.70763
0.68106
0.65625
0.62451
0.60329
0.61914
0.6277
0.636
0.64203
0.63145
0.62056
0.64153
0.64839
0.65955
0.65299
0.64645
0.61746
0.59364
0.56236
0.56573
0.58528
0.59656
0.60275
0.5934
0.57658
0.54204
0.53092
0.51504
0.48739
0.49484
0.55355
0.60406
0.63217
0.63666
0.6323
0.62873
0.61307
0.5762
0.53242
0.49633
0.45923
0.51277
0.75417
0.83613
0.85777
0.87257
0.87925
0.88227
0.87654
0.87541
0.86879
0.86105
0.85938
0.86049
0.8619
0.86838
0.8694
0.86915
0.86471
0.87388
0.87924
0.87322
0.87445
0.88471
0.88719
0.89602
0.89886
0.71258
0.65271
0.62785
0.88362
0.89309
0.89784
0.90911
0.93374
0.94057
0.93436
0.9267
0.92584
0.92172
0.9229
0.92481
0.92423
0.92526
0.92252
0.91712
0.88976
0.86493
0.85074
0.82129
0.78858
0.801
0.69572
0.62246
0.56046
0.58595
0.60248
0.57798
0.60215
0.63534
0.65786
0.72201
0.7287
0.82039
0.79078
0.79331
0.80455
0.75926
0.73819
0.76325
0.75184
0.71955
0.69978
0.66198
0.53915
0.71533
0.75081
0.84532
0.87742
0.90311
0.93741
0.93913
0.93362
0.93974
0.93358
0.92269
0.93682
0.94137
0.93259
0.90178
0.67125
0.65366
0.79346
0.88517
0.90244
0.92459
0.94737
0.94541
0.94038
0.9353
0.93445
0.93684
0.93926
0.9363
0.93752
0.93514
0.92292
0.76622
0.75041
0.88675
0.88462
0.88584
0.90005
0.89693
0.89638
0.8916
0.79484
0.74138
0.6388
0.77249
0.85115
0.87812
0.8738
0.85238
0.73307
0.68281
0.6684
0.64247
0.62084
0.62183
0.61844
0.626
0.625
0.63761
0.64737
0.62642
0.60264
0.60934
0.6798
0.80747
0.83024
0.84494
0.84367
0.84237
0.8447
0.80562
0.56122
0.43858
0.38777
0.34608
0.28095
0.2566
0.26115
0.30309
0.34025
0.39197
0.45989
0.54256
0.569
0.58938
0.60425
0.6226
0.64192
0.67123
0.69741
0.69658
0.73522
0.81614
0.80402
0.78841
0.78745
0.78282
0.75406
0.70232
0.62274
0.54708
0.51471
0.47181
0.43828
0.40581
0.41533
0.45135
0.5538
0.70048
0.72334
0.7541
0.7889
0.80507
0.81528
0.82623
0.82992
0.8256
0.80318
0.78931
0.77703
0.76135
0.7353
0.70763
0.65089
0.61409
0.59952
0.60081
0.59566
0.58268
0.57094
0.50679
0.48297
0.55487
0.39714
0.42607
0.40958
0.3975
0.3593
0.3717
0.4262
0.45317
0.45697
0.47488
0.46869
0.45739
0.4201
0.3729
0.41525
0.40698
0.41679
0.39413
0.4933
0.50558
0.51332
0.46239
0.33608
0.28486
0.29449
0.30494
0.32637
0.35995
0.3968
0.44831
0.46745
0.47782
0.52088
0.54522
0.57127
0.55352
0.51334
0.49339
0.50003
0.53074
0.53422
0.5552
0.57906
0.61267
0.65838
0.6775
0.67332
0.6644
0.64585
0.6315
0.61621
0.61997
0.61095
0.59186
0.60168
0.59173
0.58674
0.579
0.59507
0.58807
0.60415
0.61462
0.62736
0.6347
0.63178
0.64604
0.68798
0.74551
0.77176
0.78237
0.77258
0.78222
0.79116
0.80966
0.80611
0.80831
0.80822
0.78346
0.76286
0.75412
0.74041
0.75544
0.75559
0.75787
0.77029
0.77167
0.78256
0.80849
0.82611
0.79075
0.70473
0.684
0.72014
0.75621
0.78437
0.79233
0.79615
0.78815
0.79948
0.81001
0.80905
0.82752
0.84546
0.84839
0.84545
0.83892
0.84144
0.84044
0.83251
0.81846
0.81129
0.80588
0.7914
0.77646
0.77642
0.69265
0.73457
0.80068
0.78645
0.78246
0.79634
0.75967
0.76321
0.77243
0.77996
0.78885
0.79319
0.779
0.77238
0.76695
0.76558
0.76002
0.75889
0.76153
0.76579
0.76622
0.76632
0.76668
0.78195
0.78416
0.7844
0.78749
0.78814
0.7868
0.78723
0.78584
0.77795
0.77444
0.7827
0.71961
0.67209
0.75679
0.77872
0.79763
0.80969
0.83154
0.83869
0.83929
0.83752
0.83299
0.83672
0.83246
0.83094
0.83081
0.83187
0.80769
0.7709
0.77493
0.77241
0.76781
0.7705
0.76823
0.78622
0.7979
0.81146
0.82296
0.83031
0.832
0.83286
0.8351
0.83782
0.83938
0.83997
0.84696
0.84984
0.85168
0.84831
0.84472
0.83591
0.82435
0.78697
0.79347
0.79759
0.80617
0.81138
0.79808
0.7882
0.78247
0.78691
0.78327
0.78534
0.80391
0.80407
0.80516
0.81272
0.83585
0.85023
0.86327
0.87436
0.87653
0.89231
0.89036
0.89157
0.89555
0.89304
0.88042
0.86331
0.84482
0.83794
0.84401
0.84317
0.84267
0.84199
0.83167
0.8529
0.85624
0.85885
0.85667
0.85213
0.84781
0.82362
0.83211
0.83906
0.83591
0.82987
0.8192
0.8029
0.78296
0.79072
0.78727
0.78428
0.78757
0.78178
0.7778
0.77511
0.77185
0.76934
0.76736
0.7777
0.77503
0.65573
0.54475
0.4867
0.48408
0.4901
0.53133
0.84818
0.85391
0.85871
0.86947
0.87327
0.87417
0.77974
0.74782
0.74272
0.73515
0.7483
0.74845
0.76247
0.69005
0.63414
0.57646
0.56343
0.54792
0.55691
0.53246
0.53064
0.61032
0.6576
0.6729
0.76422
0.76073
0.76965
0.75737
0.76187
0.79169
0.77389
0.72867
0.69937
0.72714
0.74014
0.71827
0.7577
0.76005
0.62769
0.57531
0.59865
0.63784
0.67265
0.65545
0.63858
0.58946
0.54964
0.51091
0.50048
0.47815
0.42811
0.35802
0.31213
0.26643
0.23172
0.19925
0.19664
0.22475
0.33346
0.77212
0.85571
0.88569
0.88948
0.89229
0.89432
0.88521
0.85179
0.86967
0.87383
0.89514
0.91188
0.91952
0.91423
0.90953
0.90347
0.87787
0.881
0.8932
0.8912
0.88846
0.89124
0.89619
0.89723
0.90013
0.90216
0.8953
0.88246
0.87276
0.86319
0.85813
0.86014
0.85439
0.85055
0.70339
0.69081
0.68107
0.66968
0.68011
0.69158
0.82548
0.83744
0.82561
0.83973
0.71332
0.67531
0.64268
0.64951
0.66123
0.79055
0.8189
0.85152
0.85534
0.86023
0.85368
0.83943
0.82925
0.81639
0.8084
0.80405
0.80902
0.81147
0.80462
0.81794
0.6917
0.52593
0.40827
0.35962
0.36154
0.37226
0.39043
0.42748
0.48957
0.56089
0.5925
0.60238
0.61075
0.64356
0.70558
0.79635
0.72491
0.57196
0.47402
0.41935
0.44375
0.46414
0.52738
0.67222
0.78448
0.77276
0.78276
0.75365
0.73537
0.71447
0.72291
0.76622
0.78699
0.78765
0.79082
0.78516
0.77454
0.76017
0.7603
0.784
0.78476
0.80646
0.82472
0.83646
0.82763
0.81597
0.81245
0.80679
0.78377
0.76706
0.75978
0.75533
0.75018
0.75647
0.7731
0.7744
0.76386
0.75612
0.74479
0.72609
0.74924
0.75558
0.75879
0.74043
0.74809
0.74238
0.74106
0.76175
0.67267
0.62002
0.59939
0.61062
0.59516
0.64
0.70717
0.76027
0.77626
0.78633
0.80016
0.79676
0.78845
0.77886
0.77234
0.75749
0.7471
0.73728
0.70572
0.63965
0.59463
0.57636
0.56958
0.65835
0.72534
0.73256
0.69169
0.76465
0.77552
0.78079
0.7729
0.7283
0.71098
0.71206
0.73148
0.69435
0.67991
0.66027
0.64205
0.62106
0.60299
0.57648
0.50692
0.44981
0.42066
0.4146
0.43855
0.49414
0.55208
0.59899
0.6355
0.62633
0.61265
0.5989
0.63092
0.643
0.63445
0.63752
0.65003
0.66447
0.68823
0.71766
0.72211
0.7273
0.76004
0.64701
0.592
0.68492
0.73694
0.7493
0.80559
0.56424
0.48072
0.59694
0.67199
0.76413
0.78602
0.80311
0.78303
0.78162
0.77331
0.75763
0.70754
0.66748
0.58363
0.59819
0.55751
0.51527
0.54144
0.60848
0.62898
0.58961
0.56467
0.76271
0.79157
0.80654
0.80455
0.79209
0.78959
0.79228
0.79464
0.7955
0.76811
0.74893
0.5972
0.59536
0.64644
0.68152
0.63601
0.68783
0.6582
0.6736
0.69946
0.67876
0.67545
0.69378
0.71615
0.70978
0.70321
0.70263
0.71697
0.72478
0.72961
0.64268
0.557
0.49801
0.4645
0.4721
0.48441
0.46053
0.48906
0.60648
0.80035
0.8076
0.81248
0.81304
0.81291
0.82025
0.82339
0.82981
0.82865
0.82336
0.824
0.82695
0.83376
0.83812
0.83647
0.8319
0.828
0.82121
0.79242
0.76518
0.77625
0.8077
0.83563
0.86409
0.88386
0.89195
0.89251
0.89329
0.88978
0.89392
0.89537
0.89708
0.88319
0.8894
0.88785
0.88035
0.86261
0.85168
0.84625
0.82908
0.81187
0.79153
0.7732
0.75223
0.76852
0.70873
0.6873
0.58879
0.54068
0.42657
0.36676
0.33748
0.31974
0.31637
0.30782
0.30348
0.29221
0.30748
0.33034
0.34639
0.35659
0.38151
0.41658
0.4512
0.49833
0.77153
0.78107
0.79048
0.7972
0.79459
0.79724
0.79506
0.79363
0.78916
0.78284
0.7766
0.76704
0.75729
0.73448
0.72459
