0.8134
0.78996
0.77334
0.74835
0.73018
0.72422
0.72776
0.73428
0.74926
0.76825
0.78277
0.79189
0.79044
0.79902
0.81182
0.82473
0.82952
0.83749
0.84117
0.84724
0.8514
0.85806
0.87139
0.88259
0.8719
0.83968
0.81037
0.7787
0.77117
0.76265
0.75502
0.7453
0.73828
0.72754
0.72678
0.72116
0.7169
0.71338
0.71199
0.71028
0.72385
0.72525
0.72014
0.72381
0.73279
0.74813
0.76102
0.7736
0.77882
0.77988
0.77878
0.77951
0.78583
0.78934
0.78469
0.77891
0.77474
0.77672
0.76621
0.75151
0.71642
0.71856
0.73992
0.73422
0.71954
0.72363
0.72335
0.71942
0.71278
0.72391
0.71389
0.70843
0.69006
0.74195
0.6994
0.70164
0.68943
0.66108
0.62954
0.45197
0.48629
0.79992
0.75013
0.75288
0.75463
0.78067
0.80155
0.80584
0.79998
0.78563
0.78266
0.79558
0.78726
0.78762
0.79965
0.79877
0.79417
0.78463
0.78062
0.77127
0.75042
0.75043
0.7497
0.74418
0.7309
0.72205
0.71161
0.66656
0.77196
0.78609
0.69161
0.69823
0.70365
0.70443
0.70804
0.7171
0.67846
0.59586
0.71629
0.77391
0.78943
0.61571
0.75902
0.68169
0.76564
0.76211
0.74825
0.71881
0.70147
0.72279
0.72854
0.72997
0.74182
0.7575
0.76579
0.76946
0.75874
0.73985
0.70143
0.69282
0.69109
0.67053
0.65907
0.63529
0.63979
0.65404
0.65266
0.62926
0.63786
0.5949
0.56492
0.56144
0.55776
0.4762
0.4444
0.40329
0.49289
0.50911
0.5501
0.62604
0.68207
0.63257
0.65935
0.64243
0.73628
0.79489
0.80551
0.76462
0.75931
0.74942
0.75068
0.74957
0.73183
0.61698
0.72071
0.73956
0.7251
0.71463
0.7079
0.71258
0.7218
0.72534
0.73265
0.71927
0.7111
0.70436
0.73398
0.73803
0.74518
0.6613
0.50201
0.40568
0.4235
0.45946
0.52118
0.7913
0.80649
0.80256
0.83169
0.87892
0.89338
0.90121
0.90802
0.91044
0.91158
0.91235
0.89028
0.88438
0.88007
0.86136
0.86604
0.87397
0.90608
0.92434
0.92707
0.93198
0.9258
0.92449
0.8841
0.8496
0.82746
0.81908
0.81159
0.81504
0.81673
0.81212
0.81258
0.80989
0.76919
0.77732
0.76191
0.77474
0.7713
0.73635
0.69347
0.69849
0.69167
0.70657
0.74544
0.76704
0.77231
0.77166
0.72251
0.71573
0.69996
0.68417
0.68261
0.67857
0.65031
0.66155
0.66394
0.647
0.65125
0.66639
0.67712
0.65784
0.62251
0.6047
0.59683
0.58587
0.54571
0.65878
0.66536
0.66857
0.6831
0.68432
0.62134
0.55898
0.60566
0.72394
0.71417
0.69371
0.62313
0.65695
0.67035
0.66292
0.59625
0.60991
0.51959
0.50735
0.51242
0.51558
0.55181
0.60689
0.65362
0.6501
0.65066
0.64324
0.64193
0.67744
0.73752
0.75046
0.76904
0.78919
0.80568
0.80879
0.8003
0.78298
0.75452
0.74322
0.71298
0.69414
0.70586
0.72413
0.75025
0.75797
0.77219
0.78178
0.78785
0.79198
0.79147
0.782
0.77056
0.76794
0.7676
0.7704
0.77712
0.78337
0.78913
0.78713
0.78179
0.77972
0.78796
0.79118
0.79655
0.79716
0.80635
0.81485
0.79512
0.75537
0.72858
0.71553
0.72884
0.73259
0.73509
0.72879
0.73174
0.71644
0.69731
0.66347
0.63551
0.61643
0.59646
0.58384
0.43928
0.29418
0.25639
0.27655
0.33153
0.38468
0.42513
0.4659
0.56378
0.61192
0.52106
0.40073
0.35421
0.35676
0.37589
0.79023
0.80253
0.80836
0.78364
0.80318
0.80375
0.80322
0.79674
0.79693
0.79231
0.78297
0.77443
0.76509
0.75509
0.74151
0.72951
0.72558
0.71717
0.71461
0.71161
0.70651
0.70554
0.69969
0.69315
0.68739
0.68036
0.66884
0.64728
0.61828
0.58273
0.57064
0.54112
0.56838
0.58578
0.57872
0.53641
0.45475
0.41947
0.42407
0.4152
0.40034
0.39131
0.38353
0.39911
0.40139
0.38431
0.36308
0.3591
0.34378
0.34348
0.33031
0.30288
0.30449
0.30854
0.31659
0.37142
0.58076
0.75688
0.7605
0.76275
0.76237
0.74885
0.75142
0.75099
0.74427
0.73077
0.71797
0.67992
0.67705
0.62043
0.60671
0.61506
0.59785
0.59008
0.59115
0.55905
0.5117
0.57753
0.48934
0.45615
0.40224
0.42767
0.41295
0.38241
0.40115
0.42494
0.42803
0.41914
0.40644
0.39605
0.42833
0.45477
0.52485
0.6006
0.61932
0.62036
0.60248
0.64009
0.63029
0.59563
0.57275
0.57477
0.57785
0.59426
0.62445
0.6156
0.54564
0.46298
0.45685
0.53664
0.59347
0.63375
0.66628
0.70921
0.67505
0.57184
0.52437
0.65189
0.67469
0.66766
0.63342
0.67486
0.6849
0.71209
0.72501
0.72539
0.69692
0.66901
0.63243
0.60665
0.58123
0.56242
0.50975
0.49423
0.54285
0.59654
0.61744
0.62363
0.62647
0.70273
0.71085
0.72298
0.57637
0.5019
0.50118
0.54692
0.59608
0.59925
0.56301
0.55605
0.56455
0.6083
0.66831
0.77431
0.7327
0.69932
0.77422
0.72594
0.77062
0.74698
0.7485
0.7557
0.76488
0.76321
0.74267
0.75989
0.75835
0.76739
0.77305
0.76025
0.75528
0.74551
0.7365
0.73374
0.72714
0.70786
0.6831
0.6625
0.65171
0.75663
0.77526
0.77023
0.64477
0.54226
0.44871
0.3859
0.38291
0.48142
0.77701
0.84141
0.88017
0.87942
0.8885
0.90338
0.88604
0.73104
0.67211
0.64451
0.636
0.8792
0.88527
0.89037
0.8883
0.84819
0.66454
0.62083
0.76847
0.79521
0.78597
0.78757
0.77195
0.75586
0.74614
0.74427
0.74449
0.74128
0.72892
0.72174
0.71997
0.71264
0.65213
0.55995
0.59787
0.71917
0.71347
0.67903
0.66777
0.7155
0.71846
0.73558
0.74557
0.73655
0.71653
0.72905
0.72609
0.72485
0.7321
0.73247
0.72952
0.72455
0.71921
0.71861
0.71709
0.72554
0.73252
0.74034
0.74671
0.74092
0.73624
0.73505
0.73086
0.72191
0.70926
0.71129
0.71543
0.70701
0.69679
0.68722
0.68201
0.65988
0.65133
0.65508
0.65081
0.64723
0.65035
0.63033
0.60565
0.58312
0.50399
0.5027
0.56033
0.57311
0.55949
0.5367
0.52521
0.49238
0.45821
0.38479
0.39729
0.42031
0.4546
0.49827
0.48382
0.52438
0.558
0.54048
0.53431
0.52253
0.47716
0.44999
0.44973
0.44634
0.44924
0.46629
0.49814
0.52558
0.50441
0.49577
0.51394
0.53084
0.50373
0.48622
0.48066
0.45466
0.41805
0.42052
0.45403
0.51171
0.53892
0.51958
0.4783
0.5578
0.66981
0.73621
0.77673
0.77448
0.77446
0.7833
0.79286
0.78593
0.78049
0.79568
0.74496
0.74486
0.7535
0.70453
0.61416
0.5384
0.52833
0.52609
0.60173
0.75737
0.80231
0.77111
0.74865
0.75727
0.63732
0.58346
0.62035
0.58964
0.55639
0.55912
0.59066
0.53166
0.51007
0.49058
0.56841
0.55414
0.46665
0.43898
0.51144
0.56043
0.51566
0.46006
0.43099
0.37169
0.28463
0.40773
0.40385
0.51601
0.52818
0.52079
0.49565
0.48591
0.47452
0.48212
0.4963
0.51975
0.5357
0.5399
0.53818
0.54166
0.50095
0.50408
0.47711
0.42791
0.37413
0.39602
0.39575
0.59902
0.75029
0.78035
0.81102
0.81414
0.80302
0.79359
0.78655
0.78292
0.77526
0.78673
0.79519
0.78645
0.80204
0.83323
0.83238
0.82658
0.8156
0.79498
0.79735
0.79848
0.8001
0.78191
0.81107
0.80574
0.78267
0.79615
0.79069
0.77501
0.75732
0.78262
0.75022
0.77143
0.74807
0.73544
0.74119
0.73516
0.74581
0.76687
0.7588
0.72758
0.69903
0.64107
0.62026
0.62063
0.58919
0.5781
0.59542
0.61994
0.69018
0.70972
0.73102
0.70631
0.76859
0.80811
0.76451
0.77651
0.81403
0.84346
0.85771
0.85121
0.70155
0.62422
0.62959
0.75275
0.73248
0.76127
0.79362
0.78029
0.77292
0.75135
0.67602
0.68509
0.66662
0.62157
0.56097
0.53397
0.52473
0.53752
0.56394
0.555
0.55995
0.56343
0.56335
0.72579
0.70385
0.67597
0.66417
0.64794
0.62076
0.62076
0.65307
0.68174
0.75909
0.77433
0.76773
0.76564
0.76417
0.74655
0.68831
0.68224
0.71243
0.62498
0.54475
0.54349
0.55881
0.52768
0.56037
0.58474
0.58183
0.57705
0.56943
0.55731
0.55919
0.58185
0.62383
0.65698
0.64397
0.62565
0.62607
0.66257
0.67604
0.63121
0.60176
0.58433
0.55504
0.67495
0.76032
0.78702
0.77415
0.74511
0.74553
0.76628
0.75302
0.7262
0.74533
0.75208
0.77553
0.80137
0.80487
0.78793
0.77156
0.77465
0.78807
0.75694
0.76798
0.79419
0.79993
0.79603
0.73968
0.68891
0.66425
0.60591
0.56359
0.62843
0.68238
0.74087
0.77679
0.77497
0.79156
0.75853
0.6983
0.66394
0.54958
0.61036
0.83651
0.82003
0.83341
0.84066
0.84954
0.81011
0.79897
0.83312
0.83237
0.79058
0.76946
0.77377
0.78513
0.81308
0.82419
0.81799
0.79861
0.7711
0.75385
0.75043
0.76574
0.78684
0.7739
0.77634
0.76418
0.78133
0.76575
0.76212
0.76216
0.77242
0.7829
0.78234
0.77847
0.79272
0.75611
0.60589
0.56208
0.65383
0.72536
0.6871
0.65162
0.6456
0.72438
0.7615
0.77921
0.70843
0.67738
0.63085
0.55651
0.53838
0.55148
0.60345
0.59741
0.56209
0.77424
0.78035
0.77579
0.73047
0.62233
0.61472
0.58572
0.51755
0.53763
0.57724
0.5843
0.57683
0.56609
0.4749
0.3687
0.39765
0.45463
0.55849
0.56485
0.51862
0.81808
0.85965
0.89861
0.89111
0.89489
0.88736
0.82868
0.76861
0.75859
0.80226
0.8305
0.83871
0.85185
0.86253
0.85254
0.84587
0.83194
0.8363
0.86263
0.85964
0.82763
0.77755
0.72915
0.74452
0.72852
0.81337
0.74408
0.70314
0.63822
0.63196
0.61418
0.58629
0.57986
0.56993
0.53953
0.53746
0.60187
0.69437
0.74442
0.79698
0.77293
0.73496
0.68477
0.66742
0.65333
0.59679
0.54115
0.47365
0.42636
0.46913
0.46382
0.50363
0.6533
0.906
0.90374
0.89436
0.88626
0.68793
0.88654
0.86474
0.74189
0.67604
0.6526
0.63225
0.6397
0.63625
0.6156
0.62257
0.65308
0.65321
0.62253
0.60207
0.65719
0.68769
0.60718
0.57293
0.5415
0.56432
0.62743
0.85632
0.83943
0.87629
0.8708
0.86658
0.86421
0.86531
0.85985
0.8156
0.72386
0.65847
0.65329
0.63276
0.67402
0.74117
0.87027
0.8607
0.85689
0.85539
0.85788
0.82984
0.83227
0.85744
0.86069
0.83598
0.83301
0.84947
0.84718
0.84436
0.84816
0.84714
0.84672
0.81884
0.768
0.73527
0.70659
0.70053
0.77593
0.86634
0.85444
0.8505
0.84958
0.84462
0.84153
0.83118
0.76953
0.73917
0.6634
0.60771
0.60012
0.66764
0.8385
0.84971
0.84509
0.8564
0.86126
0.85295
0.83665
0.84189
0.84812
0.81649
0.79272
0.83359
0.76899
0.80834
0.78184
0.80074
0.86203
0.84276
0.84294
0.84385
0.84625
0.81669
0.77985
0.78857
0.83974
0.78457
0.78175
0.74698
0.87033
0.83275
0.85018
0.89361
0.91334
0.8852
0.8413
0.88963
0.92174
0.91368
0.90673
0.7532
0.8104
0.95208
0.94773
0.80756
0.79639
0.93785
0.95525
0.93944
0.90071
0.89505
0.866
0.89503
0.90063
0.90151
0.89179
0.89162
0.88783
0.88791
0.79943
0.86463
0.87033
0.86527
0.8627
0.8654
0.87412
0.86873
0.86849
0.87964
0.87702
0.87478
0.87856
0.88946
0.88562
0.8896
0.8975
0.91674
0.91049
0.91544
0.91458
0.91429
0.92469
0.92022
0.9361
0.9222
0.79915
0.77896
0.70863
0.70627
0.84943
0.87003
0.9375
0.91585
0.84886
0.82517
0.72421
0.80437
0.73448
0.83415
0.78878
0.75664
0.75283
0.79533
0.81275
0.76854
0.76267
0.72993
0.73959
0.7657
0.74758
0.72746
0.78514
0.74906
0.76083
0.7452
0.75826
0.74708
0.71867
0.70426
0.69426
0.68327
0.71995
0.76944
0.78686
0.78641
0.75746
0.8222
0.81625
0.70197
0.66573
0.68855
0.77126
0.9229
0.91213
0.89087
0.90407
0.93894
0.96094
0.9328
0.90576
0.8863
0.87499
0.87778
0.88818
0.89427
0.86846
0.85721
0.85721
0.82114
0.81076
0.8417
0.87145
0.86692
0.88107
0.74191
0.66391
0.67089
0.78028
0.89399
0.91174
0.88852
0.89461
0.88802
0.89431
0.89268
0.88699
0.88559
0.88663
0.88814
0.88794
0.88364
0.9262
0.87421
0.9215
0.92914
0.93351
0.94244
0.94889
0.96092
0.9568
0.87658
0.96294
0.96
0.94662
0.93995
0.93928
0.92124
0.84998
0.76067
0.75098
0.80533
0.93204
0.92826
0.90255
0.68481
0.58218
0.53479
0.57191
0.63741
0.90081
0.93877
0.92617
0.95718
0.94049
0.95719
0.98018
0.98125
0.97911
0.9864
0.99985
0.92121
0.99818
0.92358
0.88444
0.83548
0.89792
0.98138
0.99612
0.99127
0.99438
0.98779
0.9813
0.95804
0.96953
0.99785
0.93349
0.92042
0.91836
0.88815
0.81842
0.8014
0.78118
0.76214
0.97334
0.95101
0.90511
0.86501
0.72519
0.70126
0.89742
0.97751
0.95364
0.88528
0.82883
0.88001
0.85644
0.93062
0.9125
0.91016
0.88952
0.85964
0.86741
0.78713
0.8498
0.91323
0.90844
0.91775
0.84318
0.7924
0.85337
0.80083
0.77163
0.75036
0.82349
0.79315
0.82623
0.77824
0.76505
0.79282
0.81841
0.96337
0.96947
0.98433
0.99338
0.99654
0.99797
1.0006
0.99688
0.97088
0.88488
0.86271
0.85071
0.83957
0.81359
0.79486
0.79031
0.80401
0.79712
0.79235
0.78856
0.80065
0.83256
0.83929
0.84756
0.86606
0.8297
0.84328
0.86968
0.83929
0.85302
0.86577
0.84104
0.81269
0.83079
0.81989
0.78512
0.74406
0.72857
0.71689
0.71464
0.72034
0.71034
0.7156
0.7394
0.755
0.76695
0.76844
0.76092
0.76019
0.75587
0.77133
0.7613
0.76528
0.74332
0.72321
0.73614
0.74923
0.74683
0.77908
0.8111
0.79201
0.81129
0.80226
0.79588
0.81534
0.81098
0.78862
0.77233
0.78901
0.79279
0.78717
0.78793
0.65736
0.8061
0.78036
0.77874
0.75731
0.73618
0.72676
0.73399
0.776
0.82483
0.95084
0.95175
0.93335
0.92198
0.91685
0.93373
0.94905
0.94632
0.94551
0.94785
0.92796
0.92089
0.92238
0.93755
0.94652
0.9469
0.94185
0.92498
0.91009
0.8667
0.78703
0.73228
0.7497
0.693
0.71399
0.84341
0.88514
0.85712
0.86017
0.92616
0.93175
0.93564
0.9171
0.89003
0.81445
0.93545
0.93919
0.92732
0.90809
0.81848
0.84476
0.77944
0.8992
0.87285
0.86951
0.83078
0.72374
0.76705
0.82302
0.81114
0.83654
0.85012
0.87657
0.95022
0.97178
0.95859
0.95399
0.95137
0.94285
0.92481
0.86986
0.86732
0.83666
0.97558
0.98316
0.94296
0.9385
0.92012
0.90396
0.90495
0.92802
0.92472
0.9232
0.90314
0.81667
0.77185
0.72116
0.65406
0.66687
0.705
0.75963
0.86471
0.89875
0.75403
0.71945
0.73969
0.72215
0.77782
0.79614
0.92633
0.98886
0.83864
0.77639
0.66205
0.75538
0.82537
0.95156
0.96915
0.94397
0.93148
0.90565
0.89024
0.85428
0.82427
0.78333
0.73645
0.77866
0.82546
0.78703
0.78932
0.86
0.96669
0.89713
0.76863
0.79222
0.96056
0.94967
0.95484
0.94697
0.95909
0.95568
0.94783
0.8861
0.82944
0.75819
0.75366
0.7779
0.71723
0.69712
0.79923
0.88292
0.91808
0.90291
0.88764
0.89304
0.90045
0.88251
0.90245
0.82449
0.86908
0.77955
0.68429
0.79473
0.8089
0.75931
0.74504
0.82579
0.99706
0.98817
0.99085
0.95982
0.95465
0.94848
0.94091
0.93758
0.93171
0.92501
0.85951
0.87772
0.94885
0.92185
0.86236
0.94872
0.92957
0.90437
0.92063
0.94678
0.94832
0.93044
0.93427
0.94373
0.94279
0.89616
0.87713
0.89117
0.89121
0.81744
0.80249
0.74605
0.76314
0.74514
0.75506
0.78801
0.87967
0.8485
0.83463
0.79396
0.83326
0.90186
0.95703
0.96373
0.95061
0.9413
0.79237
0.72932
0.79834
0.80543
0.79594
0.82179
0.80794
0.77757
0.80316
0.83159
0.81668
0.83955
0.84214
0.85335
0.85708
0.86878
0.91195
0.9497
0.92505
0.92146
0.92577
0.94556
0.93298
0.92811
0.93462
0.9333
0.93743
0.94086
0.94258
0.94552
0.94435
0.94642
0.94149
0.88679
0.8616
0.88255
0.83534
0.93611
0.93447
0.94875
0.95291
0.90992
0.90702
0.91092
0.94341
0.95341
0.94298
0.94192
0.89077
0.81209
0.9359
0.83496
0.80539
0.87699
0.9611
0.97203
0.97496
0.97016
0.97525
0.97824
0.98201
0.9816
0.98184
0.97563
0.96557
0.95863
0.9556
0.95831
0.96503
0.95645
0.9457
0.93869
0.94319
0.95499
0.9626
0.96294
0.96189
0.96657
0.96563
0.95558
0.96057
0.96158
0.98567
0.98198
0.99102
0.99133
0.98697
0.99837
0.99705
0.98418
0.99061
0.99361
0.99178
0.98793
0.98655
0.98669
0.98311
0.97572
0.97856
0.98225
0.99376
0.98168
0.97756
0.9689
0.95937
0.97686
0.98858
0.98715
0.99944
0.99576
0.99589
0.99193
0.986
0.98372
0.95277
0.95997
0.91597
0.9024
0.87206
0.86154
0.84365
0.84959
0.85733
0.86277
0.86473
0.86361
0.86322
0.85615
0.85882
0.87935
0.87898
0.86056
0.85207
0.86067
0.88199
0.90106
0.90297
0.97415
0.98051
0.97459
0.83573
0.82162
0.80039
0.81702
0.79261
0.80749
0.96254
0.95366
0.87519
0.88905
0.90481
0.88872
0.85507
0.83751
0.87723
0.88401
0.8607
0.83207
0.75606
0.70519
0.67677
0.65462
0.66428
0.66939
0.70743
0.71845
0.66567
0.64287
0.63759
0.67287
0.68791
0.70331
0.68834
0.69665
0.70952
0.71032
0.72707
0.76876
0.72034
0.70462
0.73624
0.77405
0.81645
0.84696
0.89247
0.9181
0.93238
0.93028
0.91811
0.92048
0.91758
0.91659
0.92393
0.92737
0.91523
0.81923
0.82685
0.70777
0.65005
0.65019
0.67802
0.70032
0.80132
0.89513
0.90136
0.91753
0.93019
0.94611
0.95293
0.93763
0.9159
0.91521
0.90957
0.90737
0.90927
0.90946
0.92096
0.92536
0.93113
0.9317
0.92896
0.92872
0.93207
0.90874
0.91391
0.90722
0.91796
0.92883
0.92702
0.92817
0.93172
0.93436
0.94256
0.92727
0.93027
0.92887
0.93078
0.92958
0.9252
0.92376
0.92091
0.90963
0.90906
0.91589
0.91727
0.91302
0.8869
0.90392
0.89993
0.90427
0.90956
0.90653
0.90604
0.90784
0.90427
0.90412
0.90902
0.91105
0.9086
0.91203
0.90885
0.90632
0.89128
0.89509
0.90011
0.89322
0.88961
0.90656
0.90336
0.89647
0.8972
0.89652
0.90313
0.90035
0.89469
0.90205
0.89418
0.89619
0.9033
0.90719
0.91078
0.91307
0.91324
0.91331
0.90789
0.90994
0.91495
0.92882
0.93104
0.91497
0.91334
0.9175
0.91689
0.91744
0.91255
0.91139
0.90942
0.91584
0.91635
0.92106
0.91126
0.90668
0.90204
0.90209
0.9071
0.90855
0.90784
0.91349
0.91498
0.91729
0.91818
0.9186
0.9278
0.92563
0.92472
0.91752
0.91301
0.91297
0.91263
0.91217
0.91051
0.91233
0.91531
0.9152
0.91345
0.90774
0.90688
0.90594
0.87105
0.83577
0.80935
0.83594
0.80261
0.78237
0.74899
0.75087
0.76062
0.73293
0.58655
0.50383
0.48168
0.37977
0.3021
0.3206
0.36227
0.403
0.53148
0.87619
0.88854
0.88575
0.87779
0.85265
0.82451
0.82541
0.83128
0.80584
0.78004
0.77554
0.78439
0.77141
0.80015
0.7978
0.77127
0.75715
0.80504
0.84383
0.84332
0.87351
0.88256
0.89032
0.89549
0.88024
0.84359
0.79917
0.79533
0.74186
0.7084
0.74054
0.86582
0.88937
0.89641
0.89879
0.90105
0.90084
0.9003
0.91203
0.91141
0.8993
0.8744
0.83203
0.80431
0.80628
0.791
0.77728
0.74751
0.73438
0.7149
0.66954
0.62829
0.51521
0.497
0.51106
0.59503
0.76081
0.85869
0.88359
0.89259
0.90958
0.91276
0.91823
0.92245
0.9139
0.9161
0.9151
0.91079
0.90651
0.91458
0.89922
0.78543
0.7461
0.70974
0.68906
0.68305
0.65582
0.60616
0.5846
0.58325
0.59583
0.6031
0.61248
0.60609
0.58228
0.59413
0.60413
0.59313
0.59992
0.65173
0.66711
0.66201
0.66123
0.64041
0.6232
0.62647
0.63498
0.63452
0.619
0.59246
0.56284
0.52259
0.50425
0.5028
0.50124
0.50171
0.50396
0.50287
0.47732
0.47495
0.50009
0.53924
0.58807
0.64928
0.72323
0.76471
0.75738
0.71293
0.66123
0.63099
0.60509
0.57198
0.57671
0.60526
0.65079
0.70389
0.74132
0.81817
0.80607
0.85159
0.80511
0.76808
0.67297
0.67797
0.76825
0.80853
0.82587
0.82015
0.79804
0.77713
0.78267
0.81846
0.75524
0.52714
0.44661
0.56209
0.77792
0.81467
0.8208
0.82381
0.82918
0.83512
0.835
0.82815
0.82921
0.83413
0.84711
0.86052
0.87774
0.8916
0.89043
0.87455
0.86336
0.84668
0.82967
0.82361
0.82455
0.83857
0.8406
0.83299
0.78469
0.80012
0.82524
0.83407
0.8354
0.82615
0.81276
0.80561
0.75125
0.67611
0.61714
0.59868
0.63603
0.69333
0.73823
0.77462
0.78023
0.77643
0.79554
0.80373
0.78362
0.7913
0.79337
0.7897
0.78675
0.78098
0.77599
0.77181
0.77369
0.7718
0.76478
0.75616
0.77053
0.75941
0.72317
0.70263
0.69194
0.67581
0.71758
0.74635
0.76032
0.74471
0.77228
0.74942
0.73939
0.68133
0.66525
0.66374
0.64425
0.60258
0.57312
0.57958
0.56874
0.55473
0.53393
0.51577
0.49712
0.49903
0.48038
0.4636
0.45316
0.44678
0.42831
0.37915
0.37765
0.39049
0.7838
0.7892
0.79711
0.80135
0.80631
0.81003
0.81144
0.79791
0.79678
0.79021
0.77607
0.76497
0.73314
0.69803
0.66014
0.64658
0.61732
0.5748
0.53011
0.50534
0.494
0.47688
0.44468
0.39541
0.38412
0.37464
0.37714
0.38535
0.38947
0.37735
0.37422
0.38394
0.37273
0.39382
0.4576
0.55011
0.74234
0.80039
0.8195
0.82146
0.82172
0.82936
0.84732
0.86277
0.86729
0.86296
0.86071
0.86805
0.87171
0.87373
0.8778
0.87633
0.87501
0.86678
0.8601
0.83457
0.83013
0.83581
0.83619
0.83754
0.83954
0.84044
0.84006
0.84082
0.83316
0.82177
0.80035
0.76298
0.75027
0.73858
0.66953
0.63465
0.63867
0.62232
0.58115
0.57889
0.56647
0.52496
0.47374
0.47498
0.49671
0.51954
0.61498
0.76924
0.76897
0.77975
0.76852
0.77341
0.76288
0.75403
0.74441
0.70349
0.6758
0.59651
0.54284
0.52882
0.49453
0.45798
0.45223
0.45914
0.46896
0.46743
0.46936
0.49406
0.52825
0.56486
0.60285
0.74994
0.74729
0.7475
0.71455
0.66228
0.66046
0.65959
0.65278
0.66013
0.69929
0.73659
0.69087
0.73373
0.73054
0.73787
0.7523
0.75396
0.67304
0.63238
0.62734
0.63792
0.57676
0.61009
0.63227
0.7089
0.78823
0.78518
0.78712
0.78934
0.78609
0.78669
0.80535
0.77951
0.69449
0.69727
0.69561
0.66097
0.56337
0.5577
0.49977
0.49146
0.61004
0.75225
0.77505
0.784
0.7923
0.80109
0.80654
0.8109
0.81407
0.81908
0.82118
0.81388
0.81151
0.81683
0.81257
0.81029
0.81699
0.82002
0.79711
0.78512
0.77048
0.74987
0.72049
0.70235
0.68704
0.64747
0.65709
0.6876
0.73022
0.7939
0.81266
0.83764
0.86294
0.8669
0.85929
0.84346
0.81186
0.79442
0.78861
0.77421
0.75173
0.69606
0.62291
0.58585
0.58467
0.63824
0.70523
0.69694
0.73454
0.71311
0.73427
0.73763
0.74792
0.75865
0.74541
0.74952
0.74581
0.73546
0.73462
0.73298
0.73166
0.73528
0.72704
0.70227
0.68108
0.68798
0.6846
0.67032
0.68294
0.65751
0.61328
0.57384
0.61642
0.69647
0.73353
0.74559
0.74574
0.76618
0.76702
0.75887
0.77128
0.69552
0.52397
0.43396
0.4177
0.50879
0.51866
0.50636
0.48667
0.47452
0.46984
0.44628
0.38351
0.3029
0.3068
0.31564
0.32703
0.40058
0.59913
0.54088
0.50772
0.71198
0.83377
0.85837
0.88296
0.87063
0.87279
0.87146
0.79401
0.75891
0.79391
0.81807
0.83229
0.85863
0.76908
0.66573
0.75825
0.87212
0.86838
0.88535
0.89633
0.89178
0.88564
0.87636
0.86832
0.86047
0.87051
0.85594
0.60423
0.80348
0.64259
0.54694
0.78129
0.68879
0.69443
0.66524
0.68218
0.7412
0.82238
0.83509
0.85876
0.885
0.61055
0.52514
0.49111
0.53779
0.64191
0.66405
0.73257
0.68152
0.66945
0.63021
0.58232
0.5291
0.54126
0.57745
0.66192
0.69023
0.69249
0.6636
0.78506
0.81082
0.82186
0.82267
0.8214
0.81889
0.8126
0.81005
0.8062
0.8002
0.7955
0.79023
0.78811
0.7789
0.73208
0.73486
0.70689
0.68297
0.67506
0.64781
0.65936
0.66373
0.68722
0.66523
0.66494
0.6885
0.71612
0.76433
0.8019
0.70808
0.76701
0.76293
0.76097
0.73602
0.66611
0.65356
0.70332
0.75616
0.70186
0.78769
0.78181
0.78956
0.68066
0.6477
0.58734
0.47818
0.47665
0.45584
0.43023
0.44103
0.75914
0.73597
0.77513
0.79477
0.79719
0.79426
0.79504
0.80322
0.80034
0.81567
0.81735
0.82719
0.84691
0.83538
0.8247
0.79407
0.79735
0.79781
0.78514
0.73568
0.68279
0.72732
0.66826
0.58624
0.80176
0.84794
0.88832
0.89366
0.88826
0.88334
0.86111
0.83538
0.81145
0.81547
0.8185
0.81896
0.81776
0.81118
0.80846
0.80801
0.80607
0.8008
0.80716
0.80494
0.80867
0.81035
0.80952
0.80727
0.7996
0.78601
0.76458
0.74901
0.68632
0.58748
0.5687
0.61889
0.64095
0.6194
0.57247
0.57886
0.68664
0.70556
0.7373
0.74818
0.7572
0.7551
0.74822
0.73974
0.73401
0.72618
0.71354
0.68951
0.66885
0.65135
0.63868
0.64389
0.64447
0.63175
0.6203
0.56761
0.50237
0.38404
0.31175
0.30583
0.30003
0.30645
0.31623
0.57003
0.67851
0.72819
0.63694
0.74257
0.72982
0.69982
0.6825
0.68311
0.67134
0.65926
0.65812
0.64002
0.60721
0.56669
0.54109
0.51966
0.48049
0.45734
0.46145
0.4288
0.46481
0.45627
0.41698
0.39139
0.40344
0.43173
0.46454
0.48162
0.62277
0.70289
0.76305
0.76378
0.7726
0.80969
0.81978
0.8189
0.81813
0.8301
0.84285
0.86133
0.86702
0.8697
0.86374
0.84265
0.81771
0.80156
0.79717
0.81843
0.82342
0.81281
0.80281
0.80011
0.79405
0.77943
0.74095
0.71265
0.67547
0.64762
0.59188
0.54681
0.56754
0.58254
0.56407
0.68895
0.72618
0.64509
0.58034
0.5631
0.55753
0.554
0.52306
0.56056
0.66558
0.67411
0.64064
0.59167
0.59796
0.68391
0.62166
0.61241
0.58761
0.76535
0.78943
0.79502
0.7983
0.76503
0.66417
0.56345
0.54537
0.48069
0.44977
0.41991
0.40138
0.42947
0.4689
0.50076
0.56007
0.60069
0.64102
0.61755
0.5938
0.57533
0.55239
0.54978
0.53965
0.53956
0.56399
0.58582
0.64506
0.68015
0.71106
0.72787
0.7069
0.71269
0.71569
0.71945
0.71289
0.71525
0.71343
0.7162
0.70101
0.69561
0.68948
0.68431
0.67736
0.67657
0.6815
0.68013
0.66119
0.63903
0.63789
0.64914
0.65003
0.65339
0.6573
0.67753
0.67087
0.64189
0.60926
0.59177
0.59256
0.57035
0.55599
0.56476
0.56743
0.56142
0.53276
0.52041
0.50268
0.51704
0.59968
0.61696
0.58358
0.5956
0.61224
0.58616
0.56105
0.52313
0.48251
0.4884
0.53195
0.59304
0.59523
0.59938
0.59266
0.56356
0.53983
0.52892
0.53753
0.5258
0.52414
0.52455
0.50456
0.45571
0.40356
0.38073
0.31909
0.33174
0.33591
0.29687
0.30861
0.33194
0.30808
0.30653
0.32157
0.32659
0.30726
0.29922
0.28652
0.29753
0.28614
0.29255
0.31673
0.35422
0.39651
0.42605
0.4409
0.47596
0.51193
0.52497
0.55123
0.58704
0.61182
0.63552
0.62793
0.64346
0.66828
0.67068
0.66836
0.64872
0.61648
0.62528
0.61133
0.60271
0.60299
0.61699
0.63153
0.64416
0.64464
0.62069
0.57325
0.53989
0.57475
0.6537
0.66813
0.67518
0.69006
0.70043
0.70736
0.69828
0.69293
0.68699
0.6789
0.67214
0.66446
0.66051
0.67144
0.61111
0.58904
0.59425
