0.46784
0.46724
0.46803
0.46623
0.46728
0.47064
0.47036
0.4689
0.46769
0.47095
0.49236
0.48169
0.48265
0.47422
0.47625
0.46416
0.41144
0.3845
0.41482
0.43251
0.4693
0.50186
0.50157
0.42751
0.3282
0.49122
0.51625
0.52486
0.5165
0.50527
0.48596
0.48354
0.48558
0.4782
0.47861
0.5209
0.55142
0.57021
0.57571
0.56157
0.55208
0.55009
0.53548
0.52234
0.49486
0.47633
0.48657
0.47846
0.45918
0.42263
0.4088
0.41548
0.41471
0.41775
0.4124
0.42627
0.42209
0.45348
0.53023
0.5832
0.61177
0.75895
0.73898
0.7394
0.75311
0.74195
0.70634
0.74116
0.73892
0.73666
0.73109
0.7151
0.63346
0.63226
0.62846
0.61825
0.57916
0.56331
0.57764
0.58874
0.56128
0.51964
0.49855
0.50508
0.51541
0.52485
0.51696
0.52346
0.53482
0.53869
0.55575
0.57388
0.59844
0.62588
0.63903
0.63519
0.62209
0.61516
0.60104
0.5703
0.56359
0.53701
0.47743
0.4516
0.46199
0.46393
0.53016
0.55696
0.58831
0.72514
0.76246
0.75443
0.74358
0.73369
0.73459
0.73116
0.75219
0.79322
0.81263
0.82692
0.83189
0.83194
0.8227
0.77533
0.56695
0.53438
0.52393
0.55143
0.58084
0.58367
0.62271
0.62696
0.66387
0.67654
0.68617
0.6883
0.6959
0.67584
0.63502
0.60654
0.56814
0.56982
0.56005
0.56361
0.58242
0.61523
0.62707
0.6355
0.58061
0.61342
0.7254
0.72404
0.72046
0.73147
0.73086
0.71241
0.69365
0.672
0.66965
0.64372
0.6315
0.63109
0.62301
0.60943
0.58964
0.6066
0.60071
0.61069
0.65779
0.69881
0.68765
0.69324
0.69871
0.70383
0.70795
0.67718
0.56768
0.55445
0.78605
0.80264
0.79564
0.76652
0.75643
0.77834
0.78953
0.78958
0.76701
0.76976
0.77348
0.73629
0.71416
0.71235
0.71422
0.71307
0.71877
0.71481
0.68748
0.72838
0.74378
0.77475
0.7987
0.81987
0.83792
0.85067
0.8523
0.84299
0.83489
0.83917
0.855
0.84715
0.83456
0.82748
0.82329
0.82367
0.83687
0.84861
0.8553
0.86346
0.86001
0.85688
0.83491
0.80651
0.79187
0.77963
0.78904
0.78814
0.77903
0.76534
0.74956
0.73261
0.70509
0.71002
0.62621
0.63949
0.62144
0.52608
0.4729
0.44088
0.38981
0.44158
0.53439
0.78846
0.79414
0.78934
0.80676
0.79877
0.75512
0.74488
0.74393
0.73624
0.7377
0.74086
0.74178
0.74396
0.74119
0.71029
0.70361
0.69122
0.68707
0.68213
0.68276
0.70922
0.72808
0.73504
0.73878
0.74396
0.74882
0.75665
0.76002
0.76082
0.75844
0.75223
0.76186
0.77578
0.79505
0.81215
0.81917
0.83064
0.83754
0.83832
0.84084
0.81076
0.77129
0.75116
0.74486
0.74034
0.7416
0.75009
0.75783
0.75505
0.74189
0.73351
0.72274
0.71656
0.70867
0.70399
0.70217
0.68939
0.68862
0.68026
0.68217
0.65772
0.55245
0.51885
0.55372
0.64494
0.62903
0.61515
0.60806
0.5845
0.59577
0.62459
0.65114
0.66483
0.67082
0.67445
0.66903
0.65793
0.66301
0.62533
0.61583
0.63358
0.55694
0.51372
0.50946
0.47345
0.42677
0.42858
0.46077
0.47336
0.48263
0.51891
0.61011
0.72473
0.69671
0.61436
0.58919
0.65544
0.67566
0.6588
0.6165
0.59428
0.53422
0.49919
0.44514
0.35426
0.29753
0.72278
0.79927
0.87285
0.88385
0.88598
0.8784
0.86763
0.86012
0.85343
0.8472
0.84683
0.83451
0.82718
0.82448
0.81548
0.8217
0.82499
0.80011
0.79298
0.78454
0.77043
0.74217
0.72919
0.69355
0.75323
0.64216
0.61312
0.58267
0.57227
0.559
0.5154
0.50623
0.5233
0.52749
0.58761
0.71629
0.72245
0.73163
0.73015
0.73027
0.72432
0.71806
0.70948
0.59277
0.51774
0.4448
0.49638
0.79749
0.84659
0.86327
0.87262
0.88345
0.90314
0.91177
0.8958
0.85618
0.82432
0.797
0.79095
0.79203
0.79325
0.79911
0.79891
0.79875
0.78571
0.77591
0.7652
0.76367
0.76133
0.76238
0.75903
0.75609
0.75951
0.76492
0.76679
0.76084
0.74454
0.76384
0.7662
0.76507
0.75589
0.76402
0.75103
0.62928
0.59005
0.50875
0.80866
0.84327
0.8056
0.87568
0.91129
0.9089
0.90493
0.90218
0.89706
0.88438
0.87971
0.88091
0.87527
0.86199
0.85684
0.84968
0.84055
0.84412
0.84999
0.85263
0.85623
0.83304
0.83821
0.84719
0.87103
0.87119
0.85982
0.85564
0.85238
0.84456
0.84288
0.83563
0.8304
0.78338
0.79927
0.79928
0.81708
0.69357
0.80661
0.85304
0.86947
0.87496
0.87791
0.87421
0.87275
0.87201
0.87764
0.89044
0.90318
0.89549
0.88742
0.85443
0.81597
0.80604
0.80147
0.79587
0.76881
0.75329
0.74782
0.73953
0.73068
0.73549
0.75441
0.75767
0.7587
0.7573
0.74888
0.76262
0.61085
0.49047
0.77963
0.82793
0.83493
0.82568
0.81669
0.8119
0.81174
0.81641
0.83195
0.83981
0.84489
0.85809
0.86957
0.88466
0.90956
0.91389
0.90015
0.89626
0.89437
0.89171
0.88497
0.86677
0.86265
0.60484
0.55333
0.79753
0.88264
0.86787
0.84925
0.84232
0.83627
0.80399
0.78645
0.7711
0.74223
0.63845
0.65926
0.75116
0.81831
0.81062
0.80434
0.79692
0.81273
0.83672
0.79435
0.783
0.77569
0.77823
0.70809
0.65251
0.58278
0.50579
0.43031
0.37048
0.34987
0.30531
0.27385
0.24152
0.21119
0.20654
0.15208
0.091872
0.063297
0.078878
0.14015
0.17701
0.23738
0.3511
0.5585
0.69461
0.8104
0.8134
0.82101
0.89536
0.90144
0.9011
0.89268
0.8804
0.84273
0.83472
0.8242
0.81662
0.80466
0.79353
0.7636
0.67701
0.63797
0.56782
0.51987
0.48089
0.46447
0.4338
0.42058
0.39266
0.38497
0.34647
0.35293
0.36579
0.38489
0.40908
0.42327
0.4509
0.45103
0.45427
0.46819
0.51303
0.5987
0.79193
0.79446
0.79197
0.79281
0.79304
0.7909
0.78987
0.78987
0.7839
0.77626
0.77784
0.78301
0.77665
0.76181
0.73086
0.69878
0.68649
0.73428
0.74033
0.71637
0.65661
0.65128
0.64247
0.64284
0.64845
0.64218
0.65439
0.6733
0.67704
0.65337
0.65101
0.64959
0.65074
0.65712
0.69579
0.69461
0.69279
0.68377
0.68329
0.68631
0.68702
0.68756
0.6565
0.59535
0.61489
0.64562
0.64936
0.71317
0.62542
0.57274
0.4934
0.4722
0.50737
0.5433
0.64213
0.6737
0.7059
0.62187
0.82151
0.83609
0.81011
0.83914
0.79306
0.78387
0.75812
0.75821
0.76873
0.76697
0.74664
0.66357
0.76414
0.76024
0.75578
0.81324
0.8416
0.8469
0.84187
0.82848
0.79699
0.77509
0.75403
0.75827
0.7895
0.80869
0.80346
0.74574
0.68605
0.77221
0.8048
0.8055
0.82086
0.79517
0.78187
0.74805
0.70936
0.62045
0.67297
0.61702
0.5456
0.50592
0.43608
0.39689
0.3186
0.30289
0.31758
0.35387
0.38358
0.47539
0.48646
0.42003
0.41856
0.47775
0.80082
0.80823
0.46808
0.49435
0.50576
0.56193
0.53616
0.82587
0.83244
0.83118
0.83472
0.83668
0.83658
0.84027
0.84259
0.84342
0.84223
0.84515
0.85049
0.85597
0.84713
0.83483
0.83054
0.82818
0.81725
0.8133
0.80502
0.80154
0.78625
0.73969
0.70582
0.68113
0.67976
0.68291
0.70113
0.72339
0.73081
0.7169
0.71337
0.71975
0.71598
0.69823
0.6772
0.66061
0.63807
0.6202
0.63602
0.65545
0.64826
0.62886
0.5735
0.51853
0.47512
0.45178
0.42436
0.42216
0.45679
0.48678
0.49668
0.47587
0.43977
0.38315
0.34778
0.29098
0.19214
0.17855
0.19547
0.30265
0.28255
0.37537
0.55955
0.64548
0.69774
0.70545
0.72991
0.79386
0.80856
0.81601
0.80589
0.80768
0.81681
0.81883
0.82821
0.82566
0.82236
0.82132
0.82268
0.82161
0.81711
0.79812
0.77019
0.76309
0.76418
0.73731
0.70886
0.67691
0.68138
0.68313
0.67518
0.71576
0.74423
0.7149
0.74307
0.74477
0.74947
0.74256
0.72094
0.66566
0.62184
0.73646
0.75923
0.74828
0.75095
0.70166
0.6822
0.66416
0.72584
0.78325
0.75754
0.65938
0.65446
0.69345
0.52749
0.51206
0.54051
0.54017
0.52838
0.51052
0.47884
0.48452
0.52355
0.49459
0.42083
0.43954
0.50936
0.5828
0.65714
0.64827
0.57264
0.49984
0.47932
0.49876
0.53576
0.57175
0.56635
0.57873
0.71097
0.79814
0.86696
0.91246
0.92058
0.91115
0.93036
0.93058
0.93111
0.91079
0.9004
0.9012
0.88968
0.88214
0.87238
0.86089
0.85035
0.81761
0.8244
0.82076
0.83644
0.802
0.80431
0.81079
0.81405
0.80411
0.77777
0.77633
0.76688
0.75343
0.75189
0.75633
0.74263
0.73834
0.7423
0.75099
0.74376
0.73215
0.68172
0.6681
0.64978
0.61495
0.60551
0.58785
0.57316
0.56749
0.54349
0.51977
0.51522
0.49477
0.49917
0.47972
0.48621
0.48432
0.48966
0.505
0.5272
0.54044
0.52595
0.50536
0.46622
0.45158
0.41928
0.40505
0.42684
0.50425
0.47281
0.4451
0.40504
0.46022
0.485
0.51248
0.5026
0.54267
0.63438
0.64856
0.66602
0.71992
0.73473
0.70429
0.80937
0.78608
0.77489
0.70375
0.65487
0.62801
0.56652
0.53407
0.4901
0.46928
0.51659
0.77302
0.87644
0.64069
0.59399
0.62687
0.69272
0.73982
0.72161
0.67659
0.59085
0.51869
0.49803
0.52423
0.55238
0.55838
0.57892
0.59183
0.60785
0.5962
0.58496
0.60657
0.58831
0.57148
0.59162
0.64103
0.69226
0.49493
0.38329
0.49718
0.725
0.85997
0.87601
0.88307
0.88814
0.86332
0.85128
0.85154
0.8718
0.86554
0.87305
0.76444
0.67647
0.62599
0.60856
0.66901
0.69699
0.71103
0.71995
0.71815
0.72877
0.71667
0.74948
0.82041
0.85702
0.8753
0.87317
0.85387
0.69988
0.73083
0.80937
0.84382
0.84592
0.83346
0.85493
0.74425
0.68876
0.65023
0.69564
0.82034
0.84532
0.84495
0.83727
0.74724
0.65856
0.62811
0.62749
0.66162
0.71287
0.75775
0.7923
0.77552
0.77678
0.78074
0.8027
0.8321
0.83523
0.84186
0.84786
0.73958
0.79578
0.7842
0.81993
0.85897
0.84601
0.83974
0.83199
0.8369
0.83035
0.82275
0.81833
0.82465
0.82712
0.82816
0.83972
0.83996
0.83623
0.84047
0.8449
0.83689
0.83189
0.83379
0.84754
0.85452
0.85721
0.85726
0.854
0.85742
0.85501
0.85699
0.86996
0.86063
0.82765
0.81174
0.81901
0.84985
0.88822
0.88732
0.90858
0.90986
0.90632
0.91353
0.92176
0.93447
0.94762
0.90254
0.81969
0.85604
0.84805
0.82307
0.79273
0.7629
0.75491
0.77734
0.76221
0.76324
0.76714
0.71401
0.69385
0.65245
0.66907
0.74361
0.77068
0.80518
0.82316
0.8166
0.80728
0.79056
0.85374
0.87025
0.87216
0.8832
0.93148
0.93231
0.89005
0.80068
0.84599
0.95291
0.95116
0.94052
0.95218
0.94044
0.92457
0.91525
0.91829
0.91737
0.91443
0.90165
0.90658
0.90914
0.91328
0.91906
0.86103
0.80524
0.8295
0.83045
0.85871
0.89577
0.92707
0.91935
0.89703
0.90157
0.91143
0.91207
0.8893
0.88917
0.88329
0.88072
0.83165
0.75317
0.76818
0.80962
0.83455
0.71017
0.63999
0.70901
0.80103
0.76909
0.73391
0.73399
0.85215
0.82366
0.79368
0.73435
0.76279
0.77407
0.72404
0.66656
0.65465
0.71824
0.69278
0.73505
0.73808
0.73889
0.73484
0.73743
0.69998
0.64223
0.66713
0.67315
0.72006
0.7808
0.88258
0.85311
0.8239
0.76054
0.6945
0.69848
0.72995
0.74937
0.78428
0.7934
0.80866
0.84136
0.88476
0.86676
0.7835
0.79215
0.76732
0.7445
0.73131
0.71454
0.74958
0.75189
0.75258
0.73881
0.71309
0.69221
0.68184
0.6722
0.67543
0.70476
0.74519
0.75412
0.75064
0.73349
0.69841
0.63861
0.6234
0.58229
0.59876
0.61749
0.6383
0.65976
0.64041
0.63373
0.62187
0.62491
0.62971
0.64597
0.64319
0.64764
0.63403
0.62303
0.6141
0.61833
0.6042
0.6027
0.6347
0.65904
0.65573
0.64973
0.61161
0.57228
0.56803
0.57079
0.64969
0.67104
0.6718
0.70101
0.68881
0.68402
0.70362
0.74514
0.82474
0.84609
0.85119
0.89302
0.91686
0.93404
0.8642
0.90076
0.90199
0.89502
0.87463
0.87069
0.80312
0.79373
0.8206
0.74418
0.72811
0.70999
0.76656
0.92325
0.85532
0.94138
0.92637
0.94625
0.9278
0.87244
0.98138
0.97215
0.96856
0.96582
0.95888
0.92592
0.96046
0.96826
0.96899
0.97256
0.97004
0.96796
0.96634
0.93426
0.89683
0.95734
0.96231
0.95971
0.96377
0.88887
0.93506
0.84966
0.86008
0.90433
0.92957
0.92339
0.90202
0.82877
0.82603
0.78598
0.78707
0.78674
0.88035
0.94049
0.94561
0.94846
0.94358
0.87532
0.74205
0.70496
0.78176
0.77717
0.79172
0.8536
0.91767
0.89418
0.88467
0.81025
0.83242
0.86661
0.89232
0.92732
0.7758
0.79902
0.80466
0.8494
0.85942
0.86464
0.85237
0.77626
0.76761
0.92594
0.73245
0.74279
0.80497
0.84689
0.88079
0.96465
0.99978
0.95922
0.92964
0.88489
0.87877
0.81974
0.86276
0.98255
0.99985
1.0005
0.88449
0.81152
0.80674
0.81358
0.85959
0.82964
0.85904
0.86558
0.87527
0.80925
0.73815
0.67958
0.7797
0.79537
0.81051
0.85205
0.93205
0.98197
0.93208
0.95263
0.9047
0.94562
0.8639
0.84053
0.76669
0.73675
0.7036
0.79992
0.95556
0.9347
0.96573
0.94535
0.90488
0.87043
0.81233
0.79775
0.86219
0.83701
0.83658
0.7999
0.82093
0.89521
0.88205
0.88043
0.8765
0.8278
0.92862
0.89388
0.88581
0.87107
0.87606
0.85157
0.82097
0.9646
0.91571
0.93763
0.95031
0.95572
0.87554
0.81867
0.8192
0.77115
0.80814
0.85903
0.816
0.80095
0.84628
0.80177
0.79679
0.84016
0.89108
0.95439
0.8779
0.89277
0.90763
0.99402
0.91824
0.94504
0.95118
0.80976
0.98679
0.93031
0.92385
0.92038
0.84398
0.77461
0.69092
0.68588
0.71306
0.76045
0.807
0.85567
0.90397
0.90939
0.94359
0.88462
0.8822
0.9058
0.89626
0.8798
0.88952
0.88321
0.89477
0.96726
0.95359
0.95608
0.96671
0.91445
0.87453
0.93154
0.90004
0.89155
0.85942
0.89729
0.92124
0.94886
0.78461
0.69673
0.77194
0.80309
0.82318
0.83645
0.88971
0.95965
0.99351
0.97083
0.9348
0.9266
0.90966
0.91325
0.90537
0.91302
0.86218
0.74246
0.67066
0.74816
0.77045
0.74277
0.77461
0.7677
0.81464
0.9309
0.92859
0.89976
0.98528
0.92088
0.92313
0.8913
0.96044
0.93005
0.88542
0.95473
0.92896
0.956
0.95849
0.95954
0.94483
0.94019
0.93225
0.95126
0.94637
0.93445
0.92543
0.96141
0.96714
0.96275
0.94851
0.94311
0.9545
0.96216
0.95464
0.96771
0.96572
0.96874
0.95002
0.94222
0.95272
0.92052
0.91298
0.9203
0.92925
0.94531
0.9548
0.95156
0.94482
0.94497
0.9529
0.95283
0.94344
0.93002
0.91425
0.9284
0.92154
0.76753
0.7611
0.79908
0.8109
0.81779
0.7917
0.79872
0.80042
0.86902
0.94324
0.9642
0.91433
0.91391
0.91232
0.92033
0.94417
0.95478
0.95641
0.95233
0.9562
0.95959
0.97003
0.98847
0.99017
0.98934
0.97276
0.92915
0.78219
0.91266
0.983
0.94632
0.8192
0.79629
0.81441
0.81596
0.83013
0.98061
0.99963
0.80686
0.89954
0.87626
0.86783
0.89939
0.97763
0.98259
0.99051
0.99263
0.98467
0.97664
0.95835
0.9635
0.97096
0.98696
0.9959
0.99978
0.99706
0.82489
0.73331
0.68942
0.66476
0.63859
0.67144
0.74418
0.78925
0.80648
0.85374
0.81369
0.74654
0.84935
0.86459
0.86065
0.83604
0.78136
0.79256
0.86747
0.88863
0.85987
0.84892
0.85619
0.85616
0.84371
0.98447
0.99655
0.99914
0.99254
0.99831
1.0002
0.99524
0.99188
0.99942
0.99809
0.99661
0.99908
0.98526
0.99343
0.99412
0.98485
0.97443
0.92325
0.87064
0.86103
0.86157
0.83577
0.84306
0.83977
0.85481
0.83937
0.85042
0.84888
0.84802
0.83744
0.82425
0.81006
0.7411
0.75443
0.89646
0.92054
0.92938
0.97701
0.96583
0.93627
0.91926
0.96164
0.90581
0.91486
0.92322
0.9413
0.97639
0.96786
0.97151
0.961
0.89406
0.90715
0.86613
0.84119
0.8088
0.79911
0.92521
0.96963
0.98426
0.95967
0.95924
0.96669
0.98241
0.97759
0.98586
0.98587
0.96837
0.95236
0.95101
0.95544
0.92601
0.87517
0.85558
0.8432
0.82471
0.79178
0.76058
0.77638
0.78458
0.80123
0.82616
0.85234
0.94237
0.96772
0.95606
0.9607
0.94661
0.94123
0.96729
0.97058
0.96415
0.96599
0.95698
0.95372
0.93694
0.85513
0.89195
0.85868
0.83393
0.80731
0.80202
0.78208
0.77638
0.74672
0.70587
0.68034
0.70728
0.76514
0.80247
0.82347
0.80057
0.78199
0.72111
0.69226
0.66764
0.61251
0.59379
0.6128
0.65437
0.65988
0.63384
0.58436
0.52301
0.49965
0.51072
0.56467
0.61925
0.61746
0.58234
0.5436
0.54644
0.56846
0.61909
0.71168
0.7898
0.81445
0.80108
0.72983
0.65619
0.63023
0.58515
0.55391
0.59279
0.61064
0.60354
0.59876
0.60547
0.6265
0.6325
0.6395
0.63121
0.61308
0.5725
0.49228
0.42106
0.45909
0.49175
0.56422
0.61
0.62227
0.65651
0.68588
0.69572
0.70507
0.72381
0.76681
0.85355
0.87051
0.88393
0.89774
0.91152
0.89404
0.85949
0.83144
0.79939
0.78731
0.74868
0.74711
0.72954
0.73169
0.73418
0.75624
0.75188
0.72859
0.70413
0.70907
0.7438
0.81662
0.85083
0.83989
0.80603
0.82703
0.89421
0.85818
0.80411
0.74151
0.72139
0.73428
0.75949
0.76131
0.75475
0.77436
0.87309
0.84136
0.8109
0.80588
0.8269
0.84076
0.86956
0.79903
0.77859
0.77206
0.75244
0.75612
0.7613
0.75942
0.73206
0.75011
0.76381
0.743
0.73621
0.74379
0.73447
0.70718
0.69233
0.82858
0.86603
0.87513
0.89299
0.90784
0.90804
0.91319
0.90598
0.90873
0.91541
0.91618
0.92099
0.92547
0.92499
0.9239
0.92188
0.91776
0.89206
0.72615
0.69812
0.69339
0.71536
0.852
0.89313
0.89154
0.92136
0.93177
0.94822
0.94722
0.93621
0.93371
0.90732
0.86092
0.83357
0.78158
0.74833
0.73694
0.72894
0.71907
0.70796
0.68684
0.68484
0.69089
0.69547
0.70027
0.70696
0.70441
0.71906
0.75493
0.79814
0.79976
0.79751
0.72733
0.67345
0.64224
0.64874
0.69508
0.83527
0.89301
0.89757
0.91287
0.92378
0.92998
0.93395
0.91785
0.91615
0.92413
0.92359
0.92719
0.92948
0.92687
0.92309
0.92323
0.92688
0.93142
0.931
0.93374
0.9281
0.91885
0.91334
0.90568
0.90239
0.90267
0.88766
0.84435
0.78687
0.74484
0.7366
0.72904
0.70879
0.6718
0.64479
0.80165
0.89456
0.89452
0.89251
0.88017
0.88727
0.89212
0.89534
0.89577
0.88529
0.86602
0.8175
0.74565
0.68693
0.72942
0.8462
0.88651
0.89419
0.89839
0.90199
0.88808
0.89023
0.83942
0.71738
0.63624
0.59589
0.53375
0.4757
0.45042
0.42524
0.41527
0.4133
0.42373
0.89617
0.91488
0.91599
0.91732
0.92285
0.91948
0.91861
0.92112
0.91297
0.8897
0.88439
0.86976
0.86082
0.86533
0.87442
0.88614
0.89174
0.88702
0.88461
0.8782
0.87256
0.87611
0.88204
0.88789
0.8706
0.87311
0.87642
0.87565
0.87775
0.88072
0.88522
0.86933
0.86398
0.86198
0.85937
0.84968
0.86131
0.87242
0.88901
0.90916
0.91541
0.90662
0.8014
0.70156
0.65096
0.63258
0.63125
0.62813
0.62827
0.61601
0.59991
0.57932
0.58785
0.59507
0.64932
0.7646
0.80773
0.83488
0.81842
0.77117
0.7728
0.78037
0.77725
0.75059
0.7374
0.72431
0.69053
0.62984
0.60324
0.64738
0.67518
0.71635
0.76489
0.84991
0.84759
0.85685
0.81148
0.68644
0.68536
0.90977
0.91237
0.90533
0.8901
0.88305
0.8588
0.72208
0.69475
0.68691
0.69703
0.6952
0.68109
0.67218
0.64688
0.64485
0.63264
0.5781
0.54491
0.55851
0.53303
0.54062
0.53396
0.53024
0.52177
0.52285
0.51536
0.50527
0.49193
0.49924
0.50127
0.51422
0.52677
0.51664
0.50529
0.48272
0.47688
0.45625
0.43729
0.42357
0.47122
0.58806
0.56263
0.54232
0.52781
0.52478
0.52116
0.51207
0.5046
0.50858
0.51823
0.52888
0.56744
0.59987
0.61166
0.62082
0.61146
0.59306
0.57357
0.55485
0.52876
0.50091
0.48948
0.49557
0.50112
0.51403
0.52678
0.52982
0.51374
0.50704
0.5399
0.54626
0.54981
0.548
0.54855
0.53675
0.5327
0.56992
0.58367
0.56321
0.55764
0.58289
0.58921
0.61132
0.63024
0.64442
0.66353
0.6799
0.72176
0.75445
0.77277
0.78596
0.79593
0.7902
0.79804
0.76533
0.78462
0.79506
0.80534
0.81284
0.81862
0.81871
0.81882
0.825
0.8097
0.7962
0.79087
0.77067
0.75552
0.73888
0.72781
0.66818
0.607
0.56114
0.50903
0.4628
0.44317
0.43139
0.40701
0.51622
0.68888
0.77778
0.82166
0.84585
0.85883
0.85323
0.84588
0.84087
0.84054
0.84354
0.84819
0.85051
0.84645
0.84225
0.83257
0.81107
0.79169
0.78216
0.79059
0.78826
0.77378
0.76592
0.75948
0.7499
0.73125
0.70272
0.68884
0.67403
0.64957
0.63708
0.62472
0.60642
0.59046
0.55686
0.54179
0.54924
0.56878
0.60952
0.62572
0.70665
0.72424
0.75519
0.75428
0.75021
0.73979
0.7578
0.77186
0.7716
0.73971
0.74003
0.75372
0.77529
0.78945
0.79865
0.80772
0.81115
0.8159
0.81524
0.81925
0.81838
0.8151
0.81862
0.82332
0.82045
0.81989
0.82223
0.81992
0.81428
0.81881
0.82409
0.82851
0.82799
0.83427
0.83828
0.84039
0.8389
0.83528
0.83547
0.83737
0.84191
0.8396
0.84229
0.84145
0.84654
0.85145
0.84809
0.83327
0.80593
0.78676
0.75426
0.72313
0.69342
0.66088
0.72999
0.75902
0.75801
0.77054
0.7676
0.76848
0.77215
0.75862
0.7725
0.77063
0.76086
0.77248
0.76674
0.76918
0.78854
0.79905
0.81772
0.82602
0.819
0.80742
0.80845
0.65442
0.79309
0.82214
0.83828
0.82596
0.83669
0.86222
0.87045
0.88022
0.88469
0.88892
0.89113
0.89261
0.89166
0.89273
0.89284
0.88739
0.87903
0.8724
0.85991
0.85639
0.86393
0.86865
0.87296
0.86877
0.86706
0.73968
0.64427
0.5544
0.49904
0.47308
0.46232
0.45965
0.46396
0.47747
0.45776
0.46335
0.46231
0.51259
0.60305
0.58545
0.56493
0.50319
0.48832
0.55237
0.59504
0.63611
0.84635
0.87862
0.88681
0.89275
0.87761
0.87362
0.87176
0.8703
0.87061
0.86949
0.82682
0.78403
0.74159
0.696
0.69811
0.69301
0.72479
0.79806
0.81797
0.82189
0.77476
0.73973
0.80397
0.79448
0.72622
0.64839
0.60776
0.57718
0.61013
0.6632
0.69755
0.72547
0.73486
0.71539
0.71578
0.73716
0.77197
0.82635
0.77079
0.78705
0.7851
0.76834
0.76169
0.75535
0.7285
0.72352
0.73776
0.72217
0.70206
0.58551
0.56407
0.60604
0.63342
0.64439
0.64524
0.64211
0.6485
0.6595
0.68668
0.6524
0.60507
0.58251
0.59377
0.60132
0.59524
0.59308
0.57573
0.58587
0.63956
0.63643
0.81791
0.6451
0.62286
0.59375
0.60825
0.5805
0.80719
0.70841
0.593
0.60712
0.61553
0.59741
0.57393
0.56654
0.57472
0.58199
0.60769
0.69059
0.72943
0.77459
0.74579
0.76807
0.76815
0.7181
0.73303
0.74474
0.75657
0.76471
0.77439
0.7812
0.78273
0.78243
0.78983
0.79395
0.79418
0.78608
0.75011
0.72848
0.69626
0.6776
0.57837
0.54703
0.51816
0.5142
0.48632
0.51371
0.50812
0.42414
0.37831
0.28851
0.28782
0.3058
0.36124
0.414
0.48467
0.55492
0.60145
0.64452
0.7145
0.79458
0.7673
0.76992
0.77703
0.78196
0.7946
0.78027
0.7779
0.75681
0.69285
0.64804
0.60048
0.57398
0.55999
0.6021
0.62156
0.63372
0.64198
0.62977
0.61974
0.58483
0.62887
0.67871
0.74837
0.81997
0.79974
0.81882
0.81221
0.80135
0.81719
0.81601
0.81503
0.81574
0.81192
0.80186
0.81334
0.82226
0.82398
0.82038
0.816
0.81302
0.8008
0.74387
0.72646
0.71229
0.69422
0.59348
0.57129
0.52902
0.51286
0.55017
0.55154
0.57117
0.58351
0.58925
0.71424
0.67736
0.67959
0.68923
0.73074
0.73397
0.73347
0.73739
0.79018
0.72226
0.7395
0.66405
0.54935
0.43071
0.35624
0.36302
0.47759
0.4998
0.42882
0.35669
0.42358
0.46097
0.64742
0.6738
0.75125
0.81485
0.83116
0.855
0.87664
0.87405
0.85416
0.84064
0.82391
0.81443
0.81272
0.78317
0.60284
0.66741
0.70912
0.80946
0.74385
0.85348
0.90024
0.90811
0.90956
0.88885
0.88239
0.88008
0.87968
0.88356
0.88431
0.8782
0.86297
0.83973
0.83854
0.83652
0.81925
0.80233
0.82051
0.83307
0.82845
0.80614
0.82612
0.82104
0.80466
0.71325
0.72822
0.77596
0.72309
0.67081
0.63811
0.62135
0.59908
0.57885
0.56208
0.58169
0.74487
0.76925
0.7835
0.78028
0.70588
0.63923
0.52038
0.47947
0.39872
0.44405
0.52186
0.53161
0.81792
0.87355
0.89856
0.90109
0.89605
0.90398
0.90474
0.91316
0.89707
0.89155
0.88213
0.87479
0.86178
0.84799
0.86223
0.82534
0.79026
0.85906
0.88973
0.92353
0.92516
0.88168
0.8752
0.8723
0.87222
0.8612
0.85687
0.84557
0.84372
0.82931
0.78718
0.6587
0.56126
0.51755
0.54313
0.57677
0.57929
0.60168
0.59881
0.58718
0.5035
0.63545
0.77859
0.80129
0.80427
0.82769
0.82613
0.8264
0.83454
0.83497
0.83982
0.83529
0.82949
0.72464
0.63251
0.58852
0.54052
0.51419
0.50633
0.5213
0.54718
0.60633
0.67251
0.71902
0.70894
0.74122
0.76651
0.77876
0.78349
0.79514
0.80192
0.80121
0.79075
0.78917
0.79067
0.80011
0.80714
0.77013
0.7592
0.68102
0.5984
0.58408
0.60418
0.59004
0.56817
0.6725
0.69659
0.6804
0.69287
0.69089
0.69693
0.70488
0.65258
0.67767
0.65991
0.65295
0.69928
0.7422
0.7665
0.70571
0.80712
0.78295
0.74999
0.7513
0.73612
0.64748
0.53135
0.56995
0.61884
0.78506
0.82153
0.87204
0.89016
0.79391
0.84072
0.67564
0.63987
0.58482
0.52073
0.55285
0.57495
0.57636
0.54797
0.54246
0.59371
0.66048
0.64164
0.60803
0.81529
0.82972
0.84406
0.8455
0.84394
0.84354
0.83835
0.83143
0.82765
0.82844
0.80344
0.67557
0.64764
0.60908
0.63614
0.79165
0.80622
0.81774
0.8225
0.82354
0.81921
0.78418
0.69785
0.60658
0.57756
0.50379
0.50346
0.56284
0.70757
0.75333
0.75909
0.75577
0.76547
0.76922
0.76863
0.75899
0.73897
0.72333
0.71264
0.71093
0.74306
0.75353
0.75625
0.75519
0.7537
0.7493
0.73423
0.71845
0.7098
0.70611
0.70177
0.53118
0.46502
0.4489
0.45771
0.47638
0.4774
0.51802
0.59584
0.65923
0.65855
0.66273
0.66085
0.65827
0.6547
0.64414
0.63854
0.60239
0.53258
0.51912
0.56314
0.55535
0.70826
0.70224
0.59851
0.57928
0.60925
0.57783
0.56776
0.62046
0.66093
0.57267
0.48384
0.59965
0.60732
0.61079
0.60654
0.59186
0.67101
0.77015
0.77698
0.6325
0.53575
0.51924
0.55161
0.61469
0.63297
0.58782
0.48887
0.3627
0.33549
0.59478
0.63752
0.61701
0.58394
0.53818
0.6002
0.75144
0.77151
0.79611
0.79659
0.61501
0.52764
0.50433
0.56376
0.60596
0.69707
0.75231
0.77544
0.56829
0.53657
0.54136
0.64759
0.76475
0.78297
0.77466
0.77467
0.7663
0.75784
0.73359
0.72326
0.71383
0.70872
0.70205
0.69452
0.64789
0.57466
0.52221
0.51663
0.51713
0.55102
0.54657
0.59972
0.62431
0.69205
0.6924
0.68773
0.65855
0.64438
0.61766
0.60698
0.64643
0.65179
0.64789
0.65739
0.648
0.64348
0.63309
0.63131
0.62286
0.63681
0.62885
0.62681
0.61972
0.61885
0.62165
0.62658
0.62933
0.62172
0.60849
0.58614
