0.8805
0.90833
0.91098
0.91638
0.92359
0.92158
0.89167
0.84386
0.81402
0.79202
0.78563
0.78327
0.78181
0.78248
0.77719
0.77369
0.77222
0.76917
0.76356
0.74708
0.75217
0.76551
0.79665
0.8156
0.8253
0.83918
0.84841
0.86452
0.87055
0.87141
0.87378
0.87721
0.87373
0.87393
0.85879
0.79754
0.78098
0.75419
0.64127
0.43832
0.31833
0.28529
0.25077
0.25753
0.26106
0.22982
0.20575
0.17843
0.1669
0.16661
0.18593
0.19072
0.20878
0.22589
0.23147
0.24691
0.25362
0.26908
0.29491
0.79048
0.84803
0.85567
0.86074
0.85987
0.83621
0.79855
0.76713
0.75765
0.76212
0.7718
0.77998
0.77611
0.77622
0.77253
0.71342
0.73741
0.78077
0.81123
0.82591
0.83565
0.83276
0.81228
0.80038
0.79228
0.78183
0.76432
0.75454
0.75779
0.76128
0.76828
0.77087
0.77579
0.77856
0.77883
0.63095
0.52093
0.465
0.42919
0.40984
0.39816
0.39103
0.38856
0.38121
0.37894
0.37591
0.36819
0.38875
0.40133
0.45667
0.56678
0.72241
0.73299
0.7436
0.72414
0.70785
0.71212
0.71208
0.70948
0.70665
0.70986
0.71025
0.71098
0.70672
0.70656
0.72013
0.74036
0.75042
0.74519
0.60028
0.63755
0.75383
0.77491
0.77608
0.77511
0.78672
0.79238
0.7922
0.7818
0.77633
0.78406
0.78727
0.78966
0.79081
0.78985
0.79175
0.78755
0.77703
0.63288
0.6596
0.70415
0.71043
0.71461
0.71709
0.72991
0.73498
0.73533
0.73466
0.71959
0.7119
0.72118
0.72398
0.72805
0.72331
0.71546
0.63221
0.52
0.48499
0.49277
0.53915
0.53892
0.48305
0.45076
0.45824
0.50958
0.56975
0.47876
0.42415
0.43264
0.48438
0.73771
0.71325
0.49595
0.80244
0.81453
0.81441
0.80653
0.79792
0.7935
0.78775
0.78745
0.78259
0.77886
0.77283
0.73362
0.68187
0.656
0.65497
0.74587
0.71296
0.74435
0.73392
0.68118
0.6348
0.79269
0.80456
0.8147
0.82306
0.82396
0.8263
0.82197
0.81236
0.78383
0.77047
0.76311
0.76128
0.75405
0.75093
0.75756
0.75929
0.75931
0.75708
0.74539
0.72893
0.73126
0.75176
0.75385
0.70199
0.69114
0.57129
0.66477
0.63369
0.56451
0.46358
0.5121
0.52766
0.51812
0.50299
0.5788
0.62377
0.62934
0.63698
0.65081
0.65101
0.64241
0.61729
0.61937
0.59993
0.56383
0.52664
0.52293
0.48487
0.49101
0.48664
0.49933
0.52378
0.52494
0.47862
0.45792
0.46438
0.49672
0.51103
0.52278
0.54747
0.52265
0.45595
0.42207
0.48658
0.56695
0.51788
0.49915
0.49166
0.48108
0.47335
0.46963
0.46991
0.47372
0.48285
0.4831
0.49001
0.50283
0.53688
0.55901
0.57357
0.57572
0.539
0.56777
0.6748
0.60367
0.70537
0.70354
0.71322
0.70266
0.68481
0.6824
0.67989
0.67147
0.67269
0.6718
0.68817
0.70639
0.68247
0.68378
0.66905
0.63734
0.60452
0.74432
0.72483
0.73744
0.72933
0.72697
0.74237
0.75559
0.77287
0.75854
0.81609
0.84393
0.85279
0.84472
0.65449
0.8413
0.84576
0.63004
0.53023
0.67106
0.52551
0.61976
0.58686
0.86319
0.86073
0.66208
0.51891
0.53203
0.55059
0.50857
0.48677
0.4689
0.47019
0.47237
0.55493
0.87696
0.85411
0.73334
0.85179
0.58933
0.52018
0.52322
0.53527
0.57924
0.58107
0.51475
0.49861
0.49919
0.51771
0.52129
0.50797
0.50076
0.4839
0.49631
0.64533
0.85069
0.67587
0.5341
0.40174
0.46627
0.51373
0.55376
0.71683
0.73525
0.80255
0.79992
0.79151
0.814
0.82411
0.82673
0.82986
0.83284
0.82966
0.8164
0.7767
0.77415
0.76918
0.78058
0.8201
0.82013
0.78934
0.76831
0.74872
0.73749
0.72294
0.73802
0.73392
0.7274
0.72586
0.72497
0.72294
0.71731
0.72845
0.7335
0.73373
0.72687
0.71701
0.69509
0.67154
0.65405
0.64849
0.63215
0.61698
0.60877
0.60019
0.55818
0.53493
0.51366
0.41424
0.39395
0.48683
0.52078
0.62945
0.7066
0.71438
0.69661
0.66864
0.63974
0.63181
0.63571
0.63968
0.63706
0.63855
0.63911
0.63598
0.63721
0.63726
0.63581
0.63547
0.63572
0.64789
0.64226
0.64368
0.64396
0.64221
0.64116
0.64089
0.64104
0.63599
0.63089
0.62573
0.62954
0.64147
0.64755
0.64621
0.64897
0.6392
0.63416
0.62965
0.61444
0.55298
0.47836
0.46825
0.44514
0.46426
0.47686
0.49607
0.49663
0.49458
0.51861
0.51526
0.73576
0.75724
0.72108
0.77473
0.76337
0.74512
0.73394
0.72708
0.71846
0.72117
0.71604
0.68248
0.66152
0.64692
0.6256
0.61506
0.57721
0.67595
0.64488
0.60334
0.55579
0.51541
0.46529
0.47534
0.43108
0.59784
0.65804
0.69938
0.70716
0.70498
0.71549
0.65824
0.7154
0.70954
0.69107
0.55602
0.51789
0.53488
0.46249
0.39786
0.64797
0.78846
0.68704
0.746
0.74283
0.7416
0.73479
0.75545
0.76346
0.78447
0.77652
0.76912
0.76608
0.75325
0.74617
0.73993
0.70108
0.65593
0.57334
0.51896
0.71654
0.72167
0.72157
0.7187
0.71095
0.70546
0.69583
0.6703
0.66103
0.59363
0.6073
0.6149
0.61812
0.61422
0.5955
0.55709
0.53416
0.51579
0.50741
0.50295
0.49925
0.51685
0.58383
0.60317
0.60717
0.61336
0.60878
0.6123
0.61952
0.6313
0.64649
0.65312
0.66031
0.63241
0.53806
0.56415
0.61094
0.63959
0.62041
0.66373
0.70498
0.70907
0.70154
0.68865
0.68089
0.67403
0.67098
0.70553
0.69374
0.68858
0.61611
0.60233
0.59306
0.59678
0.58095
0.55389
0.57406
0.63934
0.62713
0.63073
0.63187
0.65749
0.63936
0.64283
0.65644
0.67611
0.68621
0.68463
0.68592
0.68348
0.69436
0.6771
0.69734
0.70379
0.71316
0.7152
0.71965
0.73047
0.73273
0.73368
0.73062
0.72867
0.72516
0.71479
0.66864
0.62704
0.58372
0.48109
0.45178
0.47714
0.47822
0.47199
0.45135
0.43725
0.43049
0.42151
0.40054
0.39057
0.3952
0.39463
0.42578
0.58053
0.63578
0.63779
0.65378
0.68029
0.70657
0.72079
0.7183
0.72282
0.72817
0.72858
0.72309
0.73294
0.73537
0.73627
0.73829
0.73722
0.73771
0.74066
0.73828
0.72503
0.69754
0.68876
0.68406
0.68839
0.71283
0.73445
0.73999
0.69502
0.66384
0.62962
0.58551
0.56597
0.50874
0.45514
0.40435
0.36278
0.31434
0.26182
0.38338
0.56824
0.56964
0.53663
0.55626
0.65269
0.74414
0.72065
0.67396
0.63359
0.63189
0.58611
0.51685
0.50383
0.49769
0.48965
0.51588
0.50324
0.50638
0.49798
0.47515
0.46395
0.42805
0.37249
0.35852
0.38475
0.46052
0.52337
0.56929
0.59522
0.6125
0.64844
0.70751
0.73012
0.72036
0.7319
0.75659
0.82294
0.77048
0.72556
0.68555
0.66722
0.6527
0.65636
0.66285
0.66646
0.6935
0.72487
0.68806
0.7419
0.72188
0.70364
0.68923
0.69771
0.7409
0.67641
0.7008
0.78615
0.77693
0.75885
0.7266
0.77687
0.76906
0.71878
0.73273
0.73403
0.73779
0.763
0.749
0.73319
0.75443
0.75095
0.75207
0.75965
0.73943
0.66592
0.57969
0.54788
0.53966
0.59305
0.6731
0.64891
0.67647
0.72968
0.75238
0.75767
0.74911
0.72234
0.71273
0.70818
0.71247
0.73141
0.73646
0.71979
0.68334
0.65943
0.65147
0.64581
0.6671
0.68305
0.69571
0.7036
0.68807
0.67865
0.67365
0.67718
0.66922
0.67656
0.66565
0.6638
0.73031
0.74667
0.74072
0.70996
0.69977
0.72025
0.72676
0.70793
0.67396
0.66408
0.64884
0.63325
0.61065
0.54937
0.51964
0.51494
0.52506
0.59932
0.5705
0.53075
0.4291
0.65901
0.70123
0.69361
0.66698
0.62945
0.60777
0.60437
0.62901
0.64739
0.67619
0.64071
0.67411
0.65433
0.64616
0.6347
0.54115
0.41424
0.37086
0.36583
0.35732
0.37867
0.36856
0.40232
0.43111
0.55301
0.59514
0.64202
0.6827
0.70749
0.68998
0.74469
0.71755
0.64149
0.60558
0.57976
0.56672
0.65892
0.73034
0.71442
0.70805
0.69832
0.69776
0.6452
0.62276
0.61234
0.60197
0.58523
0.57525
0.59391
0.6426
0.65567
0.62829
0.59869
0.57223
0.56298
0.57308
0.59084
0.63021
0.77246
0.6747
0.68156
0.68006
0.69639
0.72851
0.75613
0.75985
0.76154
0.71629
0.67761
0.66187
0.63291
0.60753
0.58666
0.62199
0.61557
0.60597
0.60593
0.59813
0.60805
0.62856
0.62171
0.60921
0.63114
0.7689
0.76276
0.74524
0.7467
0.75282
0.73959
0.70022
0.63699
0.59279
0.61676
0.5132
0.43281
0.42189
0.43127
0.45825
0.49577
0.52654
0.5143
0.46587
0.42799
0.30756
0.3334
0.37826
0.3615
0.29488
0.25281
0.32649
0.29931
0.55886
0.6844
0.72813
0.66646
0.75827
0.75601
0.72077
0.74776
0.76292
0.59868
0.52043
0.6354
0.80684
0.79151
0.77949
0.75672
0.75461
0.75552
0.79276
0.74263
0.63572
0.59835
0.65735
0.74986
0.74585
0.62511
0.5579
0.54003
0.64837
0.72971
0.74097
0.77826
0.81188
0.84263
0.87389
0.7704
0.82366
0.66382
0.66083
0.85804
0.86748
0.88677
0.89471
0.89384
0.85078
0.83809
0.84317
0.8375
0.81415
0.81281
0.8223
0.83186
0.84327
0.84324
0.83459
0.83303
0.83346
0.83851
0.84269
0.84449
0.83517
0.8313
0.8392
0.8307
0.83137
0.81447
0.8111
0.81936
0.81133
0.8305
0.84391
0.87179
0.81793
0.77411
0.89662
0.89933
0.89946
0.89783
0.89786
0.896
0.90505
0.90046
0.90274
0.90552
0.89927
0.89276
0.89958
0.88464
0.83858
0.81796
0.81285
0.83454
0.8409
0.83056
0.83559
0.83444
0.8477
0.81591
0.81239
0.78717
0.79151
0.79448
0.78559
0.78193
0.79352
0.78668
0.79268
0.79816
0.80987
0.79632
0.79219
0.8043
0.82756
0.8501
0.86208
0.86997
0.87425
0.87682
0.87715
0.88152
0.88985
0.87501
0.88344
0.89853
0.89663
0.90241
0.90156
0.92278
0.90637
0.88999
0.87727
0.86968
0.86729
0.87958
0.86684
0.88271
0.90684
0.87863
0.86371
0.88017
0.83845
0.81355
0.71854
0.72935
0.76781
0.72946
0.69104
0.66655
0.69397
0.69164
0.67443
0.63292
0.58662
0.61655
0.69066
0.73055
0.76625
0.82882
0.82812
0.86188
0.88733
0.86397
0.86739
0.87729
0.86479
0.86267
0.87087
0.89052
0.90296
0.85687
0.72644
0.67078
0.64283
0.65144
0.64832
0.65483
0.67833
0.68289
0.68751
0.67755
0.65085
0.61701
0.57787
0.5671
0.61068
0.65073
0.69305
0.70663
0.67766
0.64561
0.62912
0.5727
0.57585
0.56792
0.5838
0.61348
0.58737
0.62986
0.65682
0.68574
0.7329
0.82952
0.84171
0.83738
0.82165
0.80429
0.72524
0.66105
0.61529
0.59186
0.60023
0.58666
0.54512
0.43646
0.40816
0.54327
0.62024
0.62451
0.62358
0.6351
0.64247
0.6193
0.61429
0.60763
0.61288
0.618
0.62511
0.62808
0.6066
0.58974
0.59442
0.60037
0.5963
0.62533
0.65524
0.67494
0.65026
0.68795
0.68485
0.70204
0.79224
0.84255
0.765
0.75379
0.72954
0.70302
0.67143
0.62664
0.61542
0.64717
0.66441
0.62325
0.57537
0.58215
0.56199
0.54288
0.55289
0.57739
0.63142
0.68489
0.67599
0.6509
0.61098
0.58359
0.60515
0.64629
0.86863
0.83084
0.88699
0.89598
0.88565
0.88677
0.88383
0.85839
0.86314
0.88126
0.88175
0.88818
0.88615
0.87742
0.86565
0.8256
0.85875
0.86923
0.88217
0.87625
0.88111
0.88535
0.86779
0.80977
0.78724
0.77314
0.80239
0.76644
0.72385
0.71817
0.71956
0.69394
0.70851
0.77718
0.83548
0.92606
0.83208
0.85041
0.85548
0.85758
0.86543
0.88964
0.89134
0.89705
0.89205
0.88832
0.88626
0.88372
0.8855
0.87748
0.87636
0.87706
0.87822
0.87503
0.87533
0.86986
0.87352
0.86308
0.86028
0.85668
0.85456
0.85453
0.85676
0.85887
0.87429
0.87714
0.87852
0.876
0.87848
0.89038
0.87192
0.8641
0.88049
0.89738
0.9048
0.90504
0.90691
0.91535
0.92534
0.9327
0.93998
0.9458
0.91726
0.86595
0.81142
0.74202
0.69034
0.70486
0.65893
0.7134
0.71181
0.74515
0.78458
0.78435
0.8106
0.91977
0.7824
0.85389
0.94094
0.96087
0.84175
0.84231
0.88624
0.8766
0.96486
0.97064
0.97215
0.96349
0.78303
0.80327
0.86571
0.81492
0.74666
0.73842
0.70985
0.64881
0.6214
0.58027
0.64281
0.65674
0.69982
0.85763
0.77869
0.86164
0.96814
0.93123
0.83509
0.86523
0.91566
0.87978
0.84935
0.84117
0.8382
0.7843
0.78935
0.81117
0.81039
0.81092
0.80696
0.80044
0.80455
0.82362
0.8196
0.82407
0.82083
0.79836
0.81287
0.83944
0.8543
0.87407
0.88172
0.8885
0.87858
0.91672
0.92123
0.9221
0.9472
0.91172
0.80108
0.74745
0.68387
0.75366
0.75044
0.80135
0.83059
0.85918
0.8374
0.93506
0.93232
0.95159
0.94241
0.952
0.94787
0.93676
0.87636
0.78949
0.789
0.7765
0.7532
0.73659
0.76617
0.75008
0.72903
0.98343
0.94817
0.94927
0.94196
0.93751
0.91449
0.87298
0.85792
0.81977
0.80642
0.80755
0.83021
0.82046
0.87342
0.86052
0.85388
0.82311
0.89535
0.83449
0.79673
0.81039
0.84114
0.88488
0.90485
0.91365
0.90311
0.9554
0.97084
0.94066
0.95317
0.92289
0.90322
0.89208
0.86291
0.94555
0.92975
0.92219
0.87633
0.8715
0.90864
0.94355
0.92835
0.84927
0.88706
0.92185
0.9355
0.89906
0.85852
0.78805
0.78447
0.78648
0.79252
0.9528
0.95383
0.92147
0.85585
0.80105
0.80687
0.83
0.80286
0.8802
0.93541
0.92457
0.90603
0.90446
0.87243
0.847
0.80786
0.77349
0.74256
0.72592
0.74737
0.71533
0.71034
0.70136
0.6886
0.69597
0.68287
0.71403
0.71833
0.71586
0.75021
0.73306
0.79012
0.80906
0.78765
0.73692
0.73534
0.74848
0.7581
0.74269
0.74264
0.78988
0.80656
0.74879
0.65982
0.64784
0.65636
0.67682
0.66283
0.64706
0.63484
0.65714
0.63389
0.62901
0.6287
0.60639
0.60712
0.61059
0.58092
0.59063
0.62289
0.66909
0.68776
0.70213
0.68733
0.69556
0.73642
0.76183
0.80347
0.82174
0.84321
0.80438
0.76164
0.73505
0.73508
0.68661
0.70588
0.69978
0.6781
0.70799
0.765
0.74066
0.7787
0.76253
0.7565
0.74292
0.73829
0.73848
0.76688
0.8087
0.83891
0.83133
0.79316
0.7912
0.80584
0.81505
0.75956
0.681
0.65552
0.62813
0.73313
0.7589
0.76313
0.76036
0.77452
0.84634
0.98236
0.97142
0.95327
0.93622
0.92398
0.93903
0.93749
0.94425
0.95331
0.95833
0.9661
0.96358
0.96764
0.95817
0.93582
0.94431
0.94779
0.94257
0.94444
0.94588
0.94661
0.9466
0.93817
0.95062
0.94781
0.94968
0.91948
0.85501
0.84531
0.82274
0.81731
0.85845
0.96246
0.93938
0.93757
0.91313
0.90277
0.98254
0.97928
0.98641
0.97346
0.94112
0.89636
0.90545
0.87881
0.905
0.88986
0.87505
0.83223
0.81221
0.82362
0.84702
0.93639
0.99166
1.0002
0.97842
0.97788
0.96496
0.95597
0.96386
0.95726
0.91594
0.84051
0.8185
0.92587
0.98943
0.95813
0.952
0.94873
0.94013
0.82677
0.78487
0.77209
0.79526
0.84187
0.97975
0.87568
0.84109
0.76936
0.79886
0.77465
0.74667
0.81296
0.81264
0.79587
0.80053
0.79944
0.80043
0.69652
0.73092
0.78628
0.8583
0.94348
0.96247
0.97116
0.97691
0.97834
0.98353
0.98558
0.97545
0.99158
1.0004
0.99384
0.94256
0.94521
0.89785
0.88528
0.89548
0.89657
0.86814
0.85021
0.84324
0.82737
0.82877
0.8449
0.83612
0.82223
0.81425
0.79662
0.76105
0.74169
0.74824
0.75283
0.74238
0.73909
0.7525
0.74185
0.74865
0.75053
0.78317
0.79703
0.82122
0.88818
0.94051
0.90776
0.90512
0.89238
0.9065
0.79526
0.79507
0.82232
0.84704
0.79609
0.78483
0.75824
0.76469
0.77834
0.72391
0.73788
0.73981
0.7345
0.75152
0.77195
0.8402
0.86604
0.8668
0.90597
0.84371
0.89989
0.96072
0.93294
0.91641
0.86844
0.85059
0.84028
0.82692
0.77253
0.89688
0.97097
0.97176
0.95778
0.95951
0.96434
0.97112
0.97217
0.98126
0.98923
0.99344
0.99425
0.98191
0.89176
0.84989
0.84568
0.78722
0.72144
0.70148
0.73204
0.79081
0.79054
0.74425
0.70197
0.6962
0.72952
0.7824
0.7884
0.80159
0.82233
0.81835
0.79108
0.79009
0.80282
0.83989
0.87339
0.86834
0.89568
0.86718
0.83823
0.82696
0.82943
0.85069
0.86141
0.87324
0.88374
0.95061
0.93546
0.93338
0.89765
0.87369
0.88161
0.87903
0.87887
0.87163
0.86016
0.89739
0.8917
0.86396
0.82119
0.81674
0.84334
0.87152
0.88457
0.92103
0.9227
0.96041
0.97571
0.97428
0.975
0.98959
0.99569
0.99171
0.99392
0.96444
0.97063
0.98078
0.97516
0.96752
0.97072
0.97391
0.97783
0.9785
0.97849
0.98312
0.98361
0.98607
0.98568
0.98221
0.98503
0.98629
0.98721
0.98603
0.98575
0.98345
0.98535
0.97683
0.94566
0.87017
0.83731
0.79457
0.80673
0.83019
0.83116
0.86197
0.8682
0.84833
0.87391
0.89033
0.87433
0.85989
0.77193
0.75942
0.79712
0.82409
0.82614
0.86684
0.93442
0.92211
0.92602
0.92907
0.93061
0.94594
0.94836
0.94221
0.90314
0.91331
0.94111
0.93796
0.93142
0.92748
0.9263
0.91261
0.90576
0.93137
0.93574
0.92904
0.92464
0.93714
0.94282
0.93785
0.92256
0.93394
0.92222
0.92229
0.93299
0.93703
0.94388
0.94477
0.93651
0.80993
0.80395
0.7691
0.85637
0.86339
0.84503
0.85444
0.88329
0.85808
0.83811
0.83019
0.80261
0.77296
0.74158
0.71304
0.72453
0.72604
0.71303
0.69751
0.70073
0.71274
0.7123
0.72635
0.72762
0.69712
0.66597
0.63707
0.5995
0.57566
0.56959
0.66018
0.90403
0.91405
0.92233
0.90865
0.89297
0.87343
0.82788
0.80863
0.78519
0.74708
0.72492
0.71717
0.72812
0.70309
0.7132
0.78553
0.81645
0.8514
0.88264
0.88195
0.9085
0.87733
0.89418
0.78741
0.75258
0.70362
0.69411
0.71449
0.73092
0.71974
0.70468
0.68758
0.68167
0.64932
0.63968
0.64207
0.69432
0.69469
0.74803
0.82944
0.87747
0.88645
0.90435
0.91064
0.90282
0.76411
0.7735
0.75089
0.78183
0.90293
0.9474
0.94995
0.95503
0.95264
0.95523
0.96528
0.97542
0.96083
0.96068
0.96792
0.97772
0.98511
0.9738
0.95807
0.95458
0.93451
0.93592
0.93929
0.9359
0.92988
0.93085
0.93527
0.92373
0.86311
0.83858
0.82262
0.82296
0.78893
0.76668
0.77556
0.91565
0.9145
0.91647
0.9172
0.9067
0.91698
0.90519
0.88433
0.87969
0.89983
0.88378
0.85341
0.80034
0.76454
0.73306
0.82277
0.89164
0.90454
0.90647
0.89382
0.88573
0.88574
0.88575
0.87806
0.86455
0.7414
0.67647
0.6706
0.73784
0.84361
0.86039
0.88036
0.89282
0.9003
0.87783
0.88846
0.88763
0.88447
0.88981
0.86625
0.87264
0.88647
0.88231
0.8822
0.88733
0.88989
0.88631
0.88898
0.88929
0.88863
0.8886
0.89705
0.89159
0.89049
0.88641
0.88842
0.86285
0.86592
0.85795
0.85835
0.8404
0.82364
0.76726
0.61473
0.61321
0.62374
0.59827
0.59191
0.63741
0.76854
0.80766
0.82461
0.82495
0.84571
0.84834
0.85731
0.85271
0.84923
0.85643
0.75654
0.80309
0.87106
0.87594
0.88133
0.90811
0.91847
0.92354
0.76696
0.70196
0.66307
0.63256
0.64533
0.68529
0.70425
0.71984
0.71126
0.70923
0.68983
0.67386
0.65732
0.64755
0.66373
0.71196
0.91119
0.9197
0.92286
0.92602
0.91976
0.90755
0.90264
0.89967
0.90075
0.90311
0.8959
0.89562
0.89966
0.90005
0.85617
0.85349
0.85655
0.8592
0.86467
0.8766
0.89025
0.90365
0.90709
0.89939
0.89979
0.90361
0.90752
0.90256
0.89097
0.87552
0.88348
0.88175
0.88088
0.8856
0.86213
0.85356
0.8519
0.86009
0.8615
0.85985
0.8641
0.85732
0.85397
0.8462
0.84268
0.84362
0.84948
0.84552
0.8477
0.8535
0.84727
0.83149
0.81013
0.73113
0.68135
0.6475
0.63221
0.61234
0.57026
0.56923
0.53778
0.53796
0.54834
0.53676
0.51001
0.49196
0.4647
0.45836
0.47418
0.61608
0.6603
0.64551
0.53896
0.43211
0.41205
0.47716
0.55172
0.55051
0.61977
0.7445
0.61516
0.65168
0.84513
0.85957
0.87682
0.88014
0.88646
0.89661
0.90348
0.904
0.90396
0.90715
0.87545
0.71698
0.71417
0.71718
0.71373
0.70837
0.70406
0.70109
0.70443
0.68933
0.66138
0.64932
0.65396
0.66268
0.65667
0.65744
0.68369
0.7119
0.82862
0.85785
0.88046
0.88916
0.89463
0.89159
0.8945
0.90052
0.90558
0.90491
0.88701
0.88669
0.89021
0.9048
0.9033
0.90382
0.90502
0.91164
0.9101
0.90535
0.90571
0.90721
0.90689
0.90579
0.90133
0.89559
0.78969
0.71294
0.63578
0.63964
0.62758
0.60386
0.58664
0.56652
0.56284
0.57
0.59155
0.82107
0.83788
0.8419
0.84643
0.84413
0.85133
0.85945
0.85701
0.85401
0.85378
0.85395
0.84967
0.83698
0.8236
0.81182
0.80184
0.70627
0.68622
0.65541
0.63222
0.63967
0.62106
0.59589
0.57759
0.57133
0.56198
0.55126
0.53161
0.50801
0.51721
0.55095
0.57612
0.82334
0.83894
0.84579
0.84687
0.84527
0.83993
0.82617
0.72336
0.69663
0.7307
0.86163
0.86286
0.86049
0.85982
0.85992
0.8667
0.86628
0.87117
0.87185
0.87382
0.87326
0.86821
0.84761
0.86214
0.84538
0.84233
0.85925
0.86261
0.8626
0.86582
0.86146
0.86059
0.84701
0.82898
0.80853
0.82015
0.79889
0.79901
0.80449
0.79763
0.78321
0.79154
0.77217
0.71881
0.65233
0.61571
0.58696
0.59184
0.64699
0.65804
0.65093
0.67998
0.71594
0.74752
0.6865
0.70771
0.72843
0.72845
0.72143
0.7333
0.75971
0.75629
0.71282
0.64521
0.59346
0.56539
0.56366
0.67943
0.69885
0.71761
0.7264
0.74043
0.75149
0.77155
0.76005
0.76406
0.77827
0.7915
0.78709
0.77178
0.65577
0.49416
0.47266
0.45361
0.5059
0.73473
0.77074
0.78926
0.79579
0.80323
0.81172
0.82092
0.82842
0.83362
0.83765
0.82526
0.84388
0.84799
0.85258
0.8643
0.86104
0.86154
0.85933
0.8599
0.84748
0.8372
0.8291
0.80073
0.77298
0.76847
0.79713
0.79753
0.7899
0.78364
0.77428
0.73681
0.72613
0.71776
0.72729
0.73946
0.74774
0.7578
0.76744
0.78588
0.7923
0.79705
0.79693
0.79847
0.79891
0.79118
0.78861
0.78439
0.7703
0.74423
0.73033
0.73971
0.67558
0.59431
0.77283
0.61172
0.59381
0.47682
0.45279
0.42763
0.47329
0.47395
0.50419
0.74143
0.75278
0.77511
0.80271
0.81116
0.82033
0.82727
0.83587
0.84148
0.84323
0.84551
0.84297
0.82074
0.82731
0.83791
0.84437
0.83882
0.83831
0.84226
0.83555
0.82984
0.83374
0.83821
0.83164
0.83184
0.8323
0.83082
0.81927
0.79815
0.80334
0.80257
0.80755
0.81533
0.82423
0.83463
0.83651
0.83757
0.83752
0.84005
0.83056
0.81417
0.78167
0.80038
0.79518
0.79384
0.79209
0.79009
0.7898
0.78694
0.7868
0.78123
0.77519
0.76846
0.79133
0.71303
0.60932
0.60669
0.67421
0.75927
0.74638
0.67208
0.64748
0.59881
0.57204
0.53217
0.45093
0.38517
0.36972
0.39202
0.39735
0.4105
0.41586
0.38992
0.39599
0.40908
0.41063
0.41474
0.44832
0.51226
0.54863
0.53914
0.51621
0.50131
0.50583
0.53403
0.55591
0.54689
0.52624
0.54084
0.55562
0.57077
0.57663
0.59038
0.60425
0.5977
0.62365
0.65226
0.66578
0.66357
0.6514
0.66611
0.68481
0.65921
0.70811
0.71627
0.66678
0.65405
0.64915
0.68302
0.65793
0.6755
0.71187
0.71035
0.70597
0.70499
0.70498
0.70961
0.71209
0.71775
0.71098
0.62456
0.5927
0.596
0.63747
0.69429
0.67771
0.68046
0.71534
0.73473
0.72946
0.72861
0.76235
0.59377
0.72407
0.70856
0.72146
0.72883
0.7279
0.73812
0.75
0.74131
0.73702
0.72527
0.71071
0.7047
0.70526
0.70307
0.67395
0.67917
0.60843
0.57311
0.54285
0.51264
0.49811
0.44787
0.34099
0.28323
0.27697
0.28034
0.27212
0.32348
0.57081
0.81647
0.87261
0.90718
0.9022
0.89901
0.88471
0.87759
0.87558
0.8701
0.86451
0.85534
0.8512
0.84394
0.8386
0.84171
0.84265
0.84306
0.83936
0.84307
0.85055
0.86814
0.87839
0.87929
0.88096
0.87733
0.87219
0.88776
0.88748
0.89237
0.86603
0.88887
0.69232
0.62289
0.64286
0.80748
0.69967
0.64383
0.64041
0.65028
0.65136
0.68826
0.68154
0.71381
0.7669
0.79964
0.86832
0.88717
0.88476
0.89676
0.83965
0.68783
0.62208
0.5828
0.57479
0.58504
0.58144
0.58038
0.59004
0.65239
0.65746
0.65423
0.66529
0.68992
0.72151
0.79949
0.78615
0.82871
0.84861
0.85701
0.85735
0.85548
0.85351
0.84442
0.83276
0.79695
0.79504
0.79781
0.80356
0.80672
0.82055
0.82348
0.82641
0.82655
0.82318
0.82522
0.82376
0.82322
0.82138
0.81991
0.81599
0.81401
0.81096
0.7947
0.78061
0.73609
0.71814
0.70222
0.69513
0.67493
0.67108
0.66767
0.6703
0.66845
0.6465
0.63728
0.61217
0.58647
0.56528
0.52099
0.47435
0.44722
0.43247
0.42249
0.42395
0.43647
0.45396
0.46294
0.468
0.47361
0.46464
0.4629
0.4584
0.45153
0.45218
0.45872
0.46117
0.45939
0.45971
0.45876
0.4575
0.45027
0.45253
0.45421
0.45436
0.45414
0.4507
0.44034
0.42993
0.41504
0.40313
0.40369
0.41626
0.45421
0.50645
0.56688
0.60833
0.59345
0.51174
0.55692
0.75952
0.72034
0.73051
0.73022
0.72011
0.60346
0.50969
0.69807
0.69937
0.71318
0.72902
0.73852
0.73317
0.73711
0.73127
0.69034
0.71201
0.70098
0.69492
0.69846
0.70474
0.71433
0.71178
0.70097
0.71014
0.70565
0.71075
0.71016
0.69763
0.6779
0.53522
0.53532
0.48307
0.48254
0.5853
0.63942
0.64798
0.63113
0.62322
0.62116
0.61905
0.61917
0.60844
0.58859
0.56529
0.55465
0.52648
0.49647
0.51001
0.52038
0.50392
0.46889
0.46456
0.48805
0.55548
0.62386
0.75844
0.78972
0.79817
0.77207
0.51761
0.47612
0.47114
0.47828
0.51939
0.55068
0.54832
0.59757
0.70094
0.7722
0.67611
0.80645
0.78486
0.76901
0.67994
0.65143
0.60126
0.62582
0.65825
0.65856
0.64163
0.66762
0.66189
0.72467
0.62119
0.64625
0.62944
0.61158
0.59998
0.58335
0.5483
0.51616
0.47212
0.41981
0.40379
0.46926
0.5032
0.54323
0.57587
0.54037
0.47875
0.44163
0.38429
0.3928
0.39611
0.45307
0.51255
0.53475
0.55478
0.5754
0.69604
0.74359
0.75472
0.75934
0.73069
0.75547
0.66634
0.68439
0.72285
0.70966
0.7243
0.74188
0.59185
0.60312
0.62577
0.63776
0.65514
0.6429
0.68993
0.70168
0.76713
0.82932
0.85359
0.81339
0.76545
0.66994
0.60009
0.58047
0.58975
0.59678
0.62452
0.74639
0.77182
0.77868
0.77071
0.70506
0.7173
0.69846
0.56366
0.51175
0.50081
0.50728
0.50555
0.54238
0.59601
0.54162
0.54733
0.55831
0.57911
0.59884
0.71923
0.69722
0.68105
0.67504
0.65487
0.62793
0.60679
0.58309
0.57306
0.57621
0.57042
0.56716
0.55748
0.55001
0.52491
0.47871
0.47598
0.49031
0.46665
0.47519
0.53926
0.53791
0.51509
0.51111
0.50246
0.50548
0.52997
0.55331
0.54558
0.55212
0.51181
0.50349
0.48428
0.48297
0.49346
0.49492
0.48635
0.48051
0.4921
0.47396
0.3744
0.45444
0.47752
0.54982
0.60665
0.64948
0.66432
0.68854
0.69105
0.65756
0.62341
0.59728
0.57431
0.61169
0.68507
0.71252
0.74229
0.75602
0.76104
0.76276
0.75808
0.75012
0.70741
0.66351
0.65118
0.55152
0.49861
0.48101
0.47303
0.47523
0.47025
0.48254
0.49041
0.47619
0.47462
0.45594
0.45376
0.46021
0.48654
