0.61366
0.60909
0.62644
0.65732
0.61178
0.58265
0.57113
0.61308
0.68734
0.70212
0.76218
0.79408
0.79665
0.7975
0.77421
0.73929
0.70306
0.68081
0.66028
0.64182
0.65445
0.63598
0.60738
0.58933
0.58197
0.61841
0.61892
0.60153
0.59342
0.60579
0.62152
0.65075
0.64734
0.63885
0.61813
0.54959
0.50236
0.51113
0.59193
0.5261
0.51698
0.51956
0.52345
0.51462
0.50914
0.5289
0.54352
0.56414
0.59152
0.56808
0.54141
0.51398
0.55323
0.53741
0.54987
0.55138
0.5785
0.58834
0.59885
0.53032
0.38902
0.42088
0.51428
0.50635
0.50032
0.51066
0.50927
0.50472
0.5263
0.53665
0.54507
0.54678
0.54358
0.55031
0.54865
0.55781
0.55784
0.52045
0.51928
0.49862
0.47339
0.44996
0.47105
0.48997
0.50187
0.49246
0.47216
0.47229
0.48073
0.4884
0.48924
0.48402
0.4707
0.47606
0.46939
0.47464
0.48585
0.49214
0.48101
0.49219
0.51063
0.48782
0.51658
0.49677
0.4756
0.46805
0.44122
0.41429
0.42168
0.39737
0.38636
0.39679
0.42024
0.44055
0.4186
0.42897
0.45969
0.48009
0.48023
0.49929
0.493
0.52592
0.56986
0.53882
0.56
0.60789
0.62265
0.60002
0.62401
0.62051
0.62768
0.61968
0.59758
0.62176
0.61554
0.61231
0.60955
0.608
0.61164
0.64265
0.66854
0.67591
0.67468
0.68459
0.69229
0.68704
0.68295
0.6708
0.65092
0.66201
0.74764
0.76913
0.77372
0.76949
0.64232
0.62545
0.73075
0.70892
0.68928
0.71912
0.72508
0.72885
0.71165
0.61871
0.58731
0.56877
0.54848
0.53198
0.52673
0.52664
0.54036
0.55259
0.57342
0.57874
0.57256
0.56897
0.56061
0.64386
0.64691
0.64741
0.69439
0.70483
0.69319
0.63124
0.59609
0.58486
0.54518
0.54687
0.56512
0.54761
0.53496
0.5343
0.49792
0.48785
0.49196
0.51969
0.56233
0.6017
0.63182
0.61167
0.59106
0.59407
0.60352
0.55926
0.53454
0.50664
0.43989
0.55153
0.63734
0.63778
0.63959
0.63611
0.63404
0.65457
0.66937
0.6673
0.66435
0.72727
0.75596
0.72881
0.67294
0.60226
0.60837
0.59432
0.59456
0.55263
0.56426
0.62015
0.74043
0.59245
0.57451
0.58689
0.60311
0.61565
0.62153
0.61686
0.61165
0.62826
0.6593
0.64472
0.63119
0.63631
0.61395
0.64858
0.6781
0.69156
0.69257
0.68419
0.66301
0.66466
0.68474
0.68371
0.69817
0.68978
0.62662
0.70801
0.62105
0.59848
0.55203
0.53226
0.55621
0.56306
0.54732
0.49143
0.44183
0.51414
0.59988
0.51239
0.66331
0.72389
0.76985
0.70371
0.61937
0.59084
0.61459
0.57999
0.58321
0.59657
0.61154
0.70235
0.65864
0.65607
0.65619
0.67898
0.6828
0.66235
0.61674
0.61664
0.61603
0.61676
0.6503
0.63441
0.60577
0.59668
0.58144
0.5723
0.5764
0.57622
0.58515
0.58382
0.58903
0.55301
0.52986
0.518
0.50065
0.4426
0.50005
0.61042
0.66819
0.65379
0.67552
0.67849
0.66815
0.68351
0.66991
0.66454
0.66054
0.66329
0.65979
0.66664
0.64091
0.62024
0.66788
0.68536
0.67019
0.67756
0.68233
0.59612
0.57104
0.57153
0.56107
0.55109
0.57746
0.56507
0.5445
0.5381
0.53095
0.50488
0.51015
0.5168
0.52184
0.53844
0.55579
0.56061
0.57141
0.56577
0.55523
0.56593
0.5622
0.51393
0.54201
0.53434
0.50692
0.50259
0.46615
0.44585
0.41356
0.37125
0.36147
0.38767
0.50951
0.55394
0.50867
0.48476
0.54229
0.54949
0.56686
0.5781
0.58062
0.55995
0.58058
0.57797
0.56643
0.57315
0.62826
0.59727
0.66182
0.68907
0.70447
0.69295
0.67957
0.6323
0.60012
0.58311
0.53304
0.48788
0.51956
0.56588
0.58275
0.58674
0.59145
0.58907
0.59023
0.57796
0.57882
0.57945
0.58678
0.58702
0.59669
0.61165
0.61243
0.61353
0.60992
0.60706
0.62113
0.61755
0.62256
0.61413
0.58334
0.61181
0.6762
0.6608
0.64209
0.62862
0.62087
0.60221
0.60374
0.60197
0.59979
0.5968
0.59238
0.59242
0.58205
0.55368
0.50599
0.51225
0.47781
0.65354
0.63628
0.6571
0.64087
0.63554
0.62244
0.62858
0.62943
0.64496
0.64886
0.5979
0.56895
0.56642
0.54815
0.56119
0.57982
0.56247
0.55444
0.54352
0.59425
0.62487
0.6509
0.6354
0.65597
0.64492
0.63439
0.64106
0.63368
0.62828
0.6058
0.59709
0.49477
0.4241
0.48231
0.49184
0.42228
0.39283
0.458
0.51505
0.54473
0.57161
0.57979
0.58676
0.58157
0.5862
0.59087
0.5742
0.57678
0.5733
0.5801
0.59409
0.57482
0.58962
0.57725
0.56504
0.58968
0.59163
0.60014
0.60257
0.60299
0.60603
0.61554
0.60028
0.59369
0.54951
0.512
0.47734
0.60493
0.59859
0.51602
0.54468
0.54501
0.50468
0.398
0.46509
0.5488
0.58168
0.62507
0.63837
0.64809
0.66854
0.68106
0.68249
0.68145
0.67494
0.63743
0.6468
0.63414
0.63485
0.61046
0.62879
0.63301
0.6356
0.64752
0.63751
0.62446
0.61831
0.60597
0.62546
0.67248
0.707
0.69147
0.63472
0.55312
0.45152
0.42091
0.46668
0.57664
0.70353
0.70677
0.66296
0.68584
0.63991
0.62246
0.63384
0.69757
0.67365
0.60947
0.64103
0.63775
0.63423
0.62029
0.58179
0.55793
0.56211
0.57812
0.59961
0.55725
0.56903
0.59605
0.60745
0.60081
0.57375
0.55106
0.52479
0.51191
0.58563
0.55178
0.58214
0.61503
0.66882
0.68497
0.68573
0.66775
0.5852
0.4834
0.4779
0.44614
0.35933
0.42384
0.47082
0.59074
0.6542
0.68202
0.68781
0.69536
0.69813
0.61556
0.61335
0.66747
0.68075
0.62273
0.61836
0.61359
0.61413
0.65362
0.63701
0.63646
0.61946
0.63448
0.61047
0.58691
0.53967
0.5003
0.47664
0.79815
0.80814
0.80506
0.82971
0.83334
0.8168
0.83726
0.84108
0.83853
0.83699
0.83311
0.79358
0.73652
0.70552
0.62914
0.55117
0.68229
0.58833
0.48921
0.43336
0.41594
0.51919
0.537
0.58566
0.60949
0.57201
0.53194
0.52271
0.53336
0.58586
0.6824
0.74622
0.7725
0.75529
0.73082
0.72061
0.70283
0.72287
0.71453
0.64095
0.78068
0.80566
0.67989
0.69553
0.82178
0.81524
0.81254
0.80735
0.79781
0.78683
0.79415
0.67205
0.64747
0.6389
0.62923
0.63021
0.59522
0.50825
0.53194
0.6734
0.74566
0.73989
0.75947
0.75861
0.66149
0.68498
0.68869
0.69662
0.66787
0.77684
0.67571
0.651
0.66262
0.64883
0.65313
0.64961
0.64688
0.63838
0.67716
0.66534
0.66964
0.63502
0.6236
0.60964
0.61938
0.6637
0.66889
0.68055
0.66387
0.62233
0.52878
0.53571
0.57545
0.58188
0.57827
0.53189
0.50961
0.48619
0.46315
0.47403
0.48152
0.47795
0.46749
0.48534
0.48776
0.4706
0.44874
0.4575
0.45753
0.45861
0.46436
0.46843
0.47373
0.48373
0.48247
0.47805
0.42452
0.41645
0.43705
0.45592
0.48355
0.50945
0.54264
0.5325
0.53305
0.5785
0.65315
0.65526
0.66134
0.63585
0.64143
0.64538
0.63486
0.59992
0.58232
0.59686
0.5935
0.5971
0.62239
0.64727
0.64555
0.63117
0.64598
0.66732
0.67819
0.68004
0.71158
0.66928
0.65407
0.65131
0.63529
0.63629
0.62778
0.63299
0.63893
0.64799
0.64103
0.63141
0.64163
0.61474
0.5983
0.60773
0.59767
0.56486
0.57909
0.62165
0.64144
0.63486
0.61665
0.57127
0.59159
0.60586
0.64055
0.67162
0.66572
0.67827
0.6814
0.66645
0.67577
0.66938
0.64407
0.63009
0.61706
0.61193
0.61401
0.62861
0.64544
0.63859
0.62591
0.61533
0.6138
0.61242
0.60709
0.60877
0.60031
0.60111
0.60374
0.61699
0.6137
0.60262
0.59497
0.58713
0.55368
0.57019
0.58744
0.61474
0.63427
0.63899
0.65711
0.64043
0.61879
0.61383
0.61389
0.58242
0.59768
0.64797
0.62053
0.60684
0.63735
0.67325
0.66931
0.63372
0.61756
0.61302
0.59934
0.58678
0.58775
0.60328
0.61189
0.63764
0.66366
0.62226
0.61513
0.59943
0.58885
0.61607
0.63999
0.65009
0.65148
0.67521
0.64511
0.63295
0.62088
0.61509
0.59356
0.64211
0.63921
0.63322
0.64175
0.61046
0.6071
0.61853
0.62097
0.65208
0.69781
0.72724
0.68153
0.6713
0.63672
0.62029
0.62379
0.64815
0.709
0.74102
0.71108
0.66363
0.64198
0.6133
0.57419
0.45632
0.44382
0.53211
0.53743
0.51183
0.53407
0.50436
0.48659
0.57164
0.65899
0.62711
0.69842
0.75206
0.74865
0.77999
0.77835
0.72737
0.68173
0.68819
0.65789
0.63693
0.73877
0.74032
0.75372
0.75339
0.75636
0.74053
0.70651
0.6849
0.68775
0.65872
0.56779
0.48863
0.46039
0.45938
0.49175
0.54976
0.59586
0.68612
0.79713
0.7559
0.73109
0.7023
0.67172
0.652
0.64628
0.6055
0.58484
0.59089
0.59401
0.57348
0.54175
0.49482
0.4518
0.41467
0.41464
0.43318
0.42967
0.41926
0.38537
0.40525
0.54424
0.55313
0.5288
0.53709
0.53045
0.54347
0.56093
0.56895
0.57779
0.5641
0.56341
0.58373
0.62219
0.68253
0.67565
0.67587
0.65995
0.64739
0.64748
0.62736
0.61959
0.6051
0.59697
0.61697
0.62755
0.62878
0.61832
0.563
0.50968
0.48377
0.47783
0.46034
0.41624
0.39567
0.42045
0.43638
0.44156
0.51198
0.63773
0.61388
0.55837
0.53508
0.56461
0.58565
0.49631
0.43861
0.43994
0.4648
0.51231
0.51907
0.54323
0.54358
0.54304
0.54526
0.53052
0.54094
0.59019
0.64488
0.62098
0.5581
0.62424
0.67597
0.70239
0.71879
0.70684
0.7081
0.72258
0.75752
0.79214
0.79553
0.75984
0.7498
0.75054
0.84166
0.86114
0.85298
0.83046
0.83213
0.84484
0.85684
0.86553
0.87048
0.86913
0.86211
0.84352
0.79553
0.76885
0.74809
0.75172
0.7498
0.76973
0.75802
0.76623
0.75409
0.75912
0.82305
0.8675
0.89126
0.88976
0.87331
0.85113
0.83643
0.82841
0.83398
0.84625
0.8127
0.78456
0.73301
0.69297
0.6793
0.61069
0.64697
0.67983
0.65855
0.68922
0.7067
0.75768
0.78317
0.76544
0.74638
0.7392
0.72701
0.72032
0.74284
0.7511
0.75016
0.73946
0.71216
0.71259
0.80458
0.85614
0.86224
0.75984
0.73588
0.74293
0.72288
0.72017
0.72133
0.687
0.68806
0.7275
0.74996
0.75554
0.76426
0.7382
0.74014
0.70853
0.70216
0.75369
0.76534
0.77094
0.75312
0.74249
0.73743
0.79377
0.82066
0.82839
0.8234
0.81431
0.83885
0.8386
0.74641
0.6938
0.66603
0.70709
0.77046
0.7776
0.75633
0.73963
0.69887
0.64367
0.62716
0.65401
0.70152
0.79311
0.82578
0.85569
0.85758
0.85871
0.8458
0.83914
0.81722
0.82213
0.82151
0.80868
0.77975
0.80156
0.79152
0.81355
0.8242
0.81526
0.83047
0.81244
0.85959
0.8764
0.88053
0.75982
0.76477
0.71326
0.66919
0.60688
0.60231
0.64388
0.70007
0.74161
0.78638
0.75189
0.71524
0.75511
0.71884
0.7635
0.76634
0.75048
0.72424
0.71639
0.71841
0.72403
0.69049
0.644
0.61941
0.62977
0.63301
0.63551
0.57393
0.58426
0.5754
0.60792
0.59284
0.60421
0.61448
0.62906
0.63084
0.62256
0.59679
0.58337
0.58163
0.56401
0.55665
0.59481
0.66378
0.63042
0.59312
0.60361
0.63087
0.65953
0.65739
0.65301
0.60722
0.58064
0.55774
0.58011
0.68496
0.63703
0.59104
0.57058
0.59858
0.56979
0.55148
0.55559
0.56074
0.61173
0.69407
0.72594
0.72902
0.71841
0.68165
0.64466
0.61758
0.61011
0.58828
0.55234
0.56124
0.6123
0.62927
0.62466
0.62959
0.64639
0.66463
0.66715
0.65584
0.60391
0.63374
0.62112
0.61506
0.56533
0.52953
0.53702
0.57227
0.6048
0.59913
0.54161
0.52746
0.5158
0.4862
0.52903
0.57211
0.56732
0.53057
0.51845
0.50235
0.48254
0.48197
0.47218
0.49744
0.51998
0.51467
0.487
0.43771
0.413
0.43553
0.45374
0.50194
0.57977
0.57453
0.5521
0.58641
0.61677
0.61302
0.62445
0.6526
0.68923
0.72338
0.78347
0.79197
0.75889
0.79562
0.76569
0.74396
0.72182
0.70849
0.77301
0.73726
0.68714
0.81391
0.71895
0.71796
0.7208
0.71132
0.67055
0.6122
0.59342
0.59407
0.64033
0.70529
0.74266
0.86689
0.88851
0.88074
0.85388
0.83009
0.74971
0.71877
0.70572
0.70249
0.64453
0.63567
0.63326
0.62486
0.64895
0.64609
0.66969
0.64703
0.62493
0.6301
0.63151
0.63052
0.60016
0.59078
0.60178
0.60993
0.61447
0.63854
0.64213
0.6175
0.60185
0.59563
0.59612
0.60207
0.60703
0.60312
0.61167
0.61579
0.61865
0.62673
0.62559
0.63011
0.60615
0.54382
0.48843
0.47911
0.50646
0.53645
0.653
0.7072
0.65729
0.61092
0.59721
0.59676
0.57408
0.55995
0.62293
0.68392
0.69625
0.73818
0.78282
0.81533
0.82154
0.77879
0.76872
0.79873
0.80838
0.84319
0.89593
0.90325
0.81716
0.80172
0.77481
0.76613
0.74615
0.89106
0.86668
0.83252
0.81052
0.78863
0.76585
0.70665
0.71799
0.72127
0.71206
0.7396
0.77664
0.80426
0.77432
0.69202
0.74541
0.8014
0.84387
0.83157
0.86405
0.8566
0.84134
0.82863
0.81498
0.85596
0.83501
0.92726
0.95509
0.9573
0.8089
0.66837
0.66533
0.73943
0.77034
0.81287
0.83377
0.77449
0.78779
0.79093
0.7833
0.75803
0.76639
0.79978
0.80318
0.83821
0.77968
0.74385
0.7477
0.79887
0.82859
0.82678
0.82526
0.88992
0.83171
0.7297
0.7711
0.78113
0.79562
0.81972
0.81346
0.82803
0.84019
0.82804
0.79144
0.73833
0.77757
0.80603
0.86313
0.86623
0.86899
0.94771
0.99957
0.98994
0.98879
0.98802
0.92397
0.83613
0.77628
0.78339
0.80184
0.81815
0.83212
0.80192
0.77202
0.79251
0.78063
0.78556
0.81585
0.84699
0.84388
0.82283
0.79864
0.78307
0.72723
0.71411
0.7603
0.78333
0.78594
0.79802
0.75954
0.71789
0.65879
0.66937
0.71576
0.95076
0.8607
0.97964
0.9796
0.9913
0.99489
0.94587
0.86228
0.88012
0.85527
0.77606
0.73786
0.82726
0.80522
0.88867
0.86545
0.83965
0.88907
0.87444
0.88394
0.79265
0.84903
0.98778
0.80048
0.76829
0.78563
0.75315
0.71704
0.70388
0.71893
0.709
0.71593
0.78305
0.8142
0.82674
0.83177
0.78599
0.75872
0.76288
0.80044
0.82006
0.85537
0.84097
0.85806
0.8196
0.78653
0.75412
0.75246
0.76663
0.75754
0.74592
0.73534
0.72264
0.7176
0.7265
0.72687
0.76052
0.8239
0.76849
0.742
0.72367
0.71082
0.63457
0.66209
0.65311
0.55187
0.51502
0.59004
0.52194
0.58285
0.66171
0.65229
0.65001
0.66389
0.66937
0.63537
0.58766
0.58338
0.56767
0.58708
0.59174
0.66087
0.63295
0.623
0.65255
0.68265
0.68918
0.70759
0.69752
0.72883
0.73413
0.7283
0.71946
0.71248
0.69824
0.70052
0.69672
0.68948
0.67156
0.64429
0.61571
0.65639
0.67753
0.66494
0.65517
0.67721
0.70493
0.7082
0.70243
0.70047
0.7366
0.72991
0.72435
0.73361
0.73965
0.73565
0.73526
0.73262
0.7142
0.70688
0.69969
0.69241
0.67885
0.68132
0.69079
0.6525
0.62076
0.60441
0.58928
0.53531
0.53988
0.51815
0.62025
0.76079
0.83214
0.84351
0.8631
0.91425
0.97215
0.98004
0.9867
0.98839
0.99012
0.99909
0.99737
0.99249
0.98042
0.97578
0.9785
0.96087
0.78462
0.80742
0.78276
0.724
0.70989
0.70126
0.69653
0.7028
0.7133
0.69858
0.65081
0.64366
0.65059
0.67977
0.70549
0.75834
0.80214
0.81547
0.80828
0.83459
0.87583
0.88339
0.89727
0.91187
0.92722
0.93608
0.94225
0.93922
0.91301
0.90294
0.88055
0.82238
0.74437
0.76259
0.74141
0.71961
0.66224
0.62658
0.65493
0.675
0.71902
0.67776
0.61357
0.61767
0.60587
0.60875
0.61869
0.64503
0.70075
0.71594
0.70369
0.90613
0.90082
0.90001
0.82707
0.76929
0.78003
0.78214
0.79686
0.81608
0.89723
0.91664
0.91536
0.91396
0.88132
0.8083
0.77148
0.70099
0.68706
0.67491
0.68459
0.69432
0.71563
0.72373
0.62426
0.6044
0.62159
0.63812
0.65299
0.67569
0.67384
0.69405
0.71178
0.71327
0.72126
0.7221
0.70941
0.68872
0.66559
0.63475
0.61387
0.61321
0.59411
0.56741
0.56921
0.57543
0.57652
0.57235
0.58146
0.59846
0.60107
0.60696
0.61319
0.63708
0.66679
0.67617
0.74028
0.85622
0.83675
0.81315
0.78398
0.76087
0.74742
0.72024
0.68626
0.71503
0.75056
0.75175
0.7374
0.77542
0.90037
0.74956
0.70669
0.70235
0.68353
0.66423
0.64252
0.64911
0.69198
0.72282
0.72823
0.76936
0.83472
0.80654
0.76378
0.86477
0.88872
0.85922
0.86542
0.79223
0.7987
0.81071
0.81957
0.8296
0.81091
0.75147
0.81824
0.80831
0.82384
0.79013
0.74093
0.72904
0.72939
0.72335
0.70305
0.69708
0.70403
0.72328
0.72355
0.72232
0.72422
0.70835
0.70119
0.7486
0.82754
0.82007
0.81528
0.70964
0.70588
0.68087
0.6876
0.67309
0.63511
0.64612
0.68348
0.68898
0.661
0.66129
0.59863
0.64848
0.64404
0.63132
0.63222
0.63703
0.62881
0.63048
0.62077
0.65411
0.64114
0.65441
0.67776
0.6739
0.66682
0.68617
0.6862
0.69245
0.70271
0.71974
0.7773
0.76763
0.73179
0.70038
0.67319
0.65422
0.59267
0.56825
0.55477
0.58298
0.63723
0.67222
0.68002
0.7053
0.67747
0.64783
0.60879
0.58386
0.59448
0.59719
0.59678
0.61759
0.63628
0.67119
0.6374
0.63197
0.65896
0.71687
0.78784
0.84861
0.8851
0.89482
0.90629
0.91176
0.91836
0.91378
0.91
0.89036
0.85092
0.81883
0.80426
0.81283
0.81198
0.78788
0.715
0.68481
0.66883
0.67493
0.68547
0.70654
0.72558
0.73195
0.73162
0.77642
0.8052
0.78192
0.74613
0.7186
0.67186
0.65163
0.62681
0.6196
0.62003
0.62334
0.63245
0.65156
0.65659
0.6655
0.67044
0.67629
0.76659
0.81069
0.84329
0.85916
0.87133
0.85939
0.85426
0.87397
0.87311
0.87792
0.88752
0.89594
0.88343
0.8768
0.84735
0.83637
0.83589
0.83865
0.81629
0.77409
0.73252
0.7005
0.66683
0.65599
0.68167
0.77288
0.79663
0.81799
0.76218
0.72847
0.69374
0.72561
0.77677
0.77616
0.75526
0.73042
0.69117
0.65915
0.63869
0.61121
0.58478
0.52686
0.4991
0.44568
0.50163
0.56467
0.63214
0.66285
0.6931
0.73243
0.80113
0.87881
0.89556
0.89884
0.90149
0.89107
0.87708
0.86834
0.87716
0.82194
0.80641
0.79804
0.81146
0.77186
0.82766
0.84047
0.84022
0.87971
0.84567
0.78479
0.7847
0.81628
0.81276
0.80159
0.71665
0.68917
0.68563
0.70492
0.75076
0.83033
0.8386
0.80005
0.78539
0.79821
0.77675
0.75801
0.77147
0.82176
0.81819
0.82478
0.83642
0.83879
0.80954
0.74573
0.7688
0.78257
0.78884
0.668
0.63706
0.59521
0.59436
0.57169
0.44182
0.40913
0.41847
0.54358
0.75135
0.76197
0.7554
0.7383
0.83925
0.86649
0.8704
0.85906
0.81119
0.80139
0.76555
0.71702
0.71662
0.73754
0.6668
0.67071
0.69466
0.66193
0.60059
0.6105
0.64259
0.72739
0.7074
0.65189
0.69014
0.6813
0.63275
0.58903
0.5797
0.5994
0.60527
0.64017
0.66311
0.68448
0.65138
0.63654
0.59887
0.60001
0.58891
0.64163
0.57716
0.6231
0.49726
0.4414
0.50304
0.55222
0.64912
0.72991
0.82503
0.83383
0.86097
0.75453
0.774
0.83014
0.83391
0.82358
0.75668
0.82717
0.84578
0.8491
0.85801
0.82424
0.8085
0.80056
0.74927
0.76656
0.76595
0.76538
0.83341
0.87568
0.87491
0.81373
0.7509
0.73999
0.72087
0.66023
0.642
0.60529
0.59433
0.69519
0.71538
0.75067
0.81943
0.74097
0.72646
0.74551
0.7463
0.76
0.78271
0.7846
0.80173
0.78352
0.78173
0.78596
0.78117
0.80787
0.83229
0.86831
0.83668
0.78979
0.82605
0.84916
0.82833
0.82291
0.82353
0.81247
0.79579
0.81369
0.81636
0.83973
0.83271
0.81456
0.81164
0.81576
0.76268
0.77967
0.80165
0.7979
0.70764
0.69859
0.69852
0.7181
0.7138
0.71153
0.72561
0.72806
0.72544
0.73901
0.75945
0.71036
0.71331
0.72361
0.73694
0.75874
0.76983
0.77788
0.76728
0.74766
0.7174
0.6898
0.68525
0.717
0.78437
0.78268
0.7443
0.78116
0.74392
0.75649
0.67172
0.68769
0.69092
0.71139
0.71553
0.71651
0.71958
0.72129
0.73543
0.7175
0.67126
0.62105
0.6569
0.66411
0.48957
0.49485
0.63484
0.69287
0.79806
0.83012
0.80436
0.67266
0.658
0.61049
0.64258
0.58787
0.62327
0.5916
0.61111
0.62445
0.65997
0.66637
0.64547
0.66139
0.75114
0.83439
0.8306
0.84367
0.85362
0.62717
0.61951
0.80116
0.82814
0.80486
0.78349
0.78413
0.81478
0.8232
0.74984
0.68752
0.6983
0.80387
0.83731
0.75797
0.75864
0.76443
0.75657
0.74642
0.73906
0.74012
0.73482
0.71223
0.70386
0.68734
0.68731
0.68458
0.67981
0.67489
0.68046
0.69446
0.70372
0.74719
0.74844
0.74722
0.90843
0.84948
0.85161
0.85249
0.83532
0.843
0.84016
0.83767
0.83486
0.82577
0.73225
0.71377
0.69454
0.64584
0.59246
0.56234
0.56793
0.55946
0.6003
0.59212
0.57765
0.60037
0.68358
0.70329
0.73575
0.69458
0.67802
0.69138
0.68785
0.66515
0.67701
0.65934
0.66593
0.78757
0.75104
0.72843
0.72764
0.71079
0.68474
0.65138
0.65746
0.68741
0.80446
0.81733
0.79629
0.72277
0.76777
0.76719
0.74396
0.72332
0.72878
0.68741
0.67508
0.66752
0.69593
0.71417
0.71536
0.71139
0.70185
0.68903
0.66502
0.65554
0.65172
0.64423
0.64345
0.65406
0.67573
0.72894
0.73742
0.71135
0.66555
0.64503
0.63732
0.60378
0.52918
0.5713
0.61879
0.63154
0.6349
0.679
0.69584
0.70291
0.72247
0.64261
0.64576
0.66909
0.70195
0.70639
0.77172
0.79808
0.78965
0.8109
0.825
0.82239
0.80592
0.76147
0.74553
0.62161
0.5699
0.64838
0.70816
0.73537
0.76653
0.75581
0.7299
0.69607
0.72348
0.72692
0.792
0.79978
0.82206
0.82449
0.81839
0.74278
0.74239
0.68109
0.63699
0.63077
0.65575
0.68416
0.69862
0.72686
0.75652
0.78432
0.74598
0.7544
0.76519
0.74356
0.73447
0.73314
0.73143
0.73239
0.75693
0.75384
0.76271
0.76135
0.77017
0.75848
0.78076
0.7442
0.71859
0.72068
0.75602
0.77992
0.71692
0.69411
0.7058
0.71897
0.66835
0.6704
0.65442
0.65844
0.64937
0.64677
0.65019
0.65069
0.6412
0.63888
0.64732
0.648
0.64263
0.65524
0.64981
0.6411
0.63333
0.6405
0.62465
0.6232
0.66502
0.76981
0.66458
0.66903
0.70909
0.67212
0.64974
0.64162
0.6357
0.63622
0.77695
0.7275
0.71751
0.74849
0.72124
0.6901
0.68295
0.6733
0.67099
0.69197
0.7116
0.71964
0.76292
0.76753
0.7975
0.78118
0.81232
0.75757
0.81556
0.78372
0.70072
0.69373
0.68374
0.61373
0.58188
0.57948
0.59076
0.60816
0.66249
0.75427
0.74977
0.72653
0.74469
0.74703
0.76851
0.78315
0.78604
0.77053
0.75764
0.75906
0.77679
0.75719
0.7137
0.7191
0.7107
0.70491
0.72439
0.68793
0.69759
0.72466
0.70639
0.71103
0.74138
0.72912
0.71652
0.7012
0.72023
0.72629
0.74808
0.72447
0.71924
0.70084
0.67773
0.65655
0.64383
0.6743
0.67497
0.6914
0.6934
0.69704
0.7016
0.70994
0.71561
0.70749
0.69994
0.67945
0.65798
0.64851
0.63381
0.62874
0.62359
0.61968
0.61852
0.62145
0.61813
0.6155
0.6185
0.61736
0.61858
0.63407
0.63693
0.63119
0.64031
0.65346
0.66209
0.66557
0.65783
0.63207
0.62349
0.67247
0.69348
0.65418
0.64422
0.65557
0.70156
0.73515
0.76233
0.71296
0.72852
0.7404
0.7392
0.74648
0.7517
0.74862
0.74575
0.7419
0.73867
0.72531
0.67029
0.6409
0.57006
0.49307
0.45311
0.4295
0.42546
0.46844
0.51141
0.51671
0.55616
0.65896
0.68854
0.6939
0.66346
0.68802
0.67078
0.67063
0.68044
0.69018
0.69538
0.68431
0.6869
0.68968
0.68716
0.68222
0.67775
0.67963
0.68985
0.68364
0.62709
0.63241
0.63734
0.66632
0.65239
0.63705
0.62343
0.72451
0.64024
0.65311
0.64319
0.64595
0.64552
0.65719
0.68771
0.75172
0.75449
0.69138
0.69511
0.77342
0.77496
0.75782
0.71123
0.71119
0.68747
0.67368
0.65861
0.61651
0.6094
0.60709
0.71592
0.7353
0.73598
0.74233
0.74641
0.74547
0.74468
0.74493
0.75447
0.75121
0.72783
0.72516
0.72363
0.74016
0.74405
0.7365
0.71967
0.78
0.79848
0.696
0.69787
0.69469
0.67119
0.71111
0.66227
0.68175
0.69219
0.69635
0.69247
0.69344
0.74227
0.76158
0.73478
0.7093
0.70296
0.69001
0.66654
0.6577
0.66048
0.59825
0.62704
0.82226
0.84315
0.70261
0.68056
0.68536
0.68432
0.69887
0.70049
0.7184
0.80106
0.80573
0.79958
0.80305
0.80227
0.77768
0.76281
0.7623
0.71442
0.67954
0.70995
0.73211
0.76557
0.75356
0.69939
0.68808
0.69533
0.69775
0.68476
0.67054
0.67183
0.67383
0.63111
0.61023
0.61786
0.61871
0.63922
0.64729
0.63015
0.6358
0.73856
0.63596
0.62427
0.61685
0.61624
0.60601
0.60075
0.59171
0.59501
0.58968
0.5337
0.47536
0.45842
0.45685
0.53794
0.57957
0.58167
0.59366
0.59551
0.58506
0.57808
0.58077
0.58378
0.58072
0.57615
0.57271
0.57634
0.5838
0.60422
0.60624
0.63054
0.63432
0.56226
0.408
0.43373
0.44996
0.40031
0.57669
0.54496
0.50074
0.45302
0.46516
0.42374
0.39882
0.37573
0.35828
0.38555
0.41381
0.42581
0.46485
0.45975
0.49048
0.5223
0.53843
0.4979
0.49102
0.46619
0.43659
0.42752
0.42613
0.46631
0.47758
0.49116
0.4938
0.47756
0.49065
0.49571
0.47694
0.46249
0.45587
0.44868
0.44664
0.42849
0.39663
0.3592
0.33739
0.42096
0.52804
0.52382
0.52397
0.52635
0.50768
0.49145
0.47922
0.4661
0.46522
0.495
0.58569
0.60894
0.58516
0.50969
0.44825
0.43278
0.50702
0.67628
0.72387
0.69799
0.69802
0.67653
0.62484
0.59227
0.62489
0.65757
0.74872
0.76073
0.76369
0.77387
0.77836
0.78151
0.75329
0.69867
0.6516
0.65919
0.76316
0.76624
0.76342
0.74186
0.72218
0.71209
0.71584
0.71019
0.70035
0.70345
0.68558
0.65538
0.64683
0.60361
0.58431
0.57424
0.56569
0.55181
0.5452
0.54946
0.55751
0.5492
0.53881
0.5179
0.49474
0.50866
0.52537
0.528
0.54075
0.53346
0.54199
0.55041
0.53195
0.51494
0.50945
0.50013
0.50552
0.50199
0.49955
0.48911
0.49771
0.54391
0.52276
0.41561
0.40263
0.43747
0.62405
0.68021
0.67745
0.67051
0.55215
0.49874
0.59419
0.66248
0.67274
0.67976
0.68322
0.67729
0.68364
0.68115
0.6896
0.67244
0.68174
0.6789
0.67645
0.67151
0.643
0.60203
0.59482
0.5712
0.53982
0.51251
0.50097
0.52845
0.53739
0.56158
0.65193
0.64088
0.6301
0.59813
0.56761
0.57142
0.56208
0.61435
0.61966
0.62762
0.61537
0.56798
0.55726
0.54893
0.54263
0.51353
0.52057
0.53667
0.60765
0.62475
0.64298
0.67403
0.67951
0.68127
0.65098
0.63796
0.62544
0.60159
0.57963
0.57676
0.56997
0.56434
0.56672
0.56635
0.56842
0.56561
0.56497
0.56353
0.56127
0.56045
0.55879
0.55194
0.49782
0.50275
0.5112
0.40329
0.43017
0.53022
0.53991
0.60055
0.6052
0.61693
0.62755
0.64728
0.67294
0.69266
0.68406
0.71279
0.77138
0.7764
0.77815
0.72316
0.69633
0.66987
0.66199
0.66129
0.64989
0.54486
0.51087
0.52564
0.56936
0.57032
0.60059
0.65643
0.73318
0.76936
0.76447
0.76425
0.76344
0.69985
0.73916
0.67896
0.63047
0.61227
0.62032
0.61209
0.59796
0.53306
0.43692
0.54112
0.52262
0.53034
0.5441
0.54846
