0.51862
0.50783
0.49852
0.49724
0.50108
0.51243
0.51934
0.53143
0.55464
0.60108
0.71288
0.78047
0.77878
0.77162
0.77227
0.73988
0.64582
0.56007
0.51915
0.53105
0.52173
0.52185
0.5454
0.53049
0.57279
0.63785
0.57252
0.53152
0.51681
0.4762
0.50209
0.51844
0.51997
0.52043
0.52115
0.5307
0.53988
0.57045
0.55285
0.53252
0.53294
0.41686
0.54032
0.54923
0.60704
0.61873
0.63612
0.64229
0.63351
0.62727
0.62601
0.62664
0.6307
0.63463
0.63603
0.6329
0.64478
0.65602
0.63287
0.61932
0.59552
0.53785
0.55692
0.54584
0.58381
0.58842
0.52049
0.52263
0.51505
0.50215
0.48957
0.46818
0.46227
0.47322
0.53868
0.4676
0.50466
0.5252
0.512
0.49206
0.52996
0.52208
0.61736
0.61954
0.62795
0.50656
0.67832
0.55133
0.61566
0.56509
0.52153
0.61459
0.63262
0.64325
0.63964
0.62987
0.63514
0.64859
0.60499
0.56033
0.5562
0.56131
0.57354
0.57449
0.58121
0.58602
0.56804
0.5269
0.51916
0.49802
0.47289
0.44302
0.41064
0.46564
0.67739
0.70101
0.72374
0.66826
0.62312
0.54834
0.52979
0.70881
0.64762
0.71676
0.62954
0.6121
0.61769
0.59854
0.58448
0.57994
0.57376
0.56497
0.56998
0.56973
0.57715
0.57846
0.57988
0.56479
0.56767
0.5687
0.57417
0.56598
0.56733
0.64576
0.65071
0.65463
0.65942
0.64434
0.61899
0.59869
0.59732
0.59172
0.58923
0.56899
0.48249
0.43316
0.33329
0.28982
0.48125
0.7728
0.7918
0.70885
0.70691
0.6546
0.62644
0.63965
0.66499
0.67716
0.69528
0.69117
0.81965
0.83062
0.80644
0.71041
0.70092
0.63418
0.63929
0.6653
0.66691
0.69732
0.70592
0.72003
0.7939
0.8371
0.68088
0.71938
0.68395
0.63767
0.62429
0.62241
0.63527
0.65674
0.6607
0.65242
0.64221
0.61626
0.59908
0.58514
0.5822
0.5816
0.58344
0.59604
0.59296
0.59563
0.6184
0.64003
0.73405
0.73987
0.73595
0.73168
0.67923
0.6608
0.65001
0.64573
0.63923
0.63272
0.63354
0.70074
0.70173
0.69758
0.68822
0.65443
0.64342
0.62989
0.61604
0.59154
0.57774
0.57693
0.57814
0.58228
0.57503
0.55657
0.56151
0.56289
0.56691
0.56479
0.56435
0.57472
0.57262
0.56409
0.56033
0.55777
0.56747
0.5715
0.53257
0.54944
0.57622
0.58642
0.60559
0.59569
0.59429
0.59414
0.5923
0.59342
0.58495
0.57322
0.57459
0.56129
0.56356
0.66688
0.72131
0.75076
0.76156
0.76929
0.77216
0.77374
0.76962
0.77687
0.77511
0.77455
0.77377
0.77645
0.77578
0.77715
0.77555
0.75128
0.63595
0.64063
0.64592
0.63389
0.61594
0.63512
0.64715
0.65027
0.64833
0.66147
0.66806
0.74109
0.76839
0.77343
0.75392
0.74673
0.74151
0.73078
0.68301
0.6669
0.65958
0.59485
0.63711
0.64488
0.62496
0.62776
0.63444
0.60517
0.57371
0.5569
0.6015
0.57263
0.55234
0.50769
0.48176
0.52328
0.44885
0.53117
0.55431
0.50547
0.47807
0.46861
0.46445
0.46209
0.45424
0.40479
0.39191
0.39798
0.4079
0.39272
0.35079
0.34478
0.33393
0.28545
0.28472
0.3002
0.37149
0.30518
0.27557
0.18659
0.18322
0.22018
0.28469
0.32448
0.37396
0.42978
0.47048
0.57163
0.5663
0.53181
0.56762
0.57988
0.50675
0.47131
0.4359
0.43662
0.4899
0.50728
0.52973
0.57057
0.61543
0.64109
0.66101
0.65
0.64164
0.62263
0.59447
0.57559
0.56512
0.55063
0.60843
0.6313
0.62624
0.63122
0.62139
0.60203
0.5874
0.55395
0.56101
0.54354
0.51662
0.53696
0.61029
0.5417
0.51792
0.53344
0.57274
0.5878
0.60403
0.59134
0.59897
0.57108
0.68127
0.67174
0.65364
0.64132
0.64914
0.65896
0.55844
0.42254
0.38439
0.37775
0.38364
0.38158
0.38127
0.35814
0.48092
0.47702
0.46771
0.52339
0.46885
0.51166
0.51711
0.51867
0.5084
0.50687
0.50738
0.52589
0.53233
0.54731
0.5822
0.72407
0.75747
0.7614
0.73419
0.68615
0.63499
0.56492
0.55625
0.53055
0.52429
0.52607
0.54468
0.57805
0.56724
0.59158
0.59981
0.60351
0.58711
0.58619
0.57095
0.58008
0.58833
0.5592
0.58822
0.57467
0.5829
0.56629
0.55491
0.53389
0.51629
0.49811
0.49415
0.48945
0.48764
0.48878
0.48928
0.49511
0.49777
0.49889
0.50293
0.51168
0.50714
0.48133
0.47709
0.45008
0.46947
0.45858
0.46134
0.46173
0.47134
0.45208
0.47062
0.49955
0.58689
0.64269
0.66715
0.65023
0.65561
0.64047
0.63694
0.60938
0.607
0.61583
0.58248
0.59466
0.6129
0.61032
0.61047
0.62203
0.60589
0.58086
0.60225
0.59939
0.59884
0.59842
0.60146
0.59971
0.60033
0.59388
0.59017
0.58032
0.55391
0.48403
0.51059
0.53302
0.54312
0.56152
0.58175
0.6067
0.67712
0.71508
0.72319
0.72642
0.72214
0.71632
0.69567
0.66069
0.61356
0.60159
0.58728
0.58065
0.54431
0.54462
0.54942
0.54621
0.48631
0.48182
0.48339
0.49094
0.49389
0.49691
0.48533
0.44369
0.41885
0.39923
0.40439
0.40983
0.42289
0.42264
0.47667
0.51264
0.51438
0.50914
0.49432
0.48034
0.47135
0.46764
0.47527
0.47711
0.46954
0.48614
0.51067
0.50532
0.54089
0.59606
0.60733
0.62099
0.63652
0.65031
0.67804
0.66409
0.68456
0.69241
0.68302
0.68059
0.67664
0.66583
0.65559
0.65125
0.64748
0.6248
0.60923
0.56302
0.5694
0.5799
0.62888
0.65316
0.70399
0.70023
0.71142
0.70799
0.69495
0.67297
0.60579
0.62501
0.59758
0.5943
0.60662
0.59016
0.53407
0.69191
0.67622
0.65655
0.64064
0.59812
0.54986
0.5699
0.58965
0.59181
0.53116
0.47967
0.50305
0.54749
0.57485
0.60685
0.60378
0.58868
0.57605
0.56349
0.5542
0.51284
0.47557
0.43161
0.3741
0.368
0.40387
0.43505
0.44501
0.49525
0.57841
0.58131
0.58503
0.58139
0.59414
0.61026
0.60818
0.60964
0.63711
0.61258
0.59673
0.59857
0.59246
0.58176
0.5884
0.59294
0.59162
0.58969
0.58946
0.59493
0.65544
0.66273
0.65693
0.65057
0.63798
0.61733
0.61686
0.60899
0.61941
0.62068
0.62269
0.6285
0.68849
0.70406
0.71604
0.7219
0.73488
0.76325
0.76068
0.7581
0.76933
0.74788
0.73952
0.71257
0.6292
0.55034
0.4653
0.45968
0.45216
0.45974
0.4745
0.48547
0.48489
0.4743
0.5024
0.5259
0.50275
0.52541
0.55753
0.56236
0.55014
0.52101
0.53103
0.79146
0.80364
0.80688
0.80406
0.79652
0.79638
0.80085
0.79859
0.76144
0.75462
0.75283
0.76067
0.75082
0.76474
0.77368
0.76848
0.76836
0.76177
0.72157
0.73162
0.73545
0.76512
0.76444
0.74117
0.74605
0.73603
0.73046
0.71221
0.69237
0.70864
0.72351
0.72164
0.71339
0.75099
0.78185
0.79556
0.80396
0.80934
0.81496
0.81616
0.81288
0.81811
0.81933
0.82028
0.82425
0.82599
0.83396
0.80987
0.79724
0.77249
0.73656
0.71388
0.70741
0.70107
0.68632
0.66582
0.65366
0.63513
0.62236
0.62001
0.62662
0.64758
0.65187
0.66058
0.66981
0.68563
0.67839
0.6506
0.65306
0.69144
0.73163
0.75929
0.76808
0.77647
0.78407
0.78461
0.78271
0.79444
0.80411
0.8098
0.81541
0.825
0.82986
0.79294
0.76907
0.74287
0.78092
0.77399
0.81674
0.78367
0.80103
0.81395
0.81478
0.78773
0.82526
0.83159
0.82518
0.81579
0.81233
0.7973
0.80287
0.78374
0.75995
0.74587
0.75043
0.71567
0.77844
0.74847
0.71856
0.6479
0.58913
0.56962
0.58017
0.67244
0.77903
0.77691
0.74625
0.68834
0.67796
0.80368
0.81745
0.81754
0.81529
0.80796
0.80584
0.81096
0.79108
0.74752
0.6885
0.69284
0.69344
0.70073
0.62335
0.52936
0.49343
0.64941
0.78945
0.72486
0.72903
0.72547
0.7097
0.70085
0.68757
0.71533
0.75197
0.7873
0.84041
0.86181
0.84432
0.81548
0.72383
0.73557
0.72815
0.7088
0.70097
0.68767
0.69142
0.68704
0.71487
0.76369
0.81363
0.71914
0.68974
0.69167
0.67972
0.6577
0.60911
0.57041
0.54277
0.53246
0.51855
0.47217
0.4346
0.41363
0.41845
0.42825
0.42385
0.46242
0.73912
0.7884
0.80941
0.8148
0.84443
0.84777
0.80375
0.78118
0.76251
0.74964
0.76222
0.73016
0.80929
0.83454
0.84234
0.81327
0.82545
0.74513
0.74431
0.76282
0.79976
0.69437
0.73834
0.75982
0.78145
0.68951
0.68554
0.72869
0.69796
0.69484
0.70631
0.73085
0.76243
0.75859
0.77207
0.79811
0.82244
0.82797
0.82916
0.8256
0.8245
0.80994
0.78189
0.74459
0.85671
0.86427
0.85928
0.82467
0.85288
0.84471
0.85897
0.86882
0.86951
0.86639
0.83866
0.81797
0.75734
0.7486
0.75491
0.79089
0.85352
0.82331
0.7417
0.75424
0.77257
0.76906
0.75059
0.71055
0.70732
0.69885
0.67677
0.64264
0.68977
0.72819
0.71353
0.63273
0.62257
0.60327
0.57942
0.58459
0.63806
0.73686
0.7441
0.73004
0.716
0.72046
0.73361
0.7321
0.69874
0.6866
0.65113
0.6323
0.61437
0.6051
0.57955
0.58119
0.5809
0.63447
0.70704
0.73683
0.74319
0.73788
0.77018
0.79357
0.77404
0.77273
0.7667
0.75063
0.76926
0.79699
0.78355
0.76525
0.77808
0.78386
0.69385
0.61948
0.61359
0.62881
0.66944
0.70854
0.70273
0.67252
0.6884
0.70189
0.69199
0.6895
0.69866
0.71728
0.75717
0.80392
0.7552
0.70584
0.65786
0.61875
0.59289
0.59242
0.59048
0.66201
0.67676
0.72803
0.72685
0.72465
0.71549
0.70738
0.71878
0.7311
0.69063
0.67216
0.65868
0.63955
0.60446
0.5962
0.61324
0.64753
0.70391
0.77052
0.77879
0.78835
0.76426
0.74285
0.7411
0.80591
0.74228
0.72316
0.70602
0.68947
0.66019
0.64492
0.63056
0.59684
0.79585
0.80635
0.80283
0.8116
0.81616
0.80999
0.80215
0.79201
0.7965
0.77848
0.78452
0.80117
0.80507
0.80284
0.78833
0.79049
0.7861
0.76842
0.73451
0.72232
0.67787
0.6685
0.64501
0.61419
0.59378
0.58315
0.5827
0.55835
0.54232
0.55124
0.59539
0.61422
0.678
0.66702
0.62565
0.59454
0.59075
0.57608
0.79654
0.79336
0.8039
0.81676
0.80319
0.79741
0.757
0.72821
0.71525
0.73114
0.70796
0.67789
0.64563
0.63335
0.62294
0.63502
0.69063
0.76524
0.76671
0.77911
0.77096
0.76411
0.74818
0.74714
0.77905
0.75549
0.76304
0.72797
0.69646
0.6561
0.63202
0.60937
0.58481
0.54515
0.53106
0.52827
0.51548
0.5009
0.49215
0.48055
0.46631
0.4631
0.44335
0.44876
0.4605
0.4913
0.47215
0.43997
0.43372
0.4477
0.46525
0.65426
0.50425
0.67463
0.74228
0.77299
0.7727
0.76254
0.88404
0.9166
0.82734
0.78273
0.81999
0.88051
0.80172
0.78623
0.78083
0.78251
0.74073
0.73241
0.91673
0.83001
0.80259
0.79067
0.77844
0.7416
0.6881
0.60072
0.56165
0.58171
0.65799
0.69485
0.7275
0.71952
0.6907
0.6845
0.68065
0.67577
0.65514
0.68534
0.70713
0.69565
0.66338
0.59272
0.51392
0.46786
0.44575
0.46374
0.49376
0.47859
0.47919
0.50006
0.52799
0.63794
0.49755
0.52208
0.58125
0.57742
0.78307
0.8666
0.78013
0.79808
0.88359
0.86261
0.80316
0.74987
0.86704
0.76974
0.75853
0.79459
0.77251
0.75622
0.75682
0.72922
0.70879
0.83958
0.79534
0.76876
0.79367
0.82522
0.80925
0.68424
0.70635
0.76828
0.66174
0.66027
0.73201
0.74973
0.75249
0.79027
0.8349
0.84169
0.84126
0.84826
0.84658
0.83335
0.82199
0.78529
0.68966
0.69814
0.68718
0.81529
0.73784
0.67704
0.66956
0.6381
0.61391
0.60064
0.59334
0.61096
0.55409
0.53833
0.53313
0.52917
0.55377
0.53349
0.54516
0.60082
0.74259
0.75853
0.80543
0.82357
0.84756
0.86509
0.86947
0.87553
0.87518
0.872
0.82624
0.78265
0.7083
0.66127
0.586
0.56996
0.53007
0.51317
0.51997
0.48465
0.45465
0.46131
0.43167
0.4124
0.41018
0.4796
0.76203
0.78214
0.66019
0.66206
0.70768
0.86167
0.91895
0.92928
0.94694
0.9432
0.8141
0.87789
0.75366
0.75287
0.92041
0.93464
0.88037
0.89745
0.8432
0.76642
0.77728
0.79469
0.88931
0.84542
0.84839
0.85703
0.86492
0.82627
0.80051
0.74121
0.70317
0.68695
0.68436
0.6546
0.6867
0.64885
0.64902
0.75103
0.82037
0.86675
0.88429
0.92024
0.84551
0.94324
0.89867
0.95293
0.94233
0.93998
0.92548
0.90753
0.92525
0.9105
0.92387
0.92022
0.9202
0.89611
0.83875
0.83625
0.82727
0.88441
0.90373
0.89583
0.84731
0.78964
0.7483
0.82023
0.8468
0.83527
0.79547
0.74917
0.68096
0.67941
0.68272
0.73171
0.70577
0.71751
0.6984
0.61781
0.62236
0.65591
0.70805
0.64514
0.64041
0.68326
0.71679
0.71852
0.73882
0.73945
0.75442
0.77331
0.78997
0.78165
0.77592
0.80083
0.80765
0.81718
0.78822
0.80601
0.77883
0.67321
0.69309
0.68299
0.66857
0.66297
0.67171
0.68437
0.70868
0.7737
0.83456
0.84762
0.81058
0.79813
0.81356
0.82893
0.83416
0.81497
0.73439
0.71046
0.68539
0.64669
0.6072
0.63531
0.72355
0.80965
0.82051
0.82665
0.87215
0.86714
0.91714
0.94499
0.94906
0.97506
0.95074
0.89997
0.89078
0.83394
0.83307
0.83282
0.82524
0.78789
0.78267
0.72191
0.7517
0.73916
0.75767
0.7123
0.73417
0.76082
0.78739
0.82273
0.83152
0.82353
0.82662
0.85073
0.82075
0.80569
0.82216
0.8239
0.84743
0.85874
0.73272
0.95471
0.86552
0.97727
0.92315
0.96786
0.95453
0.91889
0.95179
0.96413
0.91706
0.97946
0.92085
0.87097
0.818
0.78381
0.79632
0.77255
0.72647
0.75519
0.73942
0.74315
0.76597
0.7914
0.76007
0.79724
0.7504
0.74021
0.72439
0.7528
0.78848
0.74495
0.7169
0.66765
0.68572
0.78745
0.75281
0.70961
0.7297
0.73098
0.81619
0.98465
0.98374
0.97113
0.9631
0.95229
0.94804
0.89947
0.86551
0.84915
0.81554
0.86151
0.80705
0.84304
0.85246
0.80621
0.77792
0.74952
0.72079
0.73254
0.80146
0.80152
0.80855
0.85331
0.85451
0.82727
0.78869
0.75963
0.92258
0.96674
0.95238
0.97573
0.95753
0.96982
0.96715
0.96518
0.97009
0.96234
0.96918
0.97603
0.97235
0.97742
0.97315
0.90061
0.95688
0.96775
0.96298
0.96785
0.97557
0.98275
0.98905
0.99198
0.99448
0.9889
0.9862
0.98379
0.98846
0.98314
0.96547
0.94876
0.94411
0.95827
0.94872
0.94
0.87813
0.85457
0.879
0.8635
0.8883
0.8585
0.91941
0.78339
0.8172
0.90602
0.8659
0.85548
0.91641
0.93834
0.92179
0.91047
0.89254
0.83328
0.90312
0.6859
0.6356
0.77048
0.76975
0.81829
0.76732
0.73574
0.70853
0.67832
0.65737
0.66968
0.74897
0.73541
0.74792
0.7735
0.75137
0.80944
0.73824
0.72612
0.79524
0.8268
0.78878
0.79947
0.80651
0.80719
0.85945
0.90572
0.91332
0.92052
0.92005
0.88636
0.92293
0.92134
0.92466
0.92014
0.91619
0.91104
0.88724
0.90406
0.63692
0.70373
0.76101
0.72439
0.71018
0.68134
0.64611
0.6841
0.74008
0.85175
0.85867
0.88305
0.85971
0.81287
0.79841
0.75583
0.73115
0.77004
0.92066
0.9261
0.89524
0.79904
0.79492
0.77208
0.77819
0.74984
0.71658
0.7194
0.71176
0.75953
0.76175
0.74472
0.75695
0.80884
0.88436
0.90114
0.91242
0.92549
0.93577
0.94787
0.92881
0.93977
0.9457
0.94313
0.94112
0.94271
0.89735
0.91304
0.88612
0.91864
0.93869
0.87011
0.86683
0.82502
0.80637
0.80579
0.76403
0.73531
0.69998
0.6946
0.71174
0.72437
0.71367
0.71815
0.72397
0.66542
0.69998
0.7201
0.73657
0.81867
0.7673
0.69751
0.67263
0.68966
0.71341
0.74547
0.75855
0.7293
0.73576
0.74205
0.78803
0.74752
0.72052
0.73522
0.76502
0.72387
0.60407
0.62284
0.7057
0.67958
0.6641
0.67292
0.66601
0.62473
0.61735
0.59137
0.60231
0.65073
0.64324
0.63416
0.66206
0.6937
0.71436
0.74398
0.76519
0.77457
0.7906
0.81231
0.82347
0.83313
0.82467
0.83807
0.83191
0.84118
0.87511
0.9282
0.89959
0.86738
0.8559
0.89953
0.90278
0.91287
0.91667
0.90401
0.92584
0.97939
0.96627
0.92458
0.91969
0.93195
0.9352
0.94895
0.93546
0.92258
0.9111
0.89626
0.90396
0.88169
0.89852
0.87665
0.90716
0.87267
0.83658
0.81925
0.84397
0.86696
0.92107
0.91741
0.90436
0.9171
0.83142
0.87454
0.92575
0.92776
0.93409
0.93986
0.94004
0.92807
0.91498
0.80295
0.79305
0.7506
0.7609
0.80943
0.84327
0.80696
0.79468
0.71981
0.67585
0.64575
0.63798
0.65151
0.66561
0.65208
0.64138
0.63105
0.62831
0.664
0.71519
0.90157
0.90536
0.86942
0.79941
0.74703
0.68301
0.64485
0.60755
0.5436
0.50852
0.5172
0.59246
0.6325
0.65856
0.65962
0.61427
0.78348
0.89724
0.82538
0.76776
0.94571
0.9487
0.95405
0.88329
0.9454
0.93852
0.92968
0.92848
0.92855
0.90097
0.7486
0.6587
0.73949
0.84172
0.79907
0.67357
0.88885
0.68885
0.65481
0.64894
0.64979
0.75825
0.86907
0.79001
0.78512
0.78346
0.8115
0.7229
0.70484
0.84646
0.72302
0.62618
0.63389
0.89156
0.90056
0.90512
0.67543
0.71904
0.61581
0.65952
0.67147
0.65219
0.66403
0.68385
0.70726
0.74823
0.77301
0.75117
0.80294
0.75349
0.76946
0.78573
0.83283
0.82071
0.80233
0.81562
0.81347
0.8245
0.81436
0.86119
0.86563
0.94554
0.9406
0.92994
0.93704
0.84274
0.79977
0.77632
0.80979
0.80312
0.82608
0.93142
0.90686
0.95538
0.84636
0.87992
0.88427
0.88143
0.86926
0.83116
0.79904
0.77559
0.6243
0.68414
0.62166
0.52832
0.48933
0.45667
0.56305
0.56533
0.54198
0.59662
0.72178
0.7377
0.87615
0.90811
0.92436
0.94411
0.941
0.93424
0.9392
0.94141
0.94237
0.93917
0.93817
0.9422
0.92931
0.89604
0.88091
0.85224
0.83342
0.78389
0.74881
0.77744
0.85653
0.86655
0.82813
0.88568
0.89853
0.91009
0.91823
0.91354
0.91312
0.90596
0.90424
0.90452
0.90156
0.90163
0.90558
0.91134
0.91202
0.90766
0.87693
0.7974
0.76385
0.89081
0.90409
0.90939
0.91259
0.91472
0.91288
0.90079
0.89396
0.90373
0.81889
0.78207
0.6835
0.67033
0.61544
0.64466
0.6588
0.73605
0.76698
0.79822
0.80337
0.83527
0.83385
0.8144
0.78779
0.76253
0.75615
0.75634
0.74726
0.71422
0.71029
0.73798
0.7494
0.77074
0.84635
0.8789
0.90281
0.92375
0.92347
0.86918
0.88392
0.80814
0.83989
0.82981
0.80403
0.828
0.87125
0.86729
0.88693
0.89759
0.91056
0.87215
0.81253
0.80034
0.7516
0.69782
0.67142
0.67436
0.71142
0.76578
0.77641
0.79358
0.8331
0.81777
0.82828
0.8451
0.84461
0.72988
0.73192
0.78036
0.81828
0.87367
0.85126
0.85868
0.81592
0.74062
0.69933
0.69676
0.72828
0.76028
0.78457
0.82282
0.8441
0.83586
0.84725
0.85468
0.82753
0.82012
0.8283
0.8388
0.83742
0.84689
0.80764
0.79976
0.79075
0.79729
0.84912
0.7628
0.75548
0.74377
0.75844
0.7731
0.77131
0.77192
0.78134
0.78034
0.76554
0.7467
0.72403
0.70703
0.69873
0.68533
0.70117
0.74099
0.77272
0.85297
0.85801
0.84322
0.84465
0.82808
0.80408
0.76237
0.7402
0.71511
0.67958
0.63658
0.60869
0.63606
0.63172
0.64181
0.64418
0.63908
0.61626
0.58952
0.58926
0.57333
0.57296
0.57699
0.6314
0.64389
0.67182
0.68308
0.68733
0.68338
0.65824
0.61836
0.60571
0.61548
0.60652
0.60182
0.66426
0.76793
0.79054
0.80113
0.7729
0.74764
0.75431
0.82973
0.84543
0.84375
0.84096
0.84237
0.84104
0.84596
0.84571
0.84128
0.84263
0.84799
0.78728
0.7807
0.76362
0.75828
0.73977
0.73871
0.74383
0.61365
0.58489
0.87581
0.88528
0.87049
0.87395
0.87514
0.89761
0.80155
0.75873
0.76178
0.76547
0.78618
0.82325
0.86564
0.84713
0.8522
0.82728
0.82726
0.88837
0.77261
0.79394
0.81592
0.79709
0.79338
0.7748
0.71671
0.64064
0.63763
0.62486
0.59824
0.6119
0.63052
0.62435
0.63495
0.66023
0.68141
0.69175
0.66392
0.71238
0.71866
0.73981
0.75575
0.74689
0.74275
0.72057
0.73837
0.6958
0.81721
0.69297
0.77586
0.82499
0.82022
0.80241
0.80081
0.79912
0.79295
0.77816
0.76494
0.79684
0.77634
0.71818
0.62047
0.59507
0.71924
0.77971
0.85947
0.88944
0.81455
0.78525
0.78413
0.79858
0.82117
0.80402
0.80645
0.78786
0.8008
0.79451
0.7862
0.78185
0.69963
0.71097
0.72447
0.81553
0.88443
0.88912
0.88076
0.88379
0.88468
0.8781
0.79505
0.66311
0.72225
0.81952
0.76833
0.76645
0.76432
0.72968
0.70747
0.70106
0.67943
0.67652
0.67704
0.67678
0.67188
0.66886
0.68253
0.68892
0.65732
0.64059
0.64074
0.66684
0.72868
0.78244
0.78899
0.81893
0.80955
0.76656
0.76044
0.57139
0.48543
0.46327
0.40205
0.37379
0.35881
0.40856
0.48087
0.49353
0.52239
0.53084
0.53775
0.49173
0.45582
0.48588
0.73176
0.7142
0.71304
0.70439
0.70006
0.69505
0.69855
0.69466
0.70151
0.75548
0.70328
0.71013
0.73992
0.69161
0.64362
0.62025
0.60625
0.61284
0.62236
0.62322
0.65146
0.75127
0.76241
0.74238
0.74202
0.76601
0.77621
0.76764
0.68149
0.80216
0.78365
0.80102
0.78484
0.75354
0.71967
0.70373
0.70167
0.71175
0.70889
0.70237
0.69331
0.66471
0.62173
0.5771
0.57672
0.58612
0.55729
0.50029
0.38224
0.42875
0.5468
0.72717
0.71136
0.67583
0.72259
0.70535
0.63275
0.62536
0.59588
0.45493
0.43478
0.43823
0.40117
0.48788
0.58314
0.57589
0.568
0.63818
0.70327
0.70283
0.47418
0.38306
0.37715
0.40292
0.42805
0.42097
0.40104
0.42704
0.47792
0.51006
0.54002
0.57696
0.58365
0.56761
0.56643
0.56199
0.56547
0.57083
0.56734
0.58533
0.55682
0.59156
0.64207
0.68784
0.70444
0.69791
0.70215
0.69809
0.68517
0.66608
0.65637
0.65814
0.64924
0.64541
0.65757
0.63885
0.65493
0.65759
0.66643
0.68548
0.706
0.73198
0.75048
0.74942
0.74832
0.7394
0.74133
0.74316
0.74819
0.74716
0.74361
0.7419
0.76525
0.76393
0.77457
0.75803
0.71307
0.72419
0.73215
0.73444
0.73514
0.73651
0.7435
0.7499
0.76361
0.7595
0.7438
0.73869
0.72796
0.76012
0.77265
0.76499
0.7649
0.76862
0.74089
0.69283
0.68405
0.69471
0.69312
0.69996
0.72436
0.69439
0.72035
0.73106
0.74266
0.74034
0.71364
0.72775
0.71719
0.74521
0.73736
0.78249
0.72285
0.73818
0.76301
0.76293
0.76509
0.7753
0.77102
0.76462
0.76043
0.74197
0.72679
0.72431
0.7216
0.72398
0.71871
0.71705
0.71592
0.71465
0.71891
0.71934
0.72335
0.73543
0.74289
0.73729
0.7219
0.72499
0.72564
0.7243
0.71302
0.70772
0.73889
0.70413
0.66942
0.68054
0.69162
0.74116
0.73966
0.72341
0.7511
0.76904
0.77619
0.79632
0.79065
0.78612
0.78594
0.78949
0.78797
0.79175
0.79281
0.78816
0.77481
0.6929
0.70601
0.69359
0.68456
0.68229
0.70029
0.69243
0.68646
0.76046
0.77563
0.78513
0.7938
0.79604
0.78704
0.78469
0.7931
0.80009
0.80296
0.80481
0.80925
0.80175
0.80075
0.79701
0.78306
0.75832
0.75071
0.76711
0.76841
0.75512
0.73351
0.72778
0.72831
0.72858
0.71112
0.72187
0.73375
0.71532
0.73069
0.75382
0.75257
0.80077
0.81967
0.81403
0.84153
0.78098
0.7236
0.71977
0.7446
0.72808
0.71487
0.7081
0.70513
0.68386
0.69082
0.69424
0.70527
0.74964
0.79431
0.78202
0.77682
0.78245
0.774
0.79313
0.72987
0.71102
0.75312
0.78513
0.79081
0.73327
0.70915
0.69702
0.75166
0.72086
0.671
0.67429
0.68022
0.68015
0.75558
0.70935
0.65215
0.65799
0.65661
0.66175
0.61276
0.5135
0.43982
0.40986
0.40806
0.42976
0.606
0.64688
0.68683
0.68978
0.70139
0.74135
0.74068
0.59548
0.6021
0.62577
0.64674
0.64298
0.61794
0.6002
0.59508
0.59599
0.59468
0.5948
0.58425
0.59496
0.55798
0.56735
0.60292
0.62212
0.64703
0.63573
0.66418
0.68315
0.67594
0.6706
0.75436
0.75602
0.75015
0.72323
0.68546
0.72609
0.74598
0.75615
0.7566
0.74719
0.58303
0.57534
0.60625
0.61638
0.61515
0.62071
0.61214
0.58904
0.5747
0.56408
0.52576
0.46739
0.44103
0.48518
0.39188
0.31644
0.35289
0.35366
0.38033
0.66275
0.78149
0.74116
0.73323
0.73604
0.73417
0.72505
0.71507
0.73686
0.78789
0.8053
0.79469
0.76327
0.76188
0.77281
0.77066
0.76068
0.74428
0.73305
0.74277
0.74002
0.78968
0.74776
0.74098
0.73607
0.742
0.74686
0.72621
0.68917
0.6874
0.69016
0.68436
0.6708
0.68258
0.67214
0.66347
0.66153
0.66577
0.66058
0.67596
0.70048
0.70853
0.72404
0.71863
0.71332
0.65969
0.61534
0.62997
0.6417
0.64993
0.77202
0.76949
0.71081
0.70007
0.69352
0.68318
0.69253
0.69529
0.69512
0.69077
0.69964
0.70209
0.71477
0.67341
0.64483
0.58843
0.50592
0.46509
0.48263
0.43476
0.44121
0.47045
0.48957
0.52183
0.57688
0.60238
0.59903
0.6045
0.63527
0.65572
0.73663
0.71649
0.65371
0.58732
0.51407
0.53836
0.54301
0.62925
0.69855
0.70245
0.71635
0.7224
0.68068
0.66759
0.66823
0.692
0.71277
0.69
0.68145
0.6836
0.68079
0.68595
0.68999
0.68244
0.6793
0.69318
0.68409
0.69193
0.67528
0.66363
0.66011
0.66226
0.66268
0.67722
0.7051
0.72799
0.71893
0.7135
0.70669
0.68455
0.65449
0.64674
0.64714
0.65187
0.63596
0.62667
0.62988
0.63887
0.65825
0.65644
0.66294
0.66409
0.66876
0.63955
0.61111
0.5989
0.75532
0.58141
0.6056
0.64699
0.6786
0.68086
0.69078
0.69129
0.76891
0.6773
0.67859
0.67936
0.68069
0.67869
0.79166
0.72949
0.71963
0.71308
0.7102
0.69742
0.68237
0.65443
0.637
0.65528
0.66615
0.62845
0.65962
0.65017
0.64458
0.64956
0.65726
0.65528
0.6721
0.66027
0.63424
0.63277
0.6108
0.59992
0.58113
0.52794
0.50659
0.52788
0.55183
0.57617
0.61849
0.62243
0.60815
0.61461
0.65562
0.64577
0.62311
0.62737
0.58366
0.57502
0.57581
0.5629
0.58276
0.58875
0.60492
0.64136
0.69364
0.70561
0.73263
0.66148
0.7721
0.82352
0.75481
0.70486
0.61354
0.58522
0.69152
0.7485
0.77039
0.76405
0.75178
0.72694
0.70691
0.70295
0.67239
0.67529
0.67738
0.60209
0.64735
0.51918
0.49066
0.50301
0.54695
0.54273
0.5217
0.49709
0.52594
0.5995
0.64049
0.62412
0.63725
0.63993
0.6423
0.64316
0.64311
0.64346
0.67141
0.57192
0.58394
0.62683
0.63601
0.62923
0.6582
0.64235
0.6604
0.68267
0.69889
0.70941
0.66927
0.67462
0.67977
0.69092
0.66228
0.71697
0.63195
0.64268
0.57653
0.52535
0.48794
0.50726
0.54691
0.53475
0.5125
0.59867
0.77691
0.77244
0.77341
0.76616
0.77385
0.789
0.78823
0.78684
0.7935
0.79992
0.79665
0.7957
0.78688
0.79515
0.80913
0.80455
0.77331
0.75871
0.75336
0.74174
0.73718
0.73348
0.67938
0.8055
0.83698
0.83336
0.80657
0.81126
0.83509
0.83532
0.83678
0.8424
0.73476
0.73706
0.74723
0.75535
0.82746
0.79699
0.79157
0.73142
0.70249
0.71731
0.74195
0.74051
0.72165
0.72435
0.70683
0.7177
0.71646
0.68048
0.49176
0.42341
0.44474
0.4648
0.48751
0.49489
0.48361
0.46764
0.45143
0.46748
0.46597
0.44791
0.44002
0.4473
0.46708
0.50591
0.71076
0.73579
0.74251
0.70865
0.66443
0.65834
0.65691
0.66025
0.66175
0.66332
0.66938
0.66745
0.66417
0.65818
