0.4305
0.41964
0.43291
0.47052
0.50536
0.5498
0.55627
0.5548
0.56549
0.5436
0.56438
0.57845
0.57931
0.56473
0.55062
0.4994
0.50074
0.51045
0.49408
0.5173
0.59393
0.58286
0.60124
0.56889
0.5783
0.5921
0.55853
0.50837
0.5487
0.60794
0.74559
0.78902
0.73678
0.71934
0.71725
0.69442
0.67776
0.69077
0.72011
0.71448
0.71341
0.70067
0.70176
0.70188
0.69733
0.68891
0.68543
0.64341
0.55977
0.56037
0.60501
0.7729
0.66974
0.6548
0.66226
0.67119
0.68823
0.71162
0.7291
0.74966
0.66849
0.59959
0.66659
0.73833
0.76365
0.75637
0.7524
0.75516
0.68518
0.64584
0.72276
0.75954
0.76685
0.82598
0.79898
0.77169
0.71657
0.69448
0.70303
0.70535
0.71422
0.70537
0.69318
0.69828
0.70183
0.68771
0.65889
0.64075
0.63397
0.62565
0.59319
0.59892
0.59782
0.6017
0.60526
0.60846
0.61321
0.6168
0.61889
0.6181
0.62123
0.61667
0.62171
0.61262
0.6082
0.57623
0.60158
0.75364
0.7723
0.78535
0.71198
0.60719
0.56344
0.53276
0.59677
0.59736
0.62825
0.68719
0.58304
0.57138
0.58677
0.59192
0.63372
0.69083
0.67361
0.74155
0.77105
0.77848
0.77802
0.77754
0.75069
0.65658
0.55447
0.52123
0.52715
0.50544
0.70395
0.71557
0.72534
0.72468
0.72067
0.72062
0.72068
0.71774
0.71422
0.71413
0.69279
0.65341
0.69187
0.62315
0.67692
0.67346
0.57551
0.56322
0.53814
0.50249
0.50626
0.55026
0.56459
0.57157
0.5848
0.54154
0.48865
0.68313
0.7329
0.67448
0.66727
0.7596
0.62895
0.66545
0.5558
0.68302
0.61592
0.58296
0.5835
0.58047
0.58877
0.59797
0.60067
0.58609
0.57972
0.59733
0.70737
0.72877
0.69683
0.68141
0.63883
0.61465
0.6101
0.58668
0.53585
0.52467
0.57125
0.64689
0.62366
0.61936
0.61504
0.59882
0.56425
0.51298
0.43803
0.38075
0.56766
0.6571
0.69321
0.70895
0.68448
0.64011
0.62
0.58776
0.58001
0.64308
0.58342
0.55761
0.55209
0.61364
0.67618
0.64725
0.69269
0.70657
0.57052
0.56118
0.54645
0.52454
0.53788
0.54556
0.55016
0.50865
0.45105
0.59449
0.72307
0.71124
0.69449
0.68422
0.66295
0.6289
0.61777
0.58733
0.61143
0.73665
0.74249
0.69403
0.63352
0.62944
0.64145
0.62522
0.60188
0.59366
0.55612
0.5203
0.5164
0.48512
0.47299
0.46179
0.51487
0.53518
0.5557
0.592
0.6446
0.71384
0.7466
0.63514
0.49436
0.4388
0.49331
0.52269
0.68192
0.78928
0.77037
0.65598
0.53096
0.50951
0.54008
0.5318
0.53857
0.52984
0.55803
0.70147
0.70527
0.70692
0.68967
0.58362
0.48199
0.46971
0.54037
0.67945
0.5982
0.4577
0.44541
0.48585
0.53206
0.58562
0.52459
0.51185
0.51798
0.47512
0.46095
0.47154
0.64453
0.64894
0.59618
0.54143
0.51612
0.53374
0.52665
0.52167
0.51553
0.49835
0.47686
0.46304
0.46434
0.45686
0.46131
0.47348
0.49088
0.48332
0.50171
0.49486
0.47822
0.45023
0.42724
0.46227
0.48319
0.51336
0.6051
0.63217
0.66708
0.70865
0.72906
0.72094
0.77685
0.79013
0.7905
0.79072
0.78889
0.7748
0.7309
0.69617
0.67884
0.6589
0.63434
0.63227
0.63463
0.63588
0.61263
0.61523
0.61996
0.61239
0.60201
0.51325
0.57682
0.55281
0.55113
0.54018
0.52851
0.52734
0.49677
0.49195
0.53738
0.62456
0.74637
0.77745
0.75611
0.67673
0.6482
0.68971
0.69444
0.70021
0.70816
0.70391
0.73787
0.7555
0.78365
0.77815
0.73762
0.75773
0.75259
0.76292
0.75898
0.73956
0.73494
0.67299
0.73052
0.74123
0.74964
0.76518
0.7818
0.68805
0.66506
0.66306
0.65877
0.55488
0.48745
0.40898
0.57454
0.73394
0.71656
0.83905
0.77501
0.66702
0.6309
0.61043
0.606
0.63546
0.64666
0.62901
0.57919
0.57474
0.56715
0.57238
0.57733
0.57308
0.58872
0.70722
0.70896
0.70948
0.72063
0.71818
0.72234
0.72342
0.72779
0.72758
0.7234
0.68553
0.62409
0.72724
0.7376
0.65223
0.5955
0.5879
0.61611
0.58359
0.58583
0.5915
0.60121
0.649
0.76345
0.76551
0.75486
0.74435
0.73265
0.7176
0.70699
0.69255
0.6418
0.62227
0.60108
0.61501
0.60413
0.60211
0.58644
0.5712
0.55934
0.55087
0.54654
0.55953
0.55204
0.54758
0.56733
0.53638
0.54654
0.54846
0.5469
0.56063
0.56613
0.5717
0.57186
0.55598
0.5256
0.47952
0.4497
0.40804
0.33883
0.30327
0.3048
0.34014
0.36001
0.70482
0.75629
0.74211
0.73872
0.7495
0.74281
0.7846
0.7739
0.74765
0.75282
0.78634
0.7532
0.75232
0.7001
0.78228
0.7066
0.6894
0.66645
0.64072
0.62268
0.62582
0.62974
0.64543
0.63479
0.64748
0.72816
0.75034
0.76437
0.75103
0.7174
0.73198
0.71959
0.6913
0.67418
0.67338
0.64624
0.64517
0.6092
0.59814
0.55352
0.53967
0.54237
0.54522
0.61976
0.62152
0.61726
0.68844
0.71402
0.58573
0.54591
0.57765
0.64848
0.6541
0.66369
0.67593
0.68612
0.67906
0.60963
0.65186
0.6747
0.71849
0.7485
0.70567
0.6488
0.62477
0.6379
0.62432
0.63664
0.60664
0.61519
0.65971
0.72366
0.6294
0.59536
0.58502
0.53093
0.50195
0.51797
0.5895
0.60981
0.62069
0.62997
0.63758
0.63428
0.61731
0.6069
0.60946
0.61101
0.60112
0.5989
0.59063
0.58556
0.59573
0.6188
0.61229
0.61669
0.66383
0.60894
0.61687
0.60863
0.61117
0.62548
0.62558
0.62461
0.58885
0.62029
0.65972
0.49994
0.52287
0.63825
0.60166
0.4398
0.5534
0.45218
0.45993
0.51914
0.66167
0.71009
0.73039
0.62949
0.61207
0.66151
0.66738
0.53423
0.68269
0.70613
0.68443
0.67928
0.68614
0.69235
0.74202
0.75375
0.68333
0.66817
0.57247
0.60694
0.60536
0.64906
0.622
0.62326
0.62872
0.66526
0.67134
0.68216
0.63417
0.64529
0.67019
0.66898
0.66584
0.67838
0.69799
0.73536
0.73737
0.8013
0.805
0.81167
0.81437
0.81949
0.8192
0.81362
0.79883
0.76156
0.6632
0.66801
0.76483
0.78495
0.74685
0.72184
0.71875
0.71044
0.70028
0.68943
0.56701
0.55495
0.56722
0.52124
0.67537
0.66156
0.58327
0.56629
0.5213
0.58604
0.46504
0.44667
0.46433
0.46502
0.43885
0.41095
0.38318
0.3904
0.37303
0.37125
0.37589
0.37313
0.36897
0.39891
0.47204
0.49252
0.47709
0.47843
0.46143
0.38755
0.46504
0.67539
0.79787
0.73793
0.70278
0.69361
0.63194
0.60592
0.59624
0.61946
0.63035
0.61086
0.62933
0.63488
0.64914
0.66879
0.70263
0.72759
0.7301
0.7568
0.73833
0.75674
0.72819
0.75945
0.7141
0.7155
0.69681
0.64668
0.62317
0.59387
0.58561
0.60375
0.61392
0.69414
0.70726
0.70654
0.68349
0.68043
0.67692
0.65397
0.62671
0.60209
0.58837
0.57512
0.53591
0.51861
0.50188
0.50458
0.49579
0.49168
0.44581
0.42069
0.40066
0.41574
0.48607
0.5055
0.53517
0.53941
0.44785
0.34621
0.27591
0.246
0.24015
0.23876
0.25395
0.27744
0.30587
0.38554
0.4232
0.43797
0.45737
0.45116
0.44043
0.42968
0.42124
0.43231
0.41309
0.40269
0.40536
0.4049
0.39618
0.38648
0.38079
0.57959
0.71075
0.76743
0.74757
0.69278
0.69703
0.68667
0.69519
0.70143
0.72156
0.68149
0.65498
0.63462
0.62243
0.61501
0.60729
0.58671
0.56951
0.54571
0.52638
0.49814
0.49354
0.49911
0.51017
0.51516
0.53187
0.55765
0.57569
0.59917
0.60781
0.65088
0.68535
0.71834
0.72869
0.64227
0.63763
0.64264
0.64177
0.63811
0.57677
0.51388
0.49675
0.47202
0.47579
0.49434
0.52059
0.54355
0.54719
0.57601
0.5915
0.57249
0.58017
0.61725
0.66992
0.70712
0.74248
0.78241
0.78938
0.76936
0.76125
0.75096
0.75053
0.77334
0.76317
0.74199
0.71126
0.68722
0.63151
0.61508
0.54277
0.57338
0.60382
0.6108
0.61731
0.62825
0.64077
0.65569
0.67443
0.69051
0.6876
0.65967
0.64257
0.61554
0.60844
0.59644
0.59184
0.59894
0.6194
0.61055
0.60747
0.59589
0.60191
0.61444
0.62571
0.65807
0.70804
0.74364
0.74823
0.71375
0.68429
0.67742
0.66676
0.67123
0.67041
0.66868
0.66988
0.65616
0.64565
0.63345
0.60766
0.57426
0.58447
0.63418
0.62756
0.68986
0.70419
0.72098
0.73026
0.73941
0.75536
0.75455
0.75519
0.76108
0.75628
0.74284
0.72175
0.73333
0.74433
0.68234
0.60059
0.63287
0.74302
0.83926
0.83403
0.82651
0.82346
0.83095
0.82852
0.83254
0.82912
0.80475
0.80562
0.71486
0.6725
0.6481
0.63615
0.64428
0.65386
0.67506
0.75202
0.71607
0.74393
0.80987
0.81765
0.80857
0.79735
0.815
0.80056
0.76579
0.72463
0.72436
0.76807
0.80609
0.78712
0.7532
0.71605
0.71432
0.67502
0.63938
0.65824
0.6878
0.68448
0.7032
0.72935
0.74665
0.84995
0.7412
0.72854
0.71233
0.72974
0.69556
0.68972
0.69754
0.70115
0.72198
0.75381
0.79553
0.74394
0.70998
0.70189
0.72944
0.75768
0.78142
0.80638
0.77419
0.85083
0.85156
0.83106
0.73695
0.74239
0.74256
0.72235
0.7126
0.71528
0.81952
0.79946
0.7761
0.77883
0.7905
0.79567
0.76624
0.77558
0.77408
0.7853
0.77383
0.73777
0.69479
0.65931
0.65697
0.61525
0.63013
0.65994
0.62197
0.61876
0.59988
0.58817
0.61368
0.63435
0.62301
0.5782
0.55686
0.54105
0.54323
0.55843
0.56563
0.58702
0.5794
0.5562
0.54212
0.55565
0.59092
0.62385
0.6685
0.66374
0.60269
0.61361
0.55456
0.47687
0.46604
0.45076
0.45803
0.47795
0.50472
0.47196
0.53795
0.64312
0.71557
0.72623
0.7092
0.70325
0.69768
0.66511
0.74017
0.80729
0.80236
0.8034
0.76221
0.71192
0.68297
0.76414
0.7922
0.749
0.78722
0.78078
0.73954
0.69899
0.67066
0.6476
0.7098
0.79245
0.79987
0.80103
0.79168
0.84632
0.79734
0.72596
0.73286
0.73309
0.74328
0.74673
0.75275
0.75643
0.7542
0.73838
0.78962
0.69984
0.72996
0.77122
0.88907
0.77468
0.7615
0.76161
0.77526
0.75953
0.76095
0.75242
0.75541
0.83187
0.85885
0.90698
0.80144
0.89547
0.80324
0.77408
0.78514
0.78434
0.84275
0.81205
0.7503
0.77377
0.75953
0.7344
0.75434
0.78846
0.78666
0.78151
0.92403
0.82567
0.77446
0.73607
0.70626
0.7076
0.71165
0.72768
0.7365
0.73095
0.74494
0.74997
0.73343
0.72597
0.69973
0.63896
0.70328
0.61277
0.7169
0.74931
0.68888
0.78176
0.80379
0.88098
0.89371
0.80588
0.83376
0.77974
0.74392
0.71578
0.67091
0.87434
0.84753
0.87964
0.84915
0.8051
0.80843
0.77871
0.7124
0.76243
0.76979
0.83812
0.85078
0.83468
0.82118
0.82748
0.85365
0.86584
0.85816
0.84454
0.85351
0.87045
0.89165
0.80424
0.74789
0.77578
0.88154
0.88472
0.88324
0.88128
0.89104
0.71305
0.7681
0.90983
0.90532
0.90227
0.90261
0.90323
0.8989
0.90823
0.9059
0.90397
0.88739
0.82505
0.8261
0.86145
0.8456
0.83484
0.82936
0.83687
0.83944
0.82771
0.82653
0.82942
0.81195
0.80386
0.7977
0.77722
0.75763
0.86323
0.88532
0.90213
0.91597
0.91975
0.8768
0.81971
0.81839
0.82317
0.83417
0.84194
0.80404
0.77362
0.8261
0.8145
0.81063
0.807
0.8202
0.77125
0.75472
0.72818
0.73581
0.7834
0.75369
0.76302
0.74337
0.87147
0.66893
0.76082
0.80618
0.63672
0.69569
0.79453
0.76005
0.75888
0.71923
0.66441
0.67773
0.64219
0.64063
0.67071
0.69032
0.73534
0.71537
0.68078
0.66609
0.65205
0.69318
0.73926
0.73658
0.7157
0.69338
0.644
0.62215
0.61293
0.61315
0.62655
0.69133
0.72798
0.69867
0.61301
0.62701
0.6557
0.66159
0.62679
0.67924
0.67597
0.68204
0.67714
0.66885
0.68551
0.6912
0.64665
0.62062
0.66646
0.72745
0.69153
0.69146
0.70727
0.72321
0.60082
0.67531
0.771
0.75976
0.80056
0.82597
0.80415
0.78941
0.76968
0.80124
0.82635
0.79277
0.91348
0.8805
0.83679
0.77953
0.76253
0.79682
0.81017
0.69283
0.64083
0.878
0.86259
0.86791
0.85961
0.87014
0.8755
0.86414
0.85586
0.87012
0.79329
0.79718
0.79412
0.78474
0.78481
0.79199
0.78314
0.76822
0.74891
0.7468
0.77707
0.82282
0.8463
0.80239
0.80904
0.90384
0.88015
0.86974
0.86708
0.87693
0.79753
0.92327
0.92001
0.92789
0.93669
0.92719
0.91458
0.80589
0.79292
0.8255
0.78337
0.88209
0.83689
0.8325
0.81901
0.81578
0.81774
0.76115
0.70798
0.72972
0.74131
0.77768
0.85314
0.77757
0.80469
0.72412
0.70972
0.70625
0.76599
0.79847
0.80926
0.79198
0.7753
0.73283
0.68653
0.70144
0.92944
0.80849
0.93312
0.86296
0.8109
0.76425
0.80558
0.95729
0.77557
0.76778
0.74816
0.74347
0.68384
0.69532
0.81914
0.87129
0.78589
0.78201
0.95079
0.83059
0.78458
0.7469
0.74944
0.84285
0.93243
0.83625
0.70767
0.7036
0.70941
0.73282
0.65067
0.68919
0.67635
0.81292
0.86431
0.81681
0.81249
0.77316
0.71864
0.74995
0.92379
0.92162
0.92213
0.93333
0.93928
0.93957
0.95063
0.96076
0.96199
0.95209
0.90848
0.92127
0.88266
0.77658
0.75003
0.73493
0.70842
0.69816
0.74254
0.76236
0.72752
0.78733
0.80657
0.685
0.6768
0.66047
0.63154
0.58829
0.64836
0.71198
0.84666
0.83937
0.86749
0.77796
0.7645
0.80765
0.79225
0.7753
0.76513
0.74959
0.73989
0.79093
0.90943
0.93994
0.82155
0.7759
0.74962
0.72392
0.76271
0.69986
0.70122
0.77279
0.75769
0.84558
0.96727
0.98168
0.98265
0.98357
0.99219
0.98494
0.99763
0.99706
0.98833
0.99926
0.9328
0.79829
0.77977
0.78668
0.78333
0.79638
0.82066
0.87442
0.92128
0.95353
0.99224
0.98384
0.98723
0.99727
0.99829
0.99958
1.0007
0.99231
0.99239
0.97825
0.96937
0.97855
0.98943
0.9638
0.80048
0.80091
0.91499
0.93315
0.92135
0.905
0.89277
0.82286
0.8422
0.90404
0.94343
0.95675
0.96023
0.95734
0.9434
0.91987
0.94173
0.92959
0.93053
0.88829
0.80111
0.78692
0.74839
0.75241
0.77435
0.80847
0.821
0.85492
0.83256
0.77908
0.77563
0.79885
0.83437
0.87328
0.99484
0.9919
0.99213
0.96482
0.96309
0.94537
0.98455
0.97979
0.96851
0.97182
0.97892
0.98082
0.97946
0.98125
0.95487
0.94157
0.91108
0.98591
0.98668
0.98172
0.99698
0.97697
0.8122
0.9058
0.90954
0.84922
0.77759
0.77412
0.75046
0.74568
0.73018
0.73578
0.77114
0.79623
0.78281
0.74283
0.7118
0.69282
0.68313
0.74973
0.78735
0.81866
0.7442
0.73156
0.76197
0.80352
0.82999
0.88803
0.91575
0.91819
0.85333
0.80388
0.78537
0.91587
0.91431
0.86349
0.96699
0.90053
0.85237
0.84016
0.80824
0.81445
0.91681
0.91348
0.90584
0.82189
0.74823
0.72482
0.75083
0.81198
0.83868
0.87234
0.90985
0.93535
0.85879
0.77404
0.76881
0.75451
0.771
0.80944
0.84253
0.89317
0.83851
0.92776
0.88684
0.90504
0.78038
0.85776
0.7873
0.81394
0.72836
0.65755
0.64574
0.64873
0.64361
0.724
0.7743
0.77472
0.77442
0.78514
0.7873
0.77458
0.778
0.8169
0.82767
0.91214
0.89327
0.80697
0.91497
0.91343
0.90875
0.93224
0.90243
0.91731
0.89085
0.92494
0.86648
0.93041
0.92243
0.91988
0.9248
0.89853
0.89193
0.75598
0.77607
0.79095
0.83302
0.78117
0.85517
0.85131
0.82244
0.773
0.77167
0.74697
0.90057
0.89354
0.91241
0.89935
0.91913
0.86529
0.83089
0.7549
0.73624
0.91575
0.77417
0.79489
0.78095
0.78256
0.77867
0.74638
0.72142
0.70798
0.79282
0.79434
0.77175
0.76544
0.72853
0.69174
0.7085
0.71928
0.71799
0.85138
0.89313
0.89303
0.88804
0.89352
0.8607
0.85561
0.87646
0.80408
0.8229
0.87894
0.92268
0.87508
0.88272
0.87521
0.7281
0.69659
0.69234
0.68993
0.66584
0.67688
0.72843
0.80562
0.79354
0.80966
0.77225
0.73258
0.69415
0.65263
0.6249
0.63316
0.69132
0.79417
0.78248
0.79372
0.80571
0.79835
0.75888
0.73934
0.73259
0.77996
0.80576
0.77481
0.76973
0.90529
0.91831
0.89759
0.76424
0.73753
0.73798
0.74829
0.72944
0.68646
0.70439
0.72192
0.73846
0.73214
0.70297
0.70985
0.72069
0.73731
0.74253
0.76938
0.78342
0.76069
0.74627
0.71118
0.69925
0.72649
0.73275
0.71018
0.69101
0.66198
0.63486
0.63585
0.63904
0.65031
0.65561
0.66302
0.67607
0.69534
0.71057
0.71577
0.70595
0.69233
0.69024
0.66226
0.67737
0.70019
0.72293
0.86308
0.87587
0.79498
0.67888
0.63975
0.66508
0.69049
0.76733
0.80358
0.82736
0.83123
0.86429
0.87376
0.87312
0.87977
0.89406
0.89836
0.88741
0.888
0.90045
0.89369
0.89094
0.88798
0.89907
0.90073
0.78256
0.77164
0.74956
0.76194
0.81264
0.7526
0.75111
0.9285
0.78869
0.72263
0.78392
0.7987
0.81171
0.80037
0.7594
0.76838
0.74964
0.76686
0.78174
0.80077
0.82651
0.79502
0.78646
0.80134
0.79506
0.84421
0.80685
0.82726
0.85318
0.83949
0.84189
0.79078
0.78877
0.79476
0.79652
0.80242
0.80105
0.80323
0.79911
0.76418
0.79076
0.79238
0.79147
0.7965
0.83602
0.79372
0.80942
0.84346
0.88613
0.87832
0.85429
0.87838
0.86804
0.86612
0.84119
0.87169
0.86538
0.86987
0.87794
0.88194
0.87894
0.79603
0.78628
0.86187
0.86504
0.86381
0.861
0.72298
0.75483
0.77209
0.76672
0.77734
0.79804
0.81802
0.83846
0.85508
0.85639
0.86874
0.88257
0.90221
0.91735
0.91815
0.91755
0.91
0.91331
0.91607
0.91996
0.91658
0.91049
0.91457
0.90354
0.88816
0.87838
0.89254
0.88766
0.87778
0.83786
0.8294
0.81668
0.81637
0.79826
0.76952
0.72613
0.70687
0.67792
0.63684
0.6146
0.5934
0.58231
0.56023
0.49959
0.47407
0.43635
0.38491
0.29166
0.28602
0.33621
0.36304
0.44654
0.49149
0.50606
0.46678
0.41917
0.3917
0.76867
0.75267
0.77885
0.78456
0.9066
0.9115
0.83859
0.84262
0.87701
0.89281
0.87663
0.8897
0.84333
0.82035
0.85663
0.84609
0.84667
0.84321
0.82003
0.78426
0.80782
0.91463
0.86271
0.83252
0.82719
0.81376
0.80144
0.78819
0.77802
0.77504
0.77347
0.74114
0.69124
0.65245
0.65271
0.65231
0.68451
0.71236
0.78125
0.81724
0.80768
0.82016
0.82145
0.78288
0.75835
0.7462
0.76126
0.73708
0.70685
0.67323
0.66779
0.65523
0.65639
0.65476
0.63952
0.59794
0.58575
0.5751
0.59241
0.621
0.62975
0.64512
0.6165
0.6039
0.63605
0.706
0.76293
0.79364
0.81547
0.81768
0.80047
0.80836
0.81562
0.83319
0.70871
0.64396
0.65384
0.65442
0.65168
0.6732
0.69621
0.77212
0.78516
0.79646
0.89386
0.90383
0.89597
0.89358
0.89783
0.89865
0.9028
0.90243
0.90008
0.89648
0.88247
0.86819
0.77845
0.75154
0.73611
0.68305
0.60472
0.60278
0.64938
0.81783
0.8432
0.85477
0.7846
0.74666
0.71928
0.73535
0.74572
0.75061
0.73983
0.67161
0.73175
0.82053
0.82014
0.74939
0.7562
0.76468
0.76495
0.76418
0.81433
0.78051
0.9058
0.8792
0.88424
0.88128
0.86795
0.81927
0.78452
0.85268
0.86154
0.8581
0.84321
0.81405
0.8213
0.80906
0.82005
0.84347
0.84859
0.85494
0.85501
0.85325
0.84527
0.84749
0.83857
0.82241
0.82152
0.81324
0.78559
0.73898
0.68869
0.76737
0.76824
0.76039
0.748
0.71228
0.70345
0.6985
0.64272
0.74714
0.7548
0.75822
0.74451
0.74003
0.67736
0.63293
0.65987
0.7385
0.70299
0.66468
0.65016
0.61423
0.57102
0.55661
0.54709
0.56244
0.57207
0.60114
0.63798
0.63126
0.61872
0.60546
0.64664
0.63447
0.63926
0.61545
0.66963
0.67125
0.70781
0.77503
0.7771
0.83981
0.8774
0.85808
0.76635
0.77948
0.79065
0.78224
0.74223
0.73915
0.74681
0.73071
0.726
0.87252
0.87556
0.88957
0.88864
0.87882
0.85429
0.87044
0.88431
0.8888
0.88921
0.89491
0.89747
0.8957
0.90092
0.90054
0.89805
0.89206
0.88523
0.86352
0.84993
0.78033
0.86086
0.88027
0.89484
0.89434
0.8811
0.88014
0.87233
0.86921
0.86815
0.84692
0.85852
0.83816
0.83424
0.79742
0.81359
0.7977
0.79277
0.80178
0.78934
0.70418
0.67065
0.64393
0.65104
0.66889
0.68814
0.69662
0.69824
0.70221
0.68433
0.68195
0.6989
0.68892
0.68443
0.68252
0.64327
0.62829
0.63558
0.61005
0.59669
0.59277
0.61269
0.62665
0.60678
0.61468
0.61027
0.61171
0.61209
0.60722
0.63355
0.6287
0.61778
0.62794
0.60553
0.57472
0.56248
0.57173
0.53237
0.46868
0.44221
0.43483
0.56513
0.67822
0.73624
0.74539
0.78488
0.75765
0.7675
0.77221
0.7724
0.76389
0.71991
0.66837
0.61026
0.59947
0.56503
0.5741
0.57334
0.66975
0.69955
0.70248
0.71385
0.71671
0.71666
0.73834
0.74889
0.75962
0.75761
0.75114
0.74195
0.71001
0.65592
0.59995
0.54479
0.70937
0.69548
0.68664
0.69026
0.70808
0.72914
0.70318
0.70507
0.70522
0.73418
0.71375
0.69359
0.67689
0.62576
0.57852
0.56158
0.55286
0.55995
0.58089
0.57771
0.59141
0.55435
0.54071
0.48949
0.46904
0.47156
0.49795
0.48707
0.49441
0.59451
0.57798
0.57148
0.56888
0.56248
0.54745
0.51757
0.51242
0.49266
0.47112
0.51306
0.56182
0.56938
0.69515
0.73379
0.7326
0.73352
0.70603
0.6905
0.66849
0.65661
0.63269
0.56541
0.52212
0.51901
0.5118
0.50416
0.50068
0.49628
0.48861
0.44683
0.54054
0.61228
0.64343
0.61002
0.63733
0.71671
0.69739
0.68429
0.67893
0.68403
0.69237
0.70391
0.72483
0.72661
0.73856
0.78038
0.78222
0.73059
0.77328
0.73082
0.70257
0.70014
0.66008
0.63925
0.62132
0.59506
0.58962
0.57579
0.55993
0.55852
0.57545
0.56048
0.51807
0.52573
0.55877
0.58353
0.61492
0.76948
0.78456
0.77805
0.7806
0.79887
0.80498
0.79954
0.79054
0.77975
0.77781
0.76763
0.76114
0.7478
0.72979
0.71579
0.69575
0.68307
0.67686
0.67146
0.62154
0.60776
0.63584
0.57057
0.50892
0.48261
0.45987
0.46718
0.37261
0.3248
0.30861
0.34777
0.37395
0.3953
0.39608
0.38951
0.41919
0.49758
0.81644
0.82868
0.80745
0.82594
0.83379
0.79444
0.81753
0.81123
0.76303
0.80842
0.72393
0.69781
0.68493
0.65084
0.62545
0.62943
0.65641
0.72477
0.72585
0.76709
0.76791
0.76267
0.76163
0.75536
0.72414
0.68494
0.67389
0.69924
0.72002
0.70364
0.71434
0.68272
0.65582
0.6475
0.6114
0.57138
0.55681
0.5478
0.54849
0.57629
0.6431
0.68522
0.69952
0.74931
0.71724
0.74364
0.75062
0.75368
0.73331
0.73312
0.73229
0.7246
0.73292
0.74393
0.73414
0.72793
0.71833
0.70501
0.70251
0.70369
0.71531
0.75298
0.73117
0.70595
0.69277
0.61979
0.57411
0.56425
0.52675
0.49921
0.48534
0.48016
0.47531
0.45995
0.43534
0.41532
0.41839
0.40193
0.39892
0.40331
0.4114
0.39634
0.38296
0.39027
0.39492
0.38442
0.38842
0.39281
0.39653
0.38953
0.38566
0.38108
0.39262
0.3736
0.39042
0.43776
0.45369
0.52776
0.63735
0.65755
0.68875
0.71662
0.70691
0.72148
0.68212
0.68203
0.67937
0.67853
0.68234
0.68395
0.69012
0.70965
0.72331
0.67699
0.64724
0.62894
0.76989
0.76423
0.78951
0.78954
0.7907
0.7724
0.76508
0.70661
0.6878
0.68265
0.77371
0.71476
0.67152
0.66147
0.67874
0.68408
0.69546
0.67702
0.6678
0.65849
0.66245
0.67182
0.6874
0.72318
0.74019
0.69622
0.70306
0.70499
0.71633
0.73984
0.73592
0.75106
0.74323
0.63066
0.62916
0.67197
0.70881
0.71975
0.73149
0.73949
0.73769
0.73771
0.73323
0.72565
0.72317
0.72873
0.73826
0.72588
0.69228
0.66757
0.65243
0.64748
0.63215
0.62873
0.65925
0.65923
0.65484
0.65514
0.65282
0.60581
0.59768
0.5937
0.57867
0.57421
0.56974
0.5983
0.5749
0.60988
0.6132
0.6195
0.62801
0.65654
0.66715
0.65823
0.66559
0.63459
0.60418
0.58605
0.5978
0.61062
0.59516
0.56216
0.56708
0.56748
0.55553
0.57684
0.60957
0.63142
0.6508
0.68384
0.70645
0.70977
0.66629
0.61309
0.67007
0.76406
0.72732
0.75811
0.76358
0.77276
0.78218
0.79182
0.7898
0.75579
0.74322
0.73599
0.74843
0.7746
0.82459
0.63319
0.83523
0.83132
0.86014
0.86506
0.86408
0.85641
0.84544
0.83281
0.8258
0.81767
0.79563
0.73955
0.72169
0.70556
0.71723
0.67242
0.60285
0.57657
0.55634
0.55514
0.56101
0.57916
0.55746
0.71508
0.73336
0.74098
0.74764
0.7647
0.73865
0.73504
0.72493
0.70017
0.68386
0.68983
0.66409
0.71545
0.72534
0.71212
0.67306
0.65473
0.6151
0.54952
0.47596
0.56709
0.68706
0.74685
0.76804
0.7634
0.75971
0.76189
0.78288
0.77367
0.70239
0.63843
0.62996
0.66087
0.62828
0.62763
0.60719
0.62818
0.59105
0.53886
0.61659
0.76797
0.79947
0.79771
0.81135
0.79028
0.78739
0.73446
0.66853
0.64389
0.63836
0.66947
0.68977
0.71545
0.73713
0.77201
0.78089
0.7471
0.76834
0.78149
0.70082
0.69634
0.69031
0.80332
0.76066
0.77701
0.81069
0.60182
0.57878
0.56742
0.55434
0.5518
0.54709
0.54066
0.55243
0.5626
0.59469
0.54665
0.54507
0.66881
0.70044
0.71579
0.73052
0.74485
0.74987
0.74643
0.73846
0.73501
0.72794
0.7321
0.71944
0.65803
0.63224
0.61817
0.62841
0.62785
0.61497
0.59714
0.56191
0.54322
0.51371
0.50383
0.53469
0.66369
0.74393
0.77039
0.77276
0.80187
0.72712
0.70863
0.69096
0.68372
0.67998
0.66683
0.65172
0.65065
0.65019
0.65046
0.6504
0.6468
0.6544
0.64338
0.63429
0.62567
0.62649
0.62298
0.63445
0.63759
0.64217
0.67525
0.71648
0.72237
0.70145
0.66523
0.69518
0.71765
0.72637
0.73558
0.74416
0.74631
0.75216
0.75474
0.75187
0.70783
0.69507
0.72404
0.71306
0.6731
0.66551
0.65762
0.64369
0.62553
0.5674
0.3842
0.32175
0.31594
0.38902
0.4567
0.71067
0.71269
0.73978
0.69742
0.71021
0.71161
0.70478
0.72801
0.75366
0.76622
0.8055
0.83204
0.83653
0.82747
0.80082
0.79867
0.7922
0.75268
0.70206
0.69319
0.69367
0.69568
0.71119
0.71236
0.714
0.72852
0.71563
0.68817
0.74016
0.74183
0.76649
0.76998
0.76774
0.6833
0.69095
0.74464
0.7735
0.78839
0.80624
0.78586
0.75756
0.82472
0.7812
0.77588
0.79455
0.80308
0.78632
0.75761
0.75201
0.75541
0.7351
0.74248
0.76298
0.77645
0.79323
0.7803
0.73056
0.67977
0.66287
0.64021
0.61906
0.58321
0.60406
0.63376
0.74635
0.74119
0.69586
0.69352
0.75035
0.73225
0.71349
0.69547
0.69335
0.69175
0.66784
0.67201
0.68704
0.68605
0.58727
0.53901
0.54337
0.63592
0.66905
0.72619
0.8325
0.7925
0.74258
0.79812
0.76944
0.76206
0.72385
0.70792
0.70917
0.73922
0.74492
0.76208
0.77818
0.77293
0.75079
0.72379
0.7156
0.71626
0.72521
0.71102
0.71598
0.79185
0.72402
0.66529
0.67781
0.69602
0.66294
0.63329
0.61895
0.64013
0.68777
0.70276
0.70516
0.70703
0.71474
0.68162
0.64213
0.51488
0.41416
0.61972
0.71301
0.67541
0.70967
0.68205
0.68659
0.69255
0.68138
0.62908
0.68809
0.71641
0.71369
0.65756
0.6904
0.74148
0.69832
0.8704
0.62148
0.62462
0.62389
0.61275
0.61315
0.61583
0.64085
0.63909
0.6264
0.62337
0.60409
0.61363
0.62017
0.61985
0.62294
0.61655
0.56018
0.53827
0.67616
0.70142
0.71728
0.70302
0.71969
0.73481
