0.59896
0.53985
0.5789
0.56603
0.52651
0.54295
0.55791
0.55311
0.52603
0.51081
0.49706
0.4919
0.47996
0.4655
0.47783
0.5247
0.50361
0.4792
0.4777
0.49391
0.48322
0.47865
0.47519
0.48141
0.47326
0.47921
0.47002
0.48224
0.50334
0.57531
0.53926
0.53728
0.5402
0.55075
0.53041
0.53694
0.54674
0.5489
0.56973
0.59281
0.60933
0.6425
0.69034
0.74729
0.71806
0.70616
0.65557
0.63428
0.6475
0.71848
0.71897
0.72243
0.74459
0.73554
0.72379
0.7262
0.70991
0.72433
0.70337
0.69941
0.69571
0.66314
0.65238
0.64525
0.64648
0.65928
0.64779
0.6669
0.6723
0.67001
0.66691
0.69279
0.69751
0.68959
0.68398
0.67861
0.68275
0.68731
0.66827
0.67076
0.67215
0.67113
0.64467
0.60008
0.52441
0.57497
0.63099
0.66082
0.6675
0.66693
0.65818
0.65802
0.68307
0.63277
0.63473
0.63684
0.63612
0.62949
0.63169
0.62937
0.63023
0.63291
0.62887
0.63338
0.64281
0.64706
0.63689
0.62984
0.62418
0.6311
0.61454
0.62769
0.73898
0.73671
0.73447
0.73715
0.73406
0.72795
0.7181
0.70858
0.67731
0.66364
0.65165
0.62574
0.61639
0.6
0.58727
0.56804
0.54895
0.59444
0.69214
0.73666
0.76478
0.78165
0.77464
0.79227
0.79686
0.79936
0.79552
0.78902
0.77967
0.77402
0.76747
0.76128
0.73927
0.73391
0.72987
0.7224
0.7187
0.71785
0.71846
0.6254
0.62471
0.62435
0.62121
0.61126
0.59227
0.56526
0.54279
0.50501
0.50485
0.48956
0.5115
0.51169
0.49445
0.58949
0.61648
0.63205
0.6732
0.64708
0.64299
0.62951
0.60611
0.59084
0.62559
0.66805
0.68289
0.69083
0.69837
0.73228
0.72075
0.74256
0.69779
0.70535
0.74237
0.76734
0.77226
0.7374
0.70972
0.72408
0.70041
0.67234
0.75127
0.75696
0.73069
0.69342
0.62315
0.61611
0.61549
0.61495
0.60731
0.61544
0.61968
0.59547
0.53705
0.54147
0.65931
0.66614
0.68936
0.69291
0.68499
0.72597
0.76736
0.7952
0.81633
0.73022
0.69555
0.74867
0.75631
0.72171
0.70337
0.70793
0.71313
0.68287
0.59787
0.57537
0.5578
0.62244
0.61925
0.61962
0.70234
0.79958
0.79202
0.6252
0.60256
0.60043
0.59303
0.58846
0.6015
0.63316
0.64681
0.65314
0.64394
0.63834
0.62809
0.62667
0.6232
0.61112
0.60615
0.59991
0.59635
0.59351
0.60233
0.60525
0.60467
0.60119
0.58292
0.60937
0.73201
0.69913
0.62944
0.62253
0.70641
0.68459
0.68675
0.69003
0.67457
0.65553
0.64934
0.60037
0.5887
0.58142
0.58312
0.57711
0.56746
0.57263
0.5242
0.50061
0.49401
0.48616
0.45065
0.4496
0.50567
0.54797
0.55937
0.56338
0.55973
0.55576
0.56437
0.56415
0.55137
0.56769
0.59735
0.64466
0.63403
0.6213
0.61165
0.52603
0.48075
0.4828
0.51435
0.52698
0.53094
0.51846
0.52272
0.54583
0.56765
0.56846
0.56589
0.57006
0.58116
0.60153
0.63391
0.57751
0.56643
0.5721
0.59558
0.60337
0.59812
0.60062
0.60322
0.60143
0.59636
0.59304
0.59092
0.59888
0.59599
0.60303
0.60097
0.60167
0.59893
0.58745
0.5855
0.5848
0.58054
0.54677
0.50584
0.45355
0.57848
0.59179
0.60069
0.6357
0.64427
0.61584
0.60808
0.59331
0.63017
0.65667
0.69539
0.69831
0.70331
0.69994
0.69678
0.68446
0.67808
0.68399
0.64499
0.60077
0.59303
0.57513
0.58061
0.56451
0.53048
0.64874
0.68652
0.69678
0.58422
0.66233
0.65244
0.66483
0.703
0.72621
0.72362
0.75643
0.65961
0.65278
0.64524
0.64192
0.62546
0.61691
0.61139
0.617
0.61989
0.63555
0.64533
0.6899
0.66633
0.61192
0.61868
0.60881
0.61573
0.68528
0.7048
0.66537
0.61479
0.61349
0.66474
0.67805
0.64068
0.56838
0.55599
0.55456
0.54622
0.55894
0.56901
0.58317
0.62963
0.6062
0.60909
0.62651
0.70103
0.70581
0.72582
0.72042
0.71153
0.70012
0.67388
0.64677
0.6257
0.60666
0.59874
0.59104
0.58808
0.57095
0.56458
0.56968
0.55209
0.5348
0.52847
0.53687
0.54666
0.56422
0.57303
0.56117
0.56995
0.55544
0.55914
0.56628
0.57182
0.5814
0.58963
0.58727
0.58334
0.59944
0.60305
0.60241
0.60597
0.62023
0.68363
0.6953
0.70049
0.69605
0.69425
0.68931
0.69016
0.64049
0.5881
0.56741
0.55813
0.55509
0.48658
0.40439
0.37688
0.3894
0.66312
0.59812
0.56518
0.62375
0.631
0.63327
0.56936
0.51277
0.73004
0.74581
0.75298
0.76004
0.76516
0.76816
0.76932
0.76558
0.75457
0.74794
0.70728
0.67815
0.66527
0.66209
0.65879
0.63078
0.61106
0.62677
0.63764
0.634
0.60453
0.62768
0.64841
0.64035
0.63672
0.61593
0.62431
0.5853
0.57003
0.54838
0.53211
0.49301
0.49869
0.50438
0.50874
0.51476
0.52183
0.53723
0.55595
0.54052
0.52443
0.52018
0.5249
0.53223
0.54436
0.5713
0.57909
0.59571
0.60143
0.60204
0.61189
0.61034
0.61416
0.61415
0.63489
0.63744
0.6484
0.65573
0.66496
0.67841
0.70061
0.70954
0.71602
0.71723
0.62069
0.60566
0.5959
0.6472
0.62296
0.59788
0.59843
0.5833
0.57897
0.56877
0.56733
0.57296
0.57291
0.56185
0.55448
0.54438
0.54201
0.55064
0.54337
0.55227
0.55282
0.57829
0.58206
0.58286
0.57494
0.56317
0.55923
0.55931
0.55577
0.56194
0.55282
0.5399
0.54734
0.54079
0.53116
0.53372
0.53312
0.53803
0.44463
0.42805
0.42115
0.40867
0.3686
0.37237
0.38512
0.4489
0.63812
0.65573
0.69425
0.69807
0.69444
0.66895
0.5944
0.58289
0.57319
0.55928
0.55002
0.551
0.54562
0.5585
0.56998
0.5742
0.5675
0.56335
0.5355
0.52308
0.52612
0.51829
0.52155
0.52653
0.56273
0.57765
0.61828
0.61009
0.59135
0.59328
0.58324
0.65804
0.71008
0.7317
0.67903
0.62422
0.61804
0.61398
0.62175
0.72256
0.73147
0.74058
0.7412
0.7396
0.66981
0.69185
0.76582
0.74787
0.66415
0.66809
0.6425
0.63673
0.63727
0.63026
0.62145
0.61067
0.6061
0.6092
0.60316
0.60653
0.60441
0.60357
0.61042
0.59436
0.59043
0.59106
0.58543
0.56156
0.53092
0.48192
0.44811
0.43391
0.38275
0.3741
0.5266
0.62576
0.5977
0.59127
0.60261
0.55896
0.52406
0.49755
0.48142
0.47577
0.47446
0.49951
0.50269
0.50581
0.47798
0.46204
0.45862
0.44771
0.45424
0.46681
0.4714
0.47062
0.46979
0.4683
0.43702
0.46089
0.58398
0.64592
0.58151
0.54134
0.5313
0.52163
0.52154
0.55817
0.58259
0.68577
0.62772
0.57434
0.51017
0.43868
0.43954
0.42364
0.47214
0.50516
0.43893
0.51
0.55236
0.54389
0.50083
0.47478
0.45338
0.44711
0.46512
0.50664
0.54333
0.55287
0.60899
0.62473
0.6522
0.68135
0.6765
0.73526
0.59331
0.58124
0.65789
0.63226
0.58287
0.56158
0.61459
0.67112
0.71451
0.74406
0.75946
0.76158
0.76432
0.75332
0.74292
0.71309
0.78128
0.56028
0.62259
0.68941
0.69636
0.65934
0.58764
0.59502
0.65955
0.75613
0.70456
0.65014
0.66741
0.63377
0.66789
0.73633
0.71855
0.66075
0.70251
0.73487
0.75509
0.74818
0.72468
0.7334
0.73751
0.75616
0.77289
0.75564
0.71858
0.72668
0.72193
0.71741
0.71535
0.72555
0.75344
0.7501
0.72134
0.71185
0.68722
0.65384
0.56937
0.50699
0.45164
0.41995
0.76295
0.7539
0.74198
0.75837
0.75909
0.77189
0.80977
0.8262
0.85131
0.8656
0.86439
0.87746
0.87575
0.8575
0.84808
0.84892
0.83192
0.74813
0.75426
0.71444
0.70562
0.70124
0.75318
0.80977
0.82153
0.88842
0.80948
0.92235
0.92394
0.91925
0.91675
0.90966
0.90656
0.87453
0.78173
0.77637
0.77287
0.77416
0.84528
0.85168
0.87093
0.88787
0.88841
0.88129
0.85733
0.72437
0.73083
0.71257
0.70705
0.71272
0.71723
0.71699
0.73065
0.71263
0.75009
0.68841
0.70395
0.65696
0.57053
0.5983
0.655
0.77252
0.75109
0.69655
0.65477
0.64641
0.63372
0.66972
0.64135
0.54821
0.53758
0.6314
0.64796
0.60983
0.5922
0.6541
0.66563
0.65569
0.67582
0.65929
0.68408
0.65121
0.64959
0.65292
0.64304
0.6479
0.71997
0.6894
0.67358
0.6619
0.70476
0.71881
0.73922
0.76007
0.7867
0.76168
0.75222
0.75203
0.76093
0.75939
0.79225
0.74177
0.73423
0.73744
0.69946
0.69442
0.69233
0.68947
0.71277
0.71062
0.72208
0.72114
0.74083
0.73936
0.74543
0.75078
0.8021
0.86783
0.76765
0.76127
0.62707
0.60325
0.58817
0.58056
0.5533
0.53108
0.5487
0.55278
0.55256
0.54163
0.54061
0.54431
0.54552
0.54721
0.52572
0.65843
0.7378
0.74361
0.74037
0.73936
0.70284
0.7161
0.68123
0.67281
0.68496
0.69147
0.71429
0.73817
0.74005
0.74024
0.75592
0.7596
0.79105
0.80636
0.82447
0.80653
0.81009
0.81543
0.80495
0.77932
0.70481
0.56999
0.5483
0.58468
0.60261
0.64858
0.69598
0.75612
0.79273
0.83388
0.77609
0.73319
0.73024
0.72207
0.72963
0.73173
0.72947
0.73841
0.79547
0.80831
0.65636
0.66867
0.71864
0.73944
0.75598
0.86793
0.87486
0.87622
0.88806
0.89073
0.88803
0.8877
0.87932
0.87238
0.77013
0.72715
0.66344
0.62512
0.62061
0.63928
0.66056
0.73231
0.83545
0.88194
0.88714
0.87672
0.86543
0.84903
0.83182
0.81931
0.84331
0.81829
0.77212
0.73455
0.69545
0.68502
0.72055
0.80304
0.83534
0.78468
0.73555
0.70545
0.70346
0.70444
0.68882
0.6825
0.67461
0.67395
0.68265
0.70041
0.70364
0.69955
0.71054
0.70193
0.69249
0.6986
0.83693
0.85383
0.84589
0.80022
0.7589
0.7794
0.84536
0.85662
0.85135
0.84975
0.83261
0.82153
0.81393
0.80674
0.77638
0.77099
0.76752
0.77268
0.77684
0.79372
0.76278
0.74899
0.74976
0.73709
0.73413
0.76441
0.80449
0.735
0.73648
0.80234
0.7548
0.75312
0.74586
0.7299
0.73059
0.73187
0.72406
0.67884
0.6273
0.60747
0.5881
0.552
0.54789
0.66711
0.63498
0.57454
0.57693
0.55853
0.51013
0.45413
0.44103
0.43781
0.49411
0.59979
0.68435
0.68182
0.6302
0.6183
0.62243
0.63215
0.62024
0.64721
0.7431
0.70955
0.76211
0.83342
0.88701
0.80251
0.7887
0.77156
0.79671
0.77331
0.72465
0.66768
0.7495
0.81713
0.82542
0.78694
0.74712
0.73968
0.76422
0.73618
0.86815
0.87505
0.87513
0.89282
0.84586
0.87659
0.87558
0.87718
0.86705
0.88484
0.86249
0.84129
0.87017
0.87606
0.87827
0.87023
0.86012
0.86324
0.85331
0.86007
0.83137
0.7881
0.71305
0.67705
0.6736
0.7357
0.73246
0.81031
0.83834
0.79063
0.73405
0.66989
0.72648
0.7761
0.78228
0.83741
0.91176
0.92863
0.93823
0.92706
0.92071
0.89454
0.86157
0.91841
0.85704
0.78034
0.95642
0.92269
0.91627
0.91042
0.90438
0.89998
0.90095
0.90748
0.91035
0.91999
0.89985
0.89177
0.87317
0.88672
0.8367
0.82192
0.79062
0.74396
0.77016
0.83794
0.79538
0.74861
0.77144
0.75934
0.68004
0.90639
0.89585
0.81891
0.81754
0.81759
0.85418
0.90198
0.88087
0.85577
0.72031
0.859
0.77972
0.82904
0.83509
0.65388
0.76494
0.83269
0.8511
0.75197
0.7453
0.69665
0.61259
0.54778
0.60105
0.80284
0.91667
0.71837
0.76994
0.79847
0.72943
0.64857
0.70027
0.7468
0.74707
0.7744
0.81277
0.80239
0.76324
0.734
0.76673
0.78186
0.78395
0.78155
0.79265
0.77029
0.76336
0.78158
0.80163
0.81589
0.85053
0.85426
0.8762
0.8886
0.89699
0.90376
0.97198
0.95263
0.9533
0.96064
0.92898
0.90079
0.84082
0.81332
0.78557
0.74423
0.77091
0.78723
0.79353
0.86402
0.87933
0.95839
0.84504
0.99406
0.98127
0.94714
0.93974
0.86812
0.78438
0.85071
0.91292
0.89321
0.94078
0.95962
0.86022
0.80021
0.72414
0.67199
0.72274
0.72891
0.78004
0.82441
0.85788
0.77913
0.60172
0.95002
0.9243
0.95966
0.93607
0.96903
0.91446
0.79505
0.87753
0.9361
0.94691
0.90596
0.9615
0.94243
0.95207
0.9384
0.90912
0.8319
0.88089
0.94101
0.96341
0.8858
0.93687
0.84802
0.81905
0.75439
0.81593
0.79283
0.8237
0.93221
0.94089
0.93148
0.94145
0.94761
0.95318
0.95024
0.95144
0.9546
0.95872
0.96279
0.98459
0.98548
0.98164
0.97742
0.98017
0.972
0.97842
0.98003
0.98065
0.98048
0.97732
0.97059
0.96152
0.95784
0.95441
0.95825
0.96167
0.98635
0.96739
0.96124
0.88769
0.82341
0.84914
0.77108
0.79304
0.81618
0.66187
0.66884
0.69268
0.83504
0.76657
0.85554
0.82948
0.7783
0.73879
0.71449
0.72739
0.75424
0.78062
0.78066
0.97813
0.96161
0.95106
0.78978
0.78073
0.72478
0.7559
0.75343
0.9179
0.84855
0.68221
0.66064
0.65473
0.73227
0.73213
0.76778
0.78324
0.77943
0.76031
0.76833
0.77882
0.75245
0.75627
0.82332
0.79977
0.7784
0.76153
0.80233
0.85854
0.90279
0.93393
0.91516
0.88589
0.87296
0.83335
0.82522
0.82201
0.83175
0.82208
0.7904
0.83115
0.89067
0.93915
0.94077
0.93474
0.98002
0.89628
0.72014
0.63158
0.64605
0.62105
0.62217
0.65043
0.68057
0.74388
0.80329
0.79666
0.81485
0.84976
0.85196
0.81655
0.97687
0.94271
0.72611
0.75847
0.72846
0.77771
0.80049
0.80676
0.83113
0.85699
0.87398
0.8633
0.77957
0.73817
0.75993
0.78114
0.80685
0.76813
0.72733
0.70693
0.62359
0.70481
0.74332
0.70906
0.73201
0.75747
0.80948
0.81752
0.69296
0.66653
0.64992
0.65152
0.94613
0.95535
0.94816
0.81473
0.80654
0.91666
0.79247
0.85934
0.92194
0.97676
0.85127
0.78974
0.91542
0.88323
0.79283
0.7992
0.77131
0.7553
0.76008
0.76118
0.75905
0.76574
0.80475
0.86974
0.95966
0.99846
0.98106
0.97718
0.9827
0.98046
0.97778
0.9749
0.9724
0.97211
0.97527
0.98054
0.98056
0.98325
0.98801
0.9893
0.98698
0.99439
0.98775
0.98968
0.96382
0.93946
0.90646
0.86811
0.90032
0.91208
0.9246
0.9409
0.72028
0.70981
0.75682
0.76232
0.784
0.96113
0.94925
0.84722
0.8379
0.86118
0.78911
0.76355
0.80174
0.83745
0.84273
0.88043
0.93516
0.94616
0.8056
0.84954
0.84207
0.96871
0.96047
0.95318
0.95327
0.95399
0.94921
0.93826
0.94457
0.93297
0.91859
0.91347
0.92113
0.90947
0.84447
0.80468
0.80721
0.74365
0.77669
0.7432
0.70229
0.75625
0.79252
0.77354
0.76974
0.81439
0.79031
0.82962
0.76183
0.75947
0.75123
0.74789
0.84846
0.83984
0.78585
0.81279
0.8232
0.9569
0.91369
0.92304
0.92565
0.92291
0.91997
0.91731
0.90552
0.77742
0.79688
0.80987
0.91852
0.89869
0.91382
0.84356
0.65848
0.6481
0.68706
0.75893
0.77969
0.76209
0.76535
0.73421
0.77417
0.78315
0.79612
0.80008
0.81127
0.95271
0.97303
0.98593
0.98785
0.99886
0.99923
1.0001
0.99853
0.99761
0.94573
0.93648
0.96307
0.97047
0.9802
0.9795
0.99629
1.0008
0.99829
0.99884
0.9992
0.98405
0.92703
0.99509
0.99958
0.96739
0.92143
0.87643
0.87844
0.83395
0.7801
0.73438
0.75093
0.75658
0.7049
0.70375
0.70924
0.72787
0.74211
0.77297
0.77961
0.78491
0.72819
0.68523
0.70055
0.68867
0.67441
0.69865
0.72225
0.70143
0.63234
0.61068
0.66636
0.69389
0.64518
0.67731
0.68967
0.73051
0.72862
0.73913
0.75996
0.77856
0.77173
0.7486
0.74513
0.75544
0.70459
0.70153
0.72765
0.75702
0.7866
0.79816
0.79744
0.78564
0.7842
0.79038
0.80103
0.78305
0.78225
0.78717
0.78185
0.80088
0.83313
0.81893
0.76113
0.765
0.78823
0.8146
0.83703
0.84656
0.83846
0.82745
0.85037
0.8754
0.88525
0.90862
0.93593
0.8786
0.77844
0.77283
0.79698
0.80403
0.79653
0.81195
0.80449
0.75468
0.74721
0.75851
0.75175
0.81087
0.82509
0.82553
0.81186
0.82288
0.84125
0.86681
0.833
0.81724
0.84174
0.86188
0.88581
0.87063
0.83852
0.81943
0.80747
0.78723
0.76981
0.75297
0.81356
0.89707
0.88474
0.86353
0.86782
0.88802
0.89663
0.91587
0.92869
0.91656
0.88475
0.84748
0.81298
0.80103
0.77908
0.78559
0.79664
0.92889
0.90776
0.93515
0.86129
0.94848
0.95755
0.91589
0.9509
0.93827
0.91668
0.78925
0.75423
0.90708
0.9049
0.78283
0.78575
0.87078
0.8637
0.91014
0.82678
0.92398
0.92691
0.9333
0.9299
0.92882
0.93095
0.93151
0.93471
0.92602
0.92341
0.93249
0.89364
0.7904
0.80073
0.79047
0.77724
0.73545
0.75094
0.95305
0.92876
0.93455
0.93542
0.91651
0.89951
0.8816
0.9351
0.92296
0.91113
0.92641
0.8276
0.80579
0.73988
0.74136
0.73925
0.74827
0.75643
0.7581
0.80152
0.90395
0.90134
0.87675
0.75399
0.73672
0.69879
0.69396
0.68864
0.68925
0.71648
0.75188
0.76979
0.78917
0.80082
0.80055
0.7941
0.79741
0.82816
0.89602
0.90433
0.90286
0.90294
0.89884
0.90265
0.9151
0.92467
0.92084
0.92296
0.92075
0.91764
0.91364
0.85496
0.80113
0.69778
0.69882
0.7378
0.77526
0.8235
0.79427
0.78462
0.77759
0.74857
0.7533
0.79764
0.81594
0.84861
0.84141
0.80517
0.80011
0.7759
0.76104
0.72239
0.70725
0.70335
0.67878
0.66268
0.66524
0.62237
0.62404
0.63398
0.67541
0.71846
0.75842
0.79739
0.84798
0.91688
0.92939
0.80615
0.80051
0.88974
0.79218
0.81952
0.79969
0.88897
0.8185
0.8114
0.83257
0.8602
0.92117
0.84271
0.92383
0.95118
0.94628
0.94202
0.93329
0.92834
0.82442
0.84987
0.85371
0.8233
0.90165
0.87783
0.90575
0.90715
0.9324
0.94145
0.9475
0.95844
0.96011
0.94826
0.9291
0.90577
0.89874
0.95043
0.94171
0.90495
0.856
0.85399
0.85307
0.88004
0.86837
0.7931
0.76373
0.70443
0.68123
0.65741
0.66846
0.68421
0.70771
0.70638
0.71394
0.7151
0.69714
0.65867
0.62412
0.62321
0.61698
0.65122
0.66259
0.69927
0.70901
0.67566
0.68638
0.69272
0.70675
0.73762
0.76464
0.78828
0.80676
0.82074
0.83532
0.84651
0.81659
0.80377
0.76271
0.72338
0.71967
0.71588
0.65379
0.71951
0.85865
0.88443
0.90057
0.90152
0.89959
0.88567
0.87375
0.86537
0.86191
0.85334
0.8321
0.87777
0.87606
0.82598
0.82687
0.82561
0.86174
0.86566
0.88489
0.83612
0.80215
0.71295
0.6714
0.61485
0.59563
0.60145
0.61892
0.67175
0.7119
0.75779
0.83669
0.86121
0.9004
0.8902
0.84063
0.85029
0.85755
0.86551
0.8866
0.8459
0.83798
0.84553
0.86443
0.82103
0.85936
0.82064
0.87393
0.85314
0.86572
0.88003
0.89862
0.93
0.88498
0.89369
0.89552
0.89896
0.89818
0.89668
0.88002
0.86947
0.86539
0.85181
0.85006
0.85636
0.84822
0.84827
0.82075
0.79104
0.77759
0.7651
0.73037
0.70662
0.70854
0.70417
0.68909
0.68624
0.67624
0.64103
0.63625
0.63805
0.62028
0.60904
0.61322
0.58867
0.55444
0.53941
0.52931
0.54455
0.57182
0.57251
0.61648
0.6356
0.65175
0.67203
0.67844
0.68674
0.66532
0.63098
0.61214
0.59311
0.59239
0.60345
0.62153
0.63903
0.66853
0.65481
0.61197
0.5825
0.56275
0.56087
0.5499
0.55999
0.5609
0.54634
0.52838
0.50158
0.49444
0.70644
0.84706
0.65755
0.55056
0.57282
0.77556
0.79463
0.75448
0.77536
0.76991
0.76887
0.76727
0.76379
0.77267
0.77707
0.77354
0.85139
0.77062
0.78098
0.76603
0.80004
0.84738
0.82579
0.88967
0.86641
0.8586
0.75943
0.69435
0.70938
0.73724
0.71224
0.70002
0.69442
0.67975
0.6639
0.66033
0.65334
0.63873
0.62952
0.62172
0.62256
0.55633
0.52462
0.53753
0.54017
0.50813
0.50004
0.45719
0.49902
0.5856
0.5701
0.54359
0.47358
0.43329
0.40073
0.35164
0.30528
0.34441
0.45753
0.50411
0.53071
0.54243
0.53168
0.52826
0.54771
0.60694
0.64554
0.66866
0.718
0.68934
0.74117
0.65825
0.84743
0.75858
0.74086
0.7276
0.73475
0.72622
0.67093
0.61261
0.58967
0.60467
0.59381
0.55408
0.53289
0.52244
0.52895
0.52985
0.55159
0.58536
0.60335
0.61612
0.61693
0.58268
0.5582
0.51505
0.52994
0.52191
0.48512
0.54901
0.60305
0.64917
0.69416
0.87096
0.7758
0.77017
0.73271
0.74629
0.77847
0.78026
0.79406
0.78036
0.788
0.76148
0.76184
0.76922
0.76239
0.7791
0.76768
0.75387
0.7287
0.71435
0.68344
0.65157
0.63668
0.62068
0.6267
0.66281
0.6474
0.79607
0.82603
0.85234
0.85115
0.7944
0.7749
0.76107
0.7496
0.73439
0.71428
0.65395
0.66472
0.66057
0.6389
0.60901
0.57249
0.75633
0.97696
0.99926
0.82665
0.81739
0.81537
0.81093
0.80999
0.82138
0.79163
0.79841
0.77176
0.81617
0.82837
0.82043
0.82554
0.84043
0.83419
0.79921
0.74605
0.72904
0.71495
0.71393
0.72724
0.73995
0.68808
0.66074
0.69814
0.74981
0.76749
0.7679
0.74512
0.72403
0.73531
0.72968
0.74407
0.75718
0.74911
0.54266
0.45456
0.42467
0.41834
0.46144
0.77449
0.80572
0.82092
0.83297
0.82856
0.83571
0.84494
0.85391
0.85904
0.85422
0.79392
0.74232
0.74413
0.75338
0.73764
0.73845
0.73217
0.73776
0.72552
0.67525
0.67045
0.74269
0.81499
0.7955
0.83856
0.81785
0.80197
0.79408
0.80138
0.83324
0.83168
0.82013
0.83153
0.84623
0.84816
0.85611
0.8664
0.86779
0.86978
0.85437
0.83265
0.84321
0.8443
0.83268
0.82292
0.81164
0.79053
0.78361
0.76788
0.62439
0.67963
0.82721
0.83787
0.8498
0.81078
0.82376
0.83353
0.75651
0.80464
0.83282
0.78883
0.79558
0.81256
0.78649
0.72491
0.66706
0.65631
0.68002
0.73766
0.75
0.75008
0.72056
0.75025
0.67049
0.77649
0.78304
0.75067
0.76524
0.70125
0.66856
0.67942
0.73087
0.69885
0.6787
0.70183
0.70955
0.65349
0.64537
0.63723
0.66823
0.65625
0.65729
0.64207
0.64615
0.64756
0.63418
0.61811
0.63732
0.6363
0.63856
0.64221
0.65159
0.65257
0.65063
0.65861
0.65558
0.65324
0.67794
0.77274
0.77482
0.71947
0.71983
0.6869
0.68092
0.68654
0.75487
0.81463
0.81815
0.81402
0.72943
0.73863
0.81734
0.7363
0.81163
0.79016
0.76651
0.72842
0.76101
0.69918
0.68014
0.68078
0.76117
0.76753
0.7779
0.78558
0.70709
0.69914
0.68008
0.62249
0.59051
0.57576
0.56814
0.5481
0.4819
0.47077
0.41738
0.41604
0.3981
0.39328
0.36646
0.34109
0.39071
0.47436
0.46527
0.48345
0.49832
0.50829
0.52782
0.52564
0.57338
0.55049
0.53663
0.51944
0.52148
0.53039
0.52069
0.49421
0.49274
0.4952
0.50315
0.53094
0.54841
0.58414
0.57099
0.66125
0.62082
0.58427
0.57337
0.59419
0.61282
0.61811
0.61424
0.5972
0.58182
0.5631
0.54986
0.53822
0.52034
0.5128
0.50677
0.5323
0.53234
0.52549
0.53053
0.52678
0.53421
0.53059
0.55582
0.59072
0.69828
0.7217
0.70269
0.71648
0.73429
0.74475
0.82415
0.7595
0.72735
0.70225
0.70768
0.70901
0.70714
0.71723
0.82604
0.85853
0.85643
0.85505
0.86384
0.85667
0.83684
0.83178
0.83551
0.84326
0.83921
0.83509
0.80468
0.75872
0.73905
0.72518
0.7308
0.65931
0.8114
0.8306
0.83595
0.83356
0.82635
0.82449
0.81643
0.78613
0.78155
0.75469
0.72825
0.71511
0.69915
0.6586
0.64292
0.71155
0.66324
0.65414
0.62129
0.53375
0.49968
0.49859
0.54337
0.55769
0.56584
0.56579
0.57359
0.54757
0.61579
0.63478
0.63952
0.64615
0.53163
0.50965
0.56466
0.64566
0.50774
0.48893
0.5334
0.48854
0.53017
0.51951
0.51109
0.52733
0.57296
0.56742
0.58301
0.62223
0.65661
0.67645
0.69146
0.63653
0.57758
0.57789
0.58539
0.61161
0.64938
0.67083
0.64686
0.64035
0.62765
0.56318
0.52574
0.52607
0.53396
0.5354
0.56946
0.55013
0.57222
0.61334
0.64416
0.60915
0.62387
0.59789
0.60295
0.55146
0.56268
0.5209
0.50753
0.51231
0.52297
0.51786
0.52713
0.5455
0.53595
0.5239
0.52687
0.5246
0.51857
0.52427
0.54162
0.54203
0.5494
0.56003
0.53835
0.53047
0.54746
0.55468
0.58374
0.58489
0.61007
0.71147
0.70116
0.74732
0.7238
0.72491
0.66481
0.62029
0.5941
0.61167
0.69279
0.70504
0.65794
0.65114
0.6646
0.66479
0.65708
0.66629
0.65411
0.67088
0.72021
0.72201
0.71025
0.69312
0.66754
0.64415
0.60738
0.59736
0.58533
0.63521
0.6755
0.66936
0.59769
0.52915
0.52137
0.44727
0.4403
0.42272
0.42075
0.43404
0.45469
0.44175
0.4553
0.50982
0.53303
0.54141
0.57735
0.66243
0.64073
0.62679
0.5362
0.60497
0.6613
0.62935
0.61062
0.58417
0.57563
0.58732
0.59087
0.58124
0.59106
0.6102
0.59105
0.58695
0.57786
0.56436
0.55369
0.52541
0.54168
0.57181
0.59181
0.60043
0.59714
0.57311
0.54189
0.5235
0.51596
0.5164
0.50922
0.53573
0.61318
0.67076
0.68006
0.67527
0.68601
0.63508
0.59811
0.59426
0.59693
0.64895
0.6811
0.6794
0.71957
0.73159
0.71978
0.68531
0.72567
0.73646
0.73878
0.74236
0.72114
0.70189
0.65767
0.65837
0.65548
0.65087
0.61995
0.64687
0.63544
0.6399
0.65018
0.63909
0.6408
0.66766
0.64351
0.62597
0.61788
0.62799
0.63904
0.6892
0.72189
0.73751
0.74592
0.75042
0.75811
0.74169
0.73702
0.688
0.65208
0.64941
0.57863
0.54885
0.53725
0.536
0.52221
0.52561
0.55542
0.581
0.60279
0.65698
0.72627
0.81041
0.76023
0.80667
0.74549
0.72588
0.68341
0.66115
0.69017
0.80326
0.80074
0.80413
0.80476
0.79449
0.79045
0.7868
0.79008
0.78978
0.78531
0.77919
0.78095
0.78239
0.78719
0.77009
0.78946
0.78209
0.78321
0.75382
0.7526
0.78323
0.75594
0.75518
0.79221
0.82311
0.72349
0.72363
0.71735
0.73447
0.75211
0.75007
0.74934
0.75812
0.7313
0.77328
0.7346
0.80517
0.75104
0.75005
0.75711
0.77552
0.79034
0.79455
0.79457
0.79353
0.76477
0.75872
0.72486
0.66244
0.6644
0.65356
0.64935
0.64675
0.64599
0.64873
0.64724
0.64417
0.64906
0.69661
0.64766
0.71801
0.67295
0.64347
0.6426
0.64512
0.62813
0.69553
0.69961
0.69277
0.666
0.66281
0.65956
0.67944
0.67016
0.70458
0.71984
0.66939
0.66301
0.65316
0.67249
0.65374
0.62341
0.62169
0.65271
0.68033
0.68501
0.67354
0.67837
0.67134
0.6281
0.64411
0.69624
0.69529
0.72369
0.73588
0.73389
0.68903
0.70402
0.72719
0.7214
0.77745
0.71942
0.70079
0.685
0.6798
0.77879
0.79853
0.79827
0.76939
0.74389
0.69715
0.68526
0.68176
0.69756
0.70748
0.70473
0.66029
0.64054
0.65296
0.63062
0.56935
0.57125
0.62064
0.68482
0.68992
0.70396
0.74694
0.73588
0.74788
0.71402
0.6984
0.67777
0.67823
0.67806
0.67775
0.69214
0.67287
0.6821
0.68149
0.68546
0.69714
0.69269
0.67163
0.64537
0.65671
0.66635
0.69012
0.61281
0.52255
0.51295
0.62737
0.62515
0.6334
0.61297
0.62529
0.65764
0.66835
0.66643
0.64472
0.59117
0.52899
0.51243
0.53676
0.56776
0.55932
0.56127
0.56397
0.57608
0.59023
0.58913
0.58922
0.59362
0.59806
0.59487
0.58006
0.5562
0.55508
0.5803
0.60776
0.70877
0.70047
0.72365
0.72803
0.72229
0.73171
0.72612
0.71776
0.70762
0.71485
0.70171
0.68345
0.66607
0.65141
0.65155
0.6477
0.63755
0.63177
0.64648
0.63477
0.59881
0.56063
0.55994
0.55257
0.55
0.56484
0.71068
0.7553
0.76199
0.67209
0.67312
0.67092
0.67426
0.67707
