0.59179
0.57824
0.57435
0.5667
0.55711
0.54578
0.54494
0.57791
0.56356
0.55254
0.5565
0.55445
0.54876
0.54375
0.57887
0.63901
0.6507
0.67394
0.68358
0.6645
0.64202
0.62348
0.58808
0.57469
0.55345
0.53822
0.55635
0.57491
0.56878
0.55102
0.55756
0.65032
0.66923
0.64376
0.59359
0.58199
0.59979
0.64281
0.69066
0.69715
0.69708
0.70838
0.71566
0.66106
0.6559
0.67091
0.74049
0.75426
0.75351
0.76157
0.75769
0.73307
0.66803
0.62524
0.61794
0.57307
0.65467
0.65209
0.66293
0.68613
0.69033
0.7185
0.70078
0.70353
0.69947
0.7174
0.7256
0.72581
0.72884
0.70114
0.70023
0.68772
0.67111
0.60694
0.598
0.57621
0.50438
0.47858
0.48307
0.50839
0.53911
0.57808
0.58278
0.57562
0.57105
0.55732
0.53782
0.52786
0.50898
0.51719
0.535
0.54974
0.55768
0.5365
0.52428
0.52296
0.5102
0.49215
0.47773
0.50319
0.51295
0.51217
0.5076
0.46363
0.45011
0.51192
0.51896
0.51191
0.51405
0.52227
0.53483
0.55006
0.55563
0.55854
0.57332
0.559
0.53017
0.5592
0.55796
0.56689
0.55947
0.55042
0.55539
0.56599
0.56684
0.56606
0.56016
0.55453
0.54014
0.54681
0.55908
0.55405
0.55733
0.47426
0.5368
0.52847
0.52139
0.49247
0.48364
0.46811
0.44118
0.44302
0.47818
0.51789
0.55772
0.56547
0.56778
0.5654
0.55897
0.5572
0.56052
0.55747
0.56078
0.55563
0.5506
0.51209
0.43132
0.37171
0.34806
0.4695
0.67233
0.6061
0.54151
0.69915
0.68193
0.66231
0.65859
0.65997
0.67475
0.73464
0.69443
0.68799
0.69307
0.71008
0.71667
0.7465
0.7621
0.76655
0.76386
0.75533
0.73627
0.68644
0.61505
0.54069
0.51292
0.43913
0.47155
0.63223
0.66867
0.68675
0.70008
0.70895
0.70315
0.69997
0.68937
0.6959
0.6766
0.68849
0.63299
0.58857
0.59039
0.60419
0.61785
0.63475
0.66114
0.66814
0.66823
0.68103
0.6719
0.6674
0.65627
0.64273
0.65543
0.65023
0.66341
0.62915
0.64351
0.72273
0.72437
0.62921
0.64737
0.61383
0.57812
0.56336
0.46966
0.36703
0.69311
0.73621
0.75325
0.68893
0.68055
0.70088
0.69103
0.69779
0.72787
0.73468
0.7271
0.7576
0.77911
0.77644
0.76313
0.66658
0.64679
0.64947
0.64949
0.65019
0.64969
0.64927
0.65035
0.65803
0.63788
0.64518
0.65621
0.67653
0.6829
0.73541
0.71594
0.70835
0.70685
0.60958
0.61367
0.59966
0.56612
0.53589
0.52256
0.48914
0.4283
0.42566
0.59007
0.67976
0.78158
0.7094
0.76843
0.75472
0.7422
0.73602
0.70472
0.6934
0.6707
0.62784
0.61975
0.61819
0.62661
0.63143
0.63625
0.62637
0.61909
0.6174
0.62103
0.61596
0.61329
0.60538
0.60663
0.60308
0.60134
0.59838
0.59257
0.57119
0.57188
0.58054
0.58929
0.58952
0.58554
0.58869
0.58595
0.59427
0.59637
0.59613
0.58523
0.58666
0.5813
0.58608
0.59914
0.59714
0.59177
0.59889
0.62884
0.65547
0.61459
0.62214
0.60526
0.60073
0.59447
0.59764
0.60091
0.58391
0.5697
0.55127
0.54984
0.58275
0.5899
0.59332
0.58844
0.59342
0.59687
0.60542
0.68208
0.69771
0.69683
0.69938
0.68726
0.69184
0.69922
0.70497
0.68174
0.67109
0.66154
0.65174
0.65727
0.66557
0.6867
0.725
0.74428
0.73737
0.7392
0.72362
0.70046
0.69437
0.69731
0.68474
0.68101
0.68048
0.67049
0.66143
0.6393
0.63714
0.58056
0.57028
0.57112
0.55598
0.58943
0.5788
0.60998
0.62012
0.62204
0.63961
0.6481
0.64905
0.64495
0.64102
0.64475
0.63934
0.64336
0.64891
0.64611
0.63964
0.63292
0.63898
0.64767
0.61152
0.55897
0.55736
0.60974
0.65355
0.64405
0.64092
0.65449
0.66433
0.69441
0.70364
0.71381
0.72047
0.70118
0.70064
0.71682
0.65216
0.67592
0.64602
0.67644
0.6916
0.71902
0.73908
0.73886
0.69132
0.65617
0.61495
0.59109
0.59987
0.59862
0.60784
0.61989
0.62912
0.6338
0.64085
0.64557
0.62365
0.62765
0.6451
0.64433
0.64526
0.6368
0.61571
0.61826
0.6064
0.60954
0.61962
0.63906
0.67278
0.68913
0.62536
0.56148
0.47986
0.38059
0.37615
0.43739
0.7962
0.79205
0.80954
0.74078
0.74063
0.76649
0.76139
0.81091
0.80691
0.81632
0.82096
0.80454
0.80693
0.83351
0.81768
0.74135
0.66822
0.613
0.54889
0.48676
0.44696
0.43192
0.39988
0.38179
0.4173
0.51813
0.4929
0.4133
0.45032
0.45168
0.52494
0.59615
0.72322
0.75922
0.71178
0.60078
0.51796
0.52675
0.53263
0.5629
0.53107
0.55659
0.52964
0.59728
0.64793
0.71786
0.80833
0.72743
0.71217
0.72502
0.78046
0.77746
0.79318
0.79725
0.80068
0.80088
0.76613
0.73982
0.75003
0.72474
0.69943
0.67979
0.62906
0.57332
0.55517
0.53053
0.5229
0.50951
0.50024
0.51052
0.52559
0.51383
0.51558
0.50931
0.47531
0.47244
0.47965
0.47928
0.47393
0.46446
0.48119
0.48572
0.4702
0.45123
0.39784
0.42497
0.43571
0.40442
0.42157
0.4202
0.46715
0.4639
0.44536
0.48124
0.52155
0.71276
0.72039
0.72318
0.72579
0.71721
0.72166
0.71865
0.70279
0.70575
0.70416
0.69761
0.69122
0.684
0.66707
0.64781
0.65042
0.65309
0.66547
0.70816
0.73142
0.73189
0.73246
0.72943
0.72762
0.70343
0.70267
0.69051
0.66819
0.67218
0.66397
0.62111
0.60365
0.59732
0.6006
0.59749
0.59854
0.59666
0.59589
0.59394
0.5851
0.59104
0.58895
0.58553
0.57457
0.55898
0.53982
0.52458
0.51348
0.51038
0.49961
0.51176
0.51724
0.52601
0.55277
0.57977
0.53245
0.41578
0.39404
0.4417
0.49778
0.55562
0.57675
0.58318
0.6709
0.67697
0.67982
0.67671
0.65184
0.62055
0.60334
0.59482
0.59499
0.58651
0.5735
0.5444
0.49667
0.50594
0.51356
0.49039
0.45701
0.43722
0.45264
0.47511
0.49977
0.58998
0.71082
0.62768
0.6314
0.63497
0.61678
0.59934
0.56302
0.56517
0.59569
0.60385
0.58167
0.58586
0.61396
0.58138
0.55242
0.48968
0.50034
0.49665
0.4944
0.48514
0.48777
0.49039
0.51036
0.51459
0.55014
0.60167
0.5237
0.51606
0.48526
0.46318
0.45589
0.45561
0.47289
0.48024
0.47817
0.45833
0.43431
0.41283
0.38484
0.38711
0.4102
0.4392
0.48258
0.57337
0.63989
0.66759
0.69179
0.69919
0.70409
0.70239
0.69705
0.69337
0.6976
0.69274
0.6477
0.63864
0.60657
0.58839
0.5986
0.57997
0.52297
0.52813
0.46975
0.53495
0.67172
0.69699
0.66843
0.63882
0.59381
0.5242
0.45117
0.38457
0.37065
0.31091
0.34039
0.38147
0.42984
0.43324
0.46176
0.45646
0.449
0.45095
0.44253
0.48709
0.47738
0.44588
0.46128
0.51058
0.50308
0.49027
0.48821
0.5004
0.49025
0.48883
0.53342
0.56035
0.57895
0.5775
0.56474
0.55646
0.54462
0.52142
0.50784
0.51479
0.59975
0.67208
0.67153
0.67693
0.67407
0.67813
0.70948
0.68543
0.68807
0.67232
0.72012
0.68275
0.60356
0.56674
0.67454
0.70735
0.7433
0.74942
0.77227
0.78232
0.79095
0.77871
0.7527
0.70394
0.66125
0.60461
0.64865
0.6698
0.64982
0.62831
0.59629
0.5938
0.56387
0.57756
0.59333
0.60781
0.59806
0.56109
0.50041
0.47664
0.48069
0.50935
0.50014
0.49475
0.49233
0.48623
0.48643
0.49107
0.49573
0.50517
0.52181
0.50546
0.48544
0.49584
0.50691
0.49396
0.46776
0.46117
0.49406
0.4024
0.35644
0.32821
0.24749
0.20658
0.20322
0.22239
0.21776
0.22548
0.24391
0.26703
0.24768
0.27406
0.32453
0.3441
0.45547
0.57123
0.65182
0.61421
0.69842
0.68633
0.64177
0.66078
0.65269
0.64793
0.64184
0.62599
0.64537
0.67177
0.68173
0.68285
0.67298
0.66998
0.68173
0.78348
0.77059
0.804
0.80871
0.80572
0.80073
0.80393
0.79526
0.78867
0.77524
0.74611
0.70946
0.67907
0.55211
0.61057
0.56729
0.50102
0.48892
0.4612
0.49527
0.5427
0.55677
0.53899
0.55094
0.53544
0.53561
0.57768
0.63424
0.61741
0.61812
0.62217
0.61083
0.61332
0.64698
0.6682
0.67856
0.67517
0.66517
0.65473
0.64175
0.61395
0.53266
0.48646
0.57536
0.60741
0.58353
0.54671
0.51893
0.50549
0.49972
0.4982
0.49799
0.44761
0.45322
0.46683
0.48893
0.51226
0.55942
0.60981
0.6747
0.65637
0.63059
0.6083
0.61021
0.59293
0.58039
0.57385
0.57829
0.57345
0.54556
0.5156
0.5304
0.57472
0.65589
0.6908
0.67931
0.67508
0.6693
0.65063
0.67141
0.67142
0.65202
0.58355
0.6183
0.65613
0.64541
0.63894
0.63422
0.62375
0.63726
0.61981
0.6035
0.5927
0.58806
0.58817
0.57436
0.56728
0.56807
0.57662
0.61151
0.61328
0.59827
0.57159
0.56012
0.5818
0.63493
0.62052
0.63385
0.61418
0.59862
0.55812
0.58927
0.57046
0.52646
0.47068
0.47765
0.49612
0.63363
0.6234
0.62046
0.70378
0.72411
0.71336
0.74721
0.72409
0.68155
0.70985
0.71936
0.72544
0.74147
0.75022
0.72905
0.71833
0.70089
0.70303
0.70174
0.70519
0.71671
0.71203
0.72363
0.70714
0.69741
0.68329
0.67239
0.63212
0.63495
0.65819
0.6579
0.61505
0.57977
0.57177
0.58416
0.58629
0.59106
0.59932
0.60725
0.60984
0.61196
0.61604
0.63879
0.665
0.67675
0.66851
0.61225
0.55985
0.57061
0.61645
0.61127
0.62278
0.63013
0.61995
0.63401
0.64883
0.67675
0.72941
0.75173
0.75597
0.779
0.82099
0.78274
0.80439
0.85352
0.85702
0.8432
0.83272
0.83602
0.82557
0.82984
0.83337
0.69193
0.63342
0.55438
0.5364
0.64932
0.6812
0.61436
0.77134
0.78266
0.7953
0.83911
0.83983
0.8319
0.82237
0.79694
0.78649
0.75398
0.67313
0.6141
0.61865
0.60928
0.63157
0.7889
0.83612
0.72044
0.69322
0.74639
0.74619
0.7163
0.67994
0.67571
0.68413
0.76835
0.80833
0.81043
0.80214
0.82011
0.8473
0.86152
0.8505
0.84248
0.84356
0.84671
0.82525
0.80606
0.87814
0.88675
0.90791
0.93025
0.94868
0.9519
0.9322
0.94081
0.92221
0.89529
0.90768
0.91674
0.9241
0.90041
0.91088
0.90543
0.90174
0.87934
0.86303
0.87278
0.87877
0.8558
0.78683
0.76797
0.77707
0.80544
0.83363
0.8783
0.85875
0.84209
0.84822
0.86416
0.89253
0.89021
0.8982
0.89812
0.88435
0.84939
0.83606
0.83316
0.85819
0.87137
0.86982
0.87713
0.88359
0.89113
0.8913
0.85786
0.86668
0.81837
0.79501
0.79994
0.76398
0.817
0.80261
0.83895
0.85814
0.82551
0.82772
0.84622
0.85898
0.86735
0.8053
0.75061
0.72371
0.69355
0.6553
0.62344
0.59568
0.58614
0.58909
0.58834
0.58526
0.56637
0.51045
0.49656
0.56366
0.66365
0.80305
0.89409
0.88789
0.8699
0.87001
0.87197
0.83701
0.84329
0.79019
0.8675
0.85239
0.84106
0.8337
0.83143
0.85307
0.85846
0.86631
0.83051
0.83018
0.78343
0.80742
0.7891
0.80014
0.84475
0.86872
0.86374
0.858
0.8562
0.85911
0.79102
0.78287
0.85555
0.91574
0.91558
0.91553
0.91216
0.9071
0.88787
0.84628
0.85
0.87433
0.88268
0.88091
0.88554
0.89262
0.88038
0.85011
0.86024
0.84969
0.8745
0.81713
0.75559
0.74142
0.74832
0.73516
0.7394
0.74239
0.76986
0.82592
0.87051
0.99232
0.99755
0.99866
0.99773
0.78359
0.70304
0.70469
0.76647
0.78925
0.77772
0.71888
0.82545
0.91859
0.82561
0.89599
0.85541
0.85215
0.8575
0.87635
0.911
0.92056
0.91889
0.90932
0.90481
0.84549
0.7917
0.78542
0.74492
0.75268
0.80937
0.88313
0.80046
0.78234
0.76858
0.76011
0.84135
0.75619
0.77361
0.78694
0.853
0.86169
0.92564
0.81431
0.77179
0.89983
0.84819
0.89022
0.93225
0.921
0.92976
0.92227
0.85937
0.80622
0.9233
0.9002
0.87654
0.84521
0.83776
0.75187
0.70623
0.67009
0.655
0.71397
0.91908
0.80285
0.72115
0.7352
0.94788
0.92339
0.93496
0.93293
0.93063
0.92472
0.92664
0.92267
0.92228
0.91607
0.89776
0.92694
0.93257
0.91787
0.91986
0.88119
0.88242
0.87862
0.8955
0.88487
0.8694
0.88347
0.90518
0.89363
0.86998
0.85663
0.81973
0.82124
0.86087
0.87682
0.90568
0.85879
0.74778
0.77129
0.74448
0.77157
0.89559
0.80023
0.77106
0.79789
0.74154
0.83748
0.88382
0.89418
0.86814
0.84149
0.88031
0.87724
0.86675
0.86361
0.88319
0.85331
0.82423
0.82101
0.80535
0.78848
0.78363
0.75733
0.73992
0.73421
0.74766
0.77494
0.79871
0.82511
0.83184
0.86342
0.87359
0.86684
0.85877
0.83757
0.83139
0.77676
0.7727
0.85361
0.89014
0.8933
0.86834
0.83768
0.79871
0.85539
0.8595
0.82721
0.77926
0.73931
0.72823
0.75323
0.82396
0.79913
0.89543
0.93313
0.88566
0.92465
0.8391
0.79837
0.81437
0.87321
0.73677
0.74254
0.76828
0.81292
0.83687
0.83178
0.88452
0.91417
0.90698
0.88249
0.93452
0.95637
0.95516
0.95563
0.9216
0.89272
0.88214
0.76819
0.70344
0.66956
0.83293
0.88821
0.8427
0.81384
0.75434
0.6194
0.77958
0.61962
0.93482
0.92541
0.89087
0.85853
0.78579
0.67498
0.68099
0.75332
0.71262
0.66081
0.5995
0.57997
0.62243
0.63756
0.61384
0.63557
0.71134
0.74829
0.71488
0.73321
0.77521
0.78987
0.78051
0.76418
0.78308
0.79114
0.77408
0.84852
0.96324
0.94298
0.9413
0.91535
0.90938
0.91029
0.87741
0.77692
0.72466
0.94722
0.94157
0.94882
0.94256
0.93277
0.91251
0.8889
0.8875
0.88752
0.85775
0.87901
0.88774
0.90911
0.89912
0.86143
0.7453
0.73593
0.6271
0.73578
0.79668
0.82056
0.83645
0.78307
0.77149
0.69553
0.74052
0.80572
0.82641
0.86038
0.93343
0.9368
0.93706
0.89831
0.92581
0.94096
0.94926
0.93707
0.90441
0.94029
0.94029
0.90753
0.90927
0.90561
0.90734
0.89884
0.87777
0.80014
0.77866
0.71855
0.7178
0.69703
0.91767
0.8488
0.8448
0.72925
0.74079
0.84717
0.85612
0.94871
0.79087
0.79725
0.79501
0.75247
0.75304
0.66424
0.65609
0.76551
0.84371
0.84047
0.7875
0.78179
0.7195
0.72442
0.72552
0.68755
0.73475
0.80966
0.83291
0.83494
0.82935
0.78614
0.82567
0.77508
0.74862
0.77631
0.80512
0.83162
0.85225
0.86367
0.8979
0.86649
0.91573
0.89659
0.88378
0.89235
0.87552
0.88752
0.87666
0.85726
0.84284
0.79782
0.80339
0.94755
0.96099
0.96318
0.95022
0.95313
0.96258
0.93967
0.91804
0.93395
0.9309
0.95265
0.96052
0.96327
0.95754
0.94775
0.93153
0.92579
0.94493
0.93989
0.94617
0.94086
0.94594
0.90984
0.84007
0.75356
0.67467
0.80072
0.91551
0.89769
0.93019
0.89354
0.85573
0.79028
0.72529
0.71604
0.74358
0.74053
0.766
0.78785
0.84382
0.71699
0.71883
0.61035
0.7702
0.9603
0.97319
0.9432
0.87336
0.75795
0.8493
0.82604
0.80546
0.80294
0.76737
0.70407
0.68093
0.64965
0.63321
0.71812
0.81025
0.96595
0.95707
0.89941
0.86116
0.81411
0.9768
0.79076
0.72964
0.80019
0.8314
0.89575
0.76835
0.83232
0.82168
0.8169
0.8056
0.76172
0.75295
0.78166
0.80928
0.88777
0.82125
0.99978
0.99384
0.87514
0.84179
0.79859
0.8489
0.76699
0.79709
0.76306
0.82998
0.96665
0.96793
0.85325
0.83931
0.8608
0.82978
0.79097
0.77975
0.79609
0.78025
0.7674
0.74501
0.77705
0.78642
0.78481
0.80165
0.77903
0.74192
0.69972
0.66952
0.66064
0.74743
0.76004
0.80236
0.885
0.82618
0.83042
0.91527
0.93748
0.84791
0.90274
0.95725
0.95263
0.96658
0.97481
0.95719
0.83467
0.98806
0.86597
0.85589
0.82042
0.80814
0.7771
0.78632
0.80412
0.82553
0.96072
0.98779
0.99966
0.99901
0.98013
0.97369
0.94315
0.93492
0.83744
0.89854
0.94345
0.93786
0.932
0.89399
0.84007
0.82839
0.76746
0.75738
0.74719
0.755
0.77681
0.7746
0.74508
0.70447
0.7701
0.74102
0.78416
0.76651
0.7463
0.65824
0.62867
0.65311
0.71823
0.80248
0.78286
0.74811
0.78198
0.80375
0.77873
0.77014
0.77945
0.78969
0.85331
0.90655
0.93357
0.91913
0.95936
0.97258
0.97535
0.98196
0.98149
0.97162
0.96179
0.90347
0.87919
0.837
0.81523
0.79262
0.78693
0.91309
0.87544
0.84058
0.7811
0.95112
0.8393
0.9054
0.94706
0.95912
0.85337
0.8339
0.78418
0.82839
0.87682
0.87783
0.92085
0.95302
0.9707
0.97065
0.95556
0.91444
0.89828
0.82581
0.85498
0.82841
0.87202
0.85618
0.86968
0.88684
0.82292
0.81304
0.78829
0.80828
0.92152
0.88913
0.8591
0.96975
0.97645
0.89828
0.90624
0.96493
0.87957
0.80484
0.73055
0.72142
0.69494
0.75024
0.80559
0.85647
0.84752
0.83222
0.82464
0.80328
0.7566
0.86631
0.95258
0.94881
0.94984
0.94733
0.94988
0.965
0.96433
0.96781
0.96611
0.96592
0.92944
0.88844
0.82719
0.7102
0.82619
0.69894
0.76312
0.73504
0.7771
0.78698
0.78418
0.7791
0.78712
0.79469
0.81411
0.83641
0.84691
0.8819
0.86965
0.97333
0.97619
0.97596
0.96058
0.93177
0.83078
0.72155
0.64138
0.59413
0.62892
0.6827
0.65753
0.57942
0.95136
0.96189
0.97514
0.85295
0.84668
0.80513
0.79228
0.83642
0.88447
0.90931
0.90413
0.87704
0.85747
0.88208
0.88656
0.91031
0.87881
0.86935
0.84832
0.81223
0.8476
0.91656
0.96857
0.95314
0.94496
0.94522
0.95395
0.95633
0.93405
0.90367
0.89986
0.8798
0.87473
0.88593
0.90515
0.91049
0.91126
0.90218
0.88761
0.87648
0.8875
0.87844
0.86488
0.85564
0.8636
0.88002
0.8855
0.90231
0.88979
0.89273
0.90165
0.87154
0.90902
0.90344
0.90127
0.89847
0.90933
0.88931
0.86818
0.84552
0.86595
0.85181
0.86257
0.83074
0.88363
0.7862
0.75909
0.75287
0.76005
0.79766
0.83722
0.82796
0.81871
0.82824
0.83671
0.83799
0.85028
0.77186
0.74053
0.7618
0.78911
0.77342
0.74041
0.74058
0.7494
0.76098
0.77283
0.77156
0.76324
0.74056
0.73693
0.69504
0.66492
0.66004
0.68419
0.64995
0.75649
0.77346
0.76559
0.73018
0.6844
0.88275
0.78562
0.80411
0.82201
0.82385
0.84168
0.79609
0.85305
0.86579
0.82202
0.82673
0.80356
0.81403
0.80166
0.81111
0.94127
0.87995
0.93195
0.93384
0.93663
0.91634
0.86489
0.93703
0.94048
0.938
0.88504
0.89557
0.90769
0.91316
0.91755
0.90414
0.9008
0.88201
0.86516
0.81724
0.81167
0.81125
0.79926
0.77631
0.74794
0.73665
0.73718
0.71369
0.68961
0.6372
0.61867
0.82441
0.73758
0.77332
0.8962
0.88264
0.88622
0.78224
0.77216
0.74234
0.73799
0.79231
0.71748
0.751
0.77187
0.77945
0.7769
0.75713
0.74909
0.73377
0.70939
0.69251
0.71882
0.72548
0.74317
0.74251
0.76184
0.81146
0.85346
0.85753
0.86598
0.87174
0.87635
0.87407
0.82025
0.76195
0.78426
0.78914
0.75095
0.70081
0.67177
0.64953
0.61896
0.61871
0.62979
0.88379
0.889
0.89522
0.89934
0.90071
0.87632
0.85876
0.83772
0.84755
0.81178
0.75575
0.73334
0.71366
0.66397
0.61029
0.58601
0.57292
0.57317
0.57671
0.57295
0.57745
0.57206
0.567
0.56547
0.57778
0.57615
0.57237
0.57618
0.57419
0.62229
0.66832
0.68539
0.69834
0.75563
0.77486
0.77344
0.77412
0.67138
0.64163
0.62093
0.64199
0.69648
0.69241
0.74444
0.74634
0.74664
0.74454
0.77257
0.79679
0.79564
0.81328
0.78751
0.71434
0.69919
0.7119
0.6987
0.71
0.72364
0.72246
0.71751
0.69116
0.65068
0.6338
0.57273
0.55779
0.56722
0.55312
0.5395
0.54757
0.49407
0.44362
0.49201
0.50643
0.58965
0.61684
0.63578
0.69984
0.65735
0.58552
0.53235
0.50476
0.48429
0.5529
0.61373
0.72459
0.89213
0.89595
0.88079
0.87172
0.81714
0.84428
0.88437
0.87439
0.87345
0.84219
0.80737
0.8089
0.84558
0.78057
0.76342
0.78701
0.84323
0.84471
0.84693
0.87266
0.84856
0.85106
0.85639
0.85906
0.8555
0.80939
0.74652
0.71055
0.69222
0.69172
0.67837
0.60534
0.49607
0.45346
0.60781
0.70224
0.73599
0.72375
0.76514
0.80912
0.82722
0.85208
0.84412
0.82837
0.82848
0.83929
0.84809
0.83254
0.81851
0.80038
0.70867
0.68701
0.66611
0.67672
0.71174
0.76972
0.86694
0.85875
0.86023
0.8436
0.82295
0.79035
0.75666
0.74504
0.73522
0.72812
0.72745
0.77496
0.84421
0.85197
0.85305
0.82789
0.82863
0.78143
0.76337
0.7517
0.74298
0.73702
0.7318
0.72783
0.72833
0.72829
0.7262
0.70447
0.74362
0.77254
0.77721
0.76766
0.77299
0.81911
0.85335
0.86879
0.87086
0.87165
0.84774
0.76197
0.73313
0.71456
0.74353
0.79228
0.79064
0.7502
0.75993
0.79063
0.82087
0.82297
0.82874
0.82727
0.75336
0.7546
0.82824
0.8043
0.74024
0.70888
0.68751
0.67647
0.65124
0.63823
0.66336
0.76383
0.78207
0.79747
0.80177
0.79039
0.75202
0.73029
0.68029
0.68296
0.69579
0.68945
0.685
0.68301
0.67192
0.65737
0.69905
0.77184
0.79943
0.78381
0.81761
0.80058
0.78865
0.77599
0.75686
0.75451
0.7674
0.77879
0.81812
0.7803
0.79078
0.73771
0.7306
0.73678
0.76267
0.80444
0.77423
0.77481
0.78593
0.78158
0.75797
0.72724
0.70592
0.70424
0.70094
0.68745
0.67086
0.67761
0.67476
0.66459
0.63565
0.61521
0.60514
0.60522
0.59919
0.59263
0.58889
0.58607
0.58656
0.63989
0.72742
0.73671
0.71203
0.66793
0.62196
0.55864
0.5072
0.55823
0.57826
0.67545
0.74053
0.70679
0.73732
0.82056
0.8154
0.8143
0.81715
0.81344
0.7943
0.7223
0.6363
0.60244
0.60086
0.59199
0.54196
0.50665
0.45542
0.40273
0.36468
0.32846
0.32546
0.63379
0.52773
0.49615
0.64416
0.69154
0.38039
0.38407
0.43127
0.4433
0.4885
0.53634
0.53013
0.53157
0.55065
0.40989
0.36375
0.41791
0.49525
0.50179
0.51294
0.56832
0.60533
0.75621
0.75923
0.76978
0.79205
0.79762
0.81598
0.81569
0.8828
0.86302
0.85661
0.85189
0.83782
0.81667
0.78252
0.76059
0.7452
0.69964
0.68355
0.64008
0.6144
0.58117
0.56613
0.57111
0.61071
0.66268
0.6959
0.73377
0.75636
0.77182
0.75754
0.7579
0.77766
0.77802
0.78749
0.77899
0.7807
0.76709
0.75548
0.72069
0.76695
0.79869
0.81445
0.82665
0.8297
0.83098
0.82868
0.81825
0.77203
0.74098
0.72733
0.72285
0.77489
0.79824
0.82122
0.8429
0.84691
0.84985
0.85025
0.85046
0.8526
0.8351
0.82512
0.81965
0.81325
0.81425
0.77525
0.73596
0.71342
0.69488
0.64517
0.6313
0.57424
0.81586
0.83166
0.81232
0.76061
0.60205
0.58198
0.56134
0.54848
0.55014
0.55304
0.54043
0.52828
0.51452
0.5185
0.50602
0.50018
0.51446
0.52609
0.54268
0.55528
0.56016
0.54454
0.52883
0.53711
0.51122
0.47963
0.4757
0.46471
0.47632
0.50778
0.55949
0.56531
0.57741
0.59113
0.5745
0.81249
0.7432
0.76648
0.84086
0.84518
0.8393
0.82806
0.81353
0.79751
0.7332
0.7165
0.70391
0.69845
0.69924
0.72782
0.71996
0.72076
0.72791
0.69497
0.6373
0.64601
0.70776
0.6898
0.68508
0.68053
0.6728
0.67183
0.66922
0.65012
0.64231
0.63279
0.63995
0.6579
0.6659
0.67871
0.67625
0.66431
0.6372
0.62228
0.62406
0.62662
0.61994
0.61158
0.61847
0.64232
0.64541
0.65624
0.71205
0.66196
0.63973
0.62409
0.62571
0.62203
0.61415
0.63944
0.63221
0.62861
0.59576
0.62807
0.61762
0.57158
0.54755
0.5591
0.57067
0.5671
0.55049
0.54927
0.56645
0.51738
0.6623
0.62331
0.61255
0.61257
0.63887
0.65849
0.66789
0.65216
0.71398
0.67032
0.65969
0.65869
0.6485
0.62218
0.63143
0.64097
0.6446
0.65002
0.68381
0.67917
0.70421
0.72714
0.71945
0.73836
0.72128
0.73616
0.73845
0.73588
0.73443
0.73781
0.74037
0.74803
0.7479
0.75001
0.75402
0.755
0.75746
0.75555
0.72289
0.6952
0.66808
0.64983
0.61582
0.59881
0.57187
0.55288
0.53804
0.52721
0.53943
0.53469
0.53645
0.54138
0.55015
0.54584
0.51001
0.51463
0.53836
0.54345
0.52369
0.51432
0.5351
0.56939
0.59321
0.60244
0.58774
0.57828
0.54514
0.50719
0.47323
0.47155
0.60574
0.61065
0.6318
0.61122
0.58087
0.56655
0.55161
0.52757
0.51824
0.49911
0.49181
0.50414
0.52465
0.53959
0.57067
0.57224
0.56888
0.56214
0.55603
0.55435
0.54383
0.54604
0.59736
0.62639
0.58628
0.63525
0.62927
0.63576
0.5898
0.56404
0.54262
0.53231
0.52928
0.52689
0.55967
0.58206
0.59992
0.60474
0.60714
0.60106
0.59593
0.60123
0.60995
0.60014
0.59835
0.59856
0.59849
0.59969
0.60082
0.59758
0.58657
0.56963
0.56185
0.59184
0.60523
0.60448
0.6038
0.59484
0.59465
0.602
0.59666
0.59964
0.60451
0.63594
0.62138
0.57746
0.56659
0.56054
0.68578
0.70916
0.72401
0.72368
0.6629
0.66379
0.65257
0.6299
0.70782
0.71755
0.74292
0.74684
0.75577
0.75984
0.76367
0.76204
0.75865
0.74939
0.6956
0.6474
0.61382
0.58944
0.5817
0.51897
0.47639
0.49342
0.5083
0.50848
0.50736
0.41878
0.39376
0.42053
0.49104
0.68029
0.66557
0.67612
0.68031
0.68636
0.68882
0.6814
0.68919
0.69502
0.69696
0.70582
0.73541
0.74629
0.7214
0.69877
0.69431
0.68893
0.68375
0.65335
0.6225
0.62572
0.60537
0.59674
0.58394
0.58544
0.61696
0.67105
0.67921
0.68758
0.64035
0.64207
0.66712
0.69073
0.70377
0.71417
0.7005
0.65359
0.65514
0.67205
0.66695
0.66729
0.67404
0.67248
0.67572
0.65209
0.64841
0.6027
0.67861
0.69072
0.67754
0.6486
0.64298
0.66911
0.66468
0.66043
0.65969
0.65909
0.66165
0.66288
0.66593
0.66492
0.67671
0.67762
0.66843
0.66834
0.67305
0.63966
0.59106
0.55561
0.54128
0.57894
0.63716
0.65537
0.59667
0.61673
0.62867
0.6387
0.65632
0.67487
0.69122
0.69329
0.66745
0.67224
0.69322
0.65202
0.66698
0.68505
0.67895
0.67452
0.67207
0.68052
0.69189
0.70882
0.66657
0.74715
0.70737
0.6585
0.65204
0.65546
0.66928
0.66592
0.71329
0.7137
0.72089
0.72976
0.72282
0.71664
0.71863
0.70761
0.71378
0.7249
0.72123
0.73598
0.73787
0.73723
0.64645
0.6405
0.63988
0.64139
0.63385
0.65155
0.66101
0.67262
0.67975
0.68876
0.74612
0.77182
0.78695
0.8029
0.81333
0.70696
0.71258
0.69444
0.67822
0.6957
0.70981
0.69492
0.6868
0.68762
0.68783
0.68783
0.68597
0.70202
0.74077
0.79628
0.64146
0.60942
0.62175
0.64732
0.80455
0.66282
0.65272
0.63857
0.68301
0.71064
0.70984
0.70269
0.6674
0.59873
0.57723
0.55709
0.51457
0.50551
0.5041
0.56572
0.55483
0.5048
0.59482
0.63006
0.62423
0.64575
0.62436
0.55926
0.48223
0.45193
0.48633
0.53413
0.57626
0.57482
0.57343
0.53649
0.54575
0.58575
0.65366
0.69684
0.68645
0.70209
0.64721
0.53992
0.5814
0.60642
0.69288
0.77103
0.79051
0.79068
0.78685
0.78219
0.77555
0.77284
0.76766
0.75351
0.72243
0.71874
0.67451
0.61836
0.58413
0.537
0.50571
0.51989
0.5087
0.52769
0.46062
0.43903
0.34992
0.33476
0.31242
0.30487
0.28778
0.31886
0.38847
0.35031
0.37279
0.41744
0.42945
0.58086
0.77713
0.71335
0.7335
0.75218
0.76161
0.76042
0.64936
0.69769
0.72417
0.74117
0.7604
0.7728
0.74751
0.739
0.7183
0.6557
0.73882
0.6639
0.66142
0.67073
0.66287
0.63434
0.62846
