0.60364
0.65323
0.64549
0.64742
0.68268
0.70816
0.73641
0.74921
0.70492
0.68029
0.6891
0.70027
0.70495
0.71993
0.7115
0.7257
0.72037
0.72625
0.74238
0.71607
0.7137
0.69133
0.71425
0.71287
0.7067
0.70866
0.7077
0.68348
0.62691
0.60198
0.61951
0.60699
0.59294
0.59658
0.59978
0.59789
0.60011
0.55676
0.53096
0.52988
0.59688
0.65941
0.66312
0.65801
0.65182
0.65961
0.65276
0.64109
0.62776
0.62714
0.62922
0.64201
0.63616
0.62215
0.64285
0.62669
0.56522
0.45043
0.37364
0.35637
0.53587
0.68837
0.69387
0.69823
0.69579
0.70497
0.68892
0.59713
0.67411
0.61347
0.62591
0.54759
0.48311
0.46899
0.45421
0.47859
0.50223
0.48559
0.48743
0.51346
0.5334
0.52249
0.50882
0.58269
0.49048
0.53329
0.64172
0.57828
0.63403
0.66015
0.63392
0.61269
0.64179
0.62695
0.63129
0.6302
0.63278
0.63763
0.63913
0.64384
0.63152
0.64238
0.63709
0.63526
0.64793
0.66338
0.6739
0.6775
0.68827
0.68945
0.69266
0.69028
0.68763
0.68139
0.60099
0.59508
0.59683
0.6155
0.68021
0.69983
0.6561
0.60334
0.59298
0.62996
0.61778
0.64119
0.65689
0.68442
0.75972
0.70396
0.70451
0.68838
0.67513
0.66842
0.6617
0.65109
0.65556
0.64842
0.62954
0.62106
0.64688
0.66959
0.61372
0.67402
0.63836
0.64692
0.65822
0.66861
0.62151
0.6378
0.68273
0.73519
0.75268
0.7454
0.71958
0.70308
0.62075
0.51869
0.49211
0.52581
0.58519
0.63208
0.59969
0.57453
0.66165
0.69109
0.78358
0.70682
0.78456
0.70334
0.68674
0.70533
0.73113
0.71677
0.7167
0.71552
0.7093
0.70165
0.68918
0.6853
0.62316
0.59243
0.56285
0.5562
0.56286
0.54019
0.52771
0.52782
0.52281
0.53
0.50749
0.49019
0.50714
0.50889
0.51883
0.52276
0.51096
0.51862
0.51654
0.52024
0.51874
0.5162
0.51552
0.5069
0.49974
0.50079
0.50303
0.51053
0.51662
0.52985
0.55197
0.58175
0.59702
0.59571
0.58123
0.58758
0.57693
0.5679
0.58731
0.6409
0.67012
0.66073
0.68197
0.70858
0.72064
0.72949
0.74203
0.72355
0.70624
0.72524
0.65871
0.70195
0.70042
0.6745
0.71602
0.714
0.66258
0.54916
0.51332
0.49904
0.49288
0.48214
0.47975
0.48194
0.47457
0.45956
0.43869
0.44526
0.46305
0.48733
0.48288
0.4973
0.48822
0.53191
0.53453
0.5743
0.50018
0.5639
0.5385
0.46441
0.45019
0.44644
0.46907
0.44424
0.51968
0.60305
0.67893
0.67041
0.63434
0.60418
0.57904
0.55575
0.55666
0.53227
0.50432
0.50605
0.54871
0.56551
0.57282
0.5679
0.55502
0.53329
0.51009
0.51278
0.51547
0.57079
0.55656
0.54179
0.53968
0.55705
0.56699
0.55983
0.57736
0.59037
0.58568
0.57759
0.56627
0.57604
0.60072
0.6277
0.65541
0.67918
0.69182
0.66394
0.61457
0.56586
0.52407
0.47854
0.4413
0.39284
0.31804
0.28304
0.26577
0.22934
0.25261
0.25
0.2624
0.32542
0.44794
0.42844
0.43734
0.47556
0.51646
0.52445
0.57479
0.57932
0.56094
0.57048
0.57711
0.56559
0.56881
0.62229
0.65368
0.67753
0.6691
0.68961
0.69568
0.7311
0.65009
0.63675
0.6239
0.63822
0.65729
0.70723
0.68355
0.6409
0.62896
0.62275
0.61019
0.60727
0.61098
0.61034
0.60569
0.5622
0.53134
0.52497
0.52538
0.52263
0.54409
0.61808
0.66572
0.68698
0.7062
0.70658
0.68589
0.68468
0.63754
0.55768
0.53734
0.62087
0.62288
0.58968
0.58397
0.66828
0.65912
0.64639
0.62658
0.61896
0.63533
0.62539
0.62427
0.6425
0.63147
0.64669
0.66996
0.69726
0.69705
0.65435
0.67766
0.6621
0.66621
0.64318
0.60733
0.34939
0.38069
0.75198
0.713
0.71838
0.72893
0.71861
0.7014
0.70107
0.69003
0.68478
0.67707
0.69863
0.67137
0.66745
0.65571
0.65862
0.66229
0.66014
0.69024
0.67626
0.681
0.65164
0.64894
0.6852
0.64657
0.62352
0.65391
0.62269
0.64507
0.61518
0.63654
0.62892
0.6225
0.61104
0.61849
0.59985
0.594
0.58509
0.60456
0.60973
0.60487
0.60176
0.61044
0.59432
0.58126
0.5738
0.56634
0.5626
0.5625
0.54028
0.53804
0.57261
0.57056
0.54615
0.54198
0.54699
0.52499
0.49273
0.47393
0.47059
0.47047
0.61508
0.64974
0.63326
0.63901
0.63703
0.66347
0.59855
0.56671
0.57374
0.60459
0.62527
0.63428
0.63897
0.62727
0.60998
0.59745
0.59082
0.59721
0.61276
0.63915
0.64085
0.6225
0.62528
0.62453
0.6388
0.61596
0.56725
0.52124
0.60955
0.72716
0.70043
0.72402
0.78126
0.70997
0.68764
0.68966
0.72067
0.73004
0.71589
0.74827
0.73134
0.72732
0.73764
0.76376
0.62725
0.60509
0.76968
0.78083
0.61012
0.58505
0.5652
0.55469
0.51161
0.48515
0.51603
0.53231
0.47879
0.4723
0.47813
0.48099
0.47523
0.48188
0.48375
0.49296
0.50204
0.51957
0.56189
0.60845
0.61917
0.63019
0.63007
0.62343
0.60802
0.5508
0.49038
0.49948
0.5057
0.59467
0.58397
0.58454
0.59886
0.57574
0.53282
0.50165
0.41386
0.32795
0.2835
0.27162
0.28252
0.46872
0.59908
0.6326
0.61076
0.61191
0.62769
0.62838
0.57166
0.54752
0.54884
0.53869
0.5406
0.54399
0.6006
0.62256
0.60374
0.60112
0.63995
0.67107
0.66196
0.67441
0.68596
0.70529
0.72309
0.72566
0.73214
0.7491
0.65229
0.67903
0.68443
0.68051
0.69674
0.6388
0.6109
0.64078
0.59
0.59003
0.5711
0.57396
0.54663
0.54568
0.53997
0.53261
0.53485
0.52725
0.50236
0.46951
0.47081
0.62718
0.61822
0.61707
0.61642
0.63319
0.60286
0.60931
0.58783
0.58201
0.57689
0.58106
0.5768
0.58233
0.57711
0.58266
0.57792
0.58364
0.58068
0.57907
0.50776
0.54083
0.53216
0.51448
0.52112
0.58062
0.61392
0.60265
0.59148
0.58821
0.58702
0.58463
0.56934
0.56839
0.56506
0.53128
0.54696
0.51503
0.51811
0.54539
0.55361
0.56299
0.53859
0.53753
0.55687
0.5471
0.5386
0.53872
0.51531
0.47712
0.45982
0.60339
0.58675
0.57861
0.57146
0.5543
0.53641
0.54235
0.55468
0.56388
0.58043
0.57401
0.52712
0.49846
0.49071
0.47425
0.42918
0.44872
0.43109
0.44435
0.59042
0.65442
0.66888
0.6679
0.65945
0.64571
0.64957
0.61987
0.59763
0.55259
0.54245
0.55035
0.54691
0.57136
0.54624
0.51353
0.51098
0.53671
0.67084
0.73053
0.69833
0.6585
0.63627
0.58614
0.59644
0.60939
0.61176
0.63693
0.65014
0.63431
0.59949
0.60288
0.59974
0.59921
0.5881
0.53919
0.60729
0.50129
0.6953
0.73626
0.72206
0.71964
0.73016
0.73952
0.71122
0.7032
0.71809
0.71881
0.73344
0.74976
0.77327
0.74141
0.77731
0.73646
0.64994
0.63443
0.62899
0.63293
0.63626
0.65295
0.59277
0.56162
0.77006
0.74495
0.7359
0.72469
0.72778
0.75154
0.73937
0.73078
0.70269
0.81025
0.81692
0.66778
0.65781
0.64706
0.63985
0.62288
0.62808
0.62205
0.61919
0.61776
0.63399
0.64102
0.61294
0.56005
0.47659
0.41521
0.64894
0.66733
0.67152
0.6693
0.67916
0.75371
0.74446
0.76791
0.76617
0.57966
0.61567
0.60242
0.64469
0.63212
0.61487
0.60252
0.60706
0.61521
0.61762
0.61723
0.62323
0.68106
0.69477
0.71098
0.72813
0.71132
0.66045
0.66079
0.60996
0.59421
0.58322
0.6041
0.52747
0.3917
0.33489
0.29613
0.2202
0.15882
0.13857
0.1746
0.32781
0.40994
0.48067
0.59494
0.65164
0.64778
0.63498
0.62159
0.59517
0.58386
0.56491
0.5321
0.49313
0.59858
0.56712
0.59446
0.67581
0.68631
0.79858
0.82584
0.83139
0.83484
0.83652
0.84619
0.85144
0.85151
0.84229
0.81127
0.80426
0.80216
0.79883
0.82147
0.83045
0.8317
0.8405
0.83704
0.74064
0.71834
0.79141
0.76106
0.66399
0.61293
0.6123
0.64159
0.65758
0.79334
0.80104
0.8022
0.79724
0.79178
0.77913
0.76659
0.73751
0.71228
0.69655
0.68495
0.67431
0.65247
0.63126
0.67042
0.67112
0.64911
0.5827
0.54212
0.52206
0.51887
0.50538
0.56509
0.62413
0.70922
0.73526
0.67273
0.68025
0.69817
0.7369
0.75203
0.69485
0.70965
0.7523
0.67539
0.63283
0.59353
0.54935
0.54172
0.6965
0.68789
0.70794
0.65565
0.62611
0.62243
0.57485
0.4854
0.49028
0.5309
0.54788
0.56703
0.59603
0.58455
0.55643
0.57124
0.59015
0.56176
0.55963
0.61925
0.63568
0.56517
0.64045
0.67667
0.70544
0.71597
0.59567
0.57658
0.55448
0.542
0.60105
0.6981
0.66559
0.69289
0.68903
0.689
0.68787
0.6891
0.72627
0.76678
0.76126
0.71948
0.6661
0.61852
0.58183
0.55412
0.5655
0.59308
0.60687
0.59243
0.57115
0.60281
0.56356
0.56489
0.60068
0.52506
0.47326
0.49191
0.51343
0.50032
0.61154
0.68723
0.70754
0.74054
0.75474
0.76664
0.81419
0.83664
0.85799
0.85971
0.84503
0.79529
0.74892
0.70711
0.66814
0.56891
0.57024
0.60452
0.67865
0.76479
0.76327
0.78208
0.76532
0.74283
0.70534
0.78957
0.73078
0.71542
0.71885
0.70698
0.67274
0.5841
0.54384
0.53198
0.58338
0.67805
0.69401
0.68692
0.67751
0.67375
0.66945
0.67324
0.73565
0.7082
0.70113
0.68028
0.67064
0.64368
0.63551
0.63173
0.61023
0.64824
0.66598
0.65057
0.62498
0.5828
0.54889
0.57953
0.64467
0.62598
0.64927
0.65294
0.66023
0.70087
0.76683
0.78355
0.77334
0.76473
0.65911
0.60311
0.6192
0.615
0.59957
0.59072
0.57616
0.57329
0.60527
0.59365
0.59181
0.60051
0.56372
0.51832
0.46537
0.43927
0.43225
0.4253
0.48688
0.54577
0.67578
0.86314
0.87137
0.86857
0.86853
0.87294
0.87857
0.88873
0.88795
0.89088
0.88281
0.86823
0.84364
0.84862
0.84817
0.85887
0.84409
0.84311
0.85731
0.85777
0.84417
0.83803
0.82771
0.7971
0.72532
0.72052
0.68933
0.64356
0.5959
0.56366
0.52575
0.52669
0.55417
0.54321
0.55283
0.57703
0.60662
0.6362
0.65234
0.69474
0.73967
0.86246
0.86268
0.8509
0.83122
0.82516
0.81845
0.78107
0.76909
0.72781
0.70426
0.73277
0.81321
0.80458
0.80134
0.79273
0.75335
0.71075
0.82298
0.73763
0.73833
0.74417
0.73251
0.72769
0.82412
0.85839
0.83673
0.85693
0.84347
0.8435
0.76236
0.70195
0.67767
0.83388
0.7608
0.70473
0.72104
0.71886
0.70831
0.74852
0.7939
0.68639
0.6838
0.67156
0.68574
0.67703
0.69201
0.71069
0.71541
0.70906
0.71554
0.74304
0.79103
0.79829
0.77403
0.72708
0.70227
0.69094
0.66155
0.70373
0.76691
0.76044
0.76304
0.76497
0.76334
0.77621
0.7948
0.81141
0.76811
0.76259
0.77778
0.7602
0.75353
0.71603
0.69604
0.72078
0.6787
0.69651
0.68906
0.59726
0.62383
0.63311
0.62656
0.60784
0.624
0.64266
0.67338
0.74655
0.91733
0.99994
1
1.0007
0.9779
0.53043
0.54448
0.5892
0.64695
0.62641
0.51024
0.45178
0.51567
0.53405
0.55881
0.5377
0.58751
0.65059
0.71379
0.76151
0.86242
0.87575
0.88109
0.87563
0.87875
0.90135
0.85407
0.82515
0.79982
0.79493
0.80997
0.7922
0.77195
0.90589
0.90447
0.89418
0.75311
0.7431
0.73733
0.69955
0.6774
0.68298
0.72718
0.73742
0.74718
0.74422
0.74682
0.72232
0.8101
0.89829
0.90121
0.80165
0.84083
0.88138
0.75708
0.70966
0.7547
0.8708
0.87301
0.81916
0.78914
0.72968
0.88203
0.89679
0.87671
0.89978
0.76253
0.81051
0.8237
0.82079
0.81277
0.73708
0.70022
0.69892
0.72083
0.7763
0.79127
0.82582
0.80658
0.80103
0.79053
0.76178
0.72742
0.6651
0.64691
0.72312
0.75454
0.74373
0.78058
0.79922
0.79259
0.83199
0.84522
0.8515
0.78599
0.76898
0.77812
0.77307
0.72822
0.68948
0.71458
0.80352
0.82854
0.89495
0.94693
0.87308
0.83794
0.90332
0.9213
0.91667
0.89569
0.88808
0.87882
0.87993
0.77252
0.68592
0.66786
0.75216
0.88559
0.89781
0.89253
0.89085
0.88965
0.89454
0.88461
0.86975
0.73696
0.72708
0.64821
0.62809
0.63131
0.86608
0.89514
0.89207
0.90688
0.91465
0.92484
0.92182
0.92065
0.91766
0.82595
0.83355
0.90475
0.90349
0.8942
0.92409
0.8905
0.85321
0.87964
0.89102
0.90016
0.88331
0.86785
0.84935
0.8993
0.88825
0.8611
0.84909
0.81187
0.84667
0.79289
0.72234
0.69111
0.70301
0.70139
0.7076
0.67699
0.61776
0.58965
0.72346
0.84737
0.91181
0.88707
0.9339
0.81342
0.76988
0.81131
0.80298
0.76129
0.71395
0.901
0.94012
0.9371
0.94343
0.93561
0.97579
0.97223
0.96761
0.97123
0.95859
0.83995
0.69815
0.68721
0.69551
0.73003
0.77967
0.82397
0.9583
0.85538
0.92158
0.93229
0.95973
0.97023
0.92499
0.96973
0.98964
0.94014
0.93881
0.82968
0.96237
0.9106
0.671
0.73396
0.8372
0.81293
0.84756
0.84178
0.83891
0.81605
0.73182
0.83665
0.81028
0.75594
0.75567
0.77184
0.92503
0.94796
0.93543
0.9
0.9441
0.77518
0.71331
0.59839
0.55208
0.57008
0.59784
0.7714
0.8135
0.82144
0.7402
0.67825
0.6469
0.95078
0.91162
0.85483
0.79025
0.77519
0.73751
0.72365
0.71864
0.77133
0.76065
0.74057
0.71942
0.75578
0.80684
0.7802
0.74322
0.73983
0.7605
0.79961
0.8333
0.83173
0.77198
0.73723
0.81598
0.79865
0.78425
0.76176
0.70688
0.74383
0.76809
0.7828
0.82853
0.83785
0.83543
0.88274
0.89509
0.87569
0.8638
0.86963
0.89862
0.92447
0.97031
0.95606
0.87507
0.78714
0.77541
0.81666
0.74041
0.73631
0.73516
0.72716
0.76184
0.78141
0.77933
0.6821
0.71652
0.75813
0.82095
0.78659
0.76725
0.78504
0.81895
0.79335
0.80472
0.84494
0.88691
0.89612
0.88203
0.88131
0.89017
0.94946
0.87513
0.90845
0.9416
0.91867
0.96451
0.95739
0.75533
0.73183
0.69932
0.6891
0.73646
0.73524
0.72492
0.72832
0.73551
0.7395
0.73941
0.7828
0.7822
0.8072
0.78813
0.79677
0.7235
0.72923
0.70742
0.69579
0.74393
0.75576
0.77138
0.83073
0.78763
0.69397
0.72836
0.70863
0.76316
0.75256
0.76776
0.75581
0.75661
0.77289
0.74865
0.75898
0.76434
0.75939
0.77211
0.80097
0.79197
0.80225
0.80087
0.79448
0.80279
0.82074
0.83353
0.83115
0.83016
0.88735
0.89528
0.94302
0.91533
0.96836
0.9656
0.89441
0.93844
0.96013
0.9651
0.97425
0.94451
0.88428
0.89203
0.86615
0.89562
0.81913
0.81459
0.7685
0.75718
0.7633
0.77159
0.75345
0.81224
0.84193
0.82001
0.84307
0.87637
0.94159
0.93425
0.91393
0.90605
0.86912
0.90972
0.94268
0.93577
0.94972
0.95199
0.94576
0.92462
0.92618
0.89421
0.87237
0.87668
0.92717
0.86139
0.79686
0.76364
0.75448
0.78188
0.75062
0.74286
0.7447
0.7618
0.82928
0.78066
0.77798
0.78379
0.80157
0.76115
0.73998
0.76296
0.83392
0.82498
0.97137
0.95946
0.96379
0.95108
0.85088
0.88703
0.90544
0.95575
0.80644
0.77793
0.97286
0.96941
0.90901
0.81704
0.96674
0.96836
0.87266
0.85868
0.84903
0.85136
0.83313
0.96525
0.83934
0.90993
0.79177
0.7385
0.71687
0.71001
0.95139
0.86655
0.88699
0.91848
0.77126
0.7679
0.76741
0.80323
0.84607
0.83671
0.7654
0.73371
0.97618
0.98454
0.98396
0.98395
0.9551
0.94236
0.88949
0.84485
0.80243
0.97254
0.97019
0.96756
0.95017
0.94398
0.93939
0.93019
0.94905
0.94379
0.94643
0.94189
0.86191
0.93347
0.88769
0.73233
0.69532
0.80411
0.97081
0.97613
0.97623
0.97191
0.97484
0.97757
0.97894
0.98373
0.98272
0.97857
0.97578
0.97328
0.97534
0.95781
0.96583
0.94741
0.94778
0.93532
0.90063
0.94439
0.85551
0.76331
0.64568
0.69978
0.95984
0.95697
0.95663
0.95317
0.95272
0.96135
0.96197
0.95253
0.94224
0.9149
0.94748
0.95623
0.94594
0.95155
0.96061
0.95656
0.89625
0.95398
0.94019
0.9231
0.8735
0.81687
0.78212
0.76283
0.73319
0.76273
0.78925
0.77833
0.76054
0.7391
0.71175
0.7097
0.73238
0.76034
0.79451
0.97857
0.98419
0.96939
0.95254
0.95208
0.90292
0.73407
0.70348
0.59787
0.56983
0.59622
0.60376
0.64389
0.69271
0.7278
0.74893
0.7388
0.6923
0.67345
0.67919
0.71917
0.7283
0.72779
0.72626
0.70901
0.68713
0.68976
0.70663
0.73716
0.77582
0.80397
0.82969
0.83519
0.82019
0.80652
0.80317
0.8136
0.79476
0.79733
0.79498
0.77651
0.76042
0.72723
0.67527
0.67162
0.68061
0.67162
0.68141
0.67824
0.70756
0.74645
0.7413
0.74353
0.79653
0.79932
0.75761
0.74062
0.75083
0.73569
0.6616
0.60106
0.66548
0.78678
0.88176
0.7869
0.76099
0.73796
0.70172
0.69809
0.73881
0.78082
0.7354
0.76592
0.76379
0.68317
0.78835
0.87705
0.91365
0.79066
0.76147
0.78152
0.79147
0.74728
0.70398
0.69393
0.69638
0.75772
0.79891
0.86324
0.90351
0.73722
0.72701
0.74961
0.73299
0.76835
0.74412
0.72617
0.75824
0.77045
0.72636
0.73046
0.75044
0.77891
0.7924
0.79007
0.77891
0.78737
0.84184
0.91977
0.92111
0.92515
0.8703
0.7359
0.70449
0.71359
0.71221
0.76527
0.82744
0.83282
0.78179
0.77157
0.76463
0.84268
0.77729
0.78609
0.77923
0.78807
0.80238
0.7696
0.76802
0.88307
0.87183
0.83757
0.88205
0.84722
0.83765
0.81194
0.84827
0.92008
0.90786
0.84041
0.90391
0.87805
0.87938
0.85286
0.84896
0.88887
0.88302
0.86087
0.86925
0.86351
0.78063
0.79259
0.82142
0.84596
0.8383
0.91206
0.83449
0.91829
0.88377
0.84944
0.81513
0.82439
0.89075
0.90014
0.89683
0.9036
0.88698
0.88809
0.88268
0.89018
0.88943
0.89983
0.90138
0.89859
0.89634
0.89374
0.896
0.89908
0.89821
0.90425
0.89968
0.89112
0.88984
0.8869
0.87673
0.74795
0.71613
0.70222
0.67748
0.69368
0.70614
0.7183
0.72048
0.71483
0.70752
0.71742
0.67815
0.67109
0.68348
0.73621
0.77822
0.77369
0.75797
0.76082
0.77247
0.7941
0.78509
0.80323
0.81897
0.83458
0.86004
0.87451
0.87584
0.87702
0.8755
0.87848
0.86497
0.85398
0.84724
0.82378
0.78675
0.76166
0.72269
0.71283
0.63449
0.61923
0.63594
0.61194
0.57674
0.65413
0.66071
0.64833
0.65394
0.65509
0.63179
0.60263
0.66658
0.74361
0.76464
0.77374
0.77221
0.75637
0.76933
0.75369
0.75469
0.75458
0.77567
0.77114
0.7714
0.7797
0.78364
0.79952
0.78211
0.77023
0.80187
0.82354
0.83469
0.84669
0.8559
0.85554
0.84986
0.84772
0.85272
0.85454
0.8563
0.85931
0.84799
0.83866
0.80392
0.75663
0.6754
0.58338
0.57853
0.57723
0.58002
0.59566
0.58141
0.55906
0.56523
0.5989
0.6006
0.5473
0.50753
0.49452
0.5445
0.66731
0.75144
0.75547
0.71997
0.65993
0.61788
0.58305
0.55924
0.57446
0.68172
0.7189
0.72565
0.79575
0.75151
0.71413
0.70044
0.68335
0.71197
0.7915
0.7996
0.77662
0.78431
0.8193
0.86196
0.8719
0.87558
0.86931
0.78433
0.79563
0.75349
0.82835
0.7823
0.77343
0.78285
0.86471
0.83748
0.77099
0.88953
0.79824
0.79221
0.77743
0.76731
0.78001
0.78173
0.78239
0.76098
0.74508
0.74691
0.73433
0.72078
0.71873
0.71929
0.71129
0.70521
0.66377
0.56295
0.70695
0.71557
0.72154
0.73114
0.73757
0.73762
0.75011
0.73977
0.68521
0.66583
0.66154
0.65743
0.66364
0.73193
0.76971
0.79263
0.79237
0.79667
0.82774
0.79609
0.78483
0.72291
0.75198
0.75018
0.77669
0.83638
0.86602
0.88168
0.8903
0.88259
0.8863
0.87304
0.82658
0.863
0.86269
0.72391
0.7024
0.67456
0.68657
0.6552
0.63848
0.61249
0.5747
0.54466
0.5726
0.67064
0.70781
0.71576
0.74177
0.76321
0.7378
0.71719
0.71192
0.68048
0.65445
0.65764
0.67352
0.72346
0.81035
0.73533
0.75994
0.83666
0.83317
0.77903
0.71347
0.71469
0.79826
0.8009
0.82739
0.84482
0.85529
0.81243
0.77148
0.76489
0.76808
0.76666
0.76302
0.75807
0.74326
0.69235
0.63079
0.61719
0.59421
0.54663
0.61613
0.68114
0.75954
0.79041
0.79896
0.80145
0.8043
0.79174
0.74044
0.68406
0.64825
0.64242
0.71002
0.75537
0.74963
0.76395
0.76667
0.7604
0.77485
0.77412
0.77027
0.76564
0.76868
0.77248
0.80021
0.7886
0.77288
0.76545
0.75838
0.6921
0.64476
0.65092
0.65903
0.65099
0.66431
0.69129
0.69846
0.69688
0.72341
0.71694
0.71024
0.66352
0.69463
0.72584
0.63663
0.52329
0.47916
0.61432
0.5809
0.564
0.54386
0.55098
0.58457
0.57031
0.58267
0.58085
0.54776
0.55401
0.55086
0.56374
0.57434
0.58744
0.59883
0.61338
0.63507
0.64041
0.65776
0.67355
0.65849
0.66209
0.6531
0.64474
0.64289
0.60839
0.58037
0.54018
0.54436
0.59602
0.67504
0.69861
0.70764
0.68816
0.68122
0.68395
0.64278
0.62957
0.57384
0.5545
0.572
0.59002
0.68927
0.72999
0.72964
0.73597
0.73121
0.71718
0.68193
0.66613
0.60735
0.54106
0.51019
0.43403
0.38098
0.37262
0.38714
0.41123
0.43897
0.46846
0.49853
0.53582
0.62455
0.67595
0.70889
0.74435
0.73541
0.73662
0.67406
0.60796
0.58129
0.55989
0.53692
0.5324
0.53518
0.54512
0.58316
0.72136
0.78359
0.79961
0.82174
0.84836
0.75317
0.76153
0.80391
0.80071
0.82577
0.83056
0.84892
0.72753
0.63407
0.65787
0.69213
0.6782
0.62324
0.6144
0.57725
0.54717
0.56526
0.5903
0.64097
0.74516
0.78099
0.75879
0.57889
0.59355
0.54344
0.48737
0.48436
0.49922
0.508
0.53421
0.57403
0.69952
0.74768
0.79049
0.80003
0.80956
0.81735
0.82244
0.8232
0.82007
0.81849
0.81558
0.81869
0.81025
0.6223
0.64089
0.63766
0.61124
0.61927
0.63604
0.66509
0.70143
0.72715
0.75244
0.76988
0.77254
0.76242
0.77786
0.78333
0.78695
0.80162
0.79136
0.78535
0.79075
0.78167
0.64222
0.65981
0.77288
0.78176
0.76078
0.6917
0.69854
0.69559
0.68498
0.68789
0.69545
0.77118
0.69318
0.68261
0.64208
0.67394
0.72035
0.7582
0.75506
0.72742
0.7483
0.72249
0.65741
0.61613
0.60575
0.64888
0.65696
0.67254
0.69355
0.69336
0.70127
0.69467
0.69837
0.69664
0.71519
0.71367
0.7075
0.66858
0.63184
0.64881
0.64419
0.65033
0.62435
0.59158
0.54602
0.53397
0.52567
0.52609
0.51694
0.5065
0.52986
0.5691
0.60286
0.62596
0.61841
0.64557
0.62694
0.60656
0.60268
0.59727
0.60188
0.59415
0.58498
0.57371
0.56395
0.55418
0.55651
0.55678
0.56705
0.57562
0.57818
0.59587
0.61986
0.63533
0.6799
0.73167
0.75311
0.73345
0.72313
0.72204
0.70491
0.69957
0.71082
0.73902
0.75025
0.74785
0.70987
0.72852
0.8085
0.81648
0.81747
0.81637
0.81005
0.80352
0.78175
0.76095
0.7626
0.71892
0.72798
0.74274
0.76289
0.81509
0.81569
0.78919
0.76063
0.7976
0.75022
0.7428
0.77526
0.76112
0.60177
0.52084
0.47514
0.41525
0.36318
0.34875
0.37982
0.39083
0.36237
0.39071
0.4297
0.47304
0.56099
0.61613
0.65847
0.69253
0.70308
0.68831
0.72241
0.81077
0.80885
0.72565
0.81102
0.81442
0.81775
0.81917
0.81256
0.81496
0.81075
0.80685
0.80859
0.81312
0.7273
0.70977
0.72213
0.70013
0.80489
0.79792
0.78755
0.76968
0.76419
0.74811
0.7183
0.702
0.70467
0.69257
0.70151
0.69393
0.6898
0.67099
0.67445
0.6635
0.65442
0.63394
0.63176
0.60791
0.60023
0.61665
0.6137
0.58874
0.57471
0.54753
0.52675
0.51547
0.48359
0.45738
0.38217
0.38177
0.30604
0.16348
0.31236
0.2206
0.20899
0.27775
0.35978
0.41017
0.51484
0.58445
0.58091
0.61108
0.60277
0.60055
0.604
0.60978
0.60279
0.6049
0.5723
0.58426
0.6392
0.7136
0.6264
0.65651
0.69487
0.72829
0.71694
0.70268
0.68569
0.6882
0.70166
0.72276
0.73104
0.73589
0.73692
0.74213
0.74795
0.74833
0.75587
0.75884
0.75662
0.76064
0.76323
0.75826
0.71382
0.70167
0.73973
0.7817
0.79682
0.74073
0.75412
0.82402
0.84551
0.8681
0.88617
0.78932
0.78038
0.84107
0.86227
0.86787
0.86628
0.85717
0.87095
0.83193
0.75884
0.72798
0.71991
0.71822
0.72987
0.72907
0.76314
0.83217
0.81233
0.74155
0.66674
0.62084
0.5831
0.61964
0.65005
0.66907
0.67206
0.67141
0.59083
0.68892
0.70251
0.68721
0.6137
0.65449
0.72305
0.72314
0.75489
0.75344
0.60625
0.62776
0.67743
0.69047
0.67173
0.67235
0.6683
0.67906
0.68597
0.77492
0.75965
0.75223
0.68765
0.66231
0.58403
0.54825
0.57168
0.68278
0.73974
0.76376
0.77776
0.77532
0.6983
0.62171
0.6023
0.5904
0.58848
0.73041
0.77893
0.75928
0.696
0.6848
0.64764
0.64915
0.6495
0.64754
0.65384
0.65506
0.69619
0.6099
0.59474
0.58669
0.60905
0.61917
0.6229
0.6617
0.68354
0.66716
0.68963
0.70331
0.70854
0.7109
0.69353
0.6557
0.54071
0.56656
0.60572
0.63763
0.63725
0.60643
0.60847
0.65618
0.65277
0.64893
0.62801
0.65881
0.67545
0.68304
0.70898
0.71786
0.72782
0.73986
0.74547
0.75986
0.76263
0.76187
0.73117
0.65375
0.6492
0.65949
0.5114
0.50969
0.55229
0.73814
0.65868
0.63188
0.5995
0.5467
0.52582
0.52579
0.52434
0.54098
0.54657
0.54155
0.53639
0.53292
0.55316
0.55737
0.57043
0.57317
0.59303
0.607
0.62229
0.63688
0.62409
0.60102
0.56458
0.52322
0.51313
0.47988
0.46143
0.48238
0.59087
0.65758
0.70302
0.73139
0.7327
0.69271
0.65614
0.66217
0.70751
0.70813
0.72113
0.73229
0.74027
0.72839
0.7291
0.73981
0.77074
0.77385
0.76208
0.72026
0.67776
0.65084
0.59868
0.59184
0.59019
0.56825
0.54258
0.57214
0.60203
0.62028
0.65638
0.65421
0.66256
0.67865
0.69496
0.71378
0.66702
0.65998
0.68215
0.71206
0.7114
0.69618
0.67482
0.62598
0.62419
0.6836
0.61708
0.61294
0.60609
0.61248
0.58341
0.58969
0.58556
0.6389
0.75097
0.70918
0.73253
0.73864
0.73532
0.72365
0.68325
0.66522
0.66784
0.66457
0.66089
0.66448
0.66976
0.65773
0.61721
0.61004
0.58256
0.56388
0.60614
0.61056
0.60462
0.58985
0.52995
0.52308
0.5027
0.4787
0.46595
0.45351
0.50527
0.53638
0.58269
0.58671
0.59262
0.6053
0.62223
0.61857
0.65519
0.6665
0.6596
0.64117
0.62901
0.60574
0.60274
0.60142
0.59878
0.59571
0.59458
0.59611
0.57265
0.52729
0.54359
0.58111
0.62257
0.5835
0.66461
0.58252
0.53541
0.63093
0.63838
0.6384
0.64986
0.64959
0.65009
0.61096
0.61828
0.59534
0.60177
0.62908
0.6362
0.63695
0.63798
0.64531
0.65231
0.66042
0.67648
0.69769
0.68073
0.66699
0.65121
0.6666
0.67018
0.68153
0.68846
0.69723
0.69603
0.70123
0.69599
0.68296
0.66979
0.62783
0.60305
0.61598
0.60309
0.59242
0.59881
0.60524
0.60786
0.60836
0.62003
0.63304
0.64006
0.64513
0.63392
0.61683
0.61416
0.60525
0.63935
0.65672
0.64354
0.64476
0.62482
0.6178
0.61311
0.60711
0.59188
0.59379
0.57905
0.58575
0.58878
0.58309
0.56927
0.59005
0.58845
0.5817
0.57266
0.58869
0.61596
0.57807
0.58015
0.57975
0.56653
0.58243
0.60582
0.57929
0.46956
0.47249
0.45917
0.50384
0.50246
0.52234
0.44852
0.45455
0.53081
0.54887
0.67653
0.60178
0.55422
0.52446
0.48774
0.6458
0.64983
0.65552
0.5667
0.55451
0.54438
0.5489
0.63482
