0.46304
0.43817
0.43415
0.41478
0.43041
0.47389
0.55613
0.67698
0.70498
0.74695
0.75575
0.73488
0.72622
0.71864
0.6651
0.633
0.64659
0.72856
0.72924
0.71367
0.62983
0.66112
0.67985
0.73793
0.71456
0.6369
0.64782
0.66047
0.66501
0.65312
0.60637
0.68447
0.65924
0.70687
0.71696
0.70465
0.71636
0.73064
0.73992
0.6849
0.67497
0.67509
0.62084
0.56244
0.68576
0.66373
0.56066
0.57454
0.66056
0.66559
0.68593
0.80149
0.80501
0.80824
0.8002
0.79037
0.78467
0.74211
0.65914
0.66341
0.66583
0.6634
0.63134
0.65181
0.66221
0.66641
0.66246
0.65042
0.62078
0.60455
0.51473
0.51398
0.59234
0.67413
0.64981
0.63841
0.60859
0.57451
0.6351
0.59731
0.60136
0.59294
0.57306
0.56778
0.53874
0.53404
0.51781
0.50832
0.5065
0.51209
0.51144
0.51547
0.54116
0.55917
0.55359
0.55746
0.54601
0.50261
0.44375
0.44377
0.46917
0.46312
0.45244
0.42512
0.40553
0.39698
0.40598
0.46136
0.48991
0.54442
0.58196
0.60969
0.67331
0.70855
0.71281
0.70909
0.69362
0.69045
0.68705
0.70532
0.74805
0.72075
0.65795
0.65776
0.68395
0.73236
0.73201
0.70827
0.69667
0.69677
0.69139
0.68552
0.6803
0.67131
0.66603
0.65639
0.63375
0.56968
0.5684
0.57042
0.58457
0.61732
0.65225
0.65824
0.65847
0.646
0.63577
0.649
0.65643
0.63841
0.60899
0.5746
0.52039
0.51483
0.53978
0.54829
0.55309
0.54299
0.53428
0.52066
0.50526
0.47949
0.46833
0.49016
0.51201
0.5405
0.46892
0.40263
0.40903
0.4342
0.47232
0.50735
0.50441
0.47483
0.43959
0.44251
0.41773
0.38663
0.41566
0.44642
0.41246
0.44293
0.47222
0.49581
0.50015
0.50751
0.48733
0.44613
0.43294
0.42007
0.45296
0.46911
0.50395
0.48535
0.46168
0.43777
0.41921
0.40863
0.40795
0.3805
0.37033
0.41527
0.54166
0.57953
0.58324
0.59218
0.64588
0.65939
0.69507
0.73038
0.74587
0.75342
0.75453
0.6973
0.70673
0.68693
0.66573
0.63499
0.62743
0.62992
0.62048
0.61935
0.62037
0.61987
0.62677
0.62277
0.62241
0.62855
0.64189
0.6929
0.68932
0.69441
0.68802
0.69311
0.69871
0.71659
0.74197
0.76198
0.73266
0.6968
0.70318
0.72591
0.71068
0.64967
0.65692
0.63325
0.62434
0.62963
0.62625
0.62218
0.61978
0.63004
0.62048
0.61243
0.58529
0.54694
0.5491
0.56974
0.59621
0.59673
0.58971
0.579
0.57037
0.56982
0.5654
0.57263
0.5763
0.5844
0.5891
0.5856
0.62065
0.6248
0.62059
0.63012
0.62175
0.59203
0.59017
0.58183
0.57904
0.58348
0.59042
0.58855
0.59159
0.59039
0.59443
0.59333
0.61511
0.61799
0.61181
0.61809
0.59696
0.57846
0.52856
0.48597
0.45553
0.41535
0.37551
0.43597
0.43452
0.36731
0.37476
0.38159
0.42746
0.47386
0.50908
0.51413
0.5166
0.5451
0.53455
0.57226
0.57453
0.55224
0.55393
0.56929
0.64316
0.70257
0.70519
0.71382
0.70292
0.72335
0.7228
0.7251
0.67967
0.64443
0.64075
0.64506
0.61643
0.59731
0.59299
0.58922
0.59266
0.59232
0.59871
0.5984
0.62056
0.65306
0.65106
0.65726
0.60206
0.59075
0.58348
0.57243
0.50963
0.47173
0.52477
0.57103
0.59996
0.65551
0.67326
0.64992
0.72875
0.75315
0.41231
0.67905
0.61941
0.61507
0.61226
0.61126
0.60021
0.60089
0.58741
0.56967
0.59041
0.55858
0.51695
0.50377
0.48466
0.49052
0.47688
0.57175
0.6445
0.658
0.66444
0.66514
0.62647
0.61708
0.60394
0.57995
0.58484
0.57724
0.57333
0.58553
0.55348
0.53269
0.54226
0.55645
0.54975
0.52036
0.44775
0.48845
0.4848
0.48592
0.52725
0.59714
0.58431
0.59646
0.59207
0.58589
0.6005
0.57911
0.58269
0.60448
0.59755
0.61516
0.60894
0.60678
0.60436
0.59562
0.56099
0.53165
0.52771
0.51048
0.48088
0.46503
0.45333
0.45306
0.49894
0.50357
0.49317
0.47784
0.52306
0.53857
0.50396
0.4392
0.44046
0.43777
0.41494
0.43387
0.51112
0.50704
0.51641
0.51575
0.52242
0.53533
0.53469
0.53243
0.52555
0.50983
0.47664
0.43283
0.43579
0.47163
0.50638
0.51996
0.52036
0.51948
0.51696
0.51719
0.52829
0.54792
0.54188
0.55118
0.55102
0.56779
0.56961
0.57505
0.57816
0.57629
0.57693
0.57721
0.57994
0.58019
0.60007
0.57474
0.57595
0.57186
0.56369
0.55044
0.51082
0.5048
0.53212
0.54659
0.54325
0.5199
0.51008
0.53841
0.56025
0.5631
0.54949
0.54503
0.59102
0.67559
0.72499
0.75603
0.68325
0.60965
0.67964
0.74338
0.74015
0.73615
0.61718
0.58477
0.60017
0.6822
0.67047
0.63688
0.60709
0.57315
0.58444
0.5532
0.53108
0.5259
0.52524
0.55639
0.54302
0.54723
0.58077
0.56362
0.56963
0.56454
0.59033
0.58089
0.56294
0.5794
0.57488
0.56579
0.57674
0.59506
0.59637
0.63594
0.66253
0.66622
0.67773
0.68475
0.69299
0.68833
0.65378
0.6269
0.59056
0.57752
0.56915
0.55202
0.48007
0.48688
0.46964
0.46959
0.46183
0.44572
0.42643
0.40434
0.43127
0.45049
0.48583
0.52065
0.534
0.54221
0.56129
0.5457
0.51789
0.53061
0.54517
0.54426
0.55326
0.56064
0.5666
0.55986
0.55132
0.52728
0.51203
0.52379
0.54078
0.55037
0.54421
0.51367
0.46075
0.54865
0.70855
0.7151
0.7001
0.70138
0.68984
0.70809
0.76372
0.74485
0.72771
0.75138
0.7743
0.78376
0.77265
0.7868
0.78544
0.78136
0.78272
0.77685
0.76718
0.75702
0.74044
0.72592
0.69898
0.67221
0.61325
0.57908
0.5568
0.54694
0.50664
0.49725
0.51992
0.5299
0.53358
0.58067
0.60313
0.60402
0.58973
0.57578
0.59151
0.64941
0.6904
0.73976
0.7597
0.77684
0.78017
0.77276
0.77706
0.76626
0.75902
0.75497
0.77454
0.78012
0.73032
0.694
0.68623
0.66517
0.66371
0.69743
0.70795
0.71619
0.72448
0.72549
0.71704
0.7075
0.71263
0.72925
0.69971
0.72717
0.72873
0.72672
0.72757
0.72827
0.72484
0.68811
0.62864
0.62177
0.61231
0.60622
0.61775
0.64285
0.65464
0.68054
0.65982
0.53626
0.42176
0.45455
0.51999
0.57322
0.55894
0.61108
0.67868
0.72381
0.74434
0.76442
0.7832
0.7558
0.74703
0.77442
0.76385
0.77323
0.76131
0.74758
0.71356
0.65467
0.6368
0.65591
0.68438
0.68257
0.64253
0.59603
0.54168
0.5058
0.509
0.49638
0.51956
0.55725
0.59379
0.61241
0.59122
0.59412
0.59568
0.61154
0.6453
0.68635
0.68076
0.6718
0.66677
0.66213
0.66115
0.67442
0.69633
0.66736
0.66595
0.66598
0.66263
0.65062
0.6622
0.66901
0.6769
0.69069
0.70954
0.71524
0.70616
0.67434
0.67578
0.68201
0.69237
0.65525
0.73163
0.72968
0.71495
0.6869
0.68054
0.69939
0.72114
0.62691
0.61687
0.62504
0.64
0.64361
0.64391
0.63343
0.62201
0.61469
0.6103
0.59818
0.59728
0.5885
0.58451
0.63932
0.64034
0.62842
0.60929
0.61339
0.62528
0.62342
0.65195
0.64909
0.66907
0.67608
0.68648
0.705
0.70125
0.68276
0.60152
0.59072
0.60325
0.60068
0.59912
0.64097
0.67051
0.68889
0.68885
0.66385
0.63338
0.62326
0.61545
0.61257
0.61745
0.6156
0.58654
0.5393
0.51673
0.47592
0.45985
0.41043
0.40223
0.36123
0.42258
0.51957
0.53398
0.55764
0.59615
0.5535
0.54213
0.47866
0.50809
0.5023
0.49136
0.54803
0.60535
0.57621
0.47745
0.55021
0.60758
0.70987
0.71318
0.70624
0.70545
0.67535
0.65975
0.78547
0.70004
0.65164
0.66107
0.66653
0.63618
0.62938
0.60839
0.5814
0.53659
0.49356
0.47245
0.55192
0.74239
0.69688
0.61614
0.60698
0.69584
0.71765
0.74176
0.72526
0.69412
0.6309
0.57348
0.57452
0.59977
0.65642
0.68241
0.61768
0.66859
0.67521
0.69805
0.76608
0.75213
0.72068
0.72599
0.73919
0.73686
0.75763
0.76846
0.7835
0.76795
0.74992
0.72603
0.66767
0.66015
0.64166
0.59128
0.57403
0.54918
0.54736
0.51487
0.48762
0.50825
0.57685
0.5959
0.54892
0.52416
0.47521
0.43842
0.35435
0.41678
0.43812
0.43483
0.43064
0.43313
0.43152
0.43303
0.44741
0.44572
0.46835
0.50193
0.52054
0.52457
0.5298
0.54782
0.60365
0.65496
0.63692
0.60513
0.58176
0.57428
0.57201
0.59031
0.60915
0.62163
0.62226
0.60064
0.58588
0.56641
0.55174
0.53172
0.52731
0.53926
0.5299
0.47767
0.48572
0.44804
0.4174
0.43992
0.5014
0.55636
0.57498
0.53367
0.50349
0.48923
0.52458
0.66455
0.68808
0.69667
0.7003
0.69621
0.66618
0.63492
0.63849
0.66754
0.70026
0.70066
0.71686
0.69944
0.66832
0.64666
0.62967
0.63933
0.68322
0.65895
0.71042
0.71221
0.75311
0.75795
0.74529
0.72768
0.74219
0.72992
0.68457
0.66272
0.61817
0.5735
0.54004
0.51738
0.46039
0.51343
0.51848
0.49629
0.52627
0.48494
0.50123
0.49769
0.46305
0.51118
0.53692
0.54626
0.53502
0.54246
0.57132
0.58248
0.59404
0.59417
0.58039
0.56432
0.57495
0.54571
0.52319
0.53475
0.52608
0.46921
0.45507
0.46782
0.46723
0.50505
0.52158
0.55152
0.59198
0.57659
0.59703
0.59333
0.58294
0.60883
0.66295
0.72638
0.75493
0.74307
0.78486
0.75829
0.75042
0.74269
0.76974
0.81742
0.74338
0.74851
0.74435
0.75707
0.73491
0.73538
0.75088
0.74977
0.76239
0.75981
0.71862
0.69203
0.70201
0.69304
0.68018
0.67027
0.66968
0.67444
0.64336
0.65521
0.64529
0.64268
0.63693
0.65871
0.77345
0.80618
0.8148
0.86684
0.88105
0.88566
0.87864
0.86727
0.85939
0.86999
0.86746
0.86468
0.77313
0.74118
0.70522
0.7135
0.71511
0.72874
0.76268
0.75204
0.73869
0.73892
0.73652
0.6871
0.64666
0.59097
0.52151
0.51186
0.51531
0.50887
0.49869
0.54031
0.72364
0.78098
0.85996
0.87686
0.75451
0.69517
0.71676
0.75216
0.75119
0.74239
0.75583
0.76945
0.90151
0.89782
0.79027
0.82959
0.7839
0.79238
0.76894
0.73201
0.69049
0.75671
0.77697
0.81151
0.9015
0.9033
0.90425
0.89476
0.89726
0.90041
0.91351
0.90938
0.91132
0.8759
0.77686
0.73299
0.82853
0.76992
0.7408
0.73274
0.72579
0.7177
0.71255
0.69566
0.67423
0.71635
0.7442
0.84997
0.85266
0.85311
0.85989
0.8469
0.83767
0.84121
0.8291
0.82581
0.81797
0.81188
0.80653
0.75297
0.72043
0.67515
0.7101
0.70342
0.69115
0.66425
0.60547
0.83183
0.836
0.84534
0.83961
0.84098
0.81118
0.77306
0.73061
0.72652
0.68591
0.65896
0.64627
0.69182
0.75863
0.76241
0.75825
0.75564
0.76194
0.74337
0.71223
0.71199
0.7363
0.71621
0.72155
0.71461
0.68618
0.64365
0.61951
0.61194
0.60358
0.55552
0.5511
0.61171
0.64601
0.68103
0.64914
0.62872
0.62414
0.65465
0.69852
0.73115
0.71413
0.74583
0.76
0.80183
0.77654
0.72833
0.73289
0.75431
0.75933
0.76565
0.7596
0.82421
0.74491
0.71178
0.72025
0.71809
0.71672
0.71674
0.70909
0.71139
0.67672
0.68512
0.71657
0.78049
0.80333
0.82088
0.82742
0.85835
0.74634
0.76456
0.74678
0.74579
0.7564
0.7483
0.78728
0.86929
0.81832
0.71995
0.71283
0.65842
0.6992
0.71925
0.70995
0.78743
0.82381
0.84777
0.87318
0.84772
0.83997
0.80811
0.7905
0.78322
0.77538
0.80836
0.79208
0.75761
0.79202
0.80546
0.81108
0.81388
0.86911
0.79167
0.78349
0.67461
0.68029
0.71348
0.75063
0.78581
0.79348
0.8527
0.87173
0.86471
0.81976
0.8192
0.91093
0.84899
0.91825
0.93056
0.85912
0.83259
0.77885
0.79658
0.89388
0.80531
0.80961
0.90878
0.90923
0.91486
0.83819
0.77418
0.848
0.91184
0.82031
0.80767
0.8677
0.87947
0.81693
0.77693
0.73525
0.73954
0.8165
0.84559
0.81231
0.82874
0.77488
0.72435
0.76828
0.79831
0.84498
0.81079
0.79369
0.82949
0.77624
0.79424
0.82938
0.93858
0.91898
0.854
0.6872
0.71829
0.70636
0.70455
0.71412
0.77659
0.78529
0.76721
0.78058
0.7699
0.76459
0.77032
0.73987
0.72346
0.64854
0.77539
0.79663
0.79357
0.78633
0.74996
0.73626
0.73123
0.88572
0.93934
0.96349
0.98069
0.84816
0.75506
0.76786
0.78029
0.84218
0.84067
0.86897
0.88326
0.92623
0.95095
0.84691
0.87474
0.86875
0.92205
0.93904
0.64772
0.67304
0.66514
0.67244
0.60327
0.63464
0.78713
0.83101
0.82461
0.78625
0.80945
0.81443
0.73345
0.81505
0.78551
0.7812
0.77794
0.78801
0.82223
0.80661
0.76234
0.75622
0.90067
0.89408
0.86219
0.91581
0.94528
0.94748
0.85845
0.75313
0.76883
0.80032
0.82467
0.7762
0.77886
0.75573
0.82857
0.82442
0.88036
0.87738
0.8834
0.79149
0.74438
0.8285
0.96181
0.93997
0.92835
0.90467
0.88946
0.87074
0.83405
0.84051
0.70168
0.74175
0.69292
0.67948
0.64878
0.60912
0.5827
0.67082
0.72746
0.73844
0.83427
0.73575
0.65533
0.67281
0.72382
0.72146
0.74682
0.76859
0.72046
0.67267
0.67817
0.68087
0.85108
0.71108
0.79431
0.95972
0.92398
0.92972
0.93726
0.93209
0.92738
0.88047
0.9026
0.94975
0.94865
0.93161
0.89366
0.86503
0.95572
0.94358
0.92547
0.93457
0.78613
0.78552
0.75547
0.91747
0.94002
0.77579
0.79882
0.80937
0.80393
0.79635
0.76123
0.74174
0.69449
0.76745
0.82467
0.82649
0.81154
0.77286
0.73415
0.69472
0.68521
0.66939
0.6843
0.70633
0.75727
0.78817
0.80724
0.78815
0.68224
0.78688
0.82839
0.93238
0.97677
0.97908
0.9944
0.97176
0.93022
0.86438
0.78275
0.8451
0.91838
0.78256
0.71113
0.79988
0.80922
0.99096
0.9784
0.88758
0.83226
0.76366
0.83497
0.79778
0.80493
0.80052
0.79531
0.82379
0.81511
0.81576
0.84444
0.86324
0.88157
0.87839
0.82387
0.82906
0.81418
0.8388
0.85178
0.82635
0.77412
0.7792
0.78625
0.82169
0.77185
0.75184
0.70706
0.7452
0.7245
0.73961
0.75636
0.7786
0.80384
0.84417
0.83352
0.9261
0.93218
0.92898
0.93648
0.93306
0.94407
0.9537
0.93912
0.89249
0.77903
0.81333
0.77477
0.65778
0.76862
0.83527
0.80705
0.73529
0.7231
0.61956
0.88999
0.97109
0.92074
0.9845
0.89411
0.87445
0.87205
0.78359
0.81978
0.82475
0.84853
0.86476
0.83953
0.8437
0.84318
0.83079
0.81895
0.8327
0.82868
0.77861
0.785
0.76488
0.71981
0.82728
0.76812
0.76666
0.77775
0.74183
0.73584
0.69046
0.69845
0.7009
0.72943
0.72685
0.737
0.80145
0.81188
0.78353
0.79599
0.72042
0.77428
0.78688
0.81025
0.68319
0.74937
0.75595
0.74472
0.7438
0.81279
0.84376
0.99924
0.96852
0.97402
0.96474
0.95648
0.93308
0.9326
0.93153
0.78603
0.69863
0.64319
0.6524
0.65316
0.67369
0.71315
0.76106
0.75138
0.77109
0.76674
0.65147
0.68338
0.70307
0.73458
0.72894
0.7455
0.80347
0.88296
0.78458
0.77473
0.83858
0.81385
0.78174
0.76813
0.77944
0.73144
0.68359
0.71646
0.78735
0.78727
0.80049
0.82179
0.81381
0.75943
0.77472
0.77104
0.79998
0.98236
0.94233
0.97259
0.97607
0.98067
0.87239
0.8252
0.83796
0.78702
0.79114
0.80382
0.86158
0.91297
0.92284
0.94005
0.95364
0.99712
0.99998
1.0004
0.99804
0.99865
0.97135
0.98302
0.97698
0.95033
0.84494
0.81793
0.76796
0.83196
0.86406
0.87561
0.91029
0.97078
0.97772
0.97886
0.9966
0.9167
0.81966
0.7822
0.80612
0.96617
0.96862
0.94664
0.85498
0.77615
0.77846
0.77156
0.76843
0.83077
0.81396
0.78349
0.78493
0.74269
0.81387
0.88514
0.9088
0.81278
0.8713
0.8665
0.7639
0.74266
0.82371
0.93484
0.94335
0.94151
0.92139
0.92193
0.83253
0.76048
0.91973
0.90341
0.78615
0.81344
0.7669
0.83425
0.79104
0.79265
0.77064
0.77377
0.81718
0.80512
0.8186
0.80083
0.74259
0.70931
0.70758
0.71201
0.71851
0.73183
0.74235
0.76041
0.77955
0.79293
0.79404
0.79854
0.80182
0.81721
0.82165
0.81625
0.7939
0.76068
0.75017
0.71577
0.71012
0.73042
0.74335
0.71173
0.70168
0.72383
0.72613
0.69332
0.6929
0.69726
0.66179
0.63765
0.66127
0.69797
0.7122
0.72961
0.75254
0.76315
0.74561
0.74205
0.7458
0.75676
0.78059
0.79323
0.78905
0.80869
0.80044
0.79188
0.79123
0.79371
0.70346
0.70728
0.74209
0.75728
0.90195
0.95203
0.95043
0.9343
0.91532
0.82956
0.80042
0.8211
0.84115
0.82619
0.83898
0.83923
0.82009
0.79959
0.7858
0.78833
0.84385
0.85573
0.85557
0.8807
0.84605
0.91588
0.92774
0.92621
0.9233
0.92421
0.92251
0.92406
0.93413
0.92564
0.90377
0.86249
0.81353
0.83318
0.86305
0.82944
0.82549
0.81687
0.82301
0.85984
0.89728
0.84509
0.81212
0.7969
0.94116
0.94351
0.92397
0.94775
0.94217
0.95247
0.94164
0.84307
0.95547
0.94788
0.90011
0.94077
0.89086
0.85864
0.79581
0.74524
0.68292
0.67085
0.67287
0.67859
0.68581
0.69203
0.69038
0.69495
0.74222
0.86763
0.91827
0.91841
0.84037
0.81238
0.80404
0.7899
0.76527
0.74269
0.69681
0.63127
0.5622
0.51038
0.48927
0.4823
0.49776
0.51522
0.54129
0.52288
0.48921
0.47318
0.51222
0.55343
0.56544
0.61942
0.68171
0.72269
0.7685
0.80985
0.77893
0.76735
0.79484
0.8655
0.85819
0.86587
0.90081
0.87437
0.86102
0.88458
0.86024
0.81675
0.81747
0.72745
0.70322
0.66866
0.67457
0.72939
0.76373
0.82932
0.84517
0.8383
0.86032
0.86756
0.8675
0.84302
0.7934
0.73773
0.7162
0.7269
0.72066
0.68609
0.64214
0.64176
0.64519
0.62261
0.6198
0.61363
0.63042
0.71286
0.74035
0.7013
0.70409
0.75561
0.78363
0.79637
0.7763
0.72946
0.69429
0.65211
0.62041
0.62828
0.64034
0.64839
0.66549
0.67681
0.82092
0.69328
0.65251
0.62376
0.60813
0.78115
0.67005
0.83607
0.83152
0.81297
0.88457
0.89323
0.88126
0.88233
0.88376
0.87179
0.86224
0.82677
0.80579
0.7545
0.72313
0.71711
0.70091
0.69195
0.69001
0.70025
0.84822
0.85243
0.84229
0.83615
0.83771
0.84816
0.79222
0.77861
0.75943
0.72751
0.6918
0.69029
0.72251
0.71542
0.71041
0.69217
0.68435
0.68422
0.64495
0.63271
0.60881
0.61739
0.63409
0.63543
0.60742
0.60541
0.57768
0.56289
0.55718
0.52741
0.52611
0.55815
0.52714
0.54738
0.55863
0.86416
0.87983
0.90002
0.90934
0.89596
0.90366
0.90428
0.89714
0.89358
0.8948
0.89705
0.8953
0.90017
0.89443
0.88808
0.86789
0.82632
0.81422
0.81752
0.80233
0.89109
0.83425
0.85287
0.878
0.73874
0.77863
0.73766
0.74907
0.79759
0.74363
0.73174
0.88093
0.88111
0.8722
0.74886
0.63498
0.59034
0.56762
0.56044
0.58873
0.61962
0.70751
0.7603
0.78443
0.86342
0.89714
0.91007
0.83756
0.87701
0.87695
0.84178
0.83004
0.84872
0.8431
0.76505
0.73638
0.74827
0.72789
0.83279
0.87297
0.88469
0.89022
0.88625
0.86919
0.81842
0.79328
0.76401
0.76474
0.72334
0.6274
0.62372
0.67864
0.67309
0.7033
0.7346
0.75248
0.78596
0.76151
0.71243
0.73084
0.77881
0.84071
0.81556
0.74822
0.64392
0.68977
0.68113
0.60211
0.55602
0.55416
0.6465
0.74671
0.79696
0.80424
0.88864
0.88495
0.91781
0.90992
0.92834
0.85501
0.83122
0.81984
0.78646
0.78753
0.80829
0.80087
0.84479
0.84225
0.80346
0.79988
0.84346
0.86829
0.85842
0.89161
0.90006
0.90749
0.91721
0.9214
0.92222
0.91445
0.91934
0.88731
0.83558
0.83565
0.67125
0.79448
0.81453
0.83961
0.83924
0.84327
0.81831
0.76992
0.68804
0.76039
0.79345
0.8054
0.81193
0.80728
0.78124
0.8101
0.85857
0.83973
0.88528
0.8583
0.79386
0.80423
0.86784
0.88688
0.89196
0.89995
0.88992
0.892
0.89239
0.87738
0.87157
0.84758
0.82294
0.81121
0.80734
0.77161
0.76496
0.7962
0.79886
0.78704
0.9119
0.91786
0.9253
0.92836
0.7588
0.70525
0.72088
0.74586
0.72866
0.74312
0.74609
0.73181
0.74414
0.73345
0.73648
0.74213
0.70426
0.64799
0.6037
0.68505
0.77515
0.8207
0.87976
0.86689
0.90242
0.82004
0.74802
0.74479
0.7571
0.75239
0.74619
0.73155
0.72522
0.71791
0.66463
0.64829
0.63117
0.64053
0.63324
0.61866
0.61706
0.63828
0.67019
0.67936
0.69379
0.71284
0.71562
0.73055
0.73871
0.74513
0.78216
0.78277
0.78686
0.78101
0.75417
0.76475
0.76254
0.74793
0.74425
0.73474
0.73192
0.73306
0.73646
0.73053
0.66168
0.57426
0.60372
0.7122
0.75018
0.64305
0.73405
0.76733
0.75945
0.75975
0.78416
0.79433
0.80548
0.80152
0.79817
0.77852
0.79843
0.74979
0.77739
0.78661
0.80204
0.80149
0.7955
0.77444
0.757
0.77221
0.84765
0.87269
0.83976
0.84216
0.77456
0.74747
0.71416
0.71045
0.71426
0.71509
0.70892
0.71501
0.7138
0.724
0.70947
0.66727
0.61877
0.75065
0.76812
0.78841
0.7191
0.72167
0.73193
0.74943
0.75179
0.73648
0.68624
0.59337
0.5321
0.50695
0.56165
0.62975
0.68875
0.72593
0.71802
0.71855
0.72187
0.70445
0.70627
0.71433
0.72277
0.71581
0.73017
0.72051
0.72766
0.72484
0.72476
0.7285
0.73904
0.73939
0.74045
0.78493
0.77098
0.75968
0.75358
0.74098
0.71943
0.72728
0.73195
0.74525
0.78517
0.74933
0.79888
0.80671
0.77157
0.803
0.76369
0.62056
0.54266
0.44462
0.67071
0.79329
0.67525
0.67634
0.66999
0.66957
0.6487
0.6307
0.65543
0.61098
0.5809
0.5539
0.58013
0.58224
0.56065
0.53566
0.54989
0.56509
0.55855
0.53569
0.51642
0.49187
0.53605
0.56761
0.56864
0.60434
0.59151
0.55723
0.54215
0.56303
0.5506
0.5548
0.54082
0.56384
0.59897
0.61465
0.63822
0.65039
0.65229
0.64023
0.62848
0.61151
0.60146
0.59917
0.6001
0.61291
0.62021
0.62478
0.60591
0.55543
0.5231
0.54452
0.5279
0.51434
0.5172
0.5258
0.54645
0.55197
0.54657
0.53727
0.53119
0.51921
0.45956
0.39615
0.36519
0.33574
0.38744
0.494
0.57599
0.61052
0.61582
0.61958
0.6469
0.65751
0.64532
0.61508
0.57983
0.56674
0.54385
0.50495
0.47434
0.44597
0.42436
0.49837
0.50656
0.47449
0.44839
0.406
0.37527
0.37227
0.35675
0.35517
0.36035
0.3477
0.34427
0.34145
0.34627
0.36395
0.39022
0.41298
0.4471
0.80448
0.81329
0.79967
0.77243
0.8038
0.74745
0.69658
0.67469
0.66111
0.61047
0.47949
0.78998
0.82389
0.83817
0.84654
0.84902
0.84866
0.8483
0.84679
0.83907
0.80917
0.81361
0.8214
0.83594
0.84273
0.8465
0.85015
0.85221
0.85197
0.85509
0.8571
0.85628
0.8535
0.84989
0.84965
0.85188
0.8503
0.85259
0.85371
0.84975
0.8472
0.84669
0.84798
0.84463
0.82608
0.82641
0.83672
0.83255
0.81195
0.81616
0.79276
0.74271
0.78262
0.78331
0.7772
0.77147
0.7077
0.69063
0.69271
0.68913
0.6938
0.70731
0.70591
0.71917
0.73457
0.70768
0.69702
0.68871
0.6423
0.6907
0.69553
0.70193
0.7028
0.71734
0.71923
0.73499
0.742
0.73513
0.72881
0.7425
0.72607
0.71171
0.70422
0.61376
0.53083
0.61198
0.66851
0.67407
0.64379
0.62823
0.61728
0.62611
0.63415
0.64107
0.7137
0.72278
0.74631
0.78134
0.77073
0.74667
0.75224
0.7087
0.69791
0.67847
0.71064
0.72822
0.71229
0.69017
0.62369
0.60392
0.605
0.58264
0.61212
0.64763
0.6795
0.67936
0.66896
0.65967
0.67213
0.68047
0.68305
0.6774
0.68471
0.70486
0.68199
0.57458
0.6427
0.64511
0.67851
0.68615
0.70613
0.70504
0.69423
0.70983
0.71743
0.68919
0.72085
0.68989
0.67428
0.66881
0.67
0.69868
0.71857
0.69564
0.71942
0.74773
0.72926
0.70323
0.69792
0.72154
0.66274
0.68896
0.70026
0.71981
0.68102
0.69031
0.64664
0.59795
0.58087
0.56521
0.57967
0.60772
0.58922
0.71807
0.76233
0.75179
0.74281
0.75443
0.76032
0.7624
0.76749
0.73849
0.71475
0.68867
0.7007
0.68429
0.68029
0.68015
0.68413
0.67963
0.69575
0.71805
0.71285
0.70406
0.69934
0.72194
0.7507
0.74037
0.70115
0.68486
0.67676
0.69432
0.69193
0.73025
0.7189
0.65743
0.67882
0.67826
0.69694
0.6928
0.70809
0.70828
0.72019
0.73553
0.78902
0.76894
0.74496
0.73245
0.82444
0.82483
0.82824
0.83933
0.83898
0.83753
0.8346
0.79997
0.79208
0.77759
0.76396
0.74371
0.76293
0.70231
0.68699
0.68849
0.75716
0.69039
0.68427
0.69271
0.6849
0.68662
0.6903
0.67451
0.68563
0.68039
0.69228
0.69618
0.67956
0.66741
0.65681
0.6559
0.66214
0.67201
0.70357
0.70864
0.701
0.67489
0.68441
0.70858
0.7132
0.72255
0.71632
0.71407
0.70395
0.69028
0.68867
0.69301
0.69776
0.68408
0.67548
0.66757
0.64691
0.64028
0.63572
0.62089
0.62779
0.63426
0.64059
0.64653
0.63077
0.64014
0.61985
0.61795
0.6192
0.6165
0.61487
0.57775
0.48501
0.44147
0.40957
0.42119
0.47677
0.5572
0.66981
0.77451
0.73735
0.77584
0.79467
0.80695
0.82913
0.84535
0.81414
0.85869
0.80444
0.86128
0.8764
0.87637
0.87748
0.88671
0.88628
0.88593
0.85964
0.8353
0.82497
0.81839
0.81802
0.79797
0.76852
0.7753
0.70864
0.66634
0.6392
0.7028
0.73298
0.70594
0.68782
0.68118
0.71577
0.78828
0.67665
0.65248
0.67066
0.67779
0.67649
0.68769
0.69327
0.7022
0.71984
0.71097
0.71293
0.65045
0.59633
0.60396
0.57327
0.54316
0.53838
0.58753
0.66136
0.49601
0.53935
0.6265
0.73521
0.67501
0.65488
0.65714
0.70698
0.71487
0.70474
0.78971
0.79947
0.66077
0.63308
0.6205
0.62059
0.62419
0.61866
0.62872
0.61589
0.61849
0.61276
0.65359
0.68646
0.70072
0.55061
0.48464
0.64724
0.71942
0.74919
0.74296
0.5706
0.64179
0.70649
0.73783
0.71521
0.6991
0.65837
0.71166
0.71922
0.58305
0.58159
0.60927
0.5728
0.55698
0.65479
0.74347
0.68128
0.65157
0.64146
0.65054
0.64792
0.64215
0.64749
0.6429
0.77181
0.67655
0.68063
0.69627
0.68449
0.71908
0.70075
0.60154
0.60728
0.64127
0.62654
0.66387
0.66787
0.6591
0.6731
0.67123
0.66533
0.66993
0.67503
0.67828
0.66994
0.66485
0.7675
0.76785
0.77987
0.77878
0.76502
0.77115
0.75566
0.72402
0.74785
0.73836
0.65847
0.57342
0.56076
0.56536
0.54367
0.55716
0.53659
0.50482
0.4964
0.49828
0.53837
0.56711
0.5601
0.53659
0.47917
0.41873
0.3862
0.35387
0.33029
0.34078
0.43216
0.53785
0.61671
0.59947
0.60208
0.59472
0.60545
0.59197
0.62004
0.5661
0.55923
0.70379
0.73889
0.72837
0.60306
0.50939
0.48354
0.73946
0.74344
0.74439
0.73436
0.73098
0.71135
0.72111
0.7145
0.70375
0.68435
0.66776
0.68502
0.65051
0.63473
0.62693
0.61954
0.60234
0.58157
0.62059
0.64685
0.65141
0.63732
0.64289
0.64641
0.64061
0.63581
0.62673
0.63409
0.63904
0.54846
0.51543
0.51061
0.51901
0.56218
0.56837
0.56588
0.56781
0.55924
0.56017
0.55128
0.56188
0.54982
0.56024
0.56545
0.59782
0.61732
0.63329
0.645
0.64301
0.61894
0.59396
0.59737
0.63532
0.72276
0.71718
0.66907
0.74898
0.67648
0.64745
0.63797
0.64083
0.65226
0.65779
0.67366
0.66567
0.66779
0.67171
0.66316
0.68326
0.68774
0.67918
0.64617
0.63527
0.66406
0.67632
0.6353
0.66761
0.68732
0.69044
0.69917
0.70331
0.70755
