0.49429
0.41863
0.399
0.52806
0.47338
0.53248
0.57566
0.59886
0.75576
0.60242
0.44715
0.42238
0.46059
0.48036
0.61822
0.89472
0.91612
0.91606
0.91674
0.91679
0.6142
0.36033
0.35563
0.37855
0.36691
0.39471
0.50719
0.3636
0.35642
0.35625
0.36418
0.36416
0.36627
0.40219
0.3693
0.34918
0.34917
0.33611
0.33367
0.3099
0.33513
0.34697
0.34741
0.3515
0.43186
0.79263
0.92004
0.91048
0.90274
0.89215
0.88515
0.87961
0.87142
0.62074
0.51114
0.47787
0.44873
0.56242
0.44039
0.42904
0.61896
0.69075
0.88134
0.89009
0.87706
0.7875
0.71324
0.65042
0.57391
0.50689
0.49129
0.4671
0.42438
0.38897
0.36075
0.34544
0.37422
0.39483
0.45151
0.48012
0.46074
0.41716
0.46369
0.51309
0.56608
0.61217
0.61156
0.6255
0.59635
0.56287
0.48019
0.44906
0.42788
0.39901
0.33484
0.29965
0.29601
0.30339
0.27578
0.22893
0.2387
0.45921
0.46416
0.50715
0.65944
0.62354
0.81223
0.64105
0.52507
0.47802
0.46087
0.46516
0.45456
0.39996
0.38859
0.38096
0.38893
0.38967
0.71439
0.51391
0.54492
0.5606
0.46655
0.49761
0.48082
0.58392
0.66561
0.79421
0.79824
0.78662
0.8203
0.82615
0.75842
0.50725
0.4551
0.46498
0.55172
0.5814
0.54106
0.57042
0.52988
0.55482
0.54678
0.49808
0.50612
0.47412
0.44827
0.4029
0.36737
0.36888
0.34336
0.35976
0.34461
0.35077
0.364
0.36079
0.35387
0.34768
0.34678
0.34097
0.3451
0.35058
0.33943
0.35344
0.35185
0.3569
0.35954
0.35575
0.36215
0.36389
0.35122
0.3511
0.35597
0.35764
0.35756
0.35657
0.35132
0.35147
0.36488
0.39173
0.46324
0.44293
0.398
0.37472
0.37906
0.3747
0.35061
0.32113
0.30403
0.33413
0.33968
0.33629
0.32426
0.30176
0.30934
0.30105
0.2864
0.28363
0.27124
0.30628
0.31955
0.34105
0.34244
0.32953
0.31761
0.32655
0.30604
0.2922
0.28882
0.27725
0.30056
0.30029
0.32094
0.33792
0.35126
0.37052
0.38839
0.41234
0.4204
0.42289
0.43688
0.45919
0.46021
0.46362
0.4588
0.41964
0.43491
0.44496
0.42314
0.43509
0.39635
0.36238
0.35599
0.34155
0.33934
0.31424
0.27713
0.25808
0.29516
0.3218
0.32818
0.33138
0.31615
0.34499
0.32098
0.29731
0.24934
0.23901
0.2825
0.27062
0.28774
0.26285
0.26111
0.26477
0.28451
0.30475
0.29519
0.31974
0.79933
0.79595
0.80065
0.77432
0.63678
0.53076
0.47165
0.42419
0.38489
0.37346
0.34301
0.31997
0.29643
0.30058
0.28856
0.31762
0.32878
0.32641
0.31673
0.30449
0.29388
0.2866
0.28183
0.27605
0.25956
0.25835
0.25849
0.26911
0.27136
0.27815
0.28368
0.27825
0.27665
0.27377
0.27074
0.27503
0.27584
0.29816
0.32473
0.32659
0.32905
0.32825
0.3357
0.34643
0.35714
0.35277
0.35283
0.35788
0.36817
0.37713
0.40174
0.41992
0.41828
0.43896
0.46409
0.56148
0.83456
0.83929
0.83801
0.81929
0.78885
0.76241
0.71108
0.62353
0.44139
0.42177
0.42981
0.44975
0.44846
0.4645
0.47971
0.46422
0.43641
0.40091
0.37214
0.37184
0.39791
0.40697
0.38934
0.35258
0.34034
0.40325
0.36083
0.34977
0.38072
0.37798
0.34899
0.65697
0.56871
0.90161
0.85295
0.82961
0.81859
0.79221
0.51387
0.47983
0.52175
0.52523
0.48335
0.4472
0.37755
0.3001
0.27491
0.36655
0.48494
0.55076
0.68883
0.83971
0.8245
0.81474
0.80891
0.80222
0.79294
0.77128
0.76991
0.73936
0.74756
0.74208
0.65082
0.55261
0.46374
0.38193
0.37802
0.40584
0.37379
0.3491
0.33523
0.3416
0.34663
0.37583
0.82665
0.79705
0.76605
0.76717
0.61318
0.47996
0.53353
0.55349
0.53347
0.78121
0.79581
0.78614
0.76238
0.75682
0.75771
0.75578
0.73003
0.63803
0.63171
0.56437
0.5688
0.66837
0.66052
0.6433
0.65276
0.67206
0.63692
0.58197
0.46378
0.42154
0.39942
0.39972
0.40197
0.41357
0.46099
0.45483
0.43265
0.42995
0.42276
0.40653
0.39784
0.38985
0.37969
0.37122
0.37007
0.35565
0.34719
0.34493
0.36149
0.33796
0.29695
0.28439
0.3147
0.35835
0.3345
0.37543
0.32114
0.31245
0.56774
0.72422
0.73532
0.75495
0.69422
0.69571
0.6604
0.56779
0.58523
0.6063
0.78519
0.77551
0.76052
0.7569
0.75572
0.75988
0.69382
0.50443
0.45486
0.4117
0.36838
0.31997
0.31161
0.32121
0.37977
0.79659
0.84012
0.87537
0.92414
0.8392
0.64619
0.65295
0.64324
0.6505
0.69258
0.91778
0.86562
0.85759
0.85122
0.85184
0.8398
0.84494
0.83
0.81818
0.81249
0.80352
0.79939
0.79157
0.7525
0.5861
0.44694
0.42862
0.38523
0.34617
0.34749
0.35403
0.3729
0.32983
0.34771
0.36754
0.4128
0.50503
0.41729
0.4122
0.43408
0.46761
0.45357
0.41924
0.44988
0.65954
0.70174
0.73568
0.78778
0.78437
0.77581
0.74044
0.63086
0.48944
0.45861
0.45786
0.43113
0.40424
0.38743
0.37049
0.35431
0.34109
0.35507
0.35406
0.3251
0.30944
0.30949
0.32072
0.32487
0.33012
0.35315
0.36065
0.34129
0.32534
0.33478
0.34299
0.35817
0.36992
0.38117
0.38608
0.36939
0.35676
0.34623
0.34189
0.33222
0.30986
0.32867
0.32806
0.34797
0.43394
0.88453
0.64022
0.55593
0.38086
0.35919
0.36115
0.46636
0.50807
0.91104
0.91622
0.88515
0.60262
0.52154
0.55345
0.55193
0.767
0.87195
0.85407
0.68281
0.59539
0.60184
0.46495
0.41944
0.40966
0.40389
0.38593
0.36935
0.35483
0.34742
0.34408
0.32809
0.35252
0.37712
0.40632
0.41679
0.46209
0.48867
0.48693
0.46718
0.42833
0.40391
0.4009
0.37879
0.37265
0.41963
0.46191
0.58493
0.64601
0.59563
0.52684
0.48721
0.42119
0.43722
0.48501
0.47387
0.44637
0.45423
0.46371
0.4686
0.5026
0.68623
0.80189
0.87465
0.81462
0.78216
0.75915
0.75182
0.74502
0.76782
0.81297
0.80247
0.72144
0.70361
0.4967
0.45139
0.42594
0.40726
0.39233
0.34593
0.30139
0.26926
0.29364
0.38575
0.4656
0.52009
0.4241
0.43198
0.36804
0.38248
0.50501
0.45301
0.41549
0.42624
0.42479
0.4105
0.38842
0.35446
0.39178
0.43966
0.5027
0.4746
0.49798
0.60641
0.59473
0.66229
0.58183
0.70272
0.87649
0.92059
0.86952
0.54305
0.61294
0.72344
0.76069
0.75581
0.72494
0.69012
0.57611
0.61447
0.57451
0.54691
0.54554
0.55473
0.59678
0.72013
0.87927
0.8574
0.84982
0.84061
0.83869
0.79404
0.74993
0.62771
0.73244
0.73147
0.70957
0.59868
0.57361
0.54876
0.33786
0.28372
0.43187
0.31845
0.31354
0.31362
0.36256
0.38923
0.41446
0.43663
0.44387
0.41796
0.38123
0.37596
0.36619
0.34881
0.35468
0.39074
0.39784
0.34069
0.29314
0.29536
0.31441
0.33562
0.36332
0.41734
0.40533
0.39781
0.34437
0.31732
0.3061
0.30952
0.32865
0.38244
0.4049
0.36185
0.33463
0.33175
0.31592
0.32023
0.34386
0.387
0.5453
0.58945
0.71549
0.66907
0.66045
0.51851
0.38469
0.33406
0.3351
0.33981
0.34462
0.33762
0.37803
0.39599
0.38706
0.36192
0.35686
0.36854
0.56229
0.84041
0.64279
0.47873
0.46804
0.51979
0.61169
0.66466
0.67602
0.73157
0.80405
0.85048
0.68387
0.62098
0.60732
0.70383
0.76176
0.52226
0.4756
0.45553
0.41288
0.40151
0.41616
0.40262
0.39683
0.50308
0.59881
0.67566
0.78324
0.75479
0.67521
0.65446
0.6044
0.52959
0.51093
0.49061
0.49175
0.49569
0.46515
0.41489
0.36257
0.3017
0.26028
0.26508
0.35203
0.47949
0.54233
0.45847
0.42325
0.42948
0.39177
0.38302
0.38438
0.4052
0.41557
0.39896
0.46765
0.42926
0.46354
0.55349
0.90043
0.8977
0.90264
0.89274
0.88299
0.86991
0.8169
0.77406
0.54239
0.48712
0.52389
0.55291
0.75583
0.68692
0.70013
0.5728
0.52326
0.53408
0.49834
0.46717
0.39836
0.35884
0.32783
0.30468
0.28229
0.29831
0.31622
0.432
0.69971
0.47971
0.4759
0.9184
0.52216
0.56075
0.61923
0.61791
0.57677
0.55952
0.54575
0.5574
0.5475
0.64967
0.75876
0.77688
0.93543
0.93303
0.91225
0.85978
0.88241
0.88083
0.8057
0.73942
0.67042
0.69626
0.64662
0.53387
0.55098
0.60122
0.59738
0.58209
0.60326
0.62156
0.65602
0.62554
0.57148
0.47564
0.45697
0.46485
0.50877
0.54344
0.68747
0.77364
0.80724
0.8097
0.72791
0.87382
0.89006
0.88132
0.8764
0.86886
0.87186
0.77195
0.60115
0.58689
0.5363
0.48486
0.45371
0.40761
0.42686
0.45793
0.44352
0.41227
0.36896
0.35504
0.33307
0.39597
0.82233
0.90256
0.94176
0.93572
0.92655
0.91667
0.90978
0.91676
0.92917
0.92314
0.81951
0.71888
0.60076
0.48158
0.34766
0.33149
0.38379
0.39319
0.37988
0.35084
0.31348
0.28691
0.26899
0.26734
0.26848
0.28145
0.30362
0.30525
0.28639
0.27894
0.28337
0.30025
0.31817
0.31579
0.32409
0.31589
0.29788
0.29341
0.28154
0.3012
0.37726
0.43151
0.44995
0.44414
0.39819
0.36288
0.36592
0.36374
0.38476
0.40532
0.50239
0.51677
0.45908
0.44996
0.43573
0.43597
0.44859
0.46442
0.46966
0.47211
0.48326
0.4295
0.39946
0.39932
0.41767
0.4536
0.45746
0.48878
0.51584
0.45804
0.43478
0.47507
0.44748
0.47582
0.46928
0.46194
0.48916
0.52711
0.43427
0.41997
0.43347
0.44203
0.44811
0.39616
0.48096
0.52965
0.52905
0.65491
0.84649
0.95599
0.94607
0.94346
0.93381
0.87746
0.77735
0.66165
0.73667
0.60121
0.50995
0.47941
0.47239
0.48446
0.4922
0.49889
0.53933
0.57561
0.51923
0.52634
0.5724
0.49475
0.44167
0.42796
0.41112
0.40829
0.42228
0.43424
0.52168
0.4957
0.52947
0.60269
0.56448
0.57046
0.53484
0.61434
0.65104
0.71999
0.61817
0.66379
0.86778
0.66592
0.76232
0.72252
0.65816
0.49825
0.46213
0.50802
0.52926
0.56632
0.54604
0.50329
0.51293
0.5835
0.5339
0.43301
0.44081
0.4781
0.49127
0.4989
0.484
0.48339
0.50697
0.46189
0.46675
0.51195
0.4832
0.46681
0.49163
0.65547
0.5832
0.61809
0.74561
0.77986
0.73478
0.65663
0.65487
0.65071
0.63595
0.58488
0.59536
0.61362
0.56094
0.51713
0.51373
0.51013
0.49328
0.50155
0.4927
0.46799
0.43533
0.42324
0.43457
0.49768
0.54453
0.53063
0.49403
0.4561
0.45871
0.47983
0.56557
0.58233
0.56615
0.56659
0.51953
0.49199
0.47662
0.45862
0.48414
0.33317
0.25259
0.22618
0.19936
0.17573
0.20935
0.241
0.27908
0.33635
0.30551
0.27413
0.28559
0.32205
0.41819
0.4543
0.41145
0.36043
0.35349
0.3373
0.39733
0.48414
0.48305
0.49912
0.47889
0.41272
0.40045
0.43834
0.46516
0.4828
0.50148
0.50525
0.51243
0.47637
0.48352
0.53356
0.53446
0.5085
0.48367
0.49583
0.45921
0.48542
0.47966
0.48223
0.47117
0.46915
0.49761
0.50784
0.5135
0.53514
0.46757
0.45397
0.4429
0.44856
0.43547
0.49408
0.463
0.41842
0.42672
0.41558
0.39626
0.42893
0.42833
0.39509
0.42117
0.42866
0.47681
0.48722
0.48896
0.5036
0.48296
0.47487
0.47478
0.50991
0.54879
0.54417
0.67377
0.68967
0.66795
0.5669
0.51463
0.61946
0.58943
0.5509
0.53725
0.53522
0.45325
0.44873
0.59129
0.60744
0.49804
0.48023
0.46004
0.46855
0.45999
0.46171
0.44389
0.46622
0.47458
0.47136
0.50224
0.50274
0.48498
0.45957
0.47719
0.44206
0.47316
0.51676
0.55141
0.53659
0.51507
0.47545
0.46953
0.42711
0.6956
0.78602
0.80834
0.72712
0.70072
0.63252
0.58529
0.56313
0.58305
0.57675
0.5147
0.49689
0.48272
0.43043
0.64878
0.55247
0.42969
0.46783
0.46926
0.53181
0.52396
0.53474
0.55166
0.57157
0.50009
0.52137
0.50762
0.50452
0.48191
0.46654
0.45968
0.48971
0.46998
0.54907
0.57884
0.52871
0.53796
0.51299
0.49735
0.55967
0.63383
0.6704
0.64423
0.64407
0.62433
0.59127
0.56568
0.55393
0.58997
0.66565
0.62043
0.56677
0.54193
0.53595
0.51721
0.5594
0.58995
0.59961
0.55053
0.57482
0.58321
0.60543
0.63079
0.70779
0.72556
0.74402
0.82286
0.87912
0.83644
0.87225
0.85771
0.70998
0.69765
0.71957
0.70881
0.73091
0.66061
0.59157
0.62816
0.63646
0.63047
0.62127
0.63045
0.61647
0.58319
0.55967
0.54354
0.54468
0.56823
0.584
0.58882
0.55899
0.53235
0.53211
0.51755
0.5147
0.53771
0.58238
0.55463
0.53575
0.52629
0.51754
0.51364
0.51234
0.5531
0.58426
0.59721
0.56141
0.52518
0.47263
0.46701
0.48345
0.4836
0.49539
0.48782
0.46529
0.42854
0.39995
0.4198
0.43404
0.48457
0.50536
0.47894
0.45762
0.40086
0.3772
0.37538
0.36806
0.36575
0.36194
0.3578
0.3504
0.34339
0.35358
0.37176
0.42433
0.48394
0.50932
0.48027
0.50424
0.49193
0.47723
0.46379
0.48918
0.54703
0.74443
0.7045
0.62798
0.61422
0.61445
0.62771
0.6687
0.75687
0.8103
0.75079
0.7563
0.98947
0.99952
1.0001
0.99743
0.99878
0.9982
0.97659
0.95679
0.99849
0.97035
0.87656
0.82838
0.72709
0.71037
0.7402
0.69444
0.66581
0.60415
0.5803
0.54657
0.55566
0.62207
0.61365
0.56406
0.51513
0.49861
0.47111
0.47069
0.4539
0.45627
0.46432
0.4292
0.43705
0.45621
0.59948
0.6528
0.61555
0.54982
0.53849
0.52712
0.51894
0.52115
0.54439
0.54759
0.58133
0.93696
0.99911
0.99865
0.97956
0.75646
0.61891
0.61355
0.60426
0.51974
0.49861
0.51783
0.56551
0.51616
0.57922
0.6265
0.64197
0.75041
0.81381
0.80097
0.63972
0.53578
0.54955
0.55262
0.63758
0.73461
0.76366
0.67481
0.622
0.57837
0.61693
0.76015
0.78473
0.8112
0.82357
0.67257
0.60152
0.67844
0.55807
0.5309
0.57516
0.5759
0.50676
0.48068
0.63495
0.55147
0.58779
0.65734
0.75919
0.69763
0.87293
0.94144
0.9952
0.98232
0.96617
0.9712
0.98954
0.99915
1.0004
0.98977
0.89094
0.94
0.91727
0.98726
0.98384
0.94797
0.85214
0.76334
0.70108
0.6345
0.59848
0.57946
0.56403
0.52253
0.51495
0.57267
0.63373
0.68013
0.67815
0.6439
0.57265
0.55355
0.53138
0.5113
0.49163
0.47361
0.45547
0.4565
0.50444
0.62197
0.56788
0.49187
0.42183
0.40958
0.43626
0.39317
0.60223
0.7115
0.72392
0.70297
0.67503
0.6495
0.65149
0.64702
0.61822
0.58634
0.55042
0.51709
0.49124
0.49923
0.51731
0.57318
0.54326
0.53778
0.58661
0.60485
0.58822
0.56552
0.55636
0.55163
0.57594
0.54854
0.57382
0.54234
0.51376
0.49863
0.50161
0.52764
0.54688
0.57737
0.6443
0.61074
0.64443
0.64789
0.69089
0.86228
0.79481
0.80556
0.82363
0.84241
0.79302
0.74301
0.67369
0.61549
0.61262
0.64591
0.67343
0.63783
0.57725
0.54275
0.55073
0.57051
0.61956
0.63222
0.58472
0.52749
0.49552
0.46223
0.47139
0.79432
0.86377
0.85797
0.81851
0.84863
0.83594
0.78677
0.79516
0.67008
0.65596
0.79444
0.89193
0.82584
0.84503
0.89604
0.84685
0.78314
0.72748
0.68353
0.79639
0.82833
0.96224
0.99708
0.93171
0.86905
0.82239
0.79211
0.66626
0.61219
0.583
0.56114
0.53958
0.53619
0.53514
0.51598
0.50976
0.49084
0.51042
0.50255
0.49652
0.58705
0.98947
0.99762
0.99843
0.99993
0.79375
0.70374
0.62904
0.61532
0.57147
0.66245
0.67238
0.65889
0.66732
0.70017
0.98972
0.99742
0.99987
0.99742
0.9878
0.97928
0.98158
0.97468
0.97547
0.9714
0.99365
0.95927
0.88259
0.83253
0.75528
0.69373
0.66271
0.6331
0.61739
0.56572
0.52562
0.47704
0.437
0.42312
0.48632
0.49229
0.78076
0.88677
0.86378
0.99485
0.99786
0.99716
0.98927
1.0009
0.99736
0.99831
0.91604
0.78484
0.70033
0.63314
0.6414
0.56294
0.59985
0.60552
0.58634
0.57259
0.55914
0.55576
0.56226
0.59121
0.67204
0.69009
0.66627
0.65621
0.62217
0.57588
0.55963
0.60237
0.55993
0.58969
0.56733
0.53802
0.52361
0.46968
0.46012
0.49214
0.51679
0.54767
0.53761
0.49337
0.48394
0.49019
0.51712
0.57617
0.61883
0.64156
0.59877
0.55344
0.52861
0.52258
0.52598
0.57565
0.60889
0.7108
0.76924
0.94036
0.98762
0.8987
0.80468
0.82432
0.99184
0.88954
0.84592
0.96949
0.74643
0.60572
0.59365
0.60103
0.66757
0.81531
0.87621
0.79368
0.88407
0.853
0.86682
0.86798
0.85678
0.84572
0.83508
0.81189
0.78102
0.77615
0.79361
0.79614
0.8126
0.81276
0.8126
0.84555
0.81089
0.70495
0.61524
0.58637
0.59908
0.58827
0.56704
0.55687
0.53178
0.51548
0.51314
0.54609
0.56744
0.55974
0.55055
0.53647
0.51689
0.51609
0.52613
0.54734
0.58478
0.59119
0.62462
0.64455
0.63648
0.63101
0.65054
0.6704
0.66092
0.69076
0.78929
0.90167
0.95938
0.94788
0.95089
0.96812
0.98461
0.99927
0.98331
0.92102
0.85089
0.86225
0.83693
0.70984
0.678
0.69594
0.67085
0.62464
0.57815
0.58638
0.55889
0.52779
0.49662
0.44128
0.4056
0.38365
0.37074
0.37159
0.35697
0.3344
0.32782
0.33069
0.37599
0.49011
0.57979
0.73788
0.85379
0.83148
0.81343
0.88724
0.88332
0.88546
0.86622
0.83036
0.9278
0.99222
0.99897
0.99735
0.99768
0.99782
0.99797
0.83425
0.7371
0.69009
0.72894
0.81968
0.96258
0.99786
1.0009
1.0003
0.97372
0.91105
0.96884
0.91866
0.78394
0.69814
0.6153
0.66917
0.70064
0.63127
0.59469
0.54725
0.53547
0.53443
0.50825
0.4682
0.54433
0.52769
0.52144
0.58063
0.56401
0.56363
0.53972
0.50932
0.46746
0.49645
0.48198
0.44333
0.42004
0.40443
0.3955
0.3728
0.38128
0.48777
0.53411
0.53024
0.58882
0.59742
0.56572
0.71422
0.68721
0.6562
0.60299
0.63774
0.60217
0.55266
0.50017
0.49485
0.50657
0.59755
0.70521
0.8595
0.99167
0.99656
0.84551
0.69792
0.65079
0.63623
0.6572
0.62179
0.57318
0.67833
0.77845
0.942
1.0005
0.99836
0.99779
0.99664
0.97126
0.84478
0.81697
0.80165
0.72119
0.7385
0.61115
0.60988
0.55784
0.61455
0.82974
0.7197
0.65274
0.49107
0.41001
0.33261
0.31197
0.34842
0.44216
0.56703
0.84417
0.95693
0.80412
0.6838
0.54034
0.39715
0.34571
0.33588
0.35112
0.43008
0.43608
0.43757
0.44408
0.46831
0.57011
0.62551
0.7305
0.85635
0.87983
0.73205
0.60855
0.52486
0.47788
0.43553
0.3698
0.31546
0.30496
0.29939
0.31718
0.31033
0.3124
0.31777
0.32492
0.32241
0.32203
0.32142
0.32968
0.3403
0.34597
0.38803
0.48347
0.50046
0.48566
0.4525
0.33501
0.25462
0.23582
0.23565
0.34187
0.47486
0.46595
0.56136
0.87717
0.88331
0.91528
0.86122
0.85045
0.7954
0.79345
0.79545
0.90553
1.0001
0.9987
0.99991
0.986
0.95904
0.95507
0.95506
0.85738
0.75107
0.9681
0.74942
0.57231
0.53342
0.59508
0.55544
0.50969
0.455
0.4371
0.37063
0.377
0.45514
0.48078
0.49057
0.46396
0.48506
0.56099
0.51825
0.51067
0.52465
0.53924
0.57054
0.58452
0.55549
0.51151
0.47024
0.44568
0.41553
0.38759
0.35463
0.31462
0.3197
0.35383
0.43113
0.45368
0.45055
0.5737
0.48634
0.47328
0.44149
0.43706
0.4238
0.43573
0.41781
0.42555
0.42834
0.44486
0.54216
0.48
0.51302
0.49456
0.53485
0.76962
0.82917
0.6899
0.57299
0.53034
0.66768
0.84095
0.87014
0.84473
0.66178
0.54421
0.46018
0.43312
0.42222
0.58633
0.61856
0.96153
0.99964
0.81221
0.67906
0.56792
0.49422
0.49195
0.5033
0.47217
0.44331
0.41445
0.39897
0.38539
0.3872
0.41478
0.46818
0.43619
0.43358
0.47416
0.49528
0.4491
0.43606
0.53799
0.53214
0.49564
0.47331
0.43376
0.41539
0.42339
0.43289
0.43888
0.44317
0.4516
0.53954
0.47258
0.45575
0.45965
0.4714
0.45129
0.37434
0.38214
0.36136
0.36126
0.36893
0.32802
0.33936
0.37367
0.4463
0.46307
0.45917
0.47243
0.49429
0.52828
0.53516
0.46228
0.40039
0.35063
0.35367
0.79681
0.73161
0.6558
0.66229
0.64989
0.74
0.98086
0.98132
0.98018
0.99226
0.99583
0.99411
0.99088
0.99147
0.98676
0.98057
0.96984
0.95178
0.93276
0.8951
0.79673
0.67023
0.53506
0.43403
0.43507
0.42956
0.41953
0.39675
0.37858
0.45551
0.53315
0.96562
0.59383
0.53949
0.49122
0.48137
0.75933
0.95873
0.96851
0.9573
0.89365
0.41879
0.40027
0.38097
0.37927
0.38817
0.54165
0.42396
0.38287
0.39215
0.39066
0.47872
0.47783
0.5119
0.52587
0.49577
0.51733
0.45477
0.48241
0.56932
0.54433
0.54376
0.61402
0.76692
0.79024
0.98593
0.99198
0.98833
0.9663
0.98173
0.95384
0.97519
0.96584
0.91325
0.84643
0.63281
0.48597
0.4921
0.56091
0.5519
0.55216
0.47588
0.44092
0.42129
0.42993
0.43939
0.42595
0.43645
0.42322
0.54541
0.69852
0.96642
0.96549
0.95171
0.52279
0.39488
0.38573
0.37647
0.37053
0.37289
0.38492
0.43624
0.48399
0.45397
0.43273
0.4054
0.40709
0.45047
0.43296
0.43287
0.44121
0.4914
0.50132
0.51486
0.83151
0.79308
0.50488
0.48798
0.51348
0.52453
0.71312
0.55289
0.59569
0.64138
0.7472
0.91232
0.92946
0.85692
0.84171
0.72624
0.58082
0.53974
0.46166
0.41945
0.36243
0.38283
0.39387
0.41607
0.45124
0.52939
0.5491
0.51369
0.4526
0.46454
0.47978
0.44024
0.43782
0.43697
0.41853
0.38483
0.39223
0.4026
0.39242
0.37418
0.36879
0.36605
0.3664
0.38091
0.37911
0.37315
0.36769
0.36239
0.36197
0.37496
0.36381
0.36017
0.35906
0.36808
0.37621
0.38505
0.38949
0.39229
0.37363
0.33903
0.33647
0.33966
0.33996
0.32207
0.32556
0.34115
0.36074
0.38041
0.40039
0.42573
0.44101
0.44488
0.44745
0.46084
0.45855
0.46338
0.46057
0.44833
0.42165
0.39106
0.37965
0.41763
0.43905
0.4654
0.48699
0.48595
0.48674
0.48395
0.48166
0.48016
0.46696
0.45306
0.43718
0.45565
0.47427
0.48237
0.46464
0.47338
0.46275
0.44318
0.43474
0.43614
0.4438
0.43596
0.41142
0.39922
0.40024
0.41577
0.43393
0.44229
0.44636
0.44309
0.43816
0.42436
0.40853
0.40109
0.40417
0.41324
0.39819
0.36355
0.36056
0.35675
0.34736
0.33691
0.33208
0.33646
0.33754
0.33455
0.34051
0.34725
0.35438
0.36507
0.3826
0.39923
0.41295
0.42087
0.4327
0.44276
0.44268
0.44422
0.48533
0.48157
0.45605
0.45014
0.46061
0.47098
0.49108
0.5209
0.58304
0.5944
0.5382
0.51094
0.51229
0.4972
0.47374
0.44922
0.43648
0.42853
0.41655
0.39909
0.38322
0.36681
0.35319
0.34847
0.34569
0.34208
0.33793
0.34016
0.34249
0.34478
0.34981
0.36146
0.36283
0.36622
0.36751
0.37197
0.36905
0.36937
0.36407
0.3599
0.35492
0.35132
0.33182
0.30131
0.29434
0.37706
0.43345
0.45897
0.46161
0.46016
0.41927
0.39225
0.42037
0.48074
0.49107
0.46917
0.46113
0.43815
0.47045
0.52074
0.54464
0.41726
0.41037
0.47537
0.62077
0.59625
0.62548
0.52405
0.48809
0.47732
0.49053
0.50422
0.58935
0.55937
0.5714
0.5747
0.59724
0.60417
0.64507
0.62719
0.60473
0.88605
0.89072
0.88393
0.86462
0.9145
0.93636
0.93762
0.93381
0.92978
0.91917
0.92246
0.88896
0.74776
0.62759
0.56519
0.44502
0.43526
0.4076
0.40111
0.39712
0.41251
0.40578
0.38732
0.38165
0.36638
0.35918
0.35514
0.37209
0.37452
0.37135
0.37578
0.37055
0.37272
0.37221
0.36892
0.36949
0.35973
0.3341
0.3248
0.31913
0.31115
0.32332
0.32222
0.31142
0.3153
0.3229
0.34935
0.34976
0.34223
0.36178
0.39538
0.41218
0.41743
0.42169
0.41439
0.3952
0.36102
0.3191
0.28526
0.28776
0.29185
0.29945
0.3374
0.35651
0.36825
0.36462
0.38172
0.42008
0.46514
0.45977
0.5574
0.86873
0.86944
0.55797
0.94463
0.8678
0.92757
0.92641
0.91849
0.90876
0.89912
0.90812
0.91817
0.9296
0.80195
0.75539
0.91867
0.92639
0.92234
0.93022
0.92963
0.92622
0.94071
0.85739
0.50874
0.53137
0.87428
0.61399
0.50209
0.50193
0.44658
0.52051
0.61229
0.63725
0.58181
0.50015
0.41134
0.40929
0.39701
0.39616
0.42326
0.3995
0.39578
0.39597
0.39178
0.37886
0.40175
0.40512
0.42777
0.49241
0.50452
0.51574
0.53855
0.51476
0.50159
0.49866
0.49919
0.49912
0.50025
0.49443
0.49762
0.50121
0.56169
0.59714
0.53615
0.51887
0.50289
0.48895
0.47006
0.45834
0.44443
0.43249
0.4167
0.4161
0.38742
0.36025
0.34071
0.36315
0.77678
0.71931
0.62465
0.58011
0.53919
0.77779
0.69692
0.56037
0.54989
0.51254
0.48592
0.47102
0.46083
0.47413
0.50704
0.6688
0.7606
0.73164
0.75941
0.77589
0.73486
0.60127
0.51523
0.51019
0.51528
0.52244
0.51933
0.5106
0.51708
0.56637
0.48637
0.40812
0.34717
0.30344
0.30545
0.29108
0.42118
0.45862
0.43321
0.43814
0.46882
0.42129
0.429
0.40646
0.40095
0.36512
0.37998
0.38969
0.38522
0.3728
0.37336
0.36038
0.33363
0.32586
0.33525
0.3396
0.34956
0.35297
0.34902
0.35795
0.35155
0.37847
0.37031
0.35183
0.37827
0.38357
0.3848
0.39614
0.39562
0.38961
0.38858
0.38442
0.3929
0.40482
0.39811
0.38532
0.40907
0.39485
0.52493
0.5478
0.53047
0.7079
0.71107
0.90113
0.90826
0.91087
0.85956
0.7753
0.82329
0.5714
0.44925
0.46683
0.4356
0.42445
0.40083
0.59671
0.69159
0.9251
0.91565
0.91527
0.91397
0.91435
0.91166
0.90708
0.51095
0.50644
0.45402
0.44526
0.43753
0.41567
0.39518
0.3815
0.37561
0.36355
0.38613
0.40575
0.42888
0.36866
0.35919
0.33464
0.34115
0.34323
0.32547
0.3349
0.35697
0.35921
0.35182
0.35817
0.37176
0.78044
0.96952
0.96513
0.34882
0.32367
0.33939
0.3324
0.32801
0.32243
0.32103
0.35204
0.95414
0.30424
0.33193
0.31499
0.35386
0.36573
0.32941
0.35315
0.37813
0.39927
0.43179
0.43308
0.45074
0.49124
0.38899
0.35775
0.28983
0.415
0.39939
0.77433
0.9222
0.89606
0.82419
0.744
0.5983
0.47811
0.49981
0.46474
0.4716
0.45435
0.44858
0.45049
0.43164
0.45237
0.44391
0.43556
0.43829
0.43547
0.44363
0.44784
0.46237
0.46815
0.47037
0.46269
0.43496
0.38457
0.33602
0.41237
0.61639
0.53342
0.4677
0.42257
0.3892
0.39206
0.4267
0.42218
0.46703
0.54228
0.5632
0.59916
0.58737
0.56902
0.60233
0.58542
0.60778
0.63889
0.88375
0.90091
0.90894
0.92139
0.90025
0.90676
0.8955
0.90232
0.88884
0.89738
0.84344
0.81704
0.79754
0.76624
0.62681
0.49368
0.4547
0.48354
0.5129
0.47001
0.42017
0.37498
0.33645
0.26603
0.27189
0.24184
0.23891
0.24685
0.32791
0.38814
0.3927
0.39645
0.38865
0.38126
0.37188
0.38235
0.37059
0.35388
0.35453
0.34435
0.3382
0.34953
0.33592
0.33894
0.33767
0.33331
0.33044
0.34534
0.33574
0.32702
0.3237
0.31999
0.31447
0.31588
0.34515
0.36783
0.39611
0.42238
0.42516
0.41701
0.45477
0.50685
0.75798
0.77357
0.78563
0.80125
0.72895
0.4705
0.44161
0.42159
0.40485
0.37901
0.43202
0.50501
0.52632
0.51242
0.48339
0.47781
0.48458
0.49601
0.46638
0.43928
0.42348
0.42951
0.4139
0.40925
0.39419
0.39477
0.39011
0.40398
0.42042
0.42578
0.45757
0.52202
0.57777
0.56622
0.67091
0.89448
0.91425
0.90677
