0.4419
0.33665
0.362
0.50526
0.73848
0.88226
0.84601
0.85067
0.83033
0.82833
0.84205
0.83741
0.83427
0.82032
0.80126
0.77603
0.69056
0.54757
0.47947
0.4418
0.42301
0.39137
0.37408
0.34339
0.36154
0.34992
0.3389
0.33632
0.32935
0.34614
0.51998
0.68216
0.82959
0.37318
0.34914
0.33472
0.29888
0.31252
0.35142
0.35601
0.36196
0.37567
0.38655
0.41829
0.62866
0.80309
0.60983
0.44503
0.41967
0.424
0.41298
0.41511
0.41315
0.40927
0.40263
0.38752
0.37868
0.37756
0.38616
0.38528
0.35268
0.37567
0.37519
0.37093
0.37089
0.37486
0.36341
0.34967
0.38879
0.38341
0.38748
0.39391
0.38244
0.37259
0.3862
0.40493
0.42941
0.5379
0.5702
0.59417
0.73573
0.90906
0.89582
0.86325
0.67366
0.65347
0.51255
0.4726
0.60943
0.83198
0.85538
0.86872
0.87363
0.86002
0.82062
0.88868
0.89675
0.89878
0.89159
0.87705
0.72858
0.5871
0.47197
0.42217
0.37417
0.3644
0.33998
0.32744
0.34145
0.34547
0.34636
0.35158
0.34271
0.34218
0.34239
0.36541
0.38335
0.39363
0.42645
0.43506
0.42475
0.48211
0.49293
0.50433
0.52893
0.54144
0.49958
0.43273
0.40058
0.36943
0.34447
0.32647
0.31255
0.30798
0.29315
0.28654
0.27011
0.27922
0.31193
0.35037
0.3456
0.33576
0.31744
0.27523
0.2931
0.30045
0.30323
0.35
0.34007
0.34387
0.33734
0.32912
0.32308
0.3175
0.31263
0.31412
0.32121
0.34239
0.63788
0.86802
0.89754
0.84832
0.84982
0.89743
0.88436
0.85004
0.83924
0.87208
0.83947
0.65622
0.53503
0.46193
0.44161
0.40552
0.34408
0.32127
0.35425
0.41222
0.40146
0.44062
0.56205
0.47056
0.42367
0.40718
0.4077
0.39332
0.38451
0.38276
0.38228
0.38668
0.39054
0.39698
0.39489
0.39897
0.38212
0.35562
0.32626
0.36014
0.35527
0.34862
0.34974
0.36041
0.35216
0.36462
0.37295
0.34067
0.33111
0.33907
0.3455
0.3475
0.34748
0.32762
0.33168
0.34513
0.35235
0.36113
0.37557
0.38582
0.40126
0.40242
0.38283
0.37752
0.3608
0.32561
0.31713
0.31691
0.32022
0.32259
0.33346
0.33554
0.34978
0.3685
0.38168
0.37628
0.37632
0.36919
0.35738
0.35242
0.33861
0.33757
0.33455
0.33967
0.34557
0.34608
0.34679
0.33394
0.31562
0.31899
0.31124
0.30963
0.3074
0.30957
0.32089
0.34995
0.36717
0.37227
0.37846
0.38078
0.3844
0.39042
0.39078
0.38994
0.38951
0.38469
0.38534
0.38445
0.37984
0.38564
0.42603
0.45092
0.46336
0.45652
0.45317
0.43466
0.38422
0.32515
0.32289
0.32781
0.33522
0.34033
0.3542
0.36288
0.34792
0.30274
0.28415
0.31033
0.3568
0.36581
0.37813
0.51476
0.39316
0.40257
0.38963
0.38903
0.38607
0.38225
0.38313
0.40421
0.39749
0.3912
0.38752
0.39428
0.39779
0.40081
0.3985
0.40603
0.40873
0.40582
0.4209
0.41909
0.40612
0.39813
0.40566
0.40942
0.41319
0.41305
0.4221
0.43005
0.42431
0.43007
0.43644
0.43936
0.44258
0.42904
0.39386
0.35066
0.36724
0.73439
0.85299
0.70757
0.68657
0.55198
0.46238
0.40795
0.38755
0.35416
0.33884
0.33544
0.30985
0.29298
0.28568
0.32597
0.31996
0.30343
0.27936
0.32503
0.34815
0.34988
0.33076
0.31617
0.32172
0.34334
0.36897
0.40698
0.47152
0.63575
0.84941
0.8618
0.84033
0.80274
0.79904
0.80422
0.50523
0.44029
0.39811
0.39584
0.55054
0.6042
0.45979
0.34667
0.31955
0.30731
0.29595
0.29104
0.28106
0.30438
0.34029
0.33118
0.33991
0.34304
0.32352
0.31947
0.25802
0.2342
0.2322
0.2284
0.26216
0.28414
0.30104
0.31087
0.2985
0.29329
0.29584
0.30475
0.30899
0.29912
0.2931
0.27106
0.24892
0.25447
0.34263
0.38326
0.41101
0.42778
0.43775
0.45208
0.44797
0.43537
0.42852
0.42545
0.40764
0.39607
0.39749
0.4032
0.39851
0.40481
0.41888
0.42591
0.42702
0.42885
0.42491
0.41807
0.40489
0.40662
0.41711
0.4269
0.42476
0.44429
0.45922
0.48743
0.58771
0.56533
0.55821
0.48613
0.46353
0.43769
0.42416
0.43768
0.44238
0.45454
0.44282
0.42426
0.45484
0.3192
0.31847
0.29018
0.36475
0.7492
0.73908
0.81976
0.75932
0.84212
0.82508
0.79279
0.80573
0.78436
0.80688
0.79364
0.80693
0.80948
0.47102
0.36113
0.35518
0.82423
0.79766
0.78111
0.76056
0.71164
0.6773
0.6432
0.49086
0.38413
0.36
0.33006
0.27455
0.3608
0.70706
0.61791
0.66937
0.65026
0.78831
0.81371
0.82118
0.83053
0.82264
0.80769
0.81578
0.81512
0.81688
0.82194
0.81809
0.82012
0.73429
0.70058
0.64485
0.4618
0.39269
0.40515
0.41398
0.38936
0.38028
0.38329
0.3779
0.40385
0.44473
0.41297
0.39525
0.37174
0.39313
0.35838
0.40125
0.51885
0.4414
0.37695
0.35927
0.34489
0.39884
0.45819
0.8565
0.82524
0.83597
0.81988
0.80512
0.79835
0.81269
0.77587
0.79865
0.73126
0.63845
0.49539
0.48051
0.47579
0.46749
0.44689
0.40681
0.3846
0.35998
0.35199
0.34541
0.34463
0.38313
0.44469
0.48797
0.86042
0.86234
0.85271
0.58952
0.61072
0.73297
0.65678
0.86052
0.85
0.82521
0.66208
0.53363
0.52529
0.87585
0.85441
0.70563
0.5231
0.47496
0.45974
0.45186
0.54502
0.57352
0.53904
0.47209
0.47171
0.9068
0.8585
0.72746
0.82866
0.83025
0.83523
0.80695
0.86396
0.88198
0.90176
0.91673
0.89092
0.86224
0.84685
0.84188
0.82738
0.81828
0.84151
0.88156
0.91438
0.92675
0.91839
0.72214
0.48462
0.4468
0.43803
0.43257
0.4637
0.50538
0.54594
0.48729
0.45371
0.42591
0.41456
0.413
0.44728
0.46315
0.42801
0.42223
0.45292
0.48038
0.67872
0.87679
0.89815
0.87879
0.86896
0.85868
0.86157
0.8641
0.8687
0.85583
0.86908
0.88625
0.84657
0.85728
0.84916
0.85545
0.84753
0.84729
0.84773
0.8373
0.82917
0.80234
0.68112
0.6096
0.4982
0.44135
0.42868
0.41777
0.39956
0.3723
0.369
0.35814
0.36641
0.37242
0.40382
0.4327
0.42635
0.40579
0.39755
0.41016
0.42141
0.41223
0.38192
0.37715
0.40405
0.42643
0.42385
0.42446
0.44327
0.45464
0.46248
0.52663
0.712
0.69015
0.63976
0.66836
0.67887
0.69811
0.71994
0.81238
0.84881
0.71657
0.68382
0.49653
0.47551
0.40691
0.31383
0.27915
0.26579
0.2037
0.14148
0.13241
0.1262
0.19638
0.27576
0.28007
0.33724
0.38513
0.40994
0.41862
0.46281
0.50316
0.53707
0.52748
0.52577
0.55619
0.62815
0.64118
0.67228
0.62957
0.53015
0.49257
0.43468
0.38747
0.41397
0.44497
0.45142
0.4011
0.36039
0.33358
0.31516
0.29662
0.28956
0.2795
0.28307
0.28351
0.2997
0.31767
0.32965
0.32313
0.30693
0.2973
0.2965
0.29654
0.30264
0.31926
0.3134
0.30308
0.29093
0.30281
0.30948
0.31171
0.34858
0.37091
0.39841
0.39726
0.41445
0.4844
0.48128
0.39406
0.37918
0.40079
0.42004
0.40174
0.40092
0.42307
0.43204
0.4297
0.43514
0.44969
0.46186
0.43145
0.41929
0.45702
0.47087
0.50868
0.49682
0.4947
0.49212
0.4558
0.4319
0.41669
0.44317
0.62137
0.80448
0.84374
0.90796
0.9153
0.90558
0.89668
0.8933
0.86824
0.86937
0.8868
0.87752
0.84876
0.84284
0.65751
0.52891
0.48478
0.45051
0.47934
0.44137
0.42645
0.43398
0.5437
0.60277
0.61786
0.63211
0.69142
0.78257
0.79524
0.81883
0.89464
0.61891
0.48663
0.51189
0.54214
0.51211
0.56792
0.90163
0.82752
0.75239
0.576
0.52947
0.58642
0.58874
0.77396
0.89306
0.88457
0.88641
0.882
0.88642
0.87703
0.86427
0.82798
0.82941
0.8598
0.86769
0.86619
0.85679
0.85195
0.86706
0.87687
0.87777
0.86716
0.86257
0.84446
0.66152
0.54106
0.46235
0.50033
0.6052
0.38785
0.3877
0.38006
0.38173
0.39608
0.41377
0.4125
0.39303
0.38581
0.38498
0.40179
0.52185
0.57122
0.53907
0.52428
0.5133
0.45451
0.45019
0.45967
0.45577
0.45834
0.45143
0.4484
0.44728
0.4336
0.41604
0.40072
0.38457
0.37835
0.42831
0.47444
0.52328
0.50206
0.4437
0.49475
0.45048
0.44318
0.44585
0.46664
0.4562
0.45138
0.46126
0.46343
0.48351
0.48314
0.56802
0.86114
0.99411
0.97932
0.95112
0.94382
0.9096
0.77987
0.63522
0.53231
0.51849
0.46773
0.5178
0.55702
0.55768
0.54798
0.57204
0.59654
0.56619
0.40941
0.39279
0.38215
0.40767
0.44631
0.50818
0.52847
0.47762
0.49075
0.51458
0.5298
0.52248
0.53983
0.51369
0.50988
0.94382
0.70105
0.95682
0.95916
0.96829
0.97458
0.98249
0.97736
0.97316
0.96954
0.96713
0.96677
0.9669
0.96811
0.97069
0.9764
0.97288
0.96798
0.96732
0.9698
0.96891
0.95039
0.87177
0.78363
0.75498
0.69488
0.56586
0.5199
0.50029
0.54058
0.53569
0.56121
0.59225
0.7487
0.61872
0.90871
0.95296
0.95327
0.95466
0.93588
0.9486
0.94632
0.93045
0.93422
0.92921
0.79682
0.61781
0.5398
0.53058
0.46119
0.4592
0.4666
0.45566
0.47434
0.47143
0.47684
0.44395
0.42814
0.42985
0.43955
0.44318
0.4448
0.46809
0.59938
0.45572
0.44962
0.60746
0.97847
0.97348
0.84254
0.80094
0.80902
0.67878
0.7028
0.59672
0.54024
0.58175
0.66246
0.63713
0.51399
0.63718
0.65012
0.53762
0.46281
0.44355
0.57984
0.47967
0.44971
0.43211
0.43304
0.38963
0.38882
0.4268
0.43205
0.44951
0.41701
0.40186
0.38378
0.39616
0.40236
0.42177
0.45415
0.4624
0.38518
0.45337
0.34247
0.37085
0.4225
0.4535
0.4603
0.52859
0.73653
0.70378
0.75045
0.74111
0.97248
0.99936
0.90691
0.67208
0.54713
0.48855
0.44175
0.41593
0.40169
0.4174
0.44154
0.44525
0.46081
0.46319
0.52626
0.58424
0.78784
0.94877
0.89207
0.80953
0.75383
0.71552
0.68641
0.51452
0.43689
0.49605
0.5359
0.54419
0.53177
0.55216
0.48915
0.4353
0.4195
0.41852
0.44834
0.46627
0.44482
0.46897
0.43436
0.42565
0.42163
0.42823
0.43076
0.41963
0.42235
0.41637
0.39058
0.52594
0.49764
0.53143
0.5762
0.59603
0.56351
0.53571
0.53501
0.59752
0.50052
0.49907
0.49376
0.49211
0.47252
0.49408
0.46136
0.46425
0.47648
0.47505
0.49587
0.50445
0.50557
0.51561
0.54096
0.53919
0.4923
0.50165
0.54896
0.51721
0.57334
0.58869
0.91289
0.80497
0.86856
0.83591
0.79046
0.61377
0.57856
0.55794
0.54504
0.52525
0.49561
0.46561
0.43538
0.43061
0.64197
0.89682
0.9971
0.99751
0.95256
0.85142
0.86296
0.79394
0.69745
0.66273
0.64359
0.6477
0.65962
0.62797
0.62914
0.59687
0.53433
0.49938
0.53106
0.57063
0.62053
0.67713
0.67978
0.6724
0.65567
0.63561
0.65888
0.66217
0.64127
0.62609
0.60434
0.58896
0.57785
0.56641
0.56872
0.5353
0.5519
0.5868
0.5984
0.66046
0.69843
0.72396
0.76516
0.80449
0.86315
0.87143
0.8175
0.78167
0.72966
0.6847
0.69046
0.69285
0.69728
0.67736
0.68926
0.65956
0.62286
0.62608
0.64236
0.72612
0.79966
0.79963
0.78947
0.97509
0.99961
1.0008
1.0003
0.99004
0.9878
0.98441
0.99591
0.89178
0.74487
0.66817
0.74044
0.75927
0.7809
0.78854
0.69399
0.65248
0.6657
0.58852
0.58551
0.60067
0.64436
0.64901
0.67258
0.63196
0.5982
0.60474
0.61223
0.68375
0.68362
0.7171
0.68478
0.66678
0.63612
0.64011
0.64638
0.64895
0.6932
0.6907
0.65485
0.59
0.56034
0.54378
0.53366
0.60721
0.62867
0.57546
0.48914
0.45813
0.45305
0.56513
0.73508
0.84612
0.83992
0.79147
0.81723
0.69548
0.69618
0.68289
0.8102
0.85254
0.88731
0.92167
0.86088
0.76125
0.74945
0.80676
0.71649
0.64345
0.62088
0.59119
0.5495
0.59808
0.65675
0.91157
1.0015
0.99896
1.0009
0.99862
0.9991
0.99828
0.83946
0.73785
0.66853
0.59075
0.71762
1.0005
0.99812
0.98191
0.87275
0.98873
1.0006
1.0002
0.99818
0.99893
0.98008
0.74585
0.67673
0.66363
0.71074
0.72207
0.73782
0.85572
0.71983
0.61363
0.49592
0.46001
0.4122
0.38902
0.35845
0.4022
0.4346
0.43878
0.44121
0.48207
0.46295
0.45976
0.41415
0.41741
0.51182
0.51521
0.4969
0.46951
0.45248
0.45863
0.44026
0.40652
0.40336
0.41925
0.40021
0.42224
0.4176
0.45539
0.58391
0.60557
0.58071
0.57317
0.56777
0.54326
0.52639
0.49841
0.47657
0.45125
0.43108
0.41283
0.40541
0.41347
0.4427
0.49779
0.51913
0.60091
0.5933
0.53708
0.49701
0.47258
0.47545
0.52569
0.5876
0.59306
0.52959
0.51006
0.46681
0.47713
0.50703
0.5305
0.58355
0.54013
0.49322
0.48056
0.45372
0.47674
0.516
0.51527
0.48962
0.50848
0.47492
0.40637
0.38273
0.33787
0.36599
0.39656
0.39596
0.4182
0.38976
0.34556
0.33709
0.34621
0.35273
0.37381
0.40972
0.4665
0.48487
0.46905
0.43313
0.42442
0.43027
0.48247
0.51986
0.55366
0.55124
0.50031
0.48958
0.50364
0.51514
0.52559
0.50414
0.56751
0.54043
0.53806
0.51922
0.47111
0.71948
0.83091
0.85174
0.92329
0.9382
0.98456
0.99823
0.9993
0.99855
0.99741
0.87151
0.78801
0.66949
0.55074
0.49229
0.53296
0.55497
0.64156
0.56203
0.55498
0.52088
0.4532
0.49771
0.69811
0.81858
0.97637
0.97368
0.99705
0.96339
0.99128
1.0002
0.93924
0.76438
0.68392
0.59664
0.54501
0.46886
0.46545
0.46151
0.4653
0.51484
0.51112
0.52778
0.51126
0.71867
0.59784
0.54397
0.52684
0.50666
0.50663
0.50338
0.46788
0.44181
0.44483
0.45715
0.44494
0.44848
0.43905
0.44332
0.50268
0.48792
0.48407
0.46513
0.39878
0.42179
0.44769
0.51865
0.55755
0.51556
0.47752
0.47353
0.44602
0.46353
0.44852
0.454
0.51845
0.50798
0.50386
0.53987
0.60796
0.80493
0.81279
0.84822
0.84692
0.80901
0.86188
0.76059
0.77144
0.77105
0.92267
0.8929
0.92538
0.70237
0.59554
0.57112
0.57427
0.69824
0.64199
0.63576
0.60459
0.61059
0.57604
0.54572
0.54386
0.69707
0.78553
0.7753
0.89661
0.89008
0.98825
0.99259
0.61323
0.51319
0.47115
0.48315
0.58232
0.63388
0.65401
0.84247
0.91141
0.75157
0.67813
0.66917
0.66805
0.64762
0.62338
0.59795
0.57017
0.54569
0.58257
0.54522
0.53069
0.53781
0.51142
0.51398
0.52511
0.52246
0.5345
0.62576
0.69412
0.64595
0.60869
0.56707
0.56536
0.5654
0.55341
0.53358
0.54666
0.53429
0.5173
0.50038
0.47362
0.48383
0.4563
0.6106
0.64389
0.63374
0.68055
0.77733
0.81824
0.79177
0.78077
0.83151
0.79667
0.76027
0.67447
0.57135
0.55068
0.53813
0.56104
0.56614
0.57769
0.5744
0.54176
0.51529
0.49626
0.54821
0.61002
0.66781
0.8216
0.85131
0.83134
0.78289
0.77762
0.8059
0.83189
0.86692
0.86899
0.84186
0.82433
0.7936
0.78871
0.78344
0.83013
0.86825
0.91642
0.87831
0.80974
0.77481
0.75089
0.76336
0.77616
0.81732
0.79327
0.76137
0.71227
0.67714
0.64596
0.63277
0.65691
0.55763
0.5829
0.59615
0.58118
0.57042
0.53649
0.55004
0.58156
0.62103
0.64766
0.67138
0.64616
0.59359
0.57835
0.58114
0.60229
0.58419
0.55035
0.51532
0.48355
0.45561
0.47189
0.52471
0.53694
0.52636
0.53657
0.52631
0.5084
0.51192
0.5182
0.56178
0.55684
0.54547
0.51723
0.50385
0.47007
0.45477
0.45144
0.46257
0.47072
0.46393
0.4688
0.45609
0.45035
0.4639
0.49606
0.54988
0.57375
0.5485
0.51297
0.5047
0.50009
0.47853
0.48526
0.50743
0.53534
0.53713
0.52924
0.51474
0.52028
0.51897
0.52676
0.52275
0.52919
0.50246
0.47126
0.51646
0.46477
0.48323
0.4721
0.46692
0.46261
0.46563
0.49366
0.49469
0.5126
0.52033
0.52129
0.5512
0.55429
0.53052
0.53714
0.55181
0.54286
0.52208
0.51767
0.53344
0.57846
0.61008
0.58322
0.52783
0.51682
0.51081
0.50763
0.53319
0.53257
0.57112
0.6151
0.60125
0.58406
0.57065
0.58901
0.6552
0.66574
0.65604
0.69652
0.65446
0.65656
0.71428
0.84749
0.87811
0.84357
0.80343
0.70722
0.62561
0.57156
0.561
0.56946
0.6152
0.57489
0.51765
0.47837
0.85854
0.90948
0.94354
0.95807
0.93066
0.96036
0.9805
0.99909
0.99842
0.81008
0.68704
0.64599
0.62267
0.54803
0.51856
0.60878
0.53503
0.61975
0.64639
0.53176
0.53202
0.62989
0.64255
0.73041
0.71356
0.6323
0.57682
0.69634
0.74554
0.87035
0.9065
0.91895
0.87353
0.75639
0.69606
0.66083
0.63357
0.59228
0.54862
0.49789
0.49841
0.47909
0.42821
0.46712
0.45859
0.78895
0.86617
0.84753
0.71968
0.69692
0.83913
0.88162
0.93726
0.98004
0.98538
0.96304
0.85644
0.79318
0.71793
0.70983
0.75929
0.76893
0.80825
0.83014
0.87976
0.89563
0.88537
0.96511
0.86878
0.88387
0.9234
0.97124
0.99847
0.99796
0.93709
0.9308
0.94991
0.98795
0.99881
0.99451
0.99843
0.99903
1.0005
0.99022
0.9983
0.99916
0.95864
0.93539
0.73414
0.60146
0.52192
0.49114
0.42817
0.44298
0.45836
0.43635
0.4397
0.45018
0.46391
0.47601
0.47808
0.47157
0.43683
0.41028
0.39363
0.37437
0.34914
0.33052
0.33573
0.40681
0.46664
0.51445
0.51136
0.42506
0.53506
0.47529
0.31496
0.29152
0.30007
0.33291
0.38713
0.39487
0.39782
0.367
0.34902
0.34305
0.33448
0.31709
0.33077
0.34425
0.35764
0.3788
0.39511
0.40861
0.40708
0.40106
0.39521
0.38311
0.38542
0.41318
0.39775
0.36141
0.3462
0.35386
0.40137
0.42906
0.42559
0.42052
0.39532
0.38001
0.3834
0.38839
0.39658
0.44644
0.58262
0.59988
0.56118
0.63871
0.65182
0.68416
0.63573
0.58025
0.57971
0.61981
0.65349
0.65828
0.58638
0.56891
0.51636
0.53077
0.55689
0.60549
0.80487
0.92137
0.93142
0.92452
0.93631
0.94086
0.93332
0.95413
0.9607
0.99831
1.0005
0.99756
0.98128
0.82997
0.73346
0.74895
0.60645
0.59817
0.55006
0.48854
0.46203
0.44266
0.43972
0.43311
0.4406
0.45284
0.53011
0.62499
0.58828
0.57021
0.59245
0.58215
0.53032
0.48282
0.42219
0.36961
0.36455
0.40775
0.42099
0.40851
0.45837
0.57966
0.6794
0.76165
0.78808
0.87058
0.88031
0.93859
0.82066
0.63094
0.56347
0.47661
0.41103
0.37796
0.35461
0.33975
0.34308
0.34036
0.33762
0.30917
0.29792
0.31463
0.33149
0.33163
0.33979
0.34073
0.34182
0.32033
0.30977
0.32576
0.33527
0.33843
0.32139
0.31175
0.31057
0.30187
0.32535
0.37062
0.40878
0.43232
0.4169
0.38617
0.30718
0.28471
0.28012
0.29078
0.30493
0.33117
0.34959
0.34635
0.33748
0.30599
0.29548
0.29524
0.29425
0.29241
0.25614
0.23913
0.24161
0.23768
0.25808
0.27079
0.28122
0.28879
0.29832
0.30287
0.29412
0.28069
0.28791
0.29992
0.30531
0.30057
0.30109
0.30067
0.2941
0.28694
0.30271
0.31854
0.33258
0.34902
0.3445
0.35131
0.36565
0.37309
0.36993
0.37741
0.39257
0.42313
0.43634
0.428
0.42912
0.41952
0.40845
0.42302
0.43809
0.45388
0.47529
0.51097
0.55227
0.54978
0.49699
0.47616
0.43869
0.44167
0.42633
0.41318
0.40294
0.38027
0.34538
0.33427
0.33218
0.37202
0.52612
0.54199
0.51529
0.50977
0.51579
0.65444
0.72469
0.73869
0.75952
0.7772
0.89558
0.92524
0.96394
0.96008
0.95045
0.94297
0.94028
0.94564
0.91315
0.94034
0.89924
0.82765
0.82637
0.77199
0.59514
0.49562
0.44144
0.37464
0.31951
0.31209
0.33231
0.31738
0.32093
0.33204
0.35563
0.30886
0.28232
0.27032
0.27383
0.26863
0.2567
0.24963
0.24034
0.22829
0.22363
0.23174
0.24716
0.2596
0.26286
0.26497
0.25955
0.28863
0.34679
0.40913
0.46758
0.63449
0.84582
0.75935
0.64968
0.68518
0.73142
0.77359
0.73339
0.66857
0.71337
0.60551
0.54754
0.46611
0.42573
0.41137
0.36699
0.38366
0.40383
0.43249
0.43523
0.41582
0.40651
0.41231
0.42917
0.50369
0.52997
0.55603
0.53981
0.50394
0.47199
0.47092
0.47148
0.45171
0.44242
0.44508
0.44829
0.45453
0.45103
0.44839
0.44703
0.45182
0.4487
0.43624
0.40893
0.75856
0.99836
0.99796
0.99854
0.9976
0.99818
1.0003
0.98443
0.99953
0.99914
0.99961
0.99478
0.99711
1.0011
0.99757
0.98631
0.89551
0.8094
0.708
0.74402
0.99416
0.99516
0.99429
0.93268
0.82269
0.79338
0.7995
0.69433
0.62464
0.62368
0.64433
0.68267
0.65261
0.60727
0.57261
0.5445
0.52077
0.50045
0.45131
0.38541
0.34579
0.34151
0.33904
0.34256
0.35707
0.39985
0.44362
0.46787
0.46317
0.45804
0.45759
0.45954
0.44904
0.45581
0.48615
0.51511
0.51601
0.50258
0.48998
0.4493
0.39475
0.33739
0.31609
0.32073
0.32458
0.32152
0.31
0.30183
0.28985
0.30928
0.37799
0.4144
0.43954
0.52357
0.57719
0.57781
0.5306
0.49627
0.47294
0.46068
0.43631
0.41715
0.38553
0.34898
0.30119
0.26781
0.24856
0.28144
0.295
0.29245
0.29267
0.27003
0.25332
0.23827
0.24293
0.25446
0.23026
0.23523
0.2118
0.19342
0.18598
0.2065
0.24343
0.28712
0.35654
0.4119
0.45201
0.48465
0.49752
0.48048
0.46989
0.42085
0.39711
0.39125
0.38063
0.35431
0.34244
0.35108
0.39987
0.41028
0.39258
0.38848
0.36818
0.36991
0.37338
0.3887
0.38849
0.38389
0.38479
0.37454
0.40742
0.45313
0.48087
0.49558
0.46981
0.46488
0.50081
0.49206
0.50958
0.53082
0.56647
0.74643
0.83898
0.72093
0.59416
0.53115
0.47081
0.46325
0.42763
0.37717
0.30583
0.27011
0.25863
0.26394
0.27451
0.29094
0.31806
0.42261
0.46407
0.57431
0.70983
0.67566
0.47182
0.40041
0.39517
0.69409
0.59909
0.61905
0.51245
0.44133
0.37989
0.38141
0.40887
0.56535
0.72385
0.84056
0.87684
0.91412
0.92475
0.93214
0.93303
0.94547
0.83977
0.76264
0.70789
0.67308
0.65795
0.66484
0.69898
0.66895
0.71575
0.48803
0.39536
0.43858
0.40187
0.33707
0.29684
0.30234
0.30504
0.34893
0.38972
0.42035
0.42426
0.41634
0.40206
0.40098
0.39941
0.3919
0.38232
0.36628
0.30202
0.2817
0.26037
0.28383
0.28893
0.45294
0.61609
0.56621
0.50951
0.49114
0.53707
0.42899
0.31629
0.23027
0.19887
0.21147
0.20728
0.20748
0.21614
0.24489
0.26732
0.26736
0.26224
0.24207
0.23267
0.25371
0.27403
0.36565
0.37589
0.37882
0.40748
0.41732
0.41764
0.4022
0.37205
0.32879
0.41379
0.40791
0.40723
0.39338
0.37905
0.38369
0.35937
0.40396
0.48294
0.50709
0.51937
0.56589
0.60308
0.64054
0.69828
0.91689
0.92851
0.90187
0.78026
0.58556
0.55393
0.51998
0.48205
0.44733
0.4024
0.58856
0.83314
0.68905
0.70413
0.87083
1.0001
0.99803
0.99563
0.97596
0.82517
0.74125
0.84398
0.95581
0.98052
0.98209
0.95964
0.99883
0.99354
0.96859
0.95542
0.95751
0.95469
0.96555
0.96608
0.943
0.92488
0.62444
0.49518
0.42661
0.38688
0.34505
0.31859
0.31673
0.33217
0.91955
0.95803
0.96033
0.96838
0.96621
0.96878
0.96526
0.96389
0.95292
0.94921
0.95292
0.94756
0.94703
0.94553
0.94556
0.92843
0.93072
0.90792
0.93381
0.92879
0.91984
0.91554
0.92079
0.9271
0.89982
0.93485
0.92283
0.91643
0.84666
0.66183
0.4058
0.37606
0.36313
0.34636
0.33676
0.34643
0.86655
0.9322
0.94413
0.95434
0.95973
0.96267
0.95972
0.96214
0.9638
0.96619
0.96676
0.96574
0.96489
0.93151
0.91465
0.96263
0.84071
0.78127
0.71337
0.70419
0.75328
0.57375
0.55545
0.52386
0.58937
0.93474
0.90822
0.92081
0.93889
0.91206
0.90619
0.78893
0.80303
0.72919
0.61096
0.47825
0.35128
0.38818
0.41004
0.56287
0.43125
0.35792
0.39048
0.48478
0.42602
0.4014
0.35784
0.37743
0.35405
0.52755
0.76277
0.59771
0.59695
0.48106
0.45403
0.42637
0.40133
0.39358
0.44276
0.39479
0.35439
0.54319
0.5287
0.50153
0.81476
0.83813
0.8559
0.86194
0.88354
0.90709
0.88625
0.60694
0.57462
0.65866
0.5521
0.61483
0.71881
0.84369
0.81982
0.74599
0.77207
0.76374
0.50172
0.39907
0.39742
0.38594
0.85767
0.91031
0.8677
0.90682
0.90772
0.85519
0.79979
0.75156
0.76652
0.84552
0.8772
0.88367
0.78729
0.56047
0.47481
0.41925
0.43506
0.43649
0.41375
0.40596
0.40138
0.3973
0.39543
0.37423
0.33271
0.28748
0.26837
0.32717
0.4911
0.50545
0.4891
0.76031
0.76903
0.64435
0.64613
0.63768
0.49167
0.42417
0.41317
0.42456
0.42917
0.42069
0.41586
0.40765
0.39187
0.3864
0.38321
0.38471
0.39265
0.37523
0.37348
0.37032
0.37868
0.39647
0.38433
0.38469
0.37389
0.35266
0.33036
0.34457
0.36339
0.36733
0.38172
0.34965
0.36543
0.36447
0.36749
0.39534
0.42605
0.41542
0.42122
0.43004
0.42912
0.43162
0.41609
0.40609
0.40848
0.43028
0.44058
0.4254
0.42649
0.42778
0.42721
0.43327
0.43188
0.42387
0.42027
0.42018
0.41134
0.40649
0.39722
0.38865
0.38271
0.37438
0.36969
0.37544
0.38012
0.38372
0.37784
0.37197
0.37325
0.36513
0.36022
0.34984
0.34185
0.32346
0.2998
0.30302
0.28352
0.31052
0.33635
0.34307
0.32338
0.30316
0.33113
0.35867
0.37912
0.39702
0.4002
0.38771
0.36104
0.32998
0.31381
0.32871
0.35966
0.41186
0.40269
0.39084
0.37429
0.36547
0.35655
0.35157
0.35444
0.36407
0.38211
0.36427
0.33822
0.32431
0.31833
0.31327
0.31688
0.31699
0.30353
0.30076
0.29493
0.29411
0.31543
0.34089
0.33929
0.3426
0.33888
0.34148
0.34678
0.34945
0.35206
0.35277
0.33763
0.33697
0.31212
0.25659
0.2211
0.21969
0.29319
0.34241
0.31733
0.30037
0.32317
0.35235
0.3752
0.3835
0.4021
0.40734
0.39589
0.40288
0.39776
0.39567
0.38519
0.40953
0.41294
0.40808
0.40153
0.40127
0.40436
0.40192
0.40194
0.40357
0.42649
0.44111
0.44027
0.45087
0.48846
0.50967
0.527
0.50191
0.46032
0.44727
0.44365
0.44189
0.42637
0.41366
0.4294
0.43918
0.46259
0.47846
0.50897
0.51905
0.54752
0.56137
0.55645
0.51912
0.46273
0.43168
0.41221
0.40751
0.41296
0.40904
0.3962
0.39893
0.40556
0.36626
0.33689
0.32711
0.31982
0.31869
0.32265
0.33195
0.33739
0.33996
0.34708
0.35281
0.35438
0.35836
0.3552
0.356
0.36667
0.36448
0.37341
0.36106
0.36407
0.3618
0.36811
0.37652
0.38274
0.37693
0.38678
0.37468
0.35463
0.3515
0.35374
0.34759
0.34279
0.34838
0.34491
0.36035
0.37073
0.35689
0.35294
0.35516
0.35325
0.35274
0.34979
0.35372
0.34779
0.34781
0.34975
0.36478
0.37353
0.43976
0.48423
0.47739
0.46542
0.46957
0.46237
0.43981
0.40841
0.36493
0.34807
0.33532
0.3219
0.31359
0.31777
0.34479
0.36637
0.38765
0.40981
0.41853
0.40582
0.38677
0.37329
0.34928
0.36234
0.47124
0.5422
0.51635
0.52708
0.50021
0.46088
0.42918
0.3862
0.3615
0.33484
0.29784
0.26606
0.24571
0.23132
0.22874
0.25401
0.41834
0.72294
0.76604
0.72691
0.39029
0.33882
0.34392
0.33424
0.32703
0.32516
0.32088
0.31679
0.32759
0.34376
0.36722
0.3606
0.40055
0.381
0.36626
0.41823
0.36834
0.35436
0.3801
0.39289
0.51439
0.51554
0.42754
0.39191
0.37285
0.36223
0.37686
0.36249
0.38618
0.39643
0.40278
0.35674
0.3837
0.3204
0.2849
