0.38411
0.37188
0.3914
0.38244
0.38198
0.39841
0.40556
0.4203
0.48697
0.64363
0.50878
0.4294
0.37449
0.3405
0.36845
0.39189
0.3669
0.70576
0.71598
0.52516
0.20197
0.23646
0.26816
0.29
0.30139
0.29562
0.32549
0.32599
0.32365
0.32531
0.32832
0.33025
0.33316
0.34762
0.35072
0.38069
0.38268
0.33796
0.31582
0.30765
0.33589
0.35344
0.36221
0.36057
0.36259
0.3546
0.35089
0.36085
0.36235
0.38645
0.39475
0.38259
0.37349
0.38007
0.38395
0.39807
0.40913
0.40793
0.41431
0.41035
0.41055
0.40923
0.40629
0.39916
0.39258
0.38975
0.38607
0.38174
0.38715
0.40048
0.413
0.41544
0.42798
0.43959
0.4457
0.45204
0.44838
0.44121
0.44562
0.46373
0.48465
0.49535
0.44936
0.46727
0.49316
0.70779
0.67396
0.67254
0.59328
0.50677
0.46287
0.45099
0.44479
0.42964
0.43551
0.46887
0.49159
0.49277
0.49888
0.5278
0.54039
0.60557
0.84762
0.72713
0.59984
0.52206
0.52361
0.51265
0.49528
0.46704
0.43095
0.39332
0.3757
0.36171
0.34775
0.34653
0.35515
0.34905
0.33919
0.31015
0.2984
0.30426
0.30399
0.30152
0.28827
0.29141
0.2943
0.28679
0.28724
0.28194
0.28198
0.28744
0.29994
0.30118
0.34104
0.33524
0.32811
0.34233
0.35412
0.38667
0.44373
0.48496
0.65419
0.85113
0.86818
0.85891
0.84316
0.83568
0.78511
0.60848
0.62861
0.46915
0.42159
0.39779
0.38684
0.3886
0.41648
0.73714
0.76154
0.80188
0.84469
0.84503
0.83572
0.8281
0.81867
0.82386
0.83523
0.86643
0.75133
0.51036
0.68205
0.78576
0.51236
0.41896
0.48106
0.5118
0.80007
0.51505
0.39759
0.38853
0.40044
0.40272
0.39701
0.35378
0.36737
0.4314
0.75663
0.91708
0.87769
0.89595
0.88791
0.86374
0.84502
0.83118
0.79319
0.69733
0.54893
0.49111
0.42409
0.40011
0.412
0.41622
0.52593
0.64625
0.56439
0.92819
0.83509
0.8888
0.95889
0.74369
0.42717
0.40175
0.39236
0.38114
0.38273
0.38647
0.37524
0.36977
0.3735
0.37796
0.37915
0.372
0.42406
0.92896
0.926
0.91521
0.90937
0.88806
0.65831
0.49072
0.50312
0.51051
0.56936
0.69161
0.89553
0.8973
0.86646
0.83064
0.87884
0.88706
0.889
0.86408
0.82363
0.68912
0.71012
0.80245
0.8107
0.79471
0.89521
0.93584
0.70573
0.49976
0.52812
0.70681
0.95623
0.94103
0.92277
0.89843
0.7281
0.621
0.68022
0.84128
0.85876
0.84865
0.843
0.83846
0.83082
0.81959
0.80559
0.79959
0.63948
0.51111
0.60265
0.48726
0.42292
0.40466
0.37967
0.37561
0.37682
0.3846
0.38815
0.38319
0.38457
0.38391
0.36405
0.34853
0.34098
0.34873
0.36125
0.36102
0.37168
0.39581
0.40594
0.39466
0.35668
0.33224
0.31478
0.39322
0.36356
0.34999
0.31514
0.31995
0.32391
0.30361
0.29616
0.31145
0.29031
0.30674
0.31198
0.32006
0.33507
0.35153
0.36047
0.34704
0.34768
0.35335
0.3612
0.36509
0.36765
0.36234
0.36494
0.36706
0.3698
0.37429
0.41513
0.49342
0.44365
0.43506
0.44472
0.44152
0.55205
0.43901
0.37847
0.37777
0.39304
0.38662
0.39256
0.43402
0.44567
0.42773
0.51475
0.78414
0.82396
0.81506
0.8112
0.80816
0.81376
0.79339
0.5782
0.44831
0.41815
0.41088
0.39991
0.37977
0.34995
0.30899
0.28952
0.27264
0.21022
0.20794
0.20561
0.1817
0.17501
0.19562
0.15136
0.11084
0.10375
0.24827
0.43369
0.44608
0.46081
0.49574
0.54784
0.60799
0.49946
0.45747
0.36399
0.48176
0.69187
0.76535
0.83014
0.84747
0.83083
0.79571
0.80549
0.79146
0.78352
0.77598
0.76712
0.75724
0.7173
0.6931
0.65011
0.59115
0.48588
0.45334
0.38349
0.35383
0.36724
0.38479
0.52084
0.85925
0.85872
0.83238
0.90885
0.87223
0.83666
0.80932
0.79659
0.78667
0.77525
0.74487
0.72973
0.73995
0.74669
0.7509
0.76763
0.76786
0.77414
0.78634
0.79014
0.76291
0.70526
0.69205
0.74817
0.69078
0.70053
0.65198
0.65738
0.70093
0.73025
0.70875
0.70194
0.69008
0.64026
0.62185
0.62945
0.63268
0.63041
0.5814
0.48807
0.46618
0.41927
0.42366
0.47024
0.54772
0.55909
0.52648
0.49613
0.41795
0.37237
0.46949
0.49504
0.60728
0.49876
0.43736
0.41622
0.45413
0.70266
0.70743
0.70533
0.69736
0.62688
0.52612
0.39359
0.31297
0.25268
0.24875
0.24428
0.24655
0.23342
0.23152
0.24176
0.24972
0.25298
0.26395
0.27298
0.28379
0.27714
0.28511
0.28973
0.287
0.2815
0.29925
0.31371
0.31834
0.30723
0.30656
0.29856
0.29864
0.3017
0.32541
0.35453
0.36206
0.34763
0.33957
0.32031
0.39718
0.49931
0.53062
0.613
0.6226
0.58679
0.50864
0.47135
0.44969
0.42671
0.40538
0.39683
0.40051
0.39189
0.39599
0.43068
0.46158
0.50536
0.71583
0.78265
0.8252
0.7705
0.86525
0.86706
0.85985
0.85407
0.84471
0.84854
0.84852
0.83801
0.82885
0.82418
0.80807
0.79778
0.78779
0.79436
0.79938
0.78633
0.78754
0.79256
0.80488
0.80293
0.80345
0.80656
0.80491
0.73124
0.6419
0.52038
0.4633
0.4228
0.44015
0.44401
0.45638
0.46073
0.54829
0.5381
0.55845
0.55508
0.5054
0.50204
0.51579
0.58206
0.61411
0.56322
0.49677
0.36782
0.35618
0.37608
0.42131
0.42782
0.38756
0.46531
0.55641
0.55851
0.57278
0.4628
0.456
0.4876
0.58039
0.82349
0.60399
0.58345
0.63018
0.71715
0.87859
0.84515
0.80807
0.79581
0.77229
0.73741
0.75489
0.75455
0.75867
0.67865
0.67256
0.69455
0.66037
0.50265
0.44522
0.43717
0.4492
0.8136
0.83288
0.87925
0.87464
0.86987
0.86204
0.88092
0.88591
0.90648
0.90578
0.89563
0.89134
0.88823
0.7925
0.73558
0.8221
0.7218
0.45045
0.38997
0.44844
0.52429
0.46945
0.79362
0.84756
0.45803
0.74058
0.56151
0.90367
0.88465
0.85982
0.8752
0.87678
0.86727
0.85559
0.84953
0.83986
0.83258
0.82557
0.81676
0.82551
0.84048
0.77326
0.70863
0.58309
0.46379
0.40435
0.39948
0.44983
0.52793
0.70044
0.58152
0.50297
0.42935
0.41942
0.46764
0.54719
0.64837
0.60457
0.50316
0.44607
0.38286
0.34127
0.31745
0.31286
0.28969
0.2827
0.30173
0.31171
0.32212
0.37842
0.40894
0.42377
0.40767
0.40345
0.47034
0.47505
0.77065
0.91603
0.92062
0.90421
0.90729
0.75345
0.90577
0.78511
0.7207
0.91154
0.90183
0.79915
0.55474
0.45132
0.38091
0.37458
0.41072
0.44358
0.47537
0.48059
0.44767
0.62228
0.7286
0.84552
0.80418
0.39579
0.40378
0.38891
0.47814
0.33686
0.34458
0.33807
0.76588
0.51743
0.512
0.41289
0.35583
0.33412
0.33164
0.34738
0.38658
0.40791
0.4265
0.3876
0.38628
0.39765
0.38054
0.37054
0.36022
0.36236
0.3763
0.36643
0.38248
0.3925
0.37274
0.39439
0.3815
0.39785
0.40699
0.40841
0.42582
0.42356
0.41556
0.4316
0.45417
0.49918
0.59154
0.61846
0.6283
0.54128
0.51706
0.54468
0.56976
0.63768
0.74211
0.89649
0.91777
0.90294
0.87829
0.86768
0.84493
0.83412
0.84968
0.83887
0.81563
0.80304
0.82367
0.81814
0.84358
0.8634
0.87427
0.85022
0.71535
0.52242
0.48781
0.45322
0.38149
0.33294
0.31613
0.33352
0.35452
0.35465
0.36179
0.34182
0.36451
0.44922
0.52714
0.59431
0.64972
0.67032
0.71211
0.71292
0.68725
0.62732
0.61439
0.59621
0.58669
0.59188
0.59026
0.57158
0.53114
0.53329
0.57067
0.54257
0.62749
0.70124
0.66333
0.7043
0.64966
0.74388
0.49307
0.53563
0.6505
0.59503
0.59644
0.53466
0.56672
0.58938
0.63329
0.76075
0.89006
0.96947
0.97809
0.96106
0.92171
0.9113
0.98607
0.97114
0.95499
0.95093
0.94958
0.90788
0.89455
0.86506
0.77583
0.77167
0.72283
0.77904
0.90243
0.94232
0.95786
0.96946
0.95725
0.87955
0.86984
0.79595
0.78625
0.84109
0.71336
0.69328
0.84075
0.89628
0.82885
0.8529
0.72508
0.77984
0.79249
0.9028
0.85783
0.82988
0.72813
0.89006
0.86332
0.81944
0.50048
0.5184
0.49334
0.42636
0.38523
0.83931
0.71997
0.54096
0.63842
0.64237
0.66179
0.7149
0.60251
0.60773
0.52108
0.5273
0.58816
0.63094
0.71405
0.76721
0.78835
0.85115
0.69517
0.4601
0.42993
0.44051
0.46968
0.47072
0.46277
0.43718
0.39786
0.35786
0.33067
0.34483
0.37433
0.41094
0.4271
0.37565
0.35359
0.36284
0.36535
0.3884
0.42802
0.49853
0.69392
0.81233
0.95886
0.81059
0.60334
0.55335
0.57186
0.60681
0.72521
0.75034
0.92416
0.7014
0.58155
0.53267
0.54115
0.54405
0.63644
0.95438
0.93904
0.95015
0.9584
0.92584
0.87054
0.72255
0.74396
0.86133
0.8692
0.86507
0.82621
0.69699
0.594
0.49012
0.4429
0.32715
0.30886
0.30276
0.34543
0.39812
0.44284
0.47531
0.50886
0.53139
0.44989
0.41237
0.44507
0.41982
0.41281
0.4246
0.40212
0.3705
0.37416
0.50516
0.4951
0.44153
0.47125
0.47238
0.48449
0.50461
0.43739
0.44648
0.5802
0.86403
0.64439
0.57935
0.60291
0.52354
0.44663
0.42676
0.48479
0.59113
0.60607
0.6295
0.85094
0.96887
0.95655
0.94397
0.90666
0.93153
0.94092
0.90928
0.91839
0.96656
0.96309
0.96231
0.94901
0.93649
0.898
0.73235
0.62368
0.64862
0.56654
0.55612
0.45884
0.43976
0.46424
0.50734
0.5129
0.43983
0.45736
0.45444
0.43492
0.42469
0.43243
0.4513
0.4678
0.43869
0.39114
0.39095
0.42148
0.46756
0.49328
0.49547
0.54787
0.58039
0.86542
0.976
0.99718
0.99815
0.99379
0.99725
0.99588
0.99428
0.9537
0.92309
0.90768
0.90439
0.9131
0.91162
0.91596
0.92112
0.90575
0.88747
0.837
0.5693
0.55445
0.53006
0.60913
0.88941
0.89824
0.92641
0.9357
0.88047
0.82511
0.72578
0.68336
0.93302
0.94934
0.94281
0.90766
0.88978
0.79917
0.79887
0.93575
0.802
0.9268
0.80383
0.69748
0.53548
0.49099
0.47259
0.51013
0.57132
0.31603
0.31281
0.31442
0.38495
0.41872
0.55291
0.56379
0.53236
0.71227
0.82356
0.85852
0.82299
0.79779
0.72127
0.79726
0.93889
0.93388
0.94704
0.94495
0.94344
0.89827
0.77722
0.96684
0.91377
0.90575
0.57885
0.42698
0.45101
0.50493
0.57562
0.59234
0.54868
0.43456
0.38677
0.38294
0.40063
0.45914
0.43909
0.5787
0.51389
0.48814
0.44734
0.52655
0.52488
0.48345
0.46981
0.4642
0.46398
0.43434
0.43355
0.46268
0.48507
0.46809
0.4795
0.46696
0.50127
0.57595
0.50913
0.56059
0.59938
0.75631
0.85313
0.94108
0.98629
0.93741
0.99095
0.99712
0.97413
0.61489
0.59269
0.71558
0.78253
0.77227
0.70313
0.74048
1.0004
0.99376
0.99909
0.99939
0.9266
0.94752
0.97683
0.99813
0.98592
0.77205
0.66529
0.54317
0.50202
0.64985
0.8449
0.80676
0.73047
0.76639
0.70083
0.68515
0.82208
0.86001
0.83013
0.76022
0.70174
0.64644
0.60699
0.6605
0.9767
0.99741
0.99079
0.98551
0.96212
0.97137
0.96057
0.99806
0.98858
0.99765
0.96056
0.8266
0.70794
0.6554
0.65388
0.58134
0.58269
0.59329
0.65432
0.60077
0.58728
0.59305
0.63372
0.62448
0.57237
0.55729
0.56993
0.54338
0.48988
0.45599
0.43764
0.42683
0.44212
0.45019
0.4619
0.46511
0.46645
0.47809
0.4801
0.50111
0.50843
0.48708
0.45733
0.44499
0.45389
0.4782
0.49252
0.48913
0.47214
0.46772
0.49488
0.51292
0.53314
0.5259
0.50532
0.47198
0.43701
0.46502
0.44111
0.46414
0.52969
0.55957
0.54379
0.52385
0.54501
0.76309
0.85363
0.85213
0.89137
0.83246
0.77479
0.76692
0.79093
0.74299
0.68152
0.6624
0.63375
0.60469
0.57336
0.5262
0.49477
0.47593
0.49478
0.50475
0.52677
0.54835
0.48839
0.48446
0.51016
0.54567
0.55488
0.59616
0.6385
0.63297
0.61017
0.58055
0.5495
0.55326
0.60574
0.63712
0.6388
0.608
0.59235
0.58753
0.60518
0.66853
0.7393
0.82707
0.96965
0.99896
0.98033
0.89261
0.81601
0.86184
0.89752
0.83921
0.88317
0.94014
0.90674
0.85499
0.76939
0.74949
0.68612
0.65574
0.60727
0.56645
0.52964
0.50396
0.50493
0.54128
0.52491
0.47044
0.50185
0.53146
0.52845
0.53243
0.53992
0.5583
0.54231
0.51748
0.49175
0.48456
0.4922
0.50076
0.50966
0.48886
0.493
0.47394
0.47778
0.4851
0.48244
0.46739
0.44171
0.41894
0.39373
0.40382
0.43124
0.43757
0.48806
0.46265
0.43446
0.44268
0.51082
0.77047
0.86726
0.85682
0.92283
1.0005
0.98402
1.0008
1.0003
0.99937
0.99941
0.99767
1.0007
0.94325
0.82884
0.78073
0.68181
0.65824
0.6675
0.65618
0.62199
0.6158
0.61376
0.61176
0.57993
0.67745
0.87716
0.90824
0.94349
0.85406
0.95974
0.99757
0.99854
0.99846
0.9991
0.87399
0.83309
0.94512
0.96639
0.98354
1.0004
1.0003
0.9972
0.97964
0.79484
0.72397
0.68459
0.70873
0.65987
0.64239
0.63415
0.57724
0.4727
0.38837
0.38218
0.44255
0.4644
0.44706
0.50139
0.4519
0.4273
0.40621
0.3292
0.47074
0.5165
0.572
0.57673
0.46854
0.44376
0.4357
0.39493
0.40639
0.42218
0.54818
0.4722
0.45378
0.48628
0.49646
0.52314
0.59973
0.61629
0.60699
0.58101
0.55471
0.52567
0.5077
0.50212
0.52333
0.51779
0.51813
0.49686
0.47646
0.46734
0.46652
0.46207
0.44734
0.45857
0.48013
0.52823
0.54799
0.57968
0.63528
0.63429
0.61636
0.6141
0.62331
0.63175
0.61161
0.57607
0.54557
0.53856
0.57028
0.5196
0.48457
0.39034
0.43427
0.49355
0.54729
0.61705
0.62341
0.62288
0.67717
0.65461
0.62446
0.68874
0.79699
0.89459
0.98302
0.99873
0.99846
1.0006
1.0006
0.99832
1
0.98559
0.95927
0.94115
0.81976
0.64714
0.61335
0.5704
0.54575
0.53098
0.52445
0.55339
0.58033
0.58931
0.58733
0.60444
0.63868
0.68771
0.72748
0.77923
0.91598
0.97538
0.93308
0.81012
0.74106
0.69041
0.66076
0.63556
0.60176
0.59768
0.60894
0.7754
0.82993
0.82817
0.83386
0.84471
0.85698
0.91695
0.96246
0.93126
0.91491
0.99701
0.99798
0.99832
0.99996
0.99953
1.0001
0.98452
0.82899
0.82811
0.82497
0.92894
0.96422
0.90687
0.84315
0.73363
0.66728
0.65306
0.65624
0.6158
0.59521
0.5931
0.70805
0.69057
0.64687
0.60111
0.65244
0.83224
0.74408
0.80594
0.86087
0.93371
0.97432
0.99732
0.99789
1.0008
0.99999
1.0007
0.99248
0.78804
0.67175
0.60509
0.54023
0.51159
0.51276
0.60356
0.87043
0.80005
0.73445
0.67188
0.64581
0.60602
0.64088
0.6521
0.6209
0.62332
0.58951
0.55816
0.54018
0.48672
0.44177
0.37473
0.44906
0.44214
0.41206
0.44456
0.49539
0.5183
0.55818
0.55116
0.53671
0.53472
0.5262
0.53048
0.53525
0.5415
0.52496
0.50823
0.5068
0.50213
0.50562
0.53098
0.57715
0.62129
0.65317
0.67017
0.66291
0.67499
0.68327
0.64969
0.62791
0.63239
0.60801
0.60502
0.61862
0.59719
0.57223
0.56526
0.5586
0.5439
0.53783
0.54865
0.55922
0.58424
0.60677
0.62492
0.65187
0.67805
0.76538
0.82975
0.80242
0.76305
0.68086
0.66269
0.6088
0.55037
0.51784
0.53859
0.55208
0.52573
0.51811
0.56706
0.61872
0.65061
0.62113
0.49034
0.45397
0.42793
0.44263
0.44361
0.42438
0.44435
0.45075
0.44677
0.47106
0.5089
0.54217
0.54441
0.56378
0.5826
0.58642
0.54201
0.5521
0.59009
0.59165
0.60256
0.66607
0.6842
0.72667
0.72766
0.69784
0.68691
0.60485
0.58119
0.58413
0.61437
0.62781
0.62753
0.59307
0.56912
0.55119
0.52197
0.56877
0.71327
0.78485
0.86047
0.81189
0.79307
0.77669
0.76528
0.75726
0.75371
0.75077
0.76283
0.7546
0.66581
0.57259
0.57118
0.52084
0.46811
0.47913
0.47797
0.57384
0.54784
0.57505
0.64643
0.63922
0.61237
0.62844
0.67056
0.68271
0.6395
0.61535
0.65262
0.67484
0.71591
0.733
0.72067
0.719
0.71157
0.69661
0.67397
0.7479
0.749
0.7564
0.76757
0.82014
0.87939
0.87134
0.86501
0.86762
0.86305
0.85077
0.80619
0.76719
0.75582
0.72583
0.69192
0.70104
0.7009
0.75468
0.83465
0.83612
0.83236
0.85239
0.89318
0.92736
0.95372
0.93328
0.84026
0.79295
0.76818
0.77164
0.80191
0.72627
0.68381
0.63976
0.60673
0.55651
0.63393
0.92602
0.97419
0.99889
0.99911
0.99743
0.99995
0.99751
0.99599
1.0011
0.9775
0.99992
0.99126
0.97362
0.93542
0.85401
0.98155
0.81128
0.96635
0.81358
0.833
0.59437
0.53854
0.73938
0.95473
0.99918
0.92285
0.80686
0.67049
0.52763
0.46167
0.54848
0.54197
0.48613
0.63289
0.65468
0.65973
0.59631
0.54411
0.52519
0.5407
0.64641
0.71901
0.70714
0.53911
0.57008
0.75504
0.64898
0.6055
0.64211
0.67777
0.66849
0.57481
0.52384
0.46906
0.41119
0.53405
0.60834
0.91906
0.92075
0.94108
0.93318
0.93699
0.96128
0.97903
0.96445
0.90577
0.87682
0.886
0.8802
0.81978
0.63696
0.61185
0.60877
0.65701
0.67141
0.69236
0.75938
0.67236
0.65167
0.69778
0.74151
0.71458
0.58225
0.54319
0.48738
0.64315
0.77461
0.84112
0.82717
0.85663
0.88634
0.9333
0.97326
0.9888
0.99642
0.99891
0.99971
0.97022
0.93723
0.88193
0.85859
0.85077
0.745
0.67413
0.60756
0.56531
0.54742
0.5477
0.53836
0.52631
0.48633
0.45118
0.44237
0.41858
0.40985
0.44006
0.46504
0.46315
0.45918
0.45221
0.44462
0.43252
0.44481
0.4384
0.40896
0.39849
0.42406
0.45453
0.44448
0.42873
0.54239
0.64015
0.64093
0.56372
0.4964
0.47136
0.49663
0.4829
0.50151
0.46207
0.42305
0.40248
0.39655
0.44271
0.47029
0.48163
0.49658
0.4889
0.48505
0.47982
0.47566
0.45338
0.44714
0.45945
0.46787
0.47086
0.48807
0.47154
0.49071
0.50005
0.68557
0.94909
0.99888
0.99741
0.99972
0.99934
0.99901
0.99922
0.99817
1.0004
0.99938
0.99885
0.97284
0.98736
0.99318
1.0007
0.96186
0.99323
0.98191
0.93044
0.96803
0.99771
0.9826
0.91324
0.93865
0.99895
0.99875
0.95912
0.86972
0.7674
0.73054
0.6434
0.59481
0.5838
0.53
0.55608
0.45549
0.43206
0.42785
0.42206
0.41153
0.39654
0.39405
0.44688
0.46673
0.5741
0.58767
0.53503
0.5205
0.55857
0.51638
0.49402
0.48243
0.49958
0.5125
0.54951
0.56068
0.61551
0.64832
0.69746
0.72861
0.80256
0.86443
0.9265
0.89061
0.87923
0.83487
0.81798
0.75244
0.69253
0.65253
0.59797
0.56467
0.60462
0.73146
0.84427
0.79271
0.80293
0.76673
0.75228
0.73258
0.76588
0.69771
0.61026
0.63338
0.62562
0.59419
0.56838
0.55884
0.55416
0.55459
0.56599
0.59136
0.63776
0.70471
0.79562
1.0005
1.0004
0.98
0.97399
0.96793
0.9567
0.86322
0.88164
0.98413
0.96129
0.91994
0.96643
0.96245
0.8186
0.6868
0.68638
0.61269
0.72281
0.69016
0.57346
0.52469
0.47864
0.42464
0.41733
0.42051
0.3847
0.34419
0.31481
0.30915
0.30325
0.30338
0.34031
0.41822
0.40853
0.35459
0.33733
0.33434
0.36665
0.39947
0.41564
0.42022
0.41347
0.3705
0.33724
0.32399
0.30329
0.28728
0.29463
0.30527
0.29489
0.266
0.25716
0.24774
0.23645
0.26095
0.24973
0.27745
0.2967
0.32921
0.34348
0.35587
0.37426
0.38644
0.37657
0.35842
0.37813
0.38204
0.36099
0.35451
0.35782
0.36224
0.37631
0.37581
0.3663
0.36334
0.3514
0.34002
0.32913
0.31842
0.32483
0.33266
0.3374
0.36101
0.36837
0.36956
0.35658
0.34407
0.33207
0.32437
0.37011
0.36685
0.37088
0.40297
0.4267
0.42548
0.47104
0.62899
0.72715
0.62176
0.55519
0.53536
0.56196
0.62446
0.55902
0.64154
0.72349
0.59132
0.62992
0.6296
0.57738
0.51746
0.48336
0.46294
0.42946
0.38749
0.35023
0.32526
0.28944
0.25356
0.25687
0.27668
0.28498
0.30779
0.3321
0.34704
0.36883
0.3701
0.3688
0.36188
0.34065
0.33926
0.27131
0.2333
0.21458
0.26628
0.35898
0.38224
0.40104
0.46331
0.36403
0.40057
0.36868
0.39135
0.36604
0.39049
0.4008
0.38736
0.43193
0.65254
0.70425
0.8662
0.75891
0.81942
0.538
0.50367
0.44543
0.41375
0.39911
0.41581
0.45518
0.51168
0.58808
0.5581
0.535
0.5461
0.60153
0.69099
0.9353
0.98703
0.96771
0.96795
0.87681
0.7664
0.67927
0.55612
0.4624
0.41732
0.39413
0.38283
0.40959
0.31801
0.33269
0.34026
0.35765
0.37854
0.52171
0.5493
0.55508
0.55004
0.58447
0.55958
0.65521
0.67421
0.60686
0.57138
0.56506
0.54841
0.52567
0.49586
0.47681
0.46496
0.46226
0.45371
0.42012
0.42421
0.39448
0.36576
0.47667
0.5694
0.66865
0.68136
0.48496
0.45762
0.35439
0.34356
0.41592
0.43587
0.44043
0.48184
0.50875
0.47577
0.44329
0.39781
0.39755
0.42156
0.49362
0.53404
0.55897
0.57081
0.55574
0.51275
0.46546
0.4775
0.49263
0.51149
0.509
0.51407
0.53482
0.55734
0.57126
0.58216
0.52929
0.44479
0.39389
0.35954
0.34154
0.34713
0.32318
0.87056
0.91264
0.75441
0.56108
0.59628
0.61981
0.76316
0.99337
0.92299
0.57091
0.76683
0.88246
0.92559
0.94481
0.93998
0.84816
0.65298
0.63202
0.53576
0.48696
0.4403
0.44593
0.58539
0.69587
0.83659
0.82683
0.85461
0.79443
0.75626
0.6546
0.58143
0.5312
0.50299
0.50584
0.54902
0.64281
0.81205
0.80618
0.84635
0.85542
0.85236
0.66773
0.72917
0.62116
0.66539
0.81085
0.83893
0.90631
0.93002
0.93688
0.91406
0.88679
0.86118
0.86744
0.8658
0.92883
0.93538
0.94207
0.94102
0.93953
0.9459
0.95286
0.96134
0.95276
0.94823
0.94402
0.93611
0.95427
0.95397
0.92629
0.86354
0.83204
0.61433
0.55222
0.58365
0.56943
0.55996
0.55951
0.5631
0.55817
0.55653
0.54456
0.51097
0.47678
0.46313
0.44767
0.42902
0.41887
0.40451
0.38602
0.36466
0.34838
0.32921
0.31581
0.32545
0.34669
0.36034
0.38494
0.39627
0.44293
0.38959
0.35972
0.3525
0.34959
0.38585
0.42688
0.46182
0.49014
0.52273
0.51949
0.49655
0.47765
0.4643
0.43159
0.4029
0.39105
0.37506
0.34758
0.33633
0.33343
0.34442
0.38045
0.41971
0.46607
0.4819
0.50202
0.50332
0.50979
0.53091
0.57297
0.47974
0.45047
0.44931
0.45483
0.44965
0.40923
0.38113
0.39892
0.39501
0.38502
0.35854
0.35518
0.36085
0.3671
0.37304
0.37023
0.37226
0.36921
0.37165
0.37802
0.39768
0.41766
0.43512
0.45914
0.46943
0.45812
0.44113
0.42802
0.44446
0.44185
0.40188
0.38374
0.39159
0.40189
0.39041
0.37169
0.35455
0.35072
0.368
0.3878
0.40912
0.43464
0.46984
0.50986
0.53053
0.54631
0.55374
0.56574
0.55582
0.54384
0.5264
0.48342
0.47222
0.46648
0.46085
0.44788
0.43352
0.41184
0.3836
0.3585
0.3405
0.32229
0.30871
0.30708
0.31432
0.32337
0.32518
0.32771
0.32869
0.32151
0.33293
0.33568
0.28473
0.28467
0.3314
0.39759
0.45703
0.45013
0.44608
0.46346
0.4847
0.4679
0.42468
0.39701
0.38283
0.41559
0.43963
0.39481
0.37502
0.37206
0.37921
0.40703
0.43918
0.77761
0.80462
0.83438
0.86948
0.89905
0.89761
0.90414
0.90254
0.80328
0.80828
0.71343
0.59806
0.56941
0.55412
0.55016
0.48766
0.50851
0.44782
0.43166
0.42859
0.41568
0.40663
0.44324
0.4631
0.45425
0.46867
0.66471
0.67012
0.50807
0.46376
0.44529
0.46422
0.43749
0.46358
0.55961
0.65332
0.8566
0.86754
0.87176
0.83599
0.87481
0.82367
0.78102
0.80023
0.58817
0.4736
0.40521
0.3578
0.31613
0.29562
0.30146
0.30699
0.31123
0.31521
0.32056
0.32336
0.33138
0.33784
0.34771
0.35119
0.34743
0.35043
0.34789
0.33732
0.33271
0.33221
0.3334
0.33175
0.33653
0.33157
0.32645
0.33573
0.34628
0.34845
0.34031
0.32375
0.32929
0.31935
0.31333
0.33069
0.33891
0.47128
0.48191
0.37819
0.41719
0.44199
0.46483
0.46264
0.39348
0.36788
0.37554
0.38475
0.36842
0.37224
0.36553
0.37184
0.38201
0.39098
0.38511
0.3881
0.39254
0.40013
0.39724
0.39898
0.39135
0.39146
0.40066
0.37286
0.38182
0.38428
0.37826
0.38213
0.37671
0.3941
0.40977
0.41207
0.42548
0.42518
0.43209
0.4216
0.43889
0.46488
0.47446
0.50575
0.86523
0.90905
0.91881
0.92075
0.91842
0.91953
0.92612
0.91233
0.79497
0.49787
0.43204
0.44064
0.37727
0.37901
0.38069
0.37995
0.38232
0.38396
0.39107
0.39187
0.39276
0.39204
0.39592
0.39556
0.39374
0.39575
0.39145
0.39184
0.38773
0.39036
0.38858
0.39353
0.39651
0.39715
0.39993
0.40041
0.40902
0.43308
0.44421
0.44424
0.44147
0.45346
0.45
0.44282
0.43807
0.42568
0.41295
0.38318
0.42137
0.44772
0.45148
0.44186
0.43411
0.41724
0.41458
0.40767
0.43721
0.44223
0.45034
0.45024
0.43531
0.44833
0.45521
0.4341
0.41424
0.39302
0.41673
0.43892
0.43571
0.42501
0.40087
0.38167
0.34219
0.35028
0.511
0.64627
0.60784
0.67987
0.66766
0.6943
0.75097
0.75851
0.79596
0.74841
0.6892
0.53829
0.47188
0.45686
0.4223
0.37921
0.33934
0.32296
0.30128
0.2849
0.29395
0.64503
0.66994
0.5099
0.48522
0.35815
0.3264
0.34449
0.36616
0.38014
0.39917
0.38252
0.41979
0.4282
0.40433
0.41346
0.41729
0.41779
0.41506
0.41283
0.41264
0.41402
0.42131
0.43757
0.46246
0.4467
0.45477
0.48539
0.48119
0.48453
0.46669
0.49189
0.55974
0.58016
0.56306
0.49259
0.49303
0.50977
0.48038
0.53385
0.56057
0.47078
0.4544
0.46018
0.44811
0.43442
0.43457
0.44391
0.5001
0.53336
0.68367
0.8509
0.8675
0.88364
0.89046
0.86351
0.85205
0.65729
0.51177
0.51883
0.5099
0.50128
0.50549
0.48988
0.48884
0.47571
0.48138
0.48267
0.47885
0.4769
0.46606
0.46185
0.45925
0.45458
0.44561
0.44021
0.43323
0.4264
0.42708
0.43281
0.43676
0.46202
0.50675
0.52932
0.46152
0.42891
0.40256
0.40664
0.44667
0.38475
0.38938
0.38613
0.4021
0.41626
0.41943
0.40343
0.44283
0.45207
0.618
0.90686
0.90374
0.70153
0.52013
0.59802
0.62565
0.50923
0.3962
0.40884
0.55415
0.54998
0.62848
0.70796
0.73044
0.65728
0.45853
0.40968
0.482
0.61027
0.62563
0.56124
0.4962
0.71161
0.68126
0.90375
0.91027
0.87644
0.52119
0.45062
0.42173
0.41577
0.46277
0.47041
0.42394
0.39288
0.36763
0.36098
0.42982
0.42961
0.49281
0.38844
0.36232
0.36031
0.37064
0.40748
0.40476
0.38365
0.4071
0.41166
0.43147
0.58121
0.90543
0.91214
0.88527
0.86946
0.85353
0.86792
0.84474
0.85007
0.76352
0.68936
0.52135
0.43487
0.39038
0.38756
0.44187
0.34994
0.36981
0.3589
0.35068
0.35279
0.35393
0.34781
0.32871
0.32781
0.32451
0.32561
0.3246
0.3344
0.34394
0.34898
0.35321
0.36009
0.35707
0.36463
0.36401
0.35815
0.36084
0.36515
0.3832
0.35867
0.37438
0.38659
0.39884
0.39956
0.40819
0.47026
0.58243
0.52952
0.54526
0.54471
0.54422
0.46583
0.48584
0.55042
0.56764
0.57378
0.57323
0.78965
0.85548
0.56499
0.42173
0.42388
0.38969
0.35077
0.38598
0.44614
0.44818
0.46289
0.39649
0.33318
0.32626
0.32166
0.31429
0.30781
0.34219
0.35521
0.36858
0.44168
0.47287
0.39969
0.25295
0.30316
0.34113
