0.80646
0.80274
0.79376
0.70356
0.54437
0.38092
0.40634
0.43019
0.48812
0.43168
0.44228
0.45006
0.6428
0.68121
0.47831
0.43428
0.40774
0.39329
0.41951
0.44347
0.46017
0.43821
0.40708
0.57232
0.81024
0.82753
0.80295
0.78321
0.77276
0.76393
0.76966
0.77756
0.57131
0.38631
0.35299
0.31989
0.28013
0.26496
0.28105
0.45157
0.53098
0.74602
0.80212
0.51364
0.75347
0.50442
0.36656
0.44036
0.55709
0.85468
0.71158
0.6242
0.80881
0.80172
0.7066
0.66146
0.71757
0.73871
0.779
0.79329
0.78488
0.78274
0.77266
0.76432
0.74833
0.73338
0.6892
0.67704
0.65924
0.65387
0.64787
0.63193
0.61973
0.63221
0.67885
0.68107
0.66922
0.61691
0.63065
0.56774
0.56678
0.64733
0.66506
0.63601
0.64001
0.43978
0.34909
0.32319
0.35594
0.34373
0.34359
0.33628
0.33398
0.32697
0.32573
0.25765
0.26311
0.27556
0.27835
0.31154
0.31637
0.33603
0.35081
0.36297
0.36969
0.38153
0.39272
0.41584
0.44255
0.45288
0.45003
0.44996
0.44904
0.44464
0.43487
0.41887
0.39711
0.35708
0.32053
0.3533
0.3751
0.35373
0.30462
0.27807
0.28347
0.28859
0.40241
0.42237
0.77155
0.83334
0.7839
0.58179
0.76323
0.73636
0.70947
0.675
0.55957
0.48691
0.47511
0.47499
0.82491
0.84274
0.82488
0.81634
0.80747
0.7765
0.69728
0.43847
0.42705
0.44418
0.43922
0.44136
0.43663
0.42886
0.40915
0.40538
0.37644
0.38914
0.40313
0.43909
0.74654
0.76667
0.76672
0.76425
0.7546
0.79111
0.70667
0.73194
0.74318
0.74871
0.54518
0.55951
0.54922
0.43318
0.43554
0.53532
0.66659
0.73283
0.74769
0.74982
0.75306
0.64382
0.3962
0.31564
0.29122
0.22382
0.33106
0.21339
0.27104
0.60647
0.56888
0.36824
0.27989
0.29814
0.30477
0.30891
0.33436
0.33995
0.34253
0.35165
0.32691
0.3309
0.32151
0.31273
0.29951
0.30154
0.30782
0.32351
0.3086
0.28085
0.25773
0.25707
0.31568
0.31645
0.34498
0.34614
0.34712
0.35078
0.35934
0.39593
0.39969
0.40521
0.38146
0.36517
0.35407
0.39097
0.42364
0.4017
0.35525
0.32675
0.3413
0.36956
0.37332
0.4079
0.49006
0.76938
0.78804
0.84353
0.88354
0.84432
0.83465
0.82634
0.81641
0.81864
0.80238
0.78389
0.77889
0.78742
0.79316
0.80198
0.80235
0.80048
0.79473
0.81135
0.8138
0.81188
0.79385
0.79248
0.78827
0.77648
0.7435
0.67141
0.56581
0.45666
0.3871
0.39639
0.52433
0.75711
0.79082
0.78575
0.7758
0.77407
0.77296
0.77034
0.76583
0.76152
0.75565
0.49359
0.38204
0.35267
0.32683
0.75567
0.71598
0.73998
0.73139
0.7537
0.75067
0.74564
0.75115
0.7553
0.70036
0.48651
0.4008
0.39707
0.4158
0.45931
0.44978
0.77412
0.76803
0.76315
0.73801
0.75291
0.73106
0.75369
0.68203
0.50816
0.33401
0.2989
0.2969
0.3706
0.33449
0.51315
0.71475
0.80083
0.79494
0.77714
0.77069
0.7796
0.784
0.78594
0.76868
0.7619
0.75954
0.75378
0.75125
0.74849
0.74202
0.76189
0.67325
0.44644
0.36031
0.38085
0.39558
0.40388
0.41953
0.74011
0.74494
0.72075
0.73942
0.74189
0.74908
0.73927
0.7174
0.6836
0.65657
0.6522
0.60656
0.47367
0.43971
0.42809
0.41551
0.41791
0.4232
0.40635
0.39105
0.38905
0.37091
0.36523
0.35525
0.35045
0.36131
0.36452
0.36162
0.3675
0.49936
0.57805
0.57416
0.52046
0.49765
0.4724
0.50168
0.53377
0.7623
0.72209
0.69025
0.60531
0.56369
0.4997
0.38906
0.34874
0.45867
0.73464
0.70534
0.67006
0.55042
0.54035
0.57785
0.71749
0.73294
0.73902
0.7062
0.69772
0.69141
0.64104
0.56522
0.5227
0.41743
0.38286
0.37886
0.3923
0.44118
0.41943
0.41463
0.42225
0.4198
0.42082
0.42104
0.40689
0.39244
0.37802
0.35201
0.33435
0.31281
0.32079
0.5668
0.79713
0.76002
0.70901
0.56728
0.45022
0.44349
0.58749
0.72229
0.73892
0.71277
0.70726
0.66497
0.55767
0.46395
0.40078
0.35174
0.30704
0.27425
0.23106
0.23235
0.57412
0.70243
0.71088
0.64539
0.52198
0.50154
0.65407
0.70989
0.65387
0.65748
0.70824
0.72556
0.74779
0.75974
0.74706
0.76474
0.75673
0.76045
0.70589
0.52691
0.42139
0.37711
0.34779
0.33228
0.30563
0.3646
0.39585
0.29656
0.28087
0.38628
0.42313
0.49149
0.74803
0.57473
0.39579
0.34235
0.34575
0.39718
0.43309
0.42139
0.40547
0.39189
0.38058
0.36552
0.35887
0.35685
0.35953
0.36269
0.35803
0.3643
0.36182
0.33861
0.31678
0.29999
0.2762
0.24103
0.21348
0.22936
0.21898
0.18059
0.2088
0.1968
0.17725
0.1639
0.13621
0.17959
0.20157
0.21917
0.23067
0.21612
0.29293
0.31641
0.35372
0.42057
0.41347
0.41222
0.4214
0.45137
0.50064
0.5416
0.62755
0.84086
0.82412
0.81258
0.80576
0.71916
0.54133
0.46175
0.44286
0.44891
0.52888
0.66186
0.75913
0.60843
0.49964
0.49064
0.52117
0.54181
0.55653
0.81553
0.85296
0.82793
0.82457
0.55905
0.68668
0.8098
0.77428
0.72241
0.77162
0.9226
0.91514
0.57949
0.46467
0.43527
0.55783
0.86564
0.8477
0.83586
0.80652
0.75322
0.78917
0.81223
0.81845
0.80133
0.7061
0.53044
0.44255
0.36953
0.3081
0.25198
0.27982
0.45432
0.56329
0.42774
0.40733
0.5038
0.43116
0.68014
0.47743
0.52292
0.51394
0.50427
0.46578
0.45344
0.44394
0.37435
0.35413
0.4564
0.46763
0.38017
0.46781
0.71795
0.5189
0.48636
0.91652
0.88723
0.855
0.76501
0.74162
0.83498
0.83451
0.67073
0.50434
0.45333
0.46495
0.83299
0.82899
0.82713
0.8024
0.77303
0.7746
0.70536
0.53105
0.44236
0.41679
0.38387
0.3324
0.45239
0.75086
0.74497
0.71433
0.73597
0.6963
0.46753
0.42067
0.4026
0.40843
0.40681
0.43798
0.44509
0.47899
0.46559
0.45663
0.42492
0.40911
0.75838
0.5649
0.72323
0.65838
0.74315
0.72452
0.75129
0.75996
0.73448
0.72632
0.55836
0.72782
0.50908
0.31179
0.34393
0.58838
0.77772
0.72555
0.60019
0.43621
0.47316
0.36657
0.39228
0.39929
0.4444
0.45113
0.38408
0.37242
0.32667
0.3031
0.37667
0.36481
0.38235
0.40205
0.41165
0.42412
0.41725
0.42314
0.42912
0.46155
0.4901
0.53826
0.75585
0.86502
0.84924
0.82954
0.83211
0.86533
0.775
0.66546
0.6672
0.7031
0.66582
0.62657
0.56669
0.51308
0.49719
0.45828
0.48535
0.47904
0.47944
0.48902
0.5182
0.53319
0.51384
0.46972
0.45817
0.47954
0.53931
0.5466
0.53988
0.54477
0.52727
0.53707
0.78082
0.83445
0.87206
0.87358
0.88975
0.89323
0.89209
0.88034
0.86554
0.86434
0.83735
0.83809
0.82234
0.774
0.83482
0.80083
0.77095
0.70939
0.63936
0.49327
0.44993
0.4265
0.37993
0.35411
0.37308
0.39934
0.40558
0.41853
0.4372
0.40489
0.69366
0.73074
0.75412
0.76023
0.7746
0.77073
0.82027
0.80656
0.73327
0.79296
0.77977
0.72841
0.53526
0.47088
0.47039
0.47355
0.42696
0.36427
0.34979
0.4771
0.46906
0.53481
0.48729
0.4782
0.46037
0.54364
0.69357
0.69558
0.81066
0.86297
0.83522
0.81168
0.77821
0.71913
0.65013
0.64924
0.82056
0.75058
0.77403
0.82739
0.86637
0.85682
0.80885
0.83457
0.83784
0.84273
0.8468
0.83935
0.79614
0.75474
0.68326
0.59942
0.80581
0.83563
0.8462
0.83998
0.83521
0.83075
0.8195
0.81987
0.81774
0.82858
0.86087
0.84139
0.83113
0.78587
0.61898
0.48977
0.42774
0.41983
0.40537
0.39608
0.38808
0.3637
0.36249
0.36246
0.3669
0.40523
0.47278
0.55475
0.58461
0.64682
0.53983
0.40814
0.44663
0.44643
0.44634
0.46489
0.46097
0.40818
0.36776
0.35411
0.34789
0.35869
0.36746
0.36841
0.34732
0.35539
0.37113
0.89083
0.89379
0.86959
0.9505
0.75701
0.75747
0.7574
0.79018
0.68226
0.63574
0.61078
0.62757
0.60588
0.71262
0.85888
0.62559
0.47024
0.44607
0.49958
0.52053
0.5295
0.46839
0.4673
0.41792
0.42647
0.43307
0.46558
0.51062
0.50492
0.44953
0.4543
0.45708
0.45591
0.44363
0.45307
0.47114
0.48465
0.45123
0.41503
0.39466
0.35361
0.34008
0.3458
0.36376
0.37721
0.38404
0.45618
0.49379
0.48637
0.49072
0.54932
0.65561
0.77567
0.80374
0.77928
0.91051
0.93026
0.91512
0.9102
0.89048
0.89867
0.90358
0.893
0.87519
0.84017
0.8186
0.78849
0.67433
0.56508
0.53258
0.53684
0.86896
0.89132
0.88498
0.82348
0.60537
0.72898
0.88507
0.89058
0.84109
0.57418
0.49461
0.49213
0.59879
0.62506
0.84086
0.825
0.85933
0.86928
0.87315
0.88188
0.85476
0.7228
0.87485
0.80694
0.55051
0.4346
0.41782
0.43219
0.46345
0.40401
0.38042
0.37385
0.41093
0.4767
0.53884
0.66583
0.60596
0.83763
0.83788
0.85773
0.86652
0.84899
0.78704
0.77121
0.69831
0.56985
0.54356
0.52145
0.44154
0.38045
0.34547
0.32622
0.38038
0.43366
0.42647
0.34907
0.32889
0.31169
0.30805
0.35566
0.43127
0.48579
0.79364
0.90631
0.89539
0.90436
0.9069
0.922
0.93037
0.86816
0.7559
0.66216
0.50388
0.46885
0.46846
0.51649
0.57184
0.52113
0.4409
0.5078
0.51481
0.50998
0.44408
0.39854
0.34963
0.31871
0.37892
0.3814
0.36203
0.37503
0.34384
0.4026
0.56525
0.6037
0.63552
0.62798
0.56449
0.68346
0.52259
0.42504
0.43435
0.43813
0.35299
0.25648
0.19458
0.16302
0.14273
0.16301
0.25855
0.33038
0.28333
0.24629
0.24759
0.28525
0.30429
0.36285
0.5252
0.50542
0.47819
0.50776
0.53717
0.38813
0.41608
0.55057
0.63062
0.60217
0.60724
0.56823
0.59165
0.64871
0.66279
0.67451
0.72816
0.65607
0.6249
0.62568
0.56838
0.52365
0.48919
0.52007
0.36735
0.42303
0.52532
0.43685
0.42397
0.50118
0.55623
0.55165
0.50293
0.41374
0.39406
0.49101
0.49008
0.56956
0.60768
0.6876
0.68443
0.63124
0.64469
0.60143
0.7244
0.7956
0.8286
0.84838
0.65833
0.66494
0.70808
0.71191
0.69367
0.64117
0.52095
0.52569
0.5521
0.49781
0.53522
0.44525
0.35746
0.34653
0.34186
0.37375
0.42089
0.45226
0.49743
0.45578
0.41
0.4079
0.4218
0.4274
0.42484
0.46402
0.59541
0.64787
0.55247
0.52267
0.63197
0.85867
0.9595
0.90604
0.81866
0.7531
0.87069
0.94664
0.95781
0.96106
0.95322
0.95456
0.95524
0.95708
0.95753
0.96367
0.96419
0.9736
0.98478
0.90418
0.70479
0.61656
0.63346
0.63342
0.83845
0.98882
0.99073
0.9974
0.97652
0.96083
0.95169
0.90684
0.82482
0.78428
0.68448
0.68211
0.77901
0.84014
0.89035
0.7943
0.78282
0.71453
0.87972
0.8254
0.60558
0.70671
0.73906
0.58194
0.53085
0.57737
0.55552
0.57256
0.52127
0.45674
0.40356
0.36709
0.35238
0.35845
0.38045
0.45536
0.51043
0.58093
0.56124
0.57484
0.55487
0.51275
0.61603
0.94674
0.82391
0.99718
0.91861
0.63236
0.95367
0.94897
0.97767
0.97016
0.9536
0.88831
0.79674
0.63746
0.50636
0.53426
0.52873
0.52889
0.53166
0.54014
0.47855
0.43613
0.40287
0.48038
0.56759
0.83644
0.84981
0.82303
0.95716
0.95425
0.94987
0.95466
0.95114
0.93661
0.92385
0.93186
0.94373
0.95282
0.953
0.95219
0.94859
0.94052
0.94676
0.96195
0.96879
0.96892
0.95943
0.95829
0.95392
0.88853
0.82688
0.78854
0.77243
0.65652
0.51511
0.50014
0.59875
0.4948
0.48808
0.49898
0.46652
0.53421
0.50137
0.52931
0.52886
0.49671
0.43953
0.5042
0.54737
0.56752
0.53051
0.53594
0.48365
0.47412
0.44733
0.42769
0.46337
0.47765
0.492
0.48217
0.47765
0.46463
0.47409
0.4675
0.53497
0.5416
0.49349
0.48988
0.50087
0.50874
0.51679
0.51142
0.58404
0.64367
0.65319
0.64113
0.56003
0.53116
0.52106
0.57623
0.58182
0.58476
0.56812
0.57776
0.57338
0.58121
0.59526
0.59027
0.58681
0.62495
0.64053
0.65522
0.6415
0.62427
0.60444
0.59582
0.6129
0.61341
0.61795
0.61159
0.61698
0.59864
0.63476
0.62866
0.64994
0.64092
0.65183
0.66739
0.6471
0.68842
0.69945
0.6892
0.6509
0.60699
0.63318
0.71389
0.69996
0.67044
0.64451
0.63362
0.6387
0.66784
0.6942
0.6633
0.68977
0.66373
0.64167
0.59853
0.60149
0.61327
0.63515
0.64131
0.60996
0.57708
0.54741
0.51724
0.5405
0.57294
0.5572
0.55124
0.49916
0.50694
0.51173
0.53611
0.5452
0.6005
0.57916
0.5321
0.54034
0.50355
0.44788
0.46201
0.4945
0.53857
0.49404
0.40493
0.4226
0.40761
0.53153
0.83093
0.99815
1.0002
0.99699
0.98285
0.94746
0.86518
0.9622
0.99899
1.0006
1.0005
0.99079
0.99775
0.88232
0.76687
0.64974
0.61035
0.56837
0.52936
0.5453
0.57835
0.5693
0.52088
0.52913
0.39916
0.52872
0.69768
0.75172
0.68718
0.72672
0.64833
0.62391
0.57198
0.55956
0.55158
0.55449
0.53493
0.52037
0.49856
0.45336
0.43897
0.44064
0.45122
0.50561
0.52381
0.54459
0.51813
0.49192
0.49485
0.52923
0.53638
0.62255
0.84049
0.91825
0.88752
0.82729
0.83183
0.99118
1.0003
0.99767
0.99973
0.99875
0.99981
0.90841
0.75498
0.70238
0.66721
0.621
0.61828
0.59179
0.56429
0.53324
0.49084
0.70226
0.8316
0.88022
0.73744
0.62586
0.55948
0.5599
0.49919
0.50911
0.49565
0.49939
0.49741
0.47792
0.46142
0.46978
0.52592
0.58628
0.67315
0.68467
0.67423
0.60618
0.59608
0.60224
0.59721
0.59098
0.63067
0.72878
0.83713
0.73022
0.68819
0.67578
0.68058
0.70391
0.75243
0.82149
0.90821
0.98198
0.99042
0.95705
0.94735
0.92784
0.91587
0.90994
0.82867
0.72798
0.76187
0.77434
0.82977
0.83193
0.84131
0.87899
0.85958
0.88574
0.86507
0.80202
0.73041
0.84664
0.77876
0.67459
0.6842
0.707
0.67069
0.63269
0.62098
0.62773
0.62604
0.61113
0.60013
0.56689
0.54492
0.53145
0.55545
0.53801
0.53232
0.56325
0.55281
0.55017
0.5305
0.5279
0.54874
0.60494
0.62045
0.65343
0.67121
0.67656
0.69421
0.68155
0.66753
0.67944
0.68097
0.67945
0.68931
0.69362
0.67746
0.61562
0.59835
0.59381
0.55674
0.53202
0.5472
0.58313
0.56798
0.56863
0.53681
0.51105
0.45674
0.48126
0.49918
0.47412
0.6954
0.77788
0.67682
0.65709
0.68251
0.74919
0.82773
0.85069
0.8229
0.79233
0.7513
0.70699
0.74521
0.81746
0.8363
0.79783
0.73934
0.70697
0.70029
0.68862
0.67057
0.63452
0.61142
0.55194
0.52169
0.51028
0.4894
0.47485
0.46668
0.46963
0.54167
0.67476
0.65866
0.58019
0.64542
0.66569
0.66632
0.65648
0.62695
0.59497
0.56471
0.52882
0.51532
0.54474
0.56931
0.58209
0.58088
0.56617
0.55073
0.54222
0.53677
0.53635
0.56728
0.60603
0.61422
0.57683
0.56373
0.59258
0.58263
0.57467
0.5862
0.5996
0.62443
0.63463
0.62766
0.61371
0.59404
0.58036
0.58597
0.59383
0.6076
0.5998
0.57946
0.5703
0.57205
0.57059
0.55551
0.54052
0.53656
0.52589
0.51316
0.51483
0.53959
0.56796
0.57614
0.56723
0.63217
0.75529
0.69444
0.68191
0.60899
0.60108
0.62333
0.69734
0.69103
0.72282
0.71821
0.71819
0.81675
0.80862
0.78003
0.77719
0.81057
0.80109
0.77245
0.71422
0.72117
0.74861
0.7409
0.70319
0.66188
0.62895
0.62486
0.61653
0.61259
0.60597
0.60075
0.60097
0.59746
0.61454
0.60207
0.57753
0.58431
0.60776
0.6071
0.60154
0.61003
0.63086
0.59273
0.54997
0.52436
0.55107
0.61268
0.58539
0.53484
0.58779
0.75462
0.79983
0.81903
0.85368
0.8576
0.9063
0.97644
0.91162
0.85932
0.97539
0.97234
0.859
0.99
0.99723
0.98527
0.99769
1.0007
0.93621
0.78919
0.81637
0.81851
0.73687
0.62581
0.52779
0.51714
0.81103
1.0001
0.99872
0.84745
0.96285
1.0009
0.99949
0.91101
0.74594
0.5745
0.52066
0.54196
0.50997
0.46565
0.43249
0.40346
0.52297
0.73201
0.71242
0.71397
0.75914
0.74161
0.71965
0.77868
0.74571
0.80693
0.98954
1.0031
1.0049
0.99302
0.56952
0.51202
0.55954
0.58566
0.68846
0.63883
0.60732
0.58098
0.61665
0.62927
0.59433
0.55694
0.55524
0.54868
0.53327
0.55756
0.54759
0.53362
0.51856
0.49221
0.50916
0.54137
0.49698
0.48996
0.47254
0.52147
0.54993
0.59766
0.74647
0.78663
0.73875
0.59137
0.54751
0.61177
0.62972
0.64034
0.6583
0.65238
0.70924
0.84308
0.8809
0.96163
0.99683
1.0025
1.0032
1.0042
1.0019
1.003
0.9975
0.82544
0.70516
0.61512
0.49831
0.49706
0.42541
0.42775
0.46243
0.67634
0.89575
1.0022
1.0028
0.99887
0.98993
0.98802
0.98101
0.97835
0.92336
0.81766
0.70835
0.60966
0.56056
0.49033
0.414
0.43224
0.49536
0.7319
0.9505
0.97926
0.97974
0.98589
0.98857
0.92018
0.77267
0.72209
0.74161
0.69647
0.63965
0.58965
0.55167
0.57874
0.698
0.87416
0.92393
0.95514
0.95934
1.0039
1
0.99872
1.0021
1.0027
0.82062
0.94442
0.85942
0.71079
0.6339
0.54719
0.66488
0.88518
0.92919
0.9837
0.99794
0.99936
1.0045
0.99918
0.97581
0.95994
0.99675
0.95146
0.82553
0.81631
0.76015
0.67434
0.63675
0.56464
0.47924
0.45608
0.50447
0.68507
0.61295
0.58881
0.58052
0.64212
0.82892
0.76535
0.61795
0.50494
0.46048
0.65851
0.77908
0.75487
0.63246
0.78862
0.71634
0.66395
0.78085
0.83632
0.97105
0.97072
0.97573
0.98647
1.0047
0.99825
1.0048
1.001
0.97228
0.97266
0.98575
0.99626
1.004
0.9759
0.91004
0.83714
0.78788
0.76269
0.75256
0.72273
0.73044
0.75832
0.7677
0.77888
0.89022
0.9574
0.99173
0.95101
0.79123
0.90228
0.91341
0.86272
0.94426
0.96683
1.0006
1.001
0.99796
0.99958
1.0031
0.97664
0.95135
1.0013
1.0022
0.98274
1.0016
1.0003
1.0022
1.003
0.9932
0.93291
0.8075
0.80606
0.78397
0.78222
0.82877
0.77461
0.76827
0.70716
0.70721
0.67893
0.63287
0.59298
0.5991
0.63675
0.63399
0.64264
0.67752
0.80127
0.8764
0.89448
0.93093
0.89143
0.85934
0.75152
0.7004
0.68065
0.58509
0.51979
0.47966
0.47389
0.60214
0.6776
0.69084
0.49729
0.48002
0.41408
0.39382
0.39015
0.35909
0.3488
0.45429
0.43441
0.43257
0.44906
0.43024
0.41227
0.41631
0.4343
0.41598
0.39644
0.38568
0.37721
0.38926
0.39097
0.39855
0.40956
0.42344
0.42199
0.40643
0.39462
0.40339
0.43655
0.37358
0.42893
0.47668
0.47787
0.46256
0.45992
0.48471
0.55568
0.67304
0.73264
0.68773
0.72947
0.84385
0.93537
0.88345
0.79922
0.84504
0.95573
0.99906
0.98582
0.98869
0.98398
0.84705
0.72662
0.60986
0.51826
0.49022
0.46551
0.46181
0.42653
0.44618
0.46228
0.55871
0.66818
0.78371
0.83134
0.75368
0.87349
0.88264
0.91055
0.63292
0.50427
0.46672
0.85528
0.72622
0.72278
0.73922
0.94853
0.99888
0.99915
0.98981
0.98568
0.98368
0.98366
0.96316
0.87082
0.65758
0.53545
0.45012
0.44252
0.6748
0.93537
0.88835
0.95451
0.98173
0.96924
0.87633
0.95905
0.9785
0.71033
0.62183
0.54239
0.55132
0.51969
0.54043
0.53172
0.5368
0.52648
0.50734
0.48603
0.43589
0.50582
0.7014
0.89998
0.88351
0.62983
0.76453
0.72783
0.62943
0.70311
0.69343
0.69786
0.75872
0.68786
0.52312
0.55283
0.65821
0.54174
0.63228
0.8343
0.90976
0.88691
0.60961
0.54758
0.57048
0.58814
0.54041
0.56666
0.59241
0.53023
0.46437
0.44874
0.47571
0.56735
0.51902
0.56402
0.59676
0.50255
0.46519
0.45609
0.43935
0.43256
0.42036
0.41978
0.38575
0.3727
0.38236
0.41945
0.42387
0.43829
0.46233
0.46256
0.44874
0.43625
0.4664
0.43553
0.44646
0.45968
0.45551
0.4392
0.42791
0.41378
0.41436
0.42213
0.42864
0.42542
0.42364
0.42484
0.44088
0.43191
0.42676
0.4347
0.4435
0.46092
0.47701
0.48546
0.49763
0.50266
0.47996
0.41625
0.40673
0.40899
0.37264
0.39039
0.38027
0.38983
0.38289
0.38186
0.39755
0.37643
0.36405
0.41571
0.35458
0.41173
0.42004
0.40561
0.41899
0.4425
0.81222
0.97848
0.97982
0.97657
0.96178
0.86959
0.48212
0.41319
0.41329
0.43174
0.42626
0.4241
0.52044
0.75802
0.67228
0.52585
0.50207
0.50537
0.53314
0.52887
0.48222
0.48984
0.4625
0.4668
0.43348
0.4542
0.47695
0.44004
0.40787
0.4021
0.37359
0.34853
0.35143
0.37339
0.38285
0.35742
0.36328
0.37157
0.3708
0.35675
0.35893
0.35486
0.35982
0.36049
0.37873
0.42331
0.5062
0.57203
0.79108
0.57669
0.48435
0.45401
0.42728
0.42322
0.42209
0.44679
0.49485
0.54863
0.62746
0.63635
0.59313
0.6193
0.49517
0.47385
0.41584
0.39627
0.3638
0.32479
0.30818
0.31187
0.30856
0.29624
0.31072
0.33019
0.34296
0.33917
0.3263
0.3268
0.34924
0.38016
0.3791
0.38729
0.39672
0.39674
0.38339
0.39189
0.40898
0.42732
0.42365
0.41513
0.40628
0.39425
0.37601
0.37367
0.38382
0.37915
0.37863
0.37424
0.37306
0.37373
0.36841
0.37497
0.38486
0.3964
0.40337
0.39343
0.38606
0.37555
0.36362
0.36685
0.36108
0.34748
0.3392
0.32835
0.34211
0.3636
0.37895
0.39602
0.40453
0.40456
0.39105
0.38599
0.3883
0.37856
0.36857
0.35728
0.35963
0.35572
0.35502
0.36219
0.4012
0.42516
0.42765
0.43111
0.4294
0.4123
0.38861
0.37528
0.38451
0.38592
0.37165
0.36267
0.35395
0.33518
0.33653
0.3509
0.35405
0.36196
0.34852
0.34245
0.28212
0.23754
0.2372
0.24222
0.23089
0.19975
0.2124
0.31459
0.36788
0.35881
0.4101
0.43058
0.6814
0.93833
0.95123
0.96198
0.95513
0.9518
0.95038
0.95977
0.94861
0.95231
0.9663
0.94383
0.84636
0.7304
0.93376
0.9279
0.93218
0.93858
0.93862
0.93889
0.91707
0.85172
0.87549
0.88783
0.91094
0.63199
0.48112
0.40198
0.36462
0.39507
0.40444
0.43161
0.45289
0.45367
0.53358
0.74782
0.66016
0.56032
0.4606
0.33921
0.63439
0.47583
0.38872
0.40425
0.36213
0.37026
0.37441
0.4197
0.38534
0.3981
0.34841
0.34324
0.37082
0.47373
0.54416
0.3813
0.34832
0.33068
0.57674
0.51309
0.43735
0.46997
0.49088
0.50322
0.55225
0.57078
0.52646
0.47438
0.54341
0.66271
0.52895
0.38765
0.3476
0.34441
0.31019
0.32441
0.34035
0.35774
0.42415
0.42642
0.44217
0.42542
0.39404
0.33508
0.41572
0.32809
0.30568
0.30468
0.30598
0.30267
0.33167
0.35929
0.37654
0.37087
0.38713
0.38927
0.40945
0.40248
0.40181
0.39672
0.51154
0.49026
0.46459
0.42957
0.40169
0.37595
0.38114
0.37937
0.37162
0.37787
0.38458
0.37968
0.37475
0.35391
0.47882
0.50691
0.5323
0.53743
0.70582
0.85703
0.83993
0.90724
0.85035
0.79406
0.53197
0.47605
0.44856
0.42445
0.38472
0.40708
0.46367
0.52112
0.5228
0.44487
0.4625
0.54991
0.57239
0.64747
0.78727
0.90706
0.8909
0.76341
0.55306
0.54659
0.48381
0.38202
0.39561
0.36453
0.34881
0.34543
0.34931
0.3423
0.34061
0.345
0.35204
0.35839
0.35905
0.35746
0.35096
0.37327
0.38791
0.38457
0.34722
0.34992
0.37749
0.42985
0.50262
0.56365
0.46105
0.38348
0.40848
0.38796
0.39701
0.38604
0.378
0.40531
0.45273
0.44454
0.39821
0.37553
0.36786
0.51201
0.49713
0.42247
0.39106
0.37449
0.352
0.36121
0.35985
0.35966
0.35167
0.36302
0.35948
0.36946
0.36289
0.35332
0.35254
0.35251
0.35715
0.36077
0.3768
0.39305
0.40591
0.39313
0.38381
0.3696
0.3645
0.35157
0.34626
0.3532
0.34569
0.36642
0.37371
0.39099
0.41546
0.44244
0.4429
0.4314
0.43616
0.43306
0.41306
0.4124
0.43336
0.46177
0.50355
0.52129
0.54483
0.57975
0.55466
0.70728
0.87095
0.87562
0.85905
0.80625
0.81747
0.77581
0.68799
0.51889
0.46615
0.51391
0.46766
0.43424
0.43281
0.47774
0.52237
0.61662
0.79274
0.86178
0.71428
0.68819
0.59378
0.54815
0.58781
0.49235
0.44426
0.49447
0.50533
0.4968
0.43828
0.42727
0.43435
0.43285
0.45179
0.45475
0.47761
0.49048
0.50686
0.52011
0.52059
0.50888
0.4954
0.45863
0.47761
0.49335
0.49103
0.51598
0.54339
0.53369
0.51251
0.50783
0.51167
0.52163
0.52176
0.87224
0.90375
0.77987
0.74945
0.65738
0.61336
0.51353
0.58234
0.49227
0.42619
0.37095
0.36028
0.36708
0.39473
0.39698
0.40749
0.43211
0.51474
0.70407
0.66825
0.70494
0.7017
0.49554
0.4349
0.4196
0.43377
0.44232
0.52059
0.49505
0.46609
0.44323
0.42016
0.40476
0.39101
0.38828
0.38786
0.38271
0.3795
0.36207
0.33567
0.32839
0.31513
0.30694
0.30885
0.32049
0.85652
0.68283
0.68612
0.58314
0.46012
0.43022
0.64816
0.70728
0.79336
0.80194
0.75355
0.79071
0.77988
0.74997
0.73571
0.70741
0.81261
0.86805
0.85093
0.85168
0.60508
0.5951
0.61786
0.64996
0.62939
0.57551
0.78523
0.74865
0.71979
0.69492
0.77193
0.74663
0.77543
0.7505
0.62044
0.47195
0.42919
0.42213
0.46301
0.52104
0.79359
0.42521
0.40006
0.45852
0.53748
0.48717
0.48377
0.47011
0.4802
0.44161
0.41617
0.40498
0.40103
0.42952
0.43317
0.61615
0.5937
0.72998
0.86792
0.84198
0.77336
0.82327
0.85136
0.85087
0.83017
0.82004
0.77092
0.77841
0.80759
0.84701
0.83414
0.81269
0.73289
0.4791
0.45896
0.43856
0.41937
0.41617
0.40883
0.40274
0.39623
0.39276
0.38667
0.37469
0.37885
0.36951
0.38046
0.40442
0.44641
0.59855
0.74911
0.46238
0.42881
0.35189
0.35796
0.54119
0.63172
0.44795
0.35817
0.33206
0.33758
0.41719
0.90942
0.87647
0.88573
0.87674
0.64761
0.47771
0.42995
0.40197
0.73229
0.8517
0.84415
0.81569
0.8017
0.83754
0.83072
0.50515
0.48042
0.49079
0.42498
0.33891
0.29392
0.28381
0.28397
0.29166
0.32705
0.33948
0.50269
0.77732
0.73966
0.71404
0.58521
0.55144
0.69674
0.90659
0.91885
0.89672
0.8679
0.92057
0.90725
0.88541
0.87185
0.85332
0.8386
0.81445
0.83224
0.83892
0.82973
0.80916
0.79791
0.79141
0.78039
0.76762
0.77862
0.77819
0.78861
0.77678
0.78954
0.79469
0.79931
0.79734
0.7854
0.69915
0.46013
0.43256
0.40193
0.40253
0.39576
0.35498
0.34835
0.33125
0.30511
0.40445
0.42756
0.43626
0.51565
0.55773
0.63286
0.60924
0.45422
0.82797
0.81562
0.80714
0.79235
0.77645
0.76639
0.74816
0.71709
0.7044
0.49483
0.50199
0.44762
0.41761
0.40332
0.40596
0.402
0.38455
0.37656
0.37072
0.3653
0.37559
0.37431
0.3776
0.34804
0.30525
0.51901
0.74578
0.762
0.76932
0.75953
0.73506
0.69306
0.64383
0.4574
0.37402
0.37711
0.3814
0.38854
0.37939
0.34507
0.29643
0.26755
0.24481
0.23662
0.25317
0.26294
0.36373
0.3831
0.35759
0.3654
0.3883
0.44466
0.45247
0.41328
0.86732
0.82006
0.75576
0.58249
0.46599
0.34721
0.3381
0.32744
0.3254
0.29345
0.30839
0.28988
0.29397
0.29902
0.29575
0.28173
0.27762
0.26875
0.27981
0.27532
0.27485
0.30074
0.36147
0.3502
0.30762
0.27514
0.27873
0.29636
0.31528
0.32708
0.35448
0.39386
0.64031
0.84344
0.66373
0.48401
0.47225
0.49947
0.42511
0.44474
0.39807
0.33611
0.3328
0.34114
0.31814
0.31052
0.30281
0.32219
0.36874
0.60256
0.57465
