0.89879
0.8894
0.86424
0.81841
0.76269
0.46935
0.45027
0.39719
0.37814
0.37429
0.36687
0.3486
0.37916
0.41349
0.4399
0.45842
0.48083
0.52939
0.54482
0.50516
0.48687
0.47617
0.45027
0.43956
0.42696
0.40579
0.3987
0.42239
0.37492
0.40504
0.43922
0.45734
0.52284
0.55552
0.50503
0.49337
0.41724
0.37608
0.37606
0.38757
0.38315
0.39157
0.34277
0.37923
0.40832
0.37358
0.38594
0.38707
0.37381
0.55053
0.69595
0.92552
0.90741
0.84147
0.85257
0.78461
0.71633
0.71168
0.62149
0.5196
0.56899
0.46901
0.447
0.43958
0.43017
0.38217
0.30817
0.38837
0.43497
0.46568
0.55282
0.44441
0.9514
0.96579
0.64825
0.441
0.42947
0.42243
0.52792
0.48479
0.46559
0.42622
0.41018
0.38182
0.39886
0.39819
0.39721
0.39748
0.3962
0.38195
0.37512
0.37299
0.36744
0.35951
0.36287
0.35568
0.37157
0.37554
0.37088
0.37734
0.36083
0.37355
0.4177
0.88074
0.91286
0.92153
0.92283
0.91054
0.8129
0.46715
0.38811
0.3461
0.3563
0.38409
0.4005
0.40951
0.42297
0.42642
0.40818
0.37464
0.34937
0.34596
0.34502
0.36764
0.38536
0.40356
0.44255
0.49539
0.63359
0.59214
0.47935
0.53612
0.8462
0.61819
0.60839
0.55077
0.5443
0.5096
0.43231
0.39271
0.3587
0.31961
0.29263
0.30872
0.34396
0.361
0.34223
0.35789
0.46535
0.38353
0.41339
0.48702
0.65622
0.66117
0.7541
0.56625
0.45624
0.43593
0.40025
0.36191
0.36295
0.35708
0.3356
0.31176
0.27518
0.27265
0.30246
0.27385
0.27122
0.27848
0.28714
0.30906
0.31946
0.30711
0.29872
0.30314
0.29971
0.30803
0.31657
0.30988
0.29691
0.3065
0.31717
0.32493
0.33644
0.34984
0.34812
0.35784
0.36812
0.36188
0.36124
0.36453
0.37396
0.37875
0.38823
0.38491
0.37896
0.37965
0.38091
0.3598
0.36145
0.35486
0.37312
0.39774
0.43525
0.50407
0.87223
0.89078
0.88213
0.86964
0.85567
0.82661
0.80711
0.74873
0.71791
0.63172
0.54198
0.51041
0.51779
0.52548
0.4628
0.41121
0.44608
0.43806
0.42228
0.42569
0.46134
0.40521
0.54787
0.49215
0.79212
0.7777
0.41229
0.3687
0.37048
0.86746
0.53703
0.58417
0.54366
0.80762
0.74216
0.6638
0.89071
0.9093
0.90389
0.63259
0.77385
0.85421
0.71444
0.59243
0.58459
0.69225
0.81362
0.80742
0.62664
0.49951
0.42812
0.39103
0.3647
0.42423
0.43793
0.44946
0.4565
0.46376
0.46326
0.44431
0.42444
0.39506
0.36302
0.3346
0.32937
0.35133
0.36013
0.35599
0.35261
0.34739
0.36161
0.39542
0.39813
0.3682
0.33059
0.33568
0.33869
0.41462
0.59338
0.73851
0.75818
0.73325
0.71322
0.6394
0.53545
0.49606
0.4382
0.41453
0.4035
0.38124
0.34593
0.33635
0.35622
0.3519
0.35675
0.36533
0.37836
0.37578
0.39108
0.40355
0.39842
0.38233
0.37302
0.38956
0.40367
0.36025
0.31214
0.40078
0.43758
0.70597
0.74374
0.70503
0.41738
0.372
0.37034
0.3963
0.45048
0.44962
0.41389
0.31024
0.41066
0.53355
0.59145
0.83438
0.8277
0.81328
0.80129
0.83679
0.79335
0.7246
0.65463
0.63172
0.40987
0.31587
0.31342
0.36123
0.3783
0.38416
0.35055
0.35077
0.36198
0.34223
0.33198
0.34684
0.56777
0.90167
0.83844
0.86963
0.8691
0.86158
0.8488
0.75466
0.82917
0.80188
0.80702
0.7183
0.70157
0.68078
0.48413
0.44186
0.41897
0.43449
0.61394
0.73395
0.75756
0.78391
0.79966
0.69414
0.76128
0.75967
0.82951
0.84584
0.8167
0.82198
0.80456
0.61467
0.54678
0.7787
0.7069
0.48607
0.44465
0.46065
0.43378
0.39338
0.37254
0.37857
0.42956
0.51457
0.38686
0.35819
0.36167
0.36345
0.4083
0.41713
0.41688
0.40882
0.40565
0.40875
0.38048
0.34146
0.33849
0.32985
0.33641
0.38132
0.40724
0.39964
0.37579
0.36839
0.35663
0.35353
0.35561
0.3586
0.35261
0.36087
0.3476
0.35597
0.37941
0.38943
0.3976
0.39428
0.39463
0.40138
0.3975
0.39511
0.38306
0.37083
0.32069
0.27716
0.35795
0.37685
0.38437
0.41069
0.45186
0.40232
0.4256
0.43967
0.47155
0.52267
0.57236
0.5223
0.45241
0.39319
0.3883
0.38273
0.38049
0.37639
0.37981
0.37951
0.39383
0.40567
0.41265
0.40053
0.38242
0.34511
0.33356
0.33272
0.33078
0.34381
0.37151
0.38854
0.39097
0.40095
0.40829
0.41324
0.41104
0.40413
0.39991
0.38904
0.39446
0.39474
0.40834
0.41904
0.421
0.42355
0.41964
0.39193
0.37978
0.39754
0.44328
0.4938
0.8958
0.88284
0.89079
0.88936
0.88779
0.73428
0.58977
0.47528
0.41997
0.40337
0.36707
0.32208
0.28649
0.27853
0.28379
0.29717
0.29941
0.27552
0.26996
0.27578
0.25387
0.22956
0.23558
0.25631
0.27375
0.28508
0.26597
0.26018
0.26629
0.27069
0.30037
0.27624
0.27208
0.25479
0.24381
0.25136
0.29051
0.33346
0.35441
0.36723
0.3717
0.35952
0.34813
0.34626
0.34734
0.36194
0.39331
0.42521
0.43624
0.42373
0.41706
0.41058
0.39732
0.35008
0.33307
0.32503
0.31177
0.35675
0.39284
0.40492
0.40921
0.42914
0.45818
0.46408
0.45319
0.38578
0.25838
0.32581
0.5614
0.38617
0.46687
0.51528
0.57394
0.53263
0.51267
0.86719
0.91872
0.91306
0.68391
0.52838
0.45139
0.41008
0.39064
0.38006
0.38108
0.34737
0.33875
0.31442
0.34521
0.36483
0.35124
0.34789
0.32563
0.3494
0.37354
0.3876
0.51037
0.45807
0.39457
0.3863
0.60055
0.93863
0.93681
0.77663
0.44535
0.40494
0.40374
0.51433
0.42006
0.47871
0.47924
0.47127
0.55431
0.56333
0.42737
0.40315
0.4096
0.37575
0.49301
0.56418
0.51672
0.91833
0.90255
0.87687
0.40109
0.39992
0.50205
0.4329
0.41226
0.39335
0.37778
0.41686
0.4194
0.39321
0.41572
0.42908
0.58579
0.51687
0.48103
0.44622
0.40816
0.3861
0.3983
0.46196
0.61925
0.85648
0.85167
0.84231
0.85217
0.85262
0.79257
0.67651
0.63989
0.58654
0.55682
0.53638
0.51503
0.47519
0.41926
0.36503
0.34651
0.37615
0.39838
0.36604
0.38645
0.47914
0.59643
0.58437
0.52695
0.51658
0.55118
0.59538
0.6268
0.80095
0.83559
0.85137
0.8579
0.86636
0.85822
0.84942
0.83992
0.83034
0.80825
0.67754
0.63499
0.63723
0.77984
0.56649
0.45321
0.43377
0.41615
0.4202
0.3828
0.35319
0.3899
0.45187
0.69557
0.73297
0.56948
0.83412
0.81699
0.81588
0.80946
0.71726
0.6642
0.69933
0.75147
0.72306
0.77248
0.66744
0.5036
0.43247
0.36953
0.32887
0.35731
0.36527
0.35942
0.34192
0.38206
0.41777
0.42953
0.42954
0.47081
0.48315
0.49669
0.52918
0.61496
0.8205
0.84235
0.84397
0.81264
0.77347
0.84508
0.83315
0.80609
0.74293
0.73149
0.6945
0.67849
0.46145
0.45101
0.82342
0.81249
0.80796
0.81333
0.80455
0.7869
0.68955
0.64313
0.68238
0.65792
0.60196
0.48381
0.41832
0.39133
0.36018
0.29288
0.24114
0.22365
0.30182
0.3268
0.35659
0.40137
0.42965
0.81313
0.44371
0.43865
0.41868
0.7079
0.43094
0.41606
0.38541
0.37853
0.3855
0.40014
0.35695
0.40644
0.51914
0.74997
0.94187
0.92322
0.73911
0.85752
0.86501
0.86639
0.8879
0.89771
0.89817
0.8902
0.88606
0.88184
0.85596
0.47297
0.41842
0.44499
0.46667
0.42119
0.45636
0.56695
0.53561
0.55147
0.61284
0.59049
0.56612
0.50946
0.69578
0.62303
0.49894
0.59496
0.65612
0.63474
0.63758
0.83301
0.83441
0.75894
0.53204
0.48831
0.47458
0.51621
0.45849
0.50319
0.63264
0.73383
0.54201
0.45868
0.43667
0.52926
0.4809
0.61675
0.832
0.65111
0.40255
0.45695
0.53717
0.54852
0.51882
0.37987
0.46143
0.49778
0.57256
0.5694
0.73698
0.81911
0.8105
0.77847
0.87077
0.84654
0.86276
0.7787
0.59975
0.61518
0.68319
0.63058
0.38725
0.35527
0.34594
0.34604
0.36695
0.37192
0.38246
0.38472
0.37765
0.35908
0.36314
0.40024
0.37854
0.37592
0.38028
0.34803
0.40912
0.41614
0.3975
0.51793
0.64981
0.43726
0.55785
0.68293
0.96366
0.93414
0.9579
0.95135
0.92977
0.91886
0.78476
0.59804
0.58771
0.61486
0.87399
0.80097
0.86113
0.72175
0.56395
0.54382
0.52535
0.53918
0.5167
0.44675
0.42917
0.41106
0.41935
0.41092
0.38536
0.37629
0.41321
0.43267
0.47604
0.48701
0.50603
0.54705
0.6242
0.59503
0.6214
0.63329
0.61962
0.61675
0.63853
0.58557
0.56419
0.66206
0.69679
0.68749
0.67048
0.66174
0.67317
0.65134
0.64412
0.67171
0.65558
0.68233
0.73395
0.673
0.61992
0.59824
0.59157
0.57987
0.43876
0.44967
0.48474
0.50764
0.50395
0.474
0.41979
0.39745
0.39387
0.40206
0.83043
0.86194
0.92438
0.83777
0.65641
0.6671
0.66539
0.65164
0.88891
0.96312
0.98046
0.97838
0.98249
0.97816
0.97718
0.95994
0.97521
0.77576
0.6579
0.56004
0.55858
0.53641
0.49177
0.48496
0.48552
0.50085
0.56247
0.52057
0.59323
0.64949
0.66206
0.58727
0.56236
0.53769
0.58311
0.59422
0.58917
0.56877
0.55697
0.55759
0.5605
0.57887
0.59669
0.56169
0.53098
0.53064
0.51259
0.51936
0.54597
0.58764
0.60017
0.59206
0.59395
0.55208
0.57034
0.6082
0.60785
0.6227
0.60486
0.55947
0.49967
0.43535
0.44805
0.49852
0.44071
0.43762
0.41106
0.42174
0.43317
0.40135
0.39291
0.38803
0.40701
0.43894
0.45241
0.4528
0.48856
0.45072
0.42929
0.4651
0.62634
0.67036
0.69195
0.73328
0.82671
0.75673
0.9531
0.94266
0.95772
0.93648
0.94327
0.94553
0.94605
0.94501
0.94044
0.91984
0.90325
0.72407
0.93578
0.89966
0.94318
0.92965
0.91276
0.91043
0.78214
0.89734
0.76384
0.65664
0.58743
0.62374
0.62873
0.56828
0.50394
0.54552
0.70046
0.76484
0.7685
0.76111
0.97657
0.95585
0.88845
0.81322
0.97261
0.99811
0.99602
0.98089
0.97574
0.97688
0.98469
0.99462
0.9885
0.98445
0.99213
0.97931
0.95042
0.68852
0.62932
0.98165
0.98315
1.0006
0.99941
0.98605
0.94606
0.93012
0.90753
0.92635
0.79462
0.66724
0.77293
0.82777
0.59205
0.41646
0.43733
0.43699
0.46324
0.48439
0.49625
0.41147
0.36749
0.28835
0.3881
0.42541
0.49348
0.44677
0.53716
0.53495
0.39492
0.35422
0.3124
0.30665
0.34059
0.46808
0.53368
0.57547
0.38561
0.34769
0.36069
0.41225
0.4521
0.47903
0.50719
0.47629
0.45087
0.5137
0.57806
0.56949
0.61532
0.58439
0.91128
1.0001
1.0006
0.99726
0.806
0.71396
0.65209
0.65379
0.74158
0.75416
0.75524
0.68235
0.72653
0.9732
0.99889
0.90501
0.89347
0.98147
0.97831
0.97081
0.93287
0.98455
0.86442
0.75471
0.6871
0.67342
0.61345
0.61483
0.5949
0.57659
0.55241
0.52184
0.50828
0.51468
0.51445
0.49107
0.60719
0.51357
0.48963
0.4789
0.88324
0.97352
0.92888
0.82483
0.7995
0.68853
0.62824
0.61545
0.72408
0.76465
0.5779
0.51532
0.55266
0.57173
0.51032
0.48374
0.49243
0.4505
0.409
0.45274
0.43621
0.44455
0.42057
0.40478
0.39774
0.42705
0.44605
0.45682
0.47409
0.47865
0.49615
0.50049
0.5107
0.54967
0.55319
0.55967
0.52119
0.51643
0.74984
0.93353
0.99636
0.99876
0.99732
0.99968
0.99764
0.92773
0.85588
0.75497
0.71699
0.7526
0.70564
0.66483
0.61453
0.56075
0.52267
0.50177
0.49509
0.47835
0.47157
0.45113
0.47862
0.52289
0.54495
0.53339
0.50752
0.52517
0.58875
0.62378
0.6169
0.45727
0.43249
0.45822
0.49545
0.51218
0.44063
0.41632
0.42389
0.43769
0.43038
0.44032
0.45347
0.45751
0.42588
0.41368
0.42555
0.45043
0.4624
0.46555
0.43196
0.43586
0.4798
0.50651
0.51858
0.49322
0.48361
0.49712
0.51785
0.55082
0.51193
0.5061
0.49698
0.48519
0.53835
0.54448
0.5642
0.5797
0.57043
0.5779
0.57391
0.56049
0.54338
0.59404
0.60004
0.63034
0.63654
0.61356
0.62469
0.61137
0.58417
0.5952
0.67784
0.78141
0.80132
0.80624
0.78594
0.72593
0.65955
0.62285
0.62254
0.60133
0.68171
0.64237
0.57997
0.53876
0.50791
0.48873
0.44869
0.51826
0.56897
0.53261
0.53536
0.53358
0.51186
0.49973
0.45826
0.465
0.51114
0.51247
0.50865
0.47343
0.43618
0.4182
0.41057
0.41774
0.45208
0.48697
0.47982
0.46292
0.45083
0.47388
0.50896
0.52239
0.50071
0.45616
0.48188
0.4468
0.43897
0.40657
0.34949
0.46903
0.47588
0.50292
0.45656
0.48075
0.50166
0.47494
0.45777
0.45178
0.46963
0.48541
0.4965
0.47256
0.44257
0.42135
0.40806
0.4007
0.41448
0.44038
0.46935
0.48821
0.49136
0.50444
0.50367
0.50009
0.52161
0.53125
0.54544
0.59367
0.58128
0.60063
0.57897
0.57777
0.59481
0.59675
0.56376
0.57195
0.59322
0.52105
0.51645
0.56699
0.62929
0.67039
0.66912
0.58911
0.552
0.47398
0.50656
0.54379
0.58941
0.57655
0.41835
0.40986
0.42012
0.41901
0.39741
0.4041
0.44712
0.44431
0.42906
0.40674
0.37995
0.39298
0.46181
0.50681
0.53553
0.48617
0.47625
0.50393
0.46895
0.44598
0.45225
0.46143
0.49334
0.53
0.50249
0.45862
0.44035
0.44327
0.44596
0.43225
0.46211
0.49943
0.46642
0.46186
0.46119
0.44884
0.47303
0.51364
0.59596
0.72319
0.7521
0.60267
0.52661
0.60363
0.6364
0.82912
0.7788
0.7582
0.87863
0.67556
0.52023
0.51168
0.49972
0.54032
0.58846
0.85657
0.85312
0.70817
0.72317
0.82809
0.98307
0.99108
0.99895
0.98796
0.93003
0.95646
0.75327
0.61244
0.62893
0.76974
0.79696
0.9693
0.99179
0.93857
0.82173
0.75636
0.69852
0.68402
0.6678
0.65106
0.65194
0.5619
0.5031
0.46294
0.44179
0.43412
0.45081
0.48448
0.53185
0.55294
0.57268
0.57745
0.56814
0.54147
0.53286
0.50195
0.52467
0.51174
0.48584
0.4761
0.48743
0.50994
0.53959
0.54291
0.53264
0.54273
0.53064
0.52382
0.5044
0.52709
0.53626
0.53672
0.54662
0.473
0.48828
0.47314
0.46316
0.45806
0.46832
0.47693
0.41588
0.37986
0.38752
0.34358
0.34805
0.38166
0.40875
0.43516
0.44564
0.41493
0.41687
0.41531
0.43814
0.49629
0.54578
0.55151
0.52847
0.50981
0.50019
0.48012
0.47156
0.4984
0.51821
0.52131
0.51308
0.51508
0.49821
0.4994
0.49209
0.49141
0.49843
0.48111
0.47137
0.46809
0.46038
0.44016
0.44008
0.48175
0.50434
0.48596
0.50536
0.49088
0.50546
0.51445
0.52102
0.55128
0.59193
0.61991
0.61337
0.57099
0.55259
0.60744
0.66705
0.71532
0.65157
0.61824
0.59139
0.56381
0.50738
0.46517
0.46412
0.54016
0.58969
0.63016
0.6309
0.62977
0.57123
0.53811
0.50862
0.49466
0.79425
0.94456
0.91904
0.81382
0.92359
0.87532
0.85944
0.82926
0.85224
0.83025
0.77269
0.7724
0.71819
0.68779
0.69123
0.67964
0.66478
0.66181
0.61732
0.58116
0.53256
0.51154
0.51579
0.55792
0.58843
0.59515
0.58986
0.5535
0.51645
0.78426
0.73141
0.65991
0.73858
0.84459
0.871
0.84589
0.75463
0.69677
0.65693
0.60352
0.57744
0.54714
0.50858
0.48607
0.47186
0.45367
0.44473
0.43801
0.4494
0.47187
0.49638
0.47816
0.47587
0.60188
0.70966
0.74301
0.72315
0.72538
0.78622
0.89503
0.97843
0.9381
0.9982
1.0009
1.0004
0.99721
0.80025
0.71051
0.6669
0.70954
0.82122
0.83259
0.86283
0.81655
0.81313
0.80103
0.70725
0.59334
0.75898
0.82008
0.9443
0.97575
0.9902
0.97905
0.99516
0.99793
0.93419
0.94476
0.84333
0.9621
0.99742
0.99892
0.99766
0.98314
1.0006
0.91627
0.7576
0.65206
0.57062
0.6267
0.51828
0.53897
0.64792
0.68586
0.58898
0.57851
0.57884
0.5388
0.51801
0.49389
0.5022
0.50117
0.49856
0.49826
0.47744
0.44618
0.43052
0.59523
0.80074
0.79466
0.91959
0.88135
0.77477
0.72231
0.71428
0.6534
0.66406
0.66812
0.59646
0.55654
0.57358
0.6097
0.54902
0.54684
0.56137
0.5859
0.57831
0.57635
0.59641
0.60768
0.65185
0.69347
0.80633
0.81625
0.90287
0.92418
0.87986
0.76135
0.69807
0.65107
0.67057
0.7379
0.71813
0.70542
0.69424
0.6457
0.57938
0.55547
0.65058
0.54973
0.55856
0.57037
0.55811
0.54097
0.54054
0.54553
0.51847
0.43533
0.38943
0.39868
0.38942
0.37402
0.37359
0.38844
0.37825
0.38786
0.40316
0.40135
0.38593
0.38515
0.39094
0.42455
0.5105
0.72947
0.81567
0.90695
0.90936
0.874
0.83582
0.8587
0.81537
0.81398
0.82018
0.85514
0.89353
0.88825
0.86019
0.83851
0.82736
0.8482
0.87603
0.92181
0.93565
0.89854
0.82463
0.80883
0.77821
0.69529
0.63404
0.60682
0.53386
0.48
0.44917
0.42563
0.42278
0.43199
0.44357
0.38166
0.32914
0.32893
0.55588
0.80511
0.82387
0.89225
0.88088
0.89631
0.83439
0.60965
0.5506
0.57563
0.63271
0.68224
0.8567
0.93113
0.99901
1.0003
1.0005
1.0003
0.9883
0.88805
0.77629
0.68705
0.63622
0.607
0.52182
0.49966
0.44522
0.46951
0.55339
0.77663
0.81797
0.89663
0.93898
0.98536
0.99752
0.99928
0.9911
0.98702
0.97606
0.92651
0.75397
0.70832
0.66563
0.59206
0.46703
0.47796
0.47927
0.52799
0.49627
0.46141
0.43304
0.45129
0.42599
0.35278
0.26795
0.23174
0.3342
0.46583
0.46801
0.48406
0.70885
0.74022
0.79993
0.83894
0.82865
0.81043
0.78621
0.75592
0.75653
0.94256
0.99898
1.0004
0.9995
0.99939
0.99759
0.97587
0.89606
0.98747
0.90765
0.93581
0.70558
0.63179
0.68688
0.66127
0.5147
0.47775
0.45939
0.48298
0.47759
0.4504
0.43053
0.47472
0.52401
0.52084
0.48234
0.495
0.79238
0.78848
0.83268
0.79842
0.82483
0.79659
0.72879
0.75088
0.77588
0.77629
0.62662
0.53547
0.55112
0.55319
0.62063
0.57166
0.50481
0.50633
0.47802
0.52489
0.52965
0.53968
0.57557
0.57601
0.56613
0.56776
0.5671
0.57795
0.62301
0.6687
0.69193
0.69092
0.67766
0.67018
0.66812
0.66632
0.6348
0.54672
0.54862
0.52894
0.45482
0.52827
0.68264
0.83292
0.74721
0.73456
0.64772
0.60835
0.68866
0.78117
0.85312
0.96805
0.9125
0.90508
0.83278
0.80778
0.78668
0.68485
0.59248
0.60732
0.55379
0.54084
0.5619
0.63541
0.78463
0.83807
0.85879
0.90948
0.94944
0.9683
0.98403
0.99286
0.99017
0.98741
0.99239
0.99911
0.9972
0.96722
0.98638
0.99262
0.99782
0.99967
0.99761
1.0002
1.0006
0.99721
0.99781
0.99741
0.99992
0.9998
0.95674
0.98673
0.97808
0.98774
0.99807
0.99965
0.9978
0.98847
0.98194
0.97955
0.96797
0.9164
0.83423
0.77553
0.69776
0.62128
0.54423
0.51437
0.46543
0.44616
0.42639
0.74625
0.93156
0.97974
0.96179
0.98499
0.98244
0.98351
0.98105
0.97664
0.85607
0.8313
0.7979
0.87237
0.9825
0.96947
0.8703
0.71483
0.46478
0.40577
0.42958
0.4279
0.42766
0.4103
0.37293
0.32741
0.35383
0.39258
0.42476
0.44163
0.4313
0.43345
0.41817
0.42003
0.43862
0.45128
0.48654
0.43675
0.36999
0.35011
0.36963
0.39246
0.39346
0.40851
0.41932
0.41794
0.41782
0.41787
0.40676
0.40193
0.38138
0.36239
0.44495
0.50065
0.56079
0.55136
0.58079
0.56219
0.73753
0.80996
0.98246
0.93643
0.97894
0.86272
0.84197
0.73087
0.81784
0.83563
0.6233
0.44909
0.41915
0.39942
0.3727
0.34769
0.35154
0.35491
0.34697
0.31767
0.32333
0.32273
0.30562
0.29387
0.291
0.27249
0.26506
0.33878
0.40501
0.42432
0.9047
0.95016
0.97261
0.96647
0.97754
0.98991
0.99906
0.83584
0.7431
0.67842
0.87792
0.95606
0.91628
0.90021
0.86594
0.96552
0.96409
0.53785
0.42119
0.38162
0.34691
0.29852
0.25933
0.25048
0.24642
0.24036
0.23734
0.2323
0.2343
0.43096
0.90797
0.99769
0.99806
0.99265
0.99293
0.98522
0.99209
0.98468
0.99568
0.95851
0.93619
0.98687
0.99742
0.99414
0.97689
0.92548
0.72568
0.61296
0.55961
0.51138
0.45548
0.41789
0.42672
0.46428
0.49429
0.4718
0.52442
0.78713
0.80874
0.96961
0.96801
0.92789
0.94282
0.91589
0.86474
0.80521
0.87671
0.86083
0.88834
0.97277
0.99157
0.96961
0.98774
0.99977
0.99712
0.9971
0.99855
0.98926
0.98189
0.96802
0.86847
0.80067
0.72103
0.66353
0.56644
0.57786
0.93195
0.93747
0.92598
0.91375
0.96809
0.98511
0.98936
0.99896
0.99836
1.0007
1.0004
0.99855
0.99994
0.99896
1.0003
0.84127
0.79445
0.80367
0.90365
0.98505
0.99828
0.92993
0.94351
0.94483
0.96842
0.93211
0.75341
0.50649
0.50963
0.48504
0.497
0.5474
0.56549
0.91681
0.97867
0.97556
0.9628
0.95932
0.90829
0.86801
0.59084
0.42958
0.38226
0.49424
0.51651
0.90021
0.92039
0.97258
0.96874
0.95383
0.9564
0.94664
0.93572
0.9388
0.94262
0.76958
0.4721
0.37949
0.32998
0.2917
0.27683
0.34883
0.47527
0.50612
0.86239
0.89319
0.61613
0.53246
0.67178
0.82005
0.74334
0.51808
0.38766
0.39612
0.50324
0.45404
0.43418
0.51417
0.5199
0.52698
0.54536
0.58664
0.71966
0.62854
0.6127
0.57495
0.54615
0.49913
0.5032
0.48797
0.46015
0.49381
0.46145
0.42537
0.4224
0.4635
0.52361
0.54697
0.81296
0.63242
0.57402
0.49071
0.48154
0.57574
0.63036
0.6695
0.66291
0.66766
0.70558
0.82675
0.91572
0.8587
0.66366
0.63257
0.5257
0.48338
0.45336
0.44075
0.37993
0.4706
0.45065
0.41479
0.38557
0.36405
0.31485
0.29617
0.36777
0.4291
0.44293
0.42739
0.42365
0.42124
0.42772
0.41164
0.41612
0.4228
0.43519
0.442
0.44573
0.454
0.47294
0.46517
0.45481
0.44133
0.4131
0.39727
0.3859
0.3477
0.35333
0.39204
0.40092
0.41624
0.42476
0.42076
0.43825
0.44007
0.44359
0.44731
0.43384
0.43785
0.44836
0.46229
0.45938
0.46099
0.49164
0.49109
0.52435
0.50971
0.50341
0.49457
0.47691
0.44929
0.42817
0.4233
0.42852
0.4189
0.42434
0.41226
0.50127
0.46936
0.44104
0.44041
0.39736
0.39327
0.39239
0.39999
0.38853
0.38922
0.39724
0.3977
0.53299
0.69204
0.55915
0.48264
0.46931
0.47106
0.48877
0.54586
0.82062
0.8416
0.5716
0.46371
0.35665
0.30646
0.6754
0.78653
0.88142
0.94143
0.91407
0.87001
0.80647
0.7895
0.80863
0.96321
0.99883
0.99623
0.98447
0.98338
0.97375
0.9675
0.9635
0.96506
0.96953
0.967
0.96718
0.94761
0.943
0.92553
0.92239
0.95381
0.94556
0.88714
0.76436
0.66239
0.91656
0.92941
0.939
0.92586
0.85596
0.49609
0.37624
0.30847
0.32717
0.3812
0.43548
0.56323
0.51506
0.80974
0.91655
0.93413
0.90777
0.79403
0.64417
0.51349
0.45209
0.41283
0.3731
0.34069
0.32638
0.31116
0.32589
0.36028
0.35837
0.36531
0.38599
0.38693
0.39804
0.42403
0.4464
0.46759
0.50602
0.53504
0.53114
0.49968
0.46165
0.43287
0.41322
0.40339
0.39112
0.40223
0.41247
0.43672
0.45669
0.47343
0.48317
0.48071
0.48352
0.48667
0.4761
0.47449
0.47075
0.45906
0.44771
0.44267
0.44072
0.43862
0.43498
0.43501
0.43361
0.43867
0.44191
0.43774
0.43039
0.42216
0.41336
0.40393
0.39102
0.38029
0.39971
0.41399
0.42159
0.41478
0.40976
0.41045
0.40188
0.40289
0.48761
0.68062
0.7757
0.83492
0.84075
0.84632
0.78191
0.64074
0.6444
0.48872
0.44898
0.48589
0.45721
0.44008
0.46333
0.48235
0.50156
0.85832
0.84619
0.74567
0.61476
0.4756
0.31534
0.22102
0.20684
0.2999
0.43282
0.44886
0.41257
0.40321
0.40313
0.38554
0.39514
0.3921
0.39694
0.40178
0.40526
0.38707
0.38577
0.37232
0.37199
0.3991
0.40899
0.40479
0.41184
0.41603
0.41096
0.43196
0.43705
0.44905
0.44639
0.46388
0.47356
0.50823
0.51735
0.4877
0.47087
0.44905
0.44694
0.45739
0.44202
0.41976
0.40976
0.38123
0.35226
0.34819
0.35839
0.40713
0.44894
0.43644
0.39997
0.37715
0.37337
0.3846
0.38727
0.37802
0.39481
0.40469
0.43079
0.43249
0.53662
0.64622
0.67337
0.6941
0.66458
0.63872
0.61175
0.65415
0.68095
0.68867
0.67704
0.7145
0.65171
0.64703
0.56619
0.52633
0.51219
0.50755
0.49527
0.46864
0.44886
0.40413
0.35335
0.30205
0.26988
0.25021
0.24766
0.26315
0.86279
0.9514
0.96062
0.96187
0.95465
0.95676
0.9399
0.66067
0.88804
0.93997
0.93509
0.94842
0.97297
0.95563
0.94746
0.89927
0.87444
0.92667
0.93302
0.92894
0.92929
0.93596
0.93467
0.93559
0.93802
0.93329
0.92729
0.92292
0.92526
0.92186
0.92021
0.91802
0.91666
0.91654
0.90008
0.87914
0.83455
0.64058
0.49766
0.444
0.40072
0.37139
0.3669
0.36266
0.36379
0.31923
0.54041
0.88545
0.89878
0.9437
0.93366
0.43225
0.41995
0.45748
0.3934
0.37414
0.38467
0.38547
0.37084
0.3692
0.37524
0.37197
0.39033
0.40681
0.411
0.42018
0.4189
0.41107
0.40354
0.39398
0.40248
0.4131
0.43007
0.49753
0.48211
0.36011
0.30496
0.3036
0.61838
0.86378
0.58957
0.50846
0.39863
0.41562
0.49359
0.54327
0.5097
0.53143
0.70887
0.91471
0.9331
0.92457
0.91989
0.90466
0.89507
0.89752
0.89044
0.88203
0.87962
0.88096
0.8737
0.86884
0.85283
0.83918
0.80283
0.73336
0.54953
0.43241
0.32024
0.26902
0.24262
0.2032
0.20408
0.6869
0.80094
0.83274
0.84368
0.36664
0.38011
0.37592
0.38627
0.42533
0.47567
0.63798
0.94334
0.94343
0.93494
0.91812
0.92502
0.9164
0.91189
0.88171
0.89089
0.88208
0.86806
0.85772
0.66704
0.57923
0.53564
0.49498
0.78555
0.61478
0.85433
0.88925
0.90612
0.90924
0.90904
0.89723
0.85029
0.81934
0.83347
0.85324
0.85865
0.8756
0.8883
0.89354
0.81867
0.76099
0.87594
0.87202
0.87431
0.88289
0.89356
0.89218
0.88908
0.85815
0.73418
0.61339
0.58616
0.5215
0.50086
0.44439
0.40333
0.41171
0.42866
0.4414
0.43127
0.41734
0.39817
0.34047
0.27953
0.25988
0.28646
0.4976
0.8586
0.86782
0.39905
0.40101
0.41056
0.44416
0.46097
0.46989
0.45395
0.54871
0.63434
0.6452
0.81584
0.74545
0.58864
0.88587
0.88426
0.80517
0.6742
0.57197
0.47814
0.47433
0.45929
0.45043
0.45373
0.48146
0.5026
0.5077
0.57909
0.78638
0.80566
0.78018
0.89796
0.90507
0.89051
0.8755
0.86829
0.79922
0.51582
0.40398
0.37705
0.33921
0.3235
0.32991
0.33054
0.30324
0.29292
0.44564
0.52172
0.73109
0.78349
0.78797
0.72925
0.7058
0.50766
0.54418
0.47399
0.37792
0.36425
0.35578
0.42655
0.4259
0.45299
0.46972
0.45426
0.51124
0.88993
0.82983
0.57556
0.39497
0.42698
0.4693
0.49294
0.48653
0.50233
0.54538
0.66538
0.79935
0.75623
0.90548
0.91353
0.90712
0.90094
0.89692
0.89003
0.88168
0.84921
0.73171
0.55779
0.65252
0.70525
0.73611
0.60908
0.57092
0.51039
0.4965
0.43312
0.42767
0.43668
0.4185
0.41128
0.4326
0.7896
0.82394
0.86061
0.83934
0.73311
0.66707
0.509
0.82088
0.90743
0.75648
0.66843
0.55281
0.49156
0.4893
0.64898
0.77022
0.72638
0.56895
0.52468
0.69279
0.69278
0.6127
0.45344
0.39962
0.35044
0.28685
0.2785
0.32305
0.32465
0.3275
0.34766
0.37887
0.43386
0.50666
0.60358
0.6435
0.55276
0.44705
0.38134
0.5501
0.49579
