0.77247
0.7784
0.78488
0.78944
0.81342
0.83792
0.80772
0.77839
0.78622
0.79758
0.81137
0.82856
0.78672
0.74378
0.74261
0.74146
0.7495
0.76026
0.75685
0.75748
0.7885
0.823
0.84644
0.87234
0.83154
0.79416
0.78706
0.78209
0.79217
0.80286
0.83881
0.87856
0.90026
0.92291
0.92011
0.91702
0.92201
0.92556
0.91206
0.89174
0.85937
0.82641
0.84753
0.87343
0.83378
0.79233
0.78145
0.76395
0.85215
0.93651
0.94715
0.95674
0.97618
0.99052
0.96216
0.92664
0.90456
0.8847
0.8544
0.82873
0.84033
0.8474
0.86263
0.87349
0.88732
0.89832
0.89462
0.89356
0.87088
0.85029
0.8221
0.7972
0.81774
0.83387
0.91528
0.9888
0.94808
0.90703
0.87309
0.83636
0.84162
0.84376
0.85699
0.86595
0.8716
0.8775
0.87813
0.87963
0.84307
0.80064
0.78917
0.78217
0.76442
0.74554
0.72778
0.71005
0.75395
0.80364
0.84086
0.88061
0.89778
0.91105
0.91829
0.92058
0.90056
0.87163
0.84531
0.80922
0.75826
0.70157
0.71902
0.73346
0.7219
0.70727
0.69557
0.6858
0.72497
0.75961
0.78731
0.81658
0.75271
0.68869
0.67616
0.66432
0.73869
0.82561
0.82285
0.80201
0.75338
0.69863
0.70437
0.70785
0.65695
0.6132
0.54316
0.47579
0.53504
0.5875
0.59261
0.59666
0.60612
0.60931
0.68838
0.76591
0.78606
0.80441
0.74455
0.68368
0.70179
0.72656
0.6961
0.66402
0.71073
0.75537
0.69074
0.62824
0.62721
0.62444
0.66683
0.70803
0.70794
0.70631
0.72436
0.74402
0.75416
0.76432
0.75567
0.75107
0.75924
0.77314
0.78182
0.79106
0.75548
0.71518
0.71187
0.7035
0.71328
0.7205
0.71035
0.70412
0.69693
0.6911
0.72256
0.75232
0.73944
0.7289
0.7653
0.79727
0.75489
0.70919
0.75669
0.8034
0.75166
0.70269
0.69171
0.68058
0.67549
0.67547
0.66443
0.65207
0.64805
0.64154
0.64615
0.65187
0.66678
0.68151
0.66809
0.65357
0.64462
0.64104
0.68586
0.73016
0.77358
0.81535
0.79927
0.78471
0.84088
0.89592
0.91264
0.93232
0.85913
0.78561
0.8222
0.85682
0.90039
0.94131
0.93026
0.91384
0.87619
0.83877
0.89083
0.94141
0.95945
0.97653
0.90171
0.80952
0.73045
0.64095
0.74609
0.86113
0.83751
0.79124
0.78262
0.76955
0.78831
0.79934
0.76308
0.72339
0.62078
0.52714
0.54225
0.56859
0.67442
0.78591
0.76669
0.74505
0.76656
0.78043
0.77823
0.77427
0.80168
0.83058
0.83807
0.84503
0.81423
0.78364
0.81831
0.85621
0.82623
0.80409
0.82437
0.83942
0.81718
0.78702
0.79008
0.78781
0.75696
0.72733
0.64823
0.58016
0.56797
0.56535
0.58457
0.59411
0.61509
0.63339
0.72599
0.79513
0.80426
0.81289
0.84587
0.87554
0.87887
0.88146
0.90675
0.93131
0.90634
0.88318
0.8692
0.84962
0.85595
0.85683
0.88602
0.91436
0.93008
0.95013
0.95319
0.95755
0.96155
0.9662
0.97482
0.98122
0.97676
0.97421
0.97207
0.97225
0.92418
0.87509
0.91543
0.95874
0.95697
0.95149
0.94492
0.93944
0.9172
0.89629
0.87209
0.84925
0.9095
0.97558
0.98017
0.98364
0.87824
0.77447
0.79506
0.81719
0.78638
0.75029
0.80354
0.85026
0.8684
0.88161
0.86294
0.84425
0.87208
0.89926
0.9022
0.90642
0.90379
0.90534
0.88608
0.8678
0.87991
0.89744
0.8957
0.89142
0.91303
0.93601
0.93548
0.93407
0.94365
0.95497
0.9565
0.95436
0.95888
0.96457
0.941
0.91101
0.90991
0.90456
0.9001
0.896
0.89608
0.89172
0.86236
0.83264
0.81837
0.80384
0.81856
0.83084
0.82505
0.82134
0.81941
0.81422
0.83234
0.84898
0.84816
0.84365
0.86282
0.88017
0.91242
0.94594
0.9653
0.98648
0.96876
0.95036
0.93883
0.92313
0.88871
0.85334
0.84691
0.84456
0.79835
0.75671
0.71748
0.67747
0.72972
0.78966
0.69748
0.60214
0.67001
0.72984
0.73456
0.74084
0.77631
0.80998
0.79861
0.78492
0.74741
0.70891
0.68517
0.65994
0.65874
0.65908
0.66844
0.67921
0.69892
0.71915
0.73868
0.76162
0.74788
0.73772
0.7308
0.72194
0.72857
0.73615
0.73487
0.73256
0.6889
0.64206
0.64349
0.64666
0.63687
0.62599
0.6557
0.68227
0.68347
0.68542
0.70977
0.73685
0.80512
0.87911
0.83276
0.787
0.72885
0.67535
0.72503
0.77575
0.78555
0.79441
0.73898
0.68059
0.64567
0.61523
0.64135
0.66709
0.63186
0.59408
0.60844
0.61881
0.67078
0.72616
0.77125
0.81858
0.75778
0.70273
0.69294
0.68786
0.74509
0.80539
0.76389
0.71171
0.6835
0.65664
0.64834
0.64688
0.70003
0.74385
0.81131
0.86985
0.9211
0.94006
0.89385
0.84765
0.90241
0.95529
0.97449
0.99257
0.97258
0.92965
0.85383
0.77597
0.73914
0.69885
0.71448
0.73289
0.72016
0.71284
0.73543
0.7602
0.77912
0.80159
0.81607
0.82558
0.8377
0.85507
0.85827
0.85694
0.85383
0.85248
0.87334
0.89385
0.93334
0.97061
0.95859
0.94351
0.96206
0.97993
0.95724
0.93732
0.95504
0.96893
0.95
0.92546
0.88672
0.84468
0.78684
0.72744
0.69356
0.66022
0.69428
0.73078
0.7704
0.80882
0.86901
0.93516
0.9205
0.89132
0.85269
0.81084
0.78803
0.76375
0.76715
0.77092
0.76754
0.76754
0.71295
0.65479
0.68127
0.70125
0.693
0.68125
0.71586
0.75225
0.75124
0.75443
0.76192
0.76717
0.75092
0.7332
0.74634
0.7615
0.72857
0.69196
0.69434
0.69329
0.70893
0.7235
0.75505
0.79161
0.77595
0.7592
0.75013
0.74038
0.7521
0.76492
0.76282
0.75746
0.72268
0.68874
0.68128
0.67583
0.68957
0.70713
0.71364
0.72539
0.72416
0.72218
0.74311
0.76197
0.78848
0.81862
0.82761
0.84015
0.79269
0.7454
0.73787
0.72878
0.71184
0.69431
0.62693
0.56023
0.63498
0.71411
0.72341
0.73599
0.71347
0.69189
0.67805
0.66051
0.7217
0.79364
0.75215
0.7064
0.65754
0.61236
0.65237
0.68466
0.74558
0.80754
0.8222
0.83361
0.82882
0.82394
0.8256
0.82846
0.82243
0.81474
0.83201
0.85231
0.80956
0.77063
0.74256
0.70756
0.73634
0.76946
0.77497
0.78266
0.76011
0.73901
0.61616
0.50728
0.51819
0.53499
0.63826
0.74342
0.7427
0.74228
0.75413
0.76587
0.67188
0.58262
0.5774
0.57236
0.59631
0.61689
0.62421
0.62665
0.62843
0.63054
0.68605
0.73973
0.73661
0.73659
0.76516
0.79691
0.76341
0.73417
0.76878
0.80849
0.78615
0.76181
0.77627
0.79482
0.82417
0.85226
0.86829
0.88233
0.89483
0.9085
0.94536
0.98554
0.99518
0.97805
0.86826
0.73814
0.70301
0.66936
0.65369
0.63887
0.62989
0.62012
0.63013
0.63271
0.64288
0.65209
0.64875
0.64352
0.67074
0.69663
0.76385
0.83768
0.81226
0.78567
0.78045
0.77513
0.74234
0.70838
0.69295
0.67699
0.68512
0.69724
0.69378
0.69008
0.71808
0.74696
0.7211
0.69425
0.72064
0.73742
0.76216
0.77917
0.85588
0.92866
0.90807
0.89004
0.84676
0.80267
0.81463
0.82713
0.81827
0.80677
0.8455
0.89097
0.87223
0.85155
0.84065
0.82881
0.81071
0.79133
0.7845
0.78109
0.80467
0.82874
0.81638
0.80591
0.82049
0.83508
0.85751
0.87622
0.88352
0.88717
0.83798
0.78838
0.79135
0.79497
0.84632
0.8999
0.89524
0.88436
0.90821
0.92601
0.93467
0.94221
0.95227
0.96443
0.95878
0.95176
0.95008
0.94356
0.96815
0.99352
0.976
0.95832
0.92748
0.89507
0.82313
0.74615
0.78178
0.8221
0.75921
0.6952
0.69207
0.68834
0.71694
0.74765
0.78069
0.81
0.79867
0.78136
0.81924
0.85951
0.89518
0.92871
0.88412
0.83233
0.78581
0.73448
0.71618
0.69938
0.74067
0.78176
0.77081
0.75781
0.78894
0.82155
0.79987
0.77093
0.7442
0.71602
0.72136
0.72156
0.75144
0.77957
0.8414
0.90643
0.94886
0.97693
0.96713
0.9504
0.88864
0.82232
0.7712
0.71293
0.65282
0.59027
0.57329
0.55907
0.56511
0.56955
0.58914
0.61062
0.65183
0.69689
0.71209
0.7285
0.76028
0.78582
0.80234
0.81906
0.81415
0.80371
0.79385
0.77805
0.77379
0.76429
0.75483
0.74639
0.73987
0.72983
0.66556
0.60802
0.62908
0.64844
0.65931
0.67235
0.71062
0.74983
0.776
0.8066
0.82211
0.84187
0.84508
0.84735
0.82499
0.8053
0.8102
0.82057
0.86539
0.91364
0.93096
0.9462
0.95965
0.97339
0.96063
0.94611
0.94934
0.95544
0.94642
0.93714
0.94479
0.95149
0.93473
0.91765
0.92085
0.92348
0.9337
0.9401
0.93041
0.91624
0.91934
0.9178
0.92614
0.93121
0.93475
0.93709
0.93369
0.93145
0.92595
0.92296
0.92714
0.93478
0.94818
0.96396
0.95718
0.95176
0.95134
0.9492
0.95629
0.96656
0.96389
0.95839
0.95975
0.96372
0.95188
0.93912
0.95688
0.97277
0.96465
0.95736
0.94525
0.92911
0.91233
0.89486
0.89918
0.90626
0.8865
0.86579
0.82601
0.78525
0.79699
0.80809
0.86472
0.92115
0.92981
0.93683
0.96409
0.98343
0.98299
0.97906
0.98188
0.9852
0.98827
0.99025
0.98433
0.97663
0.97715
0.96944
0.9619
0.96142
0.9723
0.98596
0.97787
0.96589
0.96889
0.9742
0.9644
0.95366
0.96878
0.98451
0.98345
0.98271
0.97441
0.9639
0.96756
0.97405
0.97348
0.97283
0.98406
0.99536
0.99704
0.9953
0.99551
0.99453
0.9969
0.99609
0.99367
0.99377
0.97068
0.94518
0.95522
0.96557
0.96938
0.97056
0.95744
0.94874
0.94899
0.94777
0.9458
0.94185
0.93731
0.93838
0.9402
0.94239
0.94747
0.95255
0.94662
0.93976
0.92665
0.91698
0.90772
0.90221
0.89293
0.8869
0.89151
0.89546
0.92305
0.95377
0.94909
0.94025
0.94348
0.94887
0.91481
0.88087
0.87987
0.87673
0.8698
0.86608
0.84363
0.81811
0.82991
0.83953
0.87764
0.91807
0.92659
0.93248
0.94036
0.94745
0.93208
0.9125
0.90382
0.89948
0.90814
0.91329
0.90339
0.88982
0.91674
0.9434
0.97046
0.99451
0.99282
0.99441
0.98452
0.97307
0.96087
0.94723
0.91782
0.8936
0.91064
0.93105
0.93265
0.91986
0.93038
0.9414
0.91642
0.89299
0.88673
0.87733
0.86484
0.85033
0.8629
0.87867
0.89915
0.92001
0.94628
0.96232
0.97588
0.99027
0.97759
0.96687
0.9646
0.96616
0.94957
0.9328
0.94116
0.95028
0.96081
0.96817
0.96896
0.96435
0.95043
0.93143
0.91719
0.9006
0.88877
0.87846
0.86742
0.85664
0.85033
0.84521
0.83465
0.82374
0.80093
0.77784
0.78189
0.78426
0.84165
0.89513
0.87152
0.8434
0.8173
0.79102
0.75494
0.72245
0.71739
0.71288
0.74693
0.78035
0.79105
0.80607
0.79727
0.78999
0.78536
0.78163
0.82719
0.87597
0.92542
0.97271
0.95844
0.92091
0.88664
0.85125
0.78656
0.71396
0.70536
0.69674
0.67356
0.64617
0.60215
0.56013
0.5731
0.58678
0.66597
0.7439
0.84
0.94611
0.92115
0.8941
0.8801
0.86736
0.86884
0.87132
0.87333
0.87705
0.87505
0.87125
0.91002
0.95076
0.89052
0.83316
0.84368
0.85939
0.83928
0.82305
0.82945
0.83584
0.81522
0.79771
0.84229
0.89019
0.90222
0.91876
0.94138
0.96907
0.94431
0.922
0.93712
0.94966
0.93553
0.92684
0.93003
0.93597
0.93725
0.93668
0.92967
0.92226
0.91528
0.90702
0.84711
0.78987
0.83811
0.88246
0.88721
0.89471
0.90524
0.91733
0.91357
0.90511
0.91609
0.92647
0.88604
0.84258
0.773
0.70884
0.76139
0.82028
0.8199
0.81581
0.80106
0.7916
0.82947
0.87189
0.88685
0.90573
0.91611
0.92878
0.9349
0.93762
0.93044
0.92433
0.91706
0.90941
0.90223
0.89396
0.90367
0.91249
0.92574
0.9397
0.92364
0.90269
0.88497
0.87085
0.88941
0.90863
0.90296
0.90031
0.90196
0.90555
0.92112
0.93701
0.92327
0.90852
0.88853
0.87095
0.84068
0.8122
0.81998
0.83389
0.8234
0.81281
0.83459
0.8562
0.8872
0.91672
0.93728
0.96002
0.94183
0.92238
0.91627
0.90982
0.90373
0.89645
0.89892
0.89789
0.93582
0.97262
0.98179
0.98875
0.96869
0.95196
0.95265
0.94554
0.94291
0.93792
0.92779
0.91739
0.92009
0.92103
0.93117
0.93972
0.95429
0.96133
0.94543
0.93156
0.92752
0.91586
0.91973
0.92376
0.89814
0.8719
0.88154
0.8955
0.87363
0.85232
0.85845
0.86441
0.8478
0.82977
0.83367
0.8365
0.84622
0.8533
0.87848
0.90258
0.90819
0.91797
0.91815
0.91906
0.87945
0.84201
0.79056
0.74341
0.71998
0.69812
0.71996
0.73886
0.76841
0.79521
0.82565
0.85809
0.88379
0.90811
0.89887
0.88587
0.82735
0.77411
0.83386
0.89665
0.92102
0.94328
0.95618
0.96723
0.97508
0.97788
0.95136
0.92262
0.87126
0.819
0.84528
0.8662
0.90039
0.9319
0.94224
0.94734
0.92819
0.90551
0.87704
0.84665
0.84788
0.85143
0.84686
0.83918
0.85849
0.87442
0.91315
0.95011
0.96211
0.97426
0.96607
0.95883
0.96951
0.98113
0.98297
0.98592
0.98733
0.98257
0.95925
0.93598
0.92346
0.91318
0.88128
0.85275
0.86516
0.87854
0.88145
0.88474
0.91351
0.94257
0.93692
0.92873
0.9189
0.91132
0.92789
0.94136
0.95155
0.9626
0.9567
0.95344
0.93196
0.90707
0.87626
0.84239
0.82293
0.80665
0.79041
0.77317
0.79711
0.81387
0.84913
0.88759
0.89882
0.9113
0.89814
0.8859
0.8768
0.87054
0.91392
0.95041
0.9723
0.99605
0.9713
0.94265
0.88445
0.82499
0.82491
0.8242
0.83016
0.83626
0.84589
0.85636
0.86692
0.87191
0.90405
0.93766
0.93708
0.93655
0.9401
0.94158
0.96111
0.98019
0.98716
0.99259
0.99057
0.98529
0.96728
0.94728
0.9464
0.94688
0.94788
0.9507
0.9195
0.88229
0.88662
0.89295
0.90445
0.91577
0.93136
0.94482
0.9416
0.93683
0.91113
0.88263
0.8708
0.8649
0.85944
0.85668
0.89084
0.92834
0.92804
0.9285
0.92293
0.91149
0.92101
0.9324
0.95032
0.96588
0.92501
0.89016
0.85362
0.8206
0.87205
0.93062
0.92326
0.91353
0.93714
0.9603
0.9631
0.96268
0.93385
0.89949
0.90722
0.91621
0.861
0.80902
0.78332
0.75959
0.78848
0.81162
0.85864
0.91001
0.89563
0.88009
0.86015
0.8389
0.83599
0.82692
0.84347
0.86044
0.84532
0.83006
0.8329
0.83245
0.87389
0.91459
0.92619
0.94169
0.93771
0.9344
0.91397
0.89409
0.89775
0.90223
0.92197
0.94017
0.96046
0.9787
0.98008
0.97984
0.98783
0.99431
0.99658
0.99508
0.9895
0.9881
0.98281
0.97594
0.9782
0.9761
0.98163
0.99001
0.99432
0.99612
0.97469
0.95017
0.95584
0.95996
0.95014
0.9371
0.93005
0.92224
0.91867
0.91756
0.9143
0.91617
0.92546
0.93565
0.96719
0.99172
0.99427
0.99174
0.99262
0.99539
0.99511
0.99413
0.99323
0.99011
0.98986
0.9835
0.98791
0.99074
0.99365
0.99315
0.99443
0.99446
0.9937
0.99277
0.98379
0.96986
0.96552
0.96066
0.94263
0.92435
0.91027
0.88972
0.90136
0.91424
0.9094
0.90721
0.91769
0.93122
0.93009
0.93075
0.91709
0.90533
0.90264
0.9005
0.89608
0.89322
0.90061
0.90568
0.91083
0.91354
0.92189
0.9305
0.94153
0.955
0.93506
0.92183
0.92659
0.93162
0.96304
0.99432
0.99261
0.99435
0.97823
0.95804
0.96871
0.97893
0.98848
0.99467
0.99359
0.98899
0.96678
0.94536
0.95789
0.96462
0.96211
0.95584
0.96554
0.97099
0.96745
0.96584
0.98096
0.9909
0.99502
0.99656
0.98467
0.97434
0.97516
0.97907
0.98695
0.99288
0.99592
0.99287
0.98054
0.96698
0.91621
0.8685
0.9022
0.93688
0.92896
0.91475
0.91389
0.91193
0.89131
0.86934
0.87268
0.87801
0.90422
0.9304
0.92732
0.92094
0.90407
0.89025
0.91897
0.94833
0.94951
0.94965
0.96503
0.98468
0.96655
0.9458
0.94687
0.94408
0.96581
0.98529
0.99251
0.99485
0.99081
0.98596
0.97018
0.95357
0.93277
0.91443
0.88384
0.85043
0.84447
0.84353
0.84626
0.84796
0.83845
0.82892
0.88432
0.94809
0.97089
0.9958
0.98176
0.96337
0.97028
0.97779
0.97931
0.98489
0.9939
0.99334
0.99459
0.99382
0.98498
0.96576
0.94038
0.91393
0.89755
0.88417
0.88116
0.88015
0.87884
0.87703
0.88406
0.89028
0.91442
0.93506
0.94732
0.96209
0.95764
0.95148
0.94883
0.94801
0.93894
0.92969
0.95885
0.98538
0.97247
0.95496
0.9089
0.86761
0.84756
0.82757
0.85945
0.88978
0.91466
0.93747
0.96166
0.98372
0.98101
0.972
0.97503
0.98047
0.98366
0.98845
0.98003
0.97325
0.95948
0.94616
0.94953
0.95544
0.9662
0.97567
0.97834
0.983
0.98553
0.98609
0.9773
0.9687
0.94923
0.93165
0.95283
0.97329
0.90529
0.83242
0.85309
0.87027
0.81745
0.76609
0.76774
0.76722
0.79478
0.82727
0.84105
0.85837
0.87339
0.88636
0.92895
0.97521
0.95654
0.9339
0.91849
0.90041
0.92718
0.95106
0.95757
0.96225
0.97702
0.99293
0.99418
0.99554
0.96558
0.93179
0.94604
0.95924
0.95586
0.95805
0.95242
0.94235
0.90444
0.86289
0.83578
0.8105
0.78873
0.76538
0.79609
0.82472
0.86617
0.90376
0.90536
0.90634
0.88426
0.86035
0.86999
0.87676
0.90544
0.93236
0.93866
0.94429
0.87327
0.81124
0.80527
0.80164
0.8455
0.89379
0.90754
0.92136
0.95027
0.97648
0.98562
0.99602
0.99527
0.99502
0.99306
0.99334
0.97742
0.96577
0.97073
0.97094
0.97092
0.96393
0.9715
0.97809
0.94745
0.91976
0.89609
0.87485
0.87643
0.87363
0.86085
0.8495
0.85327
0.85567
0.87171
0.88721
0.84293
0.80059
0.75733
0.71417
0.72255
0.73321
0.74443
0.75744
0.77929
0.80539
0.80827
0.80872
0.80915
0.80834
0.81637
0.82248
0.8251
0.82933
0.82186
0.81655
0.81987
0.82386
0.82633
0.82325
0.82587
0.82528
0.82328
0.81849
0.81655
0.81068
0.81767
0.82629
0.82521
0.8285
0.82877
0.82811
0.81221
0.79222
0.82718
0.86207
0.91859
0.97776
0.93959
0.89241
0.84986
0.80461
0.79962
0.79748
0.78259
0.77113
0.78842
0.803
0.80515
0.80222
0.80535
0.80675
0.80959
0.81311
0.85179
0.88789
0.91112
0.92812
0.92814
0.92713
0.92431
0.92517
0.92398
0.92299
0.92632
0.92455
0.94367
0.96665
0.96471
0.96124
0.96939
0.97481
0.97836
0.97935
0.98656
0.99085
0.98783
0.97901
0.96583
0.95004
0.95637
0.96212
0.93312
0.90112
0.90703
0.9179
0.91001
0.90276
0.89275
0.88526
0.87432
0.86348
0.89981
0.93966
0.90412
0.87354
0.87334
0.87256
0.89943
0.92663
0.91974
0.91159
0.88811
0.86769
0.82815
0.79201
0.80162
0.81687
0.84422
0.86899
0.8744
0.87962
0.86125
0.83693
0.83551
0.83589
0.86242
0.8909
0.8507
0.80977
0.81264
0.81333
0.84955
0.88866
0.88224
0.86831
0.8514
0.83897
0.86256
0.87871
0.88775
0.88658
0.83109
0.77619
0.79003
0.79849
0.80497
0.81414
0.85422
0.89805
0.897
0.89361
0.8582
0.82566
0.87124
0.92179
0.93335
0.94443
0.94202
0.9431
0.93538
0.93211
0.87974
0.82934
0.84105
0.85412
0.87653
0.89793
0.8489
0.80138
0.77704
0.75664
0.78481
0.81176
0.82972
0.84756
0.83922
0.8261
0.803
0.77925
0.86926
0.95926
0.97275
0.98252
0.96834
0.95435
0.91783
0.87443
0.77393
0.67355
0.65974
0.64809
0.62868
0.61312
0.65157
0.69067
0.67376
0.65196
0.65978
0.67312
0.65531
0.63553
0.62984
0.62123
0.652
0.68081
0.72262
0.76496
0.79371
0.82464
0.8294
0.833
0.86902
0.90685
0.90537
0.9015
0.83852
0.77548
0.72596
0.67786
0.72099
0.766
0.77851
0.79012
0.775
0.76335
0.78418
0.80652
0.8672
0.93252
0.96595
0.9945
0.99421
0.99204
0.97604
0.95874
0.96252
0.96835
0.93322
0.89242
0.85096
0.80576
0.81661
0.83
0.84289
0.85316
0.87283
0.88798
0.87004
0.85065
0.82816
0.80556
0.79644
0.78254
0.7826
0.78165
0.78148
0.77981
0.78601
0.79292
0.8519
0.9123
0.91129
0.91254
0.9173
0.92184
0.86016
0.80409
0.83706
0.86435
0.87328
0.88485
0.90722
0.93075
0.90546
0.8611
0.72941
0.60714
0.68162
0.75588
0.82701
0.89669
0.90314
0.90951
0.8371
0.75296
0.79478
0.83738
0.81817
0.79622
0.80754
0.81955
0.83588
0.85153
0.83964
0.82424
0.80528
0.78604
0.80366
0.82669
0.81046
0.79437
0.80828
0.82516
0.83833
0.84687
0.84267
0.83537
0.84827
0.85689
0.84986
0.84527
0.78317
0.72039
0.6966
0.67153
0.68232
0.68838
0.70362
0.7212
0.74243
0.76172
0.77545
0.78911
0.82358
0.85686
0.8778
0.89524
0.8737
0.85186
0.81275
0.77122
0.79718
0.8306
0.74101
0.65534
0.65449
0.6515
0.68838
0.72792
0.76906
0.812
0.77131
0.7256
0.79861
0.87386
0.93541
0.98125
0.98962
0.99404
0.98439
0.97727
0.97526
0.97143
0.9674
0.9624
0.97803
0.99006
0.99269
0.98892
0.96668
0.92559
0.88262
0.83056
0.82159
0.80672
0.82329
0.83884
0.79417
0.7541
0.70355
0.65352
0.66865
0.68632
0.70091
0.71087
0.71536
0.71721
0.71992
0.72508
0.78242
0.84193
0.81385
0.76859
0.77711
0.78253
0.77021
0.75384
0.69423
0.62567
0.61152
0.59994
0.58705
0.57165
0.5996
0.62467
0.65562
0.68762
0.73026
0.7699
0.8383
0.90378
0.92196
0.94076
0.95551
0.97241
0.97331
0.97125
0.96225
0.95088
0.88482
0.81833
0.79941
0.78749
0.77981
0.76893
0.77482
0.77576
0.74201
0.70884
0.72053
0.73263
0.77684
0.82177
0.79125
0.76452
0.78392
0.80726
0.83234
0.86051
0.81341
0.7659
0.80059
0.83894
0.84401
0.8471
0.82225
0.79381
0.76268
0.73186
0.7841
0.83234
0.81308
0.79401
0.84454
0.90557
0.93169
0.96142
0.97338
0.98041
0.95543
0.92574
0.91757
0.91348
0.93326
0.95555
0.93656
0.91887
0.86996
0.82202
0.8241
0.82729
0.80295
0.77542
0.76981
0.76295
0.77664
0.79165
0.78455
0.77905
0.7832
0.78366
0.81942
0.84902
0.88398
0.91556
0.89792
0.88231
0.8835
0.88362
0.89838
0.91616
0.94221
0.9693
0.94313
0.90952
0.89656
0.87972
0.8399
0.8017
0.82748
0.8491
0.81351
0.77671
0.80517
0.82712
0.82811
0.82916
0.81766
0.80927
0.76735
0.72578
0.67879
0.63449
0.60993
0.5891
0.60405
0.61346
0.67773
0.74139
0.78152
0.82375
0.85114
0.87894
0.85022
0.82101
0.85952
0.90502
0.93344
0.96114
0.89813
0.83215
0.79164
0.75223
0.71947
0.69
0.72246
0.75663
0.74646
0.73451
0.73487
0.73449
0.75176
0.76755
0.75834
0.74448
0.77451
0.80262
0.83519
0.87064
0.85369
0.83511
0.80898
0.78601
0.80381
0.8258
0.7786
0.73392
0.78459
0.83582
0.83287
0.83489
0.81615
0.79732
0.76853
0.74077
0.74455
0.74837
0.72949
0.71238
0.69508
0.67612
0.81734
0.99242
0.96269
0.90782
0.87961
0.85205
0.81435
0.77438
0.78102
0.78195
0.77322
0.76024
0.73877
0.71796
0.70989
0.69714
0.78694
0.86731
0.9077
0.94053
0.919
0.89795
0.88623
0.86467
0.79957
0.73279
0.78148
0.82868
0.84355
0.8555
0.80508
0.75334
0.76198
0.76938
0.79715
0.83119
0.83141
0.83298
0.81601
0.79825
0.79236
0.78609
0.74952
0.71492
0.77586
0.84071
0.8395
0.84282
0.81031
0.77418
0.73685
0.70502
0.74165
0.78448
0.79812
0.81006
0.8158
0.82218
0.81913
0.81522
0.74242
0.66487
0.67722
0.68792
0.69175
0.69545
0.75844
0.82439
0.85242
0.86616
0.8902
0.91282
0.86139
0.81616
0.82409
0.83286
0.81412
0.77208
0.76319
0.74796
0.77229
0.79269
0.8442
0.89866
0.87396
0.85193
0.82347
0.79187
0.7766
0.76201
0.777
0.79316
0.859
0.92767
0.95325
0.97628
0.97028
0.96666
0.92139
0.86142
0.83512
0.80686
0.80759
0.80493
0.8298
0.85424
0.82331
0.793
0.81815
0.83836
0.82603
0.80212
0.82746
0.85462
0.78905
0.73237
0.7638
0.79315
0.66443
0.54954
0.54434
0.53964
0.53679
0.53551
0.60715
0.67509
0.69425
0.70571
0.72095
0.73693
0.74611
0.7515
0.78894
0.82416
0.81826
0.80819
0.80806
0.81386
0.80012
0.78247
0.78369
0.78083
0.73865
0.68985
0.69438
0.70094
0.64697
0.59866
0.68235
0.77414
0.74425
0.71713
0.72505
0.72977
0.72359
0.71293
0.69111
0.66915
0.69797
0.72595
0.7746
0.82081
0.79122
0.75644
0.76743
0.77216
0.724
0.67391
0.66292
0.65026
0.67246
0.69162
0.74965
0.80747
0.87894
0.93141
0.90457
0.86519
0.85673
0.84465
0.81716
0.78586
0.76631
0.74407
0.85723
0.98609
0.9625
0.93694
0.91079
0.8826
0.80657
0.72478
0.70715
0.69189
0.63685
0.58387
0.61592
0.64944
0.76338
0.88481
0.85662
0.80939
0.7893
0.76725
0.78095
0.79958
0.8047
0.80811
0.81049
0.814
0.87052
0.92932
0.95204
0.97644
0.82478
0.67244
0.72237
0.77899
0.77722
0.77684
0.84216
0.90829
0.91404
0.91523
0.87587
0.82673
0.86235
0.89384
0.9225
0.93808
0.94112
0.93998
0.95056
0.95902
0.90362
0.84738
0.87215
0.89594
0.89426
0.89132
0.91599
0.94584
0.92051
0.89607
0.90247
0.90758
0.93029
0.9541
0.9575
0.95895
0.9675
0.9745
0.96764
0.9651
0.92786
0.87932
0.85916
0.83399
0.83858
0.83914
0.89038
0.9321
0.94355
0.94809
0.89475
0.84492
0.83405
0.82604
0.84935
0.87983
0.88481
0.88804
0.90628
0.92314
0.93892
0.95182
0.95785
0.96098
0.91663
0.86802
0.83407
0.80002
0.77605
0.75557
0.7409
0.72605
0.72083
0.71878
0.75119
0.78946
0.82774
0.86308
0.86325
0.86562
0.86782
0.87172
0.84285
0.82111
0.8183
0.82151
0.82101
0.82067
0.81288
0.80259
0.79344
0.78702
0.79812
0.814
0.82434
0.83685
0.84586
0.85284
0.83765
0.81906
0.83477
0.85042
0.82518
0.8
0.82386
0.84491
0.83145
0.81821
0.87718
0.93835
0.96164
0.98241
0.97246
0.95983
0.94296
0.92007
0.93043
0.9372
0.95005
0.96407
0.95467
0.94889
0.92327
0.89725
0.8046
0.71306
0.69764
0.68427
0.81946
0.94996
0.94958
0.94077
0.94521
0.94232
0.89944
0.83155
0.81691
0.80098
0.79718
0.78809
0.75243
0.71885
0.70626
0.68985
0.64838
0.60373
0.63058
0.65979
0.64218
0.62297
0.62876
0.6339
0.67825
0.722
0.6636
0.60787
0.62568
0.64014
0.66603
0.68673
0.6986
0.70675
0.70896
0.71296
0.73486
0.75457
0.74245
0.7307
0.76645
0.79768
0.82124
0.84514
0.89484
0.94457
0.96249
0.97412
0.97512
0.97425
0.98369
0.99484
0.99539
0.99426
0.99498
0.99531
0.99294
0.98902
0.99333
0.99178
0.98549
0.97806
0.9696
0.96292
0.96407
0.96133
0.93225
0.90037
0.81697
0.72662
0.71557
0.70783
0.72867
0.75161
0.74015
0.73151
0.75979
0.79173
0.82072
0.84585
0.82278
0.80176
0.78031
0.76191
0.76987
0.775
0.76905
0.76407
0.75454
0.74206
0.7307
0.71647
0.72575
0.73242
0.72364
0.71076
0.70958
0.71132
0.68529
0.65551
0.66278
0.66958
0.68194
0.69566
0.7409
0.79067
0.75967
0.7334
0.74519
0.7527
0.7488
0.74062
0.77165
0.80355
0.8101
0.81439
0.77207
0.73403
0.6995
0.66167
0.69367
0.72229
0.71723
0.7118
0.69277
0.67516
0.66778
0.65384
0.67209
0.68725
0.73669
0.7901
0.76599
0.73725
0.68454
0.63793
0.63075
0.62321
0.66793
0.70776
0.67612
0.64742
0.66446
0.6764
0.76101
0.83723
0.88727
0.93084
0.94456
0.95714
0.97523
0.99078
0.98959
0.98738
0.98231
0.97745
0.97858
0.98068
0.96173
0.94402
0.92097
0.88593
0.85091
0.80583
0.8208
0.8307
0.86595
0.8987
0.86544
0.83389
0.8034
0.77397
0.77582
0.77871
