0.84413
0.86299
0.8491
0.8331
0.82271
0.80921
0.78598
0.75761
0.71468
0.67477
0.74265
0.80189
0.73024
0.66078
0.71952
0.76663
0.73431
0.70425
0.7931
0.88401
0.86149
0.8391
0.90816
0.97996
0.93744
0.89184
0.86111
0.80466
0.81608
0.81672
0.81683
0.81481
0.73719
0.65838
0.62985
0.60427
0.69377
0.78456
0.881
0.92454
0.93104
0.93753
0.84767
0.74118
0.64586
0.55624
0.54352
0.52899
0.58761
0.65011
0.70548
0.76789
0.81104
0.84991
0.83894
0.82481
0.78944
0.75241
0.79026
0.82719
0.79917
0.76463
0.79162
0.81885
0.84798
0.87785
0.8374
0.79378
0.82317
0.84915
0.79507
0.74209
0.74671
0.73781
0.79084
0.81563
0.83127
0.79388
0.7849
0.77987
0.77417
0.77027
0.76402
0.7556
0.81437
0.87918
0.88622
0.89807
0.82448
0.75403
0.79392
0.83949
0.80273
0.76513
0.7897
0.80667
0.77101
0.73433
0.71538
0.70312
0.72157
0.73782
0.74315
0.73114
0.74122
0.75321
0.75372
0.74632
0.67949
0.62003
0.69105
0.76007
0.72884
0.69055
0.65688
0.62038
0.70579
0.80431
0.76539
0.72195
0.64925
0.58061
0.56205
0.54664
0.54829
0.54148
0.58749
0.62736
0.67479
0.71036
0.80737
0.88921
0.9257
0.96551
0.98272
0.99512
0.9533
0.88534
0.85773
0.82234
0.80136
0.77357
0.72546
0.66897
0.6962
0.70658
0.69858
0.69033
0.74858
0.81045
0.80624
0.80038
0.81669
0.82808
0.88841
0.95357
0.9534
0.93158
0.91585
0.88709
0.83446
0.77573
0.75462
0.72808
0.72794
0.72502
0.72035
0.71167
0.71032
0.70633
0.69271
0.6815
0.69451
0.71155
0.72491
0.73694
0.6817
0.62824
0.60394
0.5771
0.74517
0.88061
0.93147
0.96718
0.93984
0.90517
0.85377
0.78125
0.8034
0.81324
0.77324
0.7257
0.72057
0.71832
0.67165
0.62516
0.80452
0.95717
0.87792
0.80308
0.80981
0.80501
0.79883
0.79363
0.77282
0.74492
0.79145
0.84059
0.82484
0.80184
0.81537
0.81189
0.81373
0.7991
0.73968
0.66339
0.64482
0.62962
0.62705
0.62334
0.68857
0.73898
0.76852
0.78963
0.8094
0.82607
0.84942
0.87015
0.92012
0.95963
0.93779
0.91111
0.87264
0.82268
0.76606
0.7067
0.69759
0.68686
0.76086
0.83613
0.90853
0.95272
0.9538
0.94546
0.86951
0.78922
0.80585
0.82091
0.81926
0.817
0.83708
0.85949
0.92473
0.94759
0.95475
0.96191
0.9609
0.96177
0.96219
0.96194
0.97027
0.95369
0.89888
0.82737
0.87152
0.86961
0.75613
0.64129
0.74143
0.79811
0.84016
0.84433
0.81859
0.74709
0.7474
0.72843
0.73164
0.73329
0.78342
0.83907
0.8188
0.78888
0.79291
0.79617
0.70624
0.61547
0.57377
0.54632
0.659
0.7066
0.7714
0.82191
0.75811
0.69824
0.72206
0.74417
0.81468
0.8809
0.87031
0.80647
0.81168
0.81473
0.76815
0.72113
0.76237
0.79807
0.74224
0.68073
0.66819
0.6577
0.70286
0.75661
0.74627
0.73429
0.69725
0.67626
0.6371
0.59297
0.57386
0.55726
0.62919
0.70618
0.71085
0.72052
0.71706
0.70881
0.60812
0.51018
0.60229
0.68481
0.72122
0.75813
0.78839
0.81898
0.75153
0.68263
0.69892
0.71582
0.67031
0.62227
0.56872
0.52282
0.52845
0.53717
0.6261
0.7064
0.74273
0.78077
0.75752
0.73659
0.76857
0.79996
0.77255
0.74868
0.77084
0.7896
0.76122
0.73453
0.71303
0.69236
0.70091
0.71019
0.60633
0.5082
0.63604
0.75262
0.76217
0.76951
0.72124
0.67323
0.69386
0.69907
0.80861
0.88956
0.90561
0.91759
0.80244
0.65782
0.70447
0.74764
0.71473
0.68308
0.61965
0.55577
0.70491
0.85506
0.84769
0.8276
0.82103
0.80158
0.73988
0.67501
0.62148
0.57015
0.54757
0.52476
0.52428
0.52452
0.52247
0.5179
0.53821
0.55103
0.65289
0.75159
0.83597
0.91051
0.91162
0.89929
0.83334
0.75244
0.7348
0.70377
0.74365
0.78878
0.80056
0.80143
0.79124
0.78166
0.7951
0.80384
0.81895
0.82679
0.80471
0.77243
0.72084
0.67241
0.70437
0.73557
0.72612
0.7196
0.75415
0.78788
0.74744
0.71061
0.74271
0.77386
0.66448
0.56274
0.51816
0.47267
0.5794
0.67837
0.66966
0.65622
0.68725
0.70758
0.61378
0.52331
0.56496
0.60025
0.72238
0.8207
0.84923
0.87934
0.84071
0.80406
0.80502
0.80412
0.79165
0.77957
0.75575
0.72231
0.73478
0.7444
0.76269
0.77677
0.79082
0.80208
0.80245
0.79769
0.81204
0.82057
0.81743
0.80467
0.80334
0.80377
0.79494
0.78941
0.80919
0.83181
0.76475
0.69004
0.67562
0.66194
0.62358
0.58695
0.5522
0.52009
0.54523
0.57293
0.73431
0.88154
0.85184
0.825
0.80024
0.77828
0.76212
0.74
0.74813
0.75468
0.79253
0.82837
0.7988
0.75746
0.72273
0.68915
0.70277
0.72322
0.72793
0.72936
0.74395
0.75306
0.72337
0.69368
0.7357
0.77938
0.80967
0.83973
0.82441
0.81138
0.81939
0.82501
0.82758
0.82144
0.82862
0.84031
0.79357
0.74216
0.72663
0.70894
0.69374
0.67418
0.70216
0.73231
0.72117
0.70353
0.72239
0.72546
0.71319
0.69851
0.71621
0.73149
0.76007
0.77912
0.75009
0.72306
0.72369
0.72017
0.74138
0.75757
0.77668
0.79258
0.78515
0.7793
0.77209
0.76043
0.70151
0.64651
0.62425
0.60891
0.77372
0.87635
0.92988
0.98016
0.98146
0.98449
0.92363
0.8407
0.79044
0.7326
0.76541
0.80004
0.70996
0.61462
0.66098
0.71089
0.67775
0.64269
0.66887
0.69717
0.70937
0.72297
0.70707
0.68251
0.68587
0.68366
0.71826
0.75497
0.71648
0.67695
0.61749
0.56334
0.638
0.71123
0.63646
0.56477
0.5212
0.47375
0.47754
0.48889
0.59796
0.68367
0.72393
0.76126
0.80506
0.85315
0.88021
0.91055
0.88804
0.86452
0.81899
0.77449
0.7667
0.75843
0.74043
0.71724
0.80102
0.89101
0.9362
0.97114
0.92281
0.85914
0.84953
0.83559
0.85731
0.87863
0.88293
0.88451
0.87178
0.85864
0.82242
0.78117
0.83083
0.87512
0.87016
0.86076
0.83629
0.81045
0.72627
0.65256
0.68718
0.71907
0.7299
0.73925
0.74239
0.74631
0.81787
0.88165
0.92973
0.9597
0.93063
0.89621
0.84102
0.75018
0.76856
0.77953
0.74642
0.71224
0.76319
0.80122
0.80928
0.81012
0.79645
0.78286
0.72822
0.67267
0.63024
0.59123
0.62228
0.65755
0.71474
0.77293
0.74211
0.7096
0.70559
0.69962
0.68438
0.66914
0.68594
0.69307
0.73966
0.79034
0.77511
0.76002
0.77594
0.79324
0.77953
0.76917
0.78608
0.80946
0.77715
0.74342
0.77878
0.82086
0.80201
0.78501
0.77749
0.77407
0.74008
0.70494
0.64284
0.58732
0.5909
0.59514
0.69015
0.78612
0.68698
0.5956
0.63624
0.67234
0.688
0.7008
0.6792
0.65593
0.65341
0.6478
0.65434
0.65774
0.71358
0.77192
0.79643
0.8192
0.85855
0.89617
0.90592
0.9114
0.86117
0.80897
0.82112
0.83494
0.83712
0.83897
0.91096
0.96569
0.92392
0.86555
0.84404
0.82343
0.781
0.74553
0.8177
0.87774
0.89555
0.91633
0.89598
0.88216
0.85788
0.83629
0.83268
0.82553
0.79469
0.76068
0.77201
0.78082
0.85434
0.91815
0.87721
0.8394
0.85587
0.86969
0.87991
0.86474
0.87173
0.86164
0.82423
0.78361
0.76269
0.74275
0.72347
0.70126
0.68697
0.67284
0.67362
0.67227
0.69914
0.7224
0.69697
0.67046
0.6853
0.6977
0.67186
0.64984
0.6011
0.55197
0.66393
0.74865
0.75463
0.75751
0.75481
0.74406
0.64935
0.56065
0.60208
0.64367
0.60709
0.56971
0.66672
0.76908
0.72874
0.6834
0.66449
0.64168
0.71607
0.79416
0.81149
0.8241
0.88822
0.93114
0.93114
0.93195
0.82899
0.72637
0.78675
0.85602
0.83654
0.81289
0.77347
0.73391
0.726
0.71621
0.70767
0.69278
0.66931
0.64544
0.68006
0.70286
0.73996
0.77428
0.744
0.71656
0.71346
0.71186
0.78475
0.85664
0.84169
0.82989
0.82713
0.82701
0.85483
0.88056
0.84289
0.7924
0.7623
0.7228
0.67947
0.63852
0.63262
0.62648
0.61186
0.59416
0.55191
0.5128
0.52116
0.52868
0.5155
0.50364
0.54546
0.58661
0.60341
0.61661
0.60156
0.58513
0.57691
0.56612
0.56447
0.56524
0.60952
0.65191
0.66933
0.68752
0.66012
0.636
0.63523
0.63367
0.59212
0.5548
0.58875
0.61764
0.64675
0.6693
0.7254
0.78726
0.7453
0.69738
0.71349
0.72921
0.72366
0.71565
0.77157
0.81709
0.90008
0.97287
0.98486
0.99423
0.98028
0.96823
0.96339
0.95928
0.9526
0.94662
0.94165
0.93607
0.94279
0.95348
0.94086
0.92813
0.92534
0.92476
0.89273
0.858
0.85572
0.84965
0.85218
0.85464
0.8475
0.84341
0.85331
0.86332
0.8739
0.88777
0.85963
0.83129
0.83862
0.84248
0.85805
0.8717
0.88339
0.89411
0.90623
0.91536
0.91662
0.91697
0.8997
0.88906
0.90771
0.92771
0.88201
0.83644
0.81874
0.80332
0.76139
0.71644
0.747
0.77514
0.77063
0.76846
0.77331
0.77743
0.74979
0.72161
0.69045
0.65861
0.66647
0.67151
0.66338
0.65213
0.6588
0.66784
0.673
0.68019
0.69718
0.71034
0.70049
0.6869
0.69749
0.70817
0.6978
0.69028
0.68375
0.67995
0.6807
0.68419
0.67947
0.6718
0.6818
0.69112
0.69162
0.6847
0.67041
0.6523
0.62559
0.59719
0.59792
0.59827
0.60945
0.61948
0.62036
0.61516
0.63316
0.64879
0.65614
0.66357
0.69846
0.73457
0.74926
0.76175
0.81231
0.85654
0.86321
0.87081
0.88198
0.88928
0.90046
0.90996
0.91851
0.91978
0.87286
0.82173
0.85781
0.89072
0.92687
0.94668
0.92021
0.89391
0.86132
0.82695
0.82789
0.83069
0.82353
0.8184
0.82593
0.83574
0.84785
0.85567
0.84827
0.84003
0.85287
0.86992
0.87531
0.88344
0.8546
0.82253
0.81207
0.80128
0.79326
0.7832
0.79937
0.8127
0.82362
0.83457
0.84531
0.85508
0.85287
0.84229
0.77749
0.70542
0.77516
0.84733
0.80065
0.75192
0.72638
0.69951
0.65326
0.60983
0.59922
0.58659
0.6222
0.66032
0.66915
0.677
0.66962
0.66005
0.68036
0.69818
0.72859
0.76323
0.75465
0.74632
0.72017
0.69399
0.75731
0.82869
0.7275
0.63668
0.73992
0.83848
0.76554
0.68936
0.689
0.68654
0.68728
0.68722
0.63813
0.59687
0.62921
0.66711
0.67267
0.68004
0.69948
0.71793
0.73228
0.74901
0.77219
0.79719
0.78365
0.7676
0.75787
0.74312
0.76198
0.77977
0.77088
0.76137
0.78821
0.81076
0.85714
0.90074
0.92592
0.95469
0.93772
0.91618
0.93293
0.94736
0.92118
0.89144
0.84947
0.80589
0.79696
0.78366
0.83672
0.88137
0.93073
0.97654
0.95197
0.93203
0.90619
0.87912
0.92327
0.97428
0.92388
0.87024
0.81873
0.75122
0.72406
0.69215
0.68295
0.66882
0.69083
0.70435
0.76751
0.82461
0.87229
0.91415
0.94318
0.96947
0.94189
0.90783
0.89217
0.87466
0.8959
0.92096
0.91744
0.91628
0.88368
0.85176
0.86598
0.87862
0.86551
0.85274
0.83839
0.82721
0.82296
0.81761
0.85562
0.89256
0.91944
0.94445
0.92321
0.90194
0.89604
0.88868
0.91903
0.94894
0.97026
0.98765
0.99033
0.99415
0.99547
0.99723
0.99285
0.99003
0.99079
0.98742
0.97465
0.9584
0.92218
0.86057
0.79323
0.72358
0.71823
0.70773
0.6884
0.67011
0.69766
0.72532
0.67125
0.61964
0.66372
0.709
0.79701
0.89493
0.92651
0.96328
0.89609
0.83468
0.83105
0.82849
0.89419
0.96553
0.92374
0.88728
0.83902
0.79646
0.79141
0.78608
0.78909
0.79865
0.7958
0.79125
0.74014
0.68555
0.68293
0.68117
0.74864
0.81262
0.85173
0.89245
0.85715
0.8182
0.80561
0.78839
0.77626
0.76797
0.74817
0.72806
0.69875
0.67322
0.69576
0.7217
0.76434
0.80489
0.83097
0.86131
0.85217
0.84179
0.81024
0.78156
0.79428
0.80906
0.81598
0.82005
0.80805
0.79713
0.79861
0.80151
0.83034
0.85838
0.91124
0.96749
0.97272
0.97443
0.98354
0.99365
0.96833
0.94429
0.94496
0.93891
0.92208
0.90546
0.87314
0.84413
0.83852
0.83095
0.86296
0.89876
0.90205
0.90841
0.87548
0.84346
0.85726
0.86512
0.86951
0.87306
0.90596
0.94142
0.95181
0.96031
0.93359
0.9052
0.88326
0.85923
0.86379
0.86874
0.86891
0.86578
0.87884
0.88401
0.91667
0.94693
0.96735
0.98531
0.97678
0.96931
0.98166
0.99401
0.98588
0.97687
0.98075
0.98626
0.98674
0.98878
0.98985
0.99374
0.96323
0.9361
0.93506
0.93533
0.93027
0.92698
0.92646
0.92272
0.89077
0.86193
0.86584
0.8763
0.87175
0.86345
0.86432
0.86873
0.87065
0.8702
0.79674
0.72792
0.73622
0.74642
0.83296
0.92568
0.8961
0.87001
0.89575
0.92332
0.90934
0.89248
0.90604
0.92131
0.93499
0.94622
0.96559
0.98532
0.9584
0.9302
0.87896
0.82856
0.83543
0.84033
0.83005
0.81598
0.76585
0.71837
0.72189
0.72518
0.75112
0.77866
0.80399
0.83551
0.8251
0.81702
0.84307
0.87172
0.91418
0.95657
0.94999
0.93863
0.90384
0.8716
0.8892
0.91064
0.93266
0.95851
0.93946
0.92214
0.91437
0.90665
0.90752
0.91131
0.91878
0.93006
0.91189
0.89558
0.89326
0.89249
0.90439
0.91428
0.91873
0.92478
0.92427
0.92415
0.92031
0.91182
0.91567
0.91606
0.895
0.87366
0.87995
0.88211
0.90202
0.92502
0.92735
0.92957
0.92843
0.9291
0.8994
0.86709
0.86362
0.85929
0.893
0.92583
0.9182
0.9115
0.91392
0.91701
0.91196
0.91256
0.91363
0.91182
0.90285
0.89427
0.89663
0.89863
0.89737
0.89667
0.9034
0.90799
0.92587
0.94255
0.93999
0.93704
0.91735
0.89884
0.9096
0.92121
0.93372
0.94392
0.94708
0.94713
0.93817
0.92895
0.90093
0.87708
0.8875
0.89568
0.87282
0.84679
0.82285
0.79828
0.79388
0.7906
0.81382
0.83902
0.87804
0.91708
0.8777
0.83259
0.80368
0.77466
0.78886
0.80731
0.81599
0.82726
0.84038
0.85742
0.86545
0.8709
0.86172
0.85491
0.86441
0.87858
0.85294
0.82763
0.86688
0.90891
0.91454
0.92112
0.92407
0.93045
0.92597
0.91994
0.89562
0.86899
0.87279
0.87361
0.88646
0.89537
0.87591
0.85663
0.86294
0.87084
0.8749
0.88394
0.86978
0.85867
0.84903
0.83615
0.85793
0.87991
0.89035
0.89827
0.88768
0.87889
0.909
0.93353
0.93781
0.9363
0.93718
0.93646
0.90215
0.86429
0.89441
0.92364
0.9199
0.91873
0.91124
0.90565
0.88301
0.85788
0.82504
0.79062
0.79292
0.79454
0.80842
0.82172
0.83068
0.83766
0.82947
0.81767
0.82927
0.83783
0.81322
0.7892
0.77144
0.75412
0.74124
0.73215
0.74666
0.76393
0.76789
0.76929
0.76737
0.76242
0.81795
0.87402
0.91146
0.94672
0.94339
0.93718
0.94116
0.94774
0.94935
0.95097
0.96181
0.97158
0.97018
0.97056
0.95039
0.9329
0.94266
0.95144
0.95257
0.95482
0.95627
0.95449
0.9544
0.95401
0.94356
0.93685
0.92563
0.91844
0.93459
0.95229
0.95085
0.94861
0.94156
0.93716
0.93644
0.93303
0.9025
0.87582
0.88534
0.89759
0.8936
0.89074
0.9021
0.91389
0.92988
0.94871
0.94097
0.93592
0.94151
0.94325
0.92878
0.91143
0.90264
0.89449
0.88203
0.87303
0.86321
0.85493
0.85429
0.85307
0.84509
0.83879
0.83017
0.82544
0.81217
0.79924
0.80015
0.80315
0.79209
0.7834
0.78523
0.78753
0.77787
0.76308
0.76469
0.76922
0.7799
0.7938
0.79745
0.79961
0.79077
0.77879
0.81498
0.8485
0.85718
0.86223
0.86778
0.86883
0.85754
0.84593
0.86415
0.88204
0.87195
0.85755
0.85705
0.86196
0.85078
0.84402
0.83791
0.83623
0.84032
0.84806
0.8275
0.80229
0.78956
0.77497
0.76281
0.75056
0.74597
0.74067
0.75939
0.7802
0.80835
0.83472
0.85245
0.87108
0.89811
0.92457
0.92055
0.91536
0.89443
0.87742
0.90205
0.92773
0.9549
0.98393
0.9835
0.98537
0.97166
0.95781
0.96202
0.96801
0.97159
0.97706
0.97796
0.97721
0.97257
0.96681
0.97921
0.98912
0.98671
0.98688
0.9721
0.95941
0.93872
0.91949
0.91209
0.91075
0.90227
0.89489
0.86429
0.83483
0.84105
0.84214
0.86531
0.88224
0.88752
0.89404
0.89993
0.90616
0.85973
0.81523
0.8207
0.82231
0.8406
0.86409
0.86002
0.85819
0.82337
0.79039
0.82181
0.85423
0.84003
0.82869
0.81815
0.80381
0.80667
0.81052
0.80425
0.79262
0.7961
0.79681
0.79704
0.79877
0.82489
0.84823
0.85954
0.86886
0.90608
0.94409
0.95888
0.97472
0.96242
0.95122
0.9686
0.99042
0.97973
0.97058
0.97477
0.97582
0.96241
0.94763
0.93506
0.9237
0.92159
0.91759
0.8917
0.86202
0.83842
0.81143
0.83663
0.86711
0.88458
0.90325
0.89906
0.88761
0.90982
0.93516
0.91929
0.90823
0.89704
0.88223
0.87085
0.86215
0.8737
0.88557
0.91133
0.93369
0.96996
0.99058
0.98987
0.98817
0.93898
0.87975
0.86442
0.85254
0.86723
0.88233
0.83835
0.79628
0.76593
0.73428
0.73205
0.72624
0.74396
0.76223
0.79503
0.81839
0.83797
0.85432
0.86586
0.8737
0.88777
0.90193
0.91505
0.92183
0.94341
0.96226
0.96991
0.97397
0.98235
0.9911
0.99013
0.98837
0.95798
0.93019
0.93003
0.93002
0.9514
0.97043
0.96814
0.96426
0.95105
0.93823
0.94875
0.96006
0.97696
0.99566
0.99151
0.98506
0.9601
0.9324
0.92
0.90503
0.88767
0.87339
0.89091
0.90239
0.90395
0.89883
0.89425
0.88266
0.86692
0.84701
0.83055
0.81208
0.82846
0.84323
0.85038
0.85563
0.86059
0.86804
0.8429
0.81828
0.8042
0.78808
0.79445
0.80583
0.85845
0.91457
0.94989
0.98441
0.98422
0.98045
0.97976
0.97837
0.98679
0.99503
0.99052
0.98791
0.98359
0.97299
0.95847
0.94779
0.96535
0.98144
0.93569
0.88235
0.85135
0.81273
0.78908
0.76441
0.76068
0.75983
0.75682
0.75471
0.76703
0.78187
0.79477
0.80828
0.83637
0.86323
0.82693
0.79285
0.778
0.75986
0.79425
0.82308
0.83177
0.83401
0.8471
0.86303
0.85314
0.84421
0.83785
0.83046
0.83498
0.84317
0.83866
0.83339
0.8398
0.84352
0.87009
0.8926
0.92371
0.95588
0.96045
0.97176
0.9535
0.93913
0.94357
0.95245
0.95582
0.95872
0.93946
0.91831
0.94521
0.96978
0.97306
0.97961
0.98873
0.99427
0.97772
0.95528
0.91959
0.88453
0.88788
0.8935
0.89686
0.89797
0.87563
0.85585
0.83283
0.81052
0.8551
0.89407
0.92175
0.94947
0.96175
0.97446
0.97824
0.9825
0.99007
0.99295
0.98658
0.97923
0.94849
0.9143
0.92321
0.933
0.9377
0.94334
0.95067
0.95491
0.97322
0.99267
0.9716
0.94236
0.9176
0.8899
0.88804
0.8865
0.89847
0.9105
0.91552
0.91858
0.91935
0.92229
0.93647
0.94582
0.96937
0.98963
0.98853
0.99368
0.97267
0.94863
0.91728
0.87821
0.89422
0.90884
0.92639
0.94133
0.89671
0.84162
0.79613
0.74883
0.70977
0.67122
0.68146
0.68653
0.68863
0.68947
0.70004
0.71131
0.69096
0.6667
0.66567
0.664
0.65153
0.63829
0.69705
0.75761
0.77299
0.78811
0.73526
0.68263
0.70685
0.72777
0.73673
0.74906
0.76663
0.7881
0.8145
0.83319
0.8789
0.92101
0.94676
0.96943
0.94866
0.9305
0.90024
0.86097
0.82875
0.78962
0.79499
0.79875
0.78842
0.77621
0.76076
0.74422
0.74363
0.74082
0.73049
0.72256
0.74196
0.75317
0.82125
0.89486
0.93726
0.97794
0.98505
0.98819
0.90357
0.80168
0.75171
0.70524
0.7032
0.7045
0.71076
0.71543
0.71081
0.70366
0.70379
0.69833
0.74097
0.78115
0.81192
0.84005
0.86938
0.89599
0.90569
0.91501
0.8968
0.87548
0.8719
0.87101
0.86646
0.86354
0.87612
0.89136
0.88744
0.88464
0.89604
0.90645
0.89713
0.88603
0.89451
0.90126
0.80978
0.7187
0.70301
0.69209
0.70518
0.72179
0.76888
0.81347
0.86951
0.91102
0.90727
0.90685
0.90171
0.90164
0.91732
0.92864
0.93418
0.93655
0.91947
0.90122
0.9226
0.93523
0.83927
0.72112
0.69626
0.67835
0.70015
0.72295
0.69975
0.67353
0.7086
0.74084
0.76402
0.78291
0.80684
0.83125
0.82174
0.81461
0.80851
0.80251
0.81508
0.82407
0.86737
0.91748
0.9067
0.89912
0.90401
0.90708
0.84238
0.77449
0.75266
0.72985
0.7734
0.81705
0.82817
0.83332
0.85813
0.88093
0.84912
0.81759
0.80277
0.78483
0.78203
0.77519
0.75893
0.74023
0.76755
0.79515
0.79473
0.7908
0.76117
0.73419
0.67809
0.62594
0.67311
0.70427
0.8422
0.97123
0.93742
0.90049
0.88889
0.88122
0.93397
0.9922
0.98845
0.98271
0.97553
0.96713
0.9521
0.93734
0.94533
0.95221
0.95621
0.9584
0.965
0.97348
0.93631
0.88157
0.84408
0.80547
0.77919
0.75436
0.77082
0.7898
0.81624
0.83966
0.87208
0.90246
0.90145
0.89921
0.88977
0.8795
0.79406
0.71328
0.7316
0.75218
0.75573
0.75395
0.72359
0.69079
0.67112
0.65266
0.64235
0.63564
0.63436
0.63459
0.72548
0.80782
0.79428
0.77606
0.77328
0.77105
0.73915
0.69405
0.68587
0.67921
0.66678
0.65623
0.66814
0.67715
0.7024
0.7249
0.71091
0.69566
0.71202
0.72388
0.75309
0.78703
0.78367
0.78229
0.74405
0.7081
0.68344
0.6613
0.68263
0.70434
0.72647
0.74587
0.78999
0.82754
0.89856
0.96699
0.89219
0.80646
0.82879
0.85378
0.82804
0.80399
0.78862
0.77796
0.70636
0.63724
0.63326
0.62763
0.63044
0.63768
0.761
0.89
0.86688
0.84267
0.83375
0.82417
0.81097
0.79992
0.8012
0.80227
0.7505
0.69982
0.6819
0.66589
0.70021
0.73989
0.76436
0.78334
0.74932
0.71147
0.64823
0.59357
0.60355
0.61841
0.66518
0.70976
0.76889
0.81859
0.8762
0.93027
0.92028
0.90703
0.93958
0.96608
0.98022
0.99553
0.96536
0.93709
0.93354
0.93081
0.94631
0.96575
0.97847
0.98771
0.9617
0.93051
0.80114
0.667
0.64353
0.61894
0.6409
0.66605
0.67247
0.67599
0.71234
0.74246
0.80655
0.8706
0.90681
0.94081
0.91827
0.88152
0.84682
0.81238
0.82471
0.8316
0.84122
0.85166
0.90501
0.95018
0.91989
0.88974
0.87884
0.87209
0.87853
0.87954
0.86395
0.84717
0.82623
0.80062
0.791
0.78336
0.74476
0.7052
0.81911
0.91283
0.83225
0.72304
0.77587
0.83801
0.77172
0.71187
0.72099
0.72832
0.71319
0.69979
0.70919
0.71764
0.73004
0.7481
0.74899
0.75528
0.75828
0.76614
0.74987
0.74184
0.69351
0.64548
0.60184
0.56302
0.587
0.61534
0.62524
0.63802
0.65333
0.67085
0.67528
0.67929
0.71187
0.74095
0.75631
0.77202
0.79557
0.81576
0.84908
0.87802
0.91853
0.9577
0.93057
0.89183
0.84956
0.78578
0.72259
0.65216
0.65991
0.66321
0.72122
0.78666
0.78748
0.78921
0.77779
0.76938
0.72401
0.68451
0.67066
0.65858
0.62536
0.60133
0.58591
0.56891
0.55953
0.55366
0.58783
0.62588
0.67678
0.7303
0.83327
0.90569
0.94859
0.97933
0.87535
0.75757
0.77523
0.7908
0.79731
0.80306
0.80669
0.80795
0.78915
0.77263
0.76428
0.75949
0.81448
0.87257
0.84738
0.81839
0.82603
0.82862
0.80631
0.77539
0.79327
0.8118
0.78368
0.7531
0.71874
0.68168
0.69313
0.7016
0.69041
0.68046
0.66061
0.64135
0.62476
0.6111
0.60554
0.59866
0.59358
0.58843
0.60406
0.61852
0.60192
0.58297
0.66238
0.74741
0.78142
0.8178
0.78642
0.75021
0.72885
0.70281
0.67689
0.65037
0.70854
0.7672
0.69848
0.6313
0.60216
0.57629
0.65027
0.73797
0.85088
0.94374
0.95
0.94592
0.90437
0.85352
0.84587
0.82904
0.78554
0.73998
0.74862
0.76138
0.7458
0.73477
0.7175
0.70154
0.67606
0.65209
0.73526
0.81248
0.80059
0.76921
0.74188
0.70673
0.75499
0.80616
0.78006
0.75494
0.76421
0.77674
0.74662
0.71765
0.73313
0.75075
0.76049
0.76179
0.72337
0.69081
0.68577
0.68716
0.63925
0.59572
0.60932
0.62735
0.61333
0.59584
0.62069
0.64124
0.61944
0.5977
0.61361
0.62734
0.60732
0.58946
0.59842
0.60804
0.59907
0.59083
0.60641
0.62521
0.59547
0.56308
0.58592
0.60917
0.61717
0.62652
0.65235
0.67998
0.71509
0.75388
0.77133
0.78361
0.80792
0.82815
0.7399
0.65733
0.63374
0.61098
0.67983
0.75423
0.72203
0.68608
0.65118
0.61384
0.64965
0.68877
0.72125
0.75098
0.7011
0.6503
0.674
0.69623
0.69797
0.70082
0.68819
0.67443
0.65172
0.63213
0.67204
0.71305
0.70909
0.70391
0.71588
0.73153
0.7286
0.72274
0.74986
0.78165
0.78352
0.78499
0.76033
0.73686
0.72411
0.71517
0.73888
0.75985
0.77929
0.80018
0.80027
0.80165
0.76739
0.7351
0.70277
0.67315
0.68715
0.7034
0.73541
0.76442
0.77961
0.79837
0.78158
0.76281
0.69589
0.63629
0.64829
0.66307
0.7282
0.79682
0.84731
0.8986
0.91855
0.93752
0.9165
0.87616
0.85413
0.82027
0.79883
0.77174
0.75085
0.71942
0.75153
0.79156
0.74494
0.70436
0.66315
0.62528
0.6633
0.69459
0.74185
0.77249
0.81304
0.85075
0.81828
0.7747
0.74984
0.7212
0.72926
0.73185
0.71466
0.6981
0.70457
0.71057
0.69913
0.68145
0.63584
0.59761
0.63937
0.68144
0.72134
0.75584
0.7485
0.73259
0.75177
0.76828
0.70389
0.64226
0.67339
0.7146
0.7205
0.7267
0.77809
0.83781
0.81107
0.78324
0.79762
0.8124
0.79329
0.77139
0.75039
0.72729
0.76843
0.81133
0.78881
0.76956
0.75391
0.73319
0.72876
0.71762
0.74156
0.76353
0.76836
0.76307
0.74909
0.72049
0.72691
0.72803
0.71195
0.69038
0.73599
0.78224
0.65081
0.53087
0.56678
0.59921
0.62384
0.6518
0.70836
0.76052
0.74429
0.71467
0.72411
0.72174
0.73116
0.73476
0.72709
0.71385
0.61315
0.5227
0.55344
0.58719
0.56679
0.54969
0.61303
0.67535
0.70625
0.74016
0.74903
0.75309
0.75311
0.7505
0.75512
0.76049
0.75661
0.74684
0.76156
0.77586
0.7538
0.72789
0.62372
0.53417
0.56057
0.58246
0.61039
0.63698
0.64001
0.64008
0.63988
0.63966
0.66941
0.69984
0.72826
0.75748
0.7378
0.7199
0.73927
0.76097
0.79801
0.82845
0.83012
0.83507
0.84605
0.85751
0.91243
0.96877
0.96413
0.95806
0.90458
0.85024
0.89345
0.93592
0.95287
0.97102
0.95568
0.93053
0.86912
0.80925
0.81419
0.81862
0.81933
0.81994
0.8132
0.8001
0.80633
0.81263
0.81021
0.80668
0.78471
0.76255
0.73599
0.70797
0.68682
0.6617
0.70732
0.75387
0.70998
0.66849
0.62276
0.57676
0.59122
0.60421
0.64107
0.6742
0.64149
0.60554
0.6676
0.73198
0.73442
0.73974
0.6857
0.62947
0.61533
0.60078
0.58661
0.57385
0.59222
0.61375
0.59873
0.58683
0.64529
0.70392
0.81737
0.91126
0.92801
0.94048
0.87068
0.78932
0.85275
0.91454
0.8723
0.83704
0.83161
0.82919
0.8306
0.82293
0.78725
0.74376
0.75258
0.75987
0.75747
0.7479
0.74323
0.73589
0.75608
0.7771
0.75626
0.73653
0.75764
0.77112
0.6588
0.55593
0.57075
0.58987
0.59135
0.59629
0.60903
0.62684
0.67219
0.71479
0.68561
0.65936
0.68997
0.72369
0.74096
0.75967
0.82051
0.88007
0.89626
0.89338
0.8862
0.86032
0.79736
0.73725
0.75475
0.76852
0.74973
0.72631
0.74864
0.76837
0.78623
0.80204
0.80125
0.79873
0.82216
0.84671
0.82893
0.80909
0.82524
0.83784
0.81433
0.79801
0.70848
0.62689
0.71009
0.77564
0.77248
0.76564
0.75293
0.73455
0.73318
0.72639
0.75275
0.77597
0.7986
0.81704
0.79775
0.78052
0.78281
0.78805
0.78048
0.77225
0.78546
0.79869
0.78458
0.77159
0.74918
0.72956
0.69644
0.66174
