0.7583
0.75071
0.74872
0.74745
0.71895
0.68695
0.65851
0.63192
0.65846
0.6799
0.71314
0.74757
0.7327
0.71485
0.71532
0.71353
0.71009
0.70773
0.67088
0.63711
0.68082
0.7195
0.75689
0.78871
0.79123
0.78742
0.77249
0.75819
0.68092
0.60395
0.65279
0.70169
0.7085
0.71693
0.6968
0.67847
0.65825
0.64064
0.66392
0.68804
0.71352
0.73896
0.76546
0.79329
0.87084
0.94762
0.96921
0.988
0.92358
0.83806
0.85439
0.86823
0.87408
0.87802
0.85966
0.82893
0.70681
0.5885
0.55022
0.51418
0.50893
0.50067
0.52754
0.55062
0.63261
0.70689
0.85169
0.98248
0.97864
0.97326
0.93045
0.87829
0.81213
0.73196
0.71042
0.69008
0.65207
0.61212
0.6327
0.64886
0.69276
0.73719
0.68879
0.6406
0.63851
0.63394
0.6649
0.69526
0.70318
0.71089
0.70694
0.70075
0.72519
0.75064
0.73468
0.72071
0.68972
0.65659
0.75097
0.83408
0.88874
0.93476
0.94853
0.95733
0.85855
0.74721
0.79311
0.83525
0.75551
0.6736
0.74089
0.81251
0.81927
0.82656
0.83848
0.84978
0.80132
0.753
0.72723
0.70459
0.67866
0.65008
0.68433
0.71136
0.72815
0.74457
0.74958
0.74914
0.78339
0.81475
0.83666
0.86163
0.85943
0.86266
0.8869
0.91154
0.91073
0.91204
0.92912
0.94802
0.93935
0.93342
0.96197
0.99007
0.95716
0.91373
0.85792
0.7914
0.74632
0.70325
0.70452
0.70803
0.72542
0.74719
0.75404
0.76724
0.77043
0.77208
0.74335
0.71567
0.69441
0.67254
0.64669
0.62008
0.68124
0.73285
0.85096
0.97364
0.984
0.99216
0.8866
0.70412
0.6213
0.54224
0.62533
0.70018
0.78785
0.87707
0.82333
0.76874
0.68705
0.61119
0.72445
0.83686
0.79832
0.74879
0.73997
0.72261
0.70259
0.68356
0.70694
0.72901
0.6527
0.57475
0.52275
0.47672
0.52157
0.57108
0.60917
0.65331
0.68568
0.71978
0.68029
0.64196
0.60342
0.56724
0.61627
0.66329
0.658
0.65219
0.70295
0.74559
0.83168
0.90763
0.95
0.97832
0.94979
0.89363
0.87392
0.85164
0.8047
0.75252
0.75533
0.76311
0.72338
0.6841
0.75382
0.82259
0.83346
0.83944
0.83416
0.82553
0.84653
0.86846
0.87241
0.87309
0.84566
0.82117
0.84251
0.86101
0.85408
0.84358
0.90026
0.95546
0.90929
0.86128
0.88984
0.91665
0.9128
0.91119
0.90115
0.89551
0.8873
0.87729
0.85154
0.82539
0.78081
0.73234
0.72034
0.70683
0.73453
0.76494
0.78794
0.81047
0.80331
0.79851
0.82906
0.86221
0.84009
0.8142
0.78368
0.76121
0.72661
0.69248
0.69672
0.69234
0.68617
0.67937
0.68288
0.68408
0.74482
0.80429
0.82839
0.85352
0.80759
0.75955
0.78649
0.81112
0.87813
0.93663
0.96347
0.98069
0.98338
0.98278
0.96419
0.94475
0.90266
0.85733
0.80765
0.75839
0.86408
0.94116
0.93686
0.93596
0.94929
0.96463
0.94388
0.92144
0.93653
0.95034
0.953
0.95672
0.9291
0.89379
0.90928
0.92477
0.92991
0.93395
0.92041
0.90273
0.90909
0.91592
0.91523
0.90951
0.91339
0.91316
0.9063
0.90236
0.88424
0.86773
0.86626
0.86057
0.84519
0.83373
0.8524
0.86978
0.92087
0.97215
0.91532
0.85939
0.78177
0.70487
0.74574
0.79171
0.76764
0.743
0.69581
0.64676
0.69404
0.74195
0.77094
0.80038
0.77912
0.75854
0.74886
0.74121
0.72832
0.71337
0.72705
0.73634
0.7717
0.80812
0.79038
0.77623
0.84342
0.91146
0.90991
0.90108
0.88557
0.87011
0.8469
0.81903
0.86627
0.91604
0.9295
0.93329
0.91842
0.88587
0.75788
0.61648
0.63992
0.66712
0.72677
0.78888
0.81814
0.84559
0.81684
0.78414
0.76979
0.75227
0.71647
0.67611
0.7099
0.75397
0.75821
0.76396
0.71498
0.65778
0.69033
0.72322
0.74888
0.77779
0.75086
0.72465
0.67603
0.62786
0.62375
0.61896
0.5457
0.47623
0.51702
0.56014
0.57718
0.59851
0.68366
0.772
0.72747
0.68373
0.67312
0.65932
0.7296
0.80478
0.77598
0.73865
0.71398
0.69253
0.72554
0.75679
0.74828
0.73743
0.71662
0.69815
0.63633
0.57988
0.66666
0.76191
0.78354
0.80096
0.77051
0.73579
0.7397
0.73286
0.75172
0.76842
0.75988
0.74721
0.75147
0.75311
0.73517
0.71429
0.72807
0.74055
0.71571
0.69514
0.68464
0.67108
0.70532
0.74286
0.67802
0.61416
0.65461
0.69316
0.70284
0.71095
0.71172
0.7108
0.78399
0.85226
0.91949
0.97524
0.95961
0.93881
0.9225
0.90037
0.86439
0.80611
0.80863
0.8015
0.79437
0.78698
0.73362
0.68481
0.68055
0.67819
0.67029
0.65925
0.7064
0.75262
0.73484
0.71257
0.77512
0.82403
0.85148
0.86855
0.90657
0.93836
0.8966
0.8153
0.81242
0.81124
0.79434
0.77782
0.82321
0.8765
0.86661
0.85438
0.84447
0.82878
0.82282
0.81151
0.8075
0.79619
0.77734
0.75195
0.73818
0.71989
0.68009
0.64178
0.66509
0.69633
0.68753
0.67925
0.70355
0.73195
0.69159
0.65087
0.68537
0.71564
0.74001
0.76882
0.71098
0.65548
0.65499
0.65783
0.64119
0.62288
0.66076
0.69574
0.68135
0.66885
0.75032
0.8236
0.83562
0.8526
0.82328
0.7863
0.77311
0.74744
0.69781
0.64506
0.5949
0.54922
0.54006
0.53317
0.52582
0.52138
0.536
0.54973
0.60407
0.65982
0.70153
0.7449
0.75264
0.76377
0.76102
0.75779
0.76896
0.78421
0.7818
0.78429
0.78996
0.79351
0.79118
0.78835
0.81085
0.83271
0.85855
0.88614
0.91673
0.94951
0.95599
0.96404
0.97079
0.97972
0.98624
0.99385
0.95968
0.90266
0.87597
0.85198
0.85105
0.8479
0.83352
0.81693
0.83882
0.86214
0.85304
0.84281
0.83885
0.83261
0.80091
0.77003
0.79972
0.82619
0.85377
0.88504
0.87536
0.86307
0.8671
0.87013
0.87289
0.87471
0.80848
0.74006
0.72977
0.72094
0.71567
0.71635
0.73864
0.74799
0.73
0.70595
0.62682
0.54448
0.54685
0.55066
0.55041
0.55085
0.57168
0.59089
0.58359
0.57956
0.59007
0.60367
0.62104
0.63571
0.6834
0.73159
0.70042
0.67369
0.73314
0.7961
0.80211
0.79835
0.81942
0.84041
0.90579
0.97567
0.85938
0.69484
0.65832
0.62411
0.67403
0.72046
0.79361
0.87307
0.75259
0.63858
0.76714
0.89607
0.82741
0.75887
0.76437
0.76867
0.72305
0.67497
0.66296
0.64962
0.67176
0.69256
0.72829
0.76585
0.80512
0.8427
0.88348
0.9232
0.95103
0.97672
0.96933
0.95007
0.94491
0.93479
0.93075
0.9281
0.95194
0.97396
0.98279
0.98806
0.9733
0.95109
0.9055
0.86129
0.90248
0.93983
0.94682
0.95237
0.9068
0.85978
0.8405
0.81922
0.80898
0.80187
0.76247
0.72256
0.73013
0.73657
0.79173
0.84477
0.81014
0.77219
0.76146
0.7505
0.78731
0.82995
0.80694
0.78408
0.78642
0.79449
0.77235
0.75224
0.7973
0.83947
0.84732
0.85342
0.87004
0.88762
0.89683
0.90812
0.83406
0.7626
0.76093
0.75483
0.74591
0.73435
0.71757
0.69961
0.70706
0.70784
0.68703
0.66434
0.66642
0.67004
0.69861
0.72904
0.73166
0.73282
0.67579
0.61483
0.62938
0.64154
0.6541
0.66148
0.67577
0.68962
0.70399
0.71948
0.65485
0.59368
0.61205
0.62721
0.73309
0.84942
0.86746
0.8826
0.83593
0.79077
0.79811
0.80012
0.75215
0.69798
0.69637
0.69359
0.73446
0.77205
0.83313
0.88972
0.93095
0.96641
0.8676
0.76301
0.7059
0.64059
0.62958
0.61757
0.68823
0.75902
0.85614
0.94851
0.90235
0.84898
0.81477
0.77195
0.7462
0.72438
0.70538
0.68767
0.67104
0.65273
0.69682
0.74148
0.73768
0.72895
0.67365
0.61931
0.58252
0.54578
0.60599
0.6704
0.64238
0.60906
0.61638
0.6247
0.66609
0.70802
0.73423
0.763
0.82855
0.89894
0.91307
0.9232
0.8832
0.83972
0.84171
0.84261
0.83591
0.83523
0.86009
0.88027
0.84184
0.79438
0.7972
0.7927
0.77066
0.75099
0.67693
0.60048
0.61874
0.62471
0.68985
0.7524
0.74909
0.74436
0.73772
0.72888
0.76263
0.79688
0.80163
0.80236
0.80998
0.82128
0.81905
0.81515
0.8685
0.91628
0.94058
0.95509
0.96094
0.97072
0.93197
0.85723
0.80804
0.76034
0.70101
0.64047
0.68956
0.74838
0.77991
0.81377
0.75568
0.69585
0.70101
0.71011
0.70919
0.70736
0.68218
0.6632
0.72533
0.77896
0.88458
0.97457
0.94807
0.91597
0.86179
0.79242
0.73299
0.67038
0.67684
0.68255
0.71383
0.74827
0.77577
0.79986
0.82142
0.84548
0.81138
0.77322
0.76878
0.75998
0.74543
0.72798
0.83694
0.94959
0.94644
0.93465
0.95168
0.96379
0.9673
0.9678
0.91874
0.86916
0.86144
0.85007
0.89636
0.94119
0.96307
0.98392
0.94333
0.90437
0.85627
0.80519
0.80938
0.81479
0.81834
0.81846
0.8392
0.86131
0.87093
0.87913
0.89767
0.91654
0.93073
0.94547
0.92305
0.89521
0.88519
0.87608
0.78081
0.69477
0.72302
0.75419
0.7984
0.84819
0.84636
0.83834
0.82292
0.80622
0.76418
0.72249
0.71109
0.70075
0.79135
0.87438
0.9307
0.97342
0.9811
0.98781
0.98823
0.985
0.96558
0.94855
0.95729
0.9631
0.92363
0.87362
0.83371
0.79174
0.80497
0.81114
0.79533
0.7736
0.76377
0.74787
0.74559
0.73762
0.78688
0.83462
0.82853
0.81449
0.77144
0.72739
0.70973
0.69547
0.66839
0.64362
0.61296
0.58109
0.5793
0.58175
0.59605
0.60588
0.72884
0.85203
0.92355
0.96731
0.93547
0.90058
0.82984
0.73748
0.75831
0.77977
0.75726
0.72947
0.72866
0.72758
0.76408
0.79716
0.83107
0.8667
0.86034
0.84929
0.80861
0.76161
0.68852
0.61865
0.62737
0.63696
0.65106
0.66382
0.68031
0.69178
0.74545
0.79812
0.87716
0.94988
0.9692
0.9872
0.96467
0.93686
0.86394
0.78926
0.80495
0.81668
0.81284
0.81046
0.76497
0.71037
0.71107
0.71478
0.77721
0.84209
0.86611
0.89283
0.90112
0.9058
0.93113
0.95796
0.96476
0.96943
0.98328
0.99499
0.99158
0.98824
0.98122
0.96997
0.96146
0.95451
0.91494
0.86889
0.84919
0.82867
0.78428
0.7397
0.76904
0.801
0.78592
0.7694
0.76147
0.75635
0.72763
0.68916
0.68016
0.67418
0.64449
0.61187
0.60311
0.59393
0.6387
0.67415
0.76663
0.85993
0.9022
0.94127
0.95755
0.97173
0.97032
0.96867
0.9608
0.95111
0.94183
0.933
0.9257
0.92036
0.92165
0.92241
0.93135
0.94139
0.93158
0.922
0.9298
0.93915
0.93177
0.92737
0.921
0.91681
0.91289
0.91044
0.93887
0.96481
0.97405
0.98096
0.98481
0.98762
0.99035
0.99791
0.99561
0.99296
0.99007
0.98529
0.98962
0.99057
0.9932
0.9936
0.98381
0.97252
0.96061
0.94629
0.92792
0.90882
0.94828
0.99145
0.98384
0.97562
0.95335
0.93281
0.9523
0.96813
0.97247
0.97298
0.98381
0.99353
0.98837
0.9849
0.95646
0.92077
0.92451
0.9278
0.89908
0.87609
0.84262
0.81162
0.81614
0.82422
0.84216
0.86343
0.87612
0.88758
0.88356
0.88312
0.90937
0.9349
0.94484
0.95293
0.96471
0.9769
0.97765
0.98089
0.98357
0.98548
0.98343
0.98191
0.97853
0.97423
0.97832
0.97987
0.97442
0.96983
0.96658
0.95658
0.92856
0.89729
0.84416
0.7993
0.84336
0.88364
0.9222
0.9627
0.96437
0.96488
0.91388
0.86443
0.92065
0.97676
0.94747
0.91552
0.92933
0.94479
0.9479
0.94936
0.95477
0.96352
0.96051
0.95223
0.95296
0.9537
0.94211
0.92884
0.9107
0.8938
0.87395
0.85172
0.86331
0.87726
0.884
0.89335
0.90565
0.91745
0.88857
0.8638
0.86508
0.86649
0.8736
0.88297
0.82597
0.77425
0.76022
0.74783
0.82398
0.9075
0.91492
0.92297
0.93742
0.94795
0.93039
0.91253
0.92586
0.93991
0.93051
0.92204
0.93446
0.94851
0.95082
0.95019
0.9459
0.9412
0.9312
0.9175
0.9018
0.88879
0.89227
0.89345
0.92557
0.95837
0.96746
0.97308
0.96925
0.96235
0.9781
0.99114
0.98532
0.97909
0.96785
0.95531
0.95274
0.95269
0.94588
0.93841
0.92856
0.92624
0.90437
0.88035
0.91181
0.94186
0.95371
0.96113
0.92005
0.87784
0.90977
0.94506
0.94626
0.94879
0.96855
0.98378
0.98001
0.97681
0.97374
0.9691
0.9842
0.99126
0.99033
0.99058
0.98345
0.97642
0.96975
0.96222
0.96856
0.97426
0.98638
0.99492
0.98446
0.9721
0.94151
0.90974
0.89534
0.87966
0.88998
0.90003
0.9051
0.90652
0.91898
0.93097
0.93927
0.95349
0.95666
0.95929
0.955
0.95323
0.9479
0.93645
0.93105
0.92607
0.94827
0.97497
0.98438
0.99031
0.97014
0.94798
0.94838
0.94472
0.91535
0.88841
0.89022
0.88997
0.88627
0.88474
0.89935
0.91398
0.91686
0.92413
0.92744
0.929
0.92803
0.92412
0.92384
0.92245
0.91328
0.9094
0.90777
0.90341
0.9151
0.92588
0.91856
0.91033
0.93007
0.94886
0.9154
0.88348
0.86163
0.83606
0.83195
0.82615
0.83084
0.83797
0.82565
0.81274
0.76866
0.72838
0.74334
0.76027
0.78242
0.8035
0.79644
0.79072
0.86378
0.92998
0.95656
0.97911
0.96933
0.96294
0.96127
0.95991
0.93796
0.91437
0.92317
0.92552
0.93701
0.94355
0.95727
0.97376
0.97402
0.97166
0.96844
0.9672
0.94604
0.92857
0.91814
0.90767
0.90305
0.89862
0.91229
0.92509
0.92433
0.92319
0.9301
0.93645
0.93512
0.93746
0.96104
0.98608
0.98856
0.98531
0.97609
0.96904
0.95838
0.94929
0.95865
0.97155
0.98264
0.992
0.99321
0.99315
0.97901
0.96784
0.95329
0.93924
0.94797
0.95736
0.95211
0.94736
0.95323
0.95764
0.94979
0.93796
0.90547
0.8744
0.88715
0.89798
0.8632
0.81659
0.82131
0.82762
0.82697
0.82694
0.85494
0.88194
0.87931
0.87452
0.87902
0.88244
0.90161
0.92733
0.9355
0.94799
0.88246
0.8161
0.80107
0.7855
0.78116
0.77972
0.75303
0.72942
0.76165
0.79783
0.80166
0.8054
0.8229
0.83915
0.84072
0.84267
0.84783
0.85151
0.88362
0.91265
0.91821
0.92216
0.899
0.87817
0.86761
0.85798
0.90122
0.94332
0.95464
0.96564
0.96322
0.96444
0.9719
0.97835
0.97346
0.9688
0.96387
0.9584
0.93264
0.90927
0.89965
0.88854
0.88165
0.87199
0.91582
0.9574
0.96671
0.97473
0.9643
0.957
0.94571
0.93354
0.95069
0.96725
0.97534
0.98076
0.98935
0.99385
0.99482
0.98953
0.99376
0.99454
0.99339
0.99618
0.98747
0.97885
0.98076
0.98423
0.991
0.99664
0.99443
0.99163
0.98312
0.97627
0.97492
0.97433
0.97559
0.97591
0.9617
0.94412
0.92329
0.90166
0.92645
0.95208
0.95212
0.95576
0.97499
0.99197
0.99132
0.98995
0.99256
0.99706
0.99555
0.99537
0.99732
0.99545
0.98139
0.96571
0.93749
0.90808
0.90115
0.89014
0.87448
0.85917
0.86964
0.8815
0.89948
0.91787
0.94438
0.9751
0.96067
0.94879
0.96112
0.97536
0.97232
0.96111
0.94664
0.92252
0.88265
0.84503
0.83959
0.83134
0.83367
0.83621
0.84886
0.86314
0.87082
0.8768
0.84576
0.81652
0.82095
0.82387
0.83813
0.84576
0.85263
0.85392
0.87049
0.88396
0.892
0.90323
0.91571
0.93241
0.92279
0.91437
0.90981
0.90368
0.91933
0.93502
0.91793
0.90301
0.89747
0.88759
0.8774
0.87024
0.88683
0.90759
0.91332
0.92531
0.90228
0.87813
0.90575
0.93131
0.95687
0.98069
0.97957
0.98119
0.98653
0.98785
0.98798
0.98355
0.97514
0.96407
0.96612
0.97053
0.97167
0.97407
0.96381
0.94981
0.94942
0.94789
0.94069
0.93575
0.95953
0.98598
0.96089
0.93492
0.92743
0.92019
0.92351
0.92775
0.87408
0.82036
0.83499
0.84879
0.85843
0.86716
0.91317
0.96438
0.97819
0.99343
0.98517
0.97274
0.97462
0.98135
0.98008
0.98065
0.97463
0.97064
0.96786
0.96559
0.96819
0.97208
0.97978
0.98622
0.96339
0.92439
0.91099
0.89836
0.89729
0.89788
0.87317
0.84933
0.83281
0.81788
0.80719
0.79776
0.84455
0.89238
0.91839
0.94491
0.9524
0.96292
0.94634
0.92567
0.95568
0.98251
0.99047
0.99642
0.97726
0.96212
0.93799
0.91916
0.90534
0.89435
0.89256
0.88804
0.84065
0.79479
0.80047
0.80671
0.84409
0.87807
0.87786
0.88058
0.87089
0.85668
0.88102
0.90265
0.92131
0.93733
0.96404
0.99591
0.99484
0.99238
0.97326
0.95438
0.92818
0.90149
0.90036
0.8952
0.88484
0.869
0.86244
0.8587
0.86541
0.87214
0.87988
0.88614
0.918
0.94831
0.88123
0.80227
0.78079
0.76318
0.79455
0.82147
0.82715
0.82753
0.84753
0.86584
0.82998
0.78958
0.81718
0.84864
0.84568
0.8437
0.83466
0.82371
0.84635
0.86822
0.87054
0.87426
0.85962
0.84083
0.81493
0.78764
0.81325
0.83662
0.85622
0.87353
0.9119
0.94711
0.96716
0.98299
0.9829
0.97884
0.98593
0.99208
0.99507
0.99597
0.98531
0.97817
0.98367
0.98709
0.99194
0.99567
0.99319
0.99429
0.99316
0.98849
0.98746
0.98717
0.98976
0.99159
0.99575
0.9942
0.99304
0.99328
0.99475
0.99245
0.98597
0.97371
0.97418
0.97515
0.97894
0.98624
0.98396
0.98158
0.98897
0.99186
0.98709
0.97889
0.95936
0.94044
0.938
0.93554
0.93189
0.93275
0.94301
0.95492
0.95289
0.95302
0.95551
0.95989
0.95551
0.9547
0.95445
0.95198
0.94752
0.94237
0.94438
0.94476
0.93902
0.93251
0.93683
0.93762
0.92097
0.90171
0.89992
0.89693
0.89433
0.89509
0.88852
0.88555
0.87855
0.87037
0.86318
0.8542
0.87746
0.89699
0.85476
0.81728
0.80901
0.80112
0.80016
0.8045
0.79043
0.78055
0.80323
0.82881
0.81515
0.80128
0.81857
0.83583
0.83651
0.8383
0.82114
0.80341
0.82099
0.83624
0.84636
0.85458
0.85869
0.85751
0.83449
0.81089
0.78027
0.75328
0.73027
0.71349
0.70782
0.70813
0.72325
0.73995
0.73643
0.7355
0.73106
0.73269
0.72524
0.71683
0.71822
0.71541
0.72948
0.74431
0.75939
0.77997
0.81364
0.84969
0.84419
0.84235
0.82496
0.80811
0.83033
0.85158
0.87909
0.90574
0.89627
0.88546
0.85037
0.81195
0.80051
0.78616
0.85914
0.92799
0.94581
0.95849
0.89925
0.83388
0.83112
0.82707
0.79005
0.75442
0.78443
0.81667
0.82922
0.845
0.84206
0.83545
0.82341
0.8044
0.79964
0.79295
0.76797
0.74599
0.77214
0.8048
0.80376
0.79922
0.73079
0.66258
0.66533
0.66947
0.71786
0.76788
0.77868
0.7906
0.8083
0.83196
0.8623
0.89401
0.86469
0.83703
0.81676
0.79501
0.80956
0.82036
0.829
0.83499
0.85852
0.87881
0.86261
0.84036
0.85715
0.87167
0.8448
0.81463
0.76899
0.72616
0.7187
0.70792
0.72853
0.75393
0.77462
0.79451
0.80011
0.80327
0.80577
0.80785
0.79495
0.78234
0.74723
0.71046
0.71737
0.72529
0.7255
0.72601
0.74077
0.75346
0.78012
0.8064
0.82446
0.8468
0.83787
0.82682
0.81405
0.79817
0.83454
0.86946
0.87628
0.87835
0.88505
0.88757
0.89395
0.89783
0.87136
0.84501
0.87497
0.90598
0.88817
0.86537
0.86834
0.86663
0.8465
0.82726
0.84827
0.86698
0.83234
0.79286
0.70035
0.61116
0.63865
0.66229
0.73883
0.82168
0.80544
0.78881
0.74846
0.70512
0.75664
0.8071
0.84179
0.88016
0.82696
0.77565
0.79631
0.81406
0.87329
0.92302
0.93809
0.95388
0.96748
0.97581
0.95852
0.9365
0.95012
0.96053
0.9465
0.92214
0.89118
0.85458
0.84044
0.82948
0.7946
0.75614
0.73843
0.71968
0.74096
0.75683
0.78482
0.80665
0.80486
0.80288
0.83797
0.87541
0.87671
0.87877
0.91511
0.95258
0.90535
0.83898
0.74733
0.65
0.70982
0.76596
0.78033
0.79191
0.7547
0.71828
0.72481
0.73292
0.70451
0.67921
0.67973
0.68324
0.68279
0.68318
0.7034
0.71973
0.78187
0.83985
0.86345
0.88308
0.89169
0.90314
0.91445
0.92488
0.95201
0.9801
0.98253
0.99001
0.96972
0.94659
0.94638
0.9432
0.94255
0.94075
0.95486
0.97222
0.97179
0.96772
0.93633
0.90402
0.88878
0.86873
0.89968
0.92736
0.9072
0.88687
0.90917
0.9342
0.84618
0.75395
0.75847
0.75908
0.81636
0.8645
0.88652
0.90319
0.90773
0.91296
0.89617
0.87676
0.85573
0.83418
0.84713
0.85915
0.85419
0.84509
0.8445
0.84378
0.83918
0.8342
0.82694
0.81499
0.81742
0.81617
0.80766
0.79828
0.81821
0.84292
0.84937
0.85416
0.85885
0.86202
0.83862
0.80934
0.79524
0.77921
0.80322
0.82181
0.86146
0.9026
0.91412
0.92531
0.93664
0.94883
0.9401
0.93461
0.91518
0.896
0.88866
0.87988
0.88752
0.8955
0.89246
0.89259
0.90532
0.91617
0.93268
0.9516
0.96135
0.97137
0.96777
0.96448
0.94789
0.92949
0.92486
0.91824
0.90023
0.8812
0.86872
0.85671
0.85201
0.84584
0.85025
0.85361
0.8298
0.79997
0.79959
0.80239
0.79047
0.77956
0.8038
0.83035
0.83695
0.84431
0.79158
0.742
0.72143
0.7049
0.71432
0.72304
0.7604
0.79466
0.8868
0.97288
0.94286
0.90593
0.85589
0.80505
0.73949
0.67719
0.6534
0.6375
0.66475
0.69049
0.66831
0.64657
0.69544
0.74515
0.76922
0.78841
0.78923
0.79325
0.74583
0.69803
0.73747
0.76834
0.79429
0.81682
0.87718
0.93215
0.89082
0.84969
0.81979
0.78486
0.78956
0.79239
0.78906
0.782
0.77399
0.76542
0.76648
0.77039
0.77154
0.77192
0.78463
0.79812
0.78712
0.77842
0.77908
0.77623
0.77762
0.77877
0.78126
0.78629
0.79194
0.79946
0.83656
0.86891
0.85431
0.83463
0.76123
0.68893
0.68762
0.68945
0.68145
0.67287
0.67069
0.67025
0.67776
0.68537
0.68076
0.67776
0.64017
0.60273
0.6211
0.64103
0.65574
0.66903
0.66801
0.67269
0.69909
0.72442
0.80425
0.87897
0.88315
0.88976
0.79124
0.69572
0.71083
0.72472
0.73669
0.74404
0.7092
0.67693
0.71542
0.75472
0.71316
0.66904
0.7089
0.74775
0.74683
0.74141
0.7579
0.77233
0.80066
0.82728
0.88478
0.93814
0.95581
0.97018
0.91593
0.8562
0.82805
0.80177
0.77203
0.73699
0.74113
0.74338
0.79368
0.8495
0.85552
0.85835
0.86183
0.85491
0.81265
0.75383
0.65718
0.55554
0.51293
0.47045
0.50469
0.53492
0.56739
0.60247
0.60913
0.61802
0.64561
0.67531
0.66129
0.6445
0.60703
0.57457
0.56768
0.5655
0.59223
0.61957
0.65463
0.69113
0.70957
0.72754
0.76299
0.79247
0.84284
0.89186
0.9067
0.91662
0.79164
0.67565
0.66388
0.65516
0.63262
0.61107
0.62396
0.63473
0.70243
0.77332
0.77715
0.7809
0.68803
0.60181
0.57467
0.55208
0.55739
0.5681
0.56814
0.57083
0.60145
0.63111
0.67168
0.71153
0.73283
0.7548
0.74992
0.74732
0.73763
0.73014
0.75376
0.77439
0.80144
0.83176
0.81416
0.79786
0.80354
0.81655
0.80166
0.79296
0.83365
0.87747
0.89771
0.92171
0.89011
0.8609
0.81241
0.76078
0.80752
0.85038
0.88624
0.91307
0.93322
0.95236
0.97311
0.98986
0.97467
0.95318
0.89715
0.84485
0.86093
0.87991
0.85911
0.83606
0.82225
0.81203
0.82752
0.84079
0.84671
0.85179
0.87378
0.89848
0.88443
0.86979
0.8543
0.83729
0.81234
0.78355
0.81298
0.84532
0.84055
0.83327
0.80628
0.76863
0.79241
0.81549
0.80161
0.78922
0.79036
0.79516
0.77766
0.75795
0.71252
0.66506
0.65564
0.64025
0.63809
0.63284
0.63714
0.63967
0.72245
0.80858
0.83183
0.85381
0.81031
0.77365
0.7854
0.79953
0.81353
0.82589
0.84006
0.85847
0.85734
0.85694
0.85438
0.84898
0.86857
0.88407
0.80564
0.72893
0.73338
0.74386
0.72611
0.70809
0.6522
0.59636
0.6102
0.62378
0.63608
0.64705
0.65506
0.66137
0.67066
0.67751
0.69019
0.70433
0.72552
0.73962
0.77535
0.80949
0.83598
0.8612
0.90293
0.94701
0.95399
0.94143
0.88134
0.81357
0.80796
0.80031
0.78983
0.77777
0.75344
0.7238
0.709
0.69425
0.67718
0.65816
0.70306
0.74986
0.75615
0.76435
0.75549
0.74778
0.69112
0.64209
0.69129
0.74646
0.71641
0.68995
0.70298
0.71524
0.75024
0.78422
0.74847
0.70946
0.77202
0.84005
0.77839
0.70318
0.71414
0.73106
0.71575
0.692
0.6943
0.69436
0.70447
0.719
0.69814
0.67991
0.66933
0.65778
0.65851
0.65844
0.68012
0.69788
0.71947
0.74303
0.74172
0.74366
0.72306
0.70554
0.73179
0.75936
0.74615
0.73041
0.69873
0.66396
0.67832
0.68953
0.6775
0.6647
0.6982
0.7336
0.77174
0.80484
0.83255
0.85604
0.86866
0.87862
0.91698
0.95468
0.97355
0.98615
0.90063
0.78992
0.75994
0.73234
0.6545
0.5755
0.55615
0.53805
0.57391
0.61299
0.7256
0.81918
0.89543
0.95235
0.95771
0.96326
0.93634
0.9053
0.84266
0.77889
0.72739
0.67437
0.69481
0.71466
0.76723
0.81737
0.87448
0.92808
0.94442
0.95972
0.95652
0.95585
0.95492
0.95453
0.93094
0.90593
0.93008
0.95893
0.90046
0.83616
0.79145
0.74532
0.71853
0.68943
0.64995
0.60734
0.60045
0.59484
0.62723
0.66098
0.6837
0.70327
0.68641
0.66606
0.69356
0.71603
0.8089
0.89143
0.91433
0.93495
0.9056
0.87535
0.84709
0.81444
0.75593
0.69906
0.65457
0.60996
0.62808
0.64415
0.70774
0.77153
0.78267
0.79265
0.85767
0.91996
0.8812
0.84596
0.85665
0.87133
0.81909
0.76756
0.78896
0.81188
0.78375
0.74653
0.71996
0.69622
0.73331
0.7704
0.74825
0.7245
0.71569
0.70921
0.66216
0.61252
0.6787
0.74834
0.7718
0.80271
0.71135
0.61651
0.63197
0.64691
0.67879
0.70242
0.70725
0.70952
0.81817
0.92286
0.93526
0.93154
0.88022
0.8209
0.77372
0.71655
0.72691
0.7385
0.80788
0.87719
0.85264
0.82422
0.81928
0.8172
0.8743
0.93458
0.87729
0.81259
0.82223
0.83281
0.81297
0.79356
0.78791
0.78514
0.74415
0.69645
0.66699
0.63385
0.65179
0.67072
0.78028
0.87664
0.87803
0.87679
0.93409
0.98948
0.96653
0.93853
0.89806
0.84253
0.81875
0.79
0.76194
0.72912
0.85639
0.98006
0.95598
0.93438
0.92207
0.91084
0.80835
0.69641
0.6537
0.61382
0.65166
0.68864
0.73284
0.78062
0.77622
0.77137
0.79606
0.81923
0.77546
0.73395
0.76523
0.7981
0.80539
0.8122
0.80355
0.79072
0.78924
0.78701
0.79262
0.79487
0.80798
0.82617
0.82646
0.8247
0.83652
0.85116
0.87471
0.90403
0.85712
0.81049
0.86054
0.91358
0.89908
0.88168
0.85723
0.82771
0.78304
0.73246
0.7794
0.82158
0.90124
0.96372
0.92745
0.89112
0.81963
0.74517
0.82517
0.91305
0.86279
0.79525
0.79922
0.8007
0.79442
0.78918
0.80801
0.81765
0.8075
0.79586
0.78879
0.78178
0.66354
0.5598
0.60388
0.65403
0.70782
0.76414
0.77046
0.77496
0.69914
0.61912
0.55475
0.50749
0.6476
0.76165
0.73265
0.69525
0.64748
0.59838
0.66913
0.74317
0.6598
0.57954
0.63028
0.68719
0.66575
0.65352
0.74042
0.82637
0.85951
0.89078
0.87709
0.86087
0.7915
0.72492
0.69517
0.66489
0.65292
0.64144
0.67721
0.71715
0.7131
0.70868
0.74651
0.78454
0.74378
0.70031
0.68887
0.67682
0.70622
0.7314
0.71841
0.69978
0.69488
0.69146
0.68579
0.68522
0.71
0.73686
0.73751
0.74291
0.74583
0.75021
0.74213
0.73387
0.7612
0.78338
0.79187
0.79393
0.81293
0.82774
0.88366
0.93968
0.94541
0.94959
0.92216
0.84417
0.82456
0.75357
0.68647
0.62517
0.55299
0.48719
0.47751
0.47322
0.50039
0.5229
0.6211
0.71878
0.75123
0.77946
0.81069
0.84282
0.82448
0.80194
0.81139
0.80979
0.77961
0.74095
0.68742
0.63066
0.53253
0.44317
0.42082
0.4003
0.41327
0.42915
0.4394
0.44966
0.50908
0.57511
0.65244
0.73412
