0.74087
0.73178
0.75525
0.77632
0.81071
0.84458
0.85623
0.86589
0.84495
0.81834
0.79698
0.77622
0.78457
0.7933
0.77111
0.75114
0.71748
0.68064
0.71806
0.75282
0.75109
0.74392
0.76183
0.78205
0.69755
0.62064
0.59559
0.57408
0.617
0.65912
0.65084
0.63915
0.63755
0.64083
0.63416
0.62996
0.61273
0.59466
0.76274
0.93148
0.8584
0.76395
0.74742
0.72542
0.71522
0.70446
0.73135
0.75622
0.69709
0.64279
0.61911
0.59798
0.61852
0.64606
0.61563
0.59251
0.56939
0.54103
0.65291
0.75507
0.7671
0.78374
0.78826
0.79387
0.81289
0.82882
0.81211
0.79562
0.73799
0.68262
0.64902
0.62017
0.57606
0.53633
0.58688
0.64137
0.67804
0.71016
0.71237
0.71416
0.73596
0.74878
0.74984
0.75037
0.7479
0.72817
0.76771
0.80814
0.74945
0.69052
0.65724
0.62458
0.57744
0.52943
0.65646
0.79117
0.77902
0.76502
0.76258
0.75975
0.691
0.62477
0.71373
0.7525
0.76421
0.77512
0.83764
0.89642
0.91495
0.92637
0.95002
0.97751
0.9661
0.94223
0.92631
0.86423
0.83305
0.79533
0.84026
0.88512
0.86766
0.84956
0.83219
0.81646
0.79442
0.77078
0.76275
0.75556
0.75061
0.74562
0.72888
0.70637
0.70886
0.71133
0.7208
0.72035
0.74087
0.75424
0.75817
0.76145
0.74622
0.72926
0.73637
0.74563
0.75473
0.757
0.71416
0.66966
0.62726
0.59081
0.54087
0.49827
0.50013
0.50314
0.50317
0.50487
0.5023
0.50226
0.4949
0.48911
0.496
0.49932
0.4903
0.48144
0.51549
0.54476
0.61709
0.6863
0.74289
0.79393
0.8509
0.91175
0.87889
0.84733
0.85582
0.86226
0.90688
0.95755
0.92406
0.86036
0.82651
0.77801
0.71775
0.65993
0.65594
0.64909
0.62612
0.59956
0.57799
0.55555
0.56338
0.57411
0.59566
0.61968
0.61377
0.6084
0.62563
0.64084
0.61424
0.58831
0.69015
0.80206
0.77657
0.75172
0.73149
0.71593
0.77377
0.83354
0.89248
0.94157
0.95978
0.97008
0.88655
0.80831
0.79364
0.76307
0.73923
0.70602
0.69789
0.6907
0.68719
0.68218
0.69563
0.7143
0.74253
0.77232
0.77155
0.77141
0.74444
0.72152
0.75359
0.78639
0.77934
0.76874
0.76399
0.75908
0.73751
0.71463
0.77078
0.82763
0.83155
0.83192
0.78591
0.73735
0.78277
0.82795
0.84648
0.84616
0.83541
0.82452
0.80883
0.79214
0.74257
0.69797
0.6648
0.6333
0.60348
0.57032
0.57865
0.58805
0.59983
0.61274
0.64755
0.68616
0.7462
0.7975
0.8698
0.94352
0.93199
0.86506
0.85467
0.84848
0.83713
0.82748
0.84055
0.85341
0.79929
0.74845
0.78796
0.81873
0.83222
0.84182
0.82272
0.8016
0.76424
0.74831
0.81436
0.87038
0.84974
0.83166
0.84844
0.86491
0.88439
0.87566
0.88011
0.87902
0.85403
0.82375
0.82839
0.83542
0.77949
0.72398
0.7378
0.75341
0.74701
0.74183
0.77505
0.81515
0.81425
0.80998
0.78679
0.76831
0.75634
0.74739
0.71773
0.72708
0.73298
0.75585
0.7814
0.80539
0.79905
0.78416
0.77082
0.7568
0.71508
0.67986
0.69982
0.72035
0.72126
0.72435
0.73012
0.74017
0.72732
0.71741
0.75967
0.80876
0.82277
0.83172
0.81376
0.78235
0.76266
0.74479
0.76146
0.77493
0.64674
0.53264
0.51715
0.50177
0.52563
0.54908
0.60713
0.66673
0.64145
0.61636
0.63589
0.64838
0.80128
0.95141
0.96266
0.96682
0.94949
0.90574
0.86357
0.82228
0.80598
0.78743
0.82634
0.86047
0.83064
0.78735
0.7488
0.70819
0.71464
0.72386
0.73162
0.73834
0.68958
0.64635
0.62161
0.61015
0.73912
0.83893
0.92339
0.9587
0.93307
0.90824
0.87525
0.82984
0.80354
0.77905
0.81923
0.86084
0.8453
0.82821
0.8077
0.78438
0.78154
0.77928
0.7679
0.75335
0.71939
0.68144
0.61847
0.56051
0.56957
0.5773
0.57865
0.57717
0.61128
0.6446
0.66568
0.68063
0.70516
0.72613
0.82666
0.92882
0.9243
0.91805
0.92174
0.92885
0.8796
0.81639
0.76763
0.69566
0.78167
0.84885
0.86398
0.83087
0.77551
0.71829
0.73828
0.7518
0.82278
0.88726
0.88791
0.88636
0.88417
0.882
0.8934
0.90575
0.92266
0.93932
0.9571
0.97102
0.97355
0.97705
0.97231
0.96739
0.97307
0.98189
0.93698
0.8943
0.86562
0.83668
0.83691
0.83946
0.90541
0.97182
0.93357
0.89626
0.8698
0.83826
0.84631
0.85304
0.85183
0.84867
0.85977
0.87183
0.87213
0.87662
0.86333
0.85138
0.85209
0.85112
0.85998
0.87048
0.87301
0.87716
0.88843
0.88895
0.91902
0.95037
0.93282
0.91455
0.89072
0.87217
0.88762
0.90703
0.91797
0.93021
0.95179
0.9621
0.96944
0.97222
0.95934
0.94369
0.95378
0.96364
0.96704
0.96926
0.96657
0.95282
0.84645
0.73646
0.70578
0.67914
0.76963
0.86768
0.84239
0.79002
0.81657
0.83439
0.78684
0.73484
0.67656
0.62132
0.70275
0.7964
0.93439
0.96548
0.9209
0.87439
0.88827
0.89992
0.82127
0.71844
0.72867
0.73523
0.76542
0.79013
0.7679
0.74334
0.72395
0.70758
0.70353
0.69682
0.66893
0.64121
0.72848
0.79576
0.80835
0.83475
0.7602
0.68251
0.65311
0.62497
0.65016
0.67324
0.7014
0.72446
0.81439
0.90265
0.92555
0.9425
0.95226
0.95638
0.97909
0.99566
0.99419
0.99367
0.9947
0.99343
0.99361
0.99519
0.9885
0.97886
0.97108
0.96037
0.9744
0.98183
0.98681
0.99257
0.96647
0.9219
0.86675
0.80406
0.76382
0.73016
0.71856
0.70863
0.71332
0.72193
0.73597
0.75204
0.76269
0.77625
0.84756
0.91064
0.90134
0.88756
0.88515
0.88697
0.89314
0.90612
0.91018
0.90992
0.90462
0.89478
0.91249
0.92671
0.92736
0.93017
0.9212
0.91133
0.8935
0.87742
0.88623
0.89443
0.91331
0.93345
0.94676
0.95711
0.95441
0.9525
0.9711
0.9876
0.97711
0.96694
0.96215
0.95889
0.91143
0.86875
0.88385
0.9012
0.91206
0.92235
0.90471
0.8798
0.78398
0.68981
0.6451
0.60503
0.63813
0.67412
0.67273
0.67204
0.70688
0.74031
0.80586
0.87163
0.90112
0.92872
0.92712
0.92591
0.91109
0.89985
0.91713
0.93405
0.94622
0.95471
0.9407
0.92536
0.91152
0.89574
0.89233
0.88769
0.89735
0.91267
0.9032
0.89765
0.887
0.88185
0.90474
0.93078
0.91259
0.88447
0.82847
0.76295
0.74633
0.72498
0.72358
0.72433
0.69023
0.65376
0.65559
0.65139
0.6708
0.68924
0.69862
0.70546
0.75338
0.79883
0.7195
0.64893
0.64891
0.656
0.66265
0.67377
0.69304
0.71345
0.82664
0.91892
0.91806
0.91459
0.89613
0.87793
0.86595
0.85457
0.85885
0.86261
0.88446
0.89977
0.88451
0.86906
0.85627
0.84076
0.85981
0.87844
0.87827
0.87718
0.899
0.91428
0.9391
0.96003
0.96986
0.97839
0.93488
0.88921
0.82095
0.74587
0.73603
0.73034
0.72887
0.7305
0.73955
0.74595
0.78272
0.8201
0.83548
0.85378
0.85743
0.85721
0.83812
0.82217
0.83357
0.84784
0.77684
0.68795
0.71508
0.74552
0.68912
0.63113
0.63026
0.62637
0.57035
0.51427
0.53794
0.557
0.57483
0.59563
0.59702
0.60318
0.56712
0.52983
0.52808
0.5247
0.54851
0.57113
0.57854
0.58696
0.59077
0.59499
0.59976
0.60349
0.62217
0.64047
0.64001
0.64497
0.65132
0.65755
0.6703
0.68632
0.6808
0.67834
0.65115
0.62348
0.63386
0.64669
0.67965
0.70725
0.77242
0.83423
0.87874
0.91801
0.93682
0.95578
0.96523
0.97412
0.97781
0.97623
0.97901
0.97849
0.9582
0.9366
0.93657
0.94144
0.94016
0.94063
0.94045
0.93965
0.91714
0.89381
0.86246
0.82741
0.78103
0.74028
0.73983
0.73827
0.81267
0.89465
0.86944
0.84013
0.75687
0.67044
0.64006
0.60877
0.63554
0.6632
0.67489
0.69165
0.71488
0.73766
0.76169
0.78396
0.74332
0.70223
0.71694
0.7353
0.71926
0.70387
0.66355
0.62102
0.64766
0.6708
0.69455
0.71834
0.75003
0.77904
0.74487
0.70612
0.69682
0.68537
0.65521
0.62744
0.61454
0.59738
0.62257
0.65029
0.64154
0.63
0.64322
0.65949
0.64226
0.62644
0.63173
0.64078
0.64312
0.64787
0.62762
0.61104
0.66691
0.7292
0.66514
0.60351
0.58999
0.57675
0.55491
0.53659
0.56979
0.601
0.64151
0.68001
0.71663
0.75818
0.77386
0.79072
0.77415
0.75747
0.76097
0.76031
0.78387
0.80423
0.84151
0.87413
0.89211
0.90911
0.88423
0.86319
0.85337
0.84509
0.84152
0.84081
0.80264
0.7603
0.81808
0.88035
0.89574
0.91555
0.9218
0.92903
0.86458
0.79191
0.76549
0.73957
0.75343
0.76764
0.78277
0.7996
0.81637
0.83758
0.89264
0.95085
0.95224
0.95416
0.94023
0.92461
0.87708
0.82386
0.85292
0.88538
0.90928
0.93197
0.90766
0.88325
0.86143
0.83027
0.81273
0.79021
0.74327
0.69773
0.78149
0.8518
0.91512
0.96777
0.94137
0.9126
0.9197
0.92457
0.89348
0.85672
0.87
0.88196
0.8947
0.9081
0.88173
0.85321
0.85925
0.86756
0.85897
0.85435
0.87954
0.90398
0.90887
0.91435
0.90861
0.90029
0.87365
0.84635
0.84512
0.83882
0.82018
0.79345
0.73654
0.67744
0.65863
0.64175
0.66392
0.6867
0.71059
0.735
0.74701
0.76124
0.75582
0.74918
0.766
0.78702
0.74315
0.70516
0.73744
0.7746
0.74102
0.71167
0.75065
0.78773
0.80013
0.81219
0.77851
0.74073
0.71598
0.691
0.72606
0.75972
0.79777
0.84206
0.8476
0.85227
0.81631
0.77892
0.75665
0.73463
0.70422
0.67292
0.63387
0.59756
0.5623
0.5303
0.58079
0.634
0.66898
0.70266
0.64063
0.58492
0.62238
0.65722
0.68117
0.70155
0.65866
0.61263
0.59767
0.58207
0.63374
0.68703
0.69953
0.70566
0.69128
0.67158
0.59011
0.51302
0.53074
0.55268
0.59425
0.63685
0.67172
0.70461
0.68936
0.67631
0.68707
0.70025
0.73363
0.76954
0.8273
0.88786
0.84237
0.79245
0.78108
0.76973
0.82096
0.85963
0.89768
0.93365
0.94879
0.96437
0.98152
0.99623
0.99353
0.9909
0.98052
0.97201
0.95366
0.93287
0.93523
0.93557
0.93506
0.93511
0.93536
0.93453
0.93742
0.94274
0.94014
0.94033
0.93955
0.94045
0.94975
0.95569
0.96555
0.97526
0.95644
0.93691
0.91181
0.88553
0.87216
0.85888
0.8799
0.89965
0.91121
0.92076
0.94527
0.9676
0.9781
0.98972
0.98624
0.9766
0.96201
0.9485
0.9478
0.94483
0.95212
0.95983
0.97614
0.99303
0.99248
0.99299
0.98303
0.97292
0.98469
0.99671
0.99567
0.99289
0.97369
0.95568
0.95854
0.96076
0.9336
0.91002
0.89351
0.87998
0.85344
0.8279
0.82958
0.84117
0.82929
0.81401
0.81834
0.81551
0.83127
0.84714
0.85505
0.86394
0.87478
0.88762
0.88888
0.88585
0.88624
0.88194
0.85118
0.81633
0.79805
0.77637
0.8168
0.86218
0.8073
0.74381
0.69218
0.64337
0.64574
0.64827
0.6444
0.63859
0.66458
0.69023
0.74229
0.79313
0.852
0.90199
0.93699
0.96417
0.97744
0.98768
0.9941
0.9959
0.99775
0.99472
0.98426
0.96945
0.97644
0.98653
0.96946
0.94857
0.9074
0.85265
0.81973
0.78679
0.79731
0.80591
0.79682
0.77986
0.799
0.81817
0.79149
0.76443
0.82745
0.87616
0.88545
0.88472
0.87308
0.85038
0.87788
0.90848
0.8822
0.85731
0.86198
0.86448
0.86213
0.85588
0.86222
0.867
0.8818
0.89584
0.9015
0.90983
0.89096
0.87729
0.88675
0.89823
0.90931
0.91881
0.91915
0.92217
0.9267
0.93209
0.90151
0.87098
0.88404
0.90053
0.90954
0.91292
0.89792
0.87894
0.86852
0.85983
0.85582
0.85381
0.89184
0.93203
0.93664
0.94278
0.93585
0.92722
0.94375
0.95951
0.9559
0.95645
0.95974
0.96137
0.97544
0.98882
0.98387
0.98426
0.92571
0.86026
0.8532
0.8453
0.87302
0.90141
0.88668
0.87447
0.89822
0.92635
0.93489
0.94312
0.89047
0.82809
0.80612
0.78909
0.82222
0.85638
0.87783
0.89987
0.84865
0.80575
0.88237
0.95869
0.97527
0.98958
0.99466
0.99436
0.99564
0.99514
0.99495
0.99354
0.99349
0.99407
0.96863
0.93007
0.90553
0.8816
0.92765
0.96575
0.95257
0.93555
0.89552
0.84641
0.8581
0.86907
0.8587
0.8479
0.85184
0.85608
0.83353
0.81077
0.83223
0.85007
0.88365
0.91915
0.94061
0.96264
0.9819
0.99524
0.99765
0.99448
0.99462
0.99595
0.96499
0.93146
0.92177
0.9143
0.88066
0.85031
0.79803
0.74531
0.74299
0.73899
0.80336
0.87225
0.89969
0.92961
0.91086
0.88923
0.86493
0.83805
0.86043
0.88487
0.87544
0.86341
0.8054
0.7554
0.79657
0.84073
0.84792
0.84918
0.81281
0.77852
0.77347
0.76863
0.7643
0.75839
0.76551
0.76711
0.84309
0.91825
0.95818
0.99498
0.97533
0.95354
0.89357
0.82594
0.77346
0.71814
0.71673
0.71291
0.74584
0.77923
0.80178
0.82473
0.86137
0.88966
0.90667
0.92261
0.90929
0.89472
0.91705
0.93927
0.9283
0.91685
0.90858
0.89736
0.86185
0.82283
0.8338
0.84246
0.87784
0.90678
0.89155
0.86928
0.82252
0.7839
0.76902
0.75593
0.79231
0.83275
0.88319
0.93064
0.94956
0.97073
0.9652
0.95765
0.95846
0.96069
0.97417
0.98718
0.95649
0.91573
0.87959
0.8347
0.82297
0.81544
0.83505
0.8463
0.90846
0.95932
0.95115
0.94402
0.95611
0.97031
0.94951
0.91627
0.90228
0.87687
0.81931
0.76398
0.74183
0.71892
0.70386
0.68864
0.72039
0.7542
0.76096
0.77005
0.77438
0.77953
0.78903
0.79929
0.81085
0.82001
0.81311
0.80081
0.80432
0.80647
0.82083
0.83806
0.88119
0.92546
0.96068
0.99301
0.99288
0.99631
0.97355
0.95337
0.95777
0.96633
0.95802
0.94775
0.95896
0.96625
0.96968
0.96714
0.95898
0.94616
0.9573
0.96855
0.9547
0.94234
0.92733
0.91387
0.91828
0.92112
0.91953
0.91566
0.90854
0.90359
0.88589
0.87292
0.88044
0.88976
0.92229
0.95593
0.95211
0.94548
0.94363
0.93829
0.95475
0.96888
0.97151
0.97483
0.97657
0.97596
0.96537
0.9558
0.93996
0.92569
0.95879
0.99359
0.98507
0.97448
0.97767
0.98048
0.97942
0.97546
0.96368
0.95009
0.94088
0.93184
0.9142
0.89452
0.90076
0.90674
0.8392
0.77225
0.79167
0.80819
0.86684
0.92615
0.90063
0.86819
0.87013
0.87454
0.86487
0.85438
0.83495
0.81615
0.83639
0.86067
0.86291
0.86444
0.86868
0.87366
0.89722
0.91758
0.9214
0.93081
0.95927
0.99279
0.98505
0.96985
0.933
0.89837
0.90784
0.91435
0.93543
0.95604
0.96547
0.96986
0.97886
0.9842
0.95665
0.91653
0.88119
0.84416
0.85242
0.86098
0.87013
0.87603
0.87828
0.87825
0.88511
0.89259
0.90181
0.91305
0.95013
0.97769
0.97603
0.97567
0.97408
0.97346
0.96078
0.94903
0.9398
0.92899
0.93635
0.94627
0.94844
0.95094
0.94813
0.9456
0.93293
0.92441
0.9507
0.97376
0.97034
0.966
0.94798
0.9252
0.92436
0.92471
0.93441
0.93965
0.963
0.98383
0.98208
0.97862
0.98882
0.99327
0.99628
0.9946
0.95559
0.91677
0.91705
0.91579
0.88487
0.85522
0.86324
0.87248
0.88996
0.91204
0.90097
0.88851
0.91261
0.93743
0.96679
0.99501
0.99324
0.99322
0.97775
0.96508
0.97338
0.97834
0.97953
0.98293
0.95962
0.9317
0.92883
0.92613
0.92494
0.92102
0.92669
0.9328
0.91416
0.89415
0.92237
0.94862
0.93849
0.93496
0.8973
0.8627
0.83496
0.80665
0.80844
0.80945
0.83561
0.85533
0.88766
0.91618
0.93826
0.9558
0.95862
0.96073
0.96037
0.95871
0.87621
0.79771
0.80845
0.81906
0.82932
0.84286
0.82636
0.8126
0.81437
0.81684
0.83692
0.8581
0.87042
0.88194
0.87428
0.87015
0.89555
0.92431
0.94222
0.96378
0.969
0.97742
0.93846
0.90015
0.88705
0.87615
0.8576
0.84371
0.86394
0.88082
0.8831
0.87665
0.85458
0.83354
0.86329
0.89201
0.9151
0.9405
0.95276
0.96831
0.96753
0.96487
0.97558
0.98773
0.98283
0.97449
0.9757
0.97864
0.98125
0.98803
0.97375
0.96189
0.96115
0.95788
0.95033
0.94193
0.95057
0.96024
0.96771
0.973
0.98277
0.99144
0.97531
0.95841
0.96969
0.97899
0.98529
0.99153
0.96606
0.92963
0.88423
0.83715
0.85821
0.87663
0.87395
0.87358
0.88295
0.8969
0.92861
0.96137
0.95972
0.95501
0.9258
0.88518
0.88058
0.87796
0.89206
0.9089
0.88352
0.85768
0.8733
0.88618
0.87393
0.86299
0.86926
0.87613
0.86431
0.85192
0.85177
0.85031
0.91348
0.97841
0.98024
0.98364
0.94038
0.8909
0.83451
0.76856
0.74353
0.7192
0.76952
0.81338
0.83641
0.85724
0.86675
0.87706
0.84705
0.81792
0.81771
0.81417
0.84731
0.88485
0.9247
0.96732
0.9542
0.93854
0.91865
0.89789
0.89888
0.90032
0.88598
0.87446
0.86547
0.85557
0.88285
0.90412
0.92399
0.94181
0.89011
0.83518
0.83673
0.84075
0.83992
0.83638
0.82632
0.81715
0.84044
0.86629
0.90392
0.93878
0.93736
0.93275
0.92794
0.92221
0.92564
0.92725
0.9294
0.93257
0.92491
0.91616
0.92072
0.92
0.91614
0.91542
0.93605
0.95979
0.93569
0.90646
0.90825
0.90781
0.86793
0.82853
0.77585
0.724
0.71747
0.70886
0.72966
0.75034
0.7925
0.8403
0.85492
0.86989
0.89443
0.91913
0.88569
0.85344
0.84313
0.83027
0.83359
0.83297
0.83901
0.8397
0.83736
0.82951
0.79534
0.76273
0.78871
0.81921
0.85139
0.88525
0.92168
0.96162
0.9753
0.99294
0.98081
0.9669
0.94679
0.92915
0.92207
0.91306
0.88893
0.86373
0.8768
0.89131
0.93041
0.96401
0.97831
0.99143
0.98385
0.97086
0.92735
0.88319
0.82391
0.77258
0.81411
0.84983
0.83486
0.81533
0.81567
0.815
0.79796
0.78201
0.79411
0.81099
0.84705
0.88705
0.91711
0.94658
0.92819
0.91301
0.90453
0.89768
0.91342
0.92819
0.85457
0.77256
0.74651
0.7191
0.73096
0.74183
0.76964
0.79807
0.79283
0.79041
0.80679
0.82472
0.87478
0.92382
0.94365
0.96713
0.95537
0.95002
0.93368
0.914
0.92202
0.93139
0.93251
0.93512
0.91972
0.90396
0.8741
0.85088
0.87071
0.88911
0.90599
0.92584
0.9321
0.93838
0.92956
0.91576
0.87898
0.84222
0.86115
0.88199
0.92541
0.96575
0.98125
0.99287
0.99175
0.99072
0.99012
0.99124
0.97555
0.96162
0.93672
0.91187
0.95037
0.98219
0.98765
0.99013
0.97241
0.95799
0.95201
0.94689
0.94409
0.94297
0.94623
0.94754
0.95783
0.9652
0.95395
0.94403
0.94434
0.94251
0.92588
0.90538
0.89628
0.88881
0.88471
0.8766
0.89929
0.92371
0.95293
0.98349
0.95877
0.92426
0.89647
0.87329
0.89807
0.92671
0.90408
0.88139
0.8868
0.88963
0.91037
0.93219
0.95728
0.98076
0.96195
0.94182
0.9175
0.88942
0.83489
0.7798
0.81473
0.84923
0.8594
0.86726
0.82356
0.78479
0.76934
0.75687
0.80119
0.84518
0.8585
0.87601
0.86876
0.85933
0.87924
0.89234
0.92343
0.95568
0.9227
0.89089
0.82962
0.77095
0.73826
0.7004
0.71767
0.73954
0.76164
0.78652
0.8062
0.82524
0.79375
0.76334
0.77213
0.77984
0.74447
0.70648
0.7397
0.76823
0.76392
0.75199
0.76554
0.78082
0.85554
0.93207
0.91095
0.8877
0.90247
0.91624
0.91886
0.92344
0.91263
0.90222
0.90645
0.91004
0.91218
0.91166
0.91054
0.90747
0.9386
0.97183
0.97593
0.98351
0.96945
0.95889
0.96437
0.97164
0.967
0.96013
0.9646
0.96549
0.89323
0.81508
0.76828
0.71915
0.70513
0.69573
0.68224
0.67138
0.7094
0.74397
0.81003
0.86622
0.90856
0.94804
0.94557
0.93305
0.85106
0.77598
0.78895
0.80424
0.81973
0.82934
0.79855
0.77072
0.76737
0.76663
0.76399
0.7575
0.76588
0.77561
0.74703
0.72075
0.76094
0.8024
0.78472
0.76452
0.77982
0.79976
0.77431
0.7491
0.69904
0.64999
0.63209
0.60963
0.63862
0.66909
0.66823
0.66745
0.69465
0.7253
0.77791
0.8291
0.84805
0.86548
0.88453
0.90441
0.91681
0.93018
0.89534
0.85663
0.9143
0.9735
0.96939
0.96183
0.94494
0.92548
0.92221
0.91399
0.93628
0.95882
0.95226
0.94001
0.94856
0.95952
0.96904
0.9823
0.9871
0.99382
0.9947
0.99424
0.99401
0.99336
0.99357
0.99175
0.98771
0.98224
0.958
0.93116
0.91329
0.89193
0.92733
0.96359
0.95492
0.94044
0.93245
0.92205
0.90435
0.88832
0.87543
0.8596
0.83779
0.81499
0.8317
0.85224
0.83798
0.82053
0.76044
0.69726
0.6878
0.67757
0.67981
0.68818
0.68619
0.68059
0.7519
0.82184
0.84583
0.86645
0.88551
0.90697
0.88643
0.86389
0.89227
0.92127
0.90352
0.88337
0.84894
0.81673
0.81061
0.80289
0.77113
0.73862
0.68659
0.63601
0.6801
0.7216
0.77469
0.83018
0.80969
0.78114
0.80409
0.82187
0.77079
0.71837
0.73646
0.7562
0.6575
0.5643
0.69108
0.81014
0.8944
0.96669
0.93135
0.88961
0.86834
0.84361
0.85831
0.87575
0.88378
0.89721
0.89093
0.88684
0.92689
0.95382
0.96022
0.96554
0.94717
0.92785
0.86176
0.78456
0.75993
0.72556
0.70755
0.69134
0.68993
0.68565
0.73719
0.78952
0.81416
0.83442
0.82638
0.81637
0.80603
0.79555
0.76327
0.72939
0.70664
0.68092
0.67153
0.66213
0.68071
0.69665
0.72755
0.75548
0.72637
0.69421
0.66099
0.63331
0.61753
0.6034
0.71826
0.83677
0.82438
0.81321
0.81864
0.82447
0.74211
0.66397
0.6694
0.67584
0.6785
0.67997
0.69803
0.7165
0.72997
0.74697
0.75801
0.76477
0.83329
0.90593
0.90311
0.89289
0.8753
0.85606
0.83986
0.82512
0.82254
0.8272
0.83806
0.85214
0.85096
0.8535
0.88213
0.90867
0.85761
0.80681
0.81985
0.83066
0.84114
0.85384
0.81365
0.77402
0.78837
0.80629
0.80665
0.80195
0.76985
0.73166
0.70429
0.67809
0.674
0.66956
0.69755
0.72895
0.71037
0.69084
0.67986
0.66649
0.69702
0.72688
0.73523
0.74136
0.73061
0.71576
0.69725
0.67701
0.68606
0.69827
0.72547
0.76219
0.70555
0.6539
0.64614
0.63998
0.6543
0.67006
0.71265
0.75189
0.78098
0.80975
0.81862
0.82958
0.81718
0.80286
0.78475
0.7681
0.77592
0.78427
0.78582
0.79266
0.80864
0.82176
0.82628
0.82387
0.8438
0.85814
0.87332
0.89073
0.86954
0.84805
0.80243
0.75365
0.7508
0.74624
0.80517
0.86024
0.88773
0.91465
0.89932
0.88728
0.84724
0.80898
0.77176
0.73156
0.75675
0.78324
0.8299
0.87924
0.89668
0.91783
0.9079
0.89698
0.90591
0.91724
0.92695
0.93935
0.95337
0.9653
0.95784
0.94512
0.95539
0.96215
0.96384
0.96354
0.95021
0.93866
0.93908
0.93926
0.93458
0.92761
0.86009
0.79529
0.77014
0.74048
0.75701
0.76801
0.78577
0.80607
0.83396
0.85882
0.88135
0.90446
0.91968
0.9303
0.95498
0.9774
0.98648
0.99505
0.99025
0.98945
0.99272
0.99463
0.99051
0.97921
0.96583
0.94996
0.94338
0.93223
0.91491
0.89872
0.89199
0.88109
0.87721
0.87508
0.84257
0.81498
0.82446
0.83167
0.85302
0.87005
0.80773
0.74154
0.71459
0.68664
0.69663
0.70158
0.7872
0.88434
0.8435
0.7975
0.80442
0.81433
0.83628
0.85496
0.78679
0.71719
0.73945
0.76862
0.69634
0.62291
0.60223
0.58222
0.58825
0.59689
0.59418
0.59501
0.61169
0.62422
0.65762
0.67704
0.789
0.89566
0.93372
0.96408
0.97996
0.9952
0.98308
0.97133
0.91489
0.85976
0.8797
0.90452
0.86818
0.83357
0.84111
0.8555
0.84385
0.82759
0.80266
0.77045
0.76083
0.75199
0.73606
0.71779
0.64416
0.57553
0.58239
0.59026
0.6505
0.70837
0.77373
0.82806
0.84559
0.85738
0.90933
0.96217
0.95708
0.94728
0.91853
0.88723
0.89785
0.90563
0.80257
0.68321
0.69715
0.71231
0.67984
0.65113
0.6613
0.6723
0.64278
0.61711
0.61044
0.60255
0.60247
0.60618
0.57419
0.54327
0.66905
0.7966
0.71503
0.64081
0.72342
0.80408
0.85721
0.9013
0.93639
0.95771
0.90897
0.85158
0.83663
0.82034
0.83175
0.8421
0.88919
0.9374
0.9426
0.94813
0.89052
0.82444
0.76801
0.70841
0.68347
0.65793
0.61892
0.57644
0.58041
0.58594
0.57029
0.55626
0.5805
0.60268
0.64574
0.68649
0.72412
0.76063
0.82401
0.87848
0.91636
0.94826
0.94356
0.93848
0.92899
0.91812
0.8939
0.87475
0.86722
0.8657
0.87725
0.88677
0.88709
0.88971
0.91175
0.93428
0.96091
0.983
0.98163
0.9808
0.93806
0.88989
0.85141
0.81397
0.83132
0.85136
0.89787
0.94922
0.97471
0.99503
0.99434
0.99176
0.98141
0.96538
0.93935
0.90508
0.81581
0.73404
0.78652
0.83909
0.86803
0.90009
0.9134
0.92982
0.9433
0.96001
0.92328
0.87985
0.8204
0.76196
0.75116
0.74081
0.79508
0.83876
0.90326
0.96131
0.95429
0.94645
0.92939
0.91345
0.88911
0.86221
0.8795
0.89655
0.85692
0.79846
0.79191
0.7848
0.74471
0.69919
0.63201
0.56908
0.63056
0.68095
0.75222
0.82074
0.83203
0.82397
0.70944
0.59824
0.76234
0.89343
0.89436
0.89203
0.90355
0.91488
0.92333
0.93013
0.8643
0.79376
0.78517
0.77675
0.82435
0.87479
0.90182
0.93063
0.94799
0.96661
0.96539
0.96226
0.97126
0.9767
0.9655
0.95502
0.92306
0.8931
0.91832
0.94179
0.94084
0.93111
0.89671
0.8628
0.8658
0.84648
0.82844
0.80613
0.78821
0.76994
0.73591
0.70733
0.6803
0.65106
0.6707
0.68839
0.70269
0.71636
0.71796
0.71694
0.73586
0.74797
0.67601
0.60384
0.59288
0.58534
0.58658
0.58448
0.60903
0.63519
0.64535
0.6562
0.63979
0.62653
0.66373
0.69793
0.76274
0.8293
0.73383
0.64133
0.74512
0.84776
0.80699
0.76411
0.85334
0.93351
0.93907
0.94431
0.91806
0.86428
0.8147
0.74865
0.70845
0.67024
0.73547
0.80565
0.76969
0.72906
0.74501
0.76109
0.73321
0.70472
0.61822
0.53917
0.57048
0.60089
0.66253
0.71939
0.76137
0.79797
0.83503
0.87125
0.8528
0.82029
0.8074
0.79998
0.77241
0.74727
0.73343
0.71858
0.75705
0.79317
0.80565
0.81614
0.85695
0.896
0.86612
0.833
0.79349
0.75616
0.74157
0.72823
0.71543
0.7054
0.76408
0.81896
0.72138
0.62372
0.55381
0.49153
0.52375
0.54612
0.5978
0.64669
0.77152
0.89079
0.87809
0.84396
0.83396
0.78195
0.76781
0.75819
0.75743
0.75954
0.68944
0.62884
0.62426
0.61756
0.63332
0.64989
0.62549
0.6002
0.59214
0.58137
0.57943
0.57642
0.58553
0.59418
0.69117
0.78552
0.88371
0.9693
0.98915
0.99087
0.99364
0.99358
0.97713
0.92401
0.87486
0.82098
0.79661
0.7701
0.78729
0.80057
0.79655
0.79202
0.79074
0.7924
0.78745
0.77682
0.75251
0.73618
0.70698
0.67832
0.82097
0.9041
0.7598
0.62318
0.67802
0.73016
0.75283
0.77586
0.78551
0.79929
0.78932
0.77456
0.7996
0.82125
0.78542
0.74941
0.73772
0.72618
0.7055
0.68494
0.82022
0.9386
0.82822
0.71171
0.76916
0.82559
0.71916
0.60173
0.61598
0.63292
0.65213
0.6686
0.6324
0.59102
0.67126
0.76483
0.74031
0.72148
0.6987
0.67947
0.72616
0.77094
0.74453
0.71857
0.72387
0.73099
0.71133
0.68994
0.74476
0.80365
0.77792
0.75301
0.7667
0.77839
0.69018
0.60435
0.58123
0.55785
0.55074
0.54494
0.53
0.50814
0.64962
0.78331
0.7873
0.78762
0.75032
0.71085
0.68982
0.66477
0.68933
0.71441
0.72647
0.74101
0.75112
0.75879
0.76135
0.7577
0.76024
0.76696
0.7332
0.70055
0.68061
0.66391
0.66356
0.65836
0.79912
0.94357
0.96792
0.98004
0.97399
0.96641
0.94504
0.92248
0.89126
0.85442
0.85848
0.85824
0.86225
0.85555
0.84214
0.82636
0.83739
0.84688
0.82843
0.79549
