0.5607
0.55926
0.58259
0.57493
0.81713
0.76686
0.70066
0.68089
0.63467
0.61023
0.65028
0.84035
0.85512
0.85536
0.8565
0.85566
0.76769
0.71684
0.54565
0.47539
0.54389
0.56346
0.5861
0.55433
0.55831
0.57831
0.55797
0.55891
0.60251
0.65703
0.61028
0.61025
0.62018
0.52328
0.50602
0.48199
0.52496
0.54314
0.56805
0.58724
0.62029
0.60478
0.59741
0.57806
0.53342
0.79654
0.84582
0.85579
0.85196
0.84918
0.84609
0.84055
0.82063
0.78871
0.68692
0.59506
0.54639
0.53508
0.49899
0.56185
0.59552
0.80793
0.79541
0.78463
0.75987
0.75234
0.7523
0.75198
0.71453
0.65142
0.63192
0.68976
0.60797
0.64678
0.59122
0.63841
0.69843
0.73858
0.74447
0.73793
0.74199
0.73357
0.73322
0.72013
0.72624
0.72545
0.72484
0.73097
0.73697
0.73475
0.69504
0.64828
0.6271
0.59823
0.45984
0.49105
0.45617
0.44402
0.52969
0.7758
0.76604
0.72875
0.77666
0.67512
0.62819
0.61573
0.58567
0.61761
0.63054
0.61864
0.53899
0.52375
0.50924
0.51715
0.52922
0.53721
0.52565
0.60061
0.53861
0.58423
0.54492
0.53325
0.53295
0.56401
0.8441
0.86127
0.83357
0.82155
0.82558
0.82177
0.81639
0.79099
0.80139
0.57365
0.53713
0.51576
0.53609
0.53452
0.52543
0.51573
0.52207
0.51575
0.52725
0.54496
0.54909
0.56787
0.56936
0.59821
0.56659
0.59153
0.56602
0.56679
0.54774
0.54999
0.54369
0.53266
0.53356
0.53127
0.546
0.54019
0.55214
0.56152
0.54646
0.56047
0.54326
0.53659
0.5197
0.51591
0.52622
0.52795
0.51528
0.51516
0.50832
0.51389
0.51381
0.50892
0.49976
0.496
0.50941
0.52455
0.51012
0.51325
0.54254
0.49972
0.50406
0.49579
0.49514
0.51254
0.5306
0.55288
0.50374
0.49645
0.46098
0.50488
0.4773
0.4573
0.42702
0.39691
0.42358
0.443
0.42502
0.41527
0.39323
0.36469
0.35667
0.34999
0.34901
0.34298
0.3357
0.33585
0.33181
0.39404
0.45766
0.49027
0.50361
0.53849
0.56417
0.59593
0.59227
0.6182
0.63219
0.63888
0.5813
0.39721
0.55255
0.50949
0.55601
0.60121
0.53642
0.52493
0.5487
0.51863
0.5474
0.56811
0.39793
0.37674
0.41385
0.52761
0.52953
0.53664
0.5235
0.53451
0.52318
0.51686
0.5163
0.50434
0.58528
0.52417
0.48563
0.50108
0.53774
0.45425
0.53064
0.54602
0.50326
0.336
0.22097
0.22208
0.24855
0.29595
0.35143
0.40322
0.53521
0.66748
0.6318
0.52966
0.39661
0.36175
0.31957
0.31216
0.30815
0.30839
0.33543
0.33324
0.32878
0.40063
0.45736
0.32402
0.19232
0.14207
0.098235
0.088551
0.11503
0.16851
0.20771
0.27693
0.32605
0.35237
0.39306
0.39543
0.4329
0.41049
0.36449
0.43519
0.47115
0.45832
0.46926
0.49066
0.4814
0.4845
0.49976
0.51049
0.49777
0.48948
0.45829
0.42819
0.43067
0.44354
0.46424
0.49413
0.53156
0.57958
0.69065
0.71382
0.68222
0.71038
0.74035
0.74116
0.73417
0.71163
0.67983
0.64307
0.62498
0.60146
0.58215
0.60209
0.60862
0.60122
0.58909
0.58141
0.60047
0.61185
0.61042
0.61793
0.59322
0.53978
0.49871
0.77055
0.50831
0.50872
0.50536
0.4943
0.49791
0.51079
0.55602
0.82884
0.82653
0.81176
0.79826
0.79836
0.79906
0.71018
0.68184
0.74546
0.74831
0.75179
0.6396
0.59954
0.47911
0.51104
0.7085
0.53061
0.61775
0.80858
0.76695
0.82408
0.80497
0.7913
0.77766
0.76316
0.75388
0.72831
0.73084
0.74327
0.73585
0.73427
0.68988
0.63854
0.61218
0.58115
0.5538
0.55037
0.56519
0.55613
0.56961
0.59941
0.55757
0.6727
0.80322
0.79314
0.78558
0.77108
0.65225
0.68699
0.70931
0.63552
0.71707
0.70699
0.63175
0.72364
0.77801
0.80369
0.77333
0.74797
0.70659
0.71225
0.69421
0.67375
0.65864
0.65665
0.65271
0.6472
0.64885
0.6369
0.6213
0.60931
0.58878
0.5895
0.60645
0.59113
0.61291
0.64794
0.64849
0.63842
0.63578
0.63308
0.62198
0.60575
0.60487
0.58907
0.57109
0.547
0.52242
0.48846
0.53078
0.50118
0.47477
0.46296
0.48836
0.49924
0.45923
0.47944
0.5181
0.50433
0.46567
0.46088
0.47008
0.47422
0.49313
0.49714
0.495
0.65274
0.57836
0.82951
0.8118
0.72348
0.7305
0.67785
0.66287
0.6944
0.66978
0.73254
0.71335
0.64506
0.52126
0.41951
0.39182
0.39809
0.38192
0.82511
0.86415
0.89816
0.90653
0.92615
0.94367
0.72591
0.88838
0.87951
0.89715
0.88487
0.79414
0.83575
0.80312
0.79119
0.78872
0.77762
0.77339
0.76681
0.75187
0.74006
0.72265
0.71368
0.72127
0.71345
0.71734
0.70329
0.63444
0.58878
0.5571
0.57274
0.55061
0.52199
0.50962
0.48998
0.47271
0.4691
0.49093
0.57143
0.70244
0.57235
0.51611
0.70198
0.83247
0.82549
0.81316
0.80407
0.7994
0.79037
0.76825
0.74922
0.72893
0.717
0.67773
0.63006
0.60705
0.59067
0.56003
0.51362
0.51634
0.51112
0.49103
0.46218
0.41366
0.39703
0.41104
0.40319
0.40324
0.44182
0.46549
0.47075
0.49377
0.50518
0.51317
0.53627
0.56916
0.56565
0.59645
0.62773
0.59211
0.55405
0.51392
0.48567
0.47904
0.4747
0.4416
0.38408
0.44976
0.67572
0.7425
0.85191
0.82593
0.63241
0.51686
0.49805
0.49981
0.50959
0.55621
0.66432
0.83292
0.83029
0.82265
0.80184
0.70513
0.7761
0.68474
0.75919
0.7157
0.77595
0.7375
0.66961
0.58231
0.58214
0.57569
0.5581
0.55233
0.54218
0.50606
0.44858
0.42945
0.50815
0.46871
0.46189
0.48259
0.59382
0.53008
0.4699
0.46523
0.47131
0.43983
0.4088
0.42344
0.39308
0.35926
0.33359
0.35323
0.37988
0.38572
0.38039
0.3847
0.45262
0.52236
0.58135
0.58956
0.59439
0.6184
0.61825
0.60657
0.55356
0.60142
0.55728
0.6081
0.84876
0.85121
0.71306
0.64935
0.57947
0.56432
0.57315
0.66235
0.65281
0.67357
0.59253
0.49268
0.40686
0.38498
0.4025
0.41507
0.41186
0.37718
0.59827
0.71458
0.71943
0.65137
0.57888
0.5865
0.58426
0.58042
0.62585
0.5856
0.57923
0.60145
0.61471
0.61374
0.61619
0.63316
0.58374
0.63571
0.66521
0.74044
0.64723
0.5996
0.58002
0.58687
0.60255
0.61542
0.82792
0.79256
0.75149
0.72528
0.71327
0.71883
0.83559
0.84844
0.84663
0.83003
0.83431
0.85809
0.86127
0.84103
0.81669
0.81253
0.80725
0.75785
0.79991
0.8256
0.82458
0.82224
0.80686
0.79764
0.7801
0.75889
0.73039
0.77224
0.7715
0.73928
0.68614
0.68461
0.64001
0.59173
0.62301
0.59622
0.59202
0.58799
0.6026
0.65346
0.65163
0.64704
0.62931
0.61632
0.58059
0.5
0.40858
0.37206
0.35838
0.36444
0.37421
0.3712
0.37831
0.38366
0.3908
0.35786
0.40035
0.49187
0.48051
0.48375
0.42486
0.30016
0.28578
0.30951
0.35297
0.36812
0.37162
0.36681
0.35803
0.35013
0.43619
0.45284
0.37061
0.33585
0.35949
0.387
0.41248
0.40976
0.39518
0.39173
0.34795
0.35835
0.41984
0.51375
0.54604
0.54293
0.5165
0.49778
0.44443
0.42724
0.38706
0.76426
0.62248
0.55604
0.55447
0.54353
0.54513
0.5842
0.69851
0.81666
0.77966
0.84435
0.88696
0.86048
0.84702
0.84657
0.84012
0.81239
0.80654
0.82102
0.76566
0.71367
0.69045
0.63131
0.58085
0.53432
0.49429
0.53543
0.6273
0.79214
0.72771
0.73816
0.7559
0.78995
0.78068
0.79118
0.78018
0.76396
0.74921
0.74452
0.72222
0.65975
0.60187
0.53989
0.44461
0.36811
0.39309
0.53071
0.57078
0.5537
0.53452
0.55222
0.54435
0.54667
0.54411
0.5588
0.56798
0.57708
0.60698
0.56693
0.57702
0.76911
0.82291
0.83865
0.84184
0.82348
0.82061
0.82243
0.80486
0.75272
0.69972
0.66077
0.63614
0.64727
0.67623
0.6076
0.5488
0.54239
0.56732
0.58452
0.64044
0.64736
0.6624
0.60389
0.51945
0.48774
0.41767
0.37499
0.34088
0.41549
0.74981
0.67809
0.65674
0.69846
0.73371
0.75044
0.85419
0.89668
0.69345
0.66869
0.60802
0.71577
0.61607
0.6199
0.62562
0.64577
0.83689
0.92922
0.92762
0.92912
0.91616
0.90666
0.90194
0.90818
0.90726
0.88395
0.86574
0.6611
0.58022
0.51043
0.50411
0.59732
0.61301
0.57819
0.54858
0.50438
0.51149
0.52397
0.5207
0.5811
0.64838
0.68751
0.68846
0.69578
0.76168
0.81661
0.86584
0.84876
0.84901
0.85429
0.76506
0.6782
0.73577
0.7673
0.80155
0.7407
0.74568
0.7783
0.75505
0.71533
0.68418
0.7123
0.6417
0.60246
0.58024
0.4982
0.43927
0.44488
0.59869
0.78269
0.84577
0.88303
0.89098
0.88103
0.87186
0.86589
0.859
0.85035
0.85886
0.80596
0.72967
0.57435
0.61639
0.66127
0.61329
0.55024
0.53223
0.5885
0.50488
0.45631
0.46973
0.45879
0.39789
0.3689
0.37004
0.50801
0.45596
0.43807
0.39967
0.3805
0.37321
0.42134
0.4627
0.52672
0.50768
0.48777
0.49319
0.50045
0.53935
0.65276
0.65851
0.68541
0.68823
0.67071
0.59741
0.4996
0.6003
0.62937
0.63867
0.62016
0.60785
0.59099
0.61142
0.6023
0.58807
0.57269
0.57359
0.5738
0.57122
0.62446
0.58092
0.56622
0.57134
0.58292
0.58954
0.59032
0.62542
0.63722
0.6174
0.6221
0.61056
0.61179
0.60763
0.60473
0.55131
0.61429
0.60244
0.58961
0.57489
0.5684
0.57019
0.56313
0.5653
0.59147
0.6294
0.68199
0.75952
0.78382
0.89727
0.87786
0.86404
0.87705
0.87131
0.85012
0.78907
0.74759
0.7523
0.74184
0.68183
0.69816
0.63646
0.61337
0.62111
0.69811
0.69558
0.73186
0.67938
0.68259
0.65443
0.70178
0.6487
0.5803
0.46971
0.4747
0.64884
0.63736
0.61934
0.75742
0.75994
0.63785
0.60744
0.60952
0.53484
0.712
0.59244
0.62624
0.56739
0.52317
0.692
0.57608
0.53185
0.54673
0.53707
0.61935
0.58323
0.58224
0.50583
0.47648
0.49917
0.53454
0.48949
0.48584
0.51046
0.54238
0.53847
0.57576
0.64361
0.66296
0.71447
0.58104
0.54994
0.51267
0.55269
0.59788
0.61211
0.65431
0.69476
0.72578
0.74726
0.69621
0.62842
0.69002
0.70353
0.73085
0.72127
0.70539
0.59688
0.56145
0.5563
0.598
0.56485
0.58354
0.59576
0.5531
0.55578
0.53671
0.54348
0.56956
0.59158
0.59121
0.62989
0.63049
0.59141
0.53453
0.52528
0.57719
0.61496
0.66733
0.74135
0.69952
0.65599
0.65253
0.65235
0.71074
0.68366
0.68518
0.70289
0.68082
0.59243
0.60509
0.69936
0.74214
0.58825
0.52615
0.4783
0.41447
0.37973
0.36397
0.62153
0.58767
0.44553
0.3918
0.31379
0.28621
0.29099
0.34902
0.42467
0.54273
0.64712
0.58506
0.56873
0.59631
0.63483
0.70005
0.66438
0.66249
0.66164
0.6576
0.63743
0.65997
0.73742
0.6859
0.67509
0.66865
0.55788
0.62474
0.67015
0.72761
0.6906
0.69708
0.66257
0.65274
0.61871
0.58987
0.64241
0.66796
0.65507
0.64538
0.62259
0.60872
0.60734
0.61518
0.62315
0.60201
0.57516
0.59918
0.6111
0.60471
0.52989
0.59431
0.66726
0.67866
0.69947
0.68253
0.67646
0.67157
0.64703
0.6858
0.70525
0.94741
0.94332
0.78636
0.8183
0.70138
0.66405
0.76221
0.83104
0.68977
0.8199
0.8009
0.6935
0.60944
0.59779
0.60498
0.67332
0.72072
0.6582
0.65602
0.64364
0.61308
0.57718
0.55155
0.59624
0.69279
0.72458
0.73698
0.69755
0.69024
0.64904
0.5416
0.65688
0.79362
0.76613
0.74332
0.72719
0.68893
0.65961
0.61217
0.93046
0.84899
0.89481
0.82118
0.81615
0.78572
0.75932
0.69892
0.67904
0.69203
0.70024
0.68613
0.66704
0.6297
0.58819
0.56324
0.57847
0.64231
0.64844
0.64361
0.65676
0.71541
0.64505
0.63239
0.64931
0.83329
0.77353
0.74402
0.69512
0.6803
0.63035
0.85326
0.79953
0.78268
0.72779
0.70532
0.68822
0.67324
0.67468
0.66143
0.55594
0.59483
0.90336
0.74853
0.71064
0.67532
0.65948
0.65768
0.75318
0.80393
0.84779
0.95471
0.90558
0.86365
0.91303
0.84454
0.75158
0.7469
0.70323
0.68945
0.69507
0.71545
0.75508
0.74215
0.89251
0.98513
0.94431
0.82996
0.90489
0.97287
0.98097
0.95428
0.96708
0.9717
0.95937
0.75082
0.74397
0.73872
0.72311
0.74391
0.843
0.76537
0.77109
0.79705
0.76717
0.761
0.75507
0.75499
0.76619
0.77124
0.7401
0.78713
0.8232
0.83242
0.80188
0.75476
0.7988
0.80376
0.71349
0.75426
0.78901
0.89122
0.91692
0.70504
0.66989
0.81703
0.88513
0.90848
0.86674
0.81532
0.70878
0.7656
0.81858
0.87017
0.84688
0.82351
0.76517
0.80513
0.78401
0.79448
0.78308
0.75044
0.70332
0.69677
0.69769
0.74669
0.78758
0.82641
0.8246
0.66885
0.522
0.44397
0.49452
0.65508
0.69886
0.73639
0.78973
0.72902
0.68706
0.71636
0.80058
0.7894
0.73802
0.70379
0.70597
0.69621
0.94937
0.96708
0.96232
0.96392
0.9814
0.98554
0.95584
0.9812
0.97562
0.97827
0.97345
0.97895
0.95431
0.94092
0.85561
0.95056
0.948
0.9318
0.80862
0.90601
0.85396
0.85316
0.90781
0.93776
0.93803
0.92912
0.89254
0.88976
0.9119
0.86197
0.92796
0.9411
0.91504
0.88769
0.75036
0.69297
0.64013
0.63533
0.66251
0.67382
0.7
0.69065
0.63229
0.67139
0.73393
0.79215
0.80651
0.7153
0.74055
0.70998
0.71817
0.71853
0.73379
0.78678
0.75142
0.73899
0.74149
0.76118
0.97567
0.94396
0.96003
0.8424
0.69704
0.7073
0.71754
0.73458
0.81892
0.69361
0.73347
0.77788
0.96203
0.97807
0.85291
0.95353
0.89974
0.74628
0.64363
0.76234
0.78783
0.9745
0.98915
0.99633
0.9785
0.99903
0.97747
0.81665
0.99974
0.99062
0.95661
0.90104
0.96811
0.8171
0.76949
0.78391
0.81589
0.78481
0.71578
0.68918
0.74114
0.67209
0.72479
0.92256
0.88466
0.71593
0.90762
0.86951
0.75965
0.94925
0.98348
0.9706
0.95445
0.94777
0.95048
0.94055
0.95745
0.94289
0.94563
0.93609
0.94461
0.95991
0.94087
0.89329
0.8912
0.86099
0.88468
0.95482
0.95786
0.9818
0.99762
0.99909
0.99933
0.99845
1.0009
1.0004
0.99846
0.99936
0.99843
0.99886
1.0001
0.99958
0.98773
0.80174
0.77578
0.86665
0.99662
0.92275
0.52491
0.51922
0.54292
0.57365
0.60814
0.62754
0.66473
0.66462
0.67314
0.67953
0.72972
0.76278
0.78431
0.7564
0.76666
0.67228
0.63636
0.69678
0.67874
0.74923
0.77122
0.75287
0.77764
0.76043
0.75848
0.73375
0.69369
0.70224
0.7048
0.71569
0.77906
0.79463
0.82772
0.83922
0.85751
0.87753
0.91958
0.86358
0.89063
0.96409
0.98805
0.99745
0.9999
0.98773
0.98386
0.98338
0.9745
0.88759
0.80801
0.93226
0.96099
0.94613
0.95885
0.95143
0.94856
0.94278
0.95078
0.91908
0.97568
0.96463
0.95698
0.96504
0.90081
0.82362
0.71363
0.69155
0.62052
0.90364
0.86201
0.95448
0.96533
0.97516
0.98647
0.97754
0.9414
0.85318
0.76391
0.78336
0.8044
0.89991
0.91537
0.96256
0.99737
0.94682
0.88591
0.89642
0.99311
0.94134
0.99561
1.0002
0.98177
0.96192
0.95905
0.9003
0.95129
0.94445
0.86158
0.75672
0.72362
0.77599
0.77395
0.73541
0.74217
0.73863
0.75585
0.72131
0.72135
0.69005
0.97698
0.97376
0.96603
0.95074
0.84218
0.74603
0.75078
0.77014
0.76967
0.67782
0.68476
0.83823
0.96535
0.95576
0.94857
0.95017
0.95847
0.95445
0.94519
0.93883
0.9292
0.94412
0.94643
0.95906
0.95593
0.94796
0.94678
0.94365
0.94118
0.94581
0.95449
0.93982
0.93224
0.89872
0.88692
0.83916
0.81468
0.81298
0.7495
0.75516
0.77928
0.71104
0.65186
0.95318
0.98487
0.99876
0.99786
0.99716
1.001
1.0009
0.98955
0.97097
0.96682
0.90593
0.83705
0.93002
0.96561
0.95356
0.9436
0.94536
0.84024
0.79134
0.86383
0.96983
0.96851
0.97402
0.96892
0.95962
0.85768
0.7734
0.75889
0.78682
0.80572
0.82893
0.83727
0.94516
0.95796
0.81536
0.68767
0.68843
0.58903
0.74605
0.69257
0.69611
0.69386
0.68477
0.68316
0.63082
0.72024
0.79492
0.74773
0.77046
0.82142
0.78391
0.8372
0.86633
0.89317
0.9155
0.97217
0.96861
0.97627
0.95207
0.95246
0.94948
0.95702
0.94932
0.96059
0.95204
0.86545
0.70778
0.68393
0.69166
0.71865
0.72994
0.71835
0.74109
0.95043
0.97336
0.97391
0.97409
0.87463
0.85235
0.79428
0.80275
0.78039
0.74548
0.76149
0.78397
0.87955
0.97583
0.96104
0.96901
0.96104
0.94711
0.83824
0.8026
0.78321
0.79731
0.77096
0.77186
0.76236
0.72484
0.69585
0.68736
0.70455
0.75703
0.76275
0.77068
0.82009
0.79428
0.73564
0.7739
0.78785
0.85203
0.909
0.92322
0.95274
0.95315
0.87476
0.79898
0.80288
0.81884
0.78592
0.76888
0.78929
0.94464
0.97501
0.98304
0.98214
0.97593
0.95727
0.96411
0.92472
0.85852
0.81573
0.85835
0.89943
0.94812
0.95534
0.95766
0.93257
0.75355
0.72659
0.71138
0.72686
0.71919
0.74662
0.72644
0.68685
0.63365
0.57777
0.57862
0.5679
0.53362
0.53095
0.54944
0.57911
0.95886
0.98994
0.99178
0.9866
0.98773
0.98921
0.9849
0.99269
0.99483
0.99512
0.99442
0.9903
0.99222
0.98334
0.97782
0.97424
0.95876
0.8925
0.94362
0.93241
0.9479
0.92425
0.87828
0.92352
0.92365
0.95009
0.94566
0.94247
0.92277
0.88291
0.83273
0.79957
0.72549
0.71295
0.71214
0.7397
0.75236
0.73141
0.75038
0.68781
0.63208
0.62153
0.64398
0.70448
0.77378
0.83394
0.85406
0.79057
0.72379
0.73503
0.75932
0.83074
0.83629
0.79448
0.76364
0.71301
0.77943
0.7744
0.75171
0.71331
0.78855
0.92083
0.94039
0.96773
0.99586
0.9915
0.89781
0.69893
0.75777
0.74752
0.75103
0.77014
0.85734
0.78923
0.97923
0.88157
0.97255
0.98255
0.98841
0.98386
0.96531
0.96269
0.9362
0.89298
0.90967
0.8486
0.75851
0.76068
0.75255
0.80189
0.78575
0.87938
0.92805
0.90013
0.89899
0.88141
0.81744
0.77791
0.77821
0.69776
0.89865
0.91974
0.9341
0.92112
0.8997
0.79849
0.76267
0.6918
0.65904
0.62486
0.62948
0.71822
0.77811
0.66091
0.59047
0.59417
0.60146
0.6049
0.61348
0.62237
0.6159
0.61914
0.62494
0.64408
0.66055
0.66655
0.64851
0.71361
0.88237
0.93729
0.91847
0.90628
0.89541
0.90327
0.88049
0.79605
0.71236
0.64585
0.6621
0.65496
0.62796
0.60574
0.59626
0.59843
0.59548
0.60537
0.61074
0.6218
0.6271
0.59547
0.54017
0.63437
0.76609
0.78737
0.87631
0.83503
0.81686
0.78254
0.66344
0.54595
0.41478
0.41941
0.53252
0.58406
0.57642
0.92298
0.95198
0.97482
0.98096
0.84497
0.81825
0.90514
0.96728
0.9536
0.92045
0.92115
0.99623
0.9987
0.98429
0.96647
0.93951
0.93163
0.916
0.90035
0.87997
0.79231
0.72208
0.71294
0.86545
0.87242
0.87575
0.87688
0.87297
0.8746
0.69094
0.627
0.63482
0.63312
0.7562
0.89755
0.66475
0.67036
0.72919
0.69426
0.70434
0.71112
0.74241
0.72905
0.6883
0.67166
0.64993
0.65271
0.66944
0.63759
0.59291
0.57634
0.61657
0.63899
0.63035
0.64508
0.65758
0.65573
0.6465
0.64125
0.64071
0.64799
0.65427
0.65057
0.65218
0.65992
0.69397
0.6558
0.66325
0.6675
0.67709
0.90472
0.92157
0.89462
0.82526
0.74459
0.73705
0.91706
0.96846
0.96985
0.94826
0.87207
0.78288
0.70436
0.64377
0.66749
0.9769
0.96914
0.84122
0.92637
0.92542
0.92549
0.80797
0.72808
0.71297
0.7068
0.6869
0.69092
0.69331
0.65664
0.63725
0.63539
0.64501
0.64525
0.64006
0.67447
0.70311
0.70072
0.70232
0.80066
0.79934
0.70596
0.66886
0.67142
0.67253
0.68766
0.68102
0.66948
0.68679
0.68497
0.76739
0.66254
0.67626
0.64837
0.63935
0.61199
0.61984
0.6427
0.67512
0.68683
0.59964
0.54485
0.52909
0.53505
0.53467
0.55727
0.55958
0.57635
0.59979
0.60915
0.86147
0.63374
0.59766
0.59119
0.54883
0.60845
0.92788
0.98431
0.98161
0.88627
0.84979
0.91942
0.92359
0.91055
0.91101
0.90986
0.90632
0.90989
0.90817
0.90885
0.90554
0.89692
0.89072
0.89171
0.87756
0.87807
0.81307
0.75376
0.69367
0.67569
0.59028
0.57569
0.54675
0.49765
0.79128
0.86296
0.8852
0.89644
0.90702
0.80867
0.68792
0.6631
0.65325
0.82573
0.68139
0.61695
0.63698
0.62021
0.59847
0.57996
0.5919
0.5863
0.64207
0.56118
0.56458
0.59772
0.58746
0.5977
0.57637
0.56767
0.69159
0.60399
0.61686
0.61889
0.63836
0.64647
0.64354
0.64199
0.89532
0.93824
0.9427
0.94259
0.92733
0.92557
0.91021
0.89599
0.8997
0.89134
0.72128
0.67678
0.63981
0.58471
0.70312
0.74379
0.6757
0.66637
0.66128
0.64981
0.62432
0.61279
0.62051
0.61352
0.62298
0.72673
0.63567
0.88025
0.92822
0.93289
0.90783
0.82877
0.54937
0.61263
0.60973
0.62011
0.5874
0.58537
0.59945
0.60367
0.61202
0.6129
0.61413
0.60851
0.63587
0.61413
0.61454
0.74937
0.66334
0.67949
0.68672
0.6732
0.69845
0.72214
0.72277
0.68066
0.67548
0.67364
0.63781
0.64671
0.64664
0.63475
0.63357
0.64564
0.66232
0.65993
0.66942
0.66984
0.69499
0.69801
0.68427
0.62963
0.63038
0.68275
0.7422
0.71027
0.70123
0.70124
0.68173
0.68191
0.68947
0.7026
0.67938
0.65946
0.62383
0.63313
0.63619
0.65681
0.64655
0.65785
0.6526
0.65805
0.65933
0.63051
0.63949
0.65156
0.64263
0.64865
0.6505
0.65285
0.65146
0.53384
0.54293
0.57866
0.61798
0.64031
0.64152
0.63011
0.61161
0.60043
0.56417
0.55723
0.58512
0.58256
0.58575
0.57433
0.58769
0.59509
0.63022
0.64199
0.64603
0.64648
0.6562
0.69101
0.7066
0.70526
0.70693
0.70464
0.6626
0.56994
0.54208
0.5154
0.53169
0.54371
0.58169
0.61483
0.66462
0.70184
0.75939
0.74455
0.71833
0.64181
0.62469
0.67399
0.69916
0.70281
0.6744
0.64615
0.59956
0.58574
0.58666
0.58775
0.59162
0.57927
0.58067
0.58442
0.5844
0.57157
0.5711
0.55649
0.53686
0.51987
0.5087
0.50495
0.49778
0.50847
0.54936
0.57259
0.54953
0.51746
0.49917
0.52319
0.53542
0.53243
0.54034
0.54267
0.55175
0.54301
0.53568
0.52114
0.48299
0.44208
0.38631
0.36219
0.35335
0.36307
0.39142
0.40514
0.42477
0.45614
0.49354
0.52471
0.53797
0.53611
0.52844
0.53027
0.52435
0.49186
0.46317
0.46373
0.48184
0.53616
0.7233
0.73742
0.78829
0.78182
0.77845
0.76671
0.74219
0.72164
0.70587
0.68999
0.66471
0.62932
0.58947
0.55241
0.51253
0.48241
0.47098
0.46684
0.44954
0.40889
0.38384
0.43184
0.47084
0.48001
0.49122
0.51595
0.50869
0.51748
0.48656
0.48125
0.4263
0.41351
0.4021
0.35526
0.44974
0.53653
0.56456
0.60141
0.57226
0.44989
0.40938
0.48958
0.57585
0.62349
0.63309
0.64732
0.65276
0.67988
0.68034
0.65795
0.68871
0.62667
0.6282
0.60568
0.61599
0.62858
0.63531
0.6411
0.63733
0.64825
0.65701
0.87725
0.83625
0.87451
0.84453
0.72765
0.71923
0.73005
0.72526
0.82867
0.84204
0.85082
0.84308
0.84385
0.84877
0.8529
0.852
0.85042
0.84778
0.84397
0.84384
0.84104
0.80527
0.78739
0.73604
0.67838
0.66284
0.65205
0.63447
0.61463
0.59252
0.57681
0.58048
0.58156
0.57092
0.55744
0.55388
0.54668
0.54655
0.54787
0.5503
0.57448
0.57109
0.57759
0.56803
0.56361
0.55251
0.55699
0.53552
0.53723
0.54355
0.55351
0.55724
0.48738
0.4941
0.51454
0.51452
0.48696
0.447
0.44742
0.47505
0.53366
0.5985
0.62703
0.63618
0.66779
0.62532
0.48895
0.39227
0.29957
0.28136
0.30339
0.3192
0.35024
0.40771
0.43463
0.48544
0.47009
0.51453
0.64664
0.81279
0.8504
0.86208
0.79061
0.83819
0.84703
0.85869
0.85998
0.85335
0.85219
0.85989
0.86579
0.87178
0.88077
0.80099
0.59366
0.5832
0.59133
0.76242
0.85217
0.76999
0.75444
0.73041
0.7231
0.69071
0.57614
0.57124
0.57434
0.58131
0.68039
0.70912
0.84568
0.66142
0.74708
0.85448
0.73881
0.65603
0.62515
0.59884
0.6046
0.61185
0.63054
0.64201
0.63778
0.63016
0.64988
0.62615
0.63277
0.683
0.69028
0.68948
0.65256
0.65686
0.63293
0.67137
0.64366
0.60706
0.58851
0.61638
0.71396
0.719
0.76005
0.78668
0.8059
0.74919
0.69871
0.66115
0.65559
0.65914
0.6452
0.61849
0.58724
0.5538
0.53405
0.55732
0.69735
0.75071
0.78603
0.84071
0.7655
0.58928
0.60994
0.67543
0.68948
0.68763
0.67623
0.67739
0.61897
0.60457
0.60629
0.62264
0.65852
0.8788
0.86866
0.83907
0.75083
0.73716
0.69649
0.68129
0.65479
0.66846
0.66767
0.61679
0.5805
0.55825
0.54197
0.5037
0.42466
0.41551
0.4023
0.42387
0.47452
0.56592
0.60032
0.60233
0.6153
0.62431
0.65394
0.69103
0.66079
0.6446
0.6127
0.60087
0.59786
0.60017
0.6034
0.61045
0.61625
0.61959
0.61499
0.60773
0.60648
0.59144
0.57976
0.56963
0.57397
0.58003
0.5639
0.55605
0.56498
0.55077
0.59332
0.60859
0.61745
0.61655
0.63357
0.60746
0.64224
0.6339
0.61617
0.59952
0.60317
0.61555
0.63138
0.62858
0.63532
0.62
0.64876
0.7593
0.80561
0.75313
0.84462
0.86342
0.86206
0.85748
0.86009
0.85175
0.81827
0.72173
0.65734
0.6016
0.63871
0.60748
0.57679
0.57661
0.85062
0.86347
0.87041
0.84534
0.84496
0.83976
0.84013
0.83744
0.78599
0.6672
0.59238
0.57511
0.55464
0.5469
0.50552
0.4694
0.46353
0.51623
0.5823
0.61269
0.56981
0.55778
0.54444
0.54278
0.55339
0.56381
0.56588
0.56766
0.56537
0.59916
0.59358
0.61745
0.69411
0.61785
0.59685
0.53202
0.53154
0.52461
0.5307
0.56205
0.56287
0.5702
0.58025
0.66869
0.85594
0.43071
0.55815
0.45302
0.45561
0.46323
0.51807
0.55987
0.68519
0.71798
0.7274
0.72085
0.64011
0.57574
0.53421
0.4554
0.59212
0.78983
0.48922
0.48533
0.48918
0.51986
0.67731
0.86716
0.86509
0.85221
0.75154
0.69512
0.6874
0.69426
0.70045
0.65951
0.64971
0.64649
0.65159
0.70172
0.69338
0.77423
0.75969
0.75223
0.74081
0.74362
0.70643
0.70083
0.6541
0.57168
0.73222
0.81258
0.85768
0.87811
0.88888
0.89739
0.90304
0.90482
0.89988
0.89936
0.90265
0.90843
0.90946
0.90695
0.90775
0.90768
0.89714
0.76248
0.68698
0.55309
0.59592
0.71969
0.73684
0.86597
0.90186
0.91588
0.92239
0.92675
0.92185
0.91619
0.9091
0.89813
0.86392
0.85614
0.84827
0.82212
0.83353
0.8297
0.81557
0.80586
0.7786
0.77174
0.73827
0.74661
0.6801
0.60392
0.50356
0.47719
0.53982
0.51151
0.48189
0.48254
0.65035
0.68162
0.69767
0.66484
0.65579
0.61278
0.55701
0.53813
0.47326
0.48273
0.47844
0.45701
0.41706
0.37673
0.41534
0.42029
0.39221
0.3709
0.37389
0.39011
0.46843
0.47853
0.44478
0.49359
0.54361
0.52892
0.51613
0.54625
0.66701
0.66571
0.64748
0.78923
0.75404
0.6372
0.61375
0.58442
0.56425
0.55099
0.56612
0.79157
0.7462
0.77187
0.70813
0.5732
0.63742
0.61229
0.67703
0.58614
0.58195
0.59138
0.59553
0.58754
0.58966
0.59749
0.59285
0.59732
0.58617
0.58933
0.59538
0.56886
0.57812
0.58647
0.62358
0.63246
0.62872
0.87013
0.88276
0.87518
0.83645
