0.38868
0.31958
0.2842
0.26227
0.3381
0.47633
0.4703
0.48029
0.49524
0.55465
0.55434
0.5958
0.61014
0.6224
0.62979
0.63698
0.63624
0.60714
0.55649
0.53843
0.51092
0.40521
0.41237
0.58472
0.45631
0.45017
0.46075
0.46704
0.49406
0.47104
0.45812
0.46913
0.50936
0.60956
0.80801
0.84353
0.75385
0.82769
0.82332
0.80937
0.80559
0.80868
0.7773
0.82847
0.69788
0.51822
0.47384
0.36609
0.26862
0.43249
0.43724
0.47696
0.43716
0.44038
0.40551
0.42355
0.45015
0.47416
0.39954
0.39021
0.37375
0.41796
0.3851
0.40184
0.43583
0.44694
0.45366
0.45144
0.55669
0.40477
0.48463
0.60311
0.7419
0.8454
0.82698
0.79533
0.82769
0.82526
0.83612
0.79408
0.71175
0.60938
0.50686
0.50959
0.7959
0.80482
0.80356
0.80389
0.83582
0.84585
0.8321
0.81624
0.81321
0.79195
0.75548
0.71688
0.61428
0.56186
0.53034
0.43089
0.36535
0.29569
0.28402
0.36282
0.55471
0.69353
0.80916
0.81567
0.8673
0.89516
0.89829
0.63757
0.5392
0.49178
0.47478
0.46752
0.47061
0.47824
0.4803
0.50645
0.51345
0.45788
0.4633
0.47274
0.49731
0.48765
0.44968
0.46774
0.50232
0.56938
0.65442
0.73267
0.72515
0.59539
0.45981
0.49107
0.47952
0.47402
0.51276
0.49917
0.44345
0.3762
0.42479
0.51669
0.76441
0.51133
0.38931
0.44842
0.55863
0.58775
0.45876
0.59482
0.44149
0.44807
0.42735
0.45646
0.51422
0.45127
0.44512
0.4446
0.45202
0.45405
0.44245
0.44253
0.45383
0.44546
0.44078
0.44349
0.43909
0.43684
0.44381
0.45622
0.45313
0.45589
0.45434
0.46701
0.4524
0.43722
0.43563
0.43231
0.43093
0.43034
0.43144
0.42921
0.43462
0.4424
0.42865
0.43142
0.44576
0.4533
0.46483
0.47884
0.46002
0.45628
0.4756
0.49512
0.49971
0.49543
0.49557
0.48116
0.48532
0.49994
0.50133
0.49696
0.45971
0.47388
0.53985
0.57207
0.52178
0.57599
0.47426
0.51585
0.51687
0.46102
0.47914
0.44165
0.42419
0.35064
0.3944
0.41757
0.41624
0.4204
0.42038
0.39339
0.38245
0.38288
0.41991
0.43696
0.44437
0.45455
0.45418
0.45122
0.44687
0.45158
0.46881
0.49334
0.49147
0.48874
0.51103
0.50978
0.50954
0.53678
0.52107
0.49426
0.41854
0.40708
0.43153
0.47497
0.43405
0.42769
0.43048
0.42434
0.51341
0.4704
0.46066
0.42823
0.42495
0.43331
0.44794
0.85434
0.73598
0.89397
0.68748
0.57264
0.51385
0.49602
0.56048
0.59618
0.6292
0.83617
0.8602
0.73638
0.68539
0.73984
0.85363
0.85232
0.85242
0.83288
0.69524
0.61927
0.53781
0.46193
0.32197
0.26183
0.68805
0.86996
0.57594
0.4515
0.43075
0.42513
0.34849
0.37039
0.89661
0.7578
0.42366
0.39308
0.40735
0.43146
0.4839
0.55879
0.58025
0.55613
0.47495
0.45757
0.46785
0.48387
0.49833
0.51307
0.50619
0.51027
0.50735
0.52008
0.55842
0.58838
0.54695
0.66377
0.82194
0.81153
0.57446
0.78413
0.68131
0.7506
0.75234
0.77374
0.80411
0.80125
0.69133
0.59844
0.50782
0.48162
0.46357
0.38746
0.41698
0.58229
0.58219
0.60341
0.61381
0.57534
0.58793
0.6799
0.84696
0.5974
0.57457
0.55253
0.55457
0.52374
0.48879
0.50885
0.48548
0.54196
0.50875
0.50312
0.5614
0.68799
0.80852
0.71623
0.65006
0.61871
0.59538
0.56835
0.52185
0.49723
0.49057
0.47581
0.47422
0.47845
0.51045
0.49893
0.53542
0.71783
0.83617
0.85148
0.84731
0.74465
0.63488
0.61229
0.58219
0.55794
0.53058
0.51912
0.5337
0.51373
0.48442
0.41907
0.34404
0.337
0.44291
0.47242
0.52559
0.54977
0.53196
0.50831
0.4928
0.47509
0.46417
0.47479
0.48297
0.43236
0.41674
0.48778
0.55483
0.55504
0.5095
0.52972
0.50971
0.47734
0.51195
0.56031
0.61165
0.6541
0.73781
0.73125
0.73718
0.71272
0.70704
0.6998
0.6728
0.61901
0.60623
0.58152
0.5524
0.48592
0.45048
0.42673
0.41763
0.4013
0.40786
0.39386
0.43267
0.35634
0.37001
0.34816
0.39939
0.42348
0.54725
0.5578
0.57115
0.51688
0.48803
0.45302
0.39084
0.35764
0.35972
0.34302
0.33373
0.32191
0.34211
0.33617
0.30862
0.31001
0.3324
0.35197
0.35908
0.33098
0.28706
0.28409
0.33518
0.42386
0.43648
0.43094
0.39986
0.37518
0.37625
0.52198
0.55842
0.75105
0.84392
0.86483
0.8801
0.8363
0.88327
0.88227
0.88498
0.87843
0.86594
0.85065
0.84528
0.82146
0.8034
0.79899
0.77806
0.75474
0.73588
0.6554
0.5758
0.51365
0.49461
0.45403
0.37895
0.30412
0.28841
0.25067
0.20495
0.16438
0.15062
0.15569
0.13149
0.1146
0.11479
0.12729
0.14405
0.15644
0.16699
0.18234
0.19769
0.2236
0.28131
0.37635
0.51199
0.5743
0.53351
0.45256
0.38323
0.37824
0.80018
0.82603
0.85912
0.85829
0.87242
0.87626
0.87412
0.87041
0.86116
0.85581
0.83619
0.77516
0.64982
0.60651
0.59931
0.58982
0.59633
0.55967
0.49043
0.40931
0.44368
0.45376
0.45219
0.46272
0.46433
0.51388
0.8084
0.92621
0.9115
0.90176
0.89108
0.85656
0.53216
0.50587
0.50904
0.54958
0.59725
0.57424
0.58365
0.53558
0.52705
0.49845
0.48657
0.48811
0.5036
0.49146
0.50048
0.50668
0.64138
0.51104
0.51236
0.58419
0.70294
0.73593
0.71605
0.68575
0.83069
0.84318
0.86544
0.87552
0.85655
0.71639
0.61829
0.58328
0.55388
0.53418
0.47429
0.43888
0.36735
0.34202
0.33751
0.55989
0.88904
0.9473
0.9568
0.96893
0.96799
0.97054
0.92812
0.74994
0.86717
0.86509
0.62944
0.59322
0.60899
0.58956
0.66449
0.6895
0.6231
0.64702
0.62191
0.54521
0.50915
0.49821
0.49345
0.50439
0.52285
0.50962
0.50745
0.50998
0.51356
0.51542
0.51685
0.53723
0.48785
0.44817
0.48255
0.56769
0.73202
0.80386
0.85145
0.84783
0.83194
0.74948
0.56577
0.49196
0.39458
0.33734
0.31997
0.42202
0.4003
0.44531
0.46451
0.46221
0.46474
0.43431
0.4052
0.40008
0.39106
0.42326
0.41726
0.40872
0.41987
0.42957
0.40978
0.43408
0.43041
0.53994
0.54222
0.45148
0.48171
0.47066
0.45608
0.44926
0.45442
0.47021
0.46401
0.46091
0.4602
0.4611
0.46274
0.45146
0.53189
0.48149
0.47302
0.49993
0.61191
0.76052
0.55432
0.52307
0.572
0.5643
0.66399
0.63219
0.58727
0.57177
0.5785
0.61829
0.7889
0.84627
0.87669
0.89969
0.86785
0.69909
0.62949
0.58877
0.54662
0.51281
0.45427
0.41542
0.38206
0.3635
0.39455
0.41692
0.43492
0.43438
0.4423
0.45367
0.46085
0.46891
0.45234
0.45031
0.46104
0.48359
0.48875
0.52025
0.53486
0.55828
0.56046
0.60204
0.59963
0.55767
0.58329
0.7067
0.7596
0.86129
0.82727
0.74241
0.65573
0.59557
0.55993
0.53189
0.48392
0.43543
0.44883
0.44982
0.43542
0.43435
0.44612
0.44406
0.43145
0.40299
0.40459
0.42427
0.42534
0.46988
0.4962
0.49471
0.49783
0.49294
0.51144
0.49486
0.48032
0.47734
0.48241
0.48617
0.4835
0.48395
0.47669
0.46629
0.46761
0.46727
0.46713
0.46315
0.4578
0.45463
0.44331
0.42064
0.4149
0.42065
0.43712
0.45832
0.46325
0.46327
0.45781
0.48247
0.47752
0.48473
0.49338
0.49746
0.49733
0.4907
0.48379
0.44816
0.42644
0.44274
0.48726
0.54732
0.53158
0.47125
0.44032
0.43888
0.45299
0.50587
0.5452
0.53288
0.50245
0.50825
0.5445
0.55332
0.63796
0.80815
0.83018
0.79852
0.76382
0.65709
0.60551
0.65007
0.71068
0.78568
0.81473
0.78559
0.74052
0.70406
0.64022
0.59479
0.53295
0.4825
0.41822
0.47826
0.44561
0.44041
0.40437
0.4025
0.40019
0.40641
0.42514
0.48698
0.46284
0.44364
0.4775
0.45856
0.44799
0.49386
0.55068
0.55998
0.47321
0.36247
0.31373
0.33232
0.33818
0.39903
0.43789
0.45807
0.43518
0.39664
0.36991
0.38422
0.43402
0.79291
0.86767
0.86928
0.87738
0.83611
0.81974
0.71903
0.74925
0.72835
0.73404
0.74085
0.70587
0.6349
0.57256
0.8401
0.88643
0.89235
0.86784
0.71222
0.76662
0.77103
0.81923
0.82996
0.84905
0.84958
0.83142
0.81396
0.82827
0.8379
0.82333
0.81854
0.82132
0.8126
0.81299
0.75524
0.69294
0.6129
0.60292
0.51343
0.42704
0.76625
0.68667
0.84472
0.8332
0.82089
0.82775
0.83173
0.82014
0.78466
0.76366
0.74575
0.67833
0.60592
0.71428
0.74352
0.65813
0.65318
0.66063
0.64451
0.61303
0.57393
0.5449
0.53475
0.48769
0.52393
0.58106
0.59427
0.58942
0.67202
0.68167
0.63206
0.50721
0.88321
0.91193
0.94834
0.9611
0.94451
0.9483
0.94455
0.9433
0.95003
0.94087
0.92306
0.90391
0.88581
0.87389
0.86774
0.8616
0.84501
0.8673
0.88351
0.76603
0.76042
0.69629
0.64542
0.57489
0.52435
0.5238
0.49998
0.54369
0.48292
0.46505
0.51416
0.54711
0.74841
0.75915
0.77338
0.60182
0.60522
0.7115
0.68587
0.62562
0.59641
0.55222
0.50763
0.40229
0.31277
0.23069
0.23997
0.28532
0.32163
0.35162
0.40725
0.52926
0.56117
0.36699
0.48424
0.38183
0.42661
0.8944
0.95271
0.95873
0.94966
0.94628
0.9222
0.87594
0.84279
0.7722
0.79055
0.8347
0.81727
0.79024
0.74986
0.7014
0.71415
0.7137
0.61781
0.59439
0.52792
0.48201
0.45357
0.43839
0.41139
0.47538
0.68287
0.83014
0.68581
0.67433
0.84937
0.72266
0.62312
0.69712
0.88829
0.88977
0.89642
0.89024
0.89275
0.822
0.85452
0.9251
0.9333
0.93535
0.93474
0.89994
0.93439
0.93456
0.93567
0.89843
0.90056
0.88395
0.80783
0.76787
0.7827
0.79941
0.81924
0.73555
0.67954
0.6755
0.92892
0.75773
0.70155
0.89279
0.87549
0.74605
0.71752
0.78908
0.84861
0.86135
0.86952
0.8471
0.84279
0.74536
0.66485
0.58289
0.66879
0.60584
0.6215
0.5856
0.5596
0.6189
0.65916
0.65356
0.59175
0.5779
0.56175
0.58549
0.54375
0.49608
0.43881
0.40053
0.42202
0.53841
0.83537
0.76679
0.94741
0.97095
0.9763
0.95858
0.89886
0.94595
0.95111
0.94
0.94731
0.92576
0.88522
0.78964
0.71529
0.88972
0.79877
0.59727
0.66971
0.86682
0.85936
0.89936
0.89387
0.8874
0.8773
0.86643
0.85028
0.81286
0.80673
0.83047
0.80549
0.78289
0.74522
0.73254
0.70353
0.71688
0.72104
0.74111
0.77694
0.84631
0.83366
0.81511
0.81014
0.87216
0.87723
0.90351
0.90925
0.89726
0.8794
0.879
0.89864
0.78306
0.69626
0.68608
0.59365
0.5061
0.46278
0.48634
0.5474
0.5911
0.55857
0.4797
0.43589
0.41273
0.35509
0.37253
0.46175
0.45523
0.47844
0.6572
0.72252
0.9318
0.95619
0.97193
0.95716
0.95254
0.93029
0.86705
0.76915
0.75115
0.63869
0.68033
0.65381
0.61018
0.56235
0.62074
0.64698
0.58894
0.5143
0.59301
0.69336
0.70329
0.57347
0.65399
0.73952
0.77323
0.78574
0.87476
0.93919
0.93461
0.95569
0.95314
0.8711
0.79027
0.91477
0.89301
0.8276
0.73216
0.64817
0.58096
0.54915
0.70657
0.6028
0.61089
0.73067
0.66042
0.70733
0.70005
0.65478
0.57453
0.53034
0.52017
0.53469
0.55505
0.52753
0.50157
0.44749
0.39231
0.43443
0.63676
0.6175
0.73681
0.67496
0.65095
0.68316
0.69067
0.61832
0.66169
0.7335
0.67056
0.65096
0.64771
0.69687
0.68503
0.713
0.66768
0.90699
0.73341
0.68998
0.6296
0.55232
0.6924
0.7952
0.86097
0.97633
0.97894
0.98197
0.97144
0.89712
0.85116
0.80171
0.89686
0.71453
0.96512
0.98044
0.98075
0.96372
0.92995
0.92217
0.95282
0.86375
0.80637
0.76391
0.74024
0.733
0.6927
0.65582
0.72048
0.67262
0.69478
0.6832
0.63304
0.65117
0.61818
0.57392
0.55209
0.54784
0.59592
0.65741
0.6631
0.689
0.7272
0.86704
0.99473
0.99997
0.99325
0.74037
0.6053
0.64289
0.60931
0.56695
0.5701
0.58333
0.59442
0.60516
0.58208
0.5649
0.56279
0.55909
0.67828
0.72854
0.68552
0.57854
0.54152
0.64307
0.68802
0.60103
0.6051
0.61684
0.63752
0.64548
0.59824
0.64549
0.50789
0.56327
0.63425
0.60829
0.6024
0.59724
0.61765
0.61813
0.62276
0.62789
0.62428
0.63811
0.62169
0.619
0.6146
0.61296
0.58692
0.61289
0.61255
0.76861
0.79563
0.70215
0.85587
0.86314
0.87509
0.86377
0.81407
0.85076
0.82954
0.84477
0.87856
0.85311
0.79876
0.78161
0.80568
0.84467
0.84861
0.82964
0.81651
0.80769
0.7693
0.67899
0.68835
0.70146
0.67697
0.62683
0.58318
0.60548
0.569
0.51731
0.70055
0.78526
0.77071
0.72624
0.65753
0.61244
0.58918
0.59874
0.59625
0.63946
0.57591
0.53435
0.52019
0.50496
0.47656
0.45961
0.48637
0.60313
0.62488
0.61828
0.59495
0.82373
0.80673
0.80868
0.92758
0.88278
0.85866
0.77693
0.70657
0.66217
0.66448
0.7666
0.79058
0.75214
0.77786
0.73566
0.7415
0.73169
0.7159
0.84834
0.93575
0.85842
0.79475
0.75994
0.8004
0.78552
0.71961
0.69855
0.65634
0.63867
0.62595
0.59884
0.57125
0.61784
0.64068
0.60576
0.56198
0.5652
0.55388
0.52841
0.54967
0.53688
0.54301
0.55126
0.59355
0.58723
0.57503
0.54907
0.5755
0.58038
0.70184
0.61883
0.64495
0.70339
0.70043
0.67261
0.65236
0.63115
0.65014
0.77355
0.90726
0.77233
0.72723
0.6822
0.72747
0.88591
0.92922
0.97153
0.96674
0.95724
0.80664
0.75423
0.71449
0.69862
0.81004
0.90249
0.95491
0.95943
0.78241
0.69908
0.68658
0.76025
0.95615
0.87811
0.86893
0.73703
0.56514
0.53966
0.5399
0.54839
0.56085
0.57594
0.62346
0.69472
0.78826
0.77159
0.73427
0.71712
0.8092
0.84681
0.82375
0.81208
0.74081
0.72927
0.70609
0.71965
0.65888
0.59729
0.58217
0.54543
0.61083
0.61731
0.81444
0.88515
0.75385
0.74392
0.79643
0.62319
0.54467
0.54496
0.50558
0.50937
0.45954
0.54366
0.61704
0.60664
0.59144
0.56893
0.51249
0.45428
0.43356
0.42429
0.43658
0.50151
0.53972
0.52818
0.54492
0.56269
0.61177
0.63062
0.58625
0.52908
0.48788
0.4486
0.46049
0.46337
0.42415
0.46745
0.63592
0.6331
0.69727
0.65127
0.66333
0.67973
0.71919
0.78588
0.81439
0.8217
0.99425
0.96171
0.99327
0.99778
1.0006
0.90375
0.88814
0.96709
0.99799
0.99197
0.99475
0.99717
0.99774
1.0008
1.0006
0.99927
1.0009
0.98366
0.78445
0.70984
0.67954
0.63936
0.56293
0.48251
0.77007
0.84444
0.95972
0.99643
1.0007
0.9974
0.92971
0.85368
0.80416
0.74561
0.73355
0.7073
0.77208
0.75339
0.64383
0.62422
0.55577
0.57719
0.6509
0.60861
0.56209
0.5441
0.56222
0.55541
0.56689
0.53944
0.50319
0.50229
0.51647
0.54706
0.58494
0.57153
0.5697
0.56245
0.55937
0.57711
0.69018
0.74677
0.78516
0.7152
0.71156
0.69624
0.70149
0.72203
0.86882
0.92162
0.95899
0.98343
0.97531
0.93561
0.92079
0.97577
1.0009
0.99642
0.99854
1.0007
0.92895
0.81569
0.63989
0.69405
0.67328
0.69418
0.62548
0.51882
0.52131
0.53928
0.56168
0.55503
0.58823
0.63515
0.68973
0.62718
0.57035
0.55478
0.57079
0.59985
0.60448
0.59935
0.57213
0.58403
0.59039
0.61059
0.63334
0.67658
0.66903
0.67975
0.61301
0.59792
0.6045
0.628
0.61743
0.65079
0.69338
0.68785
0.65588
0.70418
0.78832
0.96704
0.96085
0.77212
0.67111
0.64004
0.90111
0.92921
0.78601
0.7791
0.71953
0.78315
0.87936
0.85996
0.8817
0.8906
0.93117
0.91487
0.89388
0.9071
0.93753
0.95542
0.98067
0.99996
1.0005
0.99988
0.99899
0.99942
0.99708
0.79033
0.73873
0.8165
0.86522
0.81702
0.86681
0.91551
0.97072
0.99731
0.99219
0.86543
0.74758
0.68759
0.63276
0.57233
0.53358
0.53546
0.72706
0.80974
0.71579
0.61632
0.64689
0.62687
0.60128
0.68796
0.72496
0.78606
0.77126
0.74655
0.81196
0.86342
0.91687
0.93106
0.95196
0.9612
0.92867
0.91148
0.90087
0.86444
0.83256
0.83759
0.79544
0.7674
0.71104
0.71849
0.70955
0.67582
0.66022
0.64002
0.63883
0.62907
0.5985
0.57852
0.59131
0.61717
0.6035
0.65243
0.69626
0.69501
0.66088
0.60568
0.57969
0.54884
0.48012
0.43453
0.45735
0.50128
0.51476
0.58345
0.76171
0.81653
0.85197
0.84961
0.93794
0.88372
0.75539
0.69569
0.6675
0.65789
0.63877
0.61317
0.61125
0.65114
0.64111
0.61126
0.62467
0.62713
0.64659
0.69214
0.71738
0.67161
0.77237
0.79274
0.77206
0.76437
0.76359
0.62019
0.63989
0.99423
0.99794
0.99812
1
0.99714
0.99944
0.99817
0.99739
0.99915
1.0007
0.99832
1.0008
0.97446
0.92619
0.92915
0.9613
0.80307
0.7481
0.73249
0.71663
0.71003
0.74534
0.71424
0.64832
0.45093
0.5796
0.66315
0.86837
0.79972
0.71903
0.78901
0.88875
0.98953
0.91746
0.80434
0.75197
0.69505
0.75853
0.9175
0.98834
1.0001
0.99759
0.9975
0.99244
0.82627
0.78752
0.91658
0.95021
0.85777
0.64427
0.65923
0.67128
0.56827
0.6985
0.82298
0.94952
0.75604
0.98313
0.99353
0.99376
0.99308
0.97758
0.95483
0.9415
0.93889
0.90709
0.82975
0.95052
0.92105
0.95676
0.95343
0.95096
0.94102
0.8896
0.90187
0.79001
0.77719
0.83712
0.77671
0.77788
0.76647
0.66649
0.5601
0.49668
0.56257
0.6276
0.63781
0.60007
0.59072
0.54935
0.5937
0.55705
0.60298
0.51059
0.52386
0.51811
0.48065
0.47234
0.47919
0.51414
0.52006
0.51841
0.55759
0.60225
0.59945
0.56127
0.52534
0.53592
0.41878
0.3026
0.27674
0.26546
0.26293
0.26414
0.29994
0.31093
0.27425
0.34901
0.33816
0.34081
0.43835
0.52857
0.52083
0.62314
0.68227
0.82527
0.82816
0.92149
0.96746
0.98783
0.98169
0.9849
0.98682
0.96959
0.95728
0.96139
0.91424
0.92581
0.68611
0.64887
0.95667
0.88458
0.7472
0.71492
0.81513
0.97721
0.93053
0.72873
0.78341
0.92835
0.83881
0.80872
0.69709
0.60756
0.56094
0.55654
0.53966
0.551
0.88296
0.93348
0.93565
0.86954
0.80298
0.66533
0.89802
0.94402
0.88881
0.92374
0.79062
0.63534
0.55802
0.61892
0.80568
0.9783
0.96609
0.80308
0.75945
0.63559
0.5519
0.63436
0.71343
0.71762
0.67464
0.77066
0.78621
0.77413
0.8127
0.96012
0.95869
0.95859
0.96526
0.96488
0.96742
0.94715
0.85281
0.7903
0.77438
0.79703
0.87836
0.7768
0.7154
0.64851
0.65043
0.68711
0.73242
0.77496
0.80176
0.72812
0.64235
0.56231
0.51108
0.5097
0.48362
0.45335
0.5147
0.87974
0.9382
0.92264
0.94228
0.9014
0.90564
0.90589
0.92886
0.93024
0.95778
0.95443
0.72676
0.73881
0.72058
0.92987
0.95105
0.96334
0.90731
0.87315
0.84137
0.82665
0.86421
0.94136
0.95197
0.95752
0.96251
0.94852
0.92993
0.82341
0.89262
0.95441
0.9615
0.96741
0.92798
0.63345
0.53265
0.49615
0.57337
0.63984
0.9035
0.47805
0.47089
0.47669
0.92292
0.53351
0.76095
0.71922
0.95913
0.95559
0.97293
0.96234
0.95676
0.95289
0.95714
0.95211
0.95231
0.95472
0.9559
0.93964
0.93744
0.94418
0.93136
0.93394
0.91967
0.90336
0.88423
0.85559
0.85248
0.75451
0.87344
0.86493
0.88753
0.89983
0.90658
0.91375
0.927
0.92951
0.91336
0.85858
0.73029
0.61988
0.54717
0.49868
0.47607
0.64715
0.589
0.42586
0.39745
0.43729
0.94311
0.97239
0.8738
0.8301
0.85674
0.80824
0.95076
0.71798
0.68104
0.62708
0.6435
0.66296
0.69918
0.67359
0.58243
0.59406
0.57059
0.53524
0.51317
0.50449
0.53017
0.50434
0.48937
0.49009
0.49781
0.50798
0.53539
0.57246
0.58559
0.55085
0.47144
0.47758
0.49579
0.52246
0.53426
0.52558
0.52465
0.52498
0.50687
0.48492
0.46848
0.46892
0.4851
0.51643
0.56995
0.57162
0.54701
0.51137
0.48575
0.45939
0.46941
0.50838
0.498
0.59937
0.63642
0.58243
0.5224
0.52748
0.93733
0.97072
0.96526
0.98099
0.98334
0.98173
0.97928
0.98283
0.98226
0.97669
0.97113
0.96826
0.96933
0.9685
0.97059
0.97246
0.97848
0.96903
0.96204
0.95571
0.93578
0.91684
0.91255
0.85987
0.75072
0.72202
0.70994
0.7157
0.66054
0.57798
0.53379
0.55998
0.6176
0.70322
0.77155
0.8063
0.85516
0.86715
0.89447
0.92603
0.9404
0.94077
0.93608
0.93872
0.92821
0.92429
0.90963
0.91849
0.92457
0.92537
0.9096
0.90166
0.89007
0.81709
0.93361
0.96009
0.99165
0.98731
0.98199
0.97777
0.97145
0.9688
0.96644
0.96708
0.96768
0.96544
0.95723
0.95462
0.94741
0.93172
0.89416
0.84097
0.75856
0.70207
0.67789
0.60724
0.58861
0.63026
0.65335
0.69758
0.74365
0.76154
0.78856
0.87654
0.88422
0.88478
0.87188
0.80743
0.73195
0.64375
0.58558
0.561
0.63057
0.65361
0.74073
0.83746
0.84741
0.82857
0.79241
0.76932
0.76593
0.76016
0.74763
0.7869
0.80081
0.75769
0.71018
0.6667
0.59435
0.55048
0.53058
0.52065
0.4954
0.41778
0.35791
0.36068
0.45937
0.4297
0.36277
0.37158
0.38792
0.84552
0.94847
0.96973
0.97237
0.96852
0.96861
0.97166
0.89834
0.90003
0.94014
0.8527
0.80708
0.82489
0.84568
0.90859
0.9037
0.9055
0.90354
0.90303
0.86489
0.77287
0.81972
0.79035
0.74501
0.68887
0.69146
0.67687
0.73503
0.84795
0.84751
0.64084
0.4907
0.49585
0.46694
0.46014
0.46291
0.46287
0.46138
0.45713
0.46942
0.52062
0.4818
0.39406
0.32956
0.42731
0.55748
0.54201
0.53996
0.53078
0.53046
0.52161
0.53488
0.53469
0.56701
0.58254
0.59668
0.59795
0.6035
0.5838
0.53682
0.49072
0.49149
0.54602
0.59456
0.62104
0.63732
0.63058
0.62764
0.63425
0.64439
0.6795
0.70362
0.82353
0.87147
0.88793
0.89105
0.90633
0.92268
0.88833
0.89269
0.86693
0.82882
0.78458
0.7455
0.70108
0.69031
0.66942
0.64749
0.59031
0.52357
0.4191
0.32443
0.28644
0.2709
0.27399
0.26996
0.26257
0.26387
0.2637
0.27633
0.32088
0.37015
0.44257
0.5021
0.49727
0.49643
0.48318
0.48265
0.48781
0.5062
0.54487
0.57075
0.6131
0.66746
0.65543
0.64216
0.65571
0.70926
0.78896
0.81425
0.82264
0.82274
0.83467
0.78473
0.73452
0.70552
0.68369
0.66305
0.64793
0.5996
0.64096
0.67848
0.66642
0.65433
0.70891
0.82849
0.85224
0.85218
0.86296
0.86429
0.84343
0.88497
0.91006
0.91942
0.91919
0.92918
0.94053
0.94416
0.94225
0.93651
0.93021
0.92373
0.91505
0.8806
0.85248
0.85393
0.84591
0.8658
0.87877
0.87597
0.67565
0.59491
0.55859
0.53469
0.48661
0.44479
0.44016
0.43305
0.43363
0.43827
0.4539
0.45644
0.47085
0.46978
0.46361
0.46464
0.47641
0.50146
0.53634
0.60605
0.64538
0.73597
0.75138
0.84378
0.8471
0.88213
0.89598
0.90806
0.88447
0.85399
0.71813
0.63322
0.66015
0.82454
0.78145
0.62274
0.57243
0.52955
0.5018
0.51403
0.48368
0.46907
0.51659
0.65436
0.87603
0.90174
0.90278
0.90755
0.90637
0.87912
0.7611
0.73448
0.87289
0.88182
0.88488
0.88297
0.85925
0.77228
0.74078
0.78023
0.71095
0.67479
0.67088
0.62729
0.59897
0.59126
0.60083
0.6192
0.63385
0.71695
0.66122
0.694
0.6325
0.56517
0.53346
0.52908
0.54568
0.55389
0.60335
0.44649
0.54646
0.53212
0.51349
0.49408
0.50045
0.50154
0.51804
0.50593
0.52052
0.51144
0.46104
0.44525
0.44192
0.43496
0.43144
0.42547
0.38417
0.49541
0.55814
0.55122
0.47779
0.47779
0.46847
0.53349
0.5761
0.76042
0.8337
0.8047
0.80146
0.7211
0.79587
0.81058
0.79795
0.80913
0.7962
0.76076
0.83114
0.85435
0.8534
0.85248
0.81774
0.78001
0.78475
0.78959
0.68085
0.85033
0.86419
0.5502
0.47387
0.36894
0.51762
0.42997
0.43183
0.4404
0.88564
0.63868
0.87733
0.8737
0.86685
0.85844
0.85427
0.85675
0.81512
0.71102
0.80021
0.84558
0.86442
0.8663
0.86405
0.85744
0.85378
0.85472
0.86124
0.8602
0.86762
0.87386
0.87927
0.88131
0.87053
0.88067
0.88772
0.9162
0.93151
0.93433
0.93679
0.93814
0.93295
0.91233
0.89869
0.89586
0.87895
0.83621
0.88035
0.91827
0.93138
0.94932
0.95578
0.94286
0.87876
0.86997
0.94785
0.94825
0.9374
0.92468
0.89641
0.85034
0.85681
0.84855
0.79578
0.60565
0.50612
0.37678
0.31971
0.53169
0.85947
0.87139
0.89263
0.90027
0.904
0.84274
0.81384
0.74528
0.69905
0.68818
0.60645
0.52173
0.43595
0.61471
0.86575
0.92818
0.94825
0.77702
0.66209
0.52684
0.49569
0.48711
0.48559
0.50116
0.48933
0.50591
0.51374
0.60258
0.64073
0.94026
0.93733
0.93407
0.9212
0.61103
0.5091
0.67156
0.6137
0.86469
0.87023
0.86983
0.88242
0.90537
0.89898
0.88938
0.88845
0.88369
0.87844
0.85179
0.83122
0.81444
0.77209
0.71481
0.64763
0.563
0.42899
0.79375
0.83253
0.8937
0.94093
0.87907
0.92791
0.88099
0.74994
0.86693
0.91399
0.89509
0.87516
0.87087
0.84573
0.69907
0.61487
0.49697
0.44669
0.47747
0.61464
0.7857
0.78651
0.80275
0.7848
0.81861
0.78577
0.72506
0.59871
0.75088
0.75806
0.76704
0.75056
0.7878
0.79416
0.65488
0.5498
0.5213
0.63427
0.64088
0.74996
0.72932
0.69862
0.70718
0.71657
0.71625
0.7293
0.70647
0.68359
0.59608
0.59258
0.56147
0.52242
0.49953
0.44174
0.3517
0.3392
0.31205
0.25493
0.25751
0.30719
0.42379
0.51335
0.49237
0.57974
0.55771
0.66301
0.60765
0.49265
0.46402
0.5905
0.54648
0.49627
0.46156
0.42974
0.43067
0.44297
0.44306
0.43644
0.45069
0.46508
0.47606
0.55459
0.53815
0.53554
0.70469
0.77735
0.79139
0.79817
0.79555
0.80223
0.76289
0.63376
0.66006
0.58399
0.6075
0.50215
0.46495
0.44898
0.43303
0.44814
0.45075
0.4492
0.44181
0.43272
0.41878
0.41409
0.40849
0.40334
0.41966
0.40805
0.41919
0.42996
0.42961
0.42809
0.44205
0.46385
0.45895
0.44522
0.44585
0.4387
0.44575
0.45719
0.45279
0.47715
0.48293
0.51856
0.50196
0.41536
0.55351
0.64921
0.74572
0.78869
0.81852
0.83875
0.84535
0.84368
0.83859
0.83773
0.83225
0.82653
0.82349
0.81176
0.80401
0.77802
0.77009
0.74987
0.74871
0.69233
0.61574
0.54664
0.49295
0.49851
0.50936
0.48565
0.48031
0.71044
0.71482
0.7399
0.75307
0.76938
0.78561
0.78882
0.78669
0.735
0.6857
0.63669
0.58743
0.568
0.57299
0.55533
0.52249
0.46026
0.45222
0.42841
0.40699
0.4109
0.42341
0.43441
0.43115
0.44609
0.46806
0.56362
0.6064
0.76107
0.7604
0.76266
0.78419
0.79241
0.75541
0.6117
0.55458
0.51209
0.39373
0.42595
0.38724
0.34752
0.38469
0.42094
0.41206
0.45816
0.47321
0.43088
0.40356
0.36539
0.42147
0.47144
0.56849
0.66723
0.73556
0.76475
0.75698
0.69327
0.65055
0.62061
0.58278
0.54209
0.43947
0.37533
0.36063
0.38359
0.53418
0.83843
0.80063
0.79285
0.79025
0.72748
0.68801
0.68109
0.65888
0.62697
0.59572
0.55739
0.51185
0.46466
0.45787
0.41938
0.38306
0.34634
0.39316
0.40552
0.39973
0.41224
0.39835
0.38883
0.41583
0.43843
0.42202
0.40773
0.46125
0.46402
0.45933
0.44361
0.4289
0.42532
0.43413
0.4289
0.44189
0.44171
0.44408
0.4561
0.46308
0.4411
0.43578
0.42722
0.43342
