0.39321
0.38803
0.38025
0.35835
0.31462
0.27427
0.25858
0.2448
0.23557
0.23631
0.23839
0.24106
0.25722
0.26986
0.27111
0.27067
0.28779
0.31736
0.38603
0.42861
0.41905
0.38845
0.36339
0.37189
0.40458
0.45658
0.49012
0.49595
0.6756
0.62005
0.85006
0.83837
0.80943
0.81271
0.82166
0.82137
0.6596
0.59075
0.57915
0.56819
0.56544
0.52567
0.47398
0.38948
0.37147
0.38024
0.39541
0.44372
0.43928
0.44357
0.4863
0.50032
0.51696
0.54449
0.55313
0.54954
0.51861
0.50587
0.47713
0.44648
0.38819
0.38139
0.39372
0.37199
0.37929
0.3757
0.35898
0.4089
0.39814
0.45216
0.48105
0.5147
0.5409
0.6418
0.4775
0.38356
0.32257
0.33906
0.36081
0.34698
0.443
0.36206
0.28109
0.32068
0.48618
0.55239
0.59193
0.58548
0.63227
0.51474
0.31349
0.31208
0.29229
0.27161
0.32052
0.36149
0.38839
0.40955
0.42664
0.39647
0.42147
0.60133
0.48327
0.58453
0.68609
0.50949
0.51342
0.56049
0.68448
0.6959
0.39533
0.33688
0.32547
0.31723
0.30912
0.30173
0.28617
0.26799
0.26604
0.20543
0.29344
0.30268
0.46891
0.31256
0.38036
0.48562
0.43072
0.68525
0.83265
0.83937
0.72106
0.57356
0.56433
0.59805
0.58017
0.54847
0.55728
0.5394
0.54333
0.59348
0.68763
0.83473
0.81449
0.68313
0.66098
0.71013
0.74541
0.78294
0.79133
0.71971
0.78306
0.70921
0.64076
0.62033
0.56567
0.46972
0.45152
0.46319
0.4285
0.4227
0.42959
0.47198
0.52546
0.54003
0.50378
0.45101
0.42568
0.40505
0.41867
0.43456
0.44465
0.45081
0.44139
0.43717
0.43785
0.42085
0.44594
0.45365
0.43578
0.39161
0.36948
0.37176
0.38963
0.40993
0.46844
0.50065
0.60659
0.91597
0.91784
0.8993
0.80557
0.74208
0.75581
0.86578
0.84424
0.57715
0.46938
0.42209
0.45408
0.42815
0.39328
0.34893
0.36251
0.34938
0.38383
0.41515
0.43783
0.40776
0.39248
0.37907
0.38165
0.38414
0.39046
0.38253
0.36396
0.32557
0.2783
0.42087
0.49477
0.51882
0.58563
0.58843
0.6136
0.80414
0.80894
0.73326
0.68171
0.58782
0.61944
0.59262
0.54656
0.44264
0.47074
0.38202
0.34602
0.35674
0.39767
0.37088
0.36063
0.3706
0.35108
0.34364
0.32888
0.32719
0.28668
0.24982
0.25663
0.24069
0.27291
0.28155
0.2893
0.28042
0.266
0.26047
0.2273
0.2544
0.28317
0.31251
0.31693
0.31461
0.31858
0.32368
0.31943
0.32678
0.32823
0.37953
0.40887
0.44352
0.33824
0.30647
0.29998
0.30551
0.29417
0.30014
0.28586
0.2831
0.28367
0.29142
0.30358
0.33044
0.35565
0.3926
0.54928
0.62582
0.63533
0.56863
0.53311
0.49538
0.44349
0.39025
0.33282
0.27897
0.25548
0.27801
0.29417
0.29308
0.26809
0.25734
0.28932
0.28854
0.29902
0.29429
0.28468
0.29248
0.3017
0.29652
0.29067
0.30343
0.24785
0.23577
0.37663
0.56128
0.46728
0.45833
0.41694
0.39114
0.37361
0.37694
0.45328
0.52804
0.59592
0.61229
0.6341
0.85446
0.87133
0.88298
0.88342
0.88441
0.78766
0.82982
0.67152
0.47064
0.43435
0.38148
0.33389
0.30486
0.27981
0.29656
0.35673
0.35267
0.36813
0.38541
0.43333
0.43118
0.47487
0.58733
0.61481
0.60333
0.59594
0.55689
0.56416
0.5222
0.4891
0.44839
0.41324
0.35151
0.28565
0.27563
0.27906
0.25588
0.23464
0.25339
0.26982
0.30275
0.3177
0.29915
0.30681
0.29797
0.29939
0.29125
0.28395
0.26288
0.21073
0.21214
0.33709
0.92584
0.47083
0.41979
0.41849
0.36406
0.39928
0.39752
0.50152
0.54073
0.56198
0.59965
0.5979
0.70874
0.52229
0.3728
0.34267
0.28662
0.34139
0.37508
0.41317
0.4211
0.40654
0.38475
0.40071
0.44085
0.55142
0.60332
0.58331
0.55269
0.52269
0.49527
0.47318
0.45217
0.4355
0.40241
0.3649
0.31735
0.27157
0.24566
0.26416
0.28039
0.36961
0.33211
0.32017
0.30385
0.29367
0.24998
0.3106
0.32847
0.37542
0.39182
0.3171
0.409
0.94739
0.92532
0.74219
0.44321
0.52591
0.50445
0.49338
0.44104
0.44276
0.43278
0.46762
0.47216
0.59453
0.69322
0.60554
0.68587
0.68839
0.92236
0.90981
0.70567
0.56682
0.52486
0.5112
0.47243
0.50234
0.48903
0.57519
0.85899
0.86635
0.65151
0.49607
0.50564
0.40105
0.35779
0.32678
0.31398
0.60574
0.70023
0.66056
0.66089
0.77056
0.81803
0.92973
0.91388
0.72318
0.68706
0.69201
0.75329
0.84957
0.93966
0.91187
0.89677
0.64949
0.95818
0.92501
0.94189
0.92979
0.6456
0.51262
0.50859
0.54297
0.78958
0.70179
0.68867
0.68037
0.74175
0.70543
0.83431
0.82878
0.8777
0.81469
0.75442
0.78298
0.75751
0.79958
0.84974
0.88547
0.78461
0.73447
0.77002
0.70958
0.61424
0.61345
0.62346
0.84934
0.94578
0.92265
0.91039
0.89806
0.87452
0.86017
0.89126
0.78027
0.73768
0.72811
0.47805
0.45799
0.39812
0.46304
0.37586
0.36699
0.31748
0.29915
0.57147
0.5716
0.89117
0.8676
0.86479
0.84471
0.81309
0.86129
0.84654
0.82398
0.65506
0.47504
0.45204
0.42655
0.48044
0.51344
0.50137
0.4514
0.43149
0.43158
0.43781
0.46462
0.57531
0.51476
0.43684
0.39316
0.37456
0.34966
0.31789
0.29157
0.27078
0.2944
0.29597
0.31663
0.34605
0.34999
0.3588
0.40409
0.48183
0.51415
0.53945
0.4821
0.44534
0.48003
0.5189
0.54116
0.55437
0.54668
0.54847
0.5141
0.43287
0.49769
0.56845
0.55957
0.53015
0.51553
0.52002
0.50681
0.41099
0.29531
0.22682
0.23689
0.46472
0.68361
0.6482
0.639
0.64868
0.67812
0.57514
0.63048
0.63329
0.62042
0.63789
0.69428
0.65867
0.64795
0.53115
0.51487
0.50767
0.52879
0.48055
0.41926
0.34312
0.33828
0.33916
0.34039
0.34585
0.35669
0.34952
0.36065
0.38437
0.37213
0.36995
0.36909
0.36376
0.42814
0.43448
0.38945
0.43199
0.66463
0.72221
0.77094
0.91631
0.68836
0.79704
0.67563
0.55672
0.57929
0.58647
0.56518
0.52247
0.56383
0.56653
0.4775
0.44672
0.46401
0.49264
0.55951
0.59924
0.63602
0.67536
0.63808
0.60277
0.68139
0.73535
0.74501
0.71736
0.70398
0.67499
0.60966
0.56154
0.57661
0.5675
0.604
0.63447
0.64879
0.64186
0.55101
0.47498
0.46186
0.54464
0.5418
0.51314
0.48371
0.49123
0.50674
0.45487
0.46815
0.51015
0.53854
0.5957
0.66481
0.83252
0.71531
0.55444
0.48687
0.52924
0.56804
0.52595
0.48289
0.44626
0.41025
0.39116
0.39222
0.40137
0.41673
0.49129
0.51901
0.45245
0.39618
0.36852
0.35326
0.31047
0.29768
0.30169
0.37153
0.40578
0.37437
0.34593
0.38337
0.44553
0.51722
0.58893
0.50111
0.45886
0.43488
0.38139
0.34048
0.32399
0.30634
0.30455
0.29918
0.28909
0.28643
0.30064
0.30616
0.8826
0.91751
0.69753
0.59571
0.62283
0.47874
0.44326
0.47029
0.59003
0.58152
0.57857
0.61351
0.61661
0.79459
0.70535
0.73182
0.66934
0.57426
0.49864
0.5145
0.52966
0.46545
0.34563
0.28061
0.33756
0.41087
0.52983
0.58276
0.43485
0.41179
0.40316
0.42229
0.48149
0.5478
0.55202
0.52945
0.50193
0.62217
0.41782
0.52282
0.80513
0.90132
0.85286
0.74061
0.66678
0.53627
0.43225
0.34256
0.42426
0.59089
0.79513
0.82809
0.67209
0.74508
0.72095
0.63264
0.69145
0.74542
0.94016
0.84023
0.84912
0.75906
0.38638
0.34229
0.36521
0.59492
0.70613
0.63578
0.50394
0.45969
0.39766
0.37404
0.4045
0.44058
0.36647
0.3234
0.3235
0.28884
0.28325
0.31014
0.29296
0.27361
0.25793
0.26007
0.30888
0.30374
0.29153
0.28459
0.2572
0.2996
0.28039
0.33114
0.4729
0.42191
0.31579
0.35544
0.44021
0.45816
0.51082
0.51772
0.46186
0.42239
0.39137
0.37839
0.37492
0.36641
0.34267
0.31955
0.31599
0.31253
0.3142
0.33862
0.43659
0.50151
0.41193
0.4599
0.47119
0.5911
0.51535
0.46632
0.51748
0.62201
0.61828
0.6901
0.62042
0.48992
0.41941
0.41689
0.5275
0.55327
0.53459
0.53387
0.50948
0.4716
0.44014
0.43858
0.43164
0.40249
0.39316
0.37522
0.3569
0.33151
0.32365
0.35635
0.2972
0.28695
0.33631
0.33245
0.3415
0.33275
0.31997
0.33128
0.32672
0.4245
0.61282
0.55635
0.35851
0.33742
0.38177
0.38033
0.39444
0.38462
0.37634
0.37667
0.35253
0.32608
0.30327
0.3298
0.36082
0.36449
0.37258
0.37493
0.3509
0.33333
0.32316
0.35534
0.35285
0.34718
0.34577
0.3648
0.33085
0.332
0.33758
0.35358
0.36882
0.37021
0.37603
0.38554
0.36211
0.34583
0.3512
0.36073
0.38538
0.37413
0.3851
0.38813
0.39496
0.42784
0.35762
0.35179
0.50896
0.51671
0.50632
0.49633
0.44946
0.45028
0.40136
0.37496
0.40479
0.57204
0.47926
0.47942
0.45047
0.40125
0.37806
0.37517
0.43154
0.53798
0.57977
0.62878
0.64881
0.55038
0.47154
0.43813
0.46257
0.47137
0.41825
0.4047
0.38076
0.35803
0.319
0.32169
0.34273
0.42174
0.49267
0.54513
0.529
0.44378
0.43081
0.97251
0.8117
0.65981
0.83656
0.96185
0.94093
0.68942
0.46793
0.41053
0.41983
0.45409
0.6036
0.76869
0.966
0.96758
0.47339
1.0006
0.98304
0.98373
0.98407
0.97382
0.92042
0.84098
0.6949
0.70653
0.74409
0.8134
0.7405
0.71869
0.64914
0.57803
0.59532
0.68634
0.78541
0.47375
0.64948
0.87997
0.76944
0.59355
0.48733
0.44798
0.40353
0.3096
0.29641
0.38281
0.57711
0.513
0.46191
0.4507
0.52186
0.59225
0.62435
0.66798
0.88285
0.72358
0.59718
0.57453
0.53378
0.6991
0.79267
0.82448
0.69662
0.48387
0.48237
0.41456
0.42201
0.41
0.39602
0.39248
0.40287
0.43316
0.39166
0.37816
0.44142
0.61637
0.67302
0.6705
0.56979
0.51545
0.41035
0.39518
0.37526
0.35861
0.33209
0.29254
0.2964
0.3409
0.55873
0.64197
0.66278
0.61333
0.55013
0.51226
0.58521
0.79461
0.7637
0.51709
0.56011
0.60724
0.62594
0.67179
0.64196
0.61983
0.63564
0.61143
0.62795
0.856
0.95179
0.87961
0.63151
0.53066
0.49551
0.4704
0.45975
0.48544
0.50341
0.41115
0.41137
0.40731
0.41685
0.41011
0.37385
0.37263
0.40378
0.4003
0.38285
0.36045
0.37819
0.3853
0.38624
0.38571
0.37779
0.36677
0.37585
0.3792
0.35627
0.401
0.4612
0.52766
0.61781
0.5777
0.45383
0.37212
0.3424
0.32573
0.33576
0.375
0.50377
0.54976
0.46591
0.46282
0.37477
0.32177
0.32164
0.42304
0.52104
0.56834
0.53426
0.46799
0.41355
0.40584
0.52019
0.55837
0.65715
0.70528
0.6671
0.60499
0.546
0.47618
0.49211
0.57149
0.4248
0.59023
0.33093
0.31902
0.29459
0.35624
0.39728
0.44652
0.37874
0.38658
0.31828
0.3052
0.27616
0.30088
0.37126
0.43794
0.48402
0.46433
0.34698
0.34072
0.34705
0.33785
0.36699
0.36103
0.3541
0.34754
0.34445
0.33191
0.32247
0.34056
0.44076
0.5324
0.48937
0.39394
0.42351
0.44965
0.39184
0.39057
0.43221
0.52165
0.55254
0.58056
0.58083
0.50324
0.43866
0.38936
0.49019
0.64652
0.72147
0.6396
0.51785
0.42907
0.35731
0.33463
0.34886
0.45978
0.53947
0.5341
0.51935
0.45992
0.42709
0.49135
0.49577
0.50033
0.58823
0.58206
0.51932
0.43275
0.40709
0.39962
0.43388
0.45795
0.49459
0.51089
0.4413
0.35279
0.32241
0.34314
0.36214
0.41355
0.4805
0.45445
0.39108
0.37145
0.3499
0.34106
0.35781
0.42492
0.49747
0.51398
0.46628
0.4086
0.38139
0.35433
0.32754
0.33084
0.37933
0.46372
0.64898
0.49559
0.61707
0.85149
0.94619
0.98992
0.99764
0.99802
0.99907
0.89449
0.8901
0.82009
0.84432
0.84504
0.86109
0.8514
0.73824
0.61471
0.58987
0.52534
0.4931
0.50674
0.61862
0.66897
0.77059
0.70659
0.81026
0.62371
0.5638
0.52591
0.62717
0.49564
0.54202
0.47542
0.44666
0.51302
0.56439
0.73426
0.70351
0.62037
0.51441
0.45499
0.62981
0.81585
0.69336
0.61036
0.53781
0.52998
0.49407
0.47588
0.49633
0.62137
0.9264
0.939
0.93186
0.88692
0.89695
0.90709
0.79806
0.77264
0.67749
0.70456
0.89367
0.64609
0.68589
0.6665
0.66782
0.60952
0.58771
0.48427
0.53539
0.55644
0.71359
0.82928
0.89375
0.88752
0.82884
0.79165
0.73162
0.70047
0.60539
0.56711
0.5611
0.49384
0.94742
0.9659
0.99815
1.0004
0.95325
0.64525
0.74759
0.65203
0.71963
0.96511
0.96637
0.95734
0.75898
0.83206
0.79988
0.7682
0.98495
0.8202
0.91165
0.93684
0.8284
0.87614
0.92857
0.7722
0.78948
0.81935
0.96266
0.90237
0.78064
0.64642
0.51759
0.47631
0.70501
0.751
0.76223
0.77152
0.69044
0.73089
0.77026
0.66319
0.64472
0.68268
0.98224
0.98299
0.97544
0.96718
0.99893
0.99857
0.83455
0.92755
0.92058
0.80753
0.70756
0.58687
0.49038
0.48267
0.58468
0.66355
0.59968
0.58919
0.57103
0.49257
0.48532
0.55112
0.63479
0.69958
0.75061
0.83736
0.67944
0.60307
0.51062
0.5268
0.5798
0.58662
0.56516
0.52219
0.53809
0.4874
0.45568
0.44362
0.40854
0.56834
0.62761
0.66705
0.5875
0.53154
0.51784
0.54681
0.57218
0.61228
0.6507
0.67543
0.63298
0.61011
0.5363
0.77898
0.96904
0.85861
0.91067
0.87594
0.73265
0.62496
0.64695
0.60773
0.6208
0.6803
0.70315
0.97619
0.84944
0.68021
0.77165
0.61947
0.58171
0.55443
0.65707
0.71163
0.64866
0.60637
0.57446
0.55933
0.54055
0.49709
0.479
0.51755
0.52875
0.45405
0.39682
0.37305
0.36022
0.31668
0.42167
0.47814
0.4775
0.4742
0.45293
0.44953
0.41331
0.40781
0.47816
0.5687
0.54812
0.49917
0.47448
0.48591
0.46788
0.62932
0.63171
0.63961
0.55877
0.49832
0.47735
0.4821
0.49623
0.45979
0.46311
0.44923
0.42128
0.36381
0.3308
0.3423
0.39444
0.57597
0.70062
0.77804
0.66979
0.51673
0.6133
0.62005
0.57703
0.70978
0.70009
0.60103
0.56856
0.56264
0.55077
0.52576
0.5122
0.51107
0.46366
0.3737
0.34335
0.41762
0.6449
0.68969
0.61038
0.63185
0.55423
0.52112
0.47938
0.46777
0.4724
0.48092
0.52473
0.57385
0.73163
0.80228
0.72522
0.59253
0.53868
0.49562
0.54409
0.64677
0.68029
0.68818
0.61438
0.63221
0.539
0.49377
0.55497
0.57606
0.64354
0.67641
0.67689
0.61948
0.60139
0.58555
0.59231
0.62338
0.6801
0.65711
0.59926
0.51857
0.44244
0.41734
0.39778
0.45151
0.56056
0.54634
0.5068
0.50091
0.46988
0.42525
0.42879
0.46236
0.49689
0.49203
0.46856
0.45542
0.44852
0.43635
0.43455
0.53828
0.63063
0.66298
0.67607
0.74934
0.75253
0.6968
0.67689
0.65394
0.63787
0.59642
0.48379
0.40093
0.33877
0.31332
0.32637
0.34582
0.33929
0.33755
0.32627
0.31694
0.30186
0.30878
0.3071
0.31496
0.5027
0.42877
0.38454
0.43175
0.51537
0.59762
0.66545
0.63605
0.61517
0.6041
0.61898
0.55324
0.4843
0.49413
0.52626
0.62996
0.69635
0.6379
0.59789
0.52416
0.47444
0.44828
0.43996
0.47134
0.59966
0.63976
0.57847
0.49525
0.45227
0.43451
0.46795
0.52744
0.54649
0.54346
0.47597
0.41115
0.36074
0.34262
0.3627
0.42871
0.45118
0.4686
0.37195
0.35904
0.34361
0.32516
0.33805
0.51639
0.59252
0.59534
0.56229
0.48771
0.41183
0.45824
0.45006
0.51157
0.58859
0.50901
0.47958
0.43573
0.41025
0.40812
0.43793
0.49317
0.59248
0.62823
0.60459
0.60085
0.59672
0.58696
0.58056
0.6141
0.59659
0.60182
0.59461
0.55565
0.52125
0.52768
0.50115
0.53338
0.57418
0.57487
0.52535
0.46123
0.4118
0.4288
0.44292
0.44923
0.56388
0.64557
0.57722
0.51526
0.48393
0.47925
0.48831
0.4873
0.58148
0.66642
0.62293
0.55383
0.50989
0.50078
0.56225
0.5636
0.5947
0.65647
0.70006
0.81752
0.64896
0.64979
0.70633
0.7099
0.74644
0.70152
0.58128
0.51828
0.52091
0.78219
0.7368
0.82514
0.87825
0.84106
0.75775
0.64204
0.62231
0.81524
0.82194
0.88176
0.86967
0.78529
0.72502
0.62783
0.6059
0.62769
0.59954
0.60549
0.78362
0.63839
0.5264
0.51316
0.50265
0.52024
0.57252
0.67799
0.70259
0.55362
0.54268
0.42004
0.35269
0.34478
0.35192
0.42208
0.45969
0.4252
0.37294
0.35914
0.33911
0.33882
0.3323
0.56108
0.69825
0.59899
0.61373
0.49608
0.3915
0.41063
0.49395
0.6441
0.70128
0.60877
0.59917
0.63802
0.65401
0.68715
0.76375
0.80751
0.79154
0.80185
0.7276
0.63349
0.54242
0.50825
0.59173
0.65161
0.69086
0.76782
0.77745
0.72269
0.70881
0.75212
0.75041
0.74167
0.70237
0.67657
0.58684
0.50789
0.44575
0.40445
0.45386
0.48497
0.60457
0.62657
0.5169
0.37095
0.35853
0.63498
0.71908
0.77721
0.80225
0.73018
0.73335
0.68272
0.65835
0.68244
0.7325
0.67005
0.66151
0.66261
0.60432
0.56069
0.54318
0.5645
0.63046
0.66089
0.65665
0.65475
0.61853
0.55731
0.48229
0.44841
0.51987
0.6675
0.60983
0.58539
0.55348
0.42959
0.38397
0.37397
0.42375
0.5111
0.45527
0.45469
0.42281
0.40541
0.39048
0.38423
0.53263
0.73284
0.79398
0.78871
0.78015
0.74592
0.67041
0.70293
0.67255
0.6628
0.66091
0.68784
0.66221
0.55226
0.519
0.45723
0.49899
0.48268
0.4653
0.41977
0.36788
0.33666
0.32338
0.31815
0.33127
0.36667
0.40054
0.40782
0.34804
0.30828
0.30383
0.31411
0.35373
0.46376
0.54971
0.65161
0.65875
0.56358
0.53983
0.73161
0.76412
0.8158
0.77377
0.7843
0.74736
0.62741
0.56926
0.57641
0.58518
0.56577
0.59616
0.65535
0.6085
0.76213
0.91832
0.95753
0.96839
0.98839
0.96994
0.99986
0.97791
0.80679
0.70362
0.49978
0.4746
0.51006
0.65072
0.67412
0.67658
0.57821
0.53119
0.50796
0.46264
0.60047
0.64605
0.63847
0.59537
0.52253
0.35869
0.39415
0.3188
0.31224
0.2735
0.28757
0.30948
0.31237
0.31029
0.32429
0.39691
0.54475
0.46011
0.37853
0.35638
0.36406
0.42255
0.47222
0.56104
0.64637
0.65921
0.68258
0.65302
0.6164
0.49781
0.48162
0.49782
0.49546
0.56435
0.65991
0.65721
0.59263
0.56798
0.56128
0.74766
0.75873
0.78738
0.74689
0.69567
0.56333
0.58075
0.667
0.69251
0.71494
0.64366
0.52518
0.45522
0.54487
0.568
0.48132
0.43933
0.5623
0.58896
0.57206
0.5102
0.47069
0.44751
0.42542
0.4189
0.45096
0.52592
0.43368
0.35448
0.31272
0.3111
0.31275
0.35967
0.34867
0.32463
0.32765
0.33473
0.33489
0.32277
0.32254
0.31017
0.32034
0.3282
0.33137
0.31604
0.30059
0.29984
0.31681
0.2944
0.29209
0.30179
0.30626
0.29683
0.33627
0.34155
0.4078
0.43224
0.42661
0.42214
0.41165
0.33345
0.3281
0.35665
0.4911
0.48954
0.43352
0.37636
0.45854
0.41508
0.37969
0.38443
0.36588
0.4439
0.45931
0.4682
0.52095
0.50651
0.49048
0.47464
0.4296
0.49176
0.56257
0.61567
0.58673
0.52052
0.53919
0.63499
0.64542
0.74766
0.8931
0.93738
0.98067
0.86317
0.59187
0.689
0.7035
0.57935
0.41126
0.36245
0.36656
0.50304
0.59835
0.57217
0.65187
0.71383
0.70138
0.67498
0.66772
0.63346
0.78386
0.94008
0.76828
0.59415
0.59185
0.67229
0.80724
0.81591
0.80315
0.75959
0.76706
0.81935
0.8695
0.92069
1.0003
0.97602
0.72606
0.59239
0.6952
0.82768
0.83535
0.89184
0.83761
0.84493
0.74393
0.64163
0.62727
0.69891
0.78541
0.84983
0.90328
0.86138
0.76875
0.68131
0.70269
0.89733
0.8931
0.94039
0.95791
0.91707
0.73029
0.61874
0.59694
0.64869
0.54877
0.47378
0.39479
0.36277
0.33528
0.32686
0.3326
0.41894
0.66055
0.72095
0.82593
0.83409
0.80353
0.77393
0.62581
0.62616
0.65258
0.64537
0.61392
0.59074
0.55431
0.52704
0.5394
0.60539
0.60035
0.54866
0.71398
0.81111
0.79231
0.71343
0.70341
0.74011
0.53397
0.47038
0.3697
0.34189
0.41197
0.37227
0.31779
0.273
0.28458
0.31037
0.31347
0.29835
0.30001
0.28256
0.23593
0.23312
0.24008
0.24904
0.24104
0.23455
0.26373
0.29847
0.27777
0.26976
0.25185
0.23296
0.21452
0.21943
0.27548
0.34006
0.3659
0.37304
0.30498
0.22445
0.20715
0.19599
0.20181
0.41106
0.55659
0.64606
0.63098
0.57739
0.52613
0.52806
0.62471
0.71936
0.77118
0.81189
0.7629
0.71931
0.6966
0.68001
0.64655
0.59195
0.57582
0.53159
0.56159
0.47195
0.43791
0.41301
0.38015
0.33018
0.29797
0.29676
0.33143
0.35312
0.39579
0.484
0.52161
0.47886
0.50125
0.63852
0.66764
0.6578
0.62096
0.57216
0.43526
0.39742
0.36053
0.32408
0.29581
0.282
0.35253
0.42846
0.42609
0.4259
0.43079
0.4382
0.43678
0.43039
0.42764
0.42004
0.37738
0.35096
0.34587
0.38572
0.45365
0.51946
0.53368
0.52158
0.47938
0.44577
0.44307
0.42817
0.40841
0.38278
0.4076
0.43227
0.43123
0.41689
0.39414
0.32936
0.28872
0.27931
0.29399
0.39587
0.93068
0.84923
0.58965
0.61609
0.64146
0.73097
0.71519
0.7323
0.68701
0.60239
0.57828
0.53196
0.51004
0.58619
0.64445
0.58975
0.57174
0.91413
0.96756
0.97684
0.97928
0.97822
0.97997
0.76259
0.66036
0.62024
0.68095
0.68327
0.72342
0.68195
0.66046
0.6334
0.60939
0.65325
0.65066
0.64361
0.6701
0.84433
0.90564
0.96287
0.95244
0.95945
0.95918
0.95915
0.89016
0.88535
0.82942
0.8304
0.77458
0.6373
0.76493
0.77113
0.79884
0.80977
0.80501
0.77073
0.6496
0.57653
0.5451
0.51721
0.50224
0.60004
0.89396
0.85881
0.77361
0.67821
0.61499
0.60969
0.62195
0.56167
0.49233
0.45795
0.43163
0.40357
0.4009
0.42874
0.41297
0.37156
0.39305
0.37656
0.36489
0.34311
0.32227
0.3224
0.32593
0.29876
0.37083
0.36834
0.35378
0.34521
0.34062
0.34583
0.35506
0.36966
0.35014
0.46786
0.46941
0.4372
0.41801
0.40379
0.38878
0.37856
0.38677
0.40892
0.43192
0.53916
0.66642
0.68789
0.65009
0.53881
0.48517
0.46499
0.47314
0.46571
0.46976
0.46544
0.4501
0.49275
0.47224
0.40664
0.38114
0.40735
0.45988
0.58402
0.72052
0.69174
0.60371
0.61705
0.61102
0.56495
0.61294
0.64771
0.69648
0.68154
0.594
0.49655
0.43831
0.45293
0.45539
0.46606
0.41696
0.32291
0.34474
0.32538
0.31798
0.32988
0.37208
0.36902
0.364
0.3617
0.3717
0.37329
0.3703
0.36176
0.34046
0.34513
0.36912
0.35101
0.36572
0.40446
0.63453
0.78577
0.68545
0.68053
0.69351
0.70598
0.68557
0.67695
0.66851
0.65478
0.62332
0.60421
0.56739
0.54371
0.53713
0.56505
0.54772
0.53544
0.54042
0.52171
0.50221
0.46883
0.45585
0.47123
0.53149
0.56605
0.59912
0.53802
0.44054
0.4642
0.52709
0.59289
0.55601
0.60002
0.59189
0.50543
0.37085
0.39125
0.35129
0.32996
0.34409
0.32371
0.33757
0.39688
0.51289
0.96783
0.94634
0.83775
0.76629
0.73847
0.90075
0.94455
0.94184
0.93094
0.60779
0.58125
0.55215
0.53641
0.58197
0.60269
0.59388
0.49143
0.41746
0.3702
0.33074
0.29946
0.26255
0.29726
0.49688
0.60374
0.67678
0.71638
0.72783
0.89456
1.0001
0.48384
0.37298
0.50873
0.56552
0.98636
0.97824
0.97169
0.95275
0.94662
0.93395
0.73088
0.74425
0.87634
0.81669
0.69525
0.61903
0.51754
0.56558
0.89186
0.89068
0.88088
0.87165
0.87941
0.89004
0.81578
0.8846
0.8004
0.87684
0.892
0.89859
0.8777
0.83708
0.7934
0.65841
0.84757
0.87216
0.87989
0.84857
0.67649
0.58981
0.48468
0.46593
0.46067
0.43378
0.41034
0.38357
0.36268
0.35721
0.35052
0.35045
0.34443
0.34647
0.35548
0.38741
0.40237
0.38643
0.35773
0.34622
0.34756
0.32932
0.31142
0.30067
0.30491
0.33442
0.30216
0.3866
0.40011
0.57205
0.53347
0.42807
0.38672
0.35545
0.32969
0.33831
0.34487
0.33324
0.30758
0.26709
0.22938
0.21854
0.24176
0.26011
0.28029
0.29122
0.29785
0.30008
0.29703
0.30796
0.32788
0.3555
0.6782
0.87335
0.86724
0.86756
0.75299
0.67738
0.68818
0.54685
0.49472
0.4621
0.41049
0.41462
0.44848
0.56626
0.73194
0.80007
0.4998
0.46428
0.41015
0.38877
0.45987
0.62715
0.65973
0.65719
0.58256
0.46279
0.46367
0.50331
0.43717
0.46621
0.45627
0.46568
0.50947
0.47199
0.44935
0.48236
0.50298
0.49359
0.61031
0.67978
0.51977
0.43084
0.44003
0.45524
0.46376
0.69623
0.97303
0.95819
0.86051
0.8708
0.83923
0.83442
0.83096
0.83653
0.83405
0.82177
0.80237
0.80363
0.74183
0.74471
0.75778
0.73748
0.71361
0.70478
0.7122
0.68972
0.67621
0.57031
0.50757
0.46334
0.42637
0.45374
0.47546
0.47249
0.44281
0.42699
0.41488
0.43505
0.44966
0.42289
0.42267
0.41408
0.40175
0.43373
0.42948
0.42525
0.44625
0.47142
0.49005
0.50054
0.51695
0.51423
0.46889
0.46159
0.42767
0.43869
0.43216
0.43004
0.46132
0.46818
0.44283
0.42796
0.43311
0.42048
0.40898
0.59797
0.50926
0.36634
0.50822
0.43904
0.85577
0.97327
0.56903
0.97929
0.95401
0.94097
0.93121
0.925
0.91225
0.89602
0.8964
0.86351
0.77962
0.78428
0.73377
0.69204
0.63135
0.58559
0.56488
0.53598
0.56636
0.57339
0.53668
0.46841
0.42059
0.38384
0.36836
0.35102
0.34055
0.32715
0.3126
0.3109
0.33443
0.36897
0.38664
0.37657
0.40525
0.41806
0.38772
0.52174
0.32677
0.41548
0.93196
0.91906
0.91502
0.8986
0.65484
0.52626
0.52671
0.50274
0.43519
0.51275
0.58604
0.50016
0.5423
0.61565
0.75455
0.87856
0.78625
0.64753
0.62906
0.87623
0.84372
0.46365
0.40154
0.43648
0.52852
0.56546
0.59749
0.61643
0.61348
0.55174
0.4138
0.34523
0.35694
0.32315
0.34862
0.39896
0.42022
0.41344
0.40792
0.62949
0.68197
0.7758
0.49083
0.362
0.33075
0.37022
0.37825
0.38313
0.49534
0.61343
0.45919
0.41996
0.39861
0.55387
0.48849
0.37303
0.43429
0.29516
0.35585
0.32383
0.40016
0.64647
0.4804
0.57738
0.7035
0.6177
0.70848
0.83643
0.92442
0.92417
0.90168
0.91146
0.92798
0.89803
0.89887
0.79664
0.60192
0.54777
0.50445
0.41884
0.37759
0.31786
0.29436
0.26228
0.28338
0.32407
0.32098
0.30442
0.31698
0.32635
0.32011
0.31999
0.33108
0.32981
0.33927
0.34604
0.37839
0.43611
0.65414
0.93355
0.81504
0.82878
0.64629
0.54105
0.46302
0.4124
0.33172
0.44424
0.55711
0.38707
0.34226
0.37916
0.38785
0.38553
0.50875
0.73855
0.91347
0.9096
0.81212
0.57269
0.57948
0.496
0.46595
0.46494
0.44999
0.42541
0.41152
0.40275
0.3986
0.37379
0.35167
0.34354
0.34047
0.5074
0.8332
0.58142
0.8039
0.70906
0.64726
0.59323
0.56228
0.53475
0.47406
0.46328
0.46857
0.49731
0.44974
0.40273
0.40088
0.41663
0.44037
0.41464
0.40144
0.46592
0.57917
0.6433
0.6356
0.60467
0.69066
0.7109
0.63869
0.5886
0.63314
0.67697
0.56065
0.76386
0.77199
0.76204
0.55851
0.49842
0.45774
0.42761
0.4566
0.66007
0.66288
0.57143
0.48145
0.44885
0.46473
0.4868
0.47399
0.44413
0.40758
0.4189
0.4061
0.35497
0.34977
0.35772
0.38498
0.3937
0.40582
0.50133
0.50938
0.39817
0.35217
0.27798
0.26067
0.26473
0.2137
0.25678
0.23446
0.18589
0.20918
0.2202
0.29219
0.37922
0.34627
