0.47606
0.34252
0.43025
0.44959
0.45374
0.4509
0.45193
0.47112
0.45457
0.44515
0.43923
0.47495
0.47844
0.49223
0.50563
0.49428
0.50744
0.50927
0.49942
0.48704
0.44813
0.41512
0.40918
0.42198
0.43489
0.43525
0.44044
0.41204
0.3825
0.7788
0.80204
0.63288
0.61246
0.63267
0.62417
0.68916
0.79124
0.79653
0.69656
0.64667
0.62142
0.78257
0.79232
0.78825
0.7839
0.77324
0.74634
0.75965
0.76229
0.76217
0.74435
0.72942
0.75214
0.75544
0.74174
0.74474
0.73176
0.67929
0.61598
0.5924
0.52862
0.43231
0.42745
0.44855
0.45577
0.45892
0.46042
0.46961
0.50574
0.49234
0.47746
0.5446
0.55692
0.52462
0.4744
0.39844
0.41469
0.4133
0.40817
0.37647
0.31957
0.27179
0.28351
0.28143
0.30431
0.32384
0.35675
0.3689
0.35776
0.37374
0.40762
0.45736
0.54051
0.59303
0.57471
0.54646
0.7444
0.74699
0.6833
0.63321
0.60622
0.75301
0.67538
0.66863
0.66093
0.62899
0.57189
0.54518
0.57415
0.6871
0.44261
0.42792
0.4113
0.39003
0.39513
0.38052
0.37249
0.33713
0.31937
0.28749
0.29767
0.29446
0.38326
0.79657
0.80665
0.79893
0.80317
0.80313
0.80371
0.75152
0.4479
0.48105
0.63567
0.75721
0.52132
0.45516
0.42127
0.42796
0.56854
0.65821
0.83023
0.79087
0.52126
0.5016
0.50153
0.48964
0.42707
0.43897
0.64218
0.7361
0.75187
0.77155
0.75352
0.78351
0.46571
0.42693
0.51066
0.66515
0.60596
0.58956
0.54365
0.47121
0.46604
0.50845
0.5788
0.62629
0.6293
0.58086
0.52769
0.4905
0.4844
0.51572
0.82775
0.82544
0.81664
0.78877
0.76689
0.73137
0.73588
0.62278
0.47912
0.35276
0.35711
0.39171
0.72485
0.80397
0.80154
0.89346
0.90456
0.90416
0.89566
0.88414
0.87154
0.84764
0.82223
0.79963
0.77137
0.73116
0.71207
0.6782
0.82676
0.86236
0.79592
0.91544
0.83142
0.90712
0.74393
0.47434
0.43924
0.44411
0.46951
0.62106
0.73544
0.87852
0.86655
0.84731
0.82596
0.81301
0.80327
0.7979
0.79163
0.77999
0.77061
0.75933
0.73754
0.63339
0.55798
0.47949
0.45869
0.55902
0.73187
0.74139
0.741
0.73824
0.72573
0.7019
0.69835
0.68324
0.61337
0.51575
0.49644
0.50722
0.50786
0.4848
0.45006
0.48769
0.54558
0.60944
0.70348
0.70676
0.65371
0.56558
0.63047
0.68976
0.69951
0.70598
0.71354
0.71569
0.71308
0.70557
0.69915
0.66731
0.64387
0.61399
0.67421
0.61723
0.56654
0.4849
0.41707
0.37994
0.37762
0.43388
0.43105
0.40616
0.40559
0.41952
0.3594
0.29838
0.3079
0.31371
0.4196
0.39548
0.3771
0.38578
0.38063
0.38569
0.39327
0.41058
0.41155
0.82849
0.74538
0.44255
0.61233
0.42724
0.43891
0.79368
0.77414
0.68181
0.32797
0.55975
0.72684
0.75212
0.6801
0.6806
0.68442
0.7642
0.73384
0.62055
0.45966
0.4473
0.46336
0.48736
0.46796
0.42607
0.41221
0.44437
0.50045
0.54585
0.57253
0.63873
0.78382
0.80088
0.7382
0.54501
0.4704
0.36614
0.4407
0.45718
0.57575
0.82133
0.37362
0.49023
0.49665
0.49907
0.54908
0.74406
0.68881
0.62678
0.62254
0.63456
0.62332
0.59571
0.59717
0.59479
0.56594
0.69095
0.74416
0.7504
0.76763
0.78471
0.78222
0.76543
0.77765
0.77644
0.66756
0.64178
0.55835
0.53653
0.5215
0.55138
0.5913
0.59165
0.62504
0.72608
0.77641
0.80402
0.81259
0.83811
0.84696
0.80462
0.74463
0.71191
0.69874
0.70646
0.73246
0.74062
0.7344
0.77553
0.79623
0.78812
0.795
0.79529
0.7917
0.78167
0.73784
0.63608
0.52067
0.45071
0.39261
0.4346
0.72618
0.78029
0.83166
0.88664
0.84287
0.76783
0.84479
0.85105
0.84769
0.84478
0.82239
0.84117
0.61934
0.48835
0.57657
0.82186
0.91093
0.939
0.95275
0.96318
0.95345
0.86004
0.83413
0.76744
0.74602
0.89043
0.84917
0.8378
0.81697
0.8023
0.82228
0.80606
0.79098
0.77997
0.76963
0.76916
0.75596
0.752
0.75658
0.75481
0.75012
0.75152
0.74373
0.74292
0.74415
0.74698
0.73544
0.74661
0.75086
0.74655
0.7072
0.60772
0.57051
0.52727
0.47226
0.40977
0.42991
0.43719
0.47897
0.52608
0.54313
0.52087
0.52768
0.60733
0.66171
0.7266
0.71813
0.74002
0.841
0.88968
0.89732
0.90265
0.90844
0.90433
0.87851
0.86827
0.85595
0.84327
0.81421
0.79459
0.78377
0.78133
0.77311
0.76409
0.75854
0.75295
0.75536
0.74449
0.71506
0.68422
0.66174
0.66804
0.69181
0.70346
0.76944
0.80922
0.81732
0.80522
0.76202
0.71203
0.67386
0.71243
0.71963
0.73551
0.69586
0.70983
0.73254
0.671
0.6414
0.69035
0.63737
0.72447
0.73831
0.74769
0.7118
0.61217
0.46828
0.41809
0.39133
0.34677
0.3205
0.30246
0.29827
0.26454
0.22841
0.17412
0.16745
0.24889
0.38573
0.30403
0.27654
0.28681
0.41121
0.73467
0.7679
0.78824
0.81478
0.75954
0.81867
0.8116
0.80506
0.81163
0.71799
0.80898
0.80574
0.80921
0.80528
0.79657
0.78535
0.73638
0.67694
0.57917
0.49913
0.49812
0.45296
0.37687
0.26346
0.20889
0.16548
0.19206
0.19624
0.2104
0.21151
0.22515
0.26062
0.2991
0.34528
0.41002
0.4826
0.52398
0.52952
0.53792
0.53485
0.46704
0.50883
0.61747
0.68569
0.62069
0.5254
0.45134
0.39337
0.37287
0.39673
0.43211
0.48681
0.63333
0.77986
0.75631
0.79133
0.7814
0.79765
0.79187
0.78187
0.77716
0.77131
0.77526
0.68485
0.60063
0.39158
0.78403
0.80852
0.7877
0.78438
0.77926
0.78155
0.77999
0.7742
0.76882
0.76254
0.76784
0.76273
0.75821
0.74843
0.73883
0.66245
0.57152
0.50674
0.48027
0.45066
0.39209
0.27378
0.33757
0.54431
0.80383
0.81522
0.77583
0.74495
0.72356
0.58972
0.768
0.75431
0.76134
0.7688
0.74318
0.75341
0.75447
0.75182
0.75441
0.74297
0.69866
0.75429
0.7401
0.72151
0.63285
0.56056
0.55409
0.53614
0.54596
0.56987
0.6939
0.70034
0.70884
0.69927
0.71518
0.73803
0.75013
0.70161
0.65263
0.60986
0.58716
0.57522
0.54358
0.54237
0.46152
0.50175
0.46958
0.45766
0.43127
0.42107
0.42464
0.43687
0.4662
0.45543
0.40086
0.39234
0.45922
0.52222
0.50839
0.40481
0.39404
0.46345
0.57607
0.70364
0.82941
0.81585
0.81225
0.81258
0.80249
0.75197
0.66314
0.60199
0.55571
0.51578
0.53224
0.55801
0.58515
0.54009
0.54329
0.51283
0.53837
0.55035
0.55456
0.5111
0.40336
0.37792
0.37461
0.39226
0.45987
0.44088
0.45636
0.44287
0.43919
0.45304
0.50036
0.49329
0.52988
0.50562
0.4923
0.50611
0.50662
0.50725
0.52729
0.58554
0.54181
0.50476
0.48452
0.48837
0.49011
0.50291
0.54682
0.55441
0.51277
0.49162
0.47061
0.45819
0.4427
0.44481
0.43149
0.44042
0.44364
0.43717
0.43759
0.45138
0.45162
0.44441
0.43805
0.46347
0.47287
0.47592
0.4823
0.48219
0.48975
0.46817
0.45498
0.40933
0.377
0.37913
0.44154
0.36506
0.3848
0.42105
0.48206
0.50253
0.49241
0.4804
0.48898
0.50619
0.53033
0.52453
0.50466
0.49976
0.5026
0.49269
0.4886
0.49129
0.49869
0.49232
0.4756
0.46407
0.46817
0.46887
0.47366
0.48153
0.49455
0.49408
0.48451
0.48581
0.49044
0.48255
0.46955
0.49803
0.49398
0.48435
0.4768
0.4862
0.57314
0.83488
0.85127
0.7346
0.70376
0.71214
0.79342
0.80842
0.82585
0.8614
0.87877
0.90045
0.91315
0.91949
0.92707
0.93295
0.93806
0.94152
0.94213
0.94534
0.91873
0.8931
0.86986
0.83637
0.81369
0.79455
0.71574
0.6462
0.56115
0.52901
0.48501
0.39858
0.42704
0.56151
0.58724
0.65373
0.73476
0.65469
0.45858
0.42652
0.55633
0.69848
0.80896
0.79538
0.72444
0.81718
0.8093
0.85836
0.79787
0.80009
0.78415
0.81147
0.73543
0.73329
0.72406
0.69835
0.66092
0.65501
0.63917
0.66645
0.74232
0.76845
0.84425
0.80857
0.7703
0.67075
0.61939
0.65851
0.70352
0.73157
0.703
0.68427
0.60925
0.48092
0.48574
0.50955
0.50757
0.4803
0.43788
0.39685
0.37205
0.56554
0.65778
0.60751
0.65817
0.86889
0.7451
0.88535
0.81808
0.90525
0.7482
0.6149
0.64206
0.77116
0.68536
0.66362
0.66849
0.88874
0.88189
0.87654
0.87837
0.8787
0.86452
0.85549
0.86605
0.86471
0.85072
0.76524
0.67175
0.67516
0.72163
0.83894
0.83696
0.74738
0.6891
0.80934
0.74268
0.84577
0.85765
0.7163
0.54471
0.47072
0.87033
0.89853
0.91736
0.91081
0.91732
0.90525
0.87407
0.86886
0.84815
0.83651
0.82714
0.82409
0.80863
0.79091
0.79501
0.75143
0.66305
0.5875
0.47399
0.47285
0.44898
0.3715
0.54813
0.76393
0.77189
0.85082
0.9076
0.91041
0.89836
0.8896
0.88695
0.88769
0.89601
0.87701
0.80874
0.57344
0.86429
0.85849
0.84774
0.84421
0.82105
0.72715
0.66837
0.67573
0.6624
0.66976
0.62604
0.57492
0.58682
0.65747
0.85194
0.85664
0.85552
0.86644
0.86057
0.85332
0.83068
0.79645
0.83828
0.84058
0.82985
0.82886
0.83049
0.80808
0.79393
0.72541
0.67138
0.69735
0.77461
0.79853
0.7521
0.65707
0.63214
0.65206
0.73017
0.77173
0.74139
0.71082
0.68332
0.73506
0.77432
0.80128
0.81335
0.81829
0.82052
0.72706
0.6891
0.61411
0.81802
0.79125
0.65383
0.67591
0.70207
0.7801
0.79622
0.80366
0.81578
0.74502
0.73848
0.74851
0.69392
0.68153
0.65088
0.61382
0.58184
0.5659
0.55514
0.50811
0.4774
0.56863
0.5474
0.62319
0.65945
0.73176
0.86339
0.87207
0.86198
0.83612
0.7905
0.62101
0.52825
0.57425
0.58749
0.53057
0.44355
0.47568
0.78437
0.79196
0.54268
0.52854
0.54024
0.55642
0.55049
0.50472
0.51722
0.48996
0.57477
0.59969
0.6996
0.77435
0.70285
0.56678
0.55209
0.49447
0.57506
0.70363
0.60804
0.61113
0.63176
0.63363
0.54443
0.57132
0.58876
0.60668
0.65521
0.59948
0.67602
0.6056
0.513
0.44842
0.49075
0.45451
0.42177
0.5223
0.57675
0.72811
0.74742
0.67779
0.69306
0.72407
0.68262
0.67664
0.67472
0.73231
0.99768
1.0003
0.91716
0.81583
0.73395
0.74891
0.66393
0.70251
0.71987
0.82795
0.84485
0.82445
0.83828
0.82489
0.81243
0.80992
0.72303
0.72496
0.64449
0.66245
0.67954
0.69713
0.6752
0.63732
0.74408
0.64262
0.59365
0.62733
0.61643
0.61969
0.64567
0.64101
0.62221
0.54986
0.5524
0.55147
0.59812
0.61897
0.61381
0.57037
0.56418
0.5664
0.62337
0.67384
0.6981
0.64652
0.583
0.62387
0.6941
0.81596
0.84609
0.93136
0.9747
0.85113
0.8152
0.70506
0.60825
0.71141
0.72147
0.65475
0.57906
0.5905
0.60297
0.63535
0.5629
0.54089
0.54586
0.76932
0.83945
0.90464
0.99708
0.90576
0.92218
0.93692
0.9963
0.98555
0.8741
0.82886
0.81653
0.85891
0.85005
0.76939
0.7587
0.74497
0.7126
0.69027
0.68789
0.65434
0.66854
0.64947
0.64676
0.7202
0.63801
0.57711
0.46649
0.43786
0.44705
0.5188
0.53401
0.5607
0.56077
0.5169
0.48547
0.43729
0.41702
0.42954
0.44522
0.68533
0.70577
0.6459
0.53938
0.44738
0.61458
0.93587
0.84678
0.76089
0.82266
0.88825
0.91061
0.90802
0.91851
0.9407
0.70835
0.82832
0.92979
0.78855
0.76371
0.55385
0.55226
0.57603
0.5998
0.57862
0.5826
0.62335
0.62273
0.66288
0.71306
0.70337
0.7765
0.78143
0.75082
0.72721
0.70133
0.6931
0.72208
0.7625
0.75164
0.66814
0.58965
0.61813
0.60207
0.64751
0.66369
0.67648
0.7154
0.71303
0.69904
0.68798
0.68564
0.68211
0.6162
0.54765
0.66463
0.61629
0.56016
0.61258
0.7346
0.60047
0.53444
0.52368
0.57014
0.60461
0.60721
0.66225
0.6983
0.99818
0.98389
0.76702
0.99335
0.94003
0.93403
0.84471
0.77259
0.79072
0.73868
0.73744
0.67793
0.69436
0.76451
0.80303
0.80595
0.81713
0.83951
0.78635
0.73595
0.71492
0.67235
0.673
0.66248
0.67388
0.65522
0.68093
0.6593
0.7123
0.71381
0.649
0.5772
0.56792
0.60808
0.62471
0.5949
0.58986
0.58722
0.57134
0.54154
0.56141
0.62419
0.65189
0.47473
0.47539
0.51138
0.51858
0.52423
0.54524
0.56014
0.63008
0.77191
0.99955
0.99866
0.99829
0.96
0.95758
0.87966
0.79899
0.72918
0.70809
0.70016
0.65068
0.5995
0.63106
0.81348
0.82971
0.92783
0.93666
0.91491
0.78213
0.69912
0.70609
0.7166
0.80645
0.81917
0.74965
0.64117
0.64202
0.63834
0.70074
0.63804
0.61752
0.94754
0.99737
0.99798
0.9927
0.91428
0.85773
0.96555
0.79448
0.59144
0.57408
0.52359
0.56252
0.5654
0.79653
0.98463
0.98469
0.98621
0.98055
0.85258
0.77849
0.8353
0.92353
0.95664
0.96102
0.86526
0.7697
0.67721
0.64642
0.60858
0.77691
0.73796
0.68948
0.61312
0.52599
0.45653
0.44589
0.48887
0.54353
0.6189
0.55789
0.5178
0.67296
0.73965
0.84059
0.8463
0.89176
0.8928
0.90259
0.77191
0.69795
0.65438
0.6444
0.64788
0.6796
0.61046
0.53087
0.53138
0.57393
0.63911
0.5429
0.57872
0.61501
0.62416
0.58367
0.59404
0.62665
0.83515
0.9631
1.0007
0.99737
0.99826
1.0009
0.98892
0.94748
0.82337
0.78624
0.74581
0.73139
0.75684
0.99991
0.95293
0.86015
0.84812
0.8182
0.81303
0.8215
0.8633
0.95934
0.91108
0.90102
0.9519
0.90181
0.86929
0.92392
0.96489
0.97964
0.99258
0.96972
0.98484
0.98255
0.9851
0.97602
0.98056
0.88541
0.69042
0.79616
0.87724
0.86614
0.86628
0.86762
0.90822
0.96468
0.82544
0.76007
0.68876
0.63535
0.60906
0.6129
0.70821
0.97823
0.88554
0.76183
0.73485
0.77874
0.7836
0.98441
0.99121
0.99806
1.0002
1
0.97829
0.90037
0.7649
0.71913
0.70363
0.65772
0.63659
0.73064
0.97901
1.0012
0.99953
0.99765
0.99888
0.99363
0.99896
0.99587
0.91621
0.76358
0.74052
0.88686
0.96219
0.99194
0.95081
0.94377
0.88329
0.79732
0.77173
0.80661
0.77541
0.78808
0.71719
0.67474
0.66338
0.65153
0.62969
0.62864
0.70273
0.69517
0.61125
0.59178
0.54687
0.52449
0.55399
0.59862
0.63594
0.64956
0.61804
0.57619
0.56252
0.55602
0.57886
0.58944
0.61126
0.79595
0.91064
0.8914
0.91244
0.91946
0.93156
0.94246
0.9531
0.98724
0.8992
0.78502
0.72831
0.71118
0.71911
0.73701
0.72539
0.68812
0.68813
0.73403
0.72036
0.6651
0.6708
0.66101
0.64587
0.66451
0.70085
0.68935
0.62803
0.58496
0.51829
0.4779
0.4926
0.58594
0.6381
0.60399
0.62762
0.62976
0.68352
0.69407
0.56762
0.54496
0.70836
0.78934
0.79799
0.77457
0.76582
0.76569
0.81481
0.72395
0.69122
0.67367
0.63894
0.61624
0.8942
0.98699
0.99103
0.99855
0.99809
0.95902
0.81951
0.72579
0.68591
0.69279
0.74426
0.82779
0.88304
0.90086
0.86152
0.78842
0.75052
0.86965
0.98322
0.95764
0.81864
0.76764
0.74601
0.72416
0.70435
0.69885
0.71989
0.69829
0.66184
0.65487
0.60283
0.55735
0.51419
0.49395
0.5315
0.57398
0.73423
0.89338
0.88292
0.83078
0.82484
0.7723
0.71491
0.83517
0.96181
0.92976
0.88804
0.88017
0.96881
0.97697
0.97932
0.94551
0.97125
0.94028
0.9659
0.98018
0.93583
0.91991
0.88903
0.89581
0.87243
0.88266
0.90419
0.9378
0.95814
0.99011
0.98876
0.97442
0.97366
0.98537
0.90601
0.87226
0.90868
0.90798
0.91209
0.94107
0.99216
0.99739
0.85882
0.98559
0.82547
0.86944
0.9769
0.994
0.96731
0.92913
0.90253
0.82833
0.77293
0.76358
0.72118
0.68026
0.68242
0.70833
0.68569
0.65181
0.66659
0.67953
0.6606
0.60767
0.50515
0.44425
0.4262
0.51415
0.68455
0.76198
0.60161
0.72462
0.85396
0.76547
0.70249
0.67694
0.70303
0.74067
0.76301
0.89381
0.80985
0.86128
0.84285
0.80337
0.72344
0.73487
0.72131
0.62419
0.51053
0.47039
0.45146
0.53248
0.8384
0.83534
0.88799
0.84629
0.77271
0.95603
0.98653
0.98301
0.98578
0.98462
0.97572
0.93236
0.69866
0.66079
0.64427
0.64114
0.64503
0.74286
0.91459
0.99989
0.99791
0.96537
0.81478
0.76525
0.72628
0.70858
0.65285
0.62461
0.64923
0.71313
0.72439
0.72756
0.7814
0.81571
0.92723
0.91289
0.79338
0.70292
0.66687
0.63866
0.62498
0.62316
0.56642
0.43088
0.41727
0.46165
0.5049
0.47189
0.48542
0.51832
0.55871
0.60584
0.63662
0.67645
0.66443
0.63764
0.60706
0.68867
0.99505
1.0004
0.99797
1.0009
0.79848
0.78755
0.62967
0.68409
0.74957
0.851
0.86561
0.95806
0.98738
0.99056
0.99102
1.0005
0.99976
0.99952
0.99511
0.83259
0.79815
0.72257
0.62242
0.65315
0.59183
0.63942
0.5617
0.41604
0.37676
0.38525
0.43302
0.3823
0.32078
0.25532
0.96067
0.98573
0.99904
0.99964
0.97655
0.96902
0.97159
0.97642
0.96793
0.97034
0.984
1.0007
0.99071
0.95102
0.98294
0.97549
0.96793
0.97831
0.97125
0.97827
0.9785
0.98272
0.98174
0.97755
0.97417
0.85396
0.76328
0.7557
0.76009
0.7514
0.75079
0.74394
0.731
0.62439
0.68255
0.71724
0.68708
0.70117
0.71662
0.73079
0.89729
0.83843
0.7676
0.6605
0.65348
0.75704
0.8204
0.88996
0.92034
0.89047
0.84196
0.74482
0.71729
0.7324
0.75573
0.74442
0.67335
0.58931
0.50321
0.57091
0.81719
0.77306
0.80376
0.66673
0.58848
0.67459
0.85055
0.88896
0.94912
0.96215
0.92377
0.9084
0.99838
0.9971
1.0005
0.99821
0.8777
0.84651
0.91245
0.85621
0.88893
0.93391
0.92943
0.93363
0.94372
0.95983
0.97401
0.98507
0.99657
0.99931
1.0005
0.99933
0.99809
0.99901
0.99781
0.9977
0.95607
0.75917
0.69462
0.6629
0.69709
0.7163
0.66473
0.64002
0.61434
0.58915
0.61077
0.61935
0.66625
0.70791
0.67519
0.64242
0.65393
0.83631
0.99755
0.99807
0.984
0.98445
0.97626
0.95208
0.85651
0.79917
0.78929
0.77256
0.8014
0.78335
0.7087
0.71364
0.68129
0.56651
0.48027
0.45353
0.49754
0.4506
0.44283
0.41403
0.40094
0.33906
0.40758
0.49633
0.54085
0.57411
0.60382
0.62495
0.63812
0.63538
0.8835
0.76598
0.89359
0.97552
0.92649
0.86073
0.72428
0.68574
0.64104
0.62049
0.61354
0.57504
0.74561
0.55488
0.74543
0.88425
0.80551
0.72517
0.88116
0.86951
0.80384
0.84607
0.82995
0.80135
0.80796
0.7743
0.80559
0.7923
0.75245
0.67375
0.60179
0.56707
0.57206
0.60543
0.6702
0.69824
0.82344
0.71535
0.7221
0.87452
0.99988
0.92631
0.95083
0.86476
0.80814
0.79283
0.80475
0.85333
0.86142
0.77418
0.9328
0.99916
1.0002
0.99866
0.92414
0.83516
0.7922
0.72705
0.72992
0.72096
0.7262
0.77409
0.93507
0.97675
0.98195
0.97723
0.96452
0.93482
0.95061
0.96866
0.96365
0.96375
0.96642
0.96999
0.9598
0.95442
0.89178
0.82325
0.78261
0.69726
0.60007
0.62118
0.63982
0.78188
0.6272
0.58864
0.58665
0.56725
0.57821
0.50882
0.4517
0.44535
0.39298
0.50164
0.52216
0.71393
0.73547
0.73361
0.64413
0.67813
0.60361
0.62941
0.72671
0.59117
0.51013
0.50792
0.51042
0.52002
0.53225
0.55505
0.61586
0.62325
0.61734
0.52557
0.51125
0.51269
0.53559
0.51765
0.48991
0.51045
0.5615
0.63637
0.59358
0.52392
0.62107
0.68741
0.55368
0.49279
0.47733
0.45863
0.45983
0.46642
0.48646
0.59727
0.46436
0.46833
0.4976
0.50662
0.54013
0.59358
0.60592
0.60658
0.55209
0.48473
0.47317
0.50656
0.53797
0.54586
0.50213
0.53853
0.59882
0.54993
0.52247
0.54653
0.56579
0.5556
0.53046
0.49081
0.44177
0.4331
0.43338
0.48529
0.61514
0.56217
0.46767
0.76046
0.67484
0.45979
0.46194
0.47443
0.50017
0.54549
0.56562
0.54632
0.56976
0.43477
0.48115
0.58135
0.9474
0.73234
0.68018
0.73216
0.93612
0.9533
0.95021
0.94362
0.93059
0.94302
0.94307
0.9469
0.94591
0.93159
0.93542
0.92907
0.76949
0.66973
0.57399
0.53649
0.64509
0.64552
0.64648
0.70871
0.8533
0.97129
0.97922
0.85791
0.96705
0.97399
0.96475
0.95988
0.96892
0.96257
0.93112
0.92335
0.92531
0.91275
0.89291
0.83784
0.93956
0.92219
0.85005
0.78485
0.75829
0.72129
0.69754
0.88397
0.82853
0.83774
0.85701
0.5746
0.78928
0.72031
0.71426
0.88107
0.88194
0.87477
0.89323
0.92298
0.90228
0.88903
0.91028
0.92094
0.91119
0.92229
0.89821
0.88093
0.83623
0.74194
0.69679
0.75499
0.72895
0.60127
0.52972
0.50662
0.50583
0.62994
0.62324
0.63901
0.60077
0.55487
0.54002
0.49933
0.49742
0.47337
0.48536
0.50366
0.83401
0.62978
0.61938
0.63745
0.63293
0.9192
0.78174
0.60007
0.52104
0.47522
0.67512
0.85122
0.80789
0.73644
0.80462
0.87433
0.86645
0.84662
0.97648
0.89839
0.69166
0.56094
0.51871
0.53517
0.66412
0.94703
0.76613
0.97
0.95705
0.94903
0.94174
0.97159
0.96016
0.89969
0.89904
0.48739
0.48994
0.49266
0.52289
0.51204
0.53412
0.52056
0.53894
0.50574
0.49308
0.40851
0.39591
0.47084
0.47137
0.52256
0.47992
0.47569
0.46533
0.46782
0.46231
0.51021
0.4776
0.44545
0.41708
0.38983
0.37591
0.38426
0.4144
0.42024
0.40497
0.39999
0.38756
0.39722
0.37109
0.38188
0.40855
0.4471
0.48642
0.50505
0.50506
0.50146
0.47378
0.47076
0.51753
0.56082
0.51701
0.47941
0.43485
0.40157
0.45124
0.50117
0.58249
0.87778
0.7387
0.81424
0.95074
0.69875
0.58763
0.61153
0.85433
0.79062
0.73044
0.70191
0.68233
0.70492
0.75286
0.84187
0.75667
0.8739
0.87335
0.72081
0.66207
0.62285
0.54819
0.5554
0.67033
0.70191
0.88706
0.9145
0.91748
0.91629
0.89664
0.77781
0.70951
0.67243
0.61342
0.56752
0.48756
0.44852
0.41873
0.39542
0.79691
0.75098
0.76786
0.49542
0.47119
0.54661
0.76836
0.76223
0.8004
0.90171
0.90738
0.91291
0.73707
0.72049
0.69919
0.72666
0.70477
0.70295
0.84503
0.88308
0.89832
0.9041
0.90489
0.90475
0.9107
0.91344
0.90011
0.6488
0.62649
0.72734
0.85915
0.93396
0.82368
0.7195
0.67105
0.60765
0.57462
0.59129
0.56887
0.55845
0.56247
0.59761
0.66033
0.75268
0.82344
0.88462
0.91
0.919
0.92069
0.91809
0.91559
0.91231
0.90331
0.7925
0.69059
0.63552
0.59706
0.78925
0.74145
0.62616
0.64946
0.6256
0.50157
0.59206
0.55463
0.66136
0.68103
0.82537
0.67107
0.76519
0.80513
0.82545
0.77363
0.77953
0.8379
0.79826
0.67997
0.58477
0.51724
0.37278
0.30963
0.88968
0.78187
0.9472
0.832
0.73395
0.93893
0.94807
0.94899
0.94028
0.8334
0.88194
0.82191
0.8316
0.9152
0.90384
0.67619
0.65318
0.54007
0.59442
0.79626
0.79694
0.71225
0.71371
0.80692
0.69311
0.72806
0.73407
0.69652
0.76251
0.81723
0.83268
0.83542
0.8262
0.82595
0.81055
0.64416
0.61065
0.59297
0.5705
0.6497
0.83718
0.85947
0.85928
0.86188
0.85851
0.85681
0.85709
0.85359
0.80538
0.7705
0.77997
0.78905
0.80891
0.79072
0.81221
0.8288
0.83716
0.83314
0.80823
0.74555
0.78461
0.80504
0.81238
0.79672
0.80209
0.81509
0.81057
0.65344
0.59101
0.58327
0.52268
0.39083
0.34705
0.56346
0.74822
0.52307
0.4537
0.43632
0.49106
0.60536
0.78423
0.78282
0.7886
0.79988
0.81371
0.83033
0.83306
0.83884
0.83779
0.83526
0.83453
0.83321
0.8301
0.83066
0.83169
0.83495
0.83268
0.82743
0.83121
0.82853
0.82402
0.80115
0.79454
0.78383
0.7637
0.75036
0.76142
0.75894
0.7733
0.77365
0.78398
0.79188
0.7781
0.76838
0.75259
0.72462
0.66238
0.59985
0.51857
0.41481
0.29137
0.53213
0.74995
0.80341
0.82755
0.82468
0.7955
0.67028
0.58487
0.54938
0.54719
0.5154
0.5102
0.50559
0.49103
0.48215
0.4672
0.46613
0.47142
0.46783
0.44293
0.42162
0.39294
0.43547
0.49713
0.52095
0.64151
0.51164
0.46834
0.7755
0.78075
0.73156
0.61915
0.46675
0.54907
0.54631
0.61252
0.61893
0.59271
0.59747
0.69108
0.77447
0.76807
0.71149
0.64933
0.67303
0.72804
0.61088
0.57551
0.57721
0.51519
0.75308
0.79121
0.80377
0.80825
0.80981
0.7317
0.57886
0.46615
0.36871
0.23883
0.26649
0.62172
0.74577
0.68141
0.535
0.42834
0.43749
0.4145
0.40761
0.43434
0.468
0.39239
0.40598
0.42047
0.5162
0.6136
0.5737
0.53225
0.58221
0.61041
0.80616
0.79211
0.69369
0.57216
0.55889
0.54926
0.55529
0.52804
0.51483
0.53782
0.48539
0.79902
0.6904
0.48175
0.38435
0.41771
0.45877
0.40948
0.38264
0.3485
0.4649
0.52474
0.48576
0.38872
0.41577
0.83598
0.6218
0.48788
0.48205
0.56156
0.87752
0.88294
0.87713
0.87422
0.88378
0.88158
0.86902
0.85852
0.84798
0.8396
0.8355
0.82248
0.81157
0.76895
0.66476
0.59704
0.51594
0.4121
0.37922
0.37874
0.2915
0.33399
0.44092
0.52094
0.79453
0.79537
0.79348
0.75373
0.73379
0.7109
0.68446
0.66424
0.6608
0.58188
0.54884
0.50059
0.40244
0.34105
0.32583
0.2802
0.30554
0.30691
0.29657
0.28285
0.27677
0.30487
0.36303
0.40227
0.42022
0.45126
0.48821
0.55487
0.60583
0.6283
0.63326
0.62513
0.61132
0.60302
0.6048
0.60271
0.56306
0.53988
0.52613
0.58236
0.66957
0.64829
0.66202
0.64705
0.62133
0.59138
0.58484
0.55911
0.55146
0.5306
0.52507
0.55749
0.54603
0.48436
0.47097
0.63114
0.47801
0.46313
0.37316
0.3692
0.39417
0.35676
0.33112
0.33406
0.36312
0.38858
0.38105
0.36319
0.35127
0.33171
0.32031
0.3144
0.31487
0.31316
0.36239
0.44849
0.48758
0.50543
0.55887
0.57949
0.54283
0.48682
0.43975
0.4105
0.39872
0.47736
0.5725
0.58724
0.59692
0.61642
0.61336
0.70442
0.79719
0.82693
0.82658
0.90583
0.87037
0.77586
0.85299
0.75786
0.73651
0.85756
0.86312
0.88211
0.88073
0.86048
0.84564
0.84064
0.82741
0.81362
0.80973
0.80997
0.80575
0.7305
0.64046
0.5865
0.54522
0.45581
0.40307
0.39803
0.34711
0.28215
0.25883
0.19106
0.17385
0.19978
0.26206
0.39705
0.40627
0.44025
0.46687
0.41895
0.32101
0.28625
0.30403
0.33099
0.35573
0.3822
0.39332
0.41105
0.42917
0.46725
0.52829
0.54336
0.58695
0.6243
0.69134
0.76882
0.8068
0.79956
0.79459
0.80349
0.68617
0.83229
0.766
0.85426
0.8405
0.81825
0.82555
0.82889
0.82736
0.82859
0.83116
0.83396
0.83737
0.83804
0.83157
0.81932
0.79921
0.78197
0.77238
0.7702
0.76435
0.7316
0.70811
0.68593
0.64435
0.62765
0.61251
0.54593
0.44669
0.3395
0.67898
0.85039
0.88968
0.75019
0.61042
0.54259
0.49025
0.44035
0.4366
0.43114
0.44448
0.44304
0.46439
0.4992
0.53949
0.45693
0.45933
0.45642
0.46343
0.50826
0.46939
0.55615
0.89642
0.8752
0.87349
0.86631
0.85284
0.84903
0.84554
0.81133
0.77792
0.80787
0.79941
0.80167
0.80831
0.81363
0.56302
0.45771
0.43425
0.44079
0.47321
0.4889
0.51019
0.49601
0.5705
0.41826
0.39812
0.41746
0.44305
0.4693
0.468
0.46514
0.44928
0.42541
0.43449
0.45392
0.40773
0.41588
0.36682
0.37527
0.35431
0.34318
0.36104
0.37884
0.41515
0.46199
0.4461
0.43304
0.43351
