0.79479
0.77977
0.68211
0.75762
0.77387
0.75766
0.60937
0.40859
0.3842
0.42527
0.4183
0.43024
0.41387
0.38515
0.33413
0.2936
0.26537
0.25004
0.25742
0.24925
0.24417
0.23879
0.22916
0.18716
0.14575
0.13268
0.14102
0.26081
0.22837
0.21857
0.2252
0.23448
0.25174
0.42448
0.78135
0.77459
0.70678
0.68866
0.66563
0.56273
0.59454
0.46201
0.38305
0.3491
0.33868
0.65501
0.77783
0.76561
0.72791
0.78231
0.70532
0.40318
0.37126
0.35241
0.35492
0.36127
0.32879
0.32584
0.23592
0.2447
0.3987
0.35321
0.36888
0.3764
0.3562
0.33257
0.35204
0.3414
0.32599
0.3142
0.31621
0.31576
0.3107
0.32268
0.32792
0.36342
0.36784
0.37743
0.3919
0.38796
0.37845
0.36956
0.36401
0.35793
0.36068
0.35437
0.33767
0.33198
0.35526
0.46653
0.59992
0.62459
0.71339
0.69407
0.59266
0.59398
0.5666
0.54856
0.55536
0.52087
0.4917
0.49395
0.52256
0.53381
0.55919
0.659
0.72882
0.60844
0.62279
0.57184
0.53887
0.52111
0.52193
0.47873
0.43857
0.42042
0.39461
0.37898
0.3752
0.3719
0.37521
0.37589
0.37476
0.37098
0.36214
0.35911
0.34759
0.34651
0.33985
0.34331
0.35796
0.38648
0.40058
0.4002
0.63475
0.6186
0.66096
0.67404
0.63965
0.60218
0.5658
0.49528
0.47069
0.4907
0.50846
0.51223
0.48865
0.47459
0.50206
0.45065
0.49831
0.48971
0.55289
0.44551
0.39521
0.31597
0.3269
0.33216
0.33215
0.33188
0.32629
0.26625
0.2814
0.29651
0.29653
0.31642
0.46535
0.4847
0.53957
0.88731
0.79564
0.812
0.75455
0.6779
0.6383
0.60619
0.58632
0.63024
0.83082
0.88377
0.88104
0.88049
0.87986
0.87464
0.56494
0.4669
0.41919
0.45976
0.56681
0.57254
0.53533
0.64318
0.78062
0.70727
0.81241
0.66153
0.54417
0.52153
0.51781
0.48527
0.4543
0.4255
0.3947
0.37711
0.36462
0.35675
0.34649
0.34364
0.35134
0.3553
0.36595
0.40603
0.4305
0.47513
0.51207
0.56998
0.55048
0.53418
0.54479
0.6332
0.56269
0.50645
0.48691
0.46093
0.53037
0.63555
0.69144
0.64703
0.73182
0.67573
0.6913
0.58968
0.47908
0.40412
0.37201
0.35046
0.31895
0.27049
0.24812
0.23351
0.23847
0.27639
0.27734
0.29577
0.29482
0.28675
0.25493
0.24313
0.24988
0.29385
0.34006
0.49005
0.70228
0.73311
0.5625
0.67518
0.75394
0.5403
0.40673
0.37225
0.35617
0.35924
0.40631
0.52887
0.61438
0.86302
0.88256
0.76973
0.53865
0.77325
0.57277
0.58651
0.57511
0.51997
0.52438
0.52025
0.55311
0.58971
0.71828
0.68786
0.63197
0.61956
0.63108
0.59415
0.71689
0.64647
0.57543
0.78145
0.79169
0.75602
0.72144
0.72227
0.72512
0.85183
0.78814
0.78038
0.77677
0.76826
0.76788
0.76986
0.76446
0.7704
0.7612
0.76601
0.73453
0.67193
0.66049
0.64013
0.39755
0.34342
0.30973
0.28233
0.28219
0.30477
0.3107
0.28925
0.28627
0.31569
0.30578
0.27007
0.26044
0.28339
0.32251
0.38825
0.43005
0.45405
0.50625
0.61116
0.74789
0.73134
0.6134
0.51919
0.42769
0.38405
0.37259
0.35594
0.33483
0.31761
0.28591
0.25942
0.24584
0.24708
0.27126
0.44331
0.45841
0.44816
0.29023
0.21461
0.24756
0.23594
0.29637
0.38551
0.38513
0.39993
0.41081
0.3805
0.46791
0.38558
0.52647
0.70742
0.64635
0.57526
0.48239
0.40029
0.39074
0.42386
0.39265
0.38781
0.38968
0.45292
0.52675
0.49223
0.61126
0.62945
0.62431
0.61792
0.584
0.48236
0.47838
0.47371
0.41482
0.41972
0.53671
0.47631
0.38703
0.37031
0.56147
0.80897
0.88599
0.88704
0.88761
0.88857
0.88638
0.88202
0.87875
0.78112
0.76018
0.74556
0.71863
0.6194
0.50973
0.42723
0.35562
0.32454
0.31954
0.55141
0.58502
0.46673
0.39977
0.39983
0.42712
0.44759
0.50935
0.83647
0.84202
0.51548
0.51346
0.50037
0.47937
0.44558
0.43207
0.43039
0.44338
0.45503
0.44399
0.43547
0.46431
0.47146
0.43834
0.42517
0.43391
0.39403
0.36196
0.35641
0.3443
0.33389
0.3272
0.32522
0.32662
0.3484
0.35658
0.34342
0.34243
0.3351
0.32402
0.31918
0.32182
0.33402
0.31996
0.30837
0.31002
0.31208
0.32044
0.39909
0.46644
0.46304
0.45993
0.81869
0.77043
0.80708
0.52203
0.51934
0.54475
0.57466
0.80441
0.69739
0.49984
0.417
0.39302
0.37057
0.35617
0.35718
0.3244
0.31126
0.29958
0.3276
0.34543
0.34261
0.3199
0.32896
0.34507
0.33152
0.35509
0.41596
0.46978
0.35647
0.34887
0.39671
0.35701
0.36141
0.34655
0.3514
0.39517
0.48869
0.58185
0.81314
0.75393
0.74164
0.81021
0.4971
0.37903
0.36438
0.34093
0.3053
0.33092
0.36082
0.42971
0.56358
0.60192
0.57862
0.54101
0.46951
0.41164
0.35693
0.40178
0.41821
0.47679
0.4798
0.40893
0.44365
0.52411
0.90264
0.89695
0.42173
0.41097
0.39261
0.43256
0.46884
0.46334
0.43731
0.4262
0.44199
0.47332
0.54513
0.52667
0.57223
0.56723
0.51457
0.48394
0.47257
0.43377
0.4121
0.4179
0.39359
0.371
0.35834
0.44788
0.47674
0.45353
0.4261
0.49746
0.49287
0.37229
0.32069
0.31137
0.3899
0.4785
0.45331
0.3544
0.3611
0.38992
0.40433
0.3568
0.34566
0.34254
0.37212
0.43091
0.39539
0.38996
0.38901
0.38963
0.39346
0.39307
0.40382
0.45581
0.47907
0.50809
0.50675
0.42662
0.39844
0.38506
0.37188
0.40886
0.59121
0.59073
0.59439
0.57717
0.55733
0.51047
0.4669
0.48137
0.48394
0.49738
0.49479
0.49531
0.47887
0.46512
0.42798
0.43021
0.42691
0.37635
0.38811
0.37962
0.35556
0.35547
0.34277
0.31349
0.35481
0.36632
0.42626
0.6014
0.50127
0.47523
0.50158
0.53426
0.56647
0.51954
0.53794
0.66223
0.91404
0.89649
0.88314
0.89268
0.89167
0.87898
0.84375
0.61308
0.45196
0.39297
0.36228
0.33686
0.28822
0.27557
0.27978
0.29979
0.31953
0.34892
0.35468
0.34509
0.33886
0.3205
0.32841
0.543
0.82801
0.93566
0.86144
0.80951
0.82367
0.79537
0.749
0.75868
0.77013
0.75977
0.65206
0.65698
0.73365
0.80223
0.86477
0.89638
0.85969
0.75116
0.62569
0.68431
0.79858
0.78656
0.70008
0.98755
0.97565
0.9296
0.74757
0.73182
0.79519
0.48702
0.48962
0.46635
0.42392
0.42604
0.42598
0.47522
0.52452
0.49129
0.42127
0.42315
0.39407
0.39094
0.38544
0.42159
0.43015
0.40836
0.39005
0.38858
0.46119
0.41716
0.38774
0.43978
0.4213
0.40194
0.41164
0.42085
0.4404
0.45111
0.42892
0.43318
0.62467
0.65219
0.48883
0.45756
0.44127
0.43976
0.4612
0.57696
0.71176
0.74911
0.73588
0.7536
0.56833
0.54438
0.54165
0.61755
0.75051
0.78672
0.79802
0.76259
0.65439
0.64834
0.58129
0.51372
0.52794
0.40857
0.34783
0.32381
0.34567
0.34984
0.34572
0.34952
0.31347
0.29824
0.28688
0.28761
0.2897
0.30044
0.31787
0.32229
0.33153
0.32993
0.31031
0.28062
0.27931
0.2931
0.29884
0.30894
0.30658
0.27228
0.27322
0.27807
0.30771
0.32083
0.32563
0.33878
0.33239
0.33159
0.35268
0.38027
0.4225
0.35446
0.35338
0.35393
0.37573
0.51692
0.56232
0.75353
0.60943
0.44624
0.39647
0.43173
0.57613
0.56843
0.55049
0.55596
0.50394
0.41804
0.46483
0.42382
0.47589
0.36174
0.35124
0.36192
0.35488
0.42618
0.48645
0.52206
0.48022
0.5056
0.5208
0.465
0.4079
0.38475
0.36431
0.33864
0.32872
0.32484
0.3136
0.29013
0.32569
0.3138
0.30889
0.35061
0.52387
0.63635
0.74396
0.71963
0.61948
0.49937
0.40731
0.34603
0.49586
0.65626
0.645
0.63324
0.55003
0.48989
0.40077
0.38753
0.47028
0.53097
0.52898
0.56919
0.52974
0.46207
0.4347
0.46382
0.55536
0.55797
0.4143
0.39601
0.45046
0.41369
0.43455
0.56758
0.65682
0.68446
0.66695
0.56104
0.50298
0.4066
0.3712
0.40674
0.47914
0.42827
0.39812
0.40078
0.36815
0.35901
0.36776
0.373
0.36842
0.37054
0.37406
0.39395
0.37959
0.37613
0.48294
0.53321
0.95275
0.85158
0.91325
0.81849
0.85521
0.71464
0.49336
0.47445
0.54471
0.50678
0.48634
0.42765
0.41533
0.38147
0.40639
0.46699
0.57758
0.67983
0.60932
0.52223
0.44262
0.35244
0.36513
0.35767
0.41075
0.49555
0.47308
0.46229
0.86157
0.87216
0.6694
0.71733
0.76711
0.80656
0.75784
0.74845
0.71353
0.63875
0.58469
0.58577
0.62816
0.69122
0.73054
0.7336
0.64942
0.51329
0.43696
0.42844
0.49988
0.57159
0.626
0.64848
0.5546
0.42979
0.36818
0.37264
0.43469
0.48427
0.39223
0.32429
0.31733
0.29879
0.31734
0.36801
0.41944
0.51706
0.57877
0.43856
0.36051
0.31703
0.29757
0.36742
0.93904
0.93722
0.91778
0.86714
0.5956
0.52877
0.45453
0.41587
0.41242
0.46529
0.44833
0.41799
0.36049
0.36801
0.37788
0.4065
0.40165
0.50974
0.54263
0.59735
0.56027
0.44104
0.39537
0.4881
0.46863
0.53921
0.83205
0.85393
0.76495
0.85314
0.86244
0.91705
0.96055
0.95847
0.97384
0.98896
0.98872
0.96258
0.92296
0.89249
0.88297
0.88546
0.88908
0.8864
0.75366
0.63109
0.58998
0.55751
0.5826
0.61832
0.52099
0.55584
0.52926
0.50839
0.49241
0.46909
0.55501
0.56237
0.57275
0.59524
0.49962
0.42468
0.40021
0.51567
0.47653
0.39156
0.36095
0.34269
0.41284
0.36517
0.41213
0.40262
0.40457
0.40576
0.397
0.40154
0.39733
0.38833
0.38464
0.39905
0.39463
0.44837
0.40537
0.41155
0.41515
0.38906
0.33972
0.3456
0.38561
0.51205
0.52304
0.46974
0.42186
0.39526
0.38151
0.38932
0.40278
0.45153
0.51711
0.48557
0.44287
0.4069
0.32365
0.36813
0.42206
0.45611
0.57384
0.48268
0.48749
0.40234
0.30839
0.32088
0.35186
0.36918
0.3808
0.42207
0.40588
0.39202
0.39301
0.37571
0.40346
0.42324
0.47814
0.56071
0.46725
0.34056
0.28515
0.30754
0.32632
0.32342
0.45864
0.48275
0.34939
0.33434
0.31759
0.27867
0.31469
0.35079
0.44847
0.40116
0.3463
0.3404
0.33792
0.33862
0.32053
0.34259
0.77179
0.88676
0.52235
0.83288
0.74665
0.52396
0.4696
0.57706
0.62547
0.58265
0.49012
0.45735
0.42453
0.39269
0.42211
0.43448
0.4518
0.44799
0.36278
0.30089
0.26914
0.26526
0.26075
0.2659
0.40693
0.4012
0.4042
0.38831
0.3548
0.33261
0.45116
0.42928
0.34065
0.46737
0.59876
0.33311
0.28042
0.286
0.34584
0.42498
0.45901
0.45131
0.37933
0.41105
0.40121
0.42547
0.56187
0.80829
0.99505
0.98075
0.69757
0.35184
0.35952
0.38453
0.38968
0.4628
0.49464
0.45323
0.32177
0.25808
0.22188
0.2366
0.27337
0.19265
0.21879
0.3893
0.32641
0.27966
0.25611
0.27995
0.2977
0.4234
0.46686
0.45556
0.50825
0.3816
0.54364
0.46958
0.45232
0.44358
0.41516
0.38067
0.37775
0.40297
0.49405
0.50073
0.48969
0.50578
0.38131
0.40127
0.39048
0.54741
0.50444
0.45823
0.50726
0.88467
0.84092
0.73581
0.52941
0.4427
0.34405
0.31935
0.42683
0.48816
0.54515
0.55257
0.32165
0.31759
0.3436
0.529
0.40296
0.35745
0.37048
0.37135
0.32492
0.3183
0.32052
0.30475
0.31334
0.50616
0.54007
0.48605
0.44518
0.35456
0.39034
0.49853
0.50927
0.52755
0.60608
0.51293
0.37542
0.29587
0.266
0.31093
0.32069
0.35164
0.48511
0.5409
0.50484
0.4352
0.39762
0.37402
0.37286
0.41458
0.51649
0.53526
0.48531
0.4253
0.37415
0.32906
0.33115
0.33322
0.40031
0.37931
0.32702
0.29856
0.26454
0.24698
0.26068
0.24052
0.2748
0.28355
0.26735
0.25801
0.24956
0.2489
0.22964
0.24577
0.4106
0.43634
0.36189
0.31237
0.33032
0.31878
0.33186
0.34064
0.39956
0.40397
0.36753
0.34104
0.34019
0.33547
0.36137
0.40544
0.48943
0.40825
0.31599
0.30937
0.30671
0.3396
0.39042
0.4546
0.42271
0.4426
0.43602
0.41181
0.39313
0.34765
0.32158
0.35056
0.3514
0.36244
0.36324
0.33145
0.33292
0.34401
0.40225
0.47207
0.48835
0.44115
0.40378
0.39549
0.35742
0.34606
0.38794
0.45759
0.52459
0.51447
0.46056
0.42843
0.39209
0.3405
0.34256
0.39098
0.43019
0.39663
0.33926
0.27734
0.49449
0.63116
0.58124
0.57261
0.60571
0.59918
0.59932
0.55677
0.61295
0.71623
0.76539
0.84726
0.73435
0.67436
0.51003
0.45973
0.41348
0.33097
0.2785
0.43323
0.48896
0.51856
0.47597
0.36278
0.29761
0.30598
0.3133
0.30575
0.27461
0.24896
0.21753
0.17748
0.15732
0.15455
0.17203
0.18915
0.20568
0.27189
0.32417
0.3353
0.30321
0.30117
0.32897
0.37545
0.38858
0.35733
0.32199
0.39245
0.50109
0.51
0.62051
0.66259
0.75383
0.74694
0.62832
0.52391
0.46996
0.46402
0.44256
0.42339
0.49912
0.47746
0.39271
0.30612
0.26344
0.2466
0.25624
0.28867
0.34365
0.36169
0.30521
0.25656
0.21283
0.21964
0.22837
0.23087
0.25409
0.33389
0.36066
0.30847
0.27675
0.27893
0.31726
0.34286
0.34323
0.33209
0.30622
0.27194
0.26251
0.26471
0.28978
0.30808
0.38181
0.39681
0.35545
0.30514
0.27886
0.29416
0.29598
0.28591
0.31829
0.36295
0.34725
0.32369
0.25795
0.32004
0.36534
0.47622
0.55986
0.60225
0.53324
0.45042
0.38384
0.34147
0.41897
0.43259
0.45719
0.4404
0.3933
0.34649
0.30671
0.31502
0.35116
0.42776
0.49166
0.48
0.41031
0.36257
0.34633
0.33554
0.40973
0.47483
0.57455
0.6339
0.62883
0.70421
0.66087
0.57502
0.54821
0.60841
0.65122
0.63534
0.55846
0.49842
0.45161
0.42893
0.44189
0.54044
0.63246
0.62428
0.5482
0.47716
0.41427
0.36319
0.38177
0.41405
0.49919
0.53355
0.48369
0.40626
0.37687
0.35703
0.36818
0.43259
0.50366
0.46829
0.44224
0.4068
0.38295
0.3279
0.41382
0.40976
0.39319
0.35862
0.33139
0.30732
0.31549
0.33629
0.36703
0.38784
0.43856
0.44139
0.3515
0.28957
0.29707
0.46983
0.61632
0.60072
0.64967
0.6564
0.57292
0.50541
0.44737
0.40794
0.40519
0.46065
0.60993
0.61064
0.51049
0.42922
0.37411
0.32782
0.34866
0.39351
0.4492
0.53993
0.49483
0.43589
0.39436
0.35737
0.35258
0.35725
0.46706
0.61647
0.54832
0.47581
0.46311
0.46455
0.50636
0.57128
0.61374
0.60652
0.54832
0.49313
0.48217
0.50277
0.56674
0.66445
0.70045
0.67827
0.61604
0.5466
0.52671
0.53388
0.52185
0.56394
0.6883
0.71724
0.66879
0.59876
0.52611
0.56765
0.75714
0.6791
0.6517
0.7135
0.67564
0.62267
0.47822
0.4885
0.56019
0.60585
0.67582
0.6844
0.59451
0.48642
0.43115
0.41708
0.42796
0.4811
0.53556
0.51776
0.45711
0.39321
0.32976
0.30857
0.29361
0.30678
0.34583
0.38016
0.34487
0.30996
0.27223
0.26395
0.27807
0.27129
0.40193
0.4321
0.39539
0.34789
0.3105
0.31434
0.32604
0.35504
0.36308
0.37957
0.34705
0.33583
0.31572
0.28658
0.32908
0.37719
0.41464
0.40655
0.34436
0.30843
0.28762
0.28353
0.29487
0.32543
0.40879
0.4369
0.39901
0.35255
0.28729
0.28604
0.2949
0.44745
0.55654
0.72433
0.87584
0.44876
0.47786
0.40991
0.37412
0.48191
0.61627
0.64019
0.49908
0.40456
0.33677
0.3281
0.3054
0.29245
0.35375
0.33391
0.28256
0.23331
0.18509
0.20494
0.20265
0.23183
0.29099
0.31775
0.31952
0.29621
0.41098
0.3539
0.60894
0.76411
0.68634
0.67567
0.47115
0.39748
0.42321
0.41835
0.44122
0.48057
0.48219
0.48455
0.44862
0.404
0.37148
0.37529
0.38305
0.41332
0.49851
0.37273
0.33043
0.29931
0.30776
0.32167
0.34409
0.37733
0.42526
0.43903
0.38793
0.33356
0.29873
0.29767
0.34107
0.41232
0.49877
0.48403
0.42837
0.38968
0.40239
0.4362
0.47849
0.50907
0.52177
0.50995
0.448
0.39773
0.3719
0.35997
0.3556
0.4176
0.46513
0.46208
0.38956
0.33651
0.31121
0.30329
0.33382
0.34879
0.3656
0.37795
0.34035
0.30578
0.28671
0.28654
0.29361
0.29358
0.32481
0.38858
0.34809
0.31068
0.27417
0.271
0.28768
0.29403
0.3252
0.36913
0.38149
0.34646
0.32721
0.34189
0.40238
0.48147
0.52878
0.55197
0.50145
0.55097
0.76804
0.69283
0.6622
0.87656
0.84477
0.83704
0.72839
0.76501
0.70424
0.69257
0.67001
0.67514
0.64043
0.69028
0.66383
0.63881
0.59341
0.55719
0.52243
0.52052
0.54871
0.57801
0.56899
0.53081
0.49191
0.47049
0.51212
0.58542
0.6164
0.62141
0.56091
0.5185
0.47552
0.47491
0.50592
0.59138
0.65588
0.63798
0.57404
0.51895
0.44633
0.42652
0.42911
0.44866
0.51221
0.57106
0.56002
0.50053
0.42847
0.39988
0.40056
0.40191
0.51891
0.47964
0.44694
0.38435
0.33221
0.33098
0.33104
0.34183
0.35041
0.48045
0.5466
0.487
0.45994
0.61618
0.64727
0.67735
0.69664
0.70548
0.65141
0.63249
0.73706
0.92969
0.94175
0.97297
0.98118
0.96455
0.92711
0.84092
0.84055
0.7968
0.88291
0.90782
0.83839
0.83947
0.80717
0.63937
0.58409
0.66085
0.609
0.56958
0.53604
0.52871
0.51088
0.43711
0.41126
0.42782
0.38434
0.41095
0.64227
0.48126
0.4245
0.49897
0.57408
0.62277
0.61952
0.74307
0.75414
0.76942
0.77204
0.75605
0.74013
0.77227
0.7303
0.72932
0.75798
0.84566
0.84058
0.72417
0.6959
0.7158
0.74898
0.76624
0.79904
0.8132
0.7714
0.68631
0.6438
0.63999
0.68177
0.77713
0.78855
0.84847
0.87339
0.71826
0.78894
0.81171
0.90428
0.92185
0.761
0.6946
0.71889
0.51342
0.61678
0.86977
0.93114
0.99046
0.99962
1.0003
0.99844
0.99323
0.86248
0.97843
0.99926
1.0006
1.0006
0.99804
0.99855
0.99805
0.97095
0.99382
0.92314
0.94456
0.88982
0.80512
0.82827
0.81002
0.836
0.90294
0.74041
0.76347
0.86233
0.75974
0.64877
0.63121
0.53735
0.51564
0.51887
0.6806
0.7703
0.78822
0.68935
0.67559
0.61687
0.65771
0.66322
0.72289
0.76531
0.7914
0.68681
0.65915
0.60647
0.6475
0.65353
0.6946
0.65938
0.66111
0.63626
0.57192
0.43469
0.47479
0.46311
0.43343
0.41309
0.42382
0.42552
0.42556
0.42514
0.39729
0.3885
0.40163
0.39045
0.38772
0.39826
0.4537
0.46125
0.46984
0.44634
0.43986
0.44525
0.57741
0.43034
0.67798
0.69166
0.70105
0.74185
0.7244
0.72338
0.7938
0.79145
0.75776
0.72058
0.73714
0.77519
0.74923
0.76018
0.83277
0.83907
0.79796
0.75442
0.70945
0.76014
0.82465
0.76977
0.58125
0.55357
0.52286
0.50366
0.46573
0.4867
0.52663
0.77408
0.83619
0.83044
0.76299
0.74378
0.76915
0.79809
0.91007
0.92278
0.95006
0.94275
0.92211
0.93293
0.95027
0.98105
0.99801
0.99961
0.99954
1.0005
0.99858
0.99828
1.0005
0.9984
0.99716
0.99739
0.9983
0.99778
0.99877
0.99854
0.99838
0.96278
1.0004
0.96759
0.92787
0.90304
0.79073
0.77723
0.88387
0.91447
0.88078
0.81987
0.72939
0.70117
0.74194
0.70323
0.76429
0.77807
0.67775
0.56362
0.58824
0.52406
0.5453
0.52366
0.44078
0.43549
0.45519
0.4921
0.53016
0.57281
0.64356
0.65481
0.67754
0.70496
0.72735
0.75405
0.74115
0.76682
0.77257
0.69889
0.59645
0.54136
0.57111
0.64761
0.66837
0.67651
0.63015
0.59323
0.5175
0.45833
0.62892
0.71669
0.69631
0.69262
0.70885
0.81998
0.76095
0.99463
0.9256
0.84821
0.79251
0.64326
0.57642
0.56289
0.65889
0.54636
0.5724
0.7914
0.7902
0.93719
0.83456
0.75371
0.63646
0.64285
0.73987
0.65201
0.49483
0.44344
0.62751
0.68745
0.99894
0.97933
0.94013
0.87848
0.91381
0.97907
0.98459
0.91733
0.90295
0.78916
0.79982
0.96828
0.94975
0.88863
0.75948
0.76792
0.65053
0.58345
0.48386
0.43814
0.41644
0.43276
0.65021
0.79276
0.80074
0.75025
0.73555
0.60279
0.55253
0.52162
0.55851
0.55684
0.52825
0.7367
0.76385
0.80185
0.79609
0.79874
0.76436
0.68042
0.63313
0.49838
0.45034
0.39386
0.36145
0.43923
0.61522
0.64339
0.74705
0.66944
0.519
0.55377
0.52497
0.47008
0.55671
0.54221
0.50647
0.48597
0.46904
0.4904
0.53702
0.60715
0.67509
0.67237
0.71586
0.73222
0.7217
0.7359
0.75553
0.79993
0.8138
0.78918
0.79913
0.80702
0.85907
0.74621
0.73586
0.7527
0.9991
0.9997
0.9287
0.83761
0.84616
0.81285
0.84961
0.83254
0.91965
0.84612
0.81251
0.85003
0.78594
0.78492
0.67266
0.57256
0.71468
0.74033
0.70165
0.65603
0.64069
0.57816
0.59075
0.74688
0.91657
0.78301
0.59792
0.51197
0.48703
0.64717
0.71138
0.67477
0.69913
0.71314
0.7002
0.67612
0.56015
0.48381
0.43446
0.4872
0.5474
0.58407
0.45142
0.52663
0.52266
0.58035
0.76189
0.76701
0.89585
0.92615
0.94765
0.94601
0.95547
0.93996
0.89209
0.87609
0.77634
0.73788
0.71809
0.7335
0.77743
0.8164
0.79821
0.7213
0.80494
0.79076
0.76838
0.73144
0.65055
0.59694
0.57266
0.34922
0.36019
0.35818
0.32046
0.366
0.38947
0.36416
0.38064
0.40547
0.48955
0.48503
0.45588
0.43883
0.43916
0.40836
0.40731
0.41958
0.45524
0.48608
0.46548
0.45274
0.44354
0.42674
0.44224
0.46888
0.52566
0.55508
0.65871
0.95996
0.96181
0.9587
0.93772
0.95288
0.94209
0.86156
0.93525
0.9209
0.9106
0.85582
0.89451
0.8555
0.85313
0.77969
0.80839
0.74276
0.5891
0.49345
0.49062
0.47954
0.47961
0.53414
0.49831
0.51408
0.58787
0.62049
0.7939
0.78048
0.77663
0.7035
0.67135
0.67267
0.68648
0.70324
0.70165
0.69103
0.54449
0.56749
0.90459
0.93503
0.93576
0.94943
0.89514
0.8103
0.73091
0.71638
0.87911
0.9281
0.92788
0.7735
0.91347
0.91862
0.90749
0.76568
0.83389
0.80615
0.73629
0.93697
0.921
0.85443
0.7032
0.60676
0.5857
0.58427
0.60095
0.72562
0.67706
0.65916
0.65569
0.65539
0.65994
0.67124
0.69739
0.69402
0.68595
0.6812
0.96639
0.94653
0.89973
0.92525
0.72742
0.73388
0.76126
0.75012
0.76942
0.71152
0.56962
0.58644
0.72412
0.78362
0.81602
0.79724
0.56543
0.51175
0.45954
0.42141
0.37769
0.36991
0.33795
0.3333
0.35797
0.34997
0.35497
0.40213
0.46979
0.49635
0.39543
0.45042
0.52007
0.52789
0.46566
0.32889
0.26391
0.21632
0.28085
0.35409
0.39741
0.41168
0.36848
0.3374
0.3385
0.32867
0.32559
0.31939
0.33991
0.38248
0.41851
0.46074
0.88478
0.78048
0.69301
0.66232
0.67043
0.69184
0.68082
0.72892
0.64353
0.59442
0.65069
0.68324
0.87491
0.78692
0.78789
0.7669
0.8067
0.84989
0.72922
0.71629
0.70639
0.59196
0.54274
0.65926
0.81517
0.85488
0.77386
0.74425
0.77972
0.77756
0.75077
0.74557
0.73173
0.72596
0.6897
0.66602
0.62352
0.7413
0.75317
0.87139
0.74224
0.61421
0.55101
0.51371
0.45983
0.54376
0.68843
0.7025
0.71795
0.88906
0.76517
0.73065
0.42912
0.64833
0.93176
0.90627
0.88826
0.91659
0.69975
0.60278
0.70156
0.72409
0.72267
0.73067
0.74247
0.71417
0.58819
0.5774
0.4889
0.51255
0.43748
0.42927
0.3973
0.43534
0.47048
0.52705
0.63601
0.66513
0.6358
0.61803
0.58152
0.57355
0.55194
0.52752
0.54936
0.53791
0.51965
0.50303
0.48054
0.44308
0.42894
0.41991
0.65795
0.64554
0.56428
0.46542
0.44585
0.38701
0.3734
0.33519
0.3261
0.40109
0.38753
0.40016
0.39744
0.41121
0.39945
0.41361
0.40876
0.48145
0.50934
0.49848
0.472
0.43722
0.40152
0.38866
0.36711
0.36117
0.34984
0.34964
0.33461
0.35588
0.41766
0.45397
0.45253
0.4821
0.45486
0.42204
0.40208
0.39816
0.40284
0.47637
0.56662
0.62963
0.64065
0.6497
0.66289
0.71536
0.81747
0.75685
0.63197
0.63334
0.64576
0.91914
0.92039
0.89684
0.8944
0.84237
0.79485
0.78026
0.87328
0.85418
0.81126
0.7852
0.70027
0.69485
0.67691
0.6836
0.73628
0.75001
0.76248
0.77214
0.75287
0.79008
0.81792
0.84358
0.93382
0.90998
0.87864
0.83739
0.82269
0.79331
0.72258
0.89823
0.80814
0.71362
0.70409
0.70286
0.69396
0.68667
0.67941
0.75346
0.95601
0.89364
0.90509
0.90837
0.87204
0.75938
0.69496
0.68175
0.69238
0.6678
0.66197
0.66348
0.64412
0.54079
0.45727
0.35995
0.30411
0.34593
0.50351
0.87055
0.87359
0.81241
0.66395
0.67534
0.67546
0.6465
0.79757
0.71138
0.68467
0.71013
0.71879
0.71204
0.94567
0.95413
0.82204
0.87161
0.72895
0.61985
0.49379
0.43232
0.69506
0.82961
0.82732
0.84995
0.80319
0.78052
0.79875
0.81914
0.82176
0.84276
0.80453
0.83271
0.80841
0.78318
0.77194
0.78075
0.76813
0.74239
0.74105
0.7229
0.73072
0.72759
0.63938
0.5881
0.58381
0.59572
0.54531
0.52776
0.52833
0.49319
0.49423
0.58132
0.71824
0.6519
0.59919
0.54143
0.47306
0.41447
0.42796
0.51225
0.50434
0.4436
0.42093
0.47571
0.64235
0.87755
0.6526
0.64176
0.63727
0.64889
0.66019
0.68456
0.72723
0.72607
0.62615
0.53369
0.55087
0.5081
0.50604
0.58966
0.51011
0.52229
0.43404
0.39228
0.42734
0.45559
0.53383
0.59033
0.61873
0.60376
0.55673
0.49166
0.47281
0.47007
0.52599
0.53993
0.5404
0.62157
0.70085
0.73488
0.68743
0.78298
0.7441
0.66357
0.6973
0.70357
0.66549
0.67025
0.59144
0.57172
0.57868
0.5581
0.4814
0.47311
0.47599
0.4978
0.5421
0.57975
0.65626
0.66248
0.6846
0.67287
0.64008
0.64499
0.66147
0.62449
0.61081
0.5452
0.50781
0.47791
0.45365
0.45801
0.59482
0.67738
0.68415
0.67203
0.66402
0.59597
0.47424
0.36956
0.34053
0.48906
0.52866
0.5007
0.48129
0.40389
0.37092
0.38874
0.45903
0.41408
0.57637
0.81747
0.64998
0.75977
0.78119
0.84075
0.78056
0.82471
0.79208
0.75749
0.78929
0.83228
0.86308
0.8654
0.87028
0.87849
0.87108
0.87486
0.87834
0.87605
0.86788
0.87795
0.87125
0.85765
0.84522
0.72076
0.57618
0.48951
0.41414
0.4275
0.52637
0.51833
0.39921
0.7506
0.71281
0.65825
0.6662
0.7323
0.79763
0.59171
0.58844
0.84236
0.84753
0.84908
0.84529
0.8434
0.84194
0.83082
0.82315
0.76283
0.67931
0.64961
0.5764
0.44209
0.45949
0.50623
0.73462
0.80339
0.80236
0.80831
0.80775
0.80255
0.80888
0.80428
0.76682
0.76527
0.64997
0.58915
0.51585
0.49449
0.44862
0.41982
0.4066
0.40783
0.40603
0.40715
0.40074
0.42466
0.46099
0.49904
0.47415
0.39272
0.36524
0.4661
0.38439
0.35041
0.34259
0.36294
0.37398
0.3939
0.45933
0.58283
0.59008
0.64908
0.65234
0.63639
0.78899
0.71645
0.65495
0.67139
0.86189
0.74394
0.74102
0.72304
0.79978
0.81319
0.80902
0.7506
0.70439
0.64909
0.66435
0.66431
0.73297
0.78852
0.79101
0.77703
0.5244
0.5873
0.81401
0.55679
0.55271
0.51477
0.45265
0.39357
0.50271
0.64788
0.63993
0.55591
0.54017
0.50919
0.46059
0.43705
0.3324
0.36004
0.39345
0.51503
0.69569
0.50244
0.55284
0.57695
0.61336
0.88345
0.88622
0.88349
0.76145
0.7537
0.82721
0.72341
0.60891
0.59629
0.56888
0.54062
0.55694
0.51155
0.44527
0.38566
0.34665
0.35537
0.31657
0.28972
0.36866
0.53678
0.71179
0.62851
0.45364
0.41153
0.3972
0.3818
0.39003
0.41079
0.40962
0.42483
0.41297
0.41209
0.40957
0.4027
