0.40394
0.45521
0.46176
0.46716
0.46265
0.45674
0.52839
0.53527
0.75152
0.75296
0.78563
0.76765
0.73494
0.67701
0.62485
0.57838
0.5066
0.44104
0.37684
0.32911
0.28733
0.27333
0.26149
0.24138
0.25108
0.26106
0.25466
0.24342
0.23774
0.2425
0.23706
0.24049
0.23701
0.22549
0.21426
0.20379
0.22239
0.25028
0.23502
0.2352
0.22068
0.21889
0.21952
0.23409
0.25325
0.28451
0.35028
0.45578
0.43253
0.40489
0.3578
0.29619
0.28691
0.27667
0.25882
0.25862
0.31612
0.31986
0.32225
0.31002
0.28553
0.28926
0.32949
0.32081
0.28543
0.31808
0.30229
0.28499
0.26993
0.34602
0.33467
0.3308
0.31528
0.29597
0.27592
0.26084
0.25342
0.27217
0.2595
0.24581
0.2312
0.23806
0.23006
0.23369
0.21933
0.23697
0.23892
0.24217
0.26128
0.26828
0.26697
0.26407
0.26293
0.26321
0.26376
0.26703
0.28531
0.32372
0.33953
0.35519
0.38322
0.41591
0.4398
0.52738
0.63373
0.82913
0.84578
0.81149
0.79651
0.79725
0.65991
0.54158
0.51313
0.49758
0.50863
0.53634
0.67302
0.68604
0.6793
0.62392
0.62822
0.59379
0.55829
0.57375
0.58341
0.56457
0.57855
0.59285
0.58857
0.57115
0.56242
0.52491
0.45968
0.41182
0.36875
0.33926
0.32345
0.30914
0.28023
0.30359
0.34586
0.3756
0.36503
0.36407
0.40113
0.54927
0.61297
0.5235
0.56195
0.57525
0.57761
0.65992
0.65069
0.66741
0.84045
0.85251
0.85966
0.80553
0.68065
0.56493
0.46226
0.43899
0.42253
0.45765
0.52283
0.5239
0.52796
0.5084
0.43759
0.37485
0.33461
0.31794
0.31761
0.37286
0.36663
0.27954
0.27572
0.26076
0.25781
0.25724
0.41247
0.51158
0.45869
0.67
0.61519
0.51356
0.63386
0.71147
0.68229
0.60386
0.44274
0.57574
0.77283
0.81565
0.79906
0.73413
0.68232
0.55837
0.79499
0.68185
0.45658
0.40383
0.50199
0.60129
0.66003
0.63892
0.659
0.6599
0.72473
0.86884
0.82017
0.8893
0.89157
0.83343
0.76128
0.48842
0.58296
0.73022
0.74757
0.72806
0.72583
0.79618
0.75628
0.63361
0.68926
0.71478
0.76058
0.74583
0.71973
0.75852
0.77431
0.66217
0.81123
0.8246
0.85188
0.66656
0.65143
0.69598
0.61596
0.48091
0.43776
0.38128
0.35022
0.30256
0.32823
0.35766
0.34212
0.4193
0.40554
0.37058
0.34816
0.33476
0.33039
0.34698
0.45738
0.38823
0.54502
0.46182
0.42141
0.39515
0.38603
0.40169
0.40684
0.37421
0.40126
0.3791
0.32252
0.26617
0.2835
0.31165
0.31198
0.31312
0.32101
0.30947
0.38006
0.61826
0.7641
0.77216
0.74001
0.5497
0.46266
0.46526
0.64388
0.8101
0.66009
0.6459
0.58105
0.50601
0.49834
0.53947
0.54916
0.47219
0.41137
0.33475
0.35567
0.33554
0.40706
0.38664
0.36395
0.38999
0.40122
0.55878
0.43077
0.50453
0.37796
0.40057
0.46311
0.47963
0.56136
0.84806
0.79706
0.70871
0.66349
0.82495
0.85124
0.86346
0.87232
0.87597
0.87715
0.88037
0.88482
0.88395
0.8857
0.8859
0.88489
0.82288
0.55561
0.51944
0.65761
0.63474
0.7025
0.68828
0.33574
0.34842
0.34614
0.57827
0.62644
0.60909
0.56665
0.58399
0.55723
0.54584
0.45335
0.51902
0.62565
0.81229
0.84387
0.82142
0.77638
0.78819
0.7447
0.41325
0.49037
0.48222
0.47281
0.52029
0.45265
0.46897
0.48517
0.73741
0.71493
0.71769
0.81971
0.8569
0.85748
0.86235
0.6973
0.6454
0.59552
0.5421
0.53369
0.48587
0.49989
0.42048
0.38064
0.36799
0.39216
0.46875
0.4017
0.38743
0.39027
0.41339
0.3826
0.35919
0.36747
0.38159
0.39325
0.37421
0.46122
0.52708
0.52298
0.50083
0.47586
0.51013
0.52372
0.46341
0.42376
0.38585
0.39389
0.41437
0.43966
0.60525
0.71842
0.75171
0.75005
0.71027
0.6287
0.5619
0.54551
0.48396
0.38258
0.33788
0.29314
0.27676
0.27198
0.25516
0.25836
0.2691
0.26516
0.25911
0.27411
0.39756
0.499
0.60446
0.73343
0.75034
0.73621
0.7602
0.78441
0.80127
0.79742
0.79206
0.78781
0.78415
0.75726
0.6657
0.49133
0.42912
0.37658
0.34037
0.32839
0.32463
0.35865
0.3848
0.43042
0.48892
0.48131
0.44443
0.48214
0.606
0.60404
0.52088
0.8445
0.69647
0.70533
0.59164
0.49169
0.40217
0.44082
0.62921
0.44919
0.356
0.34223
0.34673
0.40588
0.91155
0.87443
0.84608
0.84114
0.83759
0.76855
0.67925
0.60598
0.57783
0.54929
0.52854
0.5028
0.51308
0.52974
0.50842
0.44709
0.38189
0.34783
0.31285
0.42756
0.49719
0.5076
0.86763
0.77613
0.68499
0.59784
0.61117
0.62516
0.71107
0.64639
0.58658
0.46683
0.57868
0.74861
0.69888
0.68883
0.55696
0.5427
0.4703
0.39395
0.37063
0.3744
0.42923
0.51554
0.89518
0.87441
0.85589
0.62655
0.63846
0.60479
0.55777
0.55037
0.53952
0.81184
0.84382
0.48602
0.51358
0.62468
0.63193
0.62443
0.50951
0.40527
0.47157
0.57416
0.57423
0.58046
0.58255
0.6078
0.57509
0.54676
0.5409
0.51725
0.48922
0.48531
0.49003
0.4985
0.50291
0.51579
0.6207
0.78029
0.76487
0.78638
0.78695
0.78286
0.68139
0.59382
0.58925
0.56152
0.5492
0.5649
0.58399
0.63358
0.59
0.60116
0.78025
0.74775
0.63047
0.68256
0.80009
0.88639
0.87686
0.84579
0.80701
0.76677
0.74339
0.73653
0.69051
0.63522
0.56093
0.55187
0.57705
0.51639
0.53447
0.546
0.62782
0.55779
0.56234
0.4284
0.5451
0.73229
0.74906
0.75906
0.76826
0.77955
0.78925
0.79329
0.79559
0.79791
0.77967
0.68738
0.55764
0.47007
0.40827
0.35223
0.31081
0.28942
0.36418
0.4375
0.47883
0.51493
0.54312
0.54117
0.47125
0.42573
0.30927
0.27548
0.3259
0.34828
0.33068
0.28573
0.23603
0.22199
0.23651
0.32007
0.43049
0.58167
0.66617
0.75385
0.78973
0.76573
0.74219
0.72115
0.7061
0.71982
0.74753
0.72326
0.71048
0.71298
0.72221
0.68766
0.71254
0.74811
0.63325
0.56106
0.56349
0.53705
0.51954
0.51847
0.51505
0.518
0.52343
0.51409
0.49051
0.48173
0.44968
0.42276
0.3808
0.36335
0.35327
0.31612
0.30056
0.30149
0.35895
0.49566
0.53999
0.47467
0.44341
0.39794
0.40027
0.41807
0.55525
0.68933
0.6712
0.65773
0.68126
0.62535
0.45117
0.373
0.39661
0.37968
0.37408
0.38299
0.4192
0.43352
0.37269
0.37246
0.38307
0.38215
0.40482
0.43157
0.47515
0.47957
0.46711
0.5053
0.72181
0.71678
0.65974
0.6093
0.64742
0.66943
0.74531
0.70312
0.5786
0.60121
0.63443
0.63815
0.67456
0.77607
0.77829
0.83884
0.83398
0.85472
0.85973
0.86339
0.81129
0.80318
0.8224
0.81471
0.81697
0.8083
0.81172
0.81692
0.77907
0.77974
0.77606
0.75063
0.72424
0.71584
0.68709
0.68854
0.67973
0.64406
0.60109
0.58988
0.55695
0.51137
0.50342
0.55987
0.59275
0.53006
0.51615
0.64548
0.81457
0.80262
0.80193
0.81827
0.79453
0.72757
0.67247
0.71414
0.71607
0.75438
0.72335
0.68671
0.69378
0.70689
0.69833
0.73405
0.72445
0.70037
0.68513
0.61422
0.56849
0.50495
0.4685
0.46412
0.43272
0.41534
0.46007
0.49164
0.48086
0.4536
0.43807
0.41302
0.5174
0.58343
0.64969
0.64921
0.58362
0.49974
0.60531
0.78573
0.7329
0.70996
0.56305
0.59916
0.67207
0.68059
0.68177
0.69924
0.71134
0.74262
0.77081
0.77593
0.81651
0.82353
0.83366
0.82978
0.78925
0.73778
0.74941
0.66292
0.54498
0.38893
0.35057
0.31695
0.34605
0.37781
0.39073
0.41692
0.41447
0.39462
0.36943
0.3223
0.28288
0.23236
0.22865
0.26971
0.28102
0.24865
0.24014
0.25367
0.31778
0.3281
0.51314
0.62333
0.73576
0.86468
0.8702
0.85593
0.84623
0.83453
0.82692
0.73914
0.78136
0.71648
0.57844
0.61595
0.49206
0.48786
0.49711
0.50691
0.49464
0.50458
0.44698
0.79593
0.59416
0.58914
0.63775
0.59391
0.65432
0.72599
0.70642
0.80181
0.81051
0.80517
0.72542
0.57521
0.52083
0.48339
0.5497
0.66203
0.53943
0.45029
0.42382
0.4241
0.40829
0.34747
0.29051
0.2948
0.46265
0.42198
0.39269
0.39916
0.52824
0.56088
0.56691
0.53562
0.44578
0.40883
0.39809
0.39905
0.31234
0.26395
0.28452
0.2276
0.22571
0.2467
0.26454
0.29428
0.33303
0.22684
0.35841
0.49567
0.53664
0.49922
0.50001
0.54065
0.63794
0.58562
0.57732
0.52602
0.52446
0.45143
0.46381
0.59902
0.53451
0.5529
0.59175
0.51844
0.49836
0.49072
0.49636
0.52424
0.50548
0.436
0.39108
0.59585
0.64265
0.62276
0.49339
0.44243
0.45793
0.42446
0.34199
0.32276
0.30293
0.31922
0.42648
0.48599
0.46464
0.50435
0.71384
0.69992
0.8136
0.74986
0.65991
0.59777
0.60087
0.52441
0.81243
0.93675
0.35035
0.30951
0.33141
0.35825
0.33482
0.33681
0.45256
0.59741
0.70379
0.74476
0.71123
0.91021
0.80487
0.76884
0.71016
0.88496
0.70646
0.66172
0.65009
0.67609
0.62308
0.62483
0.6128
0.65574
0.58459
0.55569
0.53658
0.57289
0.55363
0.54762
0.51095
0.55005
0.56967
0.59633
0.57747
0.57228
0.50251
0.45999
0.39727
0.36956
0.4025
0.41085
0.40778
0.4538
0.4474
0.51261
0.5479
0.47596
0.44083
0.40771
0.53005
0.56452
0.57852
0.5227
0.62973
0.61542
0.6613
0.68542
0.65108
0.59921
0.57067
0.54938
0.52449
0.90087
0.89419
0.90866
0.87504
0.62059
0.55458
0.4903
0.40088
0.36088
0.30903
0.30536
0.34821
0.41949
0.44893
0.44269
0.45049
0.42914
0.41328
0.45274
0.51116
0.50244
0.51833
0.52231
0.50706
0.54479
0.61934
0.57683
0.57735
0.55861
0.51234
0.48057
0.4357
0.6446
0.57734
0.59074
0.51574
0.55405
0.57258
0.53374
0.61729
0.77411
0.98793
0.98427
0.94981
0.89035
0.76996
0.68486
0.69001
0.77448
0.83573
0.79185
0.81859
0.749
0.61683
0.55718
0.56116
0.75024
0.80333
0.62902
0.571
0.49546
0.45628
0.46493
0.53578
0.52022
0.46484
0.49079
0.69983
0.72334
0.61739
0.66635
0.95463
0.94079
0.81228
0.94521
0.94984
0.935
0.88659
0.78016
0.76783
0.80769
0.62879
0.56108
0.5338
0.5657
0.48048
0.4588
0.47897
0.6717
0.83568
0.76632
0.88802
0.73277
0.70086
0.96053
0.97844
0.84873
0.89475
0.88911
0.88835
0.82964
0.69318
0.63301
0.61081
0.66502
0.66463
0.69355
0.52587
0.54827
0.54484
0.48973
0.46618
0.47616
0.44399
0.49698
0.47857
0.47467
0.44007
0.44994
0.47871
0.44818
0.56441
0.61749
0.55383
0.53076
0.52983
0.52963
0.51357
0.54117
0.78616
0.89669
0.98398
0.83284
0.60949
0.62808
0.89566
0.91787
0.92645
0.96365
0.95567
0.8519
0.66696
0.69447
0.86901
0.85201
0.93094
0.80751
0.66724
0.58083
0.49547
0.60535
0.54986
0.51552
0.46831
0.43914
0.43573
0.45967
0.48473
0.45138
0.38006
0.75403
0.65964
0.76944
0.78727
0.72192
0.56501
0.46614
0.38693
0.52981
0.65395
0.69297
0.78483
0.74395
0.70847
0.79568
0.75027
0.9702
0.94034
0.93364
0.86039
0.76074
0.65221
0.60783
0.55753
0.56006
0.46037
0.60008
0.73674
0.65763
0.59313
0.56064
0.48373
0.51687
0.54126
0.54942
0.64904
0.59102
0.53334
0.51143
0.47035
0.45004
0.57151
0.51895
0.59847
0.59238
0.54445
0.48031
0.46438
0.42997
0.51177
0.48322
0.53126
0.53727
0.52559
0.54979
0.58666
0.57283
0.65377
0.69301
0.59719
0.6259
0.52222
0.93998
0.95839
0.71299
0.73369
0.66018
0.64096
0.60423
0.51415
0.51151
0.46965
0.48168
0.57331
0.51859
0.48566
0.39403
0.4407
0.43964
0.56602
0.51663
0.49958
0.48413
0.46176
0.4305
0.38439
0.37004
0.42824
0.59644
0.65691
0.74738
0.85503
0.85458
0.81498
0.78173
0.81961
0.82298
0.81924
0.76937
0.7294
0.71658
0.74487
0.74074
0.73525
0.74906
0.74942
0.73747
0.70514
0.66196
0.58318
0.58827
0.63625
0.74212
0.79097
0.81887
0.74171
0.67347
0.68751
0.66986
0.68699
0.70568
0.73225
0.68999
0.61571
0.56492
0.53963
0.51186
0.51453
0.64099
0.72296
0.80292
0.86156
0.83643
0.75842
0.70919
0.6615
0.61554
0.76111
0.6617
0.58118
0.45507
0.45081
0.44228
0.572
0.6693
0.73273
0.74134
0.66045
0.62367
0.53695
0.56092
0.52571
0.5895
0.53112
0.50331
0.46804
0.47641
0.43021
0.3843
0.37927
0.38632
0.42852
0.42485
0.44031
0.40413
0.39421
0.4089
0.4017
0.42991
0.49798
0.52891
0.5589
0.53261
0.48075
0.48413
0.48872
0.47713
0.46731
0.46074
0.45459
0.42334
0.36982
0.35003
0.30569
0.27622
0.34631
0.56176
0.5912
0.62543
0.69916
0.70228
0.67117
0.64284
0.68024
0.71102
0.72512
0.66312
0.62004
0.53911
0.48883
0.48438
0.56683
0.6347
0.67823
0.64399
0.59938
0.55755
0.55287
0.58218
0.64295
0.62615
0.63513
0.61217
0.55942
0.51418
0.49595
0.51352
0.56379
0.56848
0.56892
0.53865
0.50077
0.48274
0.47866
0.49144
0.54302
0.57524
0.55556
0.51708
0.47229
0.44945
0.44147
0.53938
0.57555
0.58635
0.61957
0.58808
0.53772
0.51333
0.50034
0.50388
0.65816
0.72718
0.6593
0.67087
0.64384
0.64586
0.60893
0.65202
0.66868
0.60116
0.58241
0.77761
0.80687
0.77922
0.75599
0.77083
0.77135
0.7566
0.71462
0.6193
0.53649
0.48372
0.4563
0.49615
0.55506
0.64389
0.62237
0.5708
0.54237
0.51386
0.46985
0.51237
0.5149
0.47575
0.44098
0.36429
0.35177
0.33853
0.32918
0.37156
0.42046
0.40879
0.33691
0.30707
0.28154
0.28956
0.30904
0.32113
0.40422
0.44801
0.46451
0.47206
0.45324
0.44635
0.43236
0.4205
0.45906
0.53214
0.52842
0.48838
0.43339
0.39936
0.36494
0.45044
0.53404
0.53203
0.51351
0.50112
0.45729
0.44432
0.43342
0.42603
0.44735
0.46105
0.47925
0.47799
0.50337
0.52313
0.5507
0.57099
0.57492
0.53817
0.51838
0.56697
0.51794
0.49705
0.53453
0.59222
0.74745
0.75472
0.74087
0.71558
0.66016
0.60958
0.58329
0.58604
0.59281
0.60867
0.51972
0.46698
0.42693
0.39318
0.47831
0.64584
0.69458
0.68281
0.7761
0.74327
0.72017
0.63145
0.61046
0.65103
0.66986
0.67455
0.75014
0.7331
0.67788
0.61872
0.61718
0.76065
0.83221
0.89974
0.86844
0.80733
0.79186
0.76285
0.7327
0.72947
0.69388
0.65741
0.66709
0.58651
0.47786
0.39972
0.40692
0.45844
0.48688
0.4575
0.4312
0.44486
0.44297
0.43602
0.42278
0.4522
0.56402
0.6386
0.64851
0.63188
0.61761
0.62316
0.63553
0.72079
0.78596
0.72237
0.67371
0.66326
0.62881
0.56907
0.55393
0.55084
0.57832
0.6755
0.69081
0.67514
0.66686
0.6401
0.68375
0.72061
0.78647
0.81262
0.88566
0.88964
0.88304
0.83
0.80535
0.82631
0.75009
0.5949
0.47766
0.39341
0.32373
0.45185
0.76427
0.78097
0.79553
0.79135
0.77155
0.71022
0.68818
0.67312
0.64436
0.65433
0.65355
0.68417
0.62936
0.48842
0.46384
0.46068
0.52209
0.67933
0.89183
0.77389
0.88784
0.86612
0.77551
0.68513
0.64694
0.60191
0.56428
0.61244
0.6262
0.52232
0.44861
0.41443
0.50947
0.591
0.57802
0.49942
0.43606
0.45408
0.46298
0.47752
0.48692
0.48386
0.48362
0.46549
0.51287
0.49237
0.4902
0.49394
0.46849
0.45636
0.45263
0.44355
0.47549
0.46113
0.52425
0.46344
0.74576
0.78772
0.91459
0.72067
0.73063
0.75872
0.78271
0.8702
0.83354
0.78402
0.75957
0.71509
0.67026
0.6271
0.59185
0.5697
0.57344
0.63248
0.74262
0.82719
0.80177
0.76688
0.80038
0.92731
0.88684
0.90777
0.86961
0.86363
0.85041
0.77696
0.71066
0.79684
0.82176
0.86697
0.9095
0.87344
0.75907
0.69043
0.60982
0.5652
0.52643
0.49844
0.49441
0.4952
0.47731
0.47122
0.49169
0.4594
0.44092
0.42267
0.41892
0.43094
0.4005
0.38425
0.39176
0.40067
0.50583
0.58018
0.65503
0.72101
0.68126
0.65018
0.61866
0.588
0.58087
0.70401
0.74124
0.73553
0.72199
0.70003
0.65827
0.64647
0.59576
0.62603
0.67782
0.71099
0.72495
0.70818
0.7199
0.67968
0.68588
0.71368
0.70053
0.68273
0.71688
0.62324
0.61421
0.58733
0.54874
0.5701
0.65546
0.64713
0.63942
0.64075
0.60543
0.59429
0.59063
0.64739
0.70029
0.73506
0.7665
0.74252
0.74959
0.76996
0.76347
0.76087
0.71567
0.69869
0.66711
0.64616
0.62344
0.58334
0.55038
0.57374
0.63845
0.64413
0.63469
0.59796
0.55328
0.53002
0.51759
0.52859
0.57939
0.57616
0.62302
0.64328
0.6008
0.5642
0.54818
0.5369
0.56315
0.63863
0.69424
0.70869
0.67325
0.60845
0.54004
0.49636
0.47691
0.50689
0.52872
0.54066
0.55673
0.55675
0.54991
0.58853
0.66507
0.68036
0.58485
0.5583
0.50323
0.44583
0.45162
0.45473
0.55493
0.44518
0.46676
0.46059
0.45786
0.42601
0.42602
0.4486
0.46186
0.4186
0.44836
0.44612
0.42658
0.4055
0.38251
0.37936
0.37282
0.3806
0.38723
0.38917
0.40967
0.41184
0.40449
0.4017
0.39339
0.39027
0.39985
0.39879
0.39522
0.39487
0.39487
0.41057
0.43689
0.45265
0.40092
0.36274
0.31541
0.26697
0.20238
0.24957
0.26262
0.26573
0.23565
0.24116
0.24658
0.26043
0.30296
0.34581
0.38855
0.39406
0.40955
0.43569
0.48625
0.55417
0.70131
0.83033
0.84917
0.77134
0.84121
0.79276
0.63778
0.63462
0.623
0.6566
0.63075
0.57956
0.636
0.55472
0.45091
0.35937
0.31686
0.32662
0.33047
0.38906
0.40601
0.36332
0.34378
0.31739
0.28351
0.27967
0.34922
0.43747
0.40852
0.32069
0.26958
0.23031
0.2342
0.31164
0.33429
0.38905
0.4059
0.61944
0.56899
0.5044
0.73708
0.80434
0.81686
0.7588
0.82968
0.85555
0.83401
0.79385
0.83108
0.81785
0.83494
0.8236
0.75194
0.72788
0.76419
0.80442
0.79888
0.79736
0.87157
0.89692
0.92194
0.83293
0.80917
0.80918
0.78334
0.73901
0.73628
0.73389
0.75601
0.74653
0.74886
0.73427
0.73021
0.7726
0.81366
0.86792
0.88395
0.91119
0.9624
0.95795
0.96326
0.96664
0.96325
0.90254
0.73554
0.75167
0.75576
0.87873
0.89717
0.69762
0.70968
0.78112
0.89168
0.99822
0.9469
1.0004
0.99069
0.97189
0.91842
0.83495
0.79972
0.73199
1.0008
0.99748
0.99706
0.99794
0.99565
0.9911
0.97525
0.96339
0.91508
0.86939
0.9221
0.83914
0.75292
0.51074
0.42481
0.51087
0.36846
0.31562
0.39132
0.4792
0.9019
0.92564
0.84477
0.76317
0.71313
0.62686
0.66298
0.66971
0.68842
0.73994
0.79216
0.95219
0.99764
0.99976
0.9995
0.99939
1.0006
0.99927
0.99959
0.99836
0.90491
0.77144
0.7636
0.76424
0.67675
0.66393
0.6911
0.61498
0.46051
0.37764
0.49467
0.67085
0.7154
0.6127
0.56023
0.5327
0.69915
0.83077
0.79358
0.7716
0.74288
0.68651
0.42094
0.37149
0.39135
0.43556
0.44209
0.51356
0.56365
0.61486
0.42284
0.31122
0.29919
0.30856
0.41891
0.42039
0.41982
0.438
0.41963
0.32165
0.31524
0.31151
0.31225
0.29768
0.29075
0.298
0.30968
0.30891
0.28345
0.2953
0.3223
0.31357
0.34286
0.35123
0.33696
0.33697
0.36501
0.36817
0.35571
0.42367
0.49739
0.55108
0.63014
0.60388
0.57889
0.69668
0.68468
0.69653
0.66177
0.73508
0.82614
0.87999
0.90998
0.89201
0.74378
0.78869
0.64194
0.79381
0.66892
0.61073
0.61065
0.59502
0.52756
0.30503
0.25052
0.21161
0.21769
0.2676
0.702
0.83869
0.91997
0.973
0.97728
0.97478
0.98875
0.993
0.69717
0.74069
0.93995
0.96768
0.96081
0.90026
0.79865
0.73052
0.6035
0.62461
0.64399
0.55231
0.50847
0.49775
0.51859
0.55408
0.57718
0.60541
0.65517
0.61981
0.6239
0.8374
0.87269
0.93579
0.949
0.94908
0.94664
0.94293
0.92467
0.88686
0.91504
0.78505
0.82664
0.82612
0.61388
0.63375
0.65598
0.61977
0.49841
0.46672
0.44465
0.43888
0.44942
0.45885
0.41529
0.39818
0.38098
0.36051
0.36494
0.39225
0.39153
0.39888
0.4162
0.40167
0.39296
0.36998
0.36853
0.36422
0.38859
0.38802
0.39636
0.39185
0.3837
0.37271
0.38924
0.41839
0.42697
0.42197
0.41893
0.42627
0.42425
0.4039
0.40479
0.41416
0.43456
0.41403
0.38489
0.37042
0.36194
0.34014
0.34762
0.37459
0.39698
0.39158
0.38429
0.38158
0.3882
0.37104
0.37801
0.41352
0.45017
0.48502
0.53079
0.7568
0.60653
0.62173
0.65044
0.75688
0.76464
0.76821
0.76402
0.73118
0.75402
0.70346
0.66375
0.70092
0.72342
0.72069
0.86143
0.95581
0.96132
0.97242
0.99227
0.98591
0.93214
0.7444
0.80707
0.79889
0.79011
0.58923
0.58135
0.5284
0.49533
0.50263
0.53431
0.58144
0.63967
0.74996
0.78339
0.73384
0.69243
0.71432
0.82079
0.76208
0.65645
0.5758
0.53924
0.51752
0.4835
0.44051
0.40829
0.38984
0.39214
0.39462
0.4082
0.40696
0.39976
0.35961
0.31085
0.3277
0.29799
0.29732
0.37164
0.43701
0.503
0.48054
0.44997
0.47929
0.57638
0.6729
0.62886
0.67855
0.9235
0.92436
0.92566
0.93682
0.93292
0.94004
0.93959
0.91919
0.76498
0.59461
0.55072
0.4764
0.37701
0.33026
0.27714
0.24294
0.24415
0.5181
0.3542
0.41803
0.79687
0.95165
0.95415
0.88481
0.91262
0.91976
0.9439
0.93388
0.92688
0.9233
0.84275
0.90693
0.84952
0.80658
0.72533
0.87392
0.86128
0.8852
0.91595
0.89912
0.91377
0.91304
0.89959
0.88255
0.90198
0.91292
0.9178
0.91621
0.91556
0.90826
0.89677
0.86563
0.7978
0.85009
0.73241
0.56866
0.51514
0.46681
0.42969
0.39893
0.30668
0.26989
0.2473
0.25019
0.28407
0.25245
0.20234
0.21154
0.34014
0.39221
0.35718
0.26276
0.27747
0.28549
0.27446
0.29789
0.2751
0.28341
0.31636
0.30912
0.3592
0.3958
0.52441
0.69136
0.90189
0.96769
0.98073
0.96549
0.9735
0.96723
0.95788
0.92822
0.91753
0.8701
0.83276
0.71993
0.58368
0.64061
0.79869
0.71947
0.65558
0.68377
0.69146
0.58363
0.58407
0.50993
0.48002
0.45627
0.41874
0.39267
0.35924
0.32955
0.28886
0.24274
0.21815
0.21719
0.25006
0.53932
0.92545
0.91981
0.72329
0.7513
0.7581
0.77268
0.7645
0.73996
0.76365
0.74475
0.7383
0.71008
0.69915
0.68523
0.69089
0.9041
0.89375
0.87934
0.71012
0.60354
0.52015
0.44038
0.43987
0.40085
0.35117
0.32203
0.31031
0.24446
0.2457
0.28887
0.34792
0.41676
0.44037
0.44268
0.45177
0.4432
0.43646
0.44033
0.44923
0.4401
0.4537
0.45085
0.41955
0.41037
0.42431
0.41182
0.38714
0.3785
0.36158
0.35634
0.33506
0.33306
0.33277
0.33382
0.33758
0.33592
0.30644
0.31534
0.31087
0.3185
0.32807
0.32934
0.32655
0.31786
0.31278
0.31661
0.32326
0.31756
0.30251
0.30561
0.31421
0.33048
0.33847
0.3803
0.44422
0.47691
0.46274
0.4368
0.60302
0.55362
0.48485
0.44208
0.41707
0.39898
0.40019
0.40633
0.41465
0.41146
0.41208
0.40903
0.45435
0.49221
0.51453
0.52131
0.52828
0.55124
0.61569
0.6646
0.77613
0.80863
0.83068
0.80461
0.81812
0.83154
0.8389
0.83798
0.84106
0.84671
0.84873
0.84908
0.84646
0.84936
0.86009
0.86271
0.86105
0.85519
0.86422
0.83535
0.81925
0.80656
0.70889
0.51039
0.48162
0.52244
0.50395
0.79253
0.81145
0.80693
0.82106
0.79976
0.59958
0.69609
0.7505
0.78161
0.82712
0.81064
0.73891
0.78127
0.77094
0.75153
0.70974
0.81867
0.82556
0.84359
0.81641
0.84287
0.85812
0.86199
0.85524
0.84142
0.83416
0.81244
0.71301
0.6362
0.58499
0.51842
0.49598
0.28999
0.22858
0.82287
0.88786
0.86526
0.85119
0.83112
0.61977
0.50707
0.52003
0.62116
0.72808
0.75483
0.6561
0.57479
0.52143
0.54556
0.55527
0.56932
0.5403
0.52331
0.48401
0.47675
0.47141
0.4628
0.46375
0.46025
0.45654
0.45635
0.44821
0.44236
0.45261
0.43398
0.4044
0.42812
0.43469
0.42682
0.42264
0.43143
0.43243
0.42403
0.4306
0.50179
0.55302
0.53014
0.51217
0.55008
0.51932
0.46278
0.42871
0.41873
0.41592
0.40912
0.40362
0.38948
0.38785
0.37545
0.33789
0.33036
0.33575
0.36751
0.39943
0.40701
0.3951
0.40535
0.41347
0.43975
0.55098
0.74223
0.91136
0.91985
0.9192
0.90867
0.91683
0.69011
0.68068
0.64902
0.62205
0.62264
0.81047
0.85157
0.80664
0.72723
0.59057
0.53523
0.49817
0.47749
0.54184
0.61532
0.62915
0.62426
0.65062
0.68983
0.72162
0.77053
0.69094
0.65916
0.66904
0.71054
0.77302
0.77495
0.74846
0.63845
0.81576
0.81422
0.80017
0.78034
0.72247
0.63196
0.54218
0.48798
0.45155
0.42235
0.40431
0.42635
0.45202
0.46537
0.43247
0.52099
0.72044
0.60347
0.54575
0.49671
0.4591
0.45991
0.4735
0.46294
0.49144
0.57126
0.57792
0.56447
0.61074
0.6156
0.62014
0.58372
0.53929
0.50627
0.46752
0.4197
0.35594
0.30574
0.25722
0.23546
0.26295
0.7432
0.75148
0.7255
0.75415
0.71191
0.72345
0.72791
0.69751
0.72765
0.59238
0.46532
0.37396
0.33954
0.50002
0.64286
0.50952
0.55237
0.88286
0.80053
0.62636
0.64643
0.72453
0.84651
0.79312
0.71709
0.86574
0.87134
0.86988
0.87383
0.8758
0.87393
0.75498
0.60723
0.51524
0.41721
0.34927
0.3198
0.2821
0.26738
0.35857
0.46737
0.492
0.50313
0.51013
0.51384
0.51569
0.50016
0.45573
0.44348
0.42124
0.39332
0.37454
0.77566
0.83025
0.83991
0.75577
0.64261
0.86626
0.62375
0.64341
0.64059
0.67101
0.65662
0.63891
0.61803
0.55861
0.42982
0.37081
0.39039
0.3797
0.42074
0.37954
0.30534
0.34505
0.31113
0.3848
0.37456
0.33442
0.33375
0.32017
0.30459
0.30223
0.31241
0.31031
0.38548
0.43783
0.45098
0.54267
0.55417
0.49634
0.49908
0.55048
0.56332
0.45122
0.40465
0.41897
0.43325
0.32205
0.34186
0.33604
0.32594
0.34819
0.34596
0.34217
0.34116
0.38033
0.36382
0.37837
0.41981
0.48973
0.47317
0.54227
0.7151
0.66181
0.57943
0.55688
0.59788
0.78663
0.60765
0.5758
0.54291
0.47349
0.41365
0.44931
0.52071
0.57495
0.66937
0.69222
0.68512
0.6721
0.63828
0.64681
0.56721
0.51582
0.49091
0.50164
0.5036
0.50201
0.56016
0.50467
0.45807
0.33483
0.3343
0.92822
0.92043
0.61088
0.67698
0.6114
0.64542
0.61701
0.584
0.61572
0.65078
0.61709
0.56162
0.50343
0.5081
0.51401
0.52477
0.52071
0.52146
0.50636
0.52658
0.49335
0.45315
0.40706
0.36274
0.32977
0.33925
0.31476
0.27209
0.30905
0.42159
0.46974
0.46602
0.45752
0.46676
0.42324
0.32348
0.28768
0.39747
0.52476
0.66903
0.74102
0.69731
0.72276
0.70388
0.64732
0.6086
0.66944
0.57636
0.5541
0.58797
0.78696
0.80722
0.78926
0.78791
0.76899
0.76111
0.70168
0.63439
0.58857
0.50643
0.52605
0.55602
0.54306
0.54255
0.54288
0.52204
0.50127
0.56133
0.60744
0.61332
0.60539
0.59115
0.55409
0.58725
0.50877
0.50685
0.42696
0.4151
0.4065
0.4112
0.48793
0.6849
0.73279
0.859
0.63681
0.65075
0.58351
0.52111
0.51964
0.58414
0.64385
0.75104
0.75417
0.62903
0.44179
0.38616
0.36211
0.57105
0.52596
0.5357
0.53553
0.35804
0.32572
0.27942
0.26776
0.25744
0.23243
0.26063
0.39516
0.39381
0.38107
