0.77526
0.75633
0.74851
0.70294
0.7309
0.68735
0.60937
0.56094
0.50529
0.52683
0.55111
0.55524
0.4959
0.48281
0.47475
0.42251
0.40991
0.4102
0.33945
0.28441
0.2637
0.25441
0.22916
0.17544
0.14575
0.1483
0.14883
0.15925
0.16587
0.19513
0.21348
0.26182
0.63846
0.77605
0.78917
0.77068
0.7146
0.43476
0.42735
0.46117
0.49688
0.54404
0.51196
0.58347
0.63946
0.61985
0.61768
0.67186
0.47401
0.48934
0.51392
0.50084
0.5197
0.50085
0.47992
0.49017
0.36004
0.2985
0.42342
0.61189
0.53151
0.54461
0.53295
0.55609
0.55151
0.53569
0.53173
0.50546
0.54083
0.52123
0.4959
0.4642
0.4943
0.55315
0.45292
0.44545
0.46159
0.47118
0.49346
0.49733
0.49564
0.47894
0.46948
0.47902
0.48568
0.47937
0.44705
0.42573
0.46854
0.64622
0.76007
0.79646
0.79933
0.79954
0.79579
0.78148
0.76191
0.75168
0.73505
0.71228
0.69482
0.72052
0.72568
0.7799
0.72716
0.7254
0.74835
0.76078
0.71654
0.71637
0.69512
0.70079
0.65865
0.61545
0.5792
0.55324
0.53523
0.53133
0.52363
0.52424
0.51193
0.52433
0.5271
0.51551
0.51448
0.4763
0.46087
0.43244
0.42189
0.42535
0.4478
0.51148
0.52948
0.78302
0.81053
0.82173
0.84064
0.84201
0.84668
0.84827
0.84315
0.82732
0.81444
0.80711
0.80924
0.81301
0.65662
0.61522
0.6544
0.57956
0.68581
0.63424
0.73258
0.66426
0.49287
0.42534
0.41283
0.41029
0.41027
0.41391
0.40442
0.40687
0.42984
0.44104
0.43325
0.47267
0.73488
0.75423
0.86379
0.57481
0.37377
0.39403
0.44596
0.424
0.37658
0.34837
0.40273
0.52477
0.81519
0.82518
0.82635
0.81017
0.77048
0.6598
0.58447
0.53331
0.45044
0.45195
0.48087
0.68582
0.72283
0.76037
0.77671
0.78539
0.76553
0.67715
0.60276
0.55669
0.51781
0.54777
0.54414
0.53097
0.51579
0.50602
0.48571
0.46612
0.42852
0.39052
0.40213
0.4217
0.43236
0.58963
0.73128
0.73295
0.72691
0.73014
0.70673
0.65137
0.75964
0.76211
0.77753
0.77989
0.77988
0.77734
0.77646
0.77618
0.75394
0.74078
0.77479
0.76948
0.75771
0.69906
0.60798
0.52522
0.54779
0.54186
0.51036
0.45408
0.31843
0.24132
0.19941
0.24904
0.26953
0.29967
0.54872
0.33753
0.28227
0.30172
0.30066
0.34463
0.39084
0.62286
0.83509
0.87373
0.87109
0.85878
0.75394
0.55201
0.50048
0.48163
0.47727
0.4569
0.44538
0.7359
0.76672
0.82005
0.83959
0.79708
0.61677
0.79669
0.80714
0.77791
0.79386
0.77388
0.77438
0.78197
0.79139
0.78503
0.76516
0.77771
0.76869
0.75237
0.74826
0.74259
0.74814
0.72459
0.70824
0.69942
0.70575
0.71695
0.72144
0.7418
0.74465
0.74636
0.74517
0.74522
0.74161
0.74482
0.74054
0.73471
0.7293
0.73134
0.72604
0.72695
0.72281
0.72272
0.6683
0.60498
0.53037
0.48795
0.44645
0.43076
0.46578
0.50008
0.47086
0.46112
0.65346
0.55788
0.4464
0.30913
0.31122
0.32636
0.37329
0.482
0.52771
0.65327
0.70938
0.73226
0.72445
0.704
0.65637
0.65981
0.59566
0.56764
0.55619
0.53172
0.5067
0.46605
0.42263
0.40005
0.37474
0.34083
0.31032
0.40815
0.40373
0.41301
0.41914
0.41774
0.35693
0.31406
0.42137
0.4441
0.46325
0.45071
0.44596
0.4469
0.51479
0.47152
0.55381
0.6293
0.81823
0.59089
0.51755
0.48623
0.5548
0.48246
0.45124
0.45422
0.45608
0.51932
0.63612
0.60551
0.60736
0.6568
0.61259
0.59058
0.61916
0.61907
0.64635
0.57527
0.50466
0.47441
0.4703
0.47631
0.44562
0.78438
0.60444
0.50428
0.84302
0.85579
0.85636
0.85341
0.84341
0.83515
0.83187
0.828
0.83049
0.82759
0.81629
0.78737
0.65816
0.55613
0.50405
0.47298
0.44063
0.37953
0.39361
0.42377
0.53258
0.68889
0.70837
0.63118
0.77498
0.80522
0.80687
0.79673
0.79081
0.78552
0.77234
0.74636
0.61175
0.59836
0.59572
0.62691
0.68618
0.73235
0.72603
0.72146
0.72349
0.66345
0.59406
0.53465
0.47914
0.4697
0.44587
0.42764
0.40533
0.39944
0.45944
0.43825
0.45033
0.44498
0.44399
0.40541
0.40605
0.41684
0.41557
0.42386
0.41371
0.42166
0.40768
0.42145
0.43372
0.45378
0.54456
0.47866
0.53806
0.53353
0.59465
0.59614
0.58844
0.74981
0.71272
0.67622
0.67941
0.61146
0.53109
0.53028
0.51412
0.5151
0.52023
0.53296
0.44159
0.35423
0.35427
0.38229
0.40012
0.39339
0.40193
0.40318
0.40757
0.41746
0.41759
0.42377
0.4229
0.42678
0.54809
0.47092
0.46248
0.44735
0.47936
0.49203
0.50064
0.76213
0.75763
0.74282
0.71096
0.75335
0.59927
0.45022
0.45715
0.45032
0.42687
0.44983
0.52232
0.56004
0.6719
0.72764
0.76598
0.89502
0.79101
0.62967
0.47414
0.44287
0.57756
0.60571
0.64476
0.62433
0.59252
0.52568
0.59833
0.86358
0.83445
0.82407
0.82112
0.72464
0.67475
0.65244
0.59224
0.53106
0.50432
0.53965
0.61394
0.69747
0.71027
0.68161
0.64926
0.65129
0.648
0.66007
0.61736
0.5996
0.57415
0.53422
0.50771
0.49506
0.48694
0.5197
0.50431
0.4886
0.51309
0.48115
0.43479
0.47303
0.47153
0.47583
0.43163
0.40643
0.42081
0.45485
0.50711
0.51371
0.4818
0.45894
0.44019
0.43462
0.44654
0.45008
0.46809
0.45151
0.44041
0.43253
0.45166
0.4585
0.66675
0.69391
0.60574
0.57706
0.5399
0.52344
0.49834
0.49297
0.46355
0.83731
0.83682
0.82486
0.7178
0.69795
0.64719
0.67003
0.68059
0.59722
0.58332
0.58073
0.6125
0.61559
0.58621
0.5647
0.53177
0.46597
0.44667
0.4467
0.44212
0.4415
0.44531
0.45214
0.45803
0.45637
0.46788
0.47314
0.48812
0.5208
0.55726
0.59924
0.58504
0.54694
0.51954
0.55747
0.83801
0.85545
0.86133
0.8597
0.83409
0.80964
0.75398
0.69922
0.67948
0.61211
0.49454
0.4404
0.37983
0.31947
0.31073
0.35791
0.42869
0.45234
0.40751
0.35468
0.35681
0.3623
0.34784
0.40263
0.78128
0.92567
0.95128
0.95519
0.95014
0.9682
0.97506
0.97946
0.98134
0.98888
0.99805
0.99191
0.98901
0.99927
0.99364
0.99758
0.99794
1.0003
0.98944
0.72725
0.63744
0.60326
0.54046
0.58289
0.93286
0.95612
0.92178
0.77492
0.72401
0.59207
0.57686
0.57165
0.59526
0.57626
0.53542
0.52363
0.50647
0.50108
0.51082
0.54237
0.513
0.50344
0.53547
0.49872
0.4919
0.50047
0.50602
0.49943
0.51358
0.62525
0.51872
0.53227
0.58431
0.55411
0.52694
0.50148
0.48725
0.49509
0.54486
0.55783
0.57772
0.53092
0.51157
0.49274
0.49662
0.5272
0.5843
0.63307
0.62383
0.61801
0.66317
0.71245
0.65985
0.62692
0.57953
0.58853
0.73084
0.81301
0.79062
0.76677
0.65712
0.63095
0.58193
0.51879
0.48637
0.47325
0.49061
0.46112
0.44881
0.45504
0.45922
0.46291
0.46281
0.46581
0.41153
0.3572
0.38136
0.39517
0.40591
0.40771
0.40042
0.40184
0.40414
0.37281
0.3314
0.36915
0.48842
0.51368
0.57457
0.46673
0.40509
0.37869
0.37573
0.40146
0.41067
0.41157
0.42472
0.42614
0.44097
0.44643
0.4662
0.49672
0.46774
0.47447
0.49065
0.48511
0.48567
0.50373
0.92931
0.92974
0.83687
0.86912
0.81454
0.70895
0.63874
0.64814
0.65361
0.64066
0.60554
0.83592
0.94335
0.9173
0.85783
0.82781
0.81505
0.81582
0.84024
0.83801
0.82284
0.81616
0.7556
0.67705
0.61344
0.60322
0.59178
0.57134
0.51052
0.49278
0.47328
0.46985
0.41513
0.40382
0.50521
0.59795
0.64748
0.82074
0.87072
0.87286
0.84463
0.74839
0.67125
0.67684
0.77181
0.87086
0.88673
0.88719
0.88324
0.88206
0.86098
0.81874
0.86018
0.77107
0.75753
0.87273
0.88951
0.89693
0.90738
0.89174
0.73335
0.66473
0.53453
0.43774
0.56398
0.64577
0.65588
0.65721
0.65352
0.66854
0.67275
0.5107
0.48292
0.47564
0.52769
0.53135
0.5083
0.49086
0.48687
0.49578
0.50625
0.5205
0.53479
0.54354
0.54487
0.52076
0.5307
0.54203
0.52286
0.54366
0.5441
0.5806
0.73634
0.54259
0.58596
0.55778
0.62708
0.95287
0.96855
0.93477
0.73226
0.68533
0.57319
0.55275
0.56437
0.57548
0.54944
0.56655
0.60371
0.52289
0.52358
0.49604
0.49879
0.50903
0.59463
0.57607
0.59986
0.5709
0.5893
0.53948
0.50917
0.52954
0.56747
0.64987
0.72514
0.95071
0.90031
0.61722
0.49064
0.50259
0.53719
0.60813
0.64436
0.56956
0.5545
0.56647
0.58516
0.56348
0.58751
0.70259
0.78
0.70301
0.638
0.70803
0.54301
0.46475
0.42979
0.42287
0.44686
0.41516
0.35536
0.33754
0.33601
0.33295
0.39254
0.44624
0.52035
0.521
0.60299
0.68424
0.73544
0.75895
0.71938
0.73507
0.75023
0.93514
0.92159
0.90996
0.90229
0.88076
0.85689
0.84906
0.75571
0.66633
0.65279
0.6163
0.54689
0.45424
0.52816
0.60054
0.66432
0.72196
0.79099
0.78482
0.94501
0.93918
0.81213
0.86802
0.91388
0.8866
0.81655
0.95705
0.97893
0.98761
0.98595
0.99135
0.99127
0.9879
0.99363
0.99337
0.99287
1.0004
0.99774
0.99717
0.99796
1.0002
0.99483
0.98283
0.93328
0.80444
0.67797
0.67201
0.66298
0.53963
0.6652
0.5874
0.5285
0.52145
0.58261
0.59398
0.80502
0.7347
0.90612
0.90479
0.72024
0.65977
0.71374
0.57599
0.65239
0.67575
0.56734
0.5797
0.51066
0.448
0.43939
0.54104
0.56278
0.53348
0.52294
0.51028
0.507
0.52233
0.58364
0.61902
0.62561
0.72276
0.62024
0.58115
0.57562
0.56359
0.63124
0.67956
0.71278
0.6942
0.64486
0.42539
0.3838
0.43358
0.59057
0.63933
0.65886
0.7856
0.59607
0.93508
0.93479
0.74756
0.54752
0.53068
0.61032
0.59394
0.62017
0.60118
0.77955
0.70624
0.62499
0.66386
0.64119
0.65264
0.72465
0.68549
0.76192
0.88635
0.80218
0.70551
0.62571
0.71987
0.75527
0.72814
0.6779
0.6821
0.67259
0.67968
0.67082
0.64664
0.62811
0.61879
0.61947
0.62282
0.67028
0.70822
0.59508
0.59203
0.60469
0.49925
0.45585
0.52599
0.63727
0.77932
0.88159
0.88694
0.9715
0.9671
0.95317
0.93642
0.79381
0.75446
0.70365
0.72351
0.72159
0.7075
0.76234
0.7323
0.69954
0.70187
0.71691
0.69946
0.68057
0.71352
0.68236
0.62059
0.55089
0.50351
0.46448
0.44825
0.46903
0.56709
0.6512
0.76748
0.72816
0.67121
0.58261
0.62303
0.74178
0.66878
0.97519
0.98548
0.99327
0.8937
0.80944
0.76381
0.52264
0.52151
0.67006
0.6762
0.6298
0.67465
0.71453
0.80406
0.96454
0.96771
0.94169
0.90851
0.80887
0.67592
0.58375
0.6475
0.81046
0.73292
0.67198
0.60302
0.5198
0.50313
0.49832
0.4179
0.26296
0.33207
0.5182
0.60766
0.62341
0.58423
0.63152
0.67661
0.67731
0.68952
0.56103
0.90669
0.98316
0.82489
0.68052
0.62028
0.73655
0.54797
0.54083
0.57307
0.64907
0.75968
0.75073
0.60298
0.58
0.54928
0.60049
0.67564
0.78178
0.75444
0.76292
0.75335
0.82608
0.80576
0.76315
0.76769
0.67317
0.60577
0.54201
0.64558
0.87488
0.80296
0.55257
0.53258
0.54806
0.70297
0.62666
0.53577
0.52151
0.51892
0.51197
0.51633
0.54487
0.73459
0.48835
0.49693
0.54132
0.7432
0.80636
0.74206
0.67487
0.63643
0.77978
0.81396
0.90255
0.80139
0.70043
0.64104
0.57712
0.5785
0.57655
0.62928
0.6368
0.63355
0.67762
0.65718
0.67348
0.65543
0.64746
0.65802
0.6802
0.66884
0.67589
0.70015
0.74952
0.72962
0.68453
0.68662
0.67307
0.63078
0.58244
0.64343
0.697
0.69813
0.69229
0.6513
0.59598
0.5248
0.5023
0.50172
0.57051
0.64018
0.66687
0.65933
0.62859
0.59029
0.58868
0.58064
0.62096
0.65063
0.68206
0.69514
0.66486
0.58706
0.57975
0.73862
0.78245
0.81675
0.69094
0.65825
0.64372
0.62224
0.56059
0.55427
0.57108
0.57625
0.59351
0.67558
0.74367
0.77036
0.78635
0.75242
0.68915
0.65094
0.59375
0.56376
0.55368
0.49593
0.48744
0.51558
0.54239
0.59073
0.56667
0.60147
0.62051
0.66413
0.69505
0.63425
0.64158
0.62305
0.60387
0.62231
0.6529
0.66131
0.659
0.67931
0.70187
0.68116
0.64519
0.59647
0.61754
0.65675
0.6896
0.56191
0.48438
0.83043
0.88507
0.81562
0.78355
0.78539
0.78668
0.7751
0.80677
0.80045
0.89983
0.94117
0.98398
0.99997
0.99858
0.99831
0.99098
0.93692
0.82706
0.78632
0.71448
0.80928
0.78419
0.7455
0.75341
0.72729
0.69661
0.67658
0.61435
0.48555
0.44818
0.3855
0.38842
0.30966
0.28346
0.23844
0.3493
0.43225
0.53751
0.60932
0.63999
0.62353
0.60977
0.59069
0.58249
0.55655
0.5292
0.54074
0.58776
0.68077
0.6975
0.96816
0.99072
0.98429
1.0008
0.99941
0.95751
0.8059
0.72574
0.69646
0.65776
0.62021
0.59464
0.58412
0.62252
0.65016
0.63723
0.59218
0.60508
0.59365
0.58044
0.59818
0.56515
0.5722
0.53605
0.50962
0.50822
0.4494
0.44717
0.54816
0.58191
0.55409
0.5133
0.4657
0.46395
0.44479
0.43365
0.44684
0.47116
0.51251
0.59674
0.62181
0.8198
0.95603
0.93588
0.66014
0.6567
0.60698
0.58322
0.56551
0.57107
0.5136
0.61295
0.66756
0.644
0.60951
0.57395
0.53331
0.53481
0.55595
0.56709
0.61528
0.60276
0.68852
0.736
0.70413
0.67087
0.68376
0.65133
0.68627
0.64727
0.62311
0.6158
0.59335
0.63479
0.72994
0.71047
0.69156
0.66335
0.6393
0.57382
0.60113
0.63889
0.81674
0.98547
0.99602
0.96984
0.96556
0.91095
0.82946
0.80372
0.79965
0.82284
0.86705
0.89295
0.85005
0.78049
0.74267
0.71231
0.71839
0.73365
0.74351
0.72325
0.69552
0.67569
0.66302
0.65233
0.62028
0.63511
0.7376
0.75001
0.69328
0.67734
0.68458
0.65134
0.66772
0.66751
0.70786
0.69977
0.69545
0.62478
0.59741
0.57382
0.57288
0.54221
0.54623
0.56122
0.58112
0.58629
0.58968
0.58706
0.57528
0.57811
0.55853
0.55129
0.55098
0.64952
0.79992
0.84291
0.88404
0.9103
0.85417
0.8101
0.74816
0.68919
0.64737
0.613
0.6529
0.66924
0.71752
0.67532
0.64755
0.60907
0.59085
0.63179
0.60545
0.69227
0.68624
0.70542
0.65999
0.65034
0.60649
0.56428
0.65846
0.79225
0.92723
0.843
0.79515
0.8122
0.83058
0.76659
0.77781
0.80964
0.79832
0.89938
0.95874
0.83871
0.83627
0.99649
0.99732
0.87359
0.86213
0.81222
0.85483
0.8542
0.84998
0.82175
0.89533
0.99849
1.0008
0.9972
0.99876
0.9114
0.99933
0.99941
0.99936
0.99865
0.99986
0.98595
0.85322
0.82834
0.83363
0.91445
0.96488
0.91878
0.82889
0.7872
0.75146
0.73739
0.7053
0.70376
0.67618
0.69354
0.69148
0.69399
0.62664
0.60935
0.62174
0.631
0.65052
0.62625
0.59487
0.62246
0.60817
0.56473
0.53588
0.49395
0.40583
0.3696
0.45008
0.49633
0.51363
0.48621
0.48229
0.47613
0.4998
0.52801
0.56189
0.66787
0.63212
0.64595
0.64939
0.61547
0.61776
0.60186
0.61389
0.63656
0.54544
0.54916
0.55659
0.64183
0.71738
0.71034
0.69198
0.65334
0.58807
0.55948
0.5449
0.51386
0.49794
0.75948
0.9735
0.99173
0.86849
0.99975
0.74521
0.84519
0.92486
0.82769
0.64752
0.55299
0.54771
0.47654
0.42259
0.51901
0.54125
0.58
0.54428
0.40518
0.3765
0.45103
0.47609
0.50526
0.53708
0.55604
0.47968
0.51105
0.51254
0.48671
0.48003
0.53364
0.58478
0.5702
0.5649
0.56936
0.5443
0.53163
0.62091
0.6212
0.60328
0.59393
0.58144
0.60712
0.62148
0.66435
0.70337
0.71801
0.57663
0.52117
0.52184
0.54931
0.55385
0.55605
0.56284
0.63514
0.67917
0.60309
0.63793
0.59137
0.58389
0.64142
0.67311
0.68185
0.66283
0.61294
0.61587
0.64359
0.69145
0.70573
0.70505
0.71219
0.68583
0.70136
0.68237
0.67507
0.63362
0.57872
0.64857
0.73791
0.69951
0.62223
0.55753
0.50057
0.46746
0.48688
0.5057
0.52066
0.54919
0.54982
0.52003
0.505
0.49765
0.49747
0.44986
0.44983
0.48887
0.50186
0.49263
0.5138
0.48511
0.49365
0.44784
0.45419
0.45801
0.53319
0.58071
0.59646
0.61237
0.61923
0.63285
0.70022
0.72409
0.74728
0.70848
0.82441
0.91257
0.89596
0.89267
0.90781
0.89165
0.85266
0.90808
0.91736
0.91518
0.9582
0.93954
0.88998
0.69121
0.69809
0.92554
0.99818
0.81607
0.72516
0.69821
0.70802
0.75184
0.74989
0.74477
0.66753
0.63644
0.62283
0.61369
0.60495
0.65155
0.73078
0.79528
0.74506
0.68645
0.64678
0.63483
0.64607
0.72229
0.78642
0.80842
0.74551
0.71587
0.69215
0.6713
0.67522
0.71924
0.80153
0.84908
0.7896
0.72534
0.66159
0.63494
0.60894
0.59312
0.59683
0.611
0.58357
0.52752
0.49113
0.43651
0.40433
0.4051
0.41795
0.44503
0.51044
0.62009
0.69431
0.99883
0.99766
0.99742
0.99845
0.8936
0.96843
0.99878
0.9961
0.99253
0.9964
1.0007
0.9997
0.99742
0.99717
1.0007
0.99992
0.96885
0.88438
0.87355
0.92151
0.8267
0.80733
0.73644
0.63742
0.65587
0.7063
0.73917
0.73965
0.71009
0.62461
0.56361
0.52157
0.51715
0.57501
0.60712
0.55938
0.48309
0.55757
0.87486
0.73995
0.76795
0.80947
0.91039
0.91396
0.89313
0.88886
0.90419
0.92462
0.92952
0.97932
1.0002
0.99801
1.0007
0.99761
1.0006
0.99705
0.99898
1.0006
0.99826
1.0007
0.99796
0.99881
0.99926
0.99936
0.92396
0.98026
0.99168
0.98909
0.99839
0.98779
0.98425
0.9914
0.99022
0.97653
0.9524
0.89381
0.79701
0.83763
0.96443
0.97133
0.97411
0.96702
0.96446
0.96902
0.97109
0.95416
0.94841
0.88859
0.94458
0.95377
0.93416
0.94336
0.93605
0.94336
0.91626
0.81804
0.82939
0.85862
0.90545
0.90277
0.91421
0.84518
0.75006
0.7506
0.75995
0.66581
0.69827
0.68161
0.63705
0.56481
0.54126
0.57814
0.6634
0.71576
0.72733
0.72181
0.56825
0.52715
0.51921
0.5249
0.59681
0.60961
0.5739
0.55702
0.53056
0.5029
0.501
0.49906
0.50509
0.53835
0.70235
0.70799
0.60501
0.53676
0.54016
0.56464
0.61936
0.59749
0.57715
0.5371
0.4763
0.44509
0.44858
0.45589
0.48225
0.49147
0.49201
0.47756
0.45295
0.44588
0.51203
0.54015
0.59087
0.54142
0.49212
0.52272
0.44597
0.69361
0.67604
0.72058
0.99576
0.91971
0.75463
0.73911
0.75239
0.7812
0.91198
0.99886
0.99785
0.91329
0.86956
0.95777
0.97579
0.97765
0.98879
0.9907
0.97889
0.93402
0.85961
0.74141
0.65122
0.58927
0.55054
0.54385
0.54138
0.60476
0.9694
0.94947
0.96716
0.97393
0.96253
0.95275
0.927
0.98429
1.0009
1.0008
0.99743
1.0002
0.99934
0.98543
0.98105
0.97458
0.96446
0.96048
0.95751
0.95561
0.95531
0.95756
0.95543
0.96201
0.96224
0.95924
0.95481
0.90111
0.83447
0.81869
0.83388
0.85587
0.80743
0.81849
0.78586
0.70089
0.72645
0.70028
0.684
0.65813
0.67143
0.65908
0.67383
0.67163
0.92979
0.83851
0.85229
0.67384
0.6105
0.60777
0.55531
0.4828
0.47678
0.5111
0.53314
0.55284
0.59366
0.58875
0.57672
0.57715
0.5884
0.6502
0.69324
0.67657
0.64077
0.6513
0.6887
0.70226
0.71452
0.70973
0.68589
0.70783
0.75308
0.78556
0.75855
0.71999
0.67917
0.58391
0.57552
0.77345
0.81825
0.93069
0.79418
0.9276
0.73795
0.72579
0.92041
0.90998
0.91462
0.84329
0.71748
0.63892
0.64492
0.58858
0.51121
0.63881
0.90859
0.92301
0.93719
0.94003
0.91387
0.9099
0.91629
0.90003
0.8317
0.6589
0.545
0.76032
0.9687
0.96769
0.9598
0.95575
0.94879
0.94506
0.94392
0.94944
0.79233
0.92248
0.92587
0.93654
0.93703
0.92241
0.90816
0.91964
0.89683
0.80678
0.71626
0.62839
0.56314
0.48676
0.47964
0.83381
0.95682
0.97262
0.94947
0.91524
0.68092
0.61503
0.65443
0.68351
0.57637
0.61419
0.89295
0.90057
0.91123
0.89375
0.82217
0.69405
0.68433
0.64094
0.60776
0.57143
0.51495
0.47083
0.44704
0.4199
0.41292
0.51658
0.50538
0.58932
0.59673
0.6031
0.64977
0.62312
0.57346
0.56116
0.52113
0.48466
0.47086
0.49796
0.91574
0.94071
0.8169
0.95414
0.908
0.95607
0.95465
0.94694
0.96008
0.97005
0.97277
0.97491
0.97499
0.96454
0.94933
0.9468
0.95191
0.96395
0.96064
0.95604
0.94699
0.94382
0.94175
0.93946
0.91847
0.91575
0.91644
0.90235
0.88519
0.8875
0.88649
0.86016
0.76396
0.88655
0.88877
0.78758
0.73806
0.6485
0.86722
0.82512
0.57501
0.93611
0.94316
0.51588
0.54322
0.56125
0.56123
0.58248
0.56149
0.51554
0.47486
0.42285
0.39096
0.41172
0.45647
0.49696
0.54579
0.70365
0.67
0.55298
0.85475
0.82735
0.88113
0.8947
0.89983
0.91929
0.94178
0.94765
0.94991
0.94766
0.94777
0.93896
0.95421
0.81931
0.80819
0.88606
0.88585
0.87118
0.83593
0.81774
0.76817
0.73072
0.68529
0.76057
0.5244
0.53336
0.47584
0.41641
0.45469
0.47347
0.4949
0.50406
0.51444
0.54572
0.56728
0.52517
0.49532
0.52471
0.528
0.53792
0.55211
0.58369
0.59586
0.57918
0.62661
0.59977
0.56811
0.55533
0.53087
0.52167
0.47752
0.43443
0.42982
0.47098
0.51211
0.90871
0.92871
0.93056
0.92745
0.90647
0.88647
0.89131
0.8889
0.86885
0.87793
0.83638
0.79332
0.73435
0.6641
0.62657
0.6586
0.6873
0.71151
0.62035
0.63798
0.6664
0.58111
0.53429
0.56539
0.58815
0.5844
0.62693
0.65565
0.87593
0.89376
0.91335
0.91834
0.92525
0.93049
0.93257
0.93371
0.93602
0.83947
0.60699
0.81358
0.93194
0.94675
0.9592
0.94943
0.95374
0.92749
0.9106
0.88045
0.89474
0.87341
0.86538
0.87897
0.89004
0.89518
0.90358
0.9024
0.9042
0.90771
0.90817
0.90572
0.90147
0.89349
0.84383
0.6927
0.60133
0.59209
0.60485
0.87015
0.88409
0.88962
0.9135
0.92102
0.92557
0.92905
0.93177
0.93621
0.92423
0.92729
0.93123
0.93872
0.90363
0.87056
0.86414
0.83934
0.74563
0.72277
0.80848
0.81308
0.66728
0.60988
0.74366
0.68597
0.69884
0.71521
0.68652
0.56644
0.4361
0.41359
0.3855
0.41288
0.45124
0.48565
0.71735
0.75231
0.72606
0.74978
0.70807
0.42994
0.5009
0.6848
0.57866
0.38727
0.32504
0.31717
0.33032
0.36866
0.51132
0.51034
0.51459
0.46637
0.37239
0.31396
0.29944
0.27398
0.25137
0.24518
0.25397
0.3981
0.53961
0.73417
0.91994
0.94064
0.95473
0.9631
0.96731
0.96528
0.96597
0.95549
0.95603
0.9577
0.95929
0.9684
0.96476
0.95879
0.96367
0.96222
0.97467
0.97098
0.9675
0.93504
0.85483
0.65837
0.57789
0.91317
0.8933
0.87441
0.82855
0.82237
0.86175
0.9924
0.86014
0.85104
0.88017
0.94471
0.92408
0.87695
0.86571
0.87411
0.86645
0.86358
0.85552
0.72749
0.64867
0.60746
0.6278
0.61407
0.59468
0.87438
0.89373
0.89687
0.91751
0.62128
0.49944
0.65224
0.88879
0.88674
0.88435
0.83065
0.81303
0.677
0.71328
0.83346
0.85939
0.8713
0.87137
0.72979
0.68194
0.54615
0.47719
0.5438
0.54686
0.44099
0.4598
0.46659
0.44704
0.4958
0.6907
0.81748
0.82721
0.83288
0.82762
0.81574
0.76287
0.71892
0.65874
0.54182
0.53527
0.50303
0.49617
0.49386
0.52269
0.78319
0.4978
0.4346
0.46663
0.50449
0.51616
0.55498
0.56481
0.56175
0.49016
0.51047
0.52034
0.51735
0.47557
0.50496
0.50882
0.51517
0.51813
0.50879
0.53277
0.55707
0.54231
0.52316
0.50308
0.48241
0.45304
0.42757
0.49828
0.50198
0.48304
0.43009
0.42938
0.45788
0.47597
0.61101
0.59548
0.60954
0.57395
0.50363
0.52784
0.65215
0.8049
0.88353
0.87112
0.88017
0.88946
0.90677
0.91513
0.917
0.90541
0.89897
0.89576
0.89961
0.89695
0.89684
0.8983
0.89315
0.8925
0.89354
0.90844
0.91278
0.91673
0.92583
0.93074
0.93313
0.93863
0.94141
0.94722
0.95313
0.95388
0.95573
0.956
0.95415
0.95464
0.95296
0.94554
0.93732
0.93723
0.93505
0.91644
0.71909
0.81242
0.95292
0.98002
0.96362
0.87596
0.87865
0.94005
0.93276
0.9216
0.92143
0.92867
0.90145
0.90118
0.89274
0.87986
0.88829
0.89027
0.87316
0.87597
0.87093
0.869
0.87052
0.80037
0.62282
0.50024
0.43417
0.39786
0.57249
0.85117
0.93695
0.96343
0.98428
0.98426
0.98003
0.97233
0.959
0.90694
0.88716
0.84092
0.89372
0.91019
0.92688
0.93004
0.91116
0.89626
0.87942
0.75239
0.67063
0.48989
0.59248
0.87474
0.92336
0.94451
0.95151
0.95553
0.93286
0.93157
0.9207
0.9116
0.90917
0.9061
0.90302
0.90216
0.89256
0.89304
0.89403
0.88532
0.87521
0.85433
0.83618
0.82837
0.83306
0.83079
0.80294
0.81038
0.78712
0.71718
0.64495
0.61427
0.55178
0.55673
0.73757
0.83152
0.8394
0.7945
0.73283
0.67618
0.63713
0.64671
0.68803
0.65278
0.51391
0.43656
0.49133
0.74782
0.93615
0.9651
0.93863
0.93415
0.94576
0.94925
0.93456
0.94207
0.93701
0.80974
0.69385
0.68368
0.66825
0.68573
0.87482
0.54136
0.51447
0.4731
0.44697
0.43906
0.43997
0.48695
0.62939
0.63044
0.59595
0.5372
0.5151
0.50406
0.58726
0.52208
0.57118
0.83337
0.84032
0.88054
0.88331
0.88665
0.89626
0.89644
0.89013
0.88871
0.88326
0.88424
0.86947
0.67737
0.60688
0.55133
0.52685
0.52047
0.50436
0.51505
0.54468
0.54991
0.56803
0.69142
0.75233
0.71975
0.86428
0.7807
0.72311
0.82944
0.81589
0.69285
0.65067
0.60937
0.57166
0.50053
0.59863
0.68076
0.70863
0.72712
0.715
0.7148
0.6741
0.52502
0.44377
0.40303
0.54375
0.58334
0.60226
0.7391
0.42733
0.44905
0.47077
0.56059
0.4258
0.67403
0.88388
0.86873
0.86133
0.85932
0.85638
0.84696
0.80909
0.81161
0.80046
0.80101
0.82446
0.82402
0.82634
0.82341
0.81989
0.8203
0.82017
0.80803
0.79402
0.80538
0.81545
0.81656
0.81468
0.80616
0.78716
0.74025
0.63404
0.60555
0.54078
0.45215
0.4363
0.47343
0.47716
0.47062
0.46684
0.49433
0.65808
0.85231
0.83781
0.70954
0.76424
0.77722
0.79829
0.79841
0.80434
0.80288
0.79566
0.78799
0.78237
0.75744
0.74336
0.69749
0.64521
0.63918
0.63904
0.66821
0.69792
0.70471
0.69503
0.70228
0.70489
0.71513
0.71834
0.71994
0.7184
0.70075
0.65165
0.59788
0.6234
0.59705
0.537
0.50035
0.51721
0.51541
0.48918
0.46715
0.51841
0.58989
0.58498
0.5054
0.34194
0.48633
0.41142
0.41173
0.4051
0.41681
0.42153
0.42476
0.48765
0.63511
0.80158
0.73071
0.56315
0.62109
0.66764
0.51946
0.40786
0.50652
0.56983
0.41267
0.4041
0.53399
0.81289
0.8115
0.80929
0.81292
0.79748
0.66142
0.55924
0.40263
0.35181
0.38531
0.51509
0.74414
0.76922
0.7744
0.79433
0.79058
0.79508
0.76755
0.78821
0.56984
0.50294
0.60036
0.77288
0.79227
0.6731
0.6183
0.67716
0.69106
0.40971
0.37928
0.40692
0.42861
0.43691
0.65662
0.78759
0.62706
0.6707
0.7032
0.69204
0.80028
0.78974
0.77317
0.7498
0.77642
0.782
0.76906
0.7291
0.75247
0.75937
0.74054
0.62483
0.57027
0.55363
0.51462
0.41397
0.37907
0.29754
0.41553
0.74772
0.86023
0.56992
0.56693
0.48965
0.46751
0.49899
0.51113
0.46158
0.43697
0.43265
0.43251
0.43944
0.44082
0.44176
