0.49235
0.3882
0.46633
0.48533
0.51456
0.51731
0.52989
0.53739
0.42448
0.39097
0.37919
0.38354
0.38616
0.39635
0.38859
0.36166
0.34242
0.31723
0.32177
0.31649
0.30941
0.33712
0.38006
0.43794
0.48949
0.60877
0.74734
0.8103
0.76789
0.68329
0.63915
0.55927
0.44802
0.42641
0.4165
0.46698
0.60106
0.51142
0.506
0.50895
0.51301
0.50527
0.50258
0.51059
0.51317
0.51228
0.51766
0.5367
0.82036
0.82967
0.82244
0.81574
0.80786
0.80383
0.80009
0.78333
0.7537
0.68448
0.67814
0.4216
0.43043
0.41762
0.53815
0.51467
0.49238
0.50046
0.51633
0.52024
0.53322
0.56062
0.58838
0.59694
0.58308
0.807
0.65087
0.67614
0.67919
0.74661
0.75866
0.76913
0.7835
0.79244
0.78483
0.78401
0.77276
0.76323
0.75266
0.74124
0.71073
0.69585
0.64495
0.62257
0.59712
0.57946
0.54498
0.53938
0.39714
0.37853
0.39587
0.392
0.39838
0.39424
0.43466
0.51854
0.62612
0.74224
0.66764
0.67143
0.67997
0.65605
0.60051
0.58425
0.59896
0.56387
0.5069
0.57808
0.5626
0.57631
0.56571
0.57636
0.66143
0.67337
0.61297
0.56448
0.48444
0.46604
0.49038
0.44536
0.45896
0.5009
0.71568
0.62478
0.58638
0.59073
0.64942
0.71836
0.59722
0.68949
0.56451
0.72238
0.74159
0.75696
0.76112
0.74561
0.72931
0.63987
0.56495
0.49668
0.46248
0.46267
0.50308
0.56439
0.55937
0.53931
0.51152
0.47905
0.3885
0.36936
0.33931
0.48178
0.79617
0.666
0.64331
0.57811
0.62962
0.52407
0.52672
0.53883
0.53824
0.64792
0.80174
0.65595
0.64448
0.78761
0.81007
0.81729
0.80914
0.80148
0.79891
0.76554
0.76354
0.77626
0.78743
0.77702
0.76719
0.75875
0.76424
0.80147
0.80952
0.82058
0.80584
0.6765
0.57056
0.77851
0.82972
0.83002
0.81083
0.61417
0.83074
0.53731
0.52277
0.51999
0.51103
0.52217
0.51749
0.51075
0.51226
0.52092
0.52307
0.52715
0.68846
0.83556
0.8125
0.8076
0.80942
0.81097
0.76704
0.71643
0.70556
0.63915
0.63969
0.54501
0.67924
0.66206
0.55161
0.56483
0.65328
0.84293
0.84593
0.78337
0.77226
0.76218
0.75843
0.75771
0.75279
0.75455
0.74948
0.75195
0.73944
0.68503
0.65098
0.58593
0.65615
0.60697
0.773
0.76549
0.74374
0.76376
0.7482
0.74785
0.73738
0.68707
0.69758
0.70088
0.70442
0.70642
0.71441
0.72286
0.72588
0.72554
0.71402
0.76162
0.77193
0.67806
0.65344
0.64372
0.6291
0.61279
0.64068
0.67398
0.62759
0.7027
0.73324
0.76503
0.79344
0.81909
0.84826
0.86937
0.87091
0.86269
0.87295
0.86818
0.86824
0.86359
0.83434
0.71195
0.64359
0.5422
0.70596
0.85156
0.86925
0.86477
0.86068
0.87227
0.88137
0.87333
0.87323
0.88421
0.89168
0.86354
0.73908
0.68563
0.58941
0.59744
0.87203
0.90107
0.94192
0.95327
0.85798
0.83585
0.90712
0.63082
0.58453
0.71431
0.79898
0.59887
0.60098
0.5726
0.76806
0.86662
0.90967
0.92821
0.91237
0.91552
0.83146
0.80838
0.81417
0.80937
0.73682
0.9154
0.89644
0.88389
0.87771
0.85823
0.83101
0.81896
0.80791
0.80067
0.78699
0.76332
0.70437
0.65818
0.65249
0.72227
0.73545
0.73301
0.73862
0.71608
0.75663
0.76168
0.60932
0.53002
0.48004
0.78389
0.78093
0.8031
0.81433
0.80185
0.79634
0.78267
0.75947
0.75875
0.76239
0.76899
0.7815
0.78966
0.80191
0.82187
0.82442
0.82847
0.82653
0.8359
0.83932
0.84175
0.83655
0.83159
0.83508
0.83154
0.82495
0.80682
0.79045
0.77521
0.76545
0.7593
0.73326
0.71018
0.70316
0.69343
0.70509
0.71368
0.71835
0.73118
0.74017
0.7401
0.73385
0.63406
0.72134
0.72092
0.71746
0.72101
0.71999
0.65762
0.61
0.59631
0.67808
0.63943
0.62845
0.66922
0.62815
0.6153
0.56082
0.54702
0.59758
0.64051
0.47177
0.43223
0.44801
0.46666
0.61835
0.77404
0.8199
0.84866
0.86426
0.84155
0.83637
0.82788
0.82057
0.82027
0.82276
0.81647
0.71201
0.60373
0.48888
0.43388
0.41008
0.35809
0.39677
0.44456
0.49876
0.6108
0.71749
0.65873
0.66624
0.67876
0.6924
0.70802
0.70189
0.70662
0.70378
0.70436
0.70449
0.70527
0.71085
0.71864
0.71195
0.70511
0.70973
0.72066
0.72452
0.67829
0.69204
0.64776
0.64324
0.61383
0.53045
0.57858
0.57964
0.57398
0.56254
0.54906
0.53267
0.53131
0.52881
0.52733
0.52726
0.52943
0.52141
0.5189
0.52426
0.54839
0.57872
0.80243
0.81506
0.79886
0.77591
0.81456
0.78305
0.72981
0.68556
0.64371
0.5674
0.48667
0.38738
0.35728
0.39357
0.66159
0.8387
0.88539
0.90028
0.90858
0.91374
0.91325
0.9104
0.91041
0.90337
0.90213
0.90271
0.89831
0.8709
0.88253
0.85206
0.88958
0.90986
0.77121
0.5732
0.53864
0.75489
0.56329
0.58424
0.58164
0.57726
0.56673
0.57792
0.57782
0.58586
0.55992
0.52812
0.80284
0.87845
0.86636
0.68344
0.71112
0.6791
0.68469
0.69144
0.77208
0.78231
0.79361
0.79061
0.78729
0.7899
0.78849
0.76519
0.7323
0.71743
0.73411
0.74987
0.76593
0.7606
0.77407
0.75886
0.72315
0.71822
0.70794
0.71984
0.6184
0.58269
0.58544
0.55989
0.5869
0.60474
0.62984
0.60509
0.58655
0.53584
0.50099
0.47287
0.4945
0.54327
0.56439
0.57332
0.57146
0.50718
0.4466
0.40165
0.40915
0.44547
0.5503
0.63801
0.68333
0.67003
0.56194
0.52677
0.49922
0.52217
0.5897
0.68465
0.68673
0.71568
0.75444
0.80216
0.77109
0.78364
0.79386
0.78396
0.77068
0.79462
0.79675
0.78376
0.76416
0.74424
0.73586
0.72905
0.72891
0.71701
0.65711
0.61036
0.52912
0.40635
0.32034
0.31291
0.29291
0.34402
0.31751
0.29003
0.26822
0.26956
0.27984
0.27939
0.28926
0.4028
0.38317
0.51607
0.54193
0.55758
0.5882
0.59031
0.66333
0.69498
0.69512
0.82565
0.84291
0.82466
0.75297
0.62025
0.54654
0.5654
0.59591
0.52615
0.56923
0.62128
0.59753
0.54679
0.61713
0.68619
0.79425
0.80918
0.81906
0.81421
0.80653
0.79926
0.79345
0.80936
0.79034
0.75288
0.70005
0.70012
0.67079
0.60402
0.50571
0.41926
0.46283
0.53079
0.62139
0.79033
0.81089
0.82249
0.83637
0.84768
0.86677
0.85892
0.73747
0.69512
0.63922
0.61438
0.64312
0.62328
0.60728
0.62918
0.79263
0.68857
0.84329
0.86279
0.86771
0.87266
0.85561
0.85286
0.82415
0.80815
0.79982
0.81394
0.82121
0.83968
0.85988
0.84582
0.81891
0.81589
0.80975
0.83356
0.85872
0.88294
0.89289
0.89126
0.89332
0.88983
0.89103
0.89068
0.89132
0.88953
0.91441
0.91641
0.69076
0.59204
0.54425
0.50374
0.48197
0.47385
0.47
0.52501
0.57378
0.5375
0.51657
0.54958
0.54856
0.53196
0.53416
0.5043
0.45643
0.45997
0.4442
0.51502
0.48263
0.44676
0.44395
0.44731
0.4557
0.51555
0.54413
0.5462
0.53076
0.54145
0.55595
0.5706
0.5652
0.5465
0.56365
0.57914
0.52833
0.52666
0.54657
0.60565
0.68625
0.71929
0.81118
0.77053
0.85163
0.87409
0.88619
0.89477
0.87979
0.88163
0.88258
0.87657
0.8891
0.89867
0.89677
0.90197
0.9053
0.90222
0.79579
0.85041
0.87772
0.8846
0.88771
0.86785
0.84391
0.83075
0.82289
0.81675
0.80546
0.77914
0.74229
0.7622
0.77927
0.7201
0.65986
0.5722
0.50526
0.50038
0.50606
0.41401
0.37535
0.3958
0.36584
0.33551
0.30082
0.34774
0.30745
0.27439
0.21386
0.17782
0.20079
0.25841
0.3976
0.60729
0.76173
0.84318
0.86312
0.86014
0.85282
0.82569
0.72326
0.65642
0.5598
0.48201
0.42681
0.41676
0.38233
0.38219
0.38105
0.56994
0.90397
0.92302
0.91647
0.91917
0.90872
0.90441
0.90235
0.88072
0.83142
0.77063
0.73551
0.7532
0.70217
0.59396
0.47643
0.53701
0.6529
0.74124
0.75797
0.60417
0.5755
0.51438
0.45696
0.429
0.39865
0.38025
0.37037
0.38773
0.36608
0.34463
0.34741
0.38199
0.49421
0.56997
0.82371
0.80901
0.80241
0.74397
0.71665
0.73531
0.68035
0.82155
0.5591
0.54146
0.54908
0.55897
0.55706
0.56303
0.57561
0.57503
0.57819
0.58044
0.53217
0.57017
0.56845
0.58367
0.59241
0.60354
0.61066
0.60104
0.59037
0.54127
0.54891
0.57493
0.66023
0.64429
0.69215
0.61423
0.49868
0.45826
0.51466
0.48693
0.53209
0.52672
0.5258
0.48469
0.51092
0.5375
0.49838
0.53559
0.57309
0.58229
0.56537
0.57009
0.56383
0.61977
0.6447
0.62593
0.63449
0.63169
0.63944
0.63698
0.64973
0.64487
0.65171
0.66124
0.63074
0.56931
0.60092
0.62155
0.64599
0.61303
0.59401
0.59377
0.59643
0.58996
0.61766
0.6399
0.63107
0.71351
0.61317
0.6295
0.66044
0.74349
0.79047
0.83034
0.83261
0.80782
0.75713
0.70164
0.88424
0.91771
0.91845
0.92267
0.90252
0.8923
0.86999
0.84488
0.84065
0.87714
0.86236
0.82912
0.86414
0.87226
0.89237
0.88613
0.87871
0.88783
0.88024
0.84072
0.86814
0.7795
0.6045
0.70031
0.83953
0.90504
0.89809
0.90975
0.73437
0.72323
0.64585
0.58901
0.64773
0.65874
0.60377
0.67349
0.68036
0.65047
0.56934
0.6148
0.79735
0.73199
0.65408
0.61222
0.60387
0.60437
0.6211
0.59566
0.61385
0.7447
0.85613
0.92846
0.9029
0.89697
0.89469
0.92176
0.58721
0.57727
0.62673
0.64733
0.6665
0.67937
0.68923
0.63386
0.6163
0.62665
0.61471
0.61967
0.62127
0.62718
0.63662
0.60677
0.59995
0.64115
0.82168
0.9202
0.91574
0.92722
0.94187
0.92046
0.92306
0.93127
0.92905
0.92976
0.93616
0.94064
0.94741
0.93765
0.92744
0.9361
0.96157
0.95879
0.96149
0.96387
0.9801
0.98962
0.99698
0.9863
0.98879
0.99632
0.9996
0.99144
1.0009
0.98256
0.96324
0.97424
0.96546
0.95438
0.94731
0.94591
0.93479
0.90263
0.82264
0.88916
0.8882
0.86825
0.85692
0.85965
0.84289
0.68846
0.59386
0.61134
0.75571
0.76632
0.83867
0.8448
0.83862
0.79068
0.83605
0.86922
0.86119
0.83337
0.8564
0.88436
0.89371
0.87312
0.83817
0.91352
0.65298
0.84253
0.87735
0.90182
0.87282
0.81898
0.82964
0.85411
0.85647
0.84829
0.85782
0.8483
0.80507
0.78868
0.79677
0.75726
0.84371
0.83412
0.84509
0.84442
0.80439
0.79201
0.82386
0.83177
0.81966
0.79593
0.81709
0.81571
0.79286
0.79224
0.80635
0.8303
0.84069
0.83818
0.83678
0.83459
0.82524
0.81511
0.82026
0.82548
0.82897
0.78339
0.71817
0.68612
0.69775
0.6522
0.65825
0.72558
0.72657
0.71
0.72031
0.76786
0.78842
0.75409
0.8173
0.84234
0.83296
0.83725
0.84923
0.83785
0.83799
0.85869
0.87258
0.88084
0.89176
0.86146
0.81907
0.80156
0.8082
0.74222
0.7202
0.71808
0.67749
0.69204
0.69489
0.72783
0.74508
0.7453
0.71632
0.82656
0.84114
0.81177
0.8426
0.89069
0.86228
0.73819
0.71438
0.71564
0.67079
0.64137
0.56818
0.90174
0.93343
0.92649
0.89343
0.90171
0.96974
0.96278
0.94559
0.94507
0.95938
0.96287
0.95567
0.93949
0.96386
0.95191
0.94606
0.94962
0.90734
0.83979
0.77222
0.71621
0.70399
0.68371
0.58821
0.54747
0.57506
0.59413
0.64061
0.64781
0.68853
0.6612
0.64583
0.67693
0.65497
0.66214
0.59928
0.65874
0.72082
0.69605
0.63612
0.74813
0.69816
0.70631
0.7164
0.69668
0.66511
0.6749
0.66538
0.67041
0.68401
0.66987
0.6211
0.60434
0.61569
0.66723
0.69777
0.71495
0.73686
0.70842
0.66266
0.57651
0.79047
0.94509
0.93471
0.89576
0.79926
0.74158
0.65965
0.61526
0.63707
0.75751
0.89472
0.72129
0.72984
0.72081
0.75917
0.75981
0.71744
0.96324
0.94029
0.8274
0.90446
0.86298
0.86783
0.91525
0.92184
0.92271
0.91783
0.92223
0.90267
0.57357
0.50646
0.80064
0.90363
0.86091
0.89377
0.90471
0.86975
0.70574
0.66393
0.61816
0.63752
0.62268
0.61163
0.64604
0.66616
0.66577
0.57534
0.91034
0.73029
0.74964
0.71479
0.65606
0.68255
0.66138
0.62312
0.70454
0.73174
0.71649
0.69916
0.68135
0.69733
0.90944
0.9312
0.96071
0.96293
0.9556
0.95152
0.93307
0.92145
0.88295
0.86757
0.85841
0.81896
0.85104
0.76811
0.73893
0.79247
0.87039
0.79876
0.75008
0.7093
0.92143
0.89504
0.78988
0.78242
0.83927
0.91615
0.91632
0.93093
0.93112
0.92295
0.91893
0.90038
0.89008
0.86877
0.90084
0.93414
0.92945
0.90264
0.86481
0.7947
0.79964
0.7341
0.59847
0.92597
0.9744
0.95072
0.95849
0.96795
0.94263
0.94492
0.9546
0.96072
0.93858
0.91938
0.90998
0.89192
0.86279
0.85061
0.85996
0.91064
0.91975
0.91417
0.92574
0.94249
0.933
0.93893
0.95656
0.95834
0.94641
0.92939
0.94426
0.95961
0.95129
0.94827
0.95663
0.95439
0.929
0.90536
0.88584
0.87916
0.87571
0.88857
0.90907
0.90572
0.90028
0.89722
0.87394
0.83421
0.76771
0.72872
0.74708
0.71893
0.69948
0.6789
0.63077
0.8195
0.93682
0.93697
0.95158
0.94729
0.94199
0.93303
0.93412
0.92246
0.88245
0.84169
0.85632
0.93152
0.90084
0.84306
0.83982
0.75102
0.63443
0.64752
0.96895
0.9802
0.98205
0.98224
0.99882
0.99848
0.9999
0.93409
0.85138
0.80393
0.77875
0.81305
0.8435
0.8623
0.94688
0.94936
0.94633
0.95003
0.96564
0.99901
0.98552
0.99847
0.99889
0.9523
0.92756
0.94257
0.83297
0.73007
0.62771
0.59912
0.62239
0.64779
0.68292
0.70922
0.70348
0.71706
0.69005
0.69418
0.73622
0.73066
0.71412
0.64877
0.68288
0.67946
0.70065
0.72144
0.72403
0.72865
0.71553
0.6861
0.67
0.62228
0.61669
0.62553
0.63974
0.66715
0.66546
0.63527
0.64693
0.63883
0.64174
0.64241
0.67045
0.69168
0.69649
0.70999
0.72494
0.74155
0.74598
0.72872
0.70734
0.69127
0.69158
0.68514
0.67077
0.66253
0.68048
0.68876
0.69147
0.68522
0.65343
0.65597
0.66909
0.6824
0.66153
0.65545
0.63048
0.63212
0.64699
0.68082
0.69861
0.66575
0.60229
0.57185
0.63074
0.65182
0.69486
0.682
0.68699
0.67896
0.68207
0.6926
0.70064
0.66802
0.64448
0.69265
0.71874
0.822
0.96928
0.99238
0.9616
0.9604
0.9646
0.94455
0.95991
0.94164
0.8611
0.78047
0.76018
0.77234
0.75906
0.7561
0.74231
0.85904
0.92102
0.85997
0.87315
0.87252
0.88843
0.88787
0.88344
0.92076
0.94354
0.97037
0.91118
0.87068
0.83086
0.83156
0.75653
0.78398
0.78653
0.86377
0.86643
0.84407
0.82078
0.83935
0.81528
0.82831
0.83629
0.9681
0.98771
0.98137
0.96468
0.95848
0.96131
0.91821
0.87242
0.74275
0.69105
0.68596
0.68645
0.65743
0.63466
0.68124
0.72489
0.86707
0.92556
0.91531
0.92708
0.83132
0.79634
0.78031
0.73982
0.73559
0.81466
0.75347
0.97826
0.96819
0.96433
0.96023
0.96519
0.91224
0.88195
0.92344
0.9268
0.96086
0.94081
0.94446
0.93115
0.80637
0.74734
0.68548
0.67865
0.97875
0.96069
0.96437
0.94198
0.84675
0.80448
0.78928
0.79472
0.79241
0.73919
0.70945
0.71848
0.68432
0.68544
0.68332
0.64259
0.65162
0.69244
0.65764
0.65918
0.66102
0.64903
0.6383
0.62809
0.75931
0.75364
0.69208
0.71359
0.728
0.70728
0.70015
0.73642
0.74028
0.68912
0.74855
0.75998
0.7777
0.74439
0.6818
0.9087
0.93979
0.9967
0.99859
0.9988
1.0007
0.99971
0.9989
1.0004
1.0009
0.99737
0.99439
0.98577
0.97965
0.98921
0.98757
0.98828
0.99062
0.982
0.95091
0.9
0.81467
0.83702
0.90601
0.92335
0.91029
0.89872
0.95097
0.94617
0.91819
0.80747
0.77426
0.76928
0.75209
0.75716
0.75858
0.75575
0.77634
0.74756
0.72733
0.72338
0.68753
0.66352
0.65568
0.66236
0.65433
0.7019
0.71128
0.75001
0.76995
0.76147
0.73309
0.70954
0.71473
0.73317
0.71868
0.72978
0.74155
0.74006
0.78979
0.7688
0.74777
0.7396
0.75534
0.81385
0.837
0.78327
0.74888
0.67158
0.83022
0.90335
0.85435
0.86186
0.89906
0.90041
0.94903
0.96264
0.92138
0.99663
0.98883
0.9953
0.99002
0.99472
0.98449
1.0008
0.99803
1.0009
1.0002
0.98877
0.9042
0.93638
0.82757
0.76709
0.7079
0.69674
0.68546
0.7036
0.72517
0.7521
0.7743
0.78476
0.77526
0.76836
0.75777
0.7534
0.74411
0.74484
0.72303
0.74227
0.74133
0.76326
0.80326
0.80146
0.79087
0.96635
0.99753
0.99779
0.99535
0.90231
0.88677
0.88172
0.85238
0.82054
0.826
0.81899
0.80152
0.79356
0.78641
0.76568
0.77467
0.79619
0.80267
0.85173
0.94436
0.98703
0.96076
0.90566
0.84
0.79746
0.76233
0.72323
0.70919
0.69293
0.68857
0.69562
0.71471
0.77802
0.89128
0.97157
0.90656
0.98424
0.99208
0.99323
0.99048
0.99024
0.99116
0.99884
0.99797
0.97539
0.97255
0.97947
0.98637
0.97376
0.95756
0.91716
0.79283
0.7576
0.76925
0.79461
0.785
0.7919
0.80165
0.79505
0.75638
0.69284
0.65708
0.59877
0.6476
0.69925
0.64917
0.68987
0.73206
0.95379
0.98347
0.98327
0.80999
0.7969
0.76516
0.7177
0.79954
0.8181
0.89128
0.97437
0.98684
0.97975
0.98126
0.97467
0.98127
0.98562
0.98185
0.97537
0.96741
0.92361
0.91226
0.79976
0.91052
0.77236
0.86678
0.95003
0.86575
0.96166
0.96274
0.90084
0.86702
0.8786
0.71948
0.60682
0.96549
0.96618
0.97432
0.97445
0.97043
0.97179
0.95632
0.97082
0.95062
0.96531
0.96895
0.97849
0.96469
0.93284
0.96004
0.85822
0.93481
0.94668
0.9405
0.93642
0.93721
0.94102
0.88763
0.83574
0.81893
0.7401
0.87868
0.94534
0.95242
0.94213
0.93986
0.93578
0.9148
0.83897
0.79521
0.75137
0.74078
0.72892
0.74398
0.69796
0.64328
0.631
0.67449
0.83143
0.77636
0.70082
0.69612
0.71692
0.84852
0.93643
0.93222
0.85523
0.92649
0.76105
0.63922
0.63043
0.67033
0.72406
0.71825
0.65885
0.62544
0.63315
0.76485
0.78358
0.788
0.747
0.84772
0.87456
0.8922
0.92726
0.92786
0.94386
0.91807
0.87622
0.82605
0.92947
0.94468
0.83573
0.96111
0.94111
0.92744
0.92751
0.92604
0.91534
0.91899
0.91911
0.91422
0.91882
0.91809
0.91105
0.90861
0.91733
0.91826
0.89989
0.90477
0.90079
0.90159
0.89458
0.89197
0.89153
0.88694
0.88271
0.89698
0.89197
0.87495
0.86281
0.87954
0.88286
0.89102
0.9013
0.90683
0.90602
0.90567
0.90595
0.90616
0.9056
0.90782
0.88507
0.89611
0.88985
0.87017
0.82338
0.77683
0.74964
0.72627
0.71578
0.69917
0.67454
0.65787
0.673
0.68693
0.68635
0.68236
0.61363
0.60439
0.60174
0.62055
0.62896
0.65202
0.64606
0.66657
0.67779
0.67104
0.66083
0.61043
0.59181
0.58515
0.58688
0.60531
0.60508
0.5993
0.60133
0.68063
0.76796
0.86613
0.94688
1.0006
0.84684
0.83458
0.69406
0.65598
0.67274
0.71282
0.74084
0.75319
0.79251
0.79864
0.7821
0.77699
0.75244
0.65343
0.56349
0.51274
0.53078
0.54629
0.5023
0.47595
0.46534
0.48514
0.51753
0.51656
0.50354
0.48264
0.47556
0.49139
0.53058
0.57732
0.73067
0.89292
0.9029
0.8737
0.87231
0.82643
0.82451
0.80992
0.76286
0.7582
0.73012
0.73777
0.74232
0.70447
0.58784
0.49804
0.53476
0.53961
0.6345
0.59826
0.54301
0.49539
0.45673
0.39607
0.42665
0.44938
0.51034
0.56327
0.66893
0.65832
0.66687
0.69672
0.73236
0.69947
0.70208
0.71105
0.6812
0.69338
0.67234
0.60597
0.60952
0.60813
0.60681
0.63343
0.77553
0.72833
0.67652
0.81982
0.70076
0.64272
0.7001
0.68637
0.67982
0.68169
0.69047
0.69373
0.69541
0.6901
0.68615
0.6762
0.67287
0.65317
0.64016
0.6892
0.75509
0.67444
0.69338
0.91431
0.99799
0.9991
0.88159
0.94964
0.94403
0.94596
0.91765
0.91838
0.91362
0.90822
0.87375
0.81449
0.72833
0.70827
0.63042
0.54656
0.52226
0.52102
0.50202
0.49767
0.46333
0.41283
0.46173
0.54789
0.76658
0.88855
0.8874
0.8908
0.87582
0.83565
0.84234
0.85998
0.91236
0.9046
0.90467
0.90454
0.79085
0.70799
0.58966
0.54744
0.37342
0.24635
0.17621
0.22763
0.31514
0.5046
0.6682
0.61253
0.61485
0.59902
0.53289
0.52339
0.67664
0.95128
0.95478
0.96415
0.96294
0.94816
0.94007
0.93042
0.91232
0.89958
0.88714
0.8866
0.88892
0.89213
0.90139
0.89992
0.89922
0.89597
0.90042
0.87757
0.87183
0.87948
0.87796
0.87547
0.84003
0.82191
0.73386
0.66015
0.52054
0.4677
0.37069
0.37888
0.38258
0.37817
0.89851
0.93361
0.93777
0.93622
0.86676
0.92242
0.94875
0.93116
0.94303
0.95138
0.95101
0.9182
0.84737
0.84569
0.85498
0.88148
0.89657
0.89758
0.87925
0.6905
0.68659
0.68497
0.65094
0.60933
0.62329
0.62977
0.58918
0.55381
0.56223
0.58586
0.62013
0.65703
0.69594
0.77455
0.78326
0.7673
0.74057
0.77625
0.77479
0.74398
0.69522
0.66799
0.6516
0.6198
0.62012
0.59945
0.56536
0.54676
0.53137
0.50192
0.51864
0.61882
0.69191
0.60636
0.60586
0.63134
0.63027
0.62358
0.65714
0.62823
0.57421
0.55119
0.59505
0.61191
0.64184
0.59694
0.62249
0.55789
0.58593
0.59903
0.60962
0.65652
0.63489
0.59945
0.58507
0.59691
0.57943
0.5881
0.59987
0.59495
0.60773
0.61472
0.62064
0.63197
0.62698
0.61012
0.63312
0.58911
0.5905
0.61883
0.63737
0.65422
0.85601
0.755
0.86838
0.87753
0.88812
0.87764
0.8669
0.8628
0.82356
0.77956
0.72529
0.70296
0.67298
0.63445
0.62656
0.54431
0.48236
0.65657
0.64927
0.57404
0.53271
0.56164
0.5767
0.57648
0.57641
0.57532
0.57894
0.5784
0.57858
0.58253
0.58643
0.59287
0.60345
0.61354
0.62
0.58664
0.58084
0.60907
0.59834
0.61858
0.62057
0.63133
0.64853
0.65681
0.665
0.6626
0.86326
0.83782
0.89006
0.73037
0.86692
0.91299
0.81825
0.70125
0.78036
0.8938
0.9052
0.91045
0.91728
0.92329
0.65324
0.65808
0.81811
0.77386
0.71929
0.91049
0.91716
0.91668
0.90208
0.88157
0.89097
0.87583
0.84641
0.82543
0.82187
0.83032
0.76242
0.70012
0.63395
0.64659
0.64525
0.59638
0.60477
0.6825
0.68737
0.66558
0.74141
0.66068
0.82411
0.86349
0.89656
0.73807
0.76639
0.67889
0.59042
0.56181
0.55674
0.5479
0.54194
0.5405
0.55357
0.60036
0.78932
0.7996
0.86641
0.87359
0.8216
0.84803
0.87181
0.87292
0.86982
0.86632
0.86192
0.86013
0.853
0.84835
0.83227
0.82943
0.80379
0.74526
0.70396
0.69114
0.69413
0.67873
0.6603
0.80582
0.82539
0.84869
0.85014
0.85324
0.85424
0.85177
0.84615
0.83771
0.82397
0.80154
0.74268
0.71124
0.6931
0.68076
0.71196
0.6876
0.66172
0.66981
0.64517
0.5907
0.53337
0.56028
0.64875
0.57983
0.53691
0.45513
0.44617
0.4575
0.44565
0.41891
0.38014
0.3549
0.34021
0.28722
0.25661
0.25921
0.2173
0.23501
0.2421
0.24507
0.22125
0.21184
0.22226
0.24524
0.25868
0.27851
0.72349
0.52465
0.44203
0.49972
0.51369
0.59018
0.508
0.37857
0.36086
0.59045
0.87459
0.91185
0.91042
0.89403
0.88549
0.86918
0.83915
0.83164
0.82858
0.82078
0.81718
0.80984
0.75995
0.74007
0.68594
0.64751
0.63392
0.58671
0.4482
0.35228
0.31315
0.31602
0.33597
0.3709
0.39794
0.48316
0.70678
0.71094
0.77281
0.74078
0.69
0.68351
0.67197
0.64623
0.59514
0.86395
0.70676
0.60403
0.62186
0.61405
0.62272
0.65129
0.91768
0.90016
0.87753
0.82547
0.78278
0.72623
0.73567
0.7291
0.72058
0.7557
0.65834
0.52579
0.58755
0.65019
0.76144
0.54912
0.56587
0.5803
0.59983
0.83153
0.89131
0.88603
0.56827
0.54399
0.83411
0.84981
0.8531
0.84867
0.85101
0.84751
0.84782
0.8524
0.85506
0.85555
0.85145
0.84434
0.8469
0.83367
0.86967
0.70268
0.60057
0.86039
0.89416
0.9187
0.9366
0.94553
0.95242
0.94352
0.95796
0.96931
0.86155
0.71804
0.8945
0.94309
0.9614
0.66497
0.64071
0.63466
0.87836
0.95255
0.74784
0.75391
0.74592
0.59483
0.81194
0.90783
0.92378
0.8934
0.87215
0.86958
0.87673
0.86523
0.85759
0.85152
0.84651
0.84357
0.83689
0.82004
0.82649
0.81581
0.76461
0.69778
0.68023
0.6788
0.63216
0.54237
0.53479
0.50569
0.54261
0.60005
0.68797
0.72789
0.73383
0.7469
0.75233
0.75393
0.75304
0.75392
0.75477
0.75153
0.73246
0.73883
0.71385
0.68209
0.63934
0.60478
0.59418
0.75215
0.71846
0.72434
0.73236
0.72673
0.73138
0.72894
0.64319
0.57914
0.54361
0.48834
0.50136
0.51126
0.53052
0.52154
0.52705
0.55476
0.75594
0.78895
0.79077
0.78826
0.77989
0.77294
0.75862
0.75208
0.73428
0.73292
0.74021
0.74714
0.73974
0.72224
0.71134
0.64999
0.6346
0.62599
0.55724
0.48902
0.69913
0.78884
0.82239
0.84743
0.85224
0.83837
0.81921
0.80061
0.76133
0.72056
0.75043
0.74798
0.74476
0.74265
0.7322
0.75255
0.75577
0.76455
0.77757
0.78346
0.78953
0.79209
0.78866
0.78587
0.78321
0.7834
0.7883
0.78661
0.78297
0.78546
0.78286
0.7746
0.76546
0.74489
0.70533
0.6313
0.49214
0.73873
0.81335
0.84298
0.86219
0.86997
0.87518
0.86892
0.85413
0.84126
0.66611
0.6334
0.66129
0.64597
0.72042
0.60454
0.74316
0.79779
0.76304
0.83108
0.84402
0.8534
0.8514
0.8522
0.84883
0.84594
0.83649
0.8281
0.81305
0.76665
0.76542
0.77293
0.76324
0.77536
0.77121
0.73734
0.685
0.64488
0.69803
0.71263
0.72752
0.73381
0.75177
0.75443
0.74646
0.71133
0.67699
0.70092
0.70775
0.69963
0.70959
0.70976
0.71
0.70728
0.7056
0.67787
0.67251
0.62622
0.54218
0.45906
0.41619
0.37412
0.34901
0.3568
0.36084
0.3448
0.35489
0.40664
0.61844
0.74882
0.7591
0.76808
0.77517
0.7845
0.78975
0.79319
0.79457
0.79912
0.80735
0.80251
0.76563
0.71386
0.57929
0.40795
0.39569
0.82096
0.85256
0.86251
0.87087
0.86339
0.85945
0.86258
0.8598
0.85915
0.85467
0.85051
0.83962
0.8319
0.79274
0.73396
0.78264
0.82273
0.83989
0.85078
0.86553
0.86677
0.8723
0.87404
0.87691
0.8449
0.69938
0.6543
0.68509
0.6782
0.57574
0.55051
0.52774
0.45934
0.45607
0.45989
0.49371
0.54391
0.5024
0.42821
0.45109
0.49297
0.58576
0.56253
0.57717
0.58953
0.60021
0.63015
0.62212
0.64078
0.68564
0.69484
0.67613
0.648
0.71332
0.65351
0.65102
0.69549
0.69077
0.65803
0.68011
0.67872
0.63726
0.64799
0.63574
0.61279
0.56663
0.57066
0.55616
0.64667
0.64564
0.62565
0.64228
0.61083
0.60981
0.61266
0.62257
0.67218
0.6785
0.66463
0.68185
0.67562
0.61364
0.56391
0.5984
0.59287
0.57424
0.55331
0.50628
0.48249
0.5877
0.70814
0.77902
0.76767
0.77742
0.75974
0.75877
0.75659
0.72954
0.71928
0.67799
0.66733
0.69393
0.65672
0.62563
0.62598
0.61732
0.54205
0.73827
0.83364
0.79859
0.79202
0.6042
0.55125
0.57869
0.77518
0.59083
0.52499
0.5196
0.537
0.53363
0.54246
0.58123
0.86275
0.8507
0.84445
0.83016
0.82616
0.82252
0.8172
0.80803
0.80013
0.60966
0.5159
0.51279
0.51469
0.59806
0.59756
0.57628
0.49668
0.47399
0.5434
0.52617
0.54793
