0.35814
0.32401
0.29666
0.29895
0.27143
0.29261
0.27178
0.33347
0.40579
0.39531
0.39319
0.38451
0.37925
0.38402
0.37915
0.37281
0.43648
0.51321
0.4856
0.48377
0.49904
0.5369
0.58186
0.80982
0.74292
0.89984
0.81004
0.89671
0.50501
0.48522
0.5292
0.51011
0.49865
0.56157
0.69059
0.49051
0.45164
0.35751
0.33879
0.3562
0.32586
0.3995
0.37262
0.30764
0.29361
0.25347
0.29834
0.37287
0.46337
0.32133
0.28508
0.28846
0.30443
0.32571
0.33207
0.32645
0.33745
0.3941
0.43645
0.47298
0.53059
0.61458
0.79665
0.85158
0.8789
0.88866
0.88544
0.8829
0.88599
0.88306
0.87886
0.87795
0.80772
0.76177
0.56854
0.57829
0.59922
0.80611
0.83248
0.85155
0.85887
0.86499
0.86359
0.86021
0.84071
0.7711
0.59623
0.62587
0.54167
0.54635
0.74449
0.67034
0.58901
0.5431
0.46665
0.35384
0.26537
0.20111
0.34647
0.80248
0.75039
0.61649
0.60966
0.57444
0.55621
0.56291
0.6865
0.63322
0.63401
0.73162
0.7361
0.69988
0.67346
0.6899
0.6802
0.64514
0.62857
0.61722
0.57554
0.5175
0.47049
0.42923
0.3853
0.38654
0.39496
0.34788
0.4233
0.41749
0.40075
0.35211
0.32105
0.33969
0.53548
0.79606
0.79354
0.77198
0.64081
0.52362
0.45001
0.39532
0.38061
0.34878
0.32605
0.29193
0.27898
0.26576
0.26948
0.2671
0.24405
0.21592
0.21096
0.21246
0.23423
0.27441
0.29143
0.32023
0.33346
0.35594
0.35445
0.3341
0.30937
0.27269
0.23164
0.1983
0.20012
0.19403
0.20833
0.23555
0.24128
0.24919
0.25372
0.24887
0.25031
0.25258
0.25815
0.26231
0.27388
0.27541
0.26707
0.29096
0.29293
0.30522
0.3096
0.35681
0.34989
0.35238
0.35721
0.36773
0.36646
0.3744
0.36887
0.3651
0.34386
0.29513
0.31446
0.32231
0.32661
0.31291
0.29856
0.31518
0.31702
0.3103
0.32351
0.32835
0.3361
0.34293
0.35243
0.32514
0.26045
0.2732
0.2732
0.34207
0.32096
0.3464
0.38157
0.3749
0.34388
0.29411
0.32527
0.32118
0.30226
0.3319
0.32934
0.32723
0.33966
0.34351
0.33993
0.34215
0.35208
0.37653
0.33791
0.35235
0.35621
0.35679
0.37186
0.38018
0.38723
0.35179
0.34296
0.35067
0.38641
0.37739
0.35241
0.33234
0.32911
0.3289
0.32246
0.32503
0.33399
0.33961
0.33988
0.34499
0.33914
0.33859
0.34359
0.34974
0.33878
0.33847
0.34251
0.34514
0.35035
0.34763
0.34352
0.3282
0.32282
0.3115
0.30832
0.29108
0.27272
0.24938
0.23529
0.2282
0.22803
0.24402
0.26795
0.29137
0.28085
0.24816
0.25283
0.36594
0.79472
0.832
0.79456
0.72127
0.72917
0.65418
0.60101
0.58625
0.56094
0.53245
0.50783
0.45911
0.42843
0.40555
0.38077
0.36337
0.39167
0.3946
0.39606
0.39631
0.48815
0.43919
0.31573
0.31769
0.3364
0.33593
0.33926
0.33719
0.35028
0.3675
0.38248
0.39638
0.35855
0.35064
0.35617
0.35864
0.38418
0.35607
0.35923
0.34772
0.36503
0.35443
0.35957
0.36112
0.35492
0.36648
0.37351
0.37765
0.37988
0.37223
0.37342
0.35767
0.36631
0.35093
0.35514
0.35824
0.35824
0.36248
0.37391
0.40075
0.41243
0.43362
0.42353
0.40767
0.39964
0.37642
0.36449
0.36413
0.37905
0.37742
0.38258
0.39367
0.4079
0.44587
0.45109
0.46927
0.45988
0.44631
0.42258
0.41735
0.39431
0.40027
0.38819
0.38018
0.39229
0.3952
0.37279
0.36137
0.33429
0.36112
0.42357
0.42736
0.91715
0.91019
0.64611
0.62821
0.66926
0.65972
0.66577
0.63912
0.64093
0.63493
0.85107
0.70087
0.65185
0.57286
0.41551
0.72288
0.70731
0.5128
0.32872
0.34647
0.42223
0.40879
0.52205
0.56428
0.68776
0.79686
0.82929
0.82119
0.7733
0.81062
0.77173
0.79615
0.82975
0.76981
0.78406
0.79106
0.81617
0.79707
0.7842
0.72921
0.81044
0.83564
0.81354
0.68407
0.61443
0.56161
0.43677
0.3704
0.33704
0.32193
0.36218
0.40949
0.4134
0.48666
0.63468
0.8159
0.83013
0.83586
0.841
0.84079
0.8237
0.8351
0.82183
0.79197
0.72903
0.59614
0.50908
0.49676
0.53673
0.58473
0.60874
0.58251
0.58016
0.75956
0.77442
0.7467
0.67158
0.56262
0.43467
0.35737
0.32194
0.35572
0.36355
0.31788
0.28939
0.29281
0.28058
0.26401
0.2894
0.32536
0.35083
0.40033
0.39505
0.37151
0.41114
0.47021
0.7966
0.81446
0.82272
0.78521
0.74287
0.73638
0.62404
0.49688
0.57836
0.45664
0.33064
0.33198
0.39758
0.70511
0.69163
0.58216
0.37466
0.4192
0.59489
0.4367
0.38416
0.34139
0.36216
0.33927
0.29535
0.31651
0.4924
0.91487
0.92679
0.92476
0.91275
0.69301
0.33767
0.34064
0.33543
0.49023
0.49909
0.68642
0.61949
0.69822
0.65059
0.62164
0.63155
0.61716
0.67717
0.56005
0.48577
0.49839
0.51181
0.52966
0.53746
0.54299
0.59937
0.63577
0.62358
0.59111
0.54206
0.53344
0.50851
0.44973
0.40423
0.37249
0.34094
0.30454
0.31902
0.3243
0.40817
0.41922
0.43317
0.4034
0.4997
0.82086
0.84861
0.82547
0.81962
0.79149
0.74916
0.72746
0.8029
0.80481
0.80239
0.80254
0.80502
0.81233
0.79782
0.81163
0.81601
0.80161
0.63977
0.54674
0.5651
0.5855
0.66252
0.65993
0.79869
0.77399
0.76684
0.62847
0.57097
0.47382
0.47131
0.41374
0.2986
0.24834
0.23043
0.25884
0.35436
0.40538
0.3478
0.47015
0.65762
0.38082
0.34395
0.33224
0.32891
0.35176
0.48387
0.90496
0.73229
0.59157
0.4922
0.45338
0.46317
0.54176
0.6084
0.57279
0.59444
0.60736
0.61586
0.63145
0.62757
0.60969
0.59188
0.58238
0.52656
0.45287
0.38744
0.40945
0.46923
0.4795
0.50509
0.79904
0.8138
0.73534
0.68257
0.62409
0.51939
0.59689
0.61845
0.89102
0.80561
0.92866
0.83517
0.74778
0.67585
0.57249
0.47529
0.41163
0.35795
0.36613
0.43475
0.60981
0.58354
0.80831
0.76226
0.78567
0.72387
0.75803
0.74767
0.71165
0.73659
0.72094
0.64082
0.57794
0.51822
0.48945
0.48541
0.51142
0.48452
0.44013
0.40275
0.43243
0.45831
0.42246
0.43308
0.40388
0.39703
0.3948
0.46227
0.4184
0.39518
0.36741
0.37579
0.38777
0.38562
0.37955
0.37965
0.37444
0.48103
0.49077
0.44453
0.4184
0.3841
0.35374
0.35388
0.42009
0.46035
0.56449
0.60276
0.6568
0.69299
0.65123
0.65124
0.5458
0.4006
0.32696
0.30435
0.28037
0.27934
0.27334
0.29417
0.35021
0.3502
0.35297
0.35764
0.42041
0.47464
0.52278
0.49847
0.52393
0.57268
0.57974
0.62555
0.55421
0.52705
0.47083
0.48685
0.53376
0.63195
0.51443
0.49418
0.49978
0.49926
0.54397
0.54229
0.56823
0.66494
0.65654
0.61621
0.58025
0.54219
0.53499
0.52231
0.53005
0.56008
0.62702
0.7867
0.78864
0.70065
0.6935
0.81243
0.83644
0.81844
0.76812
0.74965
0.73374
0.68996
0.64722
0.63482
0.50396
0.44527
0.42202
0.4117
0.42076
0.41007
0.37925
0.37927
0.36941
0.36932
0.38543
0.39521
0.41471
0.44252
0.4424
0.47628
0.49961
0.48571
0.46191
0.45939
0.44209
0.40519
0.42641
0.47153
0.51191
0.56102
0.73898
0.69989
0.59638
0.4995
0.79859
0.73692
0.61649
0.51019
0.41574
0.39201
0.37992
0.30161
0.27944
0.45344
0.53537
0.49373
0.42709
0.63058
0.59396
0.97914
0.5192
0.46522
0.5117
0.61815
0.64689
0.51288
0.49571
0.59811
0.58765
0.57102
0.65392
0.82996
0.88119
0.86479
0.87954
0.63057
0.74462
0.8776
0.86752
0.85119
0.82191
0.81237
0.73713
0.65295
0.61034
0.58961
0.55189
0.50117
0.48214
0.50594
0.59563
0.89471
0.68516
0.71669
0.80477
0.81232
0.84132
0.83202
0.77502
0.73648
0.73484
0.73017
0.72582
0.71752
0.6271
0.571
0.55994
0.53551
0.54521
0.56837
0.80913
0.79584
0.71099
0.57226
0.45943
0.44645
0.64438
0.76645
0.62055
0.67381
0.69347
0.74127
0.64939
0.69496
0.8455
0.78068
0.81806
0.90228
0.91072
0.89725
0.8425
0.74026
0.66018
0.5774
0.51762
0.65663
0.59245
0.89656
0.64797
0.47776
0.46784
0.608
0.49721
0.38488
0.28444
0.3002
0.40945
0.47304
0.77807
0.76159
0.76882
0.73989
0.72626
0.66845
0.93415
0.98126
0.94921
0.92227
0.75356
0.63418
0.8861
0.84335
0.82066
0.69559
0.57579
0.52462
0.5338
0.49771
0.52561
0.50124
0.44634
0.39668
0.22826
0.21669
0.29501
0.40281
0.46598
0.48706
0.48662
0.95391
0.88282
0.80571
0.72476
0.76397
0.91306
0.92727
0.95445
0.96836
0.9677
0.94284
0.93745
0.92355
0.92217
0.89282
0.87871
0.80762
0.78558
0.66333
0.74663
0.7703
0.6384
0.60548
0.5771
0.5262
0.44107
0.41904
0.40399
0.37829
0.4055
0.41475
0.39577
0.41477
0.46287
0.65489
0.76488
0.61075
0.53226
0.52392
0.5571
0.47388
0.51641
0.6497
0.57204
0.75658
0.61447
0.60409
0.52517
0.51394
0.4735
0.4594
0.47047
0.47203
0.58528
0.64537
0.56768
0.48548
0.62538
0.87961
0.84767
0.73124
0.53696
0.52081
0.545
0.53643
0.56381
0.58728
0.62617
0.64557
0.77663
0.6598
0.64516
0.51253
0.4525
0.4513
0.55874
0.5228
0.51207
0.59581
0.55774
0.53945
0.51302
0.53572
0.42201
0.39702
0.42252
0.41545
0.43056
0.41518
0.35965
0.34951
0.40377
0.44198
0.65182
0.77986
0.71717
0.63781
0.61571
0.65531
0.64258
0.60062
0.56481
0.54072
0.50801
0.43983
0.46975
0.50938
0.4864
0.4676
0.48276
0.5163
0.4534
0.45054
0.47491
0.4942
0.47341
0.43116
0.4641
0.47071
0.44336
0.43149
0.44279
0.50718
0.5425
0.52258
0.46278
0.48857
0.46657
0.49307
0.51304
0.49622
0.67714
0.69768
0.71921
0.70311
0.70745
0.79086
0.87041
0.82359
0.86322
0.62184
0.55524
0.46897
0.48851
0.44571
0.43689
0.37993
0.34751
0.32031
0.33023
0.39698
0.41329
0.45594
0.4432
0.42654
0.42755
0.43382
0.44003
0.44005
0.45362
0.45286
0.46851
0.42196
0.43962
0.46882
0.4866
0.4623
0.43518
0.4725
0.43294
0.55328
0.5397
0.48353
0.4978
0.49248
0.50765
0.3796
0.40586
0.34876
0.62675
0.49102
0.47909
0.54554
0.47669
0.4284
0.46237
0.45905
0.5386
0.61801
0.5578
0.49594
0.4948
0.49042
0.48684
0.60694
0.62362
0.54991
0.68236
0.72131
0.56094
0.53959
0.51078
0.58466
0.48838
0.4293
0.45292
0.56407
0.5254
0.55914
0.47494
0.65167
0.73073
0.58139
0.57903
0.47146
0.45849
0.46454
0.52033
0.5007
0.53356
0.86809
0.7963
0.75675
0.74979
0.75261
0.83166
0.82578
0.732
0.57007
0.60662
0.6456
0.47716
0.54822
0.72719
0.7593
0.76859
0.77088
0.70984
0.70163
0.62686
0.6424
0.62423
0.68237
0.71985
0.67868
0.67827
0.76628
0.68316
0.58971
0.60956
0.68674
0.67301
0.65404
0.61938
0.55081
0.47218
0.44005
0.39198
0.52189
0.54039
0.60665
0.71775
0.69693
0.62745
0.58667
0.5408
0.54616
0.51727
0.54321
0.54266
0.49406
0.42615
0.4023
0.40972
0.43466
0.47001
0.51047
0.52342
0.53996
0.46952
0.47487
0.59304
0.58815
0.55744
0.3715
0.3169
0.30546
0.30639
0.30263
0.53915
0.5276
0.58391
0.56461
0.51578
0.46368
0.41034
0.34487
0.34714
0.56282
0.58411
0.60587
0.54079
0.48021
0.40947
0.36329
0.3371
0.39616
0.49801
0.57069
0.60102
0.50098
0.52816
0.50281
0.58244
0.56419
0.62279
0.64441
0.64518
0.74351
0.67863
0.71019
0.94466
0.98407
0.95103
0.85322
0.72866
0.64948
0.6212
0.65872
0.52744
0.99748
0.79106
0.86053
0.85404
0.70815
0.64822
0.64341
0.62745
0.68503
0.69422
0.66429
0.68696
0.59474
0.50154
0.50946
0.52815
0.75423
0.93199
0.8159
0.73155
0.61678
0.44942
0.46842
0.58743
0.81001
0.99806
0.99801
0.95965
0.77734
0.66148
0.51718
0.50288
0.524
0.60437
0.5783
0.63176
0.59676
0.59245
0.53141
0.53531
0.63508
0.66105
0.58173
0.5187
0.47847
0.4112
0.37086
0.39616
0.4565
0.46388
0.43063
0.42674
0.39837
0.35613
0.30315
0.29981
0.31067
0.37277
0.37595
0.395
0.40786
0.34956
0.27932
0.38518
0.76046
0.83185
0.89589
0.6622
0.48489
0.41728
0.59229
0.6383
0.68402
0.67066
0.56575
0.56052
0.71108
0.67805
0.69849
0.81386
0.91567
0.96005
0.94126
0.79666
0.693
0.64493
0.60331
0.5659
0.56151
0.83851
0.79757
0.87394
0.74198
0.68747
0.65756
0.66463
0.72816
0.83683
0.99748
0.99405
0.99301
0.99017
0.99988
0.99937
0.99706
0.98956
0.99586
1.0008
0.97593
0.79866
0.70812
0.66748
1.0006
0.93081
0.83893
0.8693
0.82663
0.74289
0.72275
0.68879
0.75341
0.70824
0.71377
0.74574
0.71004
0.59817
0.56635
0.56132
0.58717
0.80662
0.78533
0.746
0.66456
0.58399
0.59429
0.57107
0.56168
0.64713
0.67541
0.64055
0.60358
0.5916
0.64737
0.66942
0.84414
0.84202
0.70703
0.74761
0.66434
0.60465
0.63154
0.77006
0.76484
0.76228
0.7082
0.66287
0.6267
0.54694
0.55899
0.62349
0.63421
0.66601
0.69498
0.67808
0.62204
0.59132
0.59405
0.53636
0.52627
0.54162
0.55434
0.62466
0.57959
0.51675
0.46933
0.54514
0.63388
0.73266
0.7275
0.61554
0.58373
0.5575
0.54562
0.44042
0.4816
0.52801
0.50687
0.65465
0.61189
0.60014
0.66171
0.86096
0.84185
0.84323
0.83052
0.79418
0.7403
0.58992
0.50498
0.56455
0.74145
0.82661
0.77669
0.83986
0.6923
0.53749
0.50376
0.51458
0.60241
0.6281
0.49216
0.52534
0.47359
0.41757
0.39623
0.41107
0.49383
0.50989
0.48949
0.54516
0.4517
0.48878
0.61618
0.4964
0.48071
0.55726
0.57257
0.58404
0.62349
0.63886
0.67468
0.67785
0.7215
0.72156
0.76296
0.77913
0.65179
0.51872
0.49897
0.66725
0.69908
0.72352
0.76732
0.7876
0.70083
0.63979
0.55786
0.50732
0.52064
0.53074
0.62465
0.67266
0.63489
0.58272
0.5006
0.49504
0.51044
0.52225
0.61368
0.7414
0.68356
0.51806
0.51837
0.467
0.58347
0.65435
0.5808
0.58723
0.58424
0.54924
0.50151
0.46727
0.52972
0.60709
0.68602
0.7417
0.76394
0.72047
0.68908
0.66661
0.66445
0.66106
0.664
0.59587
0.56224
0.54152
0.51248
0.48584
0.49183
0.4317
0.453
0.48437
0.48953
0.47781
0.46857
0.47743
0.63317
0.75819
0.79177
0.86682
0.87728
0.81916
0.83338
0.86282
0.76029
0.71207
0.64645
0.59756
0.53211
0.48005
0.46623
0.4559
0.50366
0.67097
0.6234
0.55078
0.52768
0.51269
0.52146
0.50467
0.53843
0.59598
0.56836
0.8092
0.83825
0.86856
0.89903
0.87017
0.88679
0.94151
0.91607
0.89824
0.91222
0.89281
0.84309
0.83309
0.80139
0.70037
0.65266
0.55014
0.51213
0.46751
0.47231
0.44206
0.43966
0.42997
0.4484
0.62193
0.60467
0.48936
0.46807
0.49129
0.54955
0.63403
0.65525
0.63943
0.59608
0.55078
0.48922
0.44041
0.42054
0.56575
0.60898
0.73994
0.68406
0.5939
0.55711
0.52764
0.63636
0.70626
0.77601
0.76402
0.68412
0.66542
0.65206
0.57796
0.59691
0.5788
0.57299
0.57549
0.47404
0.38015
0.30461
0.25787
0.22877
0.28987
0.38534
0.67885
0.8398
0.98269
0.96873
0.98012
0.96712
0.99767
0.99782
0.99988
0.97713
0.68002
0.57121
0.74985
0.97453
0.99676
1.0001
0.99521
0.99462
0.8144
0.76622
0.68183
0.65553
0.61872
0.72465
0.69574
0.62813
0.54968
0.51813
0.5036
0.59072
0.65512
0.65255
0.62016
0.57142
0.53465
0.46477
0.47226
0.53282
0.51885
0.73183
0.78228
0.77762
0.80372
0.83102
0.87908
0.92229
0.91629
0.8918
0.87133
0.85723
0.87976
0.86919
0.83992
0.87008
0.84511
0.80619
0.73758
0.67453
0.59687
0.5303
0.50251
0.48597
0.53438
0.56642
0.53383
0.49388
0.43464
0.46318
0.49868
0.57151
0.55992
0.50635
0.68703
0.70425
0.83632
0.87993
0.86612
0.82574
0.89927
0.92063
0.88378
0.83485
0.74055
0.60125
0.5569
0.53461
0.52036
0.50811
0.47967
0.46784
0.40601
0.34837
0.31942
0.33001
0.38826
0.41828
0.41911
0.39801
0.35409
0.31917
0.39877
0.49771
0.54354
0.6008
0.58876
0.58099
0.52647
0.48999
0.47077
0.51621
0.56788
0.52075
0.58346
0.56003
0.48731
0.49018
0.74177
0.93468
0.96691
0.92304
0.82392
0.79598
0.64257
0.57927
0.55592
0.50962
0.64844
0.67283
0.60484
0.54869
0.49835
0.46226
0.47343
0.4616
0.4957
0.47103
0.44329
0.43628
0.41012
0.38014
0.38946
0.38486
0.38905
0.40083
0.40034
0.39157
0.38506
0.38419
0.37765
0.37893
0.39437
0.32694
0.28605
0.30355
0.30491
0.28092
0.25602
0.26615
0.29102
0.31184
0.32112
0.32183
0.30472
0.3063
0.3186
0.31554
0.30396
0.31029
0.33002
0.35638
0.3476
0.37422
0.39773
0.43178
0.57481
0.58224
0.6589
0.6414
0.57112
0.56024
0.59719
0.63039
0.68655
0.74149
0.81754
0.79398
0.74273
0.68674
0.65563
0.65436
0.65688
0.68519
0.79211
0.72463
0.63742
0.55319
0.52962
0.54513
0.62042
0.87135
0.82501
0.85671
0.78641
0.60869
0.70501
0.70319
0.88729
0.92905
0.97234
0.97293
0.9618
0.91594
0.9276
0.92433
0.85409
0.72315
0.73772
0.75208
0.69542
0.62042
0.5892
0.58336
0.55316
0.45631
0.39002
0.37219
0.35526
0.34175
0.33659
0.34906
0.36556
0.36617
0.37677
0.41278
0.42976
0.48541
0.52286
0.62037
0.6956
0.68182
0.57985
0.52959
0.50166
0.49804
0.51204
0.52938
0.52719
0.50883
0.49981
0.4999
0.52934
0.62856
0.69464
0.75124
0.77319
0.77303
0.76246
0.7282
0.71038
0.69045
0.72003
0.72235
0.7047
0.67983
0.66787
0.67864
0.6834
0.64188
0.61881
0.64402
0.71245
0.70299
0.65753
0.58744
0.52288
0.48074
0.45903
0.48661
0.41169
0.34593
0.31082
0.32746
0.3982
0.53571
0.6326
0.73468
0.70238
0.65914
0.61558
0.58346
0.55855
0.54533
0.53503
0.56522
0.60711
0.54951
0.47237
0.46376
0.45407
0.42213
0.40363
0.42857
0.45133
0.45111
0.4322
0.43612
0.41344
0.41454
0.44131
0.48517
0.44638
0.4186
0.37937
0.3907
0.38378
0.39028
0.38642
0.36584
0.34836
0.3412
0.3327
0.34335
0.36546
0.40165
0.38723
0.37144
0.38014
0.39339
0.39285
0.41206
0.41034
0.41591
0.43156
0.46612
0.51914
0.59189
0.61396
0.60774
0.56178
0.53063
0.56392
0.6915
0.62926
0.5891
0.602
0.64979
0.57336
0.53423
0.4927
0.4629
0.47803
0.55783
0.70053
0.72332
0.63035
0.59142
0.59237
0.55231
0.52275
0.49817
0.44539
0.38994
0.36989
0.39428
0.41751
0.44713
0.47065
0.46815
0.47289
0.46578
0.43644
0.40065
0.39097
0.4144
0.44635
0.45156
0.4335
0.40735
0.39738
0.39765
0.39896
0.39733
0.40907
0.42167
0.39006
0.3325
0.30397
0.27769
0.24301
0.22336
0.2248
0.21717
0.20855
0.21221
0.23229
0.2373
0.25412
0.29574
0.30628
0.31357
0.31896
0.31156
0.33337
0.33896
0.31852
0.30418
0.30153
0.27657
0.25578
0.25084
0.24745
0.2477
0.25181
0.25892
0.28554
0.33357
0.38454
0.40682
0.41312
0.38378
0.36054
0.34862
0.35037
0.36464
0.52758
0.57493
0.52109
0.49971
0.50338
0.4306
0.36351
0.32424
0.29218
0.28099
0.28553
0.28613
0.28836
0.29277
0.31674
0.34354
0.36617
0.42514
0.36254
0.37307
0.40749
0.40215
0.37811
0.34911
0.3302
0.31105
0.28931
0.33691
0.39775
0.36846
0.4453
0.47148
0.54326
0.57361
0.61759
0.59236
0.58175
0.68838
0.67027
0.60144
0.50962
0.38957
0.49935
0.40357
0.30431
0.41551
0.66974
0.92579
0.85545
0.78148
0.74653
0.79188
0.82978
0.81723
0.80383
0.76502
0.74052
0.67777
0.74808
0.78493
0.75948
0.78468
0.89139
0.82395
0.75529
0.7278
0.68868
0.68718
0.65103
0.56919
0.50071
0.47236
0.46847
0.54199
0.5646
0.5846
0.59237
0.61757
0.56183
0.50437
0.40696
0.39918
0.40239
0.45025
0.57108
0.57388
0.59723
0.5439
0.49136
0.43835
0.39622
0.36566
0.34393
0.32427
0.31631
0.33298
0.35332
0.41278
0.4212
0.44209
0.45083
0.45273
0.43942
0.42534
0.42089
0.40443
0.38721
0.39407
0.38163
0.40786
0.4296
0.5013
0.50563
0.52403
0.57131
0.61304
0.99808
0.95239
0.97219
0.97361
0.96788
0.82074
0.84318
0.78709
0.79407
0.93755
0.93901
0.92771
0.91842
0.92848
0.94899
0.94141
0.94945
0.94479
0.94668
0.94197
0.94714
0.92799
0.94465
0.94664
0.94836
0.94484
0.95574
0.95567
0.95701
0.96473
0.97202
0.94701
0.94353
0.94121
0.68777
0.5229
0.44776
0.44385
0.43165
0.36643
0.33924
0.33363
0.37261
0.44247
0.59953
0.67009
0.56447
0.54269
0.57073
0.61942
0.62099
0.54126
0.49037
0.4496
0.43076
0.41461
0.39378
0.38161
0.39685
0.67449
0.67138
0.65293
0.54894
0.46464
0.43643
0.46829
0.58103
0.69413
0.87936
0.87574
0.89459
0.77726
0.67899
0.60125
0.54629
0.50813
0.55434
0.53779
0.47703
0.41707
0.3744
0.3363
0.3101
0.30461
0.30631
0.319
0.31888
0.31536
0.31172
0.31187
0.334
0.37405
0.38769
0.43083
0.53296
0.55047
0.55822
0.5689
0.60629
0.64979
0.57497
0.50417
0.42597
0.38728
0.36242
0.4067
0.45251
0.47533
0.48782
0.48648
0.49367
0.5128
0.4818
0.42309
0.43353
0.46188
0.76292
0.91636
0.90024
0.41849
0.37777
0.35762
0.35628
0.3606
0.3636
0.37202
0.37519
0.39901
0.53363
0.80522
0.91781
0.93592
0.52446
0.52275
0.61178
0.61339
0.56246
0.55158
0.58183
0.59663
0.7665
0.76023
0.69883
0.59107
0.50507
0.46481
0.72834
0.75837
0.68518
0.62061
0.57081
0.58376
0.62647
0.63343
0.52276
0.51402
0.56929
0.48942
0.46919
0.54724
0.57308
0.58911
0.72963
0.55945
0.40534
0.37003
0.3501
0.36661
0.39989
0.44919
0.49635
0.49214
0.47275
0.45327
0.42507
0.43649
0.42734
0.43022
0.43164
0.41725
0.4057
0.35681
0.34092
0.35779
0.32246
0.25507
0.25583
0.24794
0.26061
0.27032
0.29751
0.30353
0.29123
0.29384
0.2939
0.29495
0.25474
0.26669
0.31838
0.34965
0.34474
0.34999
0.3393
0.33623
0.36137
0.34631
0.33744
0.34484
0.34519
0.34609
0.34916
0.34813
0.35396
0.36944
0.3707
0.37744
0.38424
0.37446
0.35416
0.35377
0.38267
0.42787
0.48313
0.50303
0.52075
0.53849
0.52839
0.4607
0.58484
0.93003
0.96152
0.96243
0.96075
0.95746
0.95269
0.95056
0.94037
0.915
0.71942
0.6358
0.56378
0.51926
0.5034
0.43515
0.40949
0.38701
0.40575
0.42751
0.58059
0.89859
0.77331
0.95633
0.91955
0.96376
0.95575
0.7804
0.87484
0.51652
0.41389
0.48033
0.37551
0.35972
0.39114
0.40007
0.41034
0.78366
0.9201
0.9147
0.9111
0.88394
0.85183
0.79206
0.67655
0.57063
0.49363
0.49976
0.51091
0.67804
0.80613
0.65989
0.5819
0.53535
0.53689
0.46948
0.39866
0.33703
0.30077
0.26589
0.26668
0.28416
0.28406
0.28475
0.30159
0.30603
0.31757
0.39801
0.43059
0.50129
0.62773
0.45009
0.39071
0.3819
0.38453
0.43184
0.56088
0.65824
0.65503
0.57449
0.45048
0.43358
0.58784
0.49961
0.40831
0.40878
0.41033
0.38234
0.36528
0.40885
0.41904
0.42353
0.42047
0.40776
0.44049
0.45412
0.44584
0.42077
0.41835
0.58661
0.43362
0.36611
0.35972
0.362
0.34656
0.33929
0.34752
0.33365
0.32637
0.32681
0.32504
0.35229
0.41136
0.47076
0.64564
0.71887
0.73729
0.72377
0.71829
0.75706
0.74787
0.80753
0.82564
0.82921
0.82224
0.77614
0.71931
0.70598
0.67683
0.68854
0.73582
0.79753
0.81206
0.80907
0.93432
0.99902
0.99299
0.95181
0.87856
0.87357
0.82666
0.80489
0.75798
0.6778
0.68845
0.66168
0.67367
0.62334
0.6339
0.6349
0.5946
0.58193
0.54702
0.53642
0.54757
0.58154
0.55188
0.4363
0.42045
0.442
0.40711
0.41437
0.40588
0.40433
0.39407
0.36665
0.38428
0.3749
0.38263
0.3809
0.35803
0.35164
0.34215
0.33871
0.35496
0.39211
0.44364
0.47431
0.50733
0.41823
0.32907
0.28458
0.25427
0.25092
0.29986
0.36171
0.43144
0.50292
0.56109
0.77208
0.75448
0.89864
0.92049
0.87964
0.87392
0.92267
0.91073
0.76257
0.74338
0.61782
0.54809
0.49762
0.45862
0.42663
0.39293
0.3895
0.38471
0.37361
0.36464
0.35721
0.36643
0.37217
0.38275
0.37775
0.36431
0.37226
0.40275
0.4211
0.43152
0.43393
0.44212
0.45994
0.46538
0.45198
0.42336
0.39518
0.40551
0.44601
0.44452
0.48063
0.5618
0.51842
0.52265
0.5731
0.76218
0.7268
0.6676
0.63035
0.62218
0.68859
0.63237
0.78111
0.73789
0.70658
0.67341
0.64228
0.6631
0.6923
0.7333
0.78938
0.77632
0.83029
0.84191
0.90397
0.86799
0.71315
0.86676
0.73071
0.76398
0.7444
0.63651
0.55048
0.55133
0.5709
0.57715
0.62804
0.63734
0.59627
0.67536
0.84819
0.8605
0.78374
0.78848
0.7878
0.59551
0.58105
0.5376
0.53209
0.4674
0.4394
0.42241
0.40642
0.49652
0.56065
0.59627
0.59939
0.61691
0.62235
0.65497
0.63603
0.57524
0.48154
0.43778
0.45076
0.35293
0.31444
0.30462
0.34812
0.52467
0.4192
0.49681
0.52386
0.63272
0.64666
0.60695
0.59053
0.59972
0.52076
0.47674
0.62433
0.70356
0.7332
0.81122
0.98864
0.96489
0.95443
0.95713
0.71419
0.68722
0.66145
0.66541
0.65855
0.64704
0.64769
0.61081
0.62514
0.61909
0.63073
0.59399
0.50212
0.50648
0.72349
0.88623
0.89221
0.87957
0.88353
0.86951
0.86556
0.8365
0.81356
0.74173
0.72533
0.75003
0.72763
0.72932
0.71922
0.69494
0.48658
0.46471
0.53842
0.57913
0.59873
0.53577
0.50368
0.50889
0.5555
0.41309
0.50554
0.48392
0.46683
0.4658
0.53177
0.63121
0.59154
0.49388
0.46279
0.41649
0.38378
0.34887
0.35648
0.37685
0.38405
0.38874
0.40023
0.36709
0.3295
0.38184
0.36485
0.39687
0.40948
0.37755
0.35817
0.35968
0.32554
0.29894
0.30141
0.29952
0.31896
0.33626
0.32799
0.32202
0.31907
0.3173
0.33615
0.35203
0.36099
0.41439
0.48518
0.88939
0.90436
0.91187
0.91389
0.91741
0.90961
0.83621
0.59546
0.46287
0.4395
0.43405
0.35431
0.37989
0.36007
0.34336
0.38568
0.36933
0.36031
0.38528
0.45662
0.51286
0.56138
0.62701
0.84179
0.866
0.88141
0.88151
0.86871
0.82141
0.6615
0.57884
0.57048
0.54427
0.45275
0.35646
0.29256
0.2991
0.34502
0.37624
0.41969
0.40198
0.38735
0.42473
0.43628
0.51349
0.40792
0.36701
0.34608
0.34602
0.32965
0.3297
0.32274
0.3268
0.31768
0.31509
0.32569
0.32014
0.30998
0.31136
0.29553
0.28911
0.29819
0.29738
0.30918
0.30783
0.30816
0.30998
0.32289
0.34471
0.32616
0.31486
0.31258
0.30832
0.30645
0.28701
0.26713
0.2644
0.28499
0.32205
0.36946
0.40299
0.43817
0.48109
0.50471
0.51769
0.51249
0.4865
0.45264
0.43279
0.42517
0.42781
0.45394
0.5107
0.50014
0.41862
0.30333
0.37446
0.41076
0.55095
0.47905
0.45317
0.33956
0.35566
0.51764
0.50578
0.90187
0.88851
0.85132
0.86544
0.86016
0.717
0.70105
0.61174
0.58227
0.51709
0.83271
0.83095
0.58803
0.62164
0.54026
0.46025
0.41478
0.33737
0.32495
0.37196
0.3788
0.36552
0.41394
0.41339
0.4326
0.40446
0.76811
0.78799
0.80224
0.79277
0.73821
0.5665
0.56451
0.52459
0.43044
0.66957
0.60161
0.50985
