0.41037
0.41642
0.4161
0.416
0.40752
0.40464
0.39064
0.40463
0.41583
0.44943
0.45025
0.50873
0.53545
0.52372
0.51015
0.4978
0.50748
0.4958
0.47339
0.48013
0.46861
0.49126
0.50353
0.51899
0.51234
0.54658
0.56059
0.54597
0.53637
0.53631
0.53929
0.54013
0.52008
0.43048
0.41342
0.41235
0.37292
0.47808
0.52916
0.58798
0.49212
0.39452
0.38161
0.40497
0.42207
0.44275
0.49432
0.52071
0.5505
0.56079
0.53313
0.60002
0.46179
0.43619
0.4231
0.42981
0.48068
0.49105
0.64074
0.63369
0.7267
0.72808
0.73225
0.71344
0.7584
0.86423
0.85778
0.86471
0.85815
0.85716
0.85277
0.84333
0.85222
0.82667
0.77575
0.7459
0.72922
0.72481
0.67332
0.59114
0.44448
0.40189
0.4276
0.4206
0.44354
0.47821
0.56151
0.61366
0.59493
0.60089
0.58529
0.58154
0.58921
0.5468
0.52247
0.49653
0.49777
0.48496
0.47213
0.47293
0.48487
0.48063
0.48563
0.61468
0.5571
0.57836
0.72889
0.61718
0.79497
0.78869
0.52659
0.45194
0.41954
0.38532
0.33704
0.38547
0.42531
0.41735
0.2837
0.26686
0.20839
0.21588
0.2362
0.23971
0.28421
0.34574
0.27899
0.24378
0.24369
0.26111
0.26094
0.28825
0.44754
0.49788
0.51817
0.62315
0.74514
0.7288
0.70448
0.70167
0.69898
0.67695
0.61294
0.6733
0.55988
0.75464
0.75328
0.75421
0.71028
0.69499
0.66793
0.67256
0.54226
0.42999
0.34708
0.3951
0.39783
0.44134
0.35799
0.29523
0.26908
0.26452
0.23535
0.23553
0.21796
0.21067
0.20127
0.22689
0.21424
0.21453
0.22904
0.26156
0.24345
0.29165
0.27501
0.26276
0.22222
0.22871
0.33072
0.32998
0.33357
0.36997
0.41843
0.44217
0.2807
0.34317
0.39698
0.39181
0.37988
0.36875
0.38101
0.38502
0.43862
0.42335
0.50034
0.38719
0.34257
0.33626
0.32023
0.28875
0.27896
0.27107
0.27864
0.31402
0.34127
0.35069
0.36785
0.35925
0.36109
0.37295
0.36771
0.38102
0.3666
0.3483
0.3612
0.34468
0.31584
0.28049
0.38225
0.40196
0.37126
0.36238
0.37944
0.38486
0.37597
0.38729
0.40017
0.41622
0.43235
0.4266
0.39522
0.44547
0.48191
0.474
0.46917
0.47546
0.47023
0.50926
0.79303
0.8168
0.75848
0.63833
0.65456
0.57668
0.53367
0.50548
0.4946
0.48009
0.4522
0.41383
0.39951
0.39129
0.38029
0.38405
0.39134
0.39912
0.40312
0.39436
0.39743
0.36275
0.36347
0.36454
0.34283
0.34242
0.36749
0.36226
0.3801
0.38883
0.36637
0.38383
0.39284
0.38055
0.38197
0.38061
0.38385
0.40592
0.40588
0.40297
0.39653
0.45847
0.44502
0.45389
0.41111
0.40502
0.4086
0.40915
0.40064
0.3656
0.34768
0.34409
0.35158
0.36581
0.36398
0.36977
0.34828
0.3515
0.35429
0.33361
0.34422
0.3455
0.35506
0.3116
0.29539
0.28156
0.2964
0.32294
0.32349
0.29921
0.3179
0.35858
0.36258
0.36103
0.33553
0.33993
0.34757
0.34878
0.35833
0.35446
0.34831
0.34968
0.35715
0.34953
0.37922
0.37523
0.3288
0.33821
0.33036
0.31602
0.3397
0.32617
0.32296
0.32257
0.32451
0.33086
0.33063
0.33889
0.34316
0.36011
0.3545
0.37127
0.36804
0.35035
0.33149
0.32438
0.35396
0.34486
0.34054
0.39137
0.52194
0.42256
0.39966
0.39731
0.40327
0.4076
0.40963
0.40443
0.40404
0.4025
0.39066
0.38467
0.37892
0.37491
0.37616
0.37877
0.4009
0.41227
0.44964
0.4685
0.48063
0.47371
0.83599
0.84715
0.85114
0.84726
0.65834
0.58266
0.69438
0.54115
0.49798
0.53413
0.50167
0.47323
0.84799
0.83173
0.82874
0.80586
0.54795
0.50541
0.48727
0.48181
0.52592
0.51198
0.54932
0.59933
0.84434
0.55486
0.49991
0.48722
0.48145
0.47538
0.51162
0.51176
0.49494
0.78669
0.79154
0.79386
0.73811
0.75404
0.74024
0.54611
0.45731
0.39409
0.35938
0.33323
0.28483
0.24738
0.24152
0.2451
0.23468
0.22094
0.21904
0.20766
0.24831
0.34257
0.41475
0.47395
0.52219
0.57791
0.59656
0.59029
0.6067
0.6084
0.58679
0.55397
0.50308
0.47303
0.46312
0.50134
0.48988
0.49077
0.49153
0.46937
0.46292
0.45172
0.44094
0.42397
0.42435
0.4639
0.46809
0.48202
0.4925
0.48862
0.49747
0.62089
0.63324
0.58084
0.48872
0.45259
0.44185
0.45991
0.53689
0.43807
0.59126
0.61732
0.58644
0.56238
0.55204
0.54197
0.47202
0.45164
0.47097
0.48578
0.51775
0.52275
0.81728
0.79304
0.45522
0.41785
0.41246
0.41854
0.43075
0.46275
0.50978
0.51942
0.45525
0.42701
0.39752
0.36466
0.34002
0.32864
0.32693
0.32218
0.34557
0.38055
0.40175
0.41745
0.78238
0.73633
0.74686
0.79127
0.78551
0.71951
0.67918
0.74096
0.42726
0.39459
0.33245
0.4217
0.50297
0.46481
0.38876
0.26305
0.27276
0.2745
0.30723
0.31936
0.33725
0.35382
0.33785
0.36652
0.33309
0.28753
0.25503
0.25145
0.27506
0.32008
0.29328
0.30048
0.32447
0.33675
0.34893
0.36114
0.37563
0.38213
0.34543
0.32305
0.3086
0.3066
0.31022
0.32003
0.34913
0.37011
0.33502
0.30385
0.28662
0.27004
0.29084
0.35419
0.50582
0.54967
0.62731
0.67056
0.67282
0.66265
0.73389
0.75588
0.68564
0.65736
0.6122
0.60359
0.54979
0.52879
0.48977
0.45505
0.41745
0.39925
0.38851
0.37871
0.38133
0.37463
0.36309
0.35517
0.36637
0.38124
0.36854
0.38215
0.37778
0.33149
0.31812
0.32452
0.32464
0.3293
0.3208
0.32201
0.322
0.33452
0.33739
0.35267
0.38969
0.38668
0.36408
0.33529
0.3568
0.38873
0.42618
0.45887
0.48585
0.52174
0.43993
0.34057
0.35922
0.34269
0.35545
0.34335
0.33133
0.3751
0.34937
0.38936
0.28393
0.29104
0.38403
0.41741
0.87087
0.91552
0.90129
0.64828
0.54106
0.44263
0.37473
0.32159
0.31851
0.33609
0.32884
0.31402
0.31314
0.3283
0.37365
0.52264
0.58902
0.56636
0.55448
0.5206
0.56717
0.61512
0.64668
0.59824
0.64146
0.65819
0.67289
0.72263
0.77194
0.72045
0.7273
0.69331
0.56323
0.52427
0.51515
0.51781
0.5206
0.47938
0.40762
0.41321
0.55282
0.61897
0.6652
0.7004
0.65438
0.61873
0.57955
0.5835
0.54772
0.85798
0.8201
0.81386
0.71066
0.52599
0.47176
0.4701
0.44328
0.53786
0.60798
0.66077
0.85003
0.85097
0.73948
0.62072
0.50132
0.48509
0.67064
0.78577
0.84656
0.80303
0.70514
0.67897
0.91989
0.86679
0.85786
0.7253
0.70379
0.74382
0.71964
0.6381
0.40463
0.38981
0.40089
0.38637
0.30345
0.26612
0.26537
0.24261
0.26774
0.28446
0.30553
0.2704
0.20887
0.19211
0.2182
0.2603
0.25369
0.25655
0.3422
0.31612
0.36889
0.34109
0.31092
0.30159
0.30823
0.3056
0.31886
0.32669
0.33667
0.33246
0.31066
0.30119
0.29082
0.31196
0.31824
0.29828
0.27688
0.25839
0.30782
0.37519
0.42356
0.40592
0.35266
0.34966
0.35738
0.37442
0.37182
0.35978
0.3858
0.37346
0.34814
0.31165
0.32297
0.33268
0.34983
0.40449
0.43696
0.45057
0.4826
0.54656
0.55457
0.55025
0.55227
0.55091
0.48845
0.43209
0.38702
0.37339
0.35935
0.42232
0.60997
0.62498
0.56028
0.66395
0.74525
0.88449
0.8659
0.8599
0.83563
0.80031
0.66657
0.61127
0.57772
0.67818
0.6929
0.41093
0.38899
0.38108
0.34973
0.30178
0.3017
0.31203
0.27933
0.2785
0.29809
0.32343
0.31297
0.26971
0.31874
0.28904
0.65388
0.70748
0.64613
0.55313
0.48921
0.47018
0.5284
0.63779
0.6096
0.57007
0.52774
0.49589
0.47985
0.501
0.64664
0.66689
0.58501
0.60151
0.66911
0.63618
0.55472
0.50668
0.47771
0.50819
0.5175
0.62433
0.64406
0.56483
0.49225
0.47491
0.44727
0.37812
0.4012
0.41699
0.45919
0.50446
0.55603
0.57237
0.75244
0.74218
0.8368
0.81487
0.81045
0.81944
0.794
0.79088
0.7925
0.78483
0.75519
0.74585
0.7318
0.67798
0.50443
0.47471
0.46978
0.51752
0.60098
0.65347
0.64083
0.53987
0.44628
0.46061
0.50759
0.57291
0.61817
0.64764
0.6491
0.56724
0.50537
0.5153
0.55574
0.61611
0.61776
0.59211
0.57039
0.51192
0.78744
0.57606
0.58622
0.65098
0.72446
0.91627
0.78455
0.71051
0.5045
0.53965
0.56176
0.69773
0.77132
0.81219
0.82931
0.78171
0.80574
0.65693
0.58677
0.64996
0.75531
0.76266
0.77276
0.72534
0.60908
0.51779
0.44948
0.42896
0.43826
0.44628
0.42048
0.39833
0.34767
0.33851
0.37115
0.40034
0.47398
0.47237
0.65939
0.64439
0.50029
0.4607
0.46052
0.80866
0.77745
0.71485
0.62544
0.47133
0.39682
0.4516
0.47725
0.44075
0.51182
0.58144
0.53768
0.47892
0.44253
0.41338
0.38253
0.3614
0.56586
0.40198
0.51538
0.65904
0.39878
0.32742
0.32172
0.33035
0.35011
0.3306
0.32964
0.31882
0.31102
0.28804
0.33207
0.74819
0.95167
0.8132
0.63441
0.6006
0.5502
0.50892
0.53876
0.75618
0.89388
0.9324
0.86609
0.77715
0.52498
0.46123
0.47416
0.76217
0.95985
0.67883
0.42891
0.45013
0.42875
0.42748
0.43899
0.70454
0.4791
0.45358
0.41222
0.33771
0.30927
0.33886
0.47685
0.59507
0.55282
0.54228
0.53532
0.43002
0.38159
0.35851
0.35569
0.36858
0.45562
0.52413
0.53542
0.45909
0.37715
0.40907
0.35337
0.34811
0.34432
0.36141
0.36223
0.35518
0.33663
0.30828
0.33669
0.43051
0.4181
0.60682
0.56055
0.49935
0.4349
0.38267
0.38056
0.54385
0.69971
0.79514
0.79643
0.64532
0.55296
0.46539
0.433
0.45712
0.44012
0.41704
0.3513
0.53574
0.67436
0.44882
0.36826
0.42943
0.45392
0.49176
0.49934
0.46476
0.5138
0.51583
0.48181
0.49899
0.58408
0.82218
0.49471
0.43902
0.46396
0.67648
0.80346
0.68671
0.91863
0.68082
0.49635
0.46525
0.47465
0.40289
0.36716
0.3633
0.33496
0.32406
0.31199
0.31048
0.27417
0.29269
0.31588
0.3841
0.59837
0.70596
0.73221
0.7625
0.81885
0.73063
0.6029
0.6299
0.76468
0.84065
0.82196
0.74083
0.7612
0.58752
0.41551
0.453
0.58866
0.49645
0.41148
0.37327
0.33348
0.3105
0.30741
0.35439
0.36109
0.36455
0.33201
0.31248
0.2961
0.26985
0.30043
0.36828
0.38611
0.39901
0.41573
0.35482
0.30448
0.3201
0.29364
0.36299
0.4552
0.5424
0.48258
0.3873
0.35243
0.34247
0.327
0.4133
0.67627
0.69106
0.60652
0.53346
0.43565
0.37331
0.39984
0.43603
0.55851
0.71418
0.7167
0.5453
0.45729
0.41502
0.39095
0.42279
0.53844
0.61861
0.46752
0.34707
0.33752
0.32037
0.35149
0.39552
0.36008
0.35633
0.36303
0.30592
0.30947
0.31603
0.31419
0.33059
0.35964
0.35812
0.34742
0.32041
0.30902
0.29573
0.31454
0.34606
0.34526
0.34756
0.35298
0.31939
0.28977
0.30308
0.31614
0.3327
0.37632
0.38648
0.35752
0.31207
0.27542
0.23113
0.21417
0.21774
0.46584
0.4777
0.48729
0.41493
0.35509
0.28557
0.28121
0.29018
0.42597
0.5256
0.53365
0.41382
0.37212
0.31824
0.29859
0.3556
0.38931
0.48463
0.47377
0.4373
0.39854
0.3588
0.33366
0.3693
0.46108
0.53565
0.53646
0.44161
0.34977
0.33374
0.33259
0.36364
0.42969
0.45423
0.42839
0.38303
0.31423
0.28315
0.29443
0.31047
0.36795
0.47571
0.48865
0.39272
0.37429
0.32131
0.31516
0.36128
0.43098
0.42709
0.3813
0.29541
0.25327
0.35792
0.46754
0.59851
0.61405
0.69733
0.67615
0.5497
0.49247
0.46573
0.48932
0.49574
0.53257
0.59112
0.52313
0.45873
0.45354
0.38198
0.33183
0.47484
0.5481
0.59766
0.67881
0.68437
0.50278
0.43891
0.41945
0.3878
0.43306
0.46651
0.49673
0.39038
0.3224
0.29941
0.27753
0.32532
0.37565
0.46712
0.497
0.43886
0.41141
0.39608
0.32823
0.36808
0.40783
0.49534
0.7184
0.73221
0.65698
0.5717
0.52196
0.49918
0.55238
0.59108
0.57503
0.51102
0.45617
0.44998
0.44112
0.39876
0.50389
0.54174
0.5512
0.68731
0.70989
0.50559
0.42414
0.48789
0.46231
0.50947
0.54146
0.50913
0.44762
0.36988
0.38693
0.41118
0.42395
0.48646
0.46153
0.42936
0.3633
0.30011
0.28417
0.27092
0.27641
0.32504
0.3217
0.39627
0.32751
0.27435
0.30316
0.34663
0.37677
0.37445
0.43256
0.399
0.35925
0.29963
0.26566
0.28175
0.30965
0.4022
0.42157
0.41356
0.35094
0.29159
0.29197
0.34143
0.38451
0.3503
0.32211
0.28831
0.2775
0.28007
0.29082
0.28138
0.32007
0.37101
0.40921
0.36521
0.313
0.28194
0.31583
0.31665
0.35906
0.37137
0.38808
0.36743
0.32222
0.35989
0.37484
0.42579
0.34611
0.45133
0.51493
0.49101
0.61685
0.61881
0.55627
0.72568
0.75141
0.61368
0.57316
0.466
0.44569
0.38255
0.41454
0.64606
0.77166
0.93798
0.99801
0.91643
0.93806
0.96339
0.80183
0.75969
1.0008
0.99778
0.99722
0.99899
0.83381
0.70428
0.5932
0.68074
0.82913
0.81862
0.80883
0.65478
0.51124
0.41156
0.39822
0.41939
0.40992
0.42091
0.49063
0.47613
0.43067
0.42002
0.45597
0.45544
0.46199
0.52103
0.51541
0.49306
0.44341
0.57173
0.47337
0.52853
0.59215
0.67919
0.56891
0.43395
0.39211
0.38365
0.61096
0.80845
0.86129
0.87094
0.81624
0.65468
0.46051
0.47935
0.55535
0.56029
0.67394
0.70533
0.72111
0.63095
0.55591
0.52252
0.44766
0.44428
0.49674
0.49793
0.49909
0.44132
0.37676
0.3368
0.31214
0.36322
0.58193
0.62494
0.53103
0.45131
0.53728
0.77171
0.76089
0.73687
0.76706
0.76295
0.69763
0.6428
0.73058
0.67888
0.65231
0.74052
0.99927
0.98818
0.98161
1.0009
0.94091
0.69334
0.56666
0.54695
0.62814
0.72787
0.6779
0.715
0.82121
0.66118
0.81959
0.83116
0.76889
0.84773
0.76968
0.72444
0.68492
0.67642
0.77527
0.82712
0.82852
0.96997
1.0012
0.99747
1.0002
0.98205
0.9208
0.92903
0.92101
0.97099
0.99847
0.99797
0.99143
0.80924
0.66098
0.66202
0.67646
0.62286
0.55991
0.47894
0.44462
0.44783
0.49801
0.46883
0.4517
0.43467
0.44799
0.45814
0.45128
0.43066
0.41322
0.41085
0.43047
0.51085
0.48718
0.45908
0.46373
0.44083
0.42607
0.40756
0.41819
0.42981
0.528
0.47957
0.44329
0.45955
0.4992
0.5362
0.58388
0.61022
0.6255
0.56532
0.51084
0.47206
0.47407
0.47848
0.46338
0.51421
0.59902
0.50762
0.47239
0.44016
0.43047
0.43342
0.5346
0.62571
0.63644
0.56266
0.54897
0.51492
0.51066
0.52166
0.5572
0.57946
0.63432
0.61152
0.51687
0.5724
0.56243
0.49099
0.50858
0.54795
0.53949
0.47605
0.43234
0.41545
0.43144
0.47255
0.50313
0.51126
0.48487
0.41142
0.37447
0.35923
0.35653
0.38655
0.44706
0.56543
0.57789
0.49811
0.4356
0.40231
0.40452
0.38125
0.37335
0.44357
0.42193
0.33751
0.32724
0.34824
0.35533
0.38043
0.38923
0.41423
0.43392
0.38196
0.33399
0.30108
0.29475
0.31162
0.34106
0.3543
0.41322
0.42586
0.4063
0.3962
0.37905
0.42317
0.52902
0.57565
0.60891
0.56581
0.49495
0.43316
0.38757
0.40526
0.45044
0.5284
0.5415
0.51035
0.45892
0.42201
0.40887
0.44619
0.50839
0.60479
0.62893
0.57654
0.51071
0.46441
0.47432
0.436
0.49104
0.60999
0.73934
0.68077
0.50963
0.41734
0.38358
0.38793
0.44831
0.54536
0.51761
0.52344
0.45653
0.41472
0.45977
0.53197
0.64308
0.7142
0.74995
0.6866
0.55948
0.51475
0.46122
0.40273
0.3889
0.40474
0.47144
0.44515
0.43346
0.40794
0.43624
0.68443
0.74445
0.77631
0.78242
0.74203
0.65144
0.605
0.54274
0.55068
0.62573
0.69864
0.7453
0.71897
0.60851
0.47617
0.41411
0.39042
0.53831
0.64818
0.67387
0.48062
0.43525
0.41694
0.38981
0.38214
0.39612
0.3965
0.42325
0.41052
0.38574
0.36178
0.3576
0.38097
0.38848
0.42517
0.48843
0.5179
0.42637
0.39115
0.36381
0.3649
0.4349
0.49818
0.64284
0.59456
0.50395
0.46228
0.44114
0.69874
0.69065
0.58525
0.56491
0.48198
0.40971
0.36878
0.32203
0.34114
0.38015
0.40185
0.46212
0.4496
0.39986
0.35757
0.3228
0.3284
0.32493
0.33164
0.34008
0.36076
0.32281
0.31888
0.34175
0.35496
0.39212
0.50415
0.51957
0.44166
0.37746
0.34738
0.34281
0.37568
0.40065
0.5263
0.48791
0.46641
0.40947
0.35607
0.33713
0.35788
0.36955
0.41596
0.50813
0.44339
0.37889
0.34144
0.34781
0.39601
0.45993
0.54205
0.54562
0.45439
0.42094
0.40739
0.39701
0.4332
0.45868
0.49264
0.53847
0.47023
0.40162
0.36035
0.35065
0.37667
0.446
0.51105
0.5255
0.45498
0.3881
0.38712
0.37612
0.38029
0.39023
0.41325
0.45297
0.43491
0.39321
0.33724
0.3579
0.39327
0.42243
0.43047
0.44228
0.44553
0.49741
0.48549
0.49499
0.55555
0.60447
0.61607
0.61021
0.55417
0.49291
0.45469
0.43436
0.43223
0.44732
0.49361
0.55018
0.44113
0.35004
0.34766
0.34382
0.39274
0.42264
0.52667
0.49002
0.43297
0.51448
0.5139
0.52684
0.53124
0.65042
0.7956
0.85397
0.83926
0.69307
0.58974
0.53775
0.53127
0.62937
0.68093
0.69875
0.63463
0.58629
0.53203
0.47498
0.47723
0.47338
0.49483
0.49138
0.48675
0.40805
0.34799
0.33967
0.36189
0.37936
0.39451
0.40795
0.4201
0.39382
0.52252
0.78396
0.90022
0.95094
0.96518
0.97681
0.95733
0.8991
0.93214
0.93401
0.91743
0.82064
0.88093
0.87047
0.84267
0.84357
0.74354
0.90769
0.92713
0.95852
0.96801
0.89361
0.78228
0.75002
0.54876
0.46281
0.42513
0.41538
0.31146
0.32221
0.31864
0.31058
0.3007
0.29037
0.3048
0.31823
0.36227
0.37228
0.37707
0.36314
0.34647
0.35097
0.35983
0.34968
0.32493
0.31514
0.33156
0.31019
0.27883
0.3009
0.37372
0.39958
0.36303
0.34857
0.36781
0.35134
0.34594
0.35509
0.3724
0.41582
0.40727
0.40011
0.38765
0.38687
0.37859
0.38397
0.41006
0.43528
0.52916
0.54085
0.44881
0.37103
0.3296
0.33733
0.35205
0.37349
0.35871
0.34864
0.33017
0.32438
0.3233
0.33125
0.35719
0.39675
0.45222
0.48556
0.50913
0.51954
0.48431
0.49438
0.70524
0.83018
0.73448
0.67705
0.62831
0.537
0.46952
0.4852
0.59069
0.81524
0.8763
0.82428
0.73618
0.64097
0.49966
0.44836
0.54211
0.68157
0.67473
0.66121
0.58059
0.49762
0.43975
0.42473
0.40988
0.37938
0.36381
0.40145
0.47108
0.46129
0.46575
0.49971
0.55503
0.5842
0.67192
0.6897
0.71942
0.50969
0.41053
0.40772
0.43626
0.61191
0.71963
0.82417
0.83161
0.68632
0.59121
0.57428
0.60691
0.66361
0.64572
0.68089
0.57755
0.52882
0.45356
0.47352
0.60828
0.54569
0.43483
0.50022
0.55216
0.48116
0.4421
0.48137
0.46536
0.3519
0.33427
0.33655
0.39741
0.34538
0.32963
0.3362
0.33987
0.38884
0.55825
0.42091
0.44545
0.4171
0.35972
0.33414
0.34114
0.38016
0.33513
0.33611
0.45097
0.31894
0.53338
0.48099
0.55226
0.64626
0.7503
0.74647
0.79732
0.80188
0.80912
0.96156
0.97602
0.98498
0.99712
1.0008
0.96553
0.93799
0.86415
0.78528
0.74887
0.7877
0.80235
0.80707
0.7658
0.65533
0.57344
0.64598
0.64831
0.86091
0.85499
0.91357
0.86895
0.79376
0.81944
0.81896
0.97972
0.96785
0.96124
0.91368
0.55079
0.45901
0.3557
0.37219
0.4145
0.45452
0.51881
0.5325
0.50363
0.56611
0.54996
0.60092
0.67825
0.69861
0.76071
0.82682
0.83082
0.83244
0.74338
0.72872
0.6963
0.74649
0.72819
0.68269
0.76348
0.70792
0.67071
0.66498
0.7664
0.84412
0.81025
0.87805
0.84856
0.86756
0.86411
0.84161
0.76536
0.69342
0.54528
0.50609
0.49108
0.47944
0.46572
0.48887
0.47474
0.45174
0.40455
0.37842
0.36598
0.38789
0.45499
0.49502
0.96931
0.71141
0.70985
0.96343
0.96656
0.90695
0.90788
0.81342
0.86304
0.93984
0.84966
0.9597
0.96201
0.8378
0.6562
0.56755
0.73867
0.66856
0.5981
0.75536
0.88648
0.87634
0.86211
0.83669
0.86581
0.89571
0.9098
0.86134
0.58833
0.92529
0.9545
0.9471
0.94218
0.94649
0.94332
0.80581
0.62942
0.56678
0.57549
0.57031
0.53436
0.51055
0.54161
0.64943
0.64964
0.63922
0.61054
0.64104
0.70495
0.72728
0.71172
0.68042
0.66179
0.57776
0.54263
0.59011
0.64127
0.69489
0.66353
0.64806
0.64495
0.61803
0.60268
0.6707
0.75589
0.88077
0.87218
0.85521
0.83555
0.81391
0.79442
0.785
0.85308
0.83488
0.76246
0.71558
0.70183
0.69036
0.62074
0.60441
0.55625
0.5155
0.43378
0.37952
0.34562
0.34356
0.35698
0.36346
0.46372
0.76206
0.77817
0.85438
0.83083
0.83135
0.81831
0.95238
0.93338
0.83432
0.6951
0.50716
0.46115
0.52906
0.95212
0.95498
0.87652
0.91085
0.89953
0.9127
0.92176
0.92435
0.88658
0.77892
0.75277
0.71338
0.59939
0.53644
0.4652
0.43948
0.42393
0.38886
0.34585
0.32878
0.30643
0.29883
0.28312
0.29879
0.32399
0.29891
0.36845
0.39056
0.41281
0.40379
0.35813
0.38797
0.40687
0.31294
0.23535
0.25246
0.28309
0.28398
0.29346
0.32797
0.33787
0.38696
0.45095
0.46411
0.40173
0.36934
0.354
0.3628
0.35368
0.32972
0.32024
0.33254
0.37327
0.39446
0.40511
0.37934
0.37283
0.36125
0.34991
0.34245
0.32797
0.30829
0.30616
0.33346
0.34977
0.34895
0.33386
0.33627
0.34929
0.37516
0.49931
0.5192
0.5797
0.64061
0.79195
0.7644
0.71703
0.59741
0.55737
0.47388
0.44711
0.4929
0.94834
0.89476
0.69309
0.64686
0.56742
0.44816
0.34066
0.35087
0.37957
0.33899
0.36617
0.38712
0.41036
0.40643
0.44392
0.93541
0.98527
0.96952
0.96981
0.59546
0.59124
0.56569
0.56625
0.56357
0.60652
0.61787
0.64648
0.66998
0.6919
0.64763
0.58663
0.60834
0.5958
0.59866
0.58871
0.58805
0.5967
0.69833
0.95087
0.8783
0.74046
0.77231
0.71505
0.71108
0.89996
0.86706
0.72167
0.95831
0.94686
0.9415
0.9038
0.90575
0.80821
0.62203
0.63981
0.58409
0.46303
0.42246
0.41898
0.42249
0.44488
0.4552
0.47121
0.50679
0.53483
0.58151
0.63278
0.6776
0.64429
0.59159
0.48687
0.47535
0.533
0.49913
0.50625
0.49478
0.6035
0.63159
0.95228
0.946
0.91728
0.85414
0.81065
0.71495
0.7244
0.63401
0.61957
0.62058
0.6438
0.76725
0.7258
0.65742
0.60402
0.4861
0.5102
0.55466
0.53743
0.50198
0.41289
0.39023
0.3778
0.35912
0.35867
0.36031
0.39846
0.42471
0.46709
0.46992
0.95805
0.96803
0.87437
0.86101
0.86238
0.84647
0.74419
0.74597
0.6714
0.65425
0.61669
0.60172
0.56102
0.58921
0.67113
0.62498
0.67353
0.85418
0.89183
0.89696
0.90633
0.90739
0.90996
0.88176
0.83841
0.82214
0.7842
0.7268
0.4928
0.50561
0.49409
0.44916
0.42732
0.45337
0.59449
0.90456
0.90119
0.91367
0.86791
0.90986
0.89223
0.90835
0.9133
0.82399
0.82527
0.85261
0.88483
0.90215
0.87363
0.87166
0.67432
0.60426
0.54925
0.47206
0.40315
0.34933
0.34393
0.318
0.32999
0.27161
0.31198
0.3468
0.46623
0.49633
0.45953
0.4603
0.42863
0.42975
0.457
0.49408
0.54056
0.51365
0.67598
0.88328
0.88905
0.88732
0.86684
0.72875
0.60733
0.52073
0.46506
0.3764
0.39113
0.53909
0.64983
0.8896
0.85192
0.75441
0.6288
0.54341
0.43297
0.43267
0.4392
0.44081
0.44413
0.44692
0.46191
0.48136
0.42702
0.48911
0.82414
0.801
0.70806
0.70781
0.56858
0.46082
0.44943
0.41188
0.37053
0.36359
0.35025
0.37622
0.31939
0.26626
0.26389
0.30258
0.27526
0.29
0.28123
0.27754
0.29425
0.28939
0.28601
0.27809
0.2904
0.31553
0.31598
0.32892
0.34409
0.38569
0.41591
0.44019
0.42201
0.38428
0.35151
0.34718
0.35482
0.33554
0.33137
0.31948
0.30553
0.34279
0.43711
0.6145
0.53184
0.57064
0.57322
0.56674
0.47142
0.46439
0.4671
0.45519
0.4374
0.41476
0.40235
0.38291
0.37927
0.40489
0.43648
0.45619
0.47362
0.46973
0.48686
0.52385
0.52969
0.65873
0.7341
0.646
0.57675
0.51489
0.46806
0.44647
0.42265
0.40884
0.3861
0.36602
0.37259
0.55076
0.60004
0.57569
0.53709
0.4836
0.46283
0.50108
0.61348
0.64236
0.57637
0.48421
0.48578
0.46415
0.42853
0.41418
0.41571
0.46312
0.43873
0.40685
0.39016
0.54941
0.63374
0.56977
0.64675
0.41155
0.39051
0.27292
0.30265
0.27638
0.38635
0.39515
0.4064
0.57045
0.59268
0.52289
0.4392
0.38848
0.43488
0.45097
0.4828
0.51182
0.56961
0.54757
0.52556
0.49827
0.5032
0.49336
0.46654
0.43902
0.41515
0.40054
0.41463
0.39912
0.38221
0.37244
0.3865
0.4137
0.48432
0.53412
0.53836
0.54956
0.55754
0.55869
0.54319
0.51539
0.45783
0.39446
0.37068
0.3766
0.36216
0.35762
0.35582
0.36791
0.39288
0.41128
0.42813
0.40777
0.36603
0.30655
0.26053
0.23728
0.23581
0.25261
0.2509
0.23201
0.23041
0.21338
0.19523
0.20715
0.21853
0.21421
0.21354
0.18614
0.15884
0.15025
0.14204
0.13183
0.12244
0.13309
0.18336
0.18716
0.20269
0.18055
0.15443
0.14108
0.15312
0.16635
0.18823
0.20756
0.21951
0.22325
0.20457
0.16769
0.15129
0.17689
0.15824
0.17911
0.2153
0.19327
0.32634
0.45291
0.44239
0.41305
0.3934
0.30601
0.23851
0.26791
0.30314
0.35399
0.36427
0.35846
0.3478
0.37248
0.37212
0.37119
0.33277
0.31148
0.31005
0.34898
0.34129
0.3121
0.3491
0.3488
0.31544
0.3169
0.30099
0.30122
0.30258
0.34228
0.55832
0.6061
0.75499
0.75918
0.77072
0.73859
0.75782
0.73985
0.7441
0.74866
0.74799
0.71955
0.63435
0.59524
0.60986
0.56091
0.39203
0.35736
0.44475
0.45865
0.4011
0.36383
0.31067
0.29014
0.27377
0.2666
0.28968
0.27929
0.3447
0.32003
0.34565
0.36798
0.38074
0.3722
0.33285
0.28688
0.27479
0.27892
0.3129
0.31839
0.35144
0.34038
0.33407
0.34036
0.3234
0.28167
0.24657
0.23679
0.23837
0.25561
0.33586
0.36557
0.59979
0.44329
0.32466
0.32849
0.32951
0.32382
0.32845
0.36636
0.35678
0.40265
0.51817
0.5942
0.56485
0.56001
0.54187
0.51936
0.46456
0.41103
0.31373
0.29128
0.30931
0.52172
0.35898
0.38128
0.6082
0.62063
0.47728
0.37898
0.39112
0.39899
0.38532
0.38221
0.37991
0.38071
0.34029
0.32422
0.28655
0.25927
0.25716
0.26008
0.25061
0.25403
0.27268
0.28716
0.32456
0.33099
0.33323
0.31897
0.29013
0.2496
0.22218
0.20334
0.19079
0.19727
0.27257
0.27374
0.25943
0.25263
0.23164
0.22454
0.23597
0.21629
0.20457
0.3922
0.67217
0.90429
0.8428
0.81444
0.75635
0.65258
0.55751
0.47569
0.42031
0.40475
0.34875
0.35841
0.33295
0.28319
0.30067
0.27562
0.31291
0.32026
0.30932
0.3104
0.31339
0.3116
0.30661
0.31169
0.32126
0.32051
0.323
0.33421
0.34849
0.35258
0.36195
0.37958
0.40777
0.421
0.40518
0.39638
0.50323
0.58462
0.48597
0.52899
0.54901
0.49775
0.46857
0.41854
0.44788
0.48794
0.47407
0.4601
0.46743
0.45495
0.54809
0.56004
0.60456
0.62352
0.61792
0.62368
0.61735
0.56462
0.57945
0.57405
0.54721
0.52398
0.50754
0.40558
0.41149
0.37729
0.40339
0.42451
0.39794
0.37745
0.47927
0.57715
0.60626
0.67677
0.65844
