0.60846
0.88674
0.88133
0.87615
0.86827
0.86008
0.85919
0.85956
0.83199
0.68311
0.54101
0.45234
0.40769
0.48647
0.65117
0.69691
0.78645
0.71241
0.71056
0.6248
0.54516
0.44373
0.46337
0.47971
0.46732
0.4816
0.44362
0.40261
0.37618
0.37854
0.40443
0.57313
0.76997
0.59465
0.51724
0.48773
0.44222
0.37514
0.3341
0.32549
0.34154
0.53015
0.68876
0.53751
0.50548
0.68123
0.85097
0.85322
0.83273
0.83039
0.82133
0.81804
0.61117
0.57213
0.60087
0.67977
0.7151
0.65993
0.63678
0.62713
0.54474
0.5066
0.45536
0.39349
0.34162
0.33061
0.31346
0.27263
0.27286
0.2248
0.25519
0.20646
0.19274
0.19197
0.18711
0.19026
0.18435
0.19317
0.17997
0.203
0.23699
0.26036
0.32049
0.32657
0.35451
0.30343
0.40098
0.45367
0.62347
0.59243
0.52153
0.33334
0.58575
0.60418
0.73339
0.73143
0.71326
0.74625
0.91749
0.81424
0.79057
0.83866
0.87432
0.87136
0.83121
0.71883
0.70867
0.65581
0.56213
0.59568
0.62132
0.94693
0.68017
0.73907
0.56411
0.5682
0.87999
0.72685
0.90437
0.90381
0.89307
0.8885
0.8859
0.88083
0.84047
0.72538
0.66457
0.70011
0.64698
0.64635
0.58157
0.5259
0.48795
0.46427
0.41699
0.59018
0.67754
0.67807
0.78252
0.82261
0.8437
0.86676
0.87983
0.88404
0.88508
0.88119
0.88207
0.87091
0.89634
0.81744
0.67935
0.43937
0.67907
0.80337
0.57233
0.63629
0.66923
0.69216
0.69219
0.70249
0.7254
0.65026
0.46472
0.34992
0.2866
0.37793
0.41108
0.39982
0.5859
0.73413
0.71808
0.6978
0.61894
0.33541
0.41967
0.52089
0.76819
0.68483
0.73722
0.58404
0.62388
0.68878
0.61811
0.72772
0.71213
0.49672
0.48082
0.5908
0.93288
0.9232
0.74074
0.65283
0.63727
0.64461
0.65784
0.66314
0.66158
0.61248
0.67205
0.66754
0.56001
0.55307
0.66328
0.7011
0.6809
0.71035
0.64421
0.59925
0.79064
0.88402
0.86283
0.83268
0.82579
0.8176
0.8072
0.80069
0.7351
0.64605
0.60798
0.43976
0.37572
0.35755
0.35045
0.41114
0.81525
0.84936
0.85899
0.83475
0.76173
0.67603
0.67269
0.65422
0.57323
0.77773
0.75441
0.70151
0.61904
0.80128
0.88512
0.89612
0.84549
0.8273
0.80966
0.79415
0.82945
0.8346
0.83013
0.83251
0.82043
0.72069
0.58257
0.52382
0.46339
0.43326
0.40527
0.38181
0.37537
0.36989
0.3409
0.26454
0.33459
0.43826
0.48812
0.5857
0.58857
0.59405
0.76181
0.56203
0.47042
0.41517
0.34017
0.35457
0.35
0.40215
0.47476
0.48956
0.40939
0.39453
0.42327
0.4542
0.47922
0.51793
0.59246
0.8573
0.85927
0.77866
0.71103
0.6903
0.78402
0.6289
0.50392
0.42642
0.39776
0.44953
0.39395
0.39737
0.41739
0.42297
0.51992
0.55113
0.44136
0.4051
0.41179
0.40595
0.37058
0.38893
0.77728
0.84606
0.48203
0.3866
0.46223
0.65609
0.74572
0.70695
0.61681
0.43125
0.48198
0.50767
0.46836
0.39959
0.36439
0.40479
0.45831
0.46048
0.38446
0.33022
0.49141
0.38775
0.41596
0.41826
0.42535
0.47598
0.51993
0.51612
0.56854
0.60065
0.64416
0.65377
0.81203
0.82057
0.81146
0.70712
0.55642
0.44272
0.38271
0.35212
0.31762
0.37285
0.42082
0.41272
0.38902
0.33896
0.35709
0.38619
0.3852
0.38307
0.48261
0.60593
0.78991
0.80625
0.8057
0.80232
0.7976
0.80606
0.64324
0.51157
0.45999
0.40083
0.36452
0.3734
0.39483
0.41844
0.36084
0.28442
0.33445
0.33651
0.32522
0.3104
0.31341
0.33857
0.33823
0.36547
0.43212
0.5253
0.42044
0.40384
0.39975
0.35624
0.30236
0.30455
0.29427
0.27413
0.24679
0.26834
0.29282
0.30145
0.29455
0.30744
0.33677
0.32299
0.32268
0.31127
0.31686
0.33639
0.35052
0.35542
0.38291
0.44134
0.54836
0.58117
0.58262
0.57719
0.56988
0.55323
0.52452
0.50825
0.48455
0.45064
0.41763
0.42937
0.45684
0.50646
0.65062
0.6743
0.71641
0.69852
0.7821
0.79169
0.78687
0.70695
0.65708
0.61502
0.57638
0.51367
0.4543
0.39088
0.34829
0.31446
0.32661
0.37951
0.42025
0.43795
0.43837
0.41004
0.40647
0.42842
0.48895
0.49811
0.4629
0.41133
0.33139
0.33643
0.32132
0.29198
0.27512
0.24498
0.24512
0.2734
0.32355
0.31727
0.33646
0.36414
0.39134
0.51718
0.57852
0.64142
0.56118
0.5263
0.56437
0.5308
0.54783
0.55675
0.53824
0.87289
0.88218
0.88266
0.87913
0.78516
0.82575
0.85802
0.86373
0.86028
0.85508
0.8486
0.84875
0.84469
0.81292
0.63555
0.59444
0.56814
0.53634
0.46951
0.42958
0.4044
0.8894
0.90247
0.82845
0.76001
0.67891
0.72231
0.85434
0.87287
0.86343
0.81152
0.8005
0.77076
0.75134
0.71899
0.69975
0.6522
0.60495
0.61085
0.55114
0.43804
0.34794
0.26565
0.2201
0.20175
0.18884
0.17743
0.17051
0.20246
0.27146
0.39588
0.56542
0.61594
0.60326
0.60629
0.58298
0.59213
0.65322
0.67266
0.6622
0.65983
0.67679
0.78983
0.82823
0.84858
0.84641
0.81773
0.66229
0.58581
0.53776
0.52233
0.4948
0.45758
0.41094
0.37676
0.41302
0.5561
0.5448
0.53356
0.40421
0.46083
0.38262
0.36125
0.6585
0.59768
0.64549
0.66116
0.64787
0.76262
0.86414
0.85723
0.7259
0.57703
0.5342
0.54277
0.57017
0.58255
0.5694
0.5799
0.60545
0.5516
0.48915
0.55961
0.54735
0.58299
0.61291
0.63
0.57454
0.57032
0.58586
0.55523
0.52068
0.4925
0.46766
0.46926
0.47309
0.50811
0.46877
0.43406
0.47173
0.53084
0.52324
0.49806
0.47647
0.47576
0.43273
0.41077
0.4225
0.42716
0.40457
0.33868
0.31824
0.3252
0.31201
0.31362
0.32714
0.34176
0.51863
0.81331
0.58356
0.51318
0.49579
0.61244
0.61357
0.79616
0.78425
0.7728
0.81289
0.77433
0.61599
0.5198
0.47696
0.46805
0.46001
0.42279
0.44793
0.5466
0.56106
0.55778
0.55255
0.57407
0.53868
0.53634
0.54607
0.55335
0.53583
0.53338
0.54033
0.51186
0.49577
0.57384
0.678
0.64021
0.58754
0.53865
0.46584
0.40327
0.30588
0.23361
0.20363
0.21246
0.2138
0.21904
0.22245
0.22053
0.21999
0.24382
0.3167
0.36284
0.35983
0.46358
0.49122
0.42068
0.30653
0.26672
0.27786
0.2868
0.28756
0.29933
0.27228
0.25588
0.31925
0.33189
0.37045
0.39211
0.37478
0.36177
0.35442
0.37719
0.36265
0.36683
0.38231
0.39069
0.38453
0.41378
0.41868
0.43251
0.49504
0.53207
0.62021
0.60181
0.50677
0.61992
0.69145
0.70204
0.66522
0.6456
0.77683
0.88163
0.78414
0.74996
0.80243
0.77734
0.69268
0.62205
0.60317
0.57898
0.53414
0.48683
0.45802
0.41076
0.33853
0.29615
0.29372
0.30324
0.27319
0.28554
0.39233
0.37792
0.38278
0.34769
0.34161
0.37302
0.93878
0.90271
0.84281
0.84593
0.74122
0.69569
0.75186
0.74101
0.74395
0.73569
0.63122
0.52861
0.45986
0.46256
0.69055
0.99171
0.81683
0.67372
0.58407
0.44401
0.40842
0.40306
0.39847
0.40741
0.40382
0.40871
0.41319
0.41298
0.41742
0.42724
0.4546
0.49161
0.48949
0.53807
0.61016
0.88064
0.91794
0.93313
0.78974
0.67545
0.64509
0.59018
0.52586
0.5315
0.4741
0.44369
0.40102
0.37605
0.35112
0.3408
0.49938
0.48421
0.52387
0.57631
0.40874
0.39277
0.41384
0.50434
0.74301
0.61048
0.60004
0.63653
0.80415
0.96023
0.89775
0.92392
0.80134
0.84544
0.7066
0.82047
0.51647
0.4553
0.53806
0.65339
0.65739
0.58092
0.57749
0.60272
0.58049
0.5528
0.58737
0.91116
0.75144
0.65828
0.6148
0.62726
0.65436
0.63406
0.66894
0.6918
0.6897
0.5845
0.62781
0.79173
0.79069
0.79303
0.83251
0.81447
0.70527
0.71932
0.7329
0.97323
0.89751
0.73555
0.66135
0.70471
0.60333
0.60332
0.62517
0.52346
0.48001
0.47659
0.47463
0.46207
0.45742
0.52178
0.48854
0.47659
0.50536
0.45677
0.52353
0.54277
0.63403
0.50293
0.42139
0.38382
0.3941
0.40673
0.42044
0.51369
0.47804
0.43834
0.49933
0.47738
0.42809
0.42646
0.4259
0.44828
0.40618
0.38751
0.39026
0.39503
0.41376
0.42257
0.40094
0.35796
0.36405
0.34498
0.37404
0.40056
0.41125
0.42866
0.37015
0.41021
0.46685
0.44942
0.45123
0.45507
0.47478
0.49874
0.53468
0.55397
0.58632
0.61008
0.54375
0.52207
0.56373
0.59588
0.58187
0.59869
0.54826
0.55106
0.52479
0.52407
0.52584
0.54421
0.50881
0.46866
0.5278
0.62632
0.60252
0.51913
0.47038
0.4828
0.54998
0.57694
0.56407
0.55031
0.53376
0.48929
0.4823
0.42774
0.50299
0.53858
0.62533
0.60851
0.53468
0.54747
0.5543
0.50419
0.46447
0.5713
0.70905
0.77961
0.77506
0.76822
0.73039
0.61086
0.58374
0.59895
0.64319
0.66149
0.62358
0.70503
0.67535
0.61444
0.6189
0.71408
0.77507
0.80812
0.78425
0.91285
0.89402
0.78234
0.76526
0.81393
0.78432
0.67465
0.6579
0.57032
0.54543
0.45022
0.4996
0.5944
0.49669
0.47326
0.46023
0.50108
0.63735
0.61301
0.53136
0.5648
0.89806
0.98511
0.95183
0.94385
0.91245
0.83625
0.69522
0.72803
0.60697
0.3707
0.49283
0.62981
0.63939
0.64902
0.57231
0.56975
0.7329
0.7767
0.7922
0.76692
0.72928
0.90395
0.98594
0.97961
0.97132
0.89126
0.68545
0.61035
0.47803
0.50419
0.49809
0.61783
0.68784
0.72269
0.73892
0.74141
0.69169
0.61181
0.55361
0.54196
0.73683
0.78902
0.74128
0.7586
0.73146
0.65379
0.58132
0.55332
0.70378
0.74891
0.59106
0.76572
0.64503
0.57711
0.55275
0.54691
0.58242
0.48213
0.55387
0.80367
0.77119
0.94346
0.54597
0.73022
0.65374
0.68497
0.69045
0.58165
0.51676
0.46421
0.43399
0.49257
0.46299
0.3938
0.3608
0.46578
0.37779
0.40248
0.41372
0.506
0.88334
0.83641
0.872
0.92581
0.75112
0.71552
0.64819
0.65169
0.67624
0.70867
0.95797
0.96315
0.55765
0.55143
0.68048
0.53215
0.94717
0.91373
0.8832
0.78828
0.55504
0.5571
0.57866
0.61247
0.71258
0.8676
0.87567
0.82515
0.66617
0.58313
0.5396
0.59559
0.62721
0.56953
0.49961
0.45421
0.42755
0.44283
0.42036
0.40052
0.44636
0.47046
0.44299
0.38023
0.32172
0.28631
0.30454
0.27655
0.23437
0.23716
0.27171
0.33575
0.34858
0.36314
0.36028
0.31636
0.31649
0.35303
0.29513
0.36913
0.52688
0.87847
0.75693
0.85496
0.81887
0.76575
0.79145
0.51213
0.58004
0.56675
0.4637
0.51572
0.67924
0.42895
0.38754
0.44263
0.47129
0.38593
0.38429
0.47234
0.41957
0.43453
0.46591
0.48005
0.4661
0.50245
0.48632
0.49094
0.65423
0.77916
0.83754
0.85657
0.81973
0.71935
0.60072
0.72961
0.86687
0.94314
0.83157
0.71578
0.61796
0.5657
0.79387
0.5869
0.65233
0.7528
0.75955
0.70322
0.64878
0.52275
0.49897
0.45533
0.46786
0.34419
0.36218
0.41954
0.46296
0.47529
0.47662
0.39909
0.29029
0.25927
0.25255
0.26094
0.29227
0.28698
0.28457
0.29966
0.33715
0.3875
0.39386
0.38519
0.39049
0.35141
0.34396
0.28588
0.41568
0.40533
0.47497
0.51463
0.86203
0.90019
0.68333
0.56877
0.62423
0.79758
0.68068
0.62956
0.60221
0.56182
0.4675
0.44299
0.52746
0.58748
0.59348
0.5689
0.52074
0.43646
0.41981
0.39204
0.29747
0.39346
0.45835
0.48215
0.57435
0.49044
0.97158
0.94499
0.92467
0.87066
0.79033
0.77893
0.70841
0.64125
0.60064
0.55037
0.56799
0.56581
0.55005
0.56438
0.94714
0.78814
0.5374
0.73266
0.89769
0.85587
0.89525
0.90699
0.78841
0.72647
0.69322
0.60384
0.61772
0.50408
0.60247
0.48249
0.45452
0.44267
0.45033
0.44537
0.40981
0.41679
0.41551
0.4106
0.41434
0.41168
0.42225
0.42386
0.42412
0.42971
0.42882
0.4261
0.45011
0.42581
0.41206
0.37565
0.40854
0.4541
0.43709
0.4196
0.41195
0.43129
0.4443
0.43725
0.41302
0.44385
0.4698
0.52099
0.54198
0.49945
0.46564
0.43744
0.45875
0.42447
0.40011
0.39918
0.4
0.38836
0.37705
0.35129
0.34277
0.35161
0.43305
0.4617
0.40851
0.41326
0.38322
0.39511
0.37603
0.39069
0.37065
0.36085
0.32649
0.28691
0.28699
0.30492
0.30059
0.37592
0.47123
0.39423
0.388
0.40572
0.35972
0.52543
0.64288
0.75223
0.73595
0.67078
0.5511
0.52258
0.50159
0.46623
0.47787
0.5231
0.53573
0.53346
0.52726
0.45617
0.44465
0.4361
0.44839
0.5208
0.57003
0.58506
0.55983
0.57686
0.57298
0.55387
0.57484
0.61845
0.64029
0.63383
0.55139
0.49197
0.46061
0.43554
0.44508
0.48492
0.41523
0.3716
0.36315
0.3681
0.38711
0.34623
0.35942
0.39358
0.35624
0.34682
0.36851
0.36477
0.39587
0.56419
0.7533
0.74669
0.85438
0.88656
0.75859
0.68134
0.64089
0.56893
0.58199
0.58402
0.57938
0.56747
0.57893
0.54509
0.5259
0.46876
0.41749
0.52523
0.49044
0.50955
0.54156
0.48136
0.45418
0.44942
0.5415
0.56747
0.49995
0.46793
0.49187
0.41391
0.43209
0.42731
0.43122
0.47281
0.45894
0.42682
0.41094
0.41118
0.36601
0.31002
0.33519
0.4392
0.49698
0.45298
0.35683
0.37089
0.39363
0.34989
0.40085
0.46043
0.39775
0.35787
0.37807
0.38325
0.37991
0.37684
0.37077
0.3904
0.48374
0.52178
0.53283
0.47098
0.41086
0.41143
0.38583
0.43109
0.46576
0.4596
0.40163
0.38581
0.37008
0.37398
0.37487
0.39222
0.43225
0.42913
0.40536
0.41007
0.42316
0.39958
0.37205
0.41441
0.47499
0.50617
0.5238
0.49259
0.50193
0.5447
0.58484
0.66738
0.69026
0.7169
0.69108
0.65057
0.64292
0.63172
0.65492
0.69064
0.70363
0.68728
0.66434
0.59702
0.53363
0.51388
0.5226
0.57304
0.62603
0.62332
0.58743
0.54991
0.51386
0.49846
0.49148
0.51652
0.53668
0.53964
0.53077
0.49423
0.47082
0.45771
0.47339
0.51167
0.54081
0.54592
0.56164
0.56994
0.52135
0.54758
0.55659
0.57738
0.59683
0.65284
0.68076
0.79136
0.82456
0.79821
0.74749
0.78168
0.85494
0.83173
0.79383
0.72315
0.66624
0.64829
0.63572
0.60751
0.57332
0.56151
0.54134
0.48905
0.46073
0.43198
0.43812
0.66589
0.73379
0.75409
0.76048
0.72719
0.6636
0.63161
0.65358
0.66357
0.66266
0.62031
0.54988
0.51572
0.48459
0.4508
0.51866
0.55222
0.55293
0.5086
0.44508
0.37372
0.37892
0.48282
0.58678
0.6757
0.75032
0.71285
0.87625
0.92655
0.97496
0.9481
0.87986
0.64866
0.75188
0.78295
0.70449
0.68118
0.58848
0.49331
0.50952
0.63568
0.65338
0.63463
0.60163
0.6459
0.68835
0.72652
0.72612
0.76399
0.90492
0.97628
0.99088
0.93932
0.89703
0.83211
0.8315
0.8391
0.88146
0.91224
0.87464
0.75496
0.61274
0.60826
0.61154
0.65056
0.68057
0.66068
0.63062
0.92989
0.90295
0.8157
0.69314
0.67893
0.83368
0.99377
0.91847
0.80258
0.99628
0.99929
1.0002
0.89878
0.87927
0.81013
0.6738
0.53584
0.48879
0.45582
0.49641
0.5554
0.53342
0.45898
0.4049
0.36413
0.35141
0.37283
0.32487
0.28989
0.33375
0.33987
0.38534
0.63976
0.68384
0.70467
0.84645
0.98664
0.99971
0.99827
0.88146
0.79209
0.71321
0.70351
0.71266
0.76534
0.92317
0.85829
0.7607
0.64393
0.53973
0.50119
0.52636
0.5348
0.50471
0.5095
0.48548
0.45544
0.39547
0.38748
0.43679
0.58674
0.57984
0.55352
0.56971
0.60678
0.57948
0.50467
0.5365
0.63501
0.70539
0.68527
0.61548
0.56326
0.75606
0.90482
0.91734
0.95386
0.95586
0.94279
0.90612
0.85443
0.84908
0.83771
0.82897
0.76893
0.74731
0.70954
0.64627
0.60023
0.72646
0.73051
0.79792
0.87304
0.89817
0.90641
0.91168
0.88356
0.86557
0.86199
0.8451
0.82222
0.84995
0.8628
0.84554
0.80425
0.84097
0.9156
0.867
0.81566
0.80579
0.81686
0.80682
0.88269
0.84508
0.84776
0.90477
0.92693
0.85957
0.83637
0.86437
0.87153
0.8699
0.88933
0.8962
0.85553
0.86611
0.87642
0.85036
0.90797
0.88508
0.90004
0.94504
0.92765
0.88742
0.87594
0.95486
0.93912
0.98716
1.0001
0.99775
1.0009
0.99767
1.0006
0.99113
0.87131
0.78493
0.72185
0.74163
0.72858
0.73351
0.64392
0.57376
0.49996
0.46292
0.46534
0.47892
0.45958
0.41635
0.35248
0.30686
0.34383
0.44201
0.42496
0.44615
0.5464
0.65461
0.73218
0.84872
0.79303
0.81372
0.79423
0.72183
0.77499
0.83177
0.86404
0.83418
0.80409
0.92572
0.9691
0.97579
0.98349
0.99442
0.97909
0.99703
0.97989
0.92219
0.95911
0.88735
0.83664
0.73986
0.73699
0.72625
0.63513
0.59712
0.61036
0.62723
0.66677
0.70038
0.76776
0.81289
0.74167
0.74702
0.72313
0.70712
0.78617
0.78906
0.95973
0.97152
0.983
0.99079
0.99464
0.9973
0.99797
0.99829
0.90794
0.84589
0.86464
0.86184
0.89113
0.88026
0.80903
0.78313
0.75876
0.707
0.64284
0.6279
0.72681
0.75562
0.70974
0.75427
0.79415
0.74326
0.665
0.63494
0.62387
0.67543
0.71513
0.69002
0.73765
0.69491
0.70687
0.6406
0.64479
0.80883
0.83417
0.80817
0.83711
0.81466
0.78864
0.83587
0.85605
0.86798
0.84024
0.8414
0.85468
0.70801
0.60185
0.60343
0.6229
0.5922
0.57054
0.47967
0.43776
0.4136
0.55367
0.39352
0.51851
0.57151
0.6039
0.63858
0.77908
0.78968
0.74054
0.72526
0.70805
0.70067
0.69003
0.71691
0.74522
0.75998
0.77169
0.77664
0.76227
0.79353
0.82129
0.82527
0.82777
0.81305
0.74111
0.70994
0.69818
0.77256
0.78067
0.74333
0.70108
0.61577
0.5652
0.53084
0.50846
0.4978
0.5
0.51659
0.50167
0.48505
0.46954
0.45275
0.439
0.63872
0.78192
0.84514
0.95186
0.96365
0.9376
0.92294
0.93686
0.82032
0.706
0.78135
0.72259
0.66823
0.63619
0.65922
0.60518
0.45502
0.39281
0.46797
0.54616
0.5384
0.41916
0.32999
0.31
0.32225
0.32083
0.38494
0.60175
0.65018
0.6008
0.55712
0.5944
0.6746
0.64297
0.56974
0.49748
0.47905
0.53207
0.58584
0.84221
0.92403
0.92591
0.94395
0.94698
0.93104
0.89979
0.89321
0.89777
0.91197
0.91987
0.89326
0.8055
0.70928
0.63915
0.67304
0.71813
0.75326
0.80439
0.76503
0.71605
0.74088
0.80077
0.80515
0.84562
0.86487
0.87309
0.89955
0.88236
0.89067
0.84153
0.78841
0.73034
0.78141
0.76964
0.73459
0.74916
0.72697
0.70028
0.75003
0.85893
0.92738
0.77595
0.55424
0.4478
0.43017
0.46891
0.48735
0.46936
0.43857
0.43105
0.4025
0.42322
0.41492
0.45254
0.45848
0.49521
0.42765
0.48305
0.40595
0.40555
0.48389
0.68593
0.71105
0.87254
0.99
0.99856
0.99941
0.9986
1.0003
0.99992
0.9996
0.88593
0.8119
0.96074
0.97674
0.98724
0.88429
0.84689
0.81545
0.77241
0.76341
0.71526
0.63037
0.49327
0.46251
0.49377
0.47719
0.44888
0.42365
0.37738
0.34384
0.38581
0.46866
0.5631
0.61856
0.63672
0.99951
0.91579
0.8457
0.8113
0.77272
0.70844
0.99864
0.99947
1.0009
0.99995
0.9994
0.98112
0.77536
0.67605
0.65223
0.66392
0.50323
0.472
0.51453
0.71212
0.7184
0.65079
0.51079
0.46061
0.45254
0.37801
0.27609
0.19808
0.35796
0.5892
0.74994
0.91355
0.94904
0.96072
0.99808
0.99727
1.0002
0.86548
0.80183
0.75807
0.72285
0.72106
0.7632
0.85972
0.92915
0.86092
0.79338
0.82582
0.77511
0.94922
0.96986
0.97128
0.97776
0.9319
0.89649
0.7944
0.71372
0.59018
0.41619
0.30414
0.2519
0.23094
0.23587
0.24261
0.2204
0.22303
0.4716
0.77815
0.84231
0.79627
0.84661
0.80093
0.7687
0.76249
0.75873
0.69147
0.66781
0.69634
0.66309
0.67032
0.71432
0.69595
0.63197
0.75694
0.73212
0.68667
0.65722
0.66748
0.80881
0.77385
0.70839
0.56437
0.48048
0.48138
0.46861
0.46934
0.47128
0.47427
0.45248
0.39276
0.29695
0.23219
0.23471
0.41783
0.86472
0.87491
0.80231
0.82606
0.86799
0.8326
0.8026
0.75009
0.80518
0.81721
0.81016
0.84227
0.79374
0.80459
0.70866
0.71878
0.63505
0.49608
0.46957
0.44463
0.40622
0.41306
0.52678
0.56578
0.55991
0.51611
0.47502
0.44541
0.62772
0.70909
0.5665
0.48725
0.51343
0.48132
0.51887
0.62676
0.78786
0.91799
0.81014
0.67683
0.60607
0.76603
0.69534
0.47447
0.33115
0.35318
0.54146
0.52919
0.61035
0.43547
0.59294
0.56067
0.62795
0.62459
0.69843
0.7488
0.75082
0.74479
0.72187
0.72309
0.69716
0.73021
0.83667
0.93875
0.95412
0.95313
0.93448
0.93253
0.94283
0.86826
0.92575
0.9298
0.93637
0.88493
0.61838
0.51164
0.64315
0.93064
0.90719
0.83465
0.91905
0.93074
0.94374
0.94892
0.9402
0.92912
0.87731
0.62931
0.50916
0.43255
0.40974
0.40494
0.40579
0.42457
0.41947
0.37629
0.33139
0.49429
0.62627
0.61022
0.49193
0.44074
0.37435
0.37729
0.37266
0.47672
0.46404
0.5368
0.4924
0.54205
0.99916
0.99297
0.98003
0.97393
0.95916
0.94833
0.92314
0.94991
0.92988
0.93733
0.91444
0.76449
0.5567
0.57211
0.62638
0.58443
0.60571
0.80828
0.84729
0.9267
0.8756
0.88527
0.9344
0.95889
0.96799
0.96284
0.93033
0.88735
0.78804
0.72125
0.73847
0.60807
0.49638
0.72208
0.65922
0.59367
0.53576
0.62151
0.64458
0.46478
0.41628
0.38275
0.35973
0.37713
0.57211
0.78243
0.76245
0.86992
0.70663
0.59486
0.57589
0.41957
0.39208
0.38687
0.36689
0.38043
0.42212
0.41231
0.46151
0.49055
0.54597
0.48698
0.45048
0.45448
0.50615
0.51658
0.52618
0.59537
0.5598
0.54299
0.52683
0.51078
0.49661
0.46968
0.45642
0.45135
0.44703
0.44675
0.45737
0.47397
0.50259
0.52637
0.50278
0.48204
0.47467
0.46496
0.45892
0.45393
0.46181
0.45054
0.4787
0.47915
0.45056
0.45158
0.46673
0.46772
0.47026
0.46533
0.47598
0.47879
0.48159
0.48742
0.47753
0.47085
0.4581
0.45064
0.43331
0.4176
0.40846
0.40348
0.39865
0.38885
0.39216
0.39622
0.42584
0.50467
0.4787
0.47397
0.4413
0.46674
0.58372
0.53677
0.56681
0.91155
0.86559
0.76093
0.56577
0.5774
0.62409
0.61198
0.57954
0.60983
0.66737
0.86109
0.74292
0.73217
0.79595
0.79066
0.78185
0.64891
0.69346
0.65114
0.62228
0.59609
0.5538
0.51861
0.48561
0.45332
0.4413
0.45442
0.4895
0.49946
0.54092
0.51711
0.47946
0.42058
0.40213
0.41038
0.43525
0.47551
0.52867
0.51167
0.46315
0.44248
0.47637
0.44547
0.46934
0.59054
0.56747
0.57101
0.58104
0.59299
0.49452
0.45221
0.48212
0.44739
0.41866
0.42248
0.4385
0.41551
0.41101
0.4885
0.5771
0.69669
0.91482
0.79797
0.85888
0.93244
0.94476
0.94299
0.94237
0.94219
0.94184
0.94422
0.94019
0.93734
0.9366
0.93887
0.93899
0.93648
0.92797
0.75487
0.57682
0.48935
0.42681
0.38958
0.33859
0.28344
0.27731
0.32505
0.81948
0.93547
0.86673
0.89466
0.82353
0.76781
0.81262
0.86784
0.80566
0.68747
0.61732
0.57994
0.77785
0.75853
0.58352
0.452
0.4348
0.40148
0.38012
0.36113
0.34186
0.33222
0.32734
0.3275
0.33641
0.34006
0.35928
0.36976
0.41015
0.44858
0.43903
0.45481
0.6638
0.93845
0.95414
0.77194
0.71636
0.72659
0.72373
0.73638
0.75807
0.75723
0.75674
0.74043
0.77699
0.96618
0.96952
0.96822
0.96213
0.9615
0.965
0.95644
0.9493
0.92499
0.92185
0.91972
0.90905
0.88103
0.86108
0.86885
0.85758
0.75303
0.57663
0.49663
0.4653
0.41183
0.38514
0.33184
0.2908
0.26598
0.2555
0.24948
0.31038
0.28748
0.39424
0.59556
0.90242
0.94584
0.7211
0.67902
0.69369
0.7092
0.74526
0.74849
0.96267
0.96928
0.96562
0.96705
0.96329
0.93825
0.85802
0.95445
0.93974
0.92281
0.91902
0.90847
0.90355
0.91736
0.91891
0.81385
0.7354
0.70563
0.91698
0.90637
0.88628
0.74234
0.70185
0.69576
0.76773
0.84781
0.89511
0.89249
0.86671
0.86316
0.82255
0.68628
0.51672
0.48147
0.50112
0.5164
0.57341
0.66983
0.7965
0.67074
0.57732
0.56298
0.7594
0.75233
0.79161
0.53088
0.4383
0.41531
0.39847
0.39196
0.37709
0.38815
0.37759
0.37133
0.41303
0.44417
0.38057
0.37088
0.36959
0.4221
0.55326
0.58867
0.66858
0.66579
0.67343
0.76969
0.91735
0.78629
0.82709
0.88491
0.90492
0.91855
0.91971
0.9264
0.90401
0.72535
0.85716
0.81231
0.69998
0.59731
0.50948
0.41787
0.44407
0.40311
0.39346
0.3779
0.37917
0.37831
0.36075
0.36499
0.36761
0.36736
0.38798
0.36478
0.37248
0.37098
0.3891
0.40188
0.41612
0.3956
0.3917
0.39212
0.39311
0.38668
0.39441
0.38757
0.38493
0.37849
0.38393
0.39451
0.39434
0.3978
0.41449
0.42865
0.44134
0.44294
0.44561
0.45171
0.46296
0.46118
0.45529
0.45429
0.46074
0.5017
0.5052
0.51792
0.50266
0.46957
0.43106
0.41309
0.39699
0.3901
0.38897
0.39227
0.3959
0.39591
0.38516
0.38602
0.37895
0.37925
0.38214
0.38214
0.3726
0.38256
0.54787
0.68712
0.57838
0.52013
0.71277
0.8189
0.78301
0.78907
0.89564
0.83439
0.79155
0.78009
0.82773
0.83381
0.813
0.66849
0.64403
0.86285
0.87495
0.8771
0.87362
0.87253
0.84963
0.56783
0.42987
0.40881
0.37075
0.31346
0.29121
0.29127
0.28776
0.2964
0.31174
0.36886
0.42285
0.42402
0.41216
0.41034
0.3934
0.40238
0.46564
0.56924
0.63064
0.9153
0.64595
0.74547
0.63685
0.54543
0.51845
0.50118
0.5111
0.53504
0.52673
0.54058
0.48327
0.43327
0.42678
0.45212
0.47916
0.46778
0.4501
0.42792
0.42505
0.52163
0.58471
0.47865
0.42216
0.39747
0.38099
0.37454
0.37056
0.36111
0.35552
0.35659
0.35257
0.3545
0.35178
0.34386
0.33737
0.35152
0.35299
0.34211
0.34676
0.34825
0.323
0.32085
0.31355
0.30664
0.30599
0.30602
0.323
0.33336
0.36265
0.40749
0.42389
0.42815
0.43913
0.42658
0.43909
0.48869
0.91479
0.70985
0.55023
0.44214
0.39286
0.45951
0.79904
0.50523
0.36585
0.33914
0.32902
0.31424
0.30494
0.30787
0.33606
0.34225
0.34852
0.42421
0.42756
0.52381
0.48034
0.57795
0.55129
0.50732
0.41175
0.36381
0.32313
0.31606
0.34222
0.3702
0.37507
0.41773
0.47483
0.49709
0.47126
0.45107
0.43346
0.44053
0.45365
0.45634
0.43917
0.4205
0.40874
0.39737
0.40188
0.41958
0.39644
0.37683
0.3743
0.40658
0.39257
0.41188
0.4104
0.46782
0.65201
0.91644
0.90755
0.86603
0.81258
0.80029
0.72478
0.54509
0.48742
0.45518
0.42419
0.39254
0.42934
0.47992
0.48441
0.36288
0.35234
0.39164
0.35504
0.31932
0.35545
0.38726
0.34026
0.31244
0.28433
0.31419
0.356
0.41711
0.36306
0.3621
0.37282
0.36937
0.36381
0.36705
0.36706
0.37199
0.37445
0.37065
0.37
0.38192
0.37859
0.3719
0.37605
0.37242
0.35345
0.34641
0.34681
0.34704
0.3524
0.35021
0.34022
0.34253
0.33707
0.32566
0.31574
0.3048
0.29157
0.2783
0.27671
0.272
0.24586
0.22488
0.20212
0.18529
0.16387
0.13567
0.11881
0.11407
0.13629
0.18513
0.21427
0.23824
0.23751
0.22536
0.22189
0.21373
0.178
0.25654
0.29019
0.30729
0.33065
0.34573
0.36161
0.36137
0.37482
0.4311
0.49642
0.54459
0.53552
0.49428
0.45378
0.45322
0.49378
0.53832
0.60298
0.83151
0.79698
0.7285
