0.36535
0.36026
0.35252
0.35836
0.36628
0.37613
0.36532
0.34296
0.34945
0.34045
0.33363
0.33698
0.34558
0.34493
0.34431
0.31555
0.29849
0.28484
0.29707
0.31764
0.34261
0.39836
0.40175
0.38865
0.40201
0.39225
0.3952
0.42957
0.41207
0.39104
0.39686
0.44293
0.46013
0.37783
0.41618
0.47679
0.44777
0.47863
0.43721
0.42441
0.51094
0.55003
0.57328
0.64238
0.8237
0.83539
0.81682
0.7739
0.67073
0.48652
0.39484
0.34123
0.27288
0.2159
0.20535
0.22435
0.70194
0.38793
0.29942
0.30168
0.30931
0.32118
0.30325
0.32323
0.34423
0.57997
0.90767
0.7026
0.51395
0.4455
0.37591
0.34447
0.39327
0.38305
0.36827
0.39265
0.44754
0.45824
0.4718
0.46659
0.50215
0.51467
0.46585
0.403
0.35767
0.34189
0.34875
0.36734
0.36059
0.35546
0.36439
0.36269
0.35664
0.35352
0.35394
0.46223
0.51168
0.45404
0.4321
0.40556
0.4323
0.38456
0.34803
0.33448
0.37839
0.37042
0.33405
0.33766
0.33671
0.3457
0.35282
0.47934
0.57044
0.59545
0.51115
0.52867
0.55386
0.44753
0.50443
0.57873
0.63266
0.6424
0.57345
0.57137
0.61388
0.60213
0.82877
0.70395
0.63472
0.60631
0.5717
0.59072
0.67123
0.7153
0.70076
0.67844
0.6204
0.5742
0.56704
0.52341
0.47891
0.44302
0.39106
0.37324
0.45086
0.49848
0.53322
0.50454
0.40667
0.32921
0.34288
0.48128
0.59643
0.65165
0.6102
0.53902
0.44497
0.42885
0.44523
0.41644
0.38597
0.37036
0.38485
0.38703
0.40775
0.46844
0.40467
0.42167
0.36659
0.34396
0.31174
0.33814
0.44207
0.45505
0.44717
0.38739
0.50617
0.58837
0.67356
0.75171
0.74816
0.52602
0.42613
0.39995
0.43005
0.43082
0.43396
0.46923
0.51109
0.64719
0.83171
0.80269
0.80793
0.80576
0.72977
0.6751
0.68674
0.70612
0.69623
0.62962
0.60077
0.57089
0.52333
0.5069
0.49584
0.50079
0.4835
0.47537
0.44631
0.36188
0.3215
0.31222
0.36265
0.38868
0.35076
0.36102
0.36208
0.36868
0.38418
0.39871
0.37325
0.36776
0.34603
0.3453
0.34564
0.32324
0.32797
0.32511
0.29999
0.2604
0.32668
0.62382
0.45042
0.49872
0.59883
0.48353
0.46336
0.41635
0.40395
0.41701
0.39522
0.38448
0.37428
0.38819
0.40425
0.38534
0.3879
0.37885
0.35368
0.33108
0.31882
0.34105
0.3476
0.40301
0.37047
0.29696
0.25018
0.3178
0.37834
0.35894
0.37597
0.3605
0.34797
0.33486
0.35172
0.34914
0.35862
0.36572
0.36872
0.38543
0.38763
0.38778
0.38869
0.39555
0.40667
0.40449
0.39637
0.38973
0.38532
0.40384
0.39877
0.37313
0.36947
0.38778
0.38266
0.37938
0.37687
0.37773
0.39124
0.37737
0.36777
0.33327
0.31955
0.34037
0.33568
0.25728
0.25377
0.35338
0.37025
0.3777
0.29603
0.29636
0.34025
0.31628
0.32942
0.35101
0.34048
0.3301
0.33974
0.38893
0.36101
0.37288
0.33999
0.35434
0.38152
0.34766
0.33662
0.33323
0.35419
0.35032
0.34749
0.34666
0.35631
0.34476
0.35604
0.36447
0.35781
0.35563
0.37008
0.39763
0.41256
0.39963
0.41149
0.41972
0.50503
0.54508
0.56678
0.59438
0.61494
0.60159
0.58093
0.54838
0.50495
0.42208
0.38277
0.36746
0.33208
0.30634
0.31722
0.3143
0.30238
0.27831
0.26976
0.34345
0.35947
0.34919
0.36913
0.35466
0.37221
0.35246
0.31025
0.30417
0.66323
0.71048
0.86167
0.6964
0.72348
0.67487
0.59203
0.64821
0.66195
0.63655
0.61522
0.63703
0.4599
0.41201
0.42345
0.72443
0.77986
0.81289
0.82349
0.83781
0.82678
0.75997
0.64262
0.55663
0.40408
0.32622
0.3222
0.30663
0.33809
0.33849
0.33389
0.34158
0.34163
0.36526
0.38487
0.39416
0.40081
0.48032
0.52171
0.55264
0.58847
0.68868
0.77473
0.8002
0.8159
0.81198
0.80024
0.80315
0.79119
0.78514
0.78399
0.75829
0.7474
0.72977
0.70753
0.68129
0.68173
0.65477
0.66172
0.68909
0.66851
0.70893
0.67951
0.64845
0.57953
0.49385
0.50521
0.49829
0.469
0.4679
0.46394
0.46519
0.44862
0.40254
0.32919
0.30526
0.32345
0.31989
0.29681
0.28135
0.28125
0.29419
0.29585
0.29526
0.27369
0.31568
0.33495
0.35168
0.32187
0.29351
0.30987
0.3495
0.32203
0.36117
0.32553
0.30514
0.31088
0.32453
0.33534
0.34465
0.34406
0.33546
0.33897
0.31277
0.32959
0.33037
0.33821
0.34826
0.35135
0.36426
0.35502
0.35494
0.36181
0.36351
0.38032
0.38309
0.38234
0.52552
0.68236
0.70788
0.63452
0.63299
0.73497
0.71215
0.62636
0.4922
0.37403
0.35561
0.33419
0.29879
0.31207
0.33698
0.36546
0.37196
0.4031
0.3978
0.38486
0.36162
0.36681
0.42593
0.37067
0.36403
0.42099
0.3777
0.3711
0.35926
0.44218
0.41837
0.39559
0.38895
0.37073
0.37266
0.42239
0.4557
0.52876
0.56968
0.58671
0.61532
0.59379
0.56579
0.79595
0.81448
0.82941
0.82148
0.68593
0.46349
0.44142
0.42397
0.41745
0.40805
0.39936
0.40038
0.38922
0.41136
0.43902
0.48985
0.52118
0.51542
0.46467
0.43194
0.3849
0.36455
0.46872
0.45846
0.40214
0.41545
0.42831
0.42847
0.44478
0.45057
0.40689
0.35743
0.39807
0.39217
0.45024
0.40529
0.37647
0.3928
0.45659
0.70245
0.67107
0.59946
0.51425
0.49846
0.53342
0.52778
0.50691
0.44698
0.378
0.33198
0.32356
0.37974
0.38363
0.44283
0.41614
0.61872
0.87907
0.64468
0.53144
0.54376
0.57787
0.66772
0.82693
0.84466
0.84902
0.85517
0.86319
0.88518
0.87185
0.84972
0.79124
0.79791
0.73035
0.60861
0.49257
0.43098
0.38275
0.36127
0.34763
0.32299
0.30372
0.27992
0.28936
0.31539
0.28188
0.23807
0.3102
0.38537
0.36423
0.33979
0.32208
0.30169
0.26448
0.36097
0.32671
0.40688
0.48937
0.53679
0.59602
0.55968
0.51432
0.40528
0.34182
0.29162
0.23441
0.23446
0.29238
0.33843
0.36179
0.45596
0.50049
0.62062
0.71722
0.72875
0.6721
0.56985
0.58559
0.53484
0.48102
0.44029
0.39246
0.35237
0.32471
0.35662
0.46446
0.49344
0.50719
0.49999
0.49747
0.52184
0.67557
0.65603
0.74065
0.75633
0.73596
0.81589
0.81591
0.81781
0.81545
0.81307
0.8263
0.82123
0.82024
0.8157
0.77071
0.68082
0.63159
0.53903
0.50962
0.5073
0.51129
0.60941
0.73542
0.72983
0.72838
0.62035
0.5289
0.71771
0.65241
0.5538
0.51397
0.47611
0.43771
0.40894
0.37502
0.33832
0.29318
0.28296
0.58744
0.53699
0.43101
0.3888
0.37655
0.37325
0.37513
0.38073
0.36848
0.37109
0.40033
0.41737
0.42667
0.43328
0.44264
0.5081
0.54305
0.57746
0.57038
0.57328
0.97632
0.87093
0.9211
0.85544
0.82239
0.79838
0.59146
0.56649
0.51184
0.56204
0.54748
0.88183
0.90928
0.9224
0.92463
0.9234
0.87704
0.57544
0.65779
0.85656
0.85578
0.78862
0.70087
0.64505
0.65216
0.69687
0.63925
0.63985
0.56429
0.47183
0.45798
0.49029
0.42636
0.34883
0.3207
0.31606
0.3374
0.33597
0.38005
0.39504
0.47592
0.66761
0.74743
0.81198
0.75371
0.78353
0.71322
0.64117
0.6695
0.6938
0.6571
0.67594
0.66337
0.65394
0.62205
0.5719
0.60349
0.64106
0.65629
0.61932
0.57559
0.57758
0.57816
0.57969
0.66054
0.77764
0.78189
0.74668
0.68405
0.58713
0.51816
0.48841
0.51279
0.49114
0.5852
0.57566
0.44398
0.34169
0.29179
0.28484
0.30056
0.32833
0.39962
0.3782
0.37435
0.32639
0.36768
0.41548
0.38074
0.35788
0.36023
0.35251
0.36421
0.42259
0.59055
0.59378
0.58475
0.66186
0.59928
0.53061
0.59265
0.60605
0.57275
0.60534
0.64448
0.70557
0.63158
0.6402
0.62638
0.58789
0.54803
0.54529
0.5192
0.50847
0.48547
0.44767
0.42928
0.41251
0.41341
0.4218
0.39418
0.49121
0.86034
0.83727
0.80506
0.78932
0.72407
0.74256
0.81913
0.68148
0.52831
0.47969
0.42713
0.42702
0.4037
0.35009
0.32435
0.70548
0.90089
0.89378
0.89521
0.82098
0.56165
0.89706
0.87824
0.74366
0.86978
0.77257
0.61547
0.6337
0.50086
0.50838
0.5302
0.57674
0.58406
0.62063
0.63934
0.60387
0.5582
0.53517
0.47243
0.40091
0.38938
0.41134
0.41445
0.38762
0.39003
0.42689
0.33727
0.30532
0.38775
0.37309
0.38247
0.36819
0.38735
0.41243
0.40096
0.38456
0.32515
0.39093
0.47192
0.52057
0.59191
0.7685
0.72924
0.96467
0.96573
0.94762
0.92691
0.93161
0.93986
0.92558
0.86622
0.87839
0.83482
0.81402
0.79836
0.7984
0.74369
0.61756
0.56019
0.64424
0.7199
0.71438
0.6687
0.55282
0.59508
0.57792
0.53068
0.41315
0.34698
0.28266
0.27993
0.35631
0.47
0.51668
0.52583
0.52646
0.52506
0.48498
0.56613
0.80249
0.80501
0.68576
0.84739
0.84817
0.99445
0.95787
0.9307
0.91575
0.90304
0.88533
0.87924
0.89972
0.88513
0.8583
0.82039
0.7658
0.69391
0.62884
0.63967
0.69036
0.82729
0.72421
0.54771
0.44891
0.39908
0.40456
0.4341
0.42219
0.40292
0.35948
0.35932
0.38367
0.43957
0.45399
0.46558
0.53651
0.48274
0.50651
0.51895
0.55642
0.56438
0.54445
0.56387
0.60284
0.56367
0.47847
0.44982
0.46361
0.46399
0.42847
0.43251
0.61023
0.6873
0.52536
0.57244
0.60935
0.59061
0.47076
0.41546
0.50795
0.61427
0.80162
0.85216
0.81258
0.67352
0.47777
0.45542
0.49209
0.39364
0.39739
0.45077
0.43561
0.37282
0.29488
0.22744
0.25584
0.3311
0.23027
0.32021
0.3926
0.43644
0.44654
0.4441
0.44974
0.58771
0.45179
0.46827
0.48297
0.45593
0.39453
0.36314
0.35965
0.47404
0.45837
0.42372
0.4645
0.53717
0.46607
0.41822
0.41015
0.54402
0.53114
0.57909
0.59036
0.55419
0.57456
0.52671
0.51356
0.53745
0.47698
0.52553
0.54646
0.57054
0.53001
0.50959
0.51746
0.70606
0.73261
0.70428
0.70935
0.67903
0.60104
0.58227
0.66221
0.76453
0.79022
0.60104
0.51562
0.46817
0.43108
0.37808
0.42127
0.50715
0.47185
0.49313
0.4708
0.47638
0.4019
0.32937
0.32535
0.45934
0.50852
0.57411
0.52399
0.5232
0.52679
0.42559
0.8972
0.79232
0.90239
0.95511
0.90048
0.78629
0.64443
0.71386
0.66094
0.76709
0.64425
0.67162
0.60221
0.47539
0.48235
0.54873
0.58111
0.59145
0.60776
0.53917
0.55987
0.69774
0.82515
0.77233
0.80099
0.84343
0.88496
0.98172
1.0006
0.90991
0.68416
0.59969
0.57101
0.62194
0.63869
0.66548
0.59043
0.54739
0.47962
0.42923
0.74749
0.97717
0.99738
0.99872
0.97398
0.85091
0.72427
0.53402
0.48621
0.56141
0.50639
0.58681
0.51606
0.49848
0.44493
0.44259
0.44213
0.59969
0.99901
0.99339
0.99765
0.97226
0.9793
0.76592
0.81406
0.86175
0.93259
0.88876
0.81791
0.67624
0.53061
0.89447
0.9844
0.97338
0.94274
0.89762
0.86088
0.91342
0.9868
0.78657
0.65477
0.70959
0.6563
0.69812
0.70334
0.63145
0.5836
0.58027
0.54582
0.47245
0.56945
0.61403
0.60765
0.61391
0.51938
0.5537
0.53376
0.49703
0.4717
0.47462
0.46232
0.39376
0.36179
0.39808
0.46306
0.55434
0.53436
0.51654
0.55373
0.46908
0.486
0.53454
0.50843
0.49914
0.5753
0.56453
0.55932
0.55045
0.50151
0.45688
0.47152
0.58681
0.60645
0.522
0.49145
0.47529
0.43829
0.42158
0.44723
0.46369
0.34774
0.32343
0.34687
0.37726
0.38843
0.31384
0.26253
0.3652
0.44479
0.56298
0.52761
0.51051
0.51663
0.46455
0.44348
0.38568
0.49439
0.52113
0.61127
0.60181
0.646
0.66413
0.72742
0.83698
0.84613
0.8325
0.69594
0.66561
0.62824
0.57266
0.55822
0.56637
0.52491
0.48822
0.47349
0.61664
0.78203
0.83557
0.779
0.79886
0.83958
0.81915
0.79729
0.73479
0.7399
0.71683
0.76763
0.8252
0.83536
0.84636
0.79022
0.72011
0.60929
0.53228
0.62018
0.66639
0.70693
0.717
0.67465
0.59703
0.53706
0.45726
0.40918
0.31642
0.22445
0.18615
0.2018
0.21536
0.22633
0.22184
0.22506
0.24498
0.27014
0.34129
0.33656
0.34824
0.35062
0.35151
0.35815
0.53094
0.56423
0.62652
0.55318
0.48552
0.42154
0.40456
0.42175
0.44305
0.4812
0.54727
0.54079
0.51612
0.49285
0.45091
0.42274
0.44685
0.47048
0.45847
0.47984
0.44433
0.39445
0.35515
0.32783
0.30848
0.30295
0.3326
0.36058
0.35604
0.32793
0.25862
0.26925
0.28291
0.30113
0.33234
0.36029
0.348
0.31912
0.29517
0.33941
0.4288
0.54553
0.59247
0.57382
0.52546
0.47857
0.43673
0.50738
0.66683
0.7056
0.76719
0.88292
0.88174
0.76143
0.68379
0.59722
0.58826
0.60131
0.54424
0.53507
0.53095
0.50651
0.45973
0.41164
0.50702
0.59473
0.55996
0.60811
0.62631
0.61093
0.57956
0.50435
0.47569
0.48005
0.47392
0.49261
0.48037
0.44335
0.40141
0.35121
0.32948
0.32884
0.35715
0.36531
0.41583
0.47497
0.46799
0.49874
0.62293
0.64218
0.62378
0.56814
0.49846
0.4226
0.35286
0.33571
0.37518
0.51749
0.54397
0.57925
0.58786
0.56497
0.54143
0.50938
0.54443
0.53061
0.5715
0.48223
0.47579
0.48147
0.49989
0.47055
0.4794
0.62729
0.66864
0.7089
0.68184
0.68645
0.70025
0.68515
0.71753
0.74102
0.7669
0.70673
0.73292
0.60833
0.54254
0.57599
0.80378
0.76176
0.73032
0.6032
0.60403
0.63046
0.70353
0.76363
0.82371
0.83586
0.87165
0.87959
0.80911
0.75244
0.78143
0.79556
0.87656
0.85059
0.72663
0.65823
0.63088
0.55885
0.56853
0.62694
0.66484
0.71153
0.70715
0.65251
0.64261
0.65085
0.49777
0.51595
0.7897
0.96628
0.99772
0.99989
0.85801
0.71914
0.65238
0.62619
0.58613
0.59143
0.64766
0.67428
0.63236
0.58227
0.56263
0.49048
0.46895
0.47726
0.5231
0.51208
0.49752
0.43105
0.3712
0.34926
0.3849
0.42274
0.41242
0.49395
0.56363
0.52466
0.43472
0.58359
0.72361
0.76423
0.80766
0.78895
0.786
0.81126
0.82461
0.83641
0.86112
0.8417
0.8456
0.81119
0.72903
0.67054
0.57992
0.55238
0.57566
0.58459
0.57635
0.52925
0.47926
0.43305
0.41662
0.50507
0.58074
0.65002
0.5807
0.55878
0.59666
0.57178
0.53133
0.50933
0.54107
0.86371
0.84135
0.83115
0.83406
0.84047
0.81325
0.79067
0.86455
0.85117
0.86013
0.83191
0.75484
0.74138
0.68776
0.61878
0.56951
0.5874
0.5639
0.56146
0.50109
0.47148
0.48256
0.57318
0.61656
0.64611
0.63096
0.5972
0.56224
0.49037
0.41767
0.38604
0.38809
0.42988
0.43425
0.46471
0.45292
0.46678
0.48394
0.50127
0.58811
0.73097
0.78011
0.76998
0.74494
0.69571
0.57781
0.52472
0.49778
0.52873
0.51764
0.57811
0.50193
0.42245
0.3561
0.33656
0.46161
0.58845
0.52743
0.46991
0.47987
0.4772
0.57285
0.54766
0.52678
0.55248
0.64968
0.71674
0.8406
0.83856
0.83836
0.83098
0.79874
0.78057
0.75031
0.71404
0.69794
0.68926
0.59434
0.55489
0.53582
0.54963
0.55532
0.57221
0.54258
0.47031
0.44462
0.44278
0.40995
0.38391
0.42619
0.42918
0.47633
0.45583
0.426
0.4864
0.54985
0.56076
0.47592
0.43778
0.4302
0.45486
0.46711
0.45882
0.43213
0.40467
0.36015
0.29274
0.2884
0.35118
0.44158
0.45271
0.47223
0.584
0.61815
0.63168
0.57922
0.529
0.49598
0.54831
0.54569
0.60642
0.57288
0.54095
0.50441
0.50765
0.48676
0.46206
0.4497
0.43222
0.42566
0.458
0.47452
0.50391
0.51114
0.50597
0.60113
0.69108
0.69457
0.68187
0.68069
0.55316
0.51498
0.47491
0.47467
0.53437
0.57094
0.56128
0.52812
0.45411
0.38882
0.41262
0.45876
0.52953
0.65533
0.71098
0.66956
0.61052
0.57869
0.58874
0.64057
0.64413
0.6602
0.62459
0.57854
0.544
0.51893
0.49693
0.48521
0.50607
0.49139
0.50844
0.51795
0.51921
0.50734
0.47438
0.45789
0.42847
0.4231
0.45554
0.45359
0.41884
0.50111
0.60428
0.92679
0.98457
0.99708
0.99882
1.0008
1.0008
0.9597
0.88863
0.77596
0.50935
0.41607
0.39435
0.39517
0.39004
0.38567
0.39901
0.55047
0.72691
0.78537
0.77295
0.72122
0.60767
0.54623
0.54428
0.51295
0.51846
0.51615
0.57512
0.55236
0.48778
0.44964
0.42752
0.43482
0.49579
0.55276
0.58166
0.57257
0.54647
0.51451
0.47894
0.48365
0.51719
0.62426
0.68738
0.61512
0.5727
0.53235
0.49007
0.47702
0.4942
0.57729
0.64714
0.59051
0.51902
0.46459
0.41889
0.45677
0.50173
0.61183
0.62944
0.5941
0.54989
0.54041
0.56997
0.61182
0.65996
0.76796
0.82895
0.84116
0.853
0.83153
0.82954
0.90396
0.92473
0.88846
0.94458
0.9489
0.88141
0.83481
0.82865
0.77692
0.79009
0.8167
0.77551
0.66364
0.65163
0.5997
0.51131
0.60316
0.62866
0.50027
0.48679
0.47384
0.44226
0.73689
0.85654
0.88272
0.87703
0.87496
0.86445
0.79582
0.7192
0.66758
0.65878
0.67851
0.69334
0.77305
0.8559
0.86811
0.92948
0.97655
0.95747
0.95078
0.99944
0.87991
0.88047
0.76784
0.71293
0.6854
0.69846
0.7064
0.66718
0.66559
0.6498
0.5339
0.50908
0.56605
0.63994
0.66094
0.65679
0.64266
0.62401
0.57705
0.5312
0.46578
0.45111
0.47557
0.47816
0.4571
0.4399
0.41822
0.40699
0.39225
0.44845
0.55034
0.57983
0.52678
0.47718
0.47867
0.50942
0.54353
0.56016
0.58899
0.77782
0.73177
0.78646
0.7834
0.76193
0.73587
0.74425
0.78539
0.80406
0.76915
0.76283
0.7444
0.70939
0.67378
0.65481
0.64095
0.75487
0.68537
0.6706
0.66423
0.67591
0.72826
0.79918
0.75907
0.81276
0.92324
0.97643
0.99955
0.99881
0.99749
0.99904
1.0001
0.95493
0.99921
0.97021
0.87565
0.79274
0.74019
0.80202
1.0005
0.97969
0.91034
0.83767
0.78701
0.68488
0.5694
0.52514
0.44758
0.38583
0.35502
0.30642
0.2578
0.21143
0.33851
0.50627
0.59687
0.69519
0.38465
0.78213
0.51978
0.37906
0.35457
0.44825
0.77847
0.76947
0.50245
0.53382
0.67052
0.66473
0.59716
0.65709
0.73249
0.57862
0.71442
0.67747
0.65086
0.69099
0.60503
0.64612
0.52338
0.43363
0.39643
0.42356
0.36532
0.33516
0.34632
0.37752
0.45882
0.5279
0.50771
0.48207
0.45587
0.42476
0.40731
0.69002
0.69283
0.63182
0.85577
0.81127
0.74856
0.69511
0.70681
0.73125
0.7663
0.6741
0.70473
0.74406
0.66251
0.63911
0.57296
0.53601
0.53195
0.53624
0.52667
0.44798
0.39748
0.36372
0.33992
0.34205
0.3985
0.39178
0.31548
0.27817
0.789
0.88315
0.9285
0.87424
0.89335
0.8629
0.78651
0.73868
0.66316
0.66596
0.65035
0.68298
0.80125
0.81913
0.82156
0.8506
0.71527
0.70675
0.68984
0.71637
0.70247
0.71238
0.80235
0.677
0.73024
0.55147
0.45414
0.43815
0.44946
0.47859
0.44546
0.46784
0.53403
0.50932
0.5735
0.82544
0.89429
0.99322
0.99853
0.99882
0.99928
0.99915
0.99898
0.99867
0.76643
0.63339
0.60759
0.98746
0.79173
0.76521
0.6721
0.72371
0.73827
0.72425
0.6733
0.83358
0.74756
0.74109
0.97012
0.83518
0.9415
0.90403
0.75266
0.67627
0.58708
0.88989
0.81539
0.71566
0.58199
0.4864
0.64841
0.856
0.9691
0.98256
0.96845
0.97701
0.95304
0.96166
0.96373
0.9616
0.78444
0.62434
0.51964
0.80227
0.90396
0.80645
0.74357
0.70431
0.62457
0.68506
0.60174
0.67935
0.67519
0.77323
0.95664
0.67891
0.49968
0.45728
0.4473
0.43377
0.4095
0.4067
0.36602
0.32309
0.33952
0.34353
0.35505
0.36132
0.3969
0.49581
0.47988
0.42703
0.40162
0.35815
0.41313
0.60442
0.70488
0.81171
0.56689
0.42357
0.46322
0.47533
0.4539
0.43451
0.43317
0.56399
0.93311
0.93984
0.74317
0.71173
0.43961
0.39592
0.42352
0.41096
0.41972
0.44236
0.45134
0.51635
0.63786
0.97043
0.99862
0.99984
0.97404
0.97668
0.85083
0.71591
0.65998
0.6054
0.45508
0.3938
0.35011
0.32525
0.35286
0.53541
0.69638
0.9736
0.97454
0.875
0.96921
0.98023
0.98332
0.98583
0.95876
0.9662
0.97084
0.9577
0.95273
0.95971
0.98262
0.95359
0.98028
0.97836
0.96002
0.95069
0.79651
0.59599
0.55964
0.5143
0.47407
0.42647
0.4148
0.57033
0.5343
0.5381
0.59318
0.58938
0.62835
0.62092
0.67245
0.77414
0.64476
0.62357
0.58481
0.5299
0.49634
0.42566
0.3508
0.35703
0.34841
0.34585
0.38212
0.41743
0.38213
0.37428
0.64053
0.73423
0.74478
0.89947
0.82309
0.72415
0.91886
0.93379
0.93613
0.93749
0.93424
0.94803
0.95792
0.96416
0.96492
0.96218
0.96106
0.95853
0.96211
0.96104
0.9671
0.97244
0.97026
0.96262
0.95927
0.93944
0.7781
0.7463
0.70539
0.65917
0.5999
0.57143
0.73186
0.73665
0.72191
0.7572
0.67248
0.64519
0.607
0.57458
0.54512
0.53972
0.50743
0.49981
0.5134
0.43767
0.40802
0.34327
0.29605
0.27113
0.27809
0.27578
0.26005
0.25206
0.24407
0.22856
0.26019
0.30903
0.34192
0.38824
0.56292
0.65341
0.68115
0.71065
0.77197
0.66082
0.62455
0.58611
0.72061
0.92794
0.88775
0.81865
0.74437
0.69
0.74535
0.75129
0.82207
0.82147
0.83987
0.83419
0.69253
0.58464
0.51015
0.4832
0.50533
0.47726
0.4602
0.40215
0.36641
0.45306
0.40781
0.39306
0.44267
0.56737
0.54813
0.54069
0.56322
0.59617
0.61933
0.63784
0.63975
0.61358
0.59651
0.57467
0.52769
0.50688
0.48412
0.44629
0.44999
0.48026
0.5161
0.49909
0.51171
0.57735
0.62128
0.61624
0.59356
0.53156
0.52502
0.51705
0.58128
0.49706
0.46188
0.44354
0.4482
0.60913
0.59974
0.61245
0.61947
0.55634
0.57152
0.62526
0.68844
0.74014
0.74818
0.72979
0.75493
0.71705
0.68027
0.92431
0.94566
0.91707
0.89523
0.90676
0.8263
0.72445
0.63755
0.80698
0.90254
0.91966
0.9262
0.92347
0.93325
0.92913
0.91458
0.87406
0.86358
0.76495
0.62528
0.5092
0.45743
0.42983
0.4118
0.3885
0.36229
0.33349
0.31066
0.29848
0.28554
0.27459
0.2782
0.27955
0.30843
0.32538
0.35832
0.41043
0.43013
0.48508
0.89129
0.88886
0.79492
0.64659
0.59702
0.63197
0.64586
0.69565
0.87773
0.74266
0.9342
0.93653
0.93787
0.93326
0.91986
0.9095
0.91189
0.88586
0.88944
0.89677
0.83078
0.80209
0.67838
0.84236
0.87379
0.8763
0.80174
0.87622
0.87995
0.87694
0.86828
0.85659
0.85508
0.78547
0.77383
0.63186
0.6284
0.57957
0.5659
0.52526
0.45522
0.37565
0.33344
0.32037
0.33025
0.33471
0.3658
0.35569
0.34886
0.33123
0.31548
0.31297
0.31188
0.32209
0.34019
0.35145
0.35621
0.3479
0.32598
0.31143
0.30274
0.30459
0.28913
0.2784
0.27731
0.27489
0.28398
0.28566
0.30783
0.30947
0.29314
0.28267
0.2779
0.25507
0.25259
0.27662
0.25013
0.25672
0.26244
0.28147
0.28577
0.31042
0.31581
0.3127
0.29038
0.27592
0.26681
0.26553
0.26281
0.26264
0.26192
0.25299
0.24227
0.23439
0.23866
0.24067
0.23722
0.23659
0.25894
0.27339
0.27034
0.26929
0.28342
0.30495
0.33112
0.36571
0.3652
0.36072
0.33479
0.30474
0.31105
0.31466
0.29903
0.28906
0.28578
0.27809
0.26446
0.2651
0.28997
0.30489
0.32526
0.32661
0.32827
0.33841
0.32233
0.31986
0.36216
0.41171
0.45429
0.45151
0.43612
0.44371
0.42099
0.45961
0.47991
0.49817
0.55972
0.61614
0.6665
0.59632
0.5229
0.46526
0.39343
0.35205
0.36784
0.40957
0.4725
0.45234
0.44566
0.45249
0.45208
0.4662
0.52286
0.68736
0.68154
0.56446
0.53947
0.50821
0.5508
0.59687
0.60008
0.52622
0.50952
0.57152
0.81148
0.86572
0.89493
0.82935
0.6049
0.55667
0.50223
0.49467
0.49094
0.50531
0.46511
0.44487
0.43532
0.4396
0.44097
0.4396
0.43429
0.42041
0.41026
0.3912
0.38823
0.42833
0.55854
0.48232
0.34599
0.36134
0.37603
0.366
0.37393
0.61479
0.73483
0.71382
0.72511
0.58348
0.4692
0.46089
0.45557
0.42209
0.39824
0.41583
0.45795
0.39398
0.4026
0.35459
0.38013
0.39352
0.46943
0.49909
0.68139
0.57798
0.67568
0.82525
0.6811
0.60273
0.61666
0.63612
0.64704
0.56392
0.51967
0.49202
0.40561
0.35815
0.28881
0.48935
0.37745
0.33365
0.32141
0.29316
0.26516
0.25879
0.41939
0.55407
0.37861
0.32073
0.32246
0.46915
0.87548
0.87989
0.65187
0.58671
0.54182
0.52118
0.53422
0.48814
0.44188
0.40658
0.30406
0.36175
0.34523
0.36903
0.33426
0.33608
0.32247
0.33793
0.28653
0.25137
0.33512
0.31396
0.37314
0.35979
0.40813
0.40142
0.4889
0.88746
0.89509
0.67442
0.63275
0.64611
0.62647
0.59444
0.56761
0.55389
0.51633
0.48544
0.42879
0.39993
0.37381
0.33682
0.2974
0.29396
0.32887
0.35514
0.40824
0.60337
0.63045
0.6601
0.6945
0.66619
0.57831
0.49761
0.44137
0.41618
0.39789
0.40399
0.46499
0.54322
0.53607
0.52006
0.4658
0.45222
0.47649
0.52777
0.60596
0.69051
0.60412
0.49577
0.42523
0.43944
0.44442
0.45438
0.51721
0.47594
0.45908
0.42669
0.4103
0.41477
0.41156
0.38357
0.33918
0.32781
0.455
0.54838
0.83579
0.6743
0.51079
0.70107
0.84358
0.72894
0.83048
0.86419
0.86911
0.8786
0.8814
0.87623
0.86886
0.83832
0.7644
0.59777
0.49895
0.46022
0.40388
0.41135
0.35563
0.28815
0.26899
0.40443
0.35134
0.30219
0.29628
0.29737
0.3066
0.31743
0.33727
0.34755
0.37983
0.47489
0.90756
0.90223
0.89654
0.89892
0.89172
0.80707
0.58385
0.5762
0.55261
0.50254
0.44293
0.39574
0.44182
0.44958
0.44682
0.38088
0.34615
0.34478
0.35356
0.32457
0.29872
0.31992
0.3573
0.39109
0.64763
0.37122
0.42765
0.39303
0.61224
0.73012
0.7255
0.87795
0.88655
0.87746
0.87612
0.87156
0.78603
0.69826
0.55957
0.46013
0.46095
0.55068
0.86294
0.88734
0.89764
0.90372
0.89437
0.79259
0.63108
0.68457
0.87715
0.92003
0.86364
0.70016
0.84474
0.86684
0.86835
0.87097
0.8716
0.86792
0.78948
0.6932
0.56008
0.55471
0.47723
0.39506
0.34513
0.36786
0.71603
0.84681
0.73438
0.88932
0.92933
0.9402
0.93573
0.89173
0.87929
0.88808
0.88013
0.86394
0.84062
0.82699
0.81623
0.73551
0.80216
0.80363
0.81103
0.81195
0.80523
0.78917
0.78933
0.7668
0.65611
0.54409
0.49414
0.47348
0.47111
0.45546
0.42963
0.45374
0.43268
0.40772
0.41162
0.43023
0.46533
0.47291
0.45125
0.43525
0.39622
0.3608
0.37224
0.37666
0.46252
0.60265
0.74769
0.75802
0.71502
0.71042
0.60961
0.64188
0.58671
0.53903
0.51979
0.5007
0.52191
0.49323
0.44824
0.41683
0.38144
0.35378
0.3534
0.36034
0.3691
0.39916
0.42779
0.43037
0.40953
0.43151
0.54189
0.86867
0.89332
0.77887
0.72914
0.716
0.71071
0.72895
0.68649
0.68643
0.7346
0.80803
0.91076
0.89564
0.88636
0.87978
0.86697
0.77607
0.64891
0.60448
0.54319
0.44514
0.34827
0.28889
0.27507
0.25984
0.30082
0.59077
0.76153
0.74113
0.74715
0.74896
0.56271
0.41267
0.38638
0.38516
0.38166
0.3933
0.40619
0.43952
0.57585
0.62121
0.60196
0.57457
0.6496
0.77425
0.92171
0.92011
0.83587
0.69386
0.6239
0.61649
0.74751
0.76519
0.6895
0.56325
0.47678
0.43312
0.40727
0.39008
0.36455
0.39593
0.40552
0.3831
0.34748
0.38422
0.36922
0.40045
