0.45833
0.45391
0.48124
0.49181
0.50307
0.52341
0.52666
0.59998
0.77994
0.76472
0.61034
0.58174
0.57762
0.56316
0.55595
0.73954
0.8083
0.79561
0.70426
0.39625
0.37775
0.3849
0.30722
0.29391
0.41076
0.44796
0.48955
0.48224
0.49943
0.49718
0.48457
0.44353
0.43473
0.4609
0.48353
0.50569
0.46471
0.43952
0.45254
0.45609
0.4687
0.47453
0.47159
0.47385
0.45243
0.46788
0.47979
0.47413
0.47172
0.46457
0.45335
0.44118
0.38912
0.43475
0.44254
0.43714
0.41694
0.42746
0.44947
0.46113
0.54727
0.53814
0.5352
0.52416
0.54492
0.546
0.51498
0.4833
0.47308
0.53329
0.57316
0.60294
0.61548
0.60755
0.59023
0.56923
0.54603
0.54278
0.57452
0.58873
0.59793
0.56957
0.5392
0.57274
0.54394
0.55935
0.54505
0.528
0.51515
0.50287
0.49802
0.49396
0.58151
0.59371
0.64254
0.61731
0.54627
0.54746
0.54966
0.54734
0.53648
0.40244
0.50387
0.53182
0.52172
0.49472
0.41423
0.3525
0.33903
0.32642
0.35673
0.40894
0.4343
0.47109
0.47275
0.452
0.42937
0.41936
0.40169
0.36483
0.32965
0.3238
0.30399
0.28199
0.26874
0.26797
0.26305
0.27116
0.25989
0.2585
0.26636
0.26791
0.2726
0.28165
0.28635
0.27665
0.31248
0.35795
0.38927
0.44917
0.57654
0.84433
0.8495
0.84331
0.84083
0.84328
0.82753
0.80443
0.75386
0.65145
0.58174
0.51993
0.49581
0.4681
0.43762
0.7597
0.78367
0.80354
0.81622
0.82532
0.82516
0.82159
0.8201
0.82419
0.83039
0.83949
0.84305
0.82346
0.63805
0.67442
0.7133
0.57091
0.59049
0.48146
0.60215
0.73836
0.56179
0.44083
0.42884
0.4276
0.44732
0.45741
0.41263
0.45144
0.48847
0.44703
0.47148
0.52646
0.51832
0.4858
0.90744
0.87546
0.85674
0.83118
0.77756
0.68951
0.64658
0.62783
0.51784
0.46261
0.50966
0.69356
0.61577
0.88453
0.88471
0.91256
0.94446
0.54114
0.4667
0.44681
0.43889
0.43691
0.43923
0.42802
0.42961
0.42163
0.4143
0.43227
0.44381
0.45608
0.44165
0.60637
0.87328
0.761
0.65256
0.84881
0.84296
0.66931
0.81456
0.70556
0.68281
0.66286
0.67874
0.84786
0.87991
0.8934
0.90553
0.91658
0.91009
0.90659
0.90072
0.89923
0.89785
0.90006
0.90934
0.92354
0.92788
0.92752
0.90693
0.87725
0.76041
0.90991
0.85233
0.85525
0.91717
0.88635
0.85636
0.82421
0.81794
0.82413
0.82476
0.82175
0.81969
0.8174
0.81566
0.80721
0.79957
0.78053
0.77043
0.77225
0.76448
0.76501
0.76281
0.7607
0.73542
0.72497
0.71951
0.69592
0.65807
0.64241
0.6694
0.62538
0.56426
0.52844
0.52421
0.45791
0.39176
0.34482
0.31828
0.37665
0.43028
0.4544
0.48797
0.45716
0.60668
0.46896
0.4515
0.47916
0.47294
0.4828
0.46748
0.44886
0.39813
0.40908
0.41335
0.44036
0.43875
0.44346
0.43308
0.44897
0.45616
0.49997
0.46203
0.43298
0.37893
0.3221
0.33777
0.34556
0.32859
0.3389
0.36494
0.38268
0.40886
0.55788
0.55576
0.53638
0.74834
0.7671
0.78456
0.53917
0.54815
0.48198
0.44097
0.3973
0.52194
0.79677
0.75975
0.61371
0.73864
0.60742
0.76475
0.77242
0.77317
0.77209
0.76823
0.76519
0.75907
0.71527
0.61726
0.54206
0.49628
0.46947
0.47413
0.44227
0.40855
0.57852
0.63327
0.69842
0.78444
0.82513
0.83451
0.83014
0.84298
0.82843
0.79199
0.58741
0.61937
0.61936
0.60166
0.69998
0.78112
0.76527
0.81737
0.53768
0.82368
0.76606
0.69602
0.80207
0.81296
0.82394
0.83795
0.83575
0.81521
0.79961
0.79377
0.78365
0.77961
0.77208
0.73587
0.67912
0.67042
0.7595
0.72824
0.57162
0.4976
0.40255
0.37958
0.41242
0.44537
0.52151
0.84896
0.86706
0.86653
0.88316
0.88541
0.84098
0.81713
0.80151
0.78096
0.77104
0.75181
0.73706
0.74145
0.75167
0.76232
0.75481
0.72076
0.63114
0.71554
0.60275
0.56358
0.57932
0.59589
0.55142
0.49036
0.44859
0.47787
0.44886
0.50504
0.63062
0.73025
0.7439
0.75662
0.73695
0.69495
0.68044
0.68414
0.67174
0.63822
0.73765
0.62869
0.65758
0.65756
0.65022
0.77102
0.69225
0.688
0.68273
0.67191
0.66405
0.64581
0.60621
0.53019
0.44713
0.47141
0.4608
0.48653
0.49709
0.42141
0.3754
0.35377
0.35361
0.34953
0.75659
0.75687
0.72312
0.64721
0.56906
0.56069
0.4067
0.38186
0.37215
0.40583
0.40206
0.44829
0.4827
0.48001
0.42051
0.40995
0.39839
0.35223
0.31825
0.33618
0.37737
0.40746
0.32225
0.20176
0.24015
0.30247
0.34552
0.37201
0.39963
0.42874
0.47924
0.57029
0.7966
0.79297
0.77609
0.75321
0.73765
0.72237
0.65776
0.59851
0.59067
0.58463
0.55907
0.53999
0.51476
0.5062
0.50598
0.53251
0.57958
0.77834
0.79752
0.81005
0.83302
0.84515
0.84473
0.71581
0.82618
0.84753
0.84423
0.84235
0.8369
0.83682
0.84071
0.8263
0.82103
0.81246
0.80417
0.79778
0.79169
0.79436
0.79548
0.79414
0.78754
0.78866
0.78925
0.79121
0.79173
0.79484
0.79319
0.75859
0.72783
0.7235
0.75236
0.76265
0.7878
0.86198
0.89779
0.90214
0.89985
0.87795
0.85923
0.85977
0.83352
0.83798
0.85563
0.84378
0.82896
0.83666
0.86395
0.86782
0.87181
0.8878
0.87834
0.88486
0.88756
0.88718
0.89626
0.91788
0.92044
0.93155
0.90521
0.91728
0.83821
0.77271
0.77977
0.73188
0.87628
0.88903
0.85906
0.84906
0.83932
0.83488
0.82697
0.81554
0.79786
0.79362
0.79382
0.78803
0.78194
0.77658
0.74631
0.73312
0.73819
0.80045
0.82029
0.82922
0.84069
0.848
0.85511
0.85034
0.85423
0.8653
0.8781
0.87914
0.87844
0.88
0.88744
0.89213
0.90187
0.88012
0.68147
0.50305
0.4192
0.60872
0.74141
0.66492
0.56711
0.54362
0.47256
0.91897
0.8148
0.70604
0.69664
0.62293
0.54732
0.83223
0.84944
0.85946
0.85169
0.83781
0.82814
0.81696
0.81776
0.81676
0.79817
0.78579
0.67951
0.60316
0.56356
0.54191
0.40044
0.36823
0.39515
0.48887
0.52466
0.55027
0.7139
0.75357
0.7827
0.80358
0.7425
0.64056
0.58504
0.59691
0.58669
0.56255
0.47798
0.48542
0.40661
0.37953
0.39599
0.39548
0.48749
0.45102
0.4917
0.58472
0.61909
0.66157
0.80189
0.84143
0.85787
0.88393
0.90822
0.89328
0.88859
0.89166
0.88627
0.88233
0.78902
0.71289
0.71623
0.89792
0.80306
0.60943
0.59195
0.62701
0.65192
0.67243
0.58421
0.56912
0.55481
0.5258
0.56368
0.59579
0.78302
0.42918
0.45048
0.71628
0.80297
0.68517
0.45405
0.72349
0.72088
0.56276
0.52915
0.48075
0.47539
0.47302
0.42005
0.40196
0.45285
0.48423
0.4626
0.44212
0.47354
0.46441
0.44453
0.42742
0.41351
0.40318
0.4483
0.45052
0.45628
0.45669
0.455
0.45087
0.45298
0.45963
0.45644
0.46949
0.47872
0.48441
0.48216
0.49368
0.50973
0.59871
0.56559
0.55639
0.56377
0.5619
0.55691
0.59909
0.62671
0.62054
0.63768
0.67961
0.72071
0.74198
0.76232
0.75329
0.69581
0.65352
0.64271
0.66609
0.91699
0.91719
0.9046
0.9018
0.89626
0.89826
0.89856
0.88208
0.85022
0.78176
0.65914
0.56985
0.43369
0.3229
0.32122
0.34738
0.35696
0.38187
0.43668
0.39695
0.59964
0.64576
0.85156
0.97245
0.98884
0.75519
0.91642
0.86446
0.86917
0.70678
0.66248
0.96205
0.89699
0.82107
0.72469
0.71526
0.68095
0.64442
0.67001
0.6527
0.79647
0.77593
0.64656
0.56568
0.66133
0.50903
0.51732
0.54385
0.55125
0.73644
0.61066
0.70582
0.60888
0.72297
0.70266
0.83251
0.80762
0.99943
0.99291
0.6695
0.67981
0.6678
0.98943
0.99388
0.97895
0.96671
0.95875
0.95349
0.94694
0.93362
0.92365
0.87348
0.83417
0.79705
0.75951
0.73056
0.92279
0.93833
0.95384
0.96506
0.96158
0.96359
0.96783
0.95421
0.94265
0.92821
0.91985
0.82903
0.8455
0.74682
0.81775
0.77977
0.77984
0.7964
0.82076
0.79533
0.7791
0.82188
0.78069
0.69535
0.59288
0.52001
0.52621
0.60271
0.81699
0.7446
0.46431
0.46216
0.44721
0.45092
0.45878
0.48601
0.47662
0.47751
0.47101
0.4742
0.47261
0.46707
0.46687
0.47968
0.48986
0.50319
0.48787
0.47642
0.47963
0.48071
0.50301
0.49702
0.49415
0.49793
0.46453
0.4252
0.40083
0.42833
0.44639
0.47589
0.48906
0.49741
0.46549
0.45906
0.47221
0.49035
0.5134
0.53349
0.59618
0.58064
0.55843
0.58386
0.59965
0.65021
0.62366
0.68514
0.70056
0.72521
0.73862
0.67806
0.59593
0.5503
0.55221
0.5724
0.61045
0.60909
0.62235
0.69685
0.61422
0.59511
0.59772
0.65569
0.68739
0.77521
0.91993
0.90826
0.90023
0.86527
0.80636
0.75807
0.63465
0.60696
0.51855
0.51589
0.59964
0.64231
0.65202
0.64987
0.62375
0.58698
0.59779
0.62176
0.54128
0.51538
0.47841
0.39327
0.45194
0.46462
0.4955
0.53041
0.50516
0.47947
0.54309
0.54938
0.59347
0.54699
0.5007
0.53114
0.69648
0.71691
0.69215
0.63658
0.59497
0.60681
0.60166
0.53647
0.61036
0.78557
0.9427
0.84435
0.76622
0.71813
0.94152
0.93702
0.94006
0.93009
0.90028
0.89014
0.9171
0.92229
0.91578
0.90059
0.88809
0.87088
0.88571
0.80425
0.70891
0.67056
0.58612
0.57435
0.59518
0.5643
0.52961
0.54627
0.64015
0.61055
0.52186
0.50033
0.48569
0.46617
0.4911
0.50665
0.47864
0.43655
0.40353
0.38333
0.37533
0.3707
0.38943
0.52062
0.5736
0.61428
0.72102
0.72089
0.95256
0.96203
0.97862
0.97817
0.97381
0.97635
0.96694
0.92636
0.90747
0.89987
0.84971
0.79201
0.76709
0.7558
0.79221
0.73388
0.73122
0.6495
0.65133
0.70679
0.67849
0.68335
0.70582
0.72245
0.69203
0.72085
0.76328
0.74308
0.78437
0.83961
0.84709
0.82434
0.81781
0.77875
0.839
0.87339
0.86137
0.86153
0.87232
0.87211
0.75696
0.52951
0.56673
0.56911
0.539
0.63513
0.61429
0.6051
0.60969
0.52146
0.57635
0.91091
0.8576
0.92317
0.92299
0.87243
0.84309
0.75696
0.76049
0.89154
0.83455
0.90273
0.8178
0.7581
0.75563
0.86292
0.86531
0.90608
0.88659
0.93169
0.92159
0.89403
0.82494
0.71604
0.70491
0.67681
0.66156
0.63922
0.54087
0.45018
0.42583
0.41419
0.43188
0.48258
0.53284
0.52011
0.4553
0.34752
0.31453
0.31561
0.33738
0.39361
0.40731
0.4017
0.43273
0.47731
0.3984
0.36503
0.40304
0.44855
0.50294
0.68571
0.73955
0.72048
0.72007
0.8184
0.81031
0.77975
0.775
0.60124
0.81833
0.93351
0.98313
0.90337
0.82179
0.98598
0.95597
0.9773
0.99737
0.98321
0.94532
0.88501
0.94184
0.95079
0.96393
0.95251
0.95785
0.95533
0.95339
0.94735
0.7242
0.70173
0.62232
0.57442
0.68952
0.66157
0.69646
0.65833
0.63672
0.60623
0.65005
0.85703
0.88849
0.86782
0.86528
0.84616
0.73689
0.72456
0.85309
0.94957
1.0001
0.99741
0.96735
0.95426
0.92305
0.83074
0.7887
0.72853
0.73077
0.70859
0.69103
0.66253
0.69232
0.69837
0.66951
0.67509
0.70769
0.73392
0.84963
0.94061
0.84509
0.83134
0.72747
0.67136
0.69347
0.65495
0.67149
0.57854
0.55629
0.53412
0.53529
0.54011
0.54368
0.54004
0.51659
0.53542
0.5602
0.6148
0.66369
0.65345
0.62952
0.63161
0.60576
0.60124
0.60623
0.55242
0.52768
0.53991
0.57761
0.61616
0.63941
0.64182
0.70892
0.7759
0.8647
0.9876
0.99951
1.0002
0.9958
0.73758
0.56876
0.5791
0.59457
0.61369
0.70907
0.85294
0.85363
0.899
0.90699
0.84418
0.77479
0.75129
0.82218
0.78205
0.67371
0.65068
0.64937
0.66329
0.67883
0.63558
0.69008
0.68687
0.67447
0.661
0.66349
0.78273
0.76964
0.74227
0.76406
0.63551
0.64863
0.74069
0.72053
0.70329
0.65705
0.69383
0.69403
0.61185
0.74246
0.86368
0.85755
0.84628
0.815
0.74769
0.89424
0.99665
0.93462
0.98332
0.98137
0.96381
0.84362
0.83402
0.78476
0.94388
0.95221
0.95249
0.91052
0.86202
0.90283
0.87843
0.83189
0.84324
0.71346
0.68308
0.65414
0.68363
0.72495
0.68755
0.65727
0.64675
0.68897
0.61497
0.56826
0.62131
0.65345
0.63399
0.58289
0.53486
0.51497
0.57608
0.62847
0.75409
0.75782
0.69217
0.57216
0.55136
0.51253
0.51301
0.54418
0.53198
0.53322
0.46739
0.42608
0.3955
0.43669
0.54445
0.49374
0.46492
0.44509
0.48219
0.46962
0.60283
0.75301
0.90719
0.94539
0.95839
1.001
1.0005
0.99965
1.0008
1.0003
0.99937
0.99941
0.99767
1.0007
0.9745
0.8679
0.80807
0.76384
0.7559
0.78468
0.80071
0.80949
0.78377
0.80517
0.86957
0.88852
0.93526
0.98653
0.8223
0.97864
0.99859
0.97927
0.97413
0.9712
0.97112
0.98738
0.98727
0.98543
0.98419
0.97811
0.98745
1.0004
0.9769
0.88391
0.83902
0.78702
0.72397
0.6924
0.65795
0.65206
0.70489
0.71228
0.70224
0.66411
0.65399
0.65171
0.63786
0.67533
0.68144
0.64983
0.6433
0.60699
0.6523
0.61435
0.66996
0.62197
0.58372
0.56501
0.56619
0.58048
0.53726
0.53946
0.54701
0.56671
0.56771
0.56986
0.57487
0.63862
0.8324
0.77705
0.68566
0.69442
0.75152
0.63961
0.57033
0.5491
0.54285
0.54899
0.55067
0.5842
0.62751
0.65311
0.67177
0.65484
0.63059
0.77457
0.86922
0.91561
0.90982
0.90714
0.90346
0.87655
0.72512
0.70461
0.71792
0.73129
0.70144
0.6591
0.74051
0.66982
0.54947
0.55809
0.56637
0.47663
0.46113
0.57002
0.61395
0.63808
0.73088
0.7694
0.8656
0.89241
0.9467
0.97101
0.97602
0.9739
0.94543
0.91412
0.96349
0.99873
0.99846
1.0006
1.0006
0.83426
0.76171
0.75122
0.77568
0.76928
0.76117
0.71355
0.69929
0.64071
0.63168
0.6677
0.77836
0.85417
0.80298
0.81197
0.70061
0.76851
0.97461
0.96506
0.99311
0.99798
0.99802
0.99882
0.99949
0.98981
0.85825
0.8037
1.0006
0.99884
1.0002
1
0.99956
0.99806
0.9979
0.98442
0.99402
0.99706
0.9976
0.99898
0.99762
0.99766
1.0008
0.99701
0.99798
0.99441
0.99215
0.99172
0.98834
0.9728
0.8368
0.76952
0.77029
0.73363
0.75329
0.74281
0.72597
0.72191
0.68681
0.66478
0.6914
0.71346
0.78662
0.88997
0.84867
0.80385
0.80703
0.89018
0.98057
0.90256
0.77533
0.99344
0.96243
0.9884
0.99385
0.99732
0.99789
0.9969
0.98827
0.92257
0.75029
0.77241
0.86315
0.92931
0.96601
0.96862
0.93463
0.82622
0.77668
0.62037
0.61726
0.58594
0.73175
0.73884
0.69947
0.68726
0.70293
0.69364
0.66764
0.64019
0.62612
0.68203
0.70349
0.64035
0.51937
0.57496
0.59175
0.593
0.62429
0.61205
0.61678
0.58241
0.56015
0.55426
0.55745
0.55782
0.57431
0.59228
0.6148
0.6762
0.68258
0.64666
0.64625
0.68723
0.85059
0.86739
0.82895
0.82251
0.80744
0.79999
0.7653
0.68875
0.62009
0.65192
0.7877
0.75737
0.69674
0.605
0.52927
0.47151
0.52735
0.63765
0.67454
0.77912
0.83266
0.8108
0.72396
0.6757
0.81984
0.94367
0.99585
0.99772
0.99773
0.98961
0.98554
0.983
0.94474
0.86678
0.79128
0.74562
0.73177
0.72495
0.68998
0.6569
0.65778
0.60373
0.55082
0.50596
0.53991
0.61153
0.6145
0.72095
0.77594
0.76857
0.68122
0.70068
0.85778
0.92687
0.85467
0.75144
0.73566
0.7115
0.81689
0.88185
0.89976
0.94947
0.97055
0.95412
0.98248
0.9967
0.92198
0.83704
0.77206
0.71816
0.69469
0.65151
0.68179
0.6964
0.72547
0.73299
0.81964
0.79568
0.77384
0.74072
0.76018
0.81874
0.86297
0.91516
0.99158
0.97666
0.972
0.98794
0.99554
0.9998
0.98515
0.77846
0.67257
0.60722
0.51009
0.57899
0.84897
0.9017
0.72913
0.7514
0.84728
0.84863
0.81333
0.74408
0.76422
0.82722
0.78078
0.74477
0.75693
0.76059
0.80676
0.75418
0.81156
0.87606
0.90097
0.90427
0.88306
0.86
0.84114
0.8771
0.89634
0.90135
0.89312
0.87694
0.87483
0.89892
0.98072
0.98611
0.94575
0.92555
0.96405
0.98198
0.97031
0.94332
0.87817
0.79348
0.7987
0.822
0.87187
0.95184
0.96112
0.9847
0.96567
0.95959
0.99768
1.0006
0.99969
1.0004
0.99998
0.99865
0.96695
0.89566
0.82002
0.801
0.75304
0.67313
0.75183
0.99721
0.99243
0.99763
0.99889
0.99911
0.99743
0.99995
0.90376
0.86318
0.7667
0.71969
0.71086
0.71782
0.68455
0.63073
0.58838
0.62608
0.61206
0.59135
0.60264
0.69238
0.81312
0.8862
0.71594
0.6891
0.56949
0.55175
0.61155
0.50643
0.62138
0.62183
0.58754
0.57322
0.54863
0.49227
0.56093
0.68317
0.58849
0.45036
0.41972
0.41179
0.4472
0.54323
0.78917
0.96098
0.99976
0.98551
0.98882
0.88285
0.84914
0.77152
0.80911
0.80137
0.61759
0.68781
0.64557
0.97545
0.99506
0.98937
0.99888
0.99577
0.99568
0.99949
1.0003
0.99856
0.9996
0.99952
0.99791
0.99928
0.99739
0.96431
0.86743
0.82669
0.92127
1.0008
0.98391
0.97752
0.98594
0.97314
0.9837
0.96731
0.78057
0.71848
0.75022
0.84007
0.9991
0.99862
0.99727
0.99737
0.99904
0.99726
0.99963
0.99971
0.9967
0.97708
1.0003
0.99891
0.9958
0.99756
0.98801
0.99912
0.97968
0.9328
0.85438
0.7835
0.756
0.73328
0.70757
0.6688
0.67898
0.60443
0.54492
0.50586
0.45019
0.42249
0.43329
0.42053
0.41426
0.39674
0.40449
0.40924
0.42899
0.51846
0.6245
0.5634
0.55349
0.50395
0.43187
0.39594
0.49526
0.56544
0.55801
0.51124
0.5589
0.51684
0.51593
0.53776
0.58257
0.58446
0.5601
0.4816
0.46212
0.51576
0.61139
0.78646
0.6031
0.716
0.82471
0.8053
0.69208
0.58528
0.53816
0.57838
0.64636
0.69383
0.65146
0.59586
0.6326
0.75279
0.97509
0.98833
0.99807
0.99988
0.99497
0.98959
0.99191
0.99934
0.99901
0.99922
0.97473
0.9809
0.99547
0.99494
0.99627
0.99908
0.96974
0.96948
0.9267
0.93854
0.96629
0.9656
0.96022
0.8649
0.81854
0.98746
0.97381
0.9677
0.98312
0.98256
0.97519
0.93146
0.87116
0.84261
0.78231
0.75958
0.78
0.72014
0.67033
0.61175
0.54504
0.53143
0.56387
0.61529
0.54249
0.51719
0.66594
0.72645
0.68924
0.61706
0.61425
0.58592
0.55153
0.52918
0.53321
0.53864
0.55547
0.58076
0.58412
0.6077
0.62878
0.64278
0.67392
0.69709
0.73943
0.77806
0.79296
0.82064
0.86221
0.92736
0.95556
0.90737
0.80878
0.75422
0.76779
0.75306
0.68459
0.65677
0.65599
0.6623
0.64173
0.61166
0.64273
0.69556
0.70943
0.71183
0.69588
0.64515
0.56294
0.54885
0.54322
0.55807
0.62881
0.65584
0.63823
0.67682
0.81409
0.85812
0.83249
0.98478
0.98781
0.98962
0.98356
0.9606
0.91401
0.7293
0.5896
0.74644
0.76759
0.92346
0.94682
0.92407
0.92117
0.77623
0.70644
0.67984
0.68625
0.67502
0.70829
0.7052
0.54183
0.55405
0.52598
0.51751
0.44966
0.36559
0.43025
0.70168
0.6901
0.56297
0.47681
0.44759
0.53037
0.53655
0.55699
0.55024
0.49713
0.47033
0.45928
0.44472
0.47987
0.48568
0.46462
0.51032
0.4904
0.43525
0.40292
0.39254
0.35585
0.33137
0.33759
0.30676
0.31955
0.32786
0.35557
0.36701
0.36827
0.38255
0.35587
0.33911
0.32394
0.34532
0.37795
0.4211
0.41719
0.40787
0.38576
0.36172
0.3388
0.32943
0.37581
0.38583
0.41412
0.42171
0.43768
0.43459
0.41217
0.39515
0.40297
0.41553
0.4118
0.39962
0.38909
0.38002
0.34407
0.33207
0.37516
0.43652
0.48795
0.51932
0.57875
0.60248
0.52313
0.45932
0.50008
0.58262
0.62957
0.59034
0.58224
0.56196
0.5268
0.51214
0.52435
0.49302
0.49757
0.51273
0.52804
0.56566
0.52918
0.53414
0.57231
0.56227
0.52812
0.51039
0.43463
0.38319
0.35122
0.35062
0.39386
0.44123
0.46795
0.5235
0.53064
0.53679
0.47166
0.42739
0.47126
0.47737
0.34317
0.30647
0.28799
0.30052
0.42253
0.46055
0.47599
0.47135
0.44378
0.43825
0.43964
0.41555
0.43432
0.44416
0.44909
0.45549
0.53579
0.83427
0.85176
0.81753
0.7451
0.64953
0.66317
0.663
0.66382
0.63684
0.57
0.50849
0.53691
0.55675
0.582
0.73652
0.94091
0.95688
0.95626
0.94918
0.9488
0.95874
0.95578
0.94818
0.94842
0.9315
0.91093
0.83552
0.7319
0.66552
0.66732
0.63632
0.58986
0.55803
0.4977
0.44597
0.4262
0.6389
0.83557
0.88108
0.90477
0.81289
0.69457
0.74072
0.73536
0.69428
0.68203
0.66155
0.63388
0.60413
0.66169
0.64676
0.64429
0.64868
0.65246
0.64195
0.58262
0.57637
0.55311
0.52339
0.81107
0.67198
0.90534
0.59833
0.43917
0.43027
0.43418
0.42861
0.49199
0.42764
0.61556
0.57324
0.47012
0.50093
0.54218
0.59564
0.63218
0.66318
0.7575
0.80612
0.78404
0.79334
0.74269
0.71199
0.65337
0.62171
0.62594
0.62934
0.64039
0.71213
0.76407
0.80826
0.905
0.88376
0.70325
0.58007
0.53072
0.49935
0.4572
0.43139
0.4526
0.88959
0.90963
0.92045
0.85987
0.8853
0.89706
0.77606
0.88816
0.80587
0.84877
0.88341
0.91918
0.92152
0.91388
0.91747
0.90091
0.8755
0.89907
0.88983
0.74669
0.89321
0.90124
0.91468
0.92133
0.89899
0.903
0.91667
0.90539
0.88818
0.90861
0.88897
0.87049
0.85932
0.82721
0.77928
0.7912
0.83031
0.73392
0.67337
0.61979
0.60932
0.59454
0.57008
0.57292
0.836
0.84508
0.85772
0.87409
0.72663
0.70736
0.85485
0.66797
0.62508
0.57602
0.594
0.69393
0.85852
0.8846
0.88739
0.90587
0.91219
0.91856
0.92161
0.92618
0.92932
0.9287
0.92449
0.92439
0.89177
0.88365
0.87551
0.88307
0.87891
0.87214
0.89988
0.91177
0.91709
0.91933
0.91889
0.91857
0.90973
0.90028
0.88831
0.87815
0.87522
0.82251
0.79142
0.7298
0.67668
0.67404
0.65946
0.5092
0.43041
0.37217
0.33144
0.4231
0.34669
0.24315
0.22088
0.2283
0.2398
0.2724
0.32066
0.37203
0.38474
0.40538
0.47766
0.55557
0.61905
0.6321
0.65231
0.6528
0.61828
0.61273
0.59565
0.57086
0.5512
0.53912
0.51555
0.47696
0.47405
0.53583
0.52108
0.63846
0.6692
0.65768
0.63483
0.72598
0.71682
0.81998
0.78781
0.66724
0.64578
0.61337
0.61108
0.58246
0.56939
0.54519
0.44579
0.44969
0.45533
0.47182
0.46065
0.41944
0.40616
0.36523
0.30773
0.30976
0.31061
0.32868
0.34677
0.36253
0.40594
0.45856
0.4982
0.5163
0.55187
0.57004
0.58036
0.56555
0.54341
0.48782
0.43452
0.39159
0.36673
0.37869
0.48107
0.57721
0.64369
0.6805
0.75499
0.7724
0.80573
0.79797
0.79892
0.81178
0.81975
0.79593
0.67121
0.61051
0.6415
0.63969
0.64358
0.64019
0.62273
0.60538
0.60803
0.61712
0.572
0.53594
0.4874
0.43815
0.37307
0.32043
0.2602
0.22057
0.214
0.22362
0.30036
0.35603
0.3762
0.44231
0.4724
0.46832
0.43311
0.41734
0.37805
0.35546
0.34075
0.33671
0.34237
0.36361
0.39759
0.42859
0.44779
0.44923
0.482
0.52166
0.50418
0.59377
0.66503
0.5628
0.45391
0.31028
0.26199
0.28118
0.70157
0.85776
0.85999
0.86245
0.86117
0.85176
0.83453
0.80437
0.8189
0.80118
0.80379
0.76896
0.6986
0.81578
0.78586
0.56891
0.50587
0.70593
0.79459
0.78163
0.81434
0.82638
0.84488
0.81633
0.6608
0.66231
0.70338
0.65517
0.69138
0.69859
0.71092
0.79561
0.79789
0.80566
0.82926
0.84801
0.84832
0.86724
0.867
0.85883
0.85133
0.8432
0.82645
0.77829
0.50677
0.39686
0.41378
0.44015
0.45381
0.45542
0.4831
0.48318
0.48462
0.48352
0.4642
0.45894
0.45709
0.45275
0.42946
0.42074
0.40648
0.39982
0.40693
0.40643
0.40372
0.40206
0.40294
0.39797
0.40067
0.40604
0.40878
0.41095
0.40671
0.4175
0.42695
0.44045
0.42661
0.5885
0.50688
0.49472
0.48972
0.49538
0.49141
0.51621
0.53124
0.54467
0.48332
0.48116
0.46147
0.42772
0.43092
0.44255
0.43975
0.44997
0.44842
0.44957
0.45542
0.45841
0.47067
0.47435
0.47536
0.48491
0.48901
0.53599
0.51394
0.49005
0.49119
0.47412
0.49155
0.49541
0.50952
0.54644
0.55821
0.53317
0.55439
0.54236
0.51802
0.51144
0.51702
0.5391
0.59946
0.79481
0.87305
0.8778
0.87975
0.88169
0.87935
0.84531
0.77768
0.68967
0.63091
0.56037
0.54532
0.55001
0.54524
0.54307
0.52132
0.5362
0.44091
0.43474
0.48482
0.50906
0.50214
0.4897
0.46232
0.46978
0.47186
0.45825
0.44224
0.44262
0.43851
0.43333
0.43936
0.45603
0.42385
0.41277
0.41165
0.41603
0.42465
0.46042
0.54186
0.55361
0.57819
0.58627
0.59062
0.57954
0.55916
0.54678
0.54576
0.55506
0.55027
0.5571
0.56477
0.56296
0.5552
0.54615
0.52786
0.52876
0.52705
0.54769
0.57925
0.60259
0.59156
0.57723
0.60755
0.57472
0.61346
0.58442
0.56126
0.53657
0.47087
0.49923
0.51025
0.5262
0.49062
0.52216
0.52271
0.53299
0.55316
0.55487
0.58172
0.59664
0.708
0.73116
0.70611
0.68982
0.68139
0.67501
0.63204
0.58186
0.49261
0.41436
0.34325
0.32296
0.27003
0.54661
0.59473
0.57863
0.49807
0.37709
0.4071
0.40503
0.47483
0.40699
0.47163
0.46998
0.47339
0.4958
0.50963
0.51414
0.5098
0.49549
0.4876
0.47638
0.45412
0.47923
0.49857
0.49214
0.50335
0.5157
0.54058
0.54827
0.56024
0.62601
0.66869
0.6525
0.62294
0.63642
0.56755
0.56844
0.57868
0.62931
0.62584
0.65821
0.59757
0.56901
0.53323
0.54891
0.55986
0.63596
0.58092
0.6063
0.77441
0.85016
0.86338
0.86149
0.86335
0.86262
0.85969
0.84067
0.71859
0.70726
0.73095
0.669
0.61333
0.59696
0.5763
0.53253
0.55236
0.54066
0.53962
0.54993
0.54388
0.54908
0.5765
0.57065
0.55981
0.57122
0.553
0.47802
0.46123
0.46365
0.49573
0.50843
0.54036
0.54219
0.71801
0.45811
0.44815
0.44729
0.45762
0.46016
0.45725
0.43789
0.44277
0.43162
0.48313
0.47988
0.48804
0.43579
0.5288
0.55578
0.57955
0.64348
0.64535
0.86389
0.75921
0.72497
0.66856
0.59412
0.50455
0.45845
0.59151
0.61197
0.63227
0.61248
0.58551
0.59077
0.57419
0.55962
0.65385
0.59718
0.50544
0.57902
0.63344
0.63546
0.66417
0.58271
0.81798
0.86078
0.73058
0.64598
0.57197
0.52874
0.57407
0.57592
0.53699
0.49385
0.45129
0.42413
0.4067
0.65394
0.48451
0.44133
0.42249
0.41969
0.42092
0.4189
0.41361
0.41529
0.4321
0.44615
0.45397
0.63431
0.67366
0.8898
0.86246
0.83792
0.81886
0.81478
0.83009
0.82886
0.83302
0.82663
0.79867
0.74014
0.5526
0.50128
0.48022
0.46568
0.41843
0.42416
0.41278
0.41359
0.41318
0.41529
0.43205
0.42984
0.43418
0.44109
0.41826
0.40373
0.3871
0.43986
0.45331
0.45835
0.48211
0.48118
0.49379
0.49354
0.48511
0.51049
0.50147
0.47062
0.5082
0.51101
0.50328
0.49597
0.51993
0.53237
0.58788
0.77885
0.78946
0.79124
0.76401
0.70096
0.79031
0.68458
0.59521
0.80042
0.79811
0.76128
0.7451
0.6334
0.57813
0.58452
0.48423
0.46294
0.44828
0.46014
0.41723
0.44223
0.43646
0.43945
0.42774
0.4074
0.36532
0.36853
0.3846
0.44843
0.63906
0.62864
0.59514
0.59012
0.3674
0.29812
0.31545
0.42816
0.41535
