0.44502
0.37946
0.32486
0.29046
0.27248
0.22643
0.18924
0.19667
0.19338
0.19966
0.19963
0.17791
0.16598
0.1269
0.10292
0.099642
0.076126
0.11546
0.17974
0.2253
0.27443
0.30876
0.31792
0.35264
0.41641
0.40973
0.31785
0.30489
0.29541
0.29624
0.29628
0.29242
0.29994
0.30169
0.30257
0.2979
0.29524
0.28575
0.3037
0.3056
0.31405
0.35579
0.37669
0.42829
0.31025
0.29299
0.31234
0.36939
0.92488
0.81238
0.78894
0.76265
0.86023
0.81255
0.88365
0.83283
0.64648
0.59972
0.59594
0.59909
0.58396
0.59059
0.50228
0.36955
0.51363
0.68567
0.58289
0.65499
0.60039
0.4661
0.51648
0.65575
0.62748
0.59907
0.56115
0.5801
0.56534
0.47875
0.44167
0.44347
0.46941
0.47026
0.45854
0.47909
0.53294
0.54653
0.48918
0.38037
0.32887
0.30212
0.51052
0.86344
0.61407
0.63427
0.64736
0.69326
0.69851
0.66985
0.67375
0.65685
0.65087
0.63848
0.6403
0.62837
0.59546
0.5694
0.52392
0.46571
0.3896
0.36623
0.32823
0.3058
0.30205
0.33841
0.41232
0.43458
0.43035
0.43272
0.46395
0.51685
0.83827
0.84232
0.8386
0.84035
0.82861
0.83053
0.83038
0.82686
0.82775
0.82481
0.81501
0.79245
0.72907
0.63455
0.55042
0.50671
0.48423
0.45479
0.42547
0.42954
0.4358
0.40946
0.39409
0.3933
0.34947
0.30837
0.26024
0.22857
0.25885
0.31105
0.36484
0.31508
0.30058
0.30147
0.29803
0.41909
0.72529
0.68855
0.3711
0.36382
0.35742
0.34778
0.57367
0.50519
0.37626
0.3552
0.35219
0.3553
0.35925
0.36941
0.37204
0.4103
0.4122
0.39585
0.41092
0.4324
0.44022
0.43851
0.43601
0.43686
0.42922
0.45113
0.44824
0.4882
0.48037
0.49949
0.50776
0.47911
0.42744
0.38243
0.34354
0.29803
0.28905
0.30823
0.29801
0.41215
0.47964
0.5066
0.52706
0.59849
0.79924
0.79303
0.80393
0.81563
0.81266
0.71468
0.66569
0.70102
0.67441
0.6353
0.66605
0.78344
0.82013
0.82218
0.82175
0.63889
0.5737
0.54682
0.55922
0.61819
0.52925
0.45252
0.43001
0.40947
0.3652
0.34477
0.38843
0.44262
0.45382
0.697
0.72936
0.68293
0.68046
0.65052
0.60544
0.51317
0.47431
0.43592
0.37962
0.35565
0.35432
0.42255
0.49778
0.56624
0.60878
0.6128
0.55218
0.53059
0.5334
0.51555
0.46136
0.42153
0.42792
0.43189
0.48055
0.55769
0.61023
0.63595
0.63819
0.6442
0.65146
0.61697
0.59501
0.58439
0.60539
0.52825
0.46668
0.50578
0.47197
0.44983
0.42569
0.40728
0.37786
0.38301
0.5166
0.84353
0.56785
0.58364
0.61538
0.63165
0.64769
0.66758
0.63516
0.60773
0.48414
0.44387
0.44704
0.44562
0.47249
0.56427
0.64693
0.67321
0.63454
0.63061
0.64958
0.62954
0.59915
0.55197
0.55181
0.61111
0.60416
0.60273
0.60517
0.59567
0.59227
0.61294
0.58442
0.5774
0.60268
0.57352
0.59962
0.62986
0.65531
0.6772
0.65754
0.67295
0.65271
0.64383
0.59554
0.5389
0.39271
0.38827
0.45445
0.46355
0.49935
0.74555
0.35775
0.28952
0.52181
0.6014
0.6686
0.7362
0.7704
0.72296
0.82922
0.83078
0.80502
0.55493
0.43301
0.31239
0.2321
0.22943
0.30853
0.88278
0.61363
0.67667
0.57114
0.4821
0.40402
0.36772
0.37486
0.41541
0.42071
0.43596
0.43207
0.45106
0.45857
0.46906
0.53787
0.55571
0.61885
0.79175
0.75589
0.72284
0.70655
0.6871
0.68477
0.67659
0.66509
0.54275
0.46185
0.43205
0.39974
0.37126
0.34799
0.3262
0.31486
0.30182
0.28776
0.27507
0.2778
0.29584
0.33222
0.35766
0.36018
0.31966
0.28215
0.28742
0.35432
0.64406
0.68315
0.58682
0.58616
0.63221
0.64361
0.55217
0.48
0.51511
0.53219
0.55153
0.61696
0.74488
0.86221
0.85622
0.85641
0.85444
0.59809
0.609
0.6492
0.63086
0.62917
0.61981
0.70414
0.92021
0.88064
0.85206
0.83161
0.65276
0.65824
0.54268
0.42914
0.45586
0.52163
0.51905
0.52818
0.47322
0.4328
0.3684
0.3215
0.29525
0.27238
0.23144
0.22241
0.21008
0.19957
0.2026
0.1851
0.19735
0.24051
0.27561
0.27017
0.2528
0.23792
0.22583
0.23836
0.21728
0.17635
0.15886
0.16971
0.18678
0.21486
0.23914
0.25354
0.27194
0.26555
0.22318
0.23928
0.25327
0.25478
0.24889
0.25089
0.26971
0.32124
0.34051
0.36023
0.40808
0.43139
0.56113
0.66607
0.62358
0.6062
0.6557
0.71146
0.6662
0.62911
0.65342
0.62957
0.62415
0.65595
0.64814
0.61143
0.62281
0.62869
0.65254
0.61516
0.54638
0.50852
0.44791
0.41137
0.406
0.40073
0.39184
0.37694
0.36603
0.34384
0.31503
0.2961
0.29128
0.35152
0.35881
0.37267
0.41637
0.4711
0.50729
0.49524
0.50383
0.49794
0.46375
0.45873
0.46664
0.4749
0.58159
0.88758
0.87372
0.85785
0.84635
0.84039
0.83391
0.82021
0.82944
0.83375
0.81891
0.79346
0.78945
0.76819
0.74048
0.74582
0.73794
0.71695
0.65231
0.51232
0.41106
0.34189
0.32564
0.29936
0.29042
0.34123
0.47104
0.57611
0.86737
0.89421
0.89243
0.88213
0.87688
0.87063
0.87267
0.86084
0.84476
0.84571
0.83176
0.74384
0.56985
0.4888
0.45538
0.42457
0.42164
0.37403
0.43382
0.41112
0.43545
0.45528
0.44533
0.48877
0.48558
0.42517
0.40459
0.39187
0.39806
0.41113
0.43014
0.45851
0.50803
0.5096
0.52315
0.55045
0.61403
0.59112
0.54545
0.47487
0.42836
0.39345
0.38687
0.42955
0.39665
0.39386
0.40868
0.46769
0.47888
0.46079
0.45006
0.46822
0.51343
0.88249
0.86456
0.72688
0.65638
0.56523
0.45553
0.39358
0.34859
0.2901
0.21464
0.2136
0.15993
0.16312
0.19116
0.18113
0.15332
0.24082
0.24504
0.22521
0.20203
0.19175
0.20201
0.19242
0.17311
0.15819
0.16999
0.17001
0.21333
0.26791
0.31762
0.29925
0.28928
0.28569
0.36493
0.53837
0.56372
0.50134
0.41557
0.35315
0.3429
0.42397
0.45028
0.42151
0.4011
0.37542
0.34927
0.39572
0.45442
0.48942
0.51075
0.55398
0.52775
0.46114
0.47337
0.47646
0.52501
0.40809
0.43968
0.38811
0.39109
0.39936
0.48849
0.53567
0.66684
0.60308
0.6278
0.66177
0.73917
0.6369
0.55846
0.56452
0.61369
0.57703
0.54849
0.53365
0.48454
0.43228
0.40329
0.43745
0.43209
0.42438
0.41184
0.39097
0.36478
0.33136
0.32165
0.31378
0.27918
0.26258
0.25449
0.25784
0.28067
0.30748
0.30501
0.35008
0.37758
0.39278
0.42335
0.43104
0.42959
0.36521
0.33173
0.3531
0.39234
0.38431
0.37418
0.36102
0.33279
0.386
0.40991
0.3662
0.33096
0.43012
0.45304
0.50961
0.56717
0.49785
0.4431
0.39934
0.47484
0.52247
0.70858
0.604
0.70087
0.45137
0.53028
0.65576
0.63817
0.70647
0.58807
0.72844
0.84364
0.74749
0.83038
0.85365
0.82874
0.84589
0.71571
0.69556
0.78509
0.65878
0.43517
0.39506
0.36437
0.47893
0.47547
0.41047
0.31149
0.29595
0.26847
0.27035
0.26373
0.37197
0.60603
0.64007
0.62901
0.67676
0.51245
0.67068
0.68407
0.71864
0.92527
0.93491
0.92498
0.91819
0.85293
0.81944
0.58158
0.55821
0.59826
0.74705
0.69514
0.42205
0.37258
0.38555
0.50303
0.61861
0.67966
0.59053
0.52151
0.4523
0.39879
0.36218
0.35526
0.32834
0.31638
0.2948
0.29184
0.27449
0.32246
0.34629
0.43296
0.55691
0.69513
0.69635
0.63825
0.5379
0.44019
0.4301
0.53764
0.74169
0.7751
0.72506
0.71574
0.63484
0.53883
0.518
0.49968
0.60418
0.49075
0.38441
0.33377
0.31828
0.32037
0.35874
0.35166
0.30682
0.27991
0.25619
0.26056
0.25144
0.29509
0.33582
0.47995
0.60058
0.53797
0.43649
0.42077
0.35419
0.26418
0.26013
0.24698
0.23652
0.20425
0.31281
0.45962
0.37679
0.3219
0.42753
0.492
0.41568
0.50112
0.48439
0.53369
0.49406
0.32012
0.46094
0.42874
0.38648
0.34
0.54264
0.39532
0.40143
0.42862
0.47431
0.59408
0.63013
0.60455
0.51775
0.37815
0.3145
0.42437
0.47693
0.51622
0.46246
0.53279
0.5647
0.43844
0.35488
0.34707
0.34705
0.54301
0.55967
0.91977
0.59395
0.5303
0.44717
0.42105
0.38611
0.39451
0.39157
0.42549
0.4067
0.34313
0.34019
0.38378
0.47395
0.5416
0.53169
0.49873
0.48953
0.43035
0.34739
0.33596
0.37996
0.46465
0.42702
0.37936
0.38163
0.37729
0.33344
0.32002
0.34385
0.38443
0.46283
0.49577
0.45258
0.40992
0.36463
0.34605
0.34283
0.4091
0.52524
0.49576
0.46876
0.3909
0.34011
0.33366
0.3515
0.40622
0.48769
0.41374
0.38607
0.34702
0.31918
0.31131
0.3215
0.38777
0.50836
0.4764
0.46606
0.41174
0.39885
0.37504
0.34352
0.40656
0.47504
0.79433
0.96603
0.75653
0.54024
0.48981
0.5784
0.63858
0.66358
0.57729
0.5595
0.52153
0.64999
0.9771
0.99826
0.98237
0.95594
0.74024
0.56614
0.45182
0.46245
0.37661
0.38627
0.75842
0.60448
0.58053
0.5839
0.53422
0.43554
0.38501
0.40032
0.45723
0.55159
0.66064
0.64619
0.53351
0.42994
0.35848
0.35224
0.37038
0.51904
0.611
0.77823
0.71906
0.61439
0.70957
0.92522
0.46994
0.72517
0.94245
0.93701
0.78204
0.61108
0.50841
0.45315
0.45561
0.52112
0.57146
0.51208
0.41566
0.41781
0.42682
0.44234
0.44174
0.48303
0.551
0.442
0.45113
0.4158
0.37738
0.37767
0.38322
0.36267
0.36966
0.45975
0.38151
0.427
0.4445
0.38764
0.46698
0.4475
0.49772
0.51897
0.51568
0.43254
0.40919
0.40571
0.48941
0.55977
0.50233
0.53547
0.57322
0.55439
0.6847
0.8195
0.55014
0.47401
0.5528
0.47347
0.41083
0.34746
0.30465
0.29107
0.32594
0.40886
0.53681
0.54615
0.44316
0.40815
0.37133
0.5198
0.40773
0.41838
0.53955
0.54118
0.44583
0.35607
0.2519
0.25864
0.33843
0.33123
0.57898
0.60889
0.48583
0.4542
0.37026
0.28033
0.32036
0.25054
0.28875
0.32302
0.31823
0.2814
0.2524
0.24818
0.32244
0.43649
0.50864
0.41911
0.80539
0.42768
0.44912
0.4805
0.66176
0.78715
0.69026
0.68432
0.63225
0.43917
0.38474
0.36209
0.33091
0.59756
0.97827
0.96055
0.81641
0.61521
0.48577
0.5307
0.9927
0.95165
0.94687
0.91503
0.74113
0.56892
0.48079
0.3996
0.40688
0.46677
0.41482
0.34583
0.35191
0.35121
0.36109
0.22808
0.42818
0.57504
0.6967
0.69769
0.57953
0.48768
0.42272
0.39289
0.41288
0.49045
0.5965
0.751
0.68103
0.52928
0.45738
0.39426
0.36408
0.43205
0.39483
0.41953
0.37671
0.36813
0.38685
0.34855
0.33136
0.39441
0.60821
0.49388
0.36653
0.35845
0.38214
0.47299
0.49745
0.39798
0.50043
0.55786
0.47519
0.38793
0.4283
0.43025
0.46711
0.52585
0.58014
0.54883
0.54924
0.45535
0.38823
0.38522
0.43199
0.51563
0.58086
0.61853
0.52565
0.45056
0.39773
0.31814
0.38988
0.47129
0.53099
0.42027
0.37911
0.43093
0.42154
0.49525
0.55971
0.42822
0.39984
0.4011
0.361
0.34929
0.31047
0.37327
0.38694
0.44986
0.69587
0.73844
0.56285
0.453
0.38221
0.4012
0.43388
0.49191
0.62151
0.61791
0.50623
0.42934
0.38253
0.39681
0.38779
0.84721
0.69826
0.64418
0.64123
0.54609
0.47012
0.40888
0.4064
0.46136
0.51447
0.45172
0.37483
0.31907
0.30756
0.31759
0.35848
0.44487
0.4415
0.44157
0.35098
0.31632
0.3034
0.31602
0.37681
0.46959
0.3292
0.28427
0.26535
0.26211
0.27993
0.29535
0.30778
0.32141
0.30095
0.27658
0.2592
0.26797
0.25882
0.28916
0.31588
0.3504
0.35164
0.32899
0.31578
0.31929
0.33486
0.35495
0.39173
0.3768
0.36608
0.3195
0.29128
0.28856
0.25458
0.2355
0.24538
0.24397
0.24565
0.24594
0.24136
0.24386
0.21647
0.21519
0.21701
0.23035
0.33328
0.42895
0.35824
0.24836
0.19067
0.20188
0.26683
0.35977
0.4266
0.41908
0.33136
0.28338
0.26923
0.26183
0.27282
0.34093
0.40815
0.42418
0.38777
0.29234
0.27877
0.27102
0.3085
0.40889
0.43772
0.43539
0.39951
0.31814
0.28959
0.26147
0.346
0.42552
0.48032
0.56897
0.5325
0.49597
0.61362
0.58645
0.53739
0.50189
0.60597
0.62633
0.60166
0.38132
0.3069
0.31335
0.48008
0.43109
0.33212
0.3197
0.28447
0.2615
0.26812
0.27883
0.24409
0.32734
0.35617
0.38811
0.36904
0.3649
0.39586
0.39115
0.82125
0.71803
0.85866
0.58383
0.46428
0.39927
0.37119
0.64791
0.45671
0.65231
0.66419
0.62094
0.55451
0.46915
0.36567
0.34509
0.36304
0.43662
0.61498
0.61251
0.57501
0.46116
0.37376
0.424
0.47275
0.59049
0.6496
0.67026
0.69203
0.52558
0.53051
0.53616
0.61795
0.83146
0.77825
0.69955
0.60783
0.53261
0.48962
0.51131
0.5655
0.67422
0.71492
0.74951
0.73719
0.62064
0.53611
0.5329
0.54706
0.55739
0.59761
0.5854
0.53024
0.46922
0.44291
0.43559
0.45759
0.4771
0.50488
0.59787
0.72204
0.69854
0.68892
0.55227
0.60872
0.66394
0.60247
0.52039
0.42595
0.37709
0.35856
0.33033
0.34761
0.49179
0.53327
0.47781
0.39912
0.37537
0.53397
0.68945
0.69126
0.68419
0.65765
0.62853
0.56058
0.50812
0.52277
0.52669
0.53593
0.65841
0.75647
0.86232
0.75094
0.61953
0.59576
0.65848
0.62602
0.615
0.63938
0.60544
0.54095
0.47243
0.45193
0.45176
0.53921
0.58303
0.56629
0.50547
0.42591
0.35624
0.31874
0.30613
0.42081
0.5044
0.58101
0.50527
0.53509
0.46018
0.33466
0.37396
0.42452
0.48195
0.58555
0.60439
0.4299
0.40536
0.38029
0.40591
0.50584
0.67527
0.75932
0.86699
0.87962
0.90335
0.89101
0.78404
0.73975
0.79519
0.85477
0.70503
0.49031
0.41491
0.36637
0.39725
0.45201
0.45137
0.63034
0.63206
0.52053
0.48942
0.37662
0.40169
0.435
0.43122
0.56322
0.54608
0.50052
0.43587
0.37888
0.33768
0.37308
0.5017
0.60922
0.62954
0.52787
0.45777
0.41421
0.38752
0.37985
0.44338
0.54318
0.574
0.53847
0.50248
0.46287
0.47184
0.46408
0.44419
0.42142
0.45308
0.41207
0.37994
0.3655
0.3482
0.38254
0.54044
0.55995
0.57184
0.65076
0.60006
0.53372
0.50696
0.50327
0.50998
0.5381
0.5611
0.45525
0.42462
0.40363
0.58297
0.89649
0.89235
0.89121
0.77892
0.71737
0.58824
0.50648
0.48264
0.48926
0.52044
0.53752
0.47613
0.36738
0.33488
0.34899
0.3499
0.35831
0.36567
0.37
0.35437
0.33481
0.33194
0.33498
0.34969
0.3988
0.41922
0.47459
0.4736
0.40971
0.36449
0.34148
0.33985
0.34379
0.48783
0.56111
0.55283
0.48358
0.44151
0.41631
0.58164
0.58624
0.50389
0.5484
0.57982
0.56026
0.51601
0.48448
0.4748
0.5156
0.52992
0.53511
0.50829
0.42694
0.36663
0.34219
0.32564
0.35138
0.40129
0.44405
0.66613
0.64061
0.52853
0.53141
0.55611
0.58551
0.75137
0.82462
0.74955
0.68547
0.59136
0.59332
0.63134
0.86625
0.75944
0.70679
0.68563
0.57163
0.55492
0.53812
0.52181
0.55733
0.64556
0.73717
0.73334
0.65966
0.69857
0.61534
0.64079
0.66048
0.77131
0.75034
0.82046
0.85689
0.83987
0.85442
0.85954
0.88661
0.89631
0.90592
0.92054
0.87863
0.79493
0.71497
0.6867
0.69198
0.69146
0.6945
0.71635
0.66847
0.5449
0.50513
0.45257
0.46293
0.53971
0.67103
0.76074
0.73196
0.69021
0.60611
0.55489
0.61255
0.8706
0.98153
0.85945
0.68232
0.50884
0.41912
0.38334
0.41309
0.5032
0.69192
0.66652
0.58551
0.80971
0.80106
0.75852
0.65955
0.7212
0.80058
0.72915
0.73093
0.63414
0.60212
0.63446
0.73685
0.79441
0.85255
0.89678
0.8002
0.62146
0.66607
0.71886
0.7319
0.84722
0.84484
0.87853
0.90428
0.84812
0.74214
0.67077
0.6181
0.57019
0.51538
0.49288
0.53297
0.49853
0.46628
0.42188
0.39651
0.41352
0.45129
0.45832
0.46365
0.47578
0.46112
0.45422
0.51492
0.60143
0.57028
0.59094
0.59891
0.55554
0.60049
0.70846
0.74908
0.81553
0.85823
0.90121
0.89901
0.85031
0.79078
0.74461
0.73903
0.74533
0.7727
0.80109
0.74931
0.65199
0.60881
0.67082
0.87883
0.74065
0.83868
0.84758
0.83891
0.79733
0.79915
0.83682
0.74197
0.86001
0.95245
0.99833
0.99941
0.99638
0.88902
0.8407
0.79298
0.84708
0.80828
0.81131
0.79049
0.69389
0.56256
0.54191
0.52852
0.58008
0.60333
0.7668
0.73542
0.70823
0.68375
0.86576
0.84999
0.84313
0.82756
0.91567
0.90186
0.78256
0.69375
0.80328
0.9351
0.93279
0.89115
0.93333
0.9266
0.87802
0.88886
0.72217
0.61495
0.59111
0.59088
0.59522
0.59444
0.50995
0.45122
0.46794
0.40952
0.41514
0.48664
0.62522
0.58965
0.55615
0.52892
0.50503
0.53793
0.63601
0.6512
0.62231
0.57024
0.50158
0.50418
0.46821
0.4903
0.56051
0.57033
0.51498
0.48583
0.50037
0.48053
0.44293
0.41072
0.42665
0.50126
0.52715
0.46699
0.45794
0.44971
0.45096
0.45624
0.50299
0.58104
0.64367
0.70558
0.62202
0.6176
0.63903
0.68733
0.78445
0.82579
0.83611
0.79752
0.75592
0.68443
0.61918
0.68547
0.68856
0.77607
0.64379
0.54746
0.77716
0.53091
0.5123
0.55916
0.61413
0.62741
0.5874
0.47501
0.40026
0.32479
0.30949
0.30581
0.43005
0.61698
0.471
0.51725
0.53633
0.5184
0.6695
0.7297
0.82678
0.84945
0.79417
0.69176
0.61489
0.72456
0.74593
0.77218
0.81709
0.82736
0.84353
0.9578
0.76343
0.63517
0.53956
0.61389
0.72202
0.63074
0.57987
0.68962
0.67751
0.59369
0.57854
0.6453
0.73461
0.87143
0.95106
0.88412
0.76509
0.63826
0.61801
0.66313
0.77329
0.84639
0.84705
0.72503
0.55599
0.52295
0.48393
0.55972
0.65803
0.77044
0.69007
0.60701
0.51861
0.48895
0.46739
0.51578
0.6365
0.80298
0.88421
0.74308
0.54362
0.41559
0.47374
0.50115
0.73296
0.84015
0.65908
0.658
0.74584
0.61298
0.7281
0.82509
0.99322
0.9174
0.97038
0.66576
0.53922
0.55916
0.55222
0.61283
0.61277
0.63803
0.59688
0.5428
0.49482
0.51912
0.53035
0.57418
0.66424
0.57147
0.5706
0.77968
0.65105
0.66351
0.66908
0.76613
0.99867
0.8623
0.83024
0.73907
0.56598
0.54387
0.43865
0.43638
0.41307
0.3787
0.3531
0.30669
0.28275
0.32379
0.32818
0.47375
0.85174
0.85992
0.87068
0.90268
0.70863
0.62315
0.58628
0.62188
0.71155
0.71262
0.61564
0.53801
0.48197
0.45184
0.49144
0.39164
0.32782
0.25869
0.27751
0.36708
0.48534
0.50768
0.5397
0.74388
0.85326
0.87661
0.96705
0.97167
0.9226
0.79271
0.71899
0.75181
0.82263
0.74771
0.75253
0.75543
0.61359
0.54588
0.62767
0.61955
0.72942
0.82991
0.92903
0.9352
0.77068
0.66037
0.59493
0.62978
0.5503
0.53396
0.50283
0.53318
0.47818
0.40936
0.43967
0.42653
0.42463
0.46677
0.46476
0.45729
0.41919
0.38432
0.37166
0.38234
0.38088
0.61978
0.70009
0.68621
0.67957
0.6988
0.68173
0.71324
0.73142
0.69906
0.65255
0.63964
0.62594
0.61339
0.58874
0.58092
0.57718
0.57895
0.53734
0.51254
0.47951
0.44151
0.4652
0.50158
0.46832
0.45318
0.43559
0.43126
0.42946
0.42489
0.42881
0.42837
0.42768
0.42216
0.43062
0.47623
0.44387
0.44882
0.44767
0.42458
0.41737
0.42167
0.40544
0.41074
0.42857
0.43903
0.4286
0.43426
0.45763
0.4517
0.42737
0.4715
0.57375
0.58877
0.70681
0.86136
0.96778
0.8779
0.84945
0.8376
0.74551
0.72938
0.73033
0.78321
0.78615
0.82163
0.79669
0.75312
0.70515
0.66439
0.65031
0.77836
0.83192
0.7702
0.78049
0.78163
0.74817
0.67997
0.64547
0.62217
0.63183
0.74516
0.77113
0.82493
0.89781
0.68659
0.61406
0.51462
0.46041
0.5981
0.71955
0.58625
0.40276
0.3821
0.41959
0.4619
0.65057
0.75113
0.79952
0.83123
0.77413
0.76403
0.86972
0.96307
0.94445
0.88903
0.94931
0.96587
0.96653
0.73682
0.76211
0.81186
0.86695
0.842
0.82847
0.55172
0.66692
0.61059
0.5049
0.38683
0.37069
0.35312
0.38525
0.37652
0.36376
0.37266
0.40925
0.45434
0.97995
0.91886
0.878
0.74677
0.88711
0.66091
0.68514
0.70027
0.65673
0.69017
0.67461
0.64442
0.62228
0.61485
0.62396
0.67035
0.82284
0.82789
0.9038
0.98378
0.91335
0.7568
0.71706
0.69306
0.61364
0.57887
0.55081
0.55405
0.53368
0.53157
0.50535
0.50443
0.50298
0.50739
0.48842
0.50264
0.50614
0.49028
0.46309
0.44445
0.42404
0.40387
0.39894
0.3778
0.38326
0.37616
0.37073
0.3873
0.38533
0.3621
0.34595
0.36667
0.41056
0.47638
0.51424
0.49479
0.45304
0.42033
0.38746
0.34686
0.33347
0.34888
0.30586
0.28198
0.2824
0.27069
0.26348
0.27077
0.29266
0.35804
0.37844
0.35179
0.30991
0.29822
0.27789
0.37009
0.3827
0.32905
0.31691
0.34938
0.42307
0.44383
0.38761
0.32192
0.36
0.31101
0.2991
0.29927
0.27502
0.26864
0.27341
0.27289
0.30586
0.32388
0.31887
0.32147
0.31967
0.32454
0.32486
0.33229
0.34144
0.33812
0.31168
0.30397
0.27887
0.28702
0.33846
0.39909
0.3862
0.42277
0.46177
0.43859
0.39832
0.36796
0.37969
0.39288
0.44728
0.50092
0.5882
0.60962
0.68687
0.94009
0.94521
0.94419
0.9443
0.94385
0.93481
0.93408
0.95005
0.95012
0.95749
0.79663
0.73693
0.66356
0.6382
0.63915
0.74941
0.86175
0.88061
0.85029
0.95473
0.91174
0.69914
0.76064
0.70275
0.56958
0.58401
0.58975
0.5669
0.54378
0.52519
0.50162
0.47076
0.42207
0.39002
0.61232
0.81438
0.83708
0.77595
0.73489
0.73099
0.73316
0.69192
0.6301
0.63185
0.98957
0.9101
0.75565
0.55739
0.55302
0.59636
0.5524
0.9518
0.88049
0.86879
0.92115
0.92698
0.91741
0.89368
0.71029
0.51748
0.42115
0.36316
0.32592
0.29833
0.29552
0.29392
0.34411
0.78164
0.66065
0.72663
0.69045
0.60223
0.56578
0.56912
0.57626
0.5861
0.61399
0.62649
0.52261
0.5438
0.65934
0.66325
0.72107
0.9385
0.89824
0.58815
0.595
0.5936
0.60481
0.63203
0.6566
0.60902
0.61626
0.64342
0.69872
0.65958
0.63919
0.65325
0.67018
0.62601
0.5727
0.57097
0.59497
0.63539
0.65679
0.65484
0.66111
0.61326
0.57412
0.55641
0.51719
0.463
0.40573
0.46143
0.44265
0.34577
0.49
0.5452
0.56957
0.7936
0.79117
0.85308
0.78939
0.59258
0.51666
0.48043
0.43536
0.40838
0.38572
0.37439
0.35223
0.33184
0.33817
0.31116
0.30136
0.30888
0.31489
0.30918
0.31947
0.34082
0.35739
0.35672
0.36886
0.37834
0.37366
0.36061
0.3876
0.41609
0.42617
0.44195
0.44062
0.39029
0.40145
0.40365
0.3626
0.34649
0.38639
0.40031
0.40482
0.39925
0.39384
0.40331
0.39317
0.39495
0.37754
0.36931
0.41437
0.40861
0.39871
0.40557
0.39191
0.36611
0.38214
0.42172
0.49301
0.5053
0.44963
0.45486
0.45133
0.43432
0.42597
0.40374
0.37119
0.37497
0.37293
0.35044
0.33667
0.31969
0.33221
0.34195
0.33798
0.32359
0.33259
0.36843
0.35553
0.35361
0.35753
0.38788
0.32938
0.35582
0.4388
0.53676
0.55851
0.74255
0.55281
0.52819
0.3891
0.37263
0.40731
0.49627
0.76584
0.66652
0.62455
0.50953
0.44098
0.39985
0.48542
0.534
0.59172
0.62797
0.63553
0.7997
0.9075
0.80591
0.6763
0.57184
0.47684
0.39446
0.37071
0.40028
0.46484
0.59485
0.57751
0.51371
0.42147
0.36454
0.35741
0.36546
0.36172
0.3471
0.57664
0.58714
0.62087
0.6404
0.61128
0.59948
0.62923
0.61906
0.64812
0.6289
0.62655
0.61889
0.63046
0.6684
0.65378
0.65317
0.58773
0.52692
0.52163
0.53432
0.5449
0.47838
0.37936
0.38354
0.3535
0.31821
0.31077
0.33013
0.33641
0.38624
0.5555
0.70902
0.82496
0.92015
0.91198
0.91722
0.92714
0.93126
0.92021
0.89025
0.87892
0.6824
0.58274
0.48482
0.43488
0.39745
0.36592
0.35402
0.35192
0.35142
0.40233
0.43908
0.46472
0.47623
0.46057
0.44612
0.43304
0.41209
0.39463
0.38003
0.36882
0.35303
0.35945
0.37782
0.38963
0.39865
0.39745
0.39753
0.3987
0.42132
0.4483
0.50029
0.5837
0.55019
0.54716
0.58374
0.53508
0.49214
0.44699
0.44344
0.47307
0.52676
0.53387
0.52815
0.61133
0.58477
0.54025
0.49327
0.44691
0.40986
0.38703
0.34705
0.30318
0.26504
0.23196
0.20726
0.18538
0.17583
0.19126
0.23217
0.23857
0.22453
0.2185
0.21978
0.22883
0.27059
0.27187
0.28715
0.28932
0.27385
0.27505
0.27629
0.29478
0.3399
0.40888
0.45759
0.48153
0.45889
0.3935
0.38717
0.40784
0.4431
0.45889
0.44804
0.45065
0.60988
0.76258
0.73164
0.70216
0.69221
0.61947
0.54014
0.50529
0.46973
0.41682
0.371
0.31547
0.28242
0.26636
0.2733
0.29673
0.31207
0.31029
0.31084
0.3102
0.31787
0.27982
0.25909
0.27182
0.3188
0.34631
0.36705
0.3687
0.36566
0.39252
0.45319
0.49297
0.51367
0.59525
0.71585
0.8608
0.90844
0.91206
0.67099
0.48198
0.38255
0.81805
0.72824
0.62942
0.71532
0.79036
0.89077
0.7358
0.72768
0.72451
0.78025
0.79605
0.93195
0.93283
0.92688
0.85836
0.65847
0.62404
0.59194
0.55244
0.50439
0.42407
0.38995
0.39323
0.41443
0.43689
0.48201
0.60317
0.61791
0.62023
0.63142
0.64639
0.67106
0.67787
0.65185
0.95294
0.59879
0.57433
0.60853
0.59968
0.58782
0.62936
0.82071
0.81438
0.94543
0.94832
0.89726
0.82299
0.89656
0.91359
0.86797
0.85097
0.79016
0.58866
0.53915
0.45136
0.488
0.40367
0.38323
0.47475
0.48757
0.43302
0.49234
0.48786
0.4296
0.34117
0.3499
0.33158
0.3858
0.39761
0.30926
0.30335
0.29076
0.30561
0.32475
0.32214
0.36591
0.42846
0.56102
0.62718
0.56846
0.55291
0.55372
0.58541
0.49708
0.40752
0.43352
0.44836
0.44344
0.46121
0.47415
0.47331
0.4547
0.42723
0.37414
0.32283
0.30339
0.31983
0.32446
0.33571
0.33555
0.31496
0.33149
0.35143
0.35599
0.33036
0.33751
0.36762
0.39819
0.40247
0.39474
0.43653
0.41061
0.40894
0.42579
0.43575
0.42831
0.43006
0.40474
0.38605
0.3971
0.42315
0.44173
0.53423
0.51478
0.55715
0.5784
0.56385
0.47751
0.40957
0.40682
0.3806
0.60019
0.66093
0.72899
0.70966
0.67697
0.6886
0.73425
0.76917
0.81105
0.83275
0.86863
0.81693
0.79315
0.7624
0.70762
0.64869
0.64067
0.64986
0.68707
0.66529
0.55302
0.54196
0.54373
0.65901
0.62826
0.62148
0.5858
0.6071
0.62074
0.6083
0.56583
0.57239
0.5544
0.58548
0.58554
0.50166
0.39918
0.40684
0.47117
0.49684
0.42123
0.39816
0.36628
0.36378
0.33445
0.34238
0.35804
0.33266
0.32643
0.31165
0.31625
0.31728
0.3155
0.33335
0.33124
0.33396
0.34302
0.33771
0.323
0.30497
0.30737
0.3052
0.31397
0.3277
0.33821
0.32886
0.32168
0.32982
0.32623
0.32006
0.3467
0.32324
0.31061
0.28357
0.30874
0.37096
0.32422
0.34766
0.4269
0.41671
0.39225
0.3392
0.31126
0.29983
0.32965
0.31749
0.32394
0.29867
0.31354
0.34025
0.32742
0.31784
0.34774
0.35533
0.34393
0.33808
0.33217
0.33172
0.34196
0.39089
0.39541
0.38713
0.3975
0.40212
0.40563
0.39481
0.38382
0.35871
0.3473
0.34402
0.35376
0.35219
0.32236
0.32301
0.31927
0.29192
0.29765
0.31226
