0.28923
0.29055
0.30618
0.34861
0.34268
0.32591
0.33457
0.33817
0.33073
0.32847
0.3206
0.30932
0.32366
0.30651
0.29874
0.30697
0.2721
0.25863
0.29052
0.29696
0.30941
0.34102
0.36834
0.40278
0.50511
0.67127
0.68875
0.59545
0.51398
0.41375
0.40086
0.35615
0.31911
0.31704
0.31493
0.33026
0.47606
0.35127
0.31069
0.29801
0.29426
0.31777
0.34242
0.327
0.32567
0.36775
0.6036
0.87264
0.89068
0.87264
0.86151
0.83917
0.81568
0.8468
0.85477
0.56458
0.4412
0.44229
0.37345
0.29269
0.33278
0.32387
0.30377
0.32717
0.31269
0.29343
0.29758
0.31321
0.29884
0.2364
0.32666
0.34694
0.38387
0.44763
0.51415
0.54724
0.55419
0.56301
0.54382
0.51132
0.61163
0.82759
0.85905
0.63166
0.61261
0.59916
0.56906
0.55764
0.54276
0.53179
0.49651
0.44679
0.40962
0.37633
0.34576
0.34016
0.29949
0.33165
0.36462
0.34903
0.33197
0.3669
0.40732
0.39354
0.37612
0.42584
0.74967
0.75347
0.76591
0.78105
0.77629
0.79129
0.80208
0.80215
0.64362
0.51558
0.44542
0.40444
0.37431
0.37714
0.41143
0.41946
0.41375
0.40823
0.3946
0.39182
0.37319
0.34771
0.32225
0.29777
0.29771
0.29665
0.34809
0.3876
0.36426
0.37851
0.38628
0.3848
0.38092
0.40207
0.40956
0.47571
0.51502
0.46826
0.36993
0.32737
0.29152
0.28575
0.28279
0.29471
0.30777
0.33392
0.3328
0.32056
0.30448
0.27983
0.27132
0.27951
0.30025
0.3099
0.58133
0.90037
0.81128
0.64842
0.62962
0.64516
0.62047
0.47633
0.60855
0.73386
0.86033
0.82392
0.82026
0.81105
0.82178
0.80166
0.74274
0.73507
0.67
0.6132
0.57994
0.54969
0.5804
0.58562
0.56406
0.54781
0.54549
0.55147
0.55952
0.55496
0.57537
0.78197
0.80103
0.80585
0.79847
0.79096
0.80302
0.80558
0.76824
0.66231
0.57355
0.67234
0.65556
0.58858
0.49405
0.40137
0.3482
0.33733
0.58557
0.78497
0.85643
0.84337
0.83203
0.6826
0.63364
0.57269
0.52485
0.50159
0.48291
0.45165
0.40532
0.33798
0.33939
0.51362
0.63364
0.70545
0.77828
0.78825
0.79125
0.79118
0.79179
0.79734
0.79749
0.78115
0.74107
0.74283
0.70651
0.68945
0.70038
0.72409
0.73301
0.70312
0.66786
0.64604
0.5855
0.54284
0.55233
0.54892
0.71695
0.71269
0.63972
0.58942
0.5843
0.61494
0.64582
0.64783
0.68707
0.67989
0.6712
0.63961
0.6437
0.69131
0.65865
0.57649
0.52454
0.4406
0.36738
0.39404
0.51568
0.45914
0.41275
0.3941
0.65121
0.71816
0.86766
0.78784
0.82482
0.75609
0.76544
0.75722
0.70498
0.68068
0.70027
0.69953
0.63121
0.48538
0.42093
0.44845
0.70596
0.8789
0.76378
0.70461
0.69662
0.71602
0.74465
0.68974
0.70135
0.85686
0.74324
0.66822
0.62189
0.54891
0.49176
0.47635
0.79
0.90498
0.78958
0.75405
0.76032
0.73819
0.72353
0.72066
0.72125
0.74556
0.75211
0.73949
0.74551
0.79917
0.89306
0.95256
0.96827
0.89696
0.7444
0.83349
0.94865
0.96073
0.95871
0.94218
0.92042
0.92321
0.91597
0.91124
0.89724
0.86995
0.87398
0.86583
0.85869
0.84364
0.82605
0.67348
0.62625
0.61131
0.62514
0.6754
0.60654
0.60019
0.60972
0.58327
0.57304
0.55074
0.51948
0.44017
0.40192
0.60029
0.65593
0.71326
0.65808
0.65341
0.67134
0.57564
0.83369
0.62594
0.60223
0.81196
0.68775
0.76622
0.80191
0.81796
0.82833
0.81675
0.8109
0.78903
0.76901
0.7519
0.7389
0.70269
0.71399
0.71826
0.74291
0.69354
0.66935
0.62287
0.61702
0.61086
0.58092
0.55784
0.56254
0.63874
0.68556
0.7879
0.76913
0.71946
0.65423
0.6776
0.42916
0.46609
0.64712
0.57248
0.56511
0.74055
0.75124
0.75137
0.51625
0.42444
0.38902
0.37771
0.38235
0.46219
0.46409
0.38483
0.36551
0.42593
0.45305
0.32801
0.28036
0.27988
0.28785
0.28698
0.28631
0.28185
0.29256
0.36038
0.40723
0.3689
0.37544
0.3435
0.3362
0.34761
0.36964
0.35553
0.32139
0.31076
0.30528
0.29326
0.26946
0.24872
0.22489
0.21409
0.22923
0.25533
0.34639
0.57669
0.71312
0.7022
0.70021
0.64162
0.58861
0.55037
0.56315
0.59498
0.60684
0.61543
0.59366
0.58974
0.66508
0.68558
0.67067
0.59566
0.54874
0.50642
0.47329
0.46417
0.4284
0.41461
0.41717
0.41451
0.43901
0.40992
0.40238
0.49437
0.41939
0.35943
0.34131
0.42577
0.38664
0.37708
0.48626
0.54624
0.55551
0.52886
0.51231
0.54462
0.55334
0.53324
0.54544
0.56456
0.52523
0.472
0.40821
0.36246
0.33303
0.29526
0.27801
0.28306
0.2842
0.38815
0.9012
0.94789
0.94716
0.82654
0.80046
0.757
0.77759
0.74634
0.80181
0.76151
0.72302
0.7069
0.69512
0.6755
0.67237
0.93255
0.82002
0.47824
0.45992
0.83161
0.93848
0.46954
0.52174
0.46836
0.45617
0.40658
0.39042
0.37469
0.43352
0.60289
0.67265
0.64659
0.67533
0.5773
0.60922
0.60956
0.6166
0.61047
0.61331
0.62755
0.63778
0.64517
0.67733
0.70526
0.70006
0.63615
0.61284
0.63074
0.62368
0.77708
0.828
0.83624
0.80748
0.78579
0.76667
0.72315
0.70259
0.69622
0.65344
0.63011
0.59051
0.6206
0.49739
0.43846
0.37037
0.39547
0.39025
0.38342
0.37569
0.37209
0.3635
0.36559
0.37921
0.3847
0.37801
0.39177
0.38999
0.38019
0.37821
0.39743
0.41813
0.39796
0.36458
0.32396
0.30675
0.30804
0.28849
0.28438
0.35029
0.36705
0.35262
0.35861
0.4188
0.47709
0.47794
0.43125
0.46333
0.59464
0.70974
0.77068
0.71259
0.6366
0.63532
0.61573
0.57627
0.54836
0.51421
0.47891
0.44748
0.41882
0.3838
0.34162
0.30478
0.25784
0.184
0.164
0.14871
0.16126
0.13378
0.15494
0.1719
0.17828
0.18173
0.17207
0.20358
0.26989
0.23482
0.22943
0.22946
0.32258
0.3364
0.37817
0.42545
0.41777
0.38424
0.63588
0.65278
0.58109
0.46009
0.36686
0.34274
0.3342
0.38162
0.41298
0.39472
0.38268
0.34757
0.36323
0.43619
0.50909
0.50058
0.4675
0.50952
0.56434
0.67036
0.67236
0.68045
0.63799
0.5771
0.49693
0.45793
0.42079
0.36964
0.32993
0.32942
0.34173
0.37064
0.53155
0.59502
0.85386
0.85765
0.6059
0.91018
0.77302
0.82376
0.6906
0.58966
0.54156
0.57141
0.54155
0.52172
0.52525
0.58622
0.91373
0.91123
0.92532
0.91748
0.90677
0.88438
0.77748
0.66145
0.65618
0.64018
0.6592
0.68113
0.65324
0.68733
0.70363
0.71301
0.66656
0.66354
0.66131
0.69685
0.7845
0.66028
0.67804
0.81314
0.93628
0.93671
0.71134
0.70709
0.70773
0.69031
0.60972
0.56876
0.50717
0.46314
0.44269
0.4178
0.41947
0.42697
0.47
0.63047
0.70269
0.65469
0.60251
0.52223
0.48606
0.47337
0.44822
0.42617
0.41347
0.38575
0.34654
0.31581
0.34591
0.3491
0.38145
0.40043
0.36976
0.3554
0.38397
0.39776
0.39794
0.42036
0.44658
0.45732
0.42848
0.43712
0.45037
0.52445
0.62208
0.67119
0.63251
0.57831
0.66672
0.71929
0.74868
0.7549
0.78523
0.77643
0.85104
0.87524
0.85635
0.85038
0.83961
0.82579
0.80707
0.83226
0.7913
0.82776
0.86624
0.85925
0.83485
0.8426
0.84257
0.86116
0.87208
0.87176
0.86345
0.83466
0.81508
0.78159
0.66093
0.6893
0.63682
0.5708
0.56443
0.44276
0.38643
0.3847
0.36854
0.35975
0.34981
0.32417
0.2777
0.23564
0.20177
0.19098
0.17582
0.21102
0.26449
0.23924
0.19043
0.17782
0.22032
0.23888
0.35853
0.47448
0.41407
0.31584
0.4725
0.53592
0.63016
0.54444
0.46154
0.41032
0.35668
0.29061
0.27446
0.28004
0.33936
0.37438
0.40059
0.95275
0.97428
0.81364
0.78756
0.76682
0.79934
0.76378
0.7461
0.70103
0.69079
0.65344
0.47769
0.44461
0.40529
0.35958
0.32018
0.43545
0.45368
0.37405
0.37906
0.33073
0.36066
0.34641
0.30071
0.25713
0.23849
0.23182
0.25318
0.27055
0.26452
0.31338
0.42163
0.58511
0.66218
0.73403
0.85887
0.85979
0.84147
0.8299
0.81821
0.75484
0.64129
0.83327
0.79348
0.62349
0.49049
0.41444
0.3969
0.40678
0.42327
0.42268
0.41413
0.4281
0.41499
0.39439
0.43174
0.43523
0.43616
0.43166
0.42707
0.39401
0.38725
0.40456
0.44735
0.42649
0.43367
0.42944
0.43434
0.42673
0.3893
0.39576
0.417
0.4674
0.46568
0.43688
0.43596
0.40656
0.49139
0.47891
0.43588
0.45747
0.46763
0.49244
0.60443
0.62869
0.58727
0.48305
0.43376
0.45406
0.45871
0.4481
0.50272
0.49635
0.48176
0.45347
0.47983
0.49327
0.49012
0.49509
0.43295
0.42233
0.39599
0.38256
0.40261
0.41798
0.41283
0.40636
0.39891
0.39381
0.41232
0.54945
0.67176
0.67637
0.66044
0.84115
0.91938
0.73659
0.71933
0.59688
0.55401
0.58055
0.77487
0.98412
0.60595
0.97345
0.97283
0.92746
0.86999
0.72379
0.58284
0.54511
0.8233
0.86818
0.98914
0.98163
0.94316
0.94472
0.85918
0.76283
0.95055
0.94229
0.91892
0.67012
0.57715
0.60265
0.69891
0.65894
0.77309
0.93709
0.87499
0.91854
0.8607
0.96401
0.9407
0.88921
0.8069
0.81412
0.80536
0.81844
0.78028
0.72418
0.75829
0.82574
0.88846
0.90519
0.89684
0.88562
0.86329
0.84566
0.76619
0.67048
0.78191
0.81908
0.86384
0.85009
0.82828
0.71083
0.76299
0.87805
0.9236
0.90905
0.88135
0.83953
0.81813
0.74324
0.64364
0.50556
0.46237
0.4556
0.42596
0.42405
0.45693
0.49349
0.48667
0.60209
0.38418
0.34208
0.39621
0.51316
0.39499
0.37749
0.43869
0.48205
0.60874
0.94148
0.98303
0.9758
0.93569
0.81656
0.70088
0.67438
0.68813
0.83379
0.90289
0.95216
0.8551
0.87243
0.92667
0.91208
0.91458
0.88695
0.90585
0.92504
0.93059
0.99818
0.99839
0.99767
1.0006
0.99734
0.94731
0.93419
0.84495
0.69169
0.6781
0.63525
0.71633
0.84482
0.87646
0.84012
0.75305
0.60643
0.57824
0.54493
0.66586
0.71164
0.90507
0.85261
0.74487
0.6774
0.63683
0.63875
0.61509
0.67712
0.77046
0.91561
0.90933
0.72078
0.58426
0.54633
0.72329
0.75268
0.67031
0.77292
0.92361
0.80726
0.93121
0.90489
0.83694
0.92641
0.91642
0.9108
0.6332
0.71056
0.67568
0.90569
0.91793
0.91224
0.90369
0.91473
0.88251
0.83107
0.87074
0.69896
0.87826
0.85062
0.87569
0.85868
0.84754
0.67896
0.80244
0.88889
0.89928
0.89677
0.89928
0.91272
0.86431
0.70965
0.91401
0.91142
0.64147
0.61152
0.5502
0.51034
0.49853
0.48814
0.54497
0.58886
0.6211
0.92485
0.93515
0.91239
0.85092
0.74628
0.66496
0.60015
0.55952
0.6185
0.65001
0.62692
0.5958
0.63994
0.58743
0.72068
0.81364
0.9513
0.89328
0.74297
0.65976
0.59379
0.57567
0.78449
0.77515
0.83657
0.92535
0.88408
0.78024
0.72186
0.63429
0.59218
0.5638
0.8938
0.82698
0.57038
0.499
0.51163
0.49563
0.47736
0.46376
0.45778
0.41974
0.80799
0.75374
0.70774
0.72155
0.85093
0.89162
0.84949
0.85965
0.88648
0.88906
0.88084
0.98692
0.96293
0.91699
0.80737
0.80934
0.81681
0.79015
0.69526
0.6355
0.60683
0.57508
0.55089
0.52962
0.52012
0.52428
0.48085
0.49217
0.49156
0.52837
0.6612
0.7474
0.71599
0.59638
0.58401
0.62662
0.70952
0.88488
0.94996
0.91347
0.83017
0.8466
0.83521
0.83359
0.66152
0.70417
0.88193
0.99741
0.99463
0.99651
0.99409
1
0.99887
0.9985
0.99926
0.97902
0.96886
0.91654
0.79827
0.70563
0.65854
0.61079
0.99978
0.88002
0.56764
0.48676
0.44861
0.49168
0.48635
0.44957
0.48017
0.66425
0.74473
0.83922
0.68956
0.67714
0.68949
0.66275
0.63903
0.65513
0.65553
0.67008
0.59735
0.52799
0.73947
0.99996
1.0008
0.97643
0.97302
0.8597
0.62826
0.56506
0.76158
0.98566
0.97419
0.93674
0.82268
0.79944
0.69011
0.5858
0.54785
0.58674
0.61097
0.6546
0.51714
0.55288
0.53295
0.48159
0.50409
0.54669
0.65198
0.66401
0.62481
0.62005
0.51294
0.54109
0.6186
0.7044
0.85711
0.83197
0.72432
0.84186
0.81569
0.81011
0.78492
0.6934
0.69778
0.72887
0.69869
0.67145
0.64857
0.86757
0.99903
0.85802
0.78854
0.83061
0.82487
0.72215
0.6243
0.61517
0.66415
0.68196
0.99956
1.0005
1.0008
0.99726
0.99943
0.99818
0.99835
0.99734
0.9858
0.98545
0.97752
0.93944
0.94477
0.85705
0.72115
0.75445
0.78101
0.74639
0.67731
0.56814
0.49495
0.51145
0.43441
0.35565
0.39237
0.69681
0.72021
0.70624
0.74341
0.77695
0.83741
0.99979
0.97764
0.98188
0.9842
0.70051
0.62451
0.56546
0.5709
0.67627
0.701
0.71495
0.7148
0.68858
0.95253
0.74753
0.74172
0.86068
0.79797
0.83564
0.79582
0.87367
0.72082
0.71389
0.84334
0.86064
0.80791
0.72567
0.69053
0.66822
0.69992
0.98623
0.9911
0.98775
0.98622
0.98706
0.68253
0.63889
0.52943
0.46309
0.46974
0.52361
0.52761
0.81952
0.90421
0.85075
0.70635
0.67916
0.86173
0.99807
1.0006
0.97991
0.9849
0.92246
0.78089
0.60341
0.59069
0.52136
0.52193
0.554
0.49607
0.43461
0.48209
0.49908
0.73848
0.86301
0.87658
0.85333
0.81522
0.77973
0.7499
0.69581
0.69513
0.67893
0.70453
0.82086
0.89037
0.88574
0.8336
0.84779
0.85649
0.85237
0.85236
0.82323
0.80974
0.77581
0.76451
0.76089
0.70099
0.66523
0.70406
0.71054
0.64334
0.56396
0.52473
0.54232
0.66729
0.78735
0.79333
0.81081
0.76817
0.72152
0.61903
0.54316
0.44849
0.39486
0.46803
0.53492
0.52487
0.55738
0.55216
0.5099
0.48116
0.47517
0.44344
0.52462
0.55028
0.46538
0.44052
0.42887
0.46624
0.50246
0.52974
0.59196
0.52846
0.451
0.4517
0.47293
0.49727
0.4678
0.49056
0.57358
0.54285
0.50216
0.50812
0.49986
0.49237
0.4742
0.46374
0.44378
0.4422
0.43876
0.41412
0.41178
0.42687
0.43722
0.46597
0.50271
0.47403
0.42498
0.40001
0.39383
0.38917
0.39957
0.42127
0.47434
0.50854
0.48592
0.42371
0.37838
0.4097
0.42809
0.47215
0.42506
0.41254
0.43088
0.45064
0.43755
0.41401
0.37233
0.37499
0.39622
0.46928
0.65253
0.66472
0.56587
0.50367
0.52658
0.55757
0.58226
0.57594
0.57344
0.518
0.45984
0.44656
0.40063
0.39856
0.50357
0.56165
0.52794
0.5294
0.49752
0.50953
0.48944
0.46547
0.4481
0.49432
0.56412
0.50493
0.47224
0.49492
0.5425
0.61981
0.67461
0.65763
0.52783
0.47971
0.53547
0.53953
0.61278
0.85043
0.82049
0.82066
0.85091
0.7885
0.77044
0.76546
0.7788
0.75428
0.87915
0.86851
0.93416
0.79261
0.61955
0.62395
0.66914
0.70888
0.70467
0.63895
0.65614
0.67165
0.63406
0.58333
0.53444
0.50728
0.63969
0.70075
0.66919
0.74044
0.74956
0.82201
0.84709
0.85105
0.79227
0.73472
0.79115
0.81554
0.76329
0.73148
0.7304
0.71815
0.71789
0.7124
0.65793
0.69265
0.65033
0.75287
0.79906
0.79663
0.81202
0.74667
0.73347
0.70292
0.7385
0.74393
0.65959
0.59857
0.57273
0.5388
0.49682
0.48232
0.44894
0.42774
0.43678
0.45416
0.39592
0.37793
0.3954
0.43028
0.41955
0.49918
0.63431
0.7888
0.80146
0.70968
0.68893
0.61743
0.56734
0.48642
0.59575
0.73599
0.72902
0.68967
0.60973
0.51783
0.53727
0.7212
0.76401
0.77795
0.81109
0.82692
0.80926
0.77315
0.71765
0.72691
0.66101
0.65362
0.6897
0.72796
0.76871
0.76655
0.74538
0.71094
0.68203
0.66169
0.71263
0.68906
0.6467
0.61827
0.5857
0.56788
0.5431
0.53935
0.56034
0.56336
0.5471
0.54575
0.48129
0.44506
0.42788
0.43295
0.44999
0.48232
0.51462
0.48584
0.46951
0.43822
0.41019
0.3979
0.41349
0.4358
0.43167
0.42846
0.42612
0.40626
0.37541
0.36694
0.38934
0.43611
0.45692
0.49099
0.50384
0.48369
0.4603
0.50178
0.55933
0.56177
0.55637
0.54819
0.56003
0.61854
0.587
0.52155
0.51451
0.58564
0.72865
0.81741
0.73326
0.78764
0.73109
0.69729
0.71856
0.79858
0.80029
0.80523
0.78961
0.8078
0.80252
0.7994
0.78137
0.75078
0.76365
0.77038
0.73453
0.70752
0.63857
0.67466
0.66351
0.66162
0.6454
0.57564
0.51359
0.5161
0.5572
0.58022
0.59071
0.61288
0.64245
0.63165
0.57809
0.52684
0.49021
0.50265
0.5199
0.55867
0.54992
0.54842
0.54545
0.56708
0.57993
0.64213
0.70066
0.70091
0.66332
0.62106
0.60942
0.58875
0.57113
0.59788
0.62288
0.62368
0.57886
0.53965
0.51688
0.48443
0.46999
0.51884
0.54876
0.57048
0.64358
0.70578
0.6756
0.62441
0.59
0.56309
0.5553
0.55135
0.53731
0.54059
0.47763
0.43
0.45689
0.55145
0.54753
0.54578
0.65656
0.62487
0.63661
0.62605
0.63892
0.75196
0.84273
0.84259
0.83391
0.80742
0.78505
0.78416
0.73246
0.72766
0.73881
0.69059
0.62095
0.56619
0.52706
0.50555
0.49984
0.55362
0.62196
0.60365
0.54544
0.48972
0.41879
0.4269
0.44057
0.4805
0.71167
0.88518
0.943
0.93426
0.91706
0.84655
0.61859
0.77346
0.65969
0.72552
0.73313
0.79467
0.78581
0.87671
0.88919
0.87819
0.8797
0.88092
0.8719
0.8489
0.8295
0.84256
0.85804
0.82205
0.71695
0.74507
0.73865
0.74501
0.72616
0.71956
0.79934
0.93041
0.81821
0.75631
0.76155
0.72625
0.63354
0.83729
0.85221
0.89587
0.92354
0.90023
0.88449
0.88194
0.8782
0.84191
0.91546
0.91063
0.8752
0.90036
0.91391
0.86253
0.77644
0.76447
0.74341
0.72011
0.73347
0.72548
0.8083
0.9879
0.83684
0.73808
0.60799
0.6151
0.89431
0.96487
0.99929
0.98119
0.85782
0.74828
0.67652
0.65928
0.70927
0.6459
0.55328
0.55704
0.55257
0.49874
0.4675
0.61147
0.6823
0.55409
0.44433
0.41176
0.39925
0.40442
0.41884
0.88175
0.89316
0.93726
0.88742
0.86261
0.94782
0.81012
0.81095
0.78265
0.7495
0.76432
0.75044
0.80893
0.74532
0.71326
0.82706
0.88372
0.82428
0.75737
0.74376
0.61476
0.57239
0.55323
0.64464
0.78637
0.78698
0.87478
0.88999
0.90604
0.82439
0.88252
0.79072
0.91579
0.97292
0.96222
0.93461
0.95427
0.89078
0.88366
0.94934
0.98527
0.98673
0.97201
0.96904
0.97021
0.97899
0.91251
0.9719
0.9727
0.97009
0.96184
0.96897
0.87489
0.76026
0.64978
0.63667
0.66359
0.78579
0.87895
0.91836
0.95989
0.82871
0.97633
0.96426
0.95673
0.96866
0.97982
0.97032
0.95147
0.87267
0.67892
0.63971
0.60853
0.5659
0.5387
0.50752
0.48141
0.45308
0.44798
0.4899
0.52066
0.52287
0.55354
0.44799
0.46129
0.46376
0.50018
0.51117
0.50396
0.49186
0.45856
0.44001
0.4317
0.44838
0.46942
0.49324
0.51759
0.4914
0.4736
0.46078
0.43711
0.45477
0.45289
0.42282
0.43983
0.44816
0.47813
0.5279
0.53434
0.50646
0.48703
0.46848
0.50087
0.52922
0.54552
0.53834
0.56205
0.53693
0.49303
0.44105
0.38135
0.35656
0.33693
0.35258
0.34719
0.33926
0.32652
0.32361
0.32471
0.32498
0.33393
0.32516
0.31604
0.31467
0.33884
0.38201
0.53839
0.95623
0.94551
0.92417
0.93806
0.83854
0.92309
0.96314
0.95732
0.96227
0.96208
0.8832
0.58949
0.55809
0.51185
0.51307
0.498
0.42773
0.33163
0.30914
0.30247
0.29357
0.29692
0.27273
0.25361
0.25154
0.28993
0.32438
0.33065
0.34062
0.32128
0.31067
0.32312
0.3725
0.40814
0.39869
0.39739
0.44933
0.45855
0.45901
0.48093
0.41456
0.39467
0.39719
0.39197
0.40296
0.43178
0.43927
0.43433
0.47607
0.50154
0.506
0.52432
0.50277
0.49232
0.48638
0.50297
0.47108
0.4376
0.40103
0.4049
0.43011
0.47365
0.46958
0.44875
0.58764
0.54025
0.56506
0.79885
0.81275
0.8183
0.79598
0.8269
0.8637
0.95965
0.7819
0.68327
0.6137
0.59331
0.63869
0.67063
0.61918
0.5799
0.51296
0.46246
0.45672
0.45976
0.4468
0.4239
0.39611
0.36177
0.32689
0.31329
0.37211
0.48924
0.6659
0.66865
0.75409
0.77816
0.73018
0.69
0.67248
0.70924
0.7132
0.63904
0.64673
0.49006
0.43455
0.37091
0.32478
0.26404
0.20338
0.16058
0.19247
0.29561
0.39132
0.45726
0.47581
0.47813
0.45058
0.43914
0.44917
0.64539
0.79112
0.72822
0.7454
0.86138
0.99894
0.99867
0.98511
0.95919
0.88786
0.9301
0.72254
0.72095
0.95072
0.97951
0.9468
0.96172
0.95456
0.9473
0.96351
0.94995
0.94198
0.93265
0.91844
0.78534
0.60316
0.5073
0.47265
0.39944
0.29583
0.23787
0.29685
0.29664
0.3313
0.59773
0.70315
0.75027
0.75653
0.73785
0.82086
0.80031
0.77881
0.78287
0.78342
0.77132
0.75413
0.74581
0.75194
0.72608
0.7096
0.68173
0.64758
0.6566
0.60066
0.51081
0.47404
0.44782
0.41792
0.3772
0.42274
0.47199
0.46396
0.44113
0.52336
0.49904
0.55156
0.58266
0.54017
0.53716
0.54464
0.52182
0.48328
0.48182
0.48226
0.53116
0.53518
0.53441
0.48699
0.43262
0.3768
0.39349
0.41395
0.41809
0.41599
0.40145
0.40007
0.40675
0.43448
0.44961
0.45947
0.48183
0.48295
0.48527
0.4837
0.49608
0.51604
0.52474
0.51425
0.51684
0.49148
0.46624
0.48367
0.49218
0.50137
0.48853
0.51199
0.49817
0.49007
0.49914
0.468
0.44272
0.42404
0.42799
0.41916
0.39679
0.38035
0.38236
0.39369
0.40823
0.42652
0.43
0.44458
0.46159
0.46649
0.48112
0.51359
0.55523
0.5714
0.59104
0.59237
0.59515
0.63936
0.89424
0.88233
0.86262
0.72487
0.56904
0.49984
0.44641
0.45476
0.42734
0.38806
0.33393
0.53157
0.55943
0.48419
0.43896
0.42492
0.38139
0.34601
0.35375
0.32923
0.32894
0.32449
0.31686
0.30909
0.37159
0.37412
0.36907
0.39479
0.39344
0.39914
0.44022
0.41767
0.42256
0.41154
0.41744
0.43601
0.40634
0.4029
0.40719
0.42042
0.4492
0.47845
0.65959
0.88662
0.93333
0.93643
0.76746
0.75985
0.76864
0.81177
0.7763
0.78545
0.76493
0.71235
0.73918
0.79089
0.78686
0.78558
0.75836
0.75424
0.77654
0.79558
0.74192
0.78001
0.65659
0.69614
0.69016
0.58715
0.54843
0.53735
0.56711
0.55168
0.53239
0.50597
0.46556
0.43232
0.40555
0.40906
0.42956
0.43511
0.46407
0.46146
0.45302
0.66427
0.82625
0.7576
0.7117
0.86248
0.53574
0.47196
0.41611
0.36821
0.33881
0.34128
0.38951
0.36989
0.43385
0.46366
0.4836
0.54546
0.71222
0.86366
0.90697
0.88464
0.91279
0.90538
0.90489
0.8992
0.89597
0.89132
0.88696
0.79037
0.64363
0.57729
0.57115
0.60911
0.60429
0.58107
0.57045
0.6066
0.86055
0.86431
0.8892
0.89621
0.90502
0.90645
0.90865
0.90802
0.87866
0.87576
0.64893
0.51593
0.47044
0.44248
0.48149
0.46495
0.4586
0.41591
0.39908
0.37976
0.3654
0.34544
0.32063
0.28686
0.29081
0.32623
0.30163
0.2739
0.25034
0.24703
0.24342
0.24553
0.24646
0.22472
0.22145
0.20453
0.19777
0.21157
0.20694
0.21382
0.21343
0.1845
0.17929
0.19055
0.18837
0.18476
0.20005
0.25122
0.27406
0.27706
0.28713
0.29721
0.258
0.24967
0.29055
0.47326
0.45662
0.43138
0.42995
0.40184
0.5769
0.87699
0.88602
0.89024
0.89108
0.84812
0.84843
0.72781
0.59199
0.53304
0.47891
0.43658
0.38001
0.32499
0.2607
0.24291
0.23502
0.23008
0.24222
0.26934
0.28465
0.31519
0.45288
0.61328
0.71812
0.77203
0.59625
0.58976
0.62119
0.82983
0.65764
0.48895
0.54661
0.72903
0.79764
0.55155
0.45084
0.74504
0.73408
0.74781
0.78378
0.75906
0.76324
0.69498
0.6302
0.51425
0.4862
0.47835
0.52553
0.47891
0.41958
0.47441
0.45675
0.35381
0.35494
0.36936
0.46701
0.95263
0.62178
0.64384
0.47062
0.44633
0.92005
0.92403
0.92341
0.68851
0.70648
0.71079
0.69938
0.69225
0.71444
0.76961
0.6913
0.64512
0.63597
0.69695
0.64701
0.53081
0.39744
0.45805
0.609
0.74682
0.88582
0.91038
0.88211
0.86149
0.97749
0.85603
0.8342
0.81179
0.72263
0.81418
0.84421
0.77825
0.7618
0.82607
0.7143
0.65567
0.70877
0.65235
0.63264
0.49327
0.4135
0.75939
0.93941
0.94809
0.95028
0.93208
0.93142
0.93164
0.91618
0.90621
0.70197
0.64044
0.70798
0.6677
0.61946
0.558
0.54586
0.50246
0.44585
0.40536
0.38997
0.38612
0.37854
0.39241
0.40199
0.43989
0.48875
0.50914
0.48383
0.44612
0.55311
0.84768
0.84679
0.85157
0.84461
0.83747
0.83402
0.82868
0.8115
0.6235
0.52996
0.4915
0.44965
0.48262
0.61689
0.57981
0.58002
0.59001
0.52435
0.50238
0.48303
0.44242
0.4108
0.39849
0.39589
0.39408
0.38598
0.37701
0.3708
0.37898
0.42001
0.52332
0.83374
0.82341
0.79942
0.78466
0.75862
0.62317
0.58584
0.61182
0.6113
0.59479
0.56005
0.55036
0.57462
0.53671
0.46272
0.42287
0.4088
0.39917
0.37491
0.35916
0.41614
0.46071
0.46161
0.45556
0.4364
0.47639
0.75352
0.79477
0.73481
0.60735
0.52601
0.55515
0.53688
0.5963
0.60343
0.64346
0.64475
0.65065
0.67235
0.69052
0.67538
0.76634
0.82227
0.73653
0.82736
0.81786
0.81031
0.74249
0.64614
0.62225
0.6053
0.57692
0.51783
0.39301
0.32808
0.61763
0.76647
0.73752
0.85438
0.80747
0.7619
0.76736
0.74866
0.68501
0.54111
0.48106
0.4777
0.56394
0.59542
0.7061
0.90722
0.86029
0.85679
0.90529
0.91433
0.9159
0.91781
0.68814
0.66133
0.74829
0.89509
0.89451
0.89117
0.88384
0.85136
0.83543
0.84136
0.7402
0.65792
0.55766
0.53656
0.43785
0.65897
0.66576
0.64549
0.6049
0.80645
0.74662
0.61365
0.57461
0.55589
0.53295
0.50853
0.4965
0.48303
0.47539
0.46
0.46509
0.44779
0.42787
0.40298
0.38013
0.35468
0.32625
0.29509
0.27647
0.25526
0.25524
0.25927
0.26277
0.28458
0.30508
0.32938
0.35819
0.77863
0.81105
0.71267
0.83138
0.84053
0.8596
0.86879
0.88115
0.88938
0.64235
0.53126
0.45214
0.36445
0.33764
0.62616
0.84049
0.64944
0.70626
0.74196
0.73448
0.73445
0.73367
0.74262
0.90602
0.91717
0.91301
0.87087
0.74596
0.65993
0.62458
0.62639
0.89695
0.9102
0.65937
0.65068
0.68708
0.71605
0.70998
0.69722
0.61053
0.51188
0.47461
0.46243
0.42039
0.39605
0.38254
0.33634
0.29919
0.2881
0.31536
0.35699
0.37203
0.31099
0.31102
0.31047
0.37969
0.4217
0.39456
0.44435
0.41375
0.36584
0.39577
0.44243
0.45719
0.4708
0.45265
0.44566
0.44878
0.52191
0.62617
0.77602
0.77361
0.55014
0.49787
0.46917
0.48341
0.49273
0.4058
0.39356
0.40185
0.36742
0.36363
0.36866
0.36542
0.38393
0.39518
0.38447
0.40771
0.39106
0.35875
0.35695
0.36359
0.35428
0.38338
0.38888
0.36312
0.34411
0.33735
0.3523
0.34287
0.33987
0.35018
0.38909
0.43953
0.45879
0.50111
0.61886
0.85751
0.84773
0.83787
0.82908
0.81909
0.79985
0.63725
0.60768
0.5814
0.54159
0.50047
0.44594
0.38379
0.36341
0.29205
0.69921
0.59927
0.57593
0.62796
0.64717
0.63719
0.43806
0.47049
0.45411
0.34531
0.32428
0.31435
0.39301
0.85105
0.60076
0.5229
0.59289
0.90695
0.82625
0.87694
0.8694
0.71564
0.60882
0.63998
0.52763
0.38309
0.32138
0.35063
0.34025
0.31631
0.47472
0.39121
0.45836
0.58246
0.70976
0.67293
