0.38939
0.42167
0.43728
0.35364
0.35737
0.33558
0.29131
0.36082
0.46047
0.575
0.57678
0.58763
0.58628
0.59105
0.62134
0.65797
0.64741
0.61087
0.6145
0.62831
0.65529
0.63846
0.82014
0.83326
0.84057
0.84515
0.82957
0.76781
0.68861
0.61022
0.69717
0.66636
0.76037
0.8272
0.58122
0.55692
0.5493
0.54501
0.53801
0.52808
0.5329
0.55184
0.55231
0.54983
0.55142
0.54644
0.56397
0.62287
0.61962
0.4893
0.48821
0.51112
0.49974
0.49368
0.50004
0.52957
0.62651
0.79644
0.75286
0.78157
0.69074
0.58333
0.83961
0.87111
0.86327
0.75975
0.5534
0.60165
0.58911
0.67993
0.57808
0.55373
0.5421
0.57817
0.85369
0.60954
0.56016
0.53268
0.5356
0.82421
0.80027
0.79468
0.78156
0.76646
0.77821
0.76719
0.70951
0.66884
0.64714
0.6401
0.64293
0.69769
0.70229
0.69153
0.70884
0.60384
0.4724
0.31439
0.52615
0.7517
0.87149
0.63602
0.53935
0.55881
0.82574
0.68009
0.78025
0.74259
0.52464
0.5324
0.56031
0.86785
0.86096
0.85396
0.83645
0.82483
0.80826
0.78519
0.78257
0.73234
0.70096
0.69877
0.67046
0.63654
0.57074
0.53929
0.64596
0.63233
0.73278
0.75445
0.68824
0.74203
0.75032
0.73356
0.73104
0.7173
0.70721
0.71112
0.66095
0.57501
0.59155
0.56362
0.57996
0.56927
0.51727
0.4767
0.44916
0.3921
0.38077
0.46982
0.36331
0.31012
0.24205
0.23925
0.27971
0.3632
0.43502
0.48875
0.51851
0.50598
0.42265
0.35863
0.37227
0.4483
0.4384
0.3659
0.32161
0.3293
0.34284
0.37029
0.37091
0.35043
0.34796
0.33461
0.34018
0.34043
0.37154
0.36525
0.33738
0.46284
0.46089
0.39506
0.45804
0.4779
0.51395
0.5516
0.56033
0.56695
0.55787
0.54628
0.53684
0.59166
0.58995
0.56466
0.54883
0.52153
0.52583
0.52384
0.52512
0.53002
0.53187
0.54468
0.54226
0.5471
0.55094
0.56168
0.56337
0.55561
0.56123
0.56617
0.56226
0.56473
0.56315
0.55734
0.56907
0.5624
0.547
0.49723
0.51277
0.47353
0.46241
0.53502
0.52465
0.54208
0.57013
0.57788
0.5704
0.5648
0.57083
0.57184
0.56447
0.54766
0.53199
0.56772
0.58671
0.59503
0.58254
0.56273
0.5539
0.52646
0.49969
0.50239
0.50475
0.53156
0.54005
0.55937
0.55684
0.56722
0.56837
0.58179
0.58206
0.58327
0.58914
0.57296
0.55453
0.5763
0.55363
0.53769
0.54173
0.52874
0.51832
0.49216
0.47633
0.4571
0.44001
0.42088
0.40207
0.37702
0.34694
0.33532
0.34466
0.36492
0.38819
0.41199
0.41248
0.4398
0.4371
0.37316
0.37002
0.40109
0.81034
0.81637
0.81018
0.77595
0.74479
0.7284
0.72211
0.72688
0.70938
0.73166
0.64064
0.59973
0.60421
0.66727
0.5878
0.60165
0.58698
0.55866
0.79059
0.52912
0.51549
0.51732
0.52276
0.52472
0.52781
0.53905
0.5541
0.56766
0.58075
0.59797
0.59342
0.54872
0.54995
0.58502
0.61008
0.58521
0.61074
0.58654
0.57017
0.57038
0.5916
0.62397
0.62129
0.61112
0.60101
0.61648
0.61179
0.60421
0.59863
0.59879
0.60388
0.60377
0.59288
0.5853
0.58561
0.57308
0.56917
0.56951
0.56922
0.57654
0.5804
0.58597
0.5915
0.59908
0.59105
0.58736
0.58714
0.59069
0.59389
0.60398
0.60914
0.6007
0.57978
0.56696
0.56047
0.55131
0.56144
0.57131
0.5632
0.55016
0.52712
0.53309
0.55616
0.5794
0.55635
0.56708
0.56419
0.5684
0.5921
0.58768
0.59153
0.61095
0.58902
0.57816
0.69689
0.89774
0.89582
0.86284
0.83765
0.83053
0.84405
0.799
0.82373
0.86884
0.73389
0.60411
0.5327
0.68773
0.72684
0.54795
0.5045
0.51444
0.53161
0.57676
0.52596
0.56819
0.69948
0.83592
0.79023
0.81728
0.82017
0.81062
0.75219
0.75709
0.77507
0.7659
0.77234
0.73638
0.76539
0.72676
0.74514
0.74093
0.73232
0.76142
0.75104
0.73875
0.71209
0.65536
0.63208
0.57353
0.48938
0.47818
0.60046
0.52277
0.6009
0.75228
0.81437
0.81199
0.84185
0.80852
0.79022
0.7861
0.78855
0.78822
0.78276
0.78026
0.77981
0.77583
0.76299
0.75067
0.75548
0.76052
0.76499
0.7661
0.76766
0.77128
0.77051
0.76232
0.7497
0.73059
0.71592
0.66987
0.63053
0.58228
0.53543
0.4546
0.36361
0.35141
0.37824
0.47494
0.60971
0.52848
0.59301
0.54876
0.50833
0.47307
0.54395
0.5913
0.58176
0.55274
0.65866
0.86724
0.87959
0.84966
0.83108
0.8211
0.71118
0.56211
0.56892
0.42963
0.62024
0.86527
0.84788
0.71888
0.53091
0.68483
0.60661
0.54998
0.53651
0.54061
0.54185
0.52287
0.56488
0.56651
0.5588
0.57893
0.76273
0.60835
0.49869
0.48989
0.51736
0.52814
0.52684
0.49413
0.49128
0.58095
0.61949
0.61229
0.58419
0.79742
0.81905
0.81247
0.78655
0.7202
0.59124
0.5648
0.55478
0.62732
0.61949
0.75002
0.74391
0.73733
0.73687
0.73174
0.70613
0.71703
0.69992
0.64504
0.62298
0.58733
0.54798
0.44907
0.38152
0.50789
0.50973
0.51297
0.56989
0.79793
0.80438
0.77398
0.75486
0.7825
0.75712
0.76024
0.75697
0.77434
0.77165
0.75403
0.75551
0.76739
0.75814
0.74201
0.71189
0.67881
0.7457
0.76646
0.76087
0.76939
0.77213
0.76519
0.76798
0.76931
0.76744
0.75836
0.76684
0.75738
0.76238
0.75897
0.75646
0.67546
0.6111
0.42412
0.30465
0.30962
0.43639
0.44834
0.51967
0.5678
0.75527
0.59957
0.66035
0.53146
0.54375
0.60958
0.51121
0.54558
0.68932
0.80251
0.81251
0.79713
0.78739
0.7566
0.75294
0.7017
0.66475
0.66205
0.65101
0.65879
0.70179
0.73078
0.73251
0.67223
0.63203
0.56615
0.58275
0.68679
0.68017
0.70606
0.83712
0.81076
0.7513
0.57909
0.59272
0.69049
0.76549
0.76095
0.81376
0.91446
0.91499
0.90913
0.90938
0.8845
0.86335
0.75609
0.72529
0.66944
0.56108
0.56144
0.70037
0.70747
0.64213
0.85128
0.90679
0.84817
0.84497
0.91818
0.93517
0.88352
0.928
0.89672
0.82832
0.81232
0.74869
0.7121
0.64947
0.51142
0.45717
0.36591
0.40275
0.4793
0.52472
0.58262
0.64402
0.66169
0.61188
0.53152
0.49352
0.45355
0.42252
0.45334
0.51251
0.52058
0.51452
0.52799
0.55934
0.77678
0.81306
0.7603
0.69843
0.59809
0.51691
0.4553
0.47498
0.55681
0.65957
0.7559
0.84104
0.87945
0.88049
0.84263
0.82311
0.7997
0.7131
0.55352
0.4606
0.38584
0.35356
0.34365
0.34496
0.36974
0.40489
0.46625
0.63889
0.86182
0.81839
0.81575
0.81097
0.79346
0.77971
0.77505
0.81305
0.83936
0.82001
0.79114
0.77592
0.76814
0.7882
0.70193
0.67778
0.64431
0.62035
0.61819
0.63994
0.65807
0.704
0.77373
0.72559
0.82634
0.82344
0.80062
0.79966
0.81521
0.82961
0.84187
0.86092
0.86676
0.86861
0.86537
0.86711
0.86769
0.86532
0.86968
0.87074
0.86655
0.86965
0.85816
0.84966
0.8399
0.67183
0.62906
0.58358
0.53795
0.5585
0.55503
0.53942
0.53738
0.54901
0.5495
0.55146
0.55924
0.55971
0.55959
0.5544
0.55039
0.56774
0.59081
0.61174
0.62959
0.60051
0.58656
0.58091
0.83613
0.84618
0.85226
0.84833
0.85028
0.85887
0.85718
0.83067
0.76493
0.7055
0.66964
0.59514
0.52445
0.44614
0.37319
0.60578
0.66818
0.67732
0.556
0.55245
0.5549
0.55726
0.87467
0.80116
0.62107
0.75877
0.82267
0.79022
0.78868
0.78561
0.66187
0.67258
0.69689
0.75965
0.80697
0.81401
0.82876
0.81807
0.81103
0.80728
0.80112
0.75353
0.71644
0.57018
0.54573
0.51232
0.4619
0.51149
0.66517
0.65352
0.65792
0.79891
0.82219
0.82049
0.80626
0.7831
0.80086
0.81623
0.8257
0.78905
0.79065
0.79898
0.76999
0.70674
0.66332
0.65111
0.66226
0.64913
0.65369
0.77379
0.7249
0.72852
0.74273
0.76068
0.78131
0.73632
0.77193
0.74333
0.80454
0.8016
0.80414
0.81834
0.84581
0.86627
0.89157
0.90199
0.87284
0.88225
0.88837
0.88275
0.88728
0.88553
0.86984
0.85354
0.83987
0.82349
0.81449
0.80507
0.80729
0.77547
0.78469
0.80589
0.79596
0.77988
0.69642
0.47082
0.386
0.41348
0.85867
0.91835
0.9187
0.91393
0.89382
0.88052
0.89814
0.90673
0.7115
0.92267
0.92577
0.91055
0.87465
0.85684
0.8236
0.80429
0.75816
0.79716
0.80236
0.76681
0.74864
0.73989
0.79123
0.74733
0.70806
0.65839
0.52122
0.30653
0.38876
0.5864
0.4816
0.5769
0.65069
0.8836
0.88282
0.89165
0.90054
0.9046
0.91306
0.92336
0.9193
0.91758
0.91692
0.90768
0.89838
0.88449
0.84014
0.83032
0.82012
0.83106
0.81293
0.79614
0.76616
0.75858
0.7595
0.75782
0.71382
0.68245
0.67544
0.68466
0.68524
0.67126
0.6555
0.6296
0.5989
0.59445
0.70896
0.72911
0.69457
0.67716
0.64944
0.79345
0.84226
0.82544
0.77422
0.72001
0.70094
0.71361
0.76682
0.7994
0.80642
0.83816
0.786
0.73283
0.68531
0.68687
0.63997
0.76255
0.8294
0.83313
0.84803
0.84055
0.82814
0.82499
0.74789
0.64191
0.58406
0.54033
0.61459
0.73962
0.79023
0.82526
0.81179
0.64027
0.55141
0.5516
0.55016
0.55677
0.51186
0.51108
0.54332
0.56065
0.58508
0.56289
0.55209
0.55525
0.55873
0.54545
0.52799
0.54435
0.54384
0.52456
0.49636
0.47841
0.49361
0.49667
0.88619
0.92439
0.9242
0.92297
0.91258
0.835
0.82226
0.81937
0.77185
0.73212
0.73067
0.72108
0.55959
0.50938
0.47468
0.45588
0.49058
0.52801
0.67605
0.70054
0.76006
0.81451
0.83278
0.86866
0.85863
0.81446
0.81836
0.76352
0.6967
0.70249
0.73
0.65149
0.57997
0.65263
0.66579
0.78604
0.85289
0.86341
0.83339
0.85784
0.90671
0.8828
0.85589
0.75179
0.87823
0.79234
0.67962
0.57497
0.57868
0.58225
0.57445
0.53555
0.5033
0.49321
0.5311
0.52343
0.53335
0.61963
0.59688
0.63563
0.63851
0.6531
0.6463
0.65257
0.65097
0.66271
0.58643
0.60521
0.64819
0.70321
0.68962
0.66803
0.65457
0.64589
0.64612
0.7264
0.67512
0.77985
0.77798
0.74135
0.72827
0.68388
0.64827
0.58663
0.81992
0.67298
0.69316
0.67852
0.66268
0.61585
0.5431
0.47918
0.62252
0.65827
0.63235
0.62973
0.63592
0.64829
0.65886
0.6623
0.66262
0.65772
0.65878
0.70225
0.68236
0.70178
0.67422
0.64115
0.63578
0.65888
0.64463
0.64414
0.67949
0.74766
0.63477
0.64898
0.93979
0.90948
0.90652
0.72202
0.65715
0.61989
0.61865
0.65594
0.66096
0.77023
0.90856
0.94231
0.96427
0.96768
0.96854
0.80729
0.74572
0.69687
0.67341
0.7185
0.66521
0.66513
0.63341
0.66931
0.6725
0.77102
0.85452
0.91932
0.70594
0.77584
0.69327
0.68147
0.68283
0.67456
0.66516
0.67087
0.89312
0.80925
0.96831
0.80846
0.74628
0.85861
0.8566
0.76732
0.69751
0.60549
0.58546
0.62755
0.72011
0.76408
0.89976
0.94259
0.97166
0.95084
0.86183
0.80151
0.82205
0.73757
0.72821
0.73071
0.72625
0.76359
0.79334
0.80464
0.81207
0.77451
0.75908
0.82297
0.80076
0.79386
0.73514
0.70533
0.71023
0.69362
0.65119
0.60587
0.52393
0.48515
0.52124
0.52529
0.5665
0.62135
0.62688
0.59977
0.55874
0.61211
0.58613
0.74331
0.68308
0.62142
0.69348
0.70743
0.6111
0.52708
0.59306
0.6836
0.73163
0.66959
0.70113
0.78163
0.65961
0.62988
0.70004
0.72937
0.70744
0.70091
0.66966
0.59753
0.55924
0.55211
0.94816
0.968
0.97591
0.97235
0.95884
0.95479
0.94741
0.94245
0.9337
0.88919
0.92979
0.93889
0.91606
0.91913
0.93998
0.85658
0.77322
0.75278
0.76026
0.93112
0.93641
0.92211
0.81587
0.73537
0.86482
0.75946
0.73909
0.85188
0.92809
0.91746
0.83311
0.86678
0.87911
0.89421
0.90774
0.92719
0.92775
0.92379
0.9245
0.8789
0.76695
0.7828
0.7021
0.72322
0.80359
0.77752
0.95598
0.95613
0.96354
0.95719
0.96499
0.67024
0.65323
0.65204
0.65932
0.65035
0.62604
0.60523
0.58756
0.59712
0.61232
0.61813
0.69236
0.57415
0.58659
0.5844
0.6084
0.61145
0.58761
0.5947
0.65672
0.60708
0.58785
0.58401
0.59221
0.97921
0.99592
0.97011
0.80282
0.62161
0.61259
0.82276
0.8258
0.93011
0.70191
0.58137
0.58786
0.69545
0.8382
0.94458
0.70448
0.97817
0.97958
0.97251
0.95682
0.95081
0.9379
0.8494
0.77684
0.76854
0.74476
0.71944
0.72941
0.72635
0.69918
0.65756
0.65682
0.96644
0.75089
0.79436
0.78702
0.69614
0.84564
0.92566
0.96421
0.84081
0.70831
0.73414
0.75467
0.69858
0.75959
0.84483
0.94092
0.94596
0.93862
0.91706
0.84586
0.72116
0.66476
0.75009
0.80597
0.80419
0.81371
0.79971
0.86683
0.81551
0.86379
0.95697
0.96757
0.95827
0.95116
0.94939
0.89834
0.84815
0.88086
0.82085
0.89138
0.8898
0.94401
0.96448
0.96086
0.8653
0.8416
0.89346
0.89989
0.91055
0.9553
0.83203
0.73198
0.7073
0.71402
0.80342
0.95756
0.97968
0.8404
0.74726
0.73709
0.73998
0.74615
0.95352
0.99849
0.97405
0.98241
0.97623
0.93199
0.94236
0.94288
0.91436
0.89182
0.88174
0.76818
0.70668
0.81606
0.77881
0.81754
0.86777
0.87718
0.91513
0.93578
0.93062
0.86163
0.79857
0.80359
0.77608
0.69823
0.72769
0.72332
0.70609
0.8148
0.83454
0.92436
0.91561
0.71643
0.66607
0.71823
0.73677
0.70824
0.64264
0.64852
0.80967
0.75596
0.75317
0.74849
0.72981
0.71095
0.68839
0.61171
0.87876
0.7802
0.68444
0.69842
0.69919
0.6855
0.64547
0.63632
0.65013
0.67669
0.69305
0.65833
0.66137
0.65453
0.67826
0.9419
0.72555
0.80109
0.82446
0.8971
0.95929
0.83013
0.94771
0.86933
0.96374
0.79113
0.72931
0.72937
0.79811
0.75569
0.71429
0.64372
0.63568
0.65944
0.73424
0.82508
0.88451
0.86182
0.88833
0.91322
0.98755
0.98388
0.92298
0.96433
0.9645
0.98126
0.91614
0.82491
0.77794
0.87394
0.83857
0.81522
0.69181
0.64765
0.70309
0.72118
0.74102
0.78732
0.77879
0.82232
0.83861
0.82161
0.72096
0.68986
0.66166
0.62352
0.67034
0.70474
0.70555
0.71826
0.74051
0.75953
0.75548
0.70958
0.68789
0.58293
0.74212
0.84196
0.74193
0.64308
0.66092
0.65772
0.65199
0.66217
0.66394
0.71094
0.73172
0.88796
0.69514
0.69618
0.69176
0.69569
0.71365
0.7262
0.76009
0.94806
0.95838
0.94095
0.96341
0.93473
0.85348
0.82021
0.76649
0.75739
0.73576
0.70981
0.67553
0.76472
0.78355
0.77735
0.76596
0.82909
0.85349
0.76638
0.69858
0.71317
0.9043
0.9342
0.98669
0.99356
0.98497
0.98736
0.98444
0.98448
0.97857
0.97246
0.96691
0.96312
0.95246
0.95809
0.96155
0.93083
0.81282
0.81576
0.77776
0.78391
0.78481
0.78581
0.75607
0.69559
0.64372
0.67271
0.92498
0.96592
0.97979
0.9991
0.93236
0.86059
0.85447
0.92068
0.86171
0.82422
0.78609
0.74119
0.69789
0.66731
0.65586
0.69697
0.75828
0.75015
0.78367
0.93389
0.96839
0.9797
0.94398
0.90855
0.89115
0.92323
0.95284
0.94905
0.94066
0.94599
0.89331
0.78643
0.69279
0.70827
0.70305
0.70318
0.63893
0.4969
0.90487
0.97573
0.99215
0.9905
0.99607
0.98793
0.98275
0.9586
0.9236
0.89832
0.90292
0.86362
0.84074
0.82407
0.92375
0.94598
0.94927
0.94053
0.90478
0.88471
0.8756
0.87714
0.92896
0.93903
0.94731
0.96137
0.83516
0.74109
0.74078
0.77314
0.82119
0.84653
0.89083
0.90141
0.8058
0.78075
0.76555
0.72617
0.7047
0.66728
0.7787
0.78228
0.96121
0.99903
0.99898
0.99627
0.96916
0.97098
0.97383
0.92602
0.99785
0.96569
0.9981
0.98054
0.97945
0.97401
0.96244
0.93289
0.88937
0.85468
0.95217
0.95173
0.77112
0.72188
0.71876
0.71743
0.73216
0.73932
0.76005
0.75649
0.73948
0.75132
0.71729
0.70265
0.74331
0.79726
0.88384
0.98721
0.98981
0.99302
0.98313
0.958
0.88954
0.85773
0.83171
0.77956
0.77289
0.7938
0.75811
0.63982
0.71002
0.73023
0.62181
0.58504
0.53314
0.49763
0.59797
0.63786
0.66754
0.66269
0.68636
0.69174
0.68131
0.61385
0.59298
0.68642
0.75287
0.85069
0.88061
0.99811
1.0006
0.92335
0.87232
0.77096
0.69285
0.73341
0.74409
0.9488
0.95031
0.9552
0.95038
0.90595
0.8077
0.81835
0.81756
0.87624
0.90415
0.90235
0.91111
0.87827
0.71276
0.67023
0.66929
0.65312
0.69597
0.69492
0.70541
0.68939
0.68628
0.69528
0.70045
0.65509
0.66611
0.63515
0.62348
0.65034
0.63375
0.68975
0.77872
0.77609
0.63283
0.67172
0.61991
0.61027
0.62777
0.6096
0.48795
0.44352
0.45365
0.51368
0.51497
0.48128
0.47027
0.46487
0.47427
0.42016
0.36632
0.37427
0.44701
0.54487
0.64153
0.70306
0.77656
0.7571
0.74037
0.93028
0.96896
0.98312
0.95781
0.93049
0.92743
0.97219
0.97414
0.9717
0.96805
0.93473
0.91508
0.9107
0.90159
0.94469
0.93951
0.91079
0.91176
0.90539
0.87307
0.86398
0.80709
0.8929
0.89278
0.90167
0.92604
0.93829
0.94265
0.95438
0.95244
0.95501
0.94929
0.8951
0.79624
0.79265
0.84793
0.93446
0.93547
0.94322
0.94386
0.93222
0.92237
0.94084
0.7677
0.73839
0.71026
0.71029
0.75133
0.72895
0.72584
0.5658
0.53625
0.58963
0.60347
0.59831
0.58344
0.514
0.45601
0.47443
0.58075
0.74226
0.80963
0.89395
0.92115
0.90263
0.92401
0.93141
0.90068
0.83369
0.79882
0.72298
0.70907
0.69516
0.6768
0.68341
0.71083
0.75981
0.79262
0.78058
0.83718
0.8396
0.89803
0.94215
0.92742
0.96429
0.94045
0.83331
0.80438
0.77501
0.77358
0.78115
0.79583
0.82793
0.86063
0.90006
0.9409
0.94292
0.95299
0.9505
0.8804
0.83538
0.80495
0.71685
0.72489
0.55622
0.58031
0.553
0.57746
0.59742
0.68024
0.80838
0.83234
0.81567
0.75289
0.72496
0.7358
0.7734
0.81096
0.69128
0.62772
0.61492
0.61201
0.64033
0.70204
0.70016
0.67603
0.66144
0.69029
0.70524
0.64643
0.60798
0.63924
0.66344
0.66845
0.66006
0.68439
0.70419
0.69203
0.69187
0.66023
0.61425
0.59341
0.58173
0.58849
0.60617
0.61463
0.60223
0.57772
0.56859
0.56181
0.57082
0.59019
0.62233
0.62386
0.65066
0.65035
0.66034
0.66982
0.65812
0.67315
0.64414
0.62705
0.59052
0.5804
0.58522
0.58532
0.52486
0.47275
0.50036
0.56175
0.62153
0.71619
0.71008
0.65923
0.70363
0.76759
0.771
0.77267
0.82162
0.80535
0.82957
0.79845
0.76034
0.732
0.69463
0.67395
0.67195
0.62432
0.57301
0.5935
0.60892
0.6776
0.76752
0.81581
0.82836
0.76656
0.68253
0.63893
0.61753
0.59019
0.59088
0.63906
0.69132
0.69641
0.67081
0.65546
0.66068
0.67858
0.67469
0.70292
0.74944
0.66843
0.57741
0.49254
0.42269
0.36789
0.34199
0.29529
0.29839
0.39971
0.34557
0.35839
0.3635
0.38168
0.4469
0.46591
0.49865
0.53031
0.54041
0.44834
0.38102
0.39012
0.3406
0.2922
0.28703
0.30944
0.32167
0.35707
0.40806
0.45032
0.48867
0.61482
0.76344
0.76229
0.72562
0.56737
0.46601
0.41112
0.39334
0.43495
0.52758
0.61009
0.64609
0.59737
0.51119
0.44623
0.42211
0.40237
0.39765
0.4724
0.51991
0.50488
0.49149
0.44902
0.43783
0.44901
0.44039
0.49936
0.53442
0.52542
0.51296
0.48418
0.47967
0.51708
0.57629
0.56886
0.52369
0.53222
0.554
0.56378
0.5703
0.58085
0.61747
0.66736
0.84805
0.85798
0.863
0.84854
0.86167
0.79285
0.70494
0.69816
0.7181
0.58325
0.52306
0.51317
0.80646
0.8711
0.86717
0.92992
0.94184
0.94813
0.95088
0.95004
0.94445
0.94471
0.93974
0.91605
0.93168
0.93337
0.93136
0.92921
0.92654
0.9177
0.91935
0.91921
0.8918
0.87859
0.76822
0.67076
0.67259
0.63642
0.64425
0.65136
0.66617
0.65491
0.64315
0.64492
0.61261
0.66453
0.69993
0.67652
0.85942
0.80572
0.66093
0.67545
0.67535
0.6728
0.68667
0.66101
0.65794
0.66253
0.66424
0.66802
0.66787
0.70017
0.69707
0.70185
0.67901
0.66084
0.70864
0.71445
0.71677
0.68315
0.68261
0.68177
0.68799
0.65188
0.73319
0.6813
0.68351
0.66536
0.66578
0.72325
0.89943
0.90992
0.91996
0.91723
0.90188
0.89549
0.89366
0.89496
0.89396
0.89646
0.8761
0.87115
0.8687
0.86131
0.76999
0.74879
0.72634
0.71094
0.75805
0.83541
0.83731
0.8404
0.82214
0.84987
0.8548
0.85289
0.83898
0.82375
0.83074
0.83067
0.83592
0.84754
0.85873
0.85717
0.8615
0.85137
0.75808
0.68696
0.6587
0.66651
0.56447
0.51878
0.57752
0.6266
0.66167
0.67294
0.65031
0.79509
0.81056
0.80051
0.78557
0.78739
0.77724
0.76001
0.70521
0.64491
0.62607
0.56696
0.51097
0.67458
0.82263
0.85418
0.81201
0.8248
0.82628
0.79276
0.75674
0.81204
0.8115
0.79569
0.76218
0.67653
0.61334
0.55461
0.47196
0.42157
0.34707
0.32453
0.31606
0.29561
0.29344
0.28036
0.28065
0.31286
0.34525
0.37102
0.38053
0.41275
0.40873
0.41301
0.46407
0.48374
0.50587
0.56936
0.59081
0.54802
0.79859
0.80047
0.78869
0.78765
0.8016
0.78651
0.77028
0.73073
0.64472
0.57087
0.51867
0.50045
0.55407
0.66674
0.7261
0.75992
0.75929
0.74327
0.69664
0.60278
0.56244
0.62985
0.74339
0.83042
0.59555
0.55521
0.55746
0.56465
0.56722
0.58326
0.58626
0.59859
0.59004
0.58651
0.57269
0.58647
0.83578
0.84608
0.85259
0.85868
0.84616
0.73448
0.69918
0.6883
0.73808
0.85835
0.88759
0.90866
0.88633
0.64967
0.61836
0.60543
0.92365
0.94978
0.8883
0.82373
0.86378
0.81033
0.78272
0.78577
0.79229
0.78355
0.72554
0.66911
0.59419
0.60974
0.56918
0.62817
0.63979
0.63758
0.628
0.63566
0.62744
0.6713
0.70849
0.71481
0.72682
0.7187
0.68369
0.63296
0.58913
0.53414
0.55234
0.6021
0.64258
0.6399
0.55414
0.53259
0.47764
0.47498
0.45918
0.43085
0.45895
0.44716
0.43639
0.43438
0.41079
0.43243
0.40451
0.40321
0.4189
0.40823
0.40708
0.49716
0.48244
0.46684
0.48536
0.52187
0.54242
0.54717
0.55278
0.54944
0.564
0.56359
0.54832
0.55312
0.55619
0.55907
0.57662
0.58428
0.58945
0.55323
0.52878
0.49165
0.444
0.42799
0.51158
0.61537
0.69016
0.71006
0.71997
0.72599
0.72761
0.62086
0.66687
0.66049
0.6959
0.74759
0.8709
0.87934
0.87457
0.85681
0.85444
0.84468
0.80926
0.75299
0.72784
0.7302
0.74168
0.67734
0.61261
0.5628
0.49169
0.47829
0.85013
0.87515
0.90222
0.89774
0.8883
0.89735
0.90887
0.91321
0.77719
0.73527
0.56233
0.55845
0.5552
0.55113
0.56301
0.58366
0.59003
0.60397
0.61542
0.6061
0.62594
0.84488
0.84012
0.83502
0.80155
0.73469
0.66159
0.62086
0.60857
0.6546
0.74753
0.76145
0.7655
0.76582
0.72439
0.64135
0.64084
0.64562
0.60546
0.59011
0.50105
0.45603
0.53406
0.55819
0.5594
0.56384
0.61054
0.60895
0.62591
0.64192
0.56913
0.57119
0.66024
0.6944
0.6775
0.65059
0.67807
0.76761
0.74487
0.67996
0.62627
0.56639
0.5644
0.57383
0.54113
0.53378
0.5783
0.62062
0.61528
0.60807
0.60654
0.61103
0.6275
0.64995
0.72174
0.67287
0.64896
0.61217
0.5746
0.89521
0.86722
0.58095
0.58238
0.58856
0.59656
0.58538
0.57409
0.58365
0.58028
0.58072
0.57894
0.56323
0.56761
0.5567
0.55189
0.55481
0.53807
0.56361
0.67532
0.80394
0.91584
0.93253
0.93892
0.93468
0.93552
0.91676
0.82869
0.63567
0.68855
0.8487
0.91551
0.91472
0.92143
0.93407
0.93432
0.94043
0.9383
0.93619
0.92934
0.92044
0.89306
0.88693
0.88298
0.88873
0.85642
0.81012
0.81039
0.7249
0.70812
0.67786
0.68835
0.70693
0.70327
0.69267
0.68429
0.67139
0.64954
0.63943
0.63138
0.6295
0.65711
0.66046
0.65588
0.64652
0.64017
0.62056
0.61084
0.62881
0.65216
0.64262
0.61193
0.59773
0.72887
0.72933
0.72215
0.70461
0.72098
0.77509
0.76905
0.67604
0.63766
0.56583
0.45349
0.38764
0.40142
0.4789
0.55644
0.62401
0.67047
0.79551
0.81308
0.8166
0.83064
0.84057
0.85439
0.86017
0.8326
0.82898
0.83322
0.82095
0.74731
0.70074
0.66565
0.63366
0.60777
0.56919
0.52924
0.49861
0.47793
0.46268
0.4719
0.49327
0.48041
0.50665
0.53618
0.55195
0.57463
0.58907
0.59168
0.60189
0.614
0.6201
0.61773
0.65511
0.66945
0.6569
0.59692
0.59836
0.62812
0.67594
0.79617
0.6942
0.65155
0.60044
0.73484
0.73852
0.82385
0.84519
0.84484
0.84875
0.81596
0.87876
0.89023
0.88627
0.87654
0.86494
0.85841
0.85637
0.8583
0.8636
0.86226
0.86544
0.86926
0.861
0.85236
0.83033
0.8316
0.84009
0.83819
0.83815
0.8162
0.72627
0.73883
0.80137
0.84278
0.85069
0.85999
0.8697
0.86676
0.86381
0.85268
0.84624
0.83926
0.81515
0.81426
0.83105
0.85401
0.86022
0.85021
0.83393
0.8521
0.85173
0.84808
0.85362
0.85408
0.82205
0.81613
0.80594
0.82684
0.80791
0.79399
0.72372
0.67606
0.6578
0.52872
0.46288
0.38665
0.75437
0.66139
0.51686
0.51243
0.56683
0.62881
0.74432
0.75929
0.73897
0.79894
0.69264
0.60565
0.90558
0.8559
0.88945
0.68231
0.95348
0.91411
0.89584
0.8751
0.86263
0.83957
0.79035
0.83338
0.84605
0.86579
0.87035
0.87644
0.88685
0.77924
0.66589
0.61352
0.55681
0.89711
0.90318
0.91357
0.91174
0.90691
0.90697
0.90076
0.89291
0.88728
0.87996
0.84329
0.78392
0.75393
0.72372
0.70979
0.75828
0.74182
0.75612
0.77721
0.69077
0.59475
0.60654
0.69593
0.77712
0.74327
0.7469
0.74512
0.70866
0.72221
0.7559
0.63768
0.59427
0.55308
0.54466
0.55247
0.56436
0.56493
0.54785
0.59887
0.61429
0.60732
0.61842
0.60749
0.47054
0.37099
0.34903
0.37012
0.41173
0.42421
0.44464
0.47911
0.45192
0.4378
0.4271
0.43566
0.43422
0.44405
0.47911
0.52376
0.53111
0.53687
0.54173
0.53605
0.54318
0.54735
0.54458
0.53548
0.53986
0.57689
0.76764
0.79859
0.80843
0.81585
0.79632
0.74246
0.69703
0.6699
0.627
0.60202
0.52618
0.54396
0.53585
0.52696
0.53411
0.54512
0.63374
0.6431
0.67146
0.65348
0.72935
0.77154
0.77929
0.78007
0.78376
0.78776
0.79058
0.77844
0.76306
0.71166
0.67204
0.64974
0.59728
0.43459
0.48397
0.50223
0.48955
0.48561
0.49391
0.50355
0.51626
0.56536
0.75269
0.72833
0.50557
0.49982
0.51795
0.48665
0.50152
0.49377
0.51024
0.52602
0.52862
0.52212
0.52881
0.50764
0.51701
0.51839
0.51038
0.51958
0.52866
0.54348
0.54746
0.56564
0.55816
0.58342
0.60024
0.59471
0.51366
0.43986
0.40242
0.33567
0.28301
0.25185
0.38822
0.43628
0.44515
0.4197
0.43977
0.58267
0.63739
0.69984
0.70784
0.72472
0.73124
0.7365
0.73779
0.74139
0.74939
0.76375
0.75082
0.76461
0.73451
0.6608
0.56114
0.56978
0.58264
0.70329
0.67436
0.65629
0.51144
0.53144
0.82233
0.64641
0.79249
0.8182
0.80444
0.79122
0.78594
0.7795
0.76746
0.77189
0.76196
0.75928
0.75068
0.74501
0.74037
0.73492
0.68479
0.63994
0.59447
0.55222
0.46948
0.62587
0.66787
0.71317
0.72254
0.72199
0.67089
0.65056
0.67436
0.67861
0.68115
0.67558
0.64836
0.65634
0.65826
0.64959
0.64529
0.70472
0.68755
0.68563
