0.4364
0.44178
0.4545
0.44667
0.45139
0.5494
0.8858
0.87033
0.84593
0.83144
0.8277
0.82042
0.81054
0.63873
0.59782
0.49545
0.46515
0.47055
0.46645
0.46248
0.43603
0.43279
0.44274
0.42503
0.43762
0.53965
0.60697
0.62591
0.63921
0.63904
0.60791
0.63865
0.57652
0.52894
0.57462
0.59517
0.54054
0.50333
0.39162
0.3791
0.5285
0.70807
0.67468
0.90961
0.92245
0.53055
0.47108
0.52802
0.57649
0.53339
0.5055
0.46963
0.49015
0.68271
0.86535
0.83618
0.82732
0.82894
0.82911
0.81103
0.80696
0.79369
0.70858
0.68171
0.6159
0.56679
0.46064
0.38047
0.32544
0.68108
0.73423
0.43827
0.4022
0.41258
0.41107
0.40106
0.41134
0.4304
0.44583
0.74622
0.85863
0.81013
0.7976
0.80177
0.79945
0.80119
0.80056
0.79718
0.77346
0.73475
0.63186
0.55618
0.53655
0.52974
0.53817
0.54294
0.54465
0.55865
0.55286
0.51566
0.53136
0.54631
0.49861
0.45942
0.4613
0.45978
0.4867
0.48578
0.69434
0.75414
0.67244
0.70983
0.73311
0.68353
0.72856
0.67427
0.57581
0.7215
0.62132
0.58007
0.54553
0.5384
0.50502
0.49639
0.45896
0.40462
0.3719
0.61431
0.49225
0.42417
0.40504
0.41866
0.5656
0.42905
0.42306
0.43887
0.8473
0.82336
0.66106
0.60086
0.5955
0.58029
0.57075
0.58947
0.65906
0.66037
0.64458
0.74681
0.77428
0.80568
0.80794
0.81023
0.80586
0.8049
0.80015
0.79403
0.7908
0.78545
0.75769
0.67168
0.60313
0.54897
0.47877
0.42078
0.36502
0.3422
0.32492
0.32455
0.32844
0.33833
0.33671
0.3738
0.38867
0.40989
0.39003
0.38592
0.37696
0.41998
0.41869
0.4196
0.44084
0.47523
0.53632
0.55681
0.60985
0.63845
0.71235
0.72122
0.68562
0.74827
0.76071
0.75342
0.77039
0.77884
0.77145
0.76432
0.72548
0.76905
0.7233
0.78082
0.74628
0.74447
0.70951
0.65917
0.59074
0.53589
0.51608
0.62194
0.54679
0.72063
0.66144
0.67593
0.61909
0.55324
0.45761
0.48168
0.49525
0.49206
0.43637
0.42847
0.47619
0.62118
0.729
0.74548
0.75987
0.7457
0.73364
0.73133
0.72081
0.72669
0.71345
0.69208
0.67231
0.63146
0.56026
0.55125
0.54374
0.51041
0.45447
0.41385
0.37876
0.43143
0.44283
0.41149
0.40589
0.36167
0.30077
0.28871
0.28271
0.30116
0.30909
0.32125
0.24876
0.29991
0.63957
0.79023
0.57874
0.82794
0.51041
0.41144
0.40126
0.40232
0.39369
0.39456
0.40632
0.41806
0.46949
0.50413
0.79841
0.80562
0.78546
0.72422
0.62183
0.62562
0.74906
0.72315
0.70233
0.51898
0.50241
0.48972
0.50299
0.46764
0.60185
0.75786
0.75709
0.76432
0.76319
0.70753
0.66664
0.7506
0.5747
0.41432
0.37921
0.37141
0.36965
0.49698
0.57166
0.55505
0.4967
0.55859
0.48926
0.47628
0.57141
0.46853
0.50051
0.54946
0.51562
0.72258
0.73806
0.74134
0.71412
0.56182
0.52223
0.50019
0.49579
0.48857
0.42812
0.42016
0.37993
0.38409
0.39783
0.39241
0.39289
0.38763
0.68513
0.73688
0.73994
0.74488
0.75024
0.70365
0.63006
0.60454
0.49502
0.43067
0.49815
0.73191
0.75404
0.66851
0.58803
0.56389
0.5905
0.56795
0.61431
0.65055
0.73106
0.75171
0.75616
0.75281
0.75001
0.7469
0.73488
0.73244
0.72548
0.68758
0.66496
0.61742
0.56692
0.51177
0.48897
0.486
0.42165
0.34829
0.31252
0.37496
0.44468
0.52735
0.59968
0.69187
0.7537
0.80141
0.82829
0.65937
0.53299
0.47188
0.53985
0.49148
0.50117
0.5396
0.58055
0.57117
0.57642
0.52291
0.47638
0.54174
0.47067
0.41349
0.40662
0.40855
0.4475
0.43518
0.47468
0.43776
0.45579
0.43289
0.41284
0.39758
0.44233
0.44565
0.43508
0.45016
0.43775
0.4238
0.52061
0.62833
0.7054
0.6976
0.66497
0.57852
0.56093
0.5264
0.49471
0.515
0.51008
0.48688
0.44781
0.4579
0.53278
0.503
0.52388
0.51782
0.52849
0.53498
0.533
0.52832
0.55268
0.63273
0.75297
0.73832
0.74171
0.75692
0.74025
0.71357
0.58709
0.56328
0.54624
0.55351
0.54546
0.52462
0.47017
0.42481
0.39866
0.38797
0.39628
0.40926
0.44877
0.42897
0.41775
0.4191
0.43174
0.43311
0.44178
0.45933
0.4417
0.45373
0.48701
0.56611
0.59783
0.83322
0.82023
0.82083
0.81825
0.82824
0.84065
0.86674
0.78266
0.75593
0.78957
0.86735
0.86724
0.86652
0.8567
0.84553
0.81266
0.78625
0.728
0.69379
0.65778
0.65254
0.6264
0.60831
0.58314
0.55745
0.52549
0.4918
0.47712
0.47899
0.46854
0.46083
0.45454
0.45709
0.45179
0.43791
0.43562
0.47447
0.49655
0.55397
0.55596
0.56141
0.57661
0.53771
0.53646
0.5675
0.61783
0.70413
0.67587
0.64081
0.66932
0.64285
0.58639
0.57152
0.5579
0.58868
0.59814
0.5591
0.53367
0.48479
0.44371
0.43341
0.41132
0.40962
0.43579
0.46973
0.43166
0.41881
0.49713
0.36363
0.35986
0.39111
0.38482
0.41604
0.51118
0.56077
0.51149
0.37106
0.49811
0.58908
0.68447
0.72451
0.6669
0.58524
0.53115
0.51027
0.48626
0.50312
0.46748
0.44989
0.45944
0.46414
0.47827
0.46624
0.44986
0.45375
0.43893
0.43544
0.46388
0.47432
0.53187
0.59991
0.64341
0.73766
0.64335
0.66869
0.75249
0.73048
0.76302
0.78384
0.73738
0.68267
0.60643
0.5893
0.56818
0.55831
0.52039
0.51533
0.46914
0.44454
0.4312
0.41888
0.57458
0.60091
0.58365
0.58906
0.65951
0.66328
0.65343
0.5653
0.55485
0.53837
0.52918
0.52853
0.50561
0.56225
0.54497
0.59009
0.7198
0.53369
0.8211
0.81006
0.81946
0.82198
0.76679
0.71065
0.70411
0.78461
0.6707
0.6642
0.76626
0.71786
0.66421
0.60571
0.57427
0.52502
0.48526
0.48327
0.49596
0.55526
0.70318
0.7327
0.74057
0.74645
0.75349
0.74115
0.73922
0.7044
0.66059
0.54516
0.50552
0.49336
0.49154
0.44175
0.38078
0.36406
0.34724
0.36808
0.35025
0.3688
0.40046
0.41442
0.46015
0.45215
0.41736
0.52988
0.52432
0.50925
0.48788
0.50767
0.52485
0.48179
0.63883
0.53383
0.51708
0.49076
0.46173
0.46731
0.47571
0.48068
0.48269
0.48827
0.52308
0.5271
0.53729
0.50929
0.50117
0.44501
0.43526
0.4117
0.42214
0.44362
0.47722
0.45972
0.44081
0.42761
0.40711
0.40162
0.39242
0.42381
0.45325
0.46192
0.48182
0.44701
0.47494
0.49027
0.49039
0.47771
0.47072
0.50373
0.84066
0.83824
0.80322
0.78674
0.79625
0.79473
0.83133
0.78458
0.5632
0.4249
0.4223
0.41969
0.40806
0.39939
0.40468
0.39977
0.38175
0.85869
0.64511
0.54558
0.50427
0.50672
0.44679
0.45082
0.59332
0.41116
0.48281
0.55069
0.52891
0.43962
0.40648
0.59954
0.71134
0.83296
0.81864
0.80904
0.80629
0.80052
0.80742
0.80418
0.72485
0.71424
0.64162
0.60013
0.56226
0.54994
0.52375
0.5004
0.48475
0.4607
0.44892
0.43958
0.59096
0.51208
0.50669
0.5042
0.54083
0.47239
0.54119
0.7777
0.76222
0.82984
0.85837
0.83096
0.8343
0.82508
0.82313
0.82676
0.79718
0.76765
0.8576
0.76655
0.77079
0.76422
0.77853
0.76516
0.68185
0.56791
0.53119
0.51535
0.57707
0.63362
0.70866
0.77214
0.81086
0.80622
0.73891
0.67855
0.62509
0.57804
0.52417
0.44275
0.543
0.58338
0.54187
0.54897
0.54874
0.51069
0.53765
0.61464
0.56852
0.56969
0.56144
0.59102
0.59883
0.57044
0.53229
0.49725
0.53029
0.55199
0.5632
0.6096
0.63888
0.64802
0.74888
0.79145
0.80189
0.81608
0.83191
0.83694
0.83626
0.82023
0.76559
0.74344
0.75161
0.77285
0.78078
0.63457
0.68514
0.69237
0.69096
0.62829
0.58293
0.53942
0.539
0.54127
0.56764
0.54292
0.52997
0.75999
0.76524
0.79375
0.72733
0.7611
0.74589
0.73047
0.69028
0.47939
0.43117
0.41478
0.40854
0.4251
0.43366
0.45152
0.50329
0.47849
0.41647
0.41569
0.41912
0.42686
0.44338
0.41312
0.41185
0.4165
0.44623
0.54797
0.60629
0.59249
0.58306
0.57537
0.58858
0.59568
0.58391
0.60804
0.58792
0.54689
0.52534
0.4814
0.49698
0.52389
0.53297
0.50397
0.49774
0.47626
0.42698
0.39596
0.36241
0.3451
0.3451
0.33988
0.35068
0.33888
0.35533
0.34424
0.3218
0.32195
0.34832
0.36192
0.43914
0.50186
0.49812
0.50416
0.48779
0.48146
0.48245
0.48133
0.51791
0.57623
0.59885
0.59717
0.53686
0.53541
0.64068
0.82159
0.8118
0.78224
0.78023
0.73191
0.61861
0.52678
0.52589
0.53234
0.56584
0.61704
0.65904
0.66178
0.57258
0.51028
0.59793
0.71024
0.96868
0.97544
0.9105
0.88795
0.87
0.91483
0.77451
0.69223
0.65769
0.65643
0.59627
0.64614
0.58148
0.56553
0.52803
0.53681
0.56735
0.67118
0.69088
0.71739
0.70503
0.62261
0.65182
0.5973
0.54918
0.63721
0.68307
0.70893
0.72078
0.78083
0.76702
0.7605
0.80806
0.86604
0.86245
0.81653
0.78242
0.82797
0.87761
0.91283
0.89131
0.68796
0.64019
0.71192
0.72984
0.75759
0.79092
0.82375
0.90507
0.89645
0.89334
0.78917
0.74952
0.85832
0.86293
0.88079
0.77898
0.8891
0.88632
0.87823
0.86823
0.86991
0.87816
0.87625
0.78353
0.67361
0.78355
0.86466
0.8392
0.73057
0.68125
0.6151
0.54972
0.53282
0.49628
0.44562
0.38897
0.42006
0.47289
0.58109
0.64181
0.58219
0.51417
0.47189
0.7091
0.69838
0.72702
0.90875
0.91103
0.91221
0.91745
0.8993
0.89036
0.85659
0.69649
0.6103
0.61991
0.58668
0.54451
0.48778
0.55432
0.9049
0.92582
0.96372
0.95416
0.94706
0.95075
0.94332
0.92094
0.90695
0.89992
0.85985
0.6982
0.59021
0.55626
0.51838
0.51707
0.54901
0.892
0.93653
0.93518
0.93044
0.94229
0.91199
0.89171
0.86542
0.85261
0.85253
0.83961
0.84555
0.84636
0.84568
0.83461
0.70593
0.64214
0.61361
0.5329
0.54873
0.60015
0.5695
0.54244
0.45958
0.43494
0.44951
0.466
0.466
0.45874
0.45859
0.49422
0.59407
0.58601
0.51264
0.52723
0.51942
0.5276
0.51953
0.58557
0.71681
0.82294
0.89908
0.91882
0.89275
0.79344
0.79592
0.86298
0.75107
0.78921
0.80594
0.71933
0.68118
0.67603
0.61223
0.57705
0.57011
0.61305
0.60621
0.63362
0.65738
0.69136
0.64956
0.60268
0.64615
0.85857
0.9018
0.87895
0.79787
0.92052
0.93171
0.90228
0.83286
0.73684
0.90671
0.88875
0.62049
0.70489
0.7151
0.71993
0.72879
0.60695
0.61243
0.57934
0.57474
0.55479
0.51763
0.4793
0.55499
0.5345
0.46289
0.51975
0.53621
0.59938
0.58827
0.56938
0.54014
0.50352
0.49743
0.46603
0.5192
0.50546
0.94613
0.95736
0.94189
0.92599
0.88416
0.87228
0.90864
0.93463
0.87628
0.93004
0.92309
0.883
0.75056
0.69625
0.68568
0.6923
0.65477
0.61496
0.66323
0.6504
0.55078
0.58921
0.59893
0.56654
0.6619
0.84069
0.91291
0.92141
0.93758
0.90207
0.84052
0.80519
0.82204
0.89485
0.85934
0.76697
0.73821
0.7046
0.65194
0.60582
0.55453
0.49843
0.48182
0.53497
0.73887
0.87825
0.86797
0.88549
0.95749
0.9556
0.95342
0.95285
0.94503
0.96618
0.9546
0.92764
0.88243
0.86712
0.8474
0.83112
0.85519
0.8569
0.87712
0.95288
0.91243
0.91168
0.92053
0.97493
0.98508
0.97827
0.99615
1.0006
0.85593
0.8514
0.95806
0.98613
0.9864
0.99247
0.98724
0.81397
0.80005
0.74838
0.76676
0.83557
0.76674
0.74803
0.89605
0.82602
0.85654
0.83179
0.80226
0.71876
0.66838
0.6018
0.55467
0.54781
0.56766
0.56033
0.48131
0.62967
0.60996
0.57626
0.60844
0.64643
0.67503
0.6558
0.70788
0.78533
0.7865
0.82496
0.98077
0.85037
0.81766
0.80173
0.78239
0.79201
0.8312
0.84647
0.98818
0.85119
0.75346
0.754
0.75387
0.76795
0.70144
0.61974
0.60309
0.77626
0.69407
0.66673
0.81049
0.87648
0.965
0.83263
0.95123
0.88141
0.94777
0.99819
0.99607
0.99754
0.99863
0.95276
0.8604
0.87605
0.81806
0.83157
0.83424
0.83022
0.85833
0.87701
0.99591
0.99873
1
0.99995
0.99807
0.96469
0.89209
0.86267
0.78037
0.76574
0.77285
0.76133
0.74541
0.85481
0.97298
0.97117
0.9264
0.76677
0.74747
0.75001
0.93687
0.96589
0.96703
0.85126
0.60501
0.48484
0.96591
0.93589
0.83648
0.78049
0.73424
0.66371
0.85781
0.79425
0.77082
0.75321
0.75555
0.78577
0.77803
0.65611
0.64541
0.6499
0.69461
0.69095
0.74487
0.762
0.69778
0.69296
0.66281
0.61003
0.56388
0.59451
0.67931
0.61857
0.75558
0.71043
0.6714
0.69262
0.69155
0.79358
0.76336
0.79598
0.69067
0.91582
0.98012
0.99996
0.88712
0.80617
0.78216
0.77273
0.73244
0.77924
0.80227
0.7853
0.97026
0.96941
0.96361
0.98355
0.91578
0.92393
0.94347
0.96003
0.97724
0.96836
0.96874
0.91888
0.84619
0.7975
0.66782
0.66649
0.7108
0.75113
0.77681
0.67116
0.56517
0.6065
0.7007
0.99711
0.99994
0.99787
0.99952
0.99884
0.99958
1.0006
1.0005
0.99622
0.99603
0.99507
0.99775
0.97005
0.95717
0.88581
0.84685
0.82476
0.83953
0.85437
0.95095
0.97845
1.0004
0.96898
0.96788
0.86332
0.82746
0.8514
0.88155
0.84122
0.82959
0.77155
0.81828
0.84315
0.80748
0.82983
0.83446
0.82848
0.80364
0.74895
0.68601
0.60648
0.56361
0.52231
0.555
0.55749
0.53957
0.5614
0.55611
0.57487
0.5995
0.56851
0.6339
0.74664
0.98497
0.81158
0.73385
0.93571
1.0003
0.98947
0.99576
0.97001
0.96325
0.97043
0.88004
0.87453
0.72861
0.82781
0.75747
0.76469
0.5575
0.55132
0.55123
0.51005
0.51871
0.54336
0.6787
0.65687
0.59872
0.52918
0.49275
0.51046
0.44228
0.40846
0.4962
0.58185
0.64123
0.65324
0.65528
0.55526
0.49022
0.55189
0.5583
0.55762
0.46869
0.46123
0.45086
0.45922
0.49253
0.53497
0.61936
0.58056
0.5239
0.48207
0.44446
0.44285
0.4444
0.47114
0.59082
0.79094
0.70945
0.64503
0.6073
0.59947
0.6366
0.58987
0.51457
0.43253
0.43514
0.70208
0.75992
0.88928
0.90728
0.9987
1.0002
0.98583
0.94844
0.94873
0.94359
0.98471
0.995
0.99785
0.9949
0.99146
0.96762
0.85853
0.76307
0.74492
0.73805
0.80785
0.79113
0.76713
0.99978
0.9995
1.0007
0.99729
0.98598
0.9914
0.99915
0.99849
0.99952
0.93793
0.85276
0.96183
0.98034
0.97748
0.98087
0.98426
0.99405
0.99816
0.99833
0.99764
0.99823
1.0003
1.0001
1
1.0009
0.80658
0.87928
0.88431
0.9018
0.95098
0.95069
0.96246
0.9618
0.95977
0.95424
0.94753
0.91218
0.85018
0.85364
0.85478
0.87995
0.88783
0.90852
0.8455
0.83872
0.83145
0.81773
0.79353
0.75196
0.7842
0.77438
0.71374
0.65511
0.65215
0.7036
0.73795
0.73502
0.76312
0.79077
0.86474
0.97139
0.99428
0.99874
0.99748
1.0008
0.99923
0.99832
0.99864
0.99821
0.88143
0.9794
0.98628
0.99201
0.98401
0.98057
0.99646
0.99184
0.99679
0.99487
1.0002
0.967
0.83691
0.74456
0.68991
0.66792
0.63362
0.61759
0.76235
0.86242
0.83638
0.71496
0.70823
0.72278
0.70872
0.71191
0.60453
0.52645
0.51865
0.56322
0.57882
0.60496
0.67753
0.6081
0.64277
0.64374
0.60889
0.56544
0.56556
0.58482
0.60163
0.61885
0.70878
0.67028
0.69296
0.77554
0.87636
0.83423
0.9203
0.92793
0.8337
0.70618
0.62161
0.60955
0.60789
0.67038
0.84936
0.81089
0.73131
0.65199
0.62172
0.61465
0.63428
0.65522
0.69159
0.65881
0.70052
0.61318
0.58902
0.58168
0.602
0.6304
0.72353
0.75917
0.7867
0.82083
0.84028
0.78856
0.73891
0.70285
0.66206
0.62429
0.64249
0.65955
0.64499
0.65168
0.62395
0.61415
0.61545
0.60921
0.62765
0.51452
0.48321
0.47497
0.49517
0.5183
0.63525
0.77337
0.85111
0.96333
0.97981
0.99991
0.99302
0.95481
0.99463
0.99004
0.85667
0.8052
0.79271
0.75099
0.74497
0.94862
0.98425
0.99483
0.99575
0.99983
0.99836
1
0.99995
0.99784
0.99835
0.89003
0.82591
0.75497
0.73013
0.72518
0.73856
0.71045
0.70958
0.69296
0.6523
0.58108
0.55654
0.54987
0.54552
0.6317
0.92736
0.99808
0.99809
0.86965
0.8099
0.74545
0.71552
0.6921
0.73961
0.72706
0.74262
0.81054
0.72471
0.75657
0.7665
0.76037
0.74851
0.71908
0.64685
0.58953
0.57872
0.59783
0.66224
0.69779
0.7071
0.95516
0.98291
0.99872
0.99765
0.95386
0.89808
0.82934
0.7801
0.76894
0.70708
0.6252
0.62149
0.62977
0.61824
0.62119
0.5533
0.54886
0.55528
0.54389
0.56526
0.61482
0.5877
0.56277
0.60226
0.65858
0.64442
0.59892
0.58739
0.54351
0.53654
0.48599
0.46911
0.56662
0.60311
0.64391
0.58708
0.58368
0.53762
0.52974
0.55916
0.58775
0.60804
0.63986
0.65631
0.66661
0.64396
0.59154
0.58897
0.58812
0.60097
0.63973
0.61763
0.59261
0.60405
0.59698
0.61154
0.58763
0.58052
0.51255
0.47679
0.48581
0.50753
0.56782
0.57395
0.55731
0.5696
0.55032
0.56388
0.58968
0.5467
0.51032
0.91698
0.99135
0.97601
0.86656
0.61936
0.98883
0.99695
0.99188
0.98112
0.97286
0.96908
0.97062
0.97316
0.95914
0.96559
0.96315
0.94946
0.91117
0.86416
0.80921
0.62401
0.59809
0.56665
0.56396
0.67987
0.67269
0.65207
0.56972
0.52712
0.52524
0.56409
0.6293
0.81583
0.87714
0.92438
0.92484
0.9035
0.95332
0.97571
0.97031
0.96998
0.96717
0.9625
0.94974
0.83459
0.74266
0.70529
0.70293
0.7379
0.72808
0.73664
0.72728
0.69836
0.708
0.67598
0.65414
0.74446
0.73156
0.6877
0.57697
0.48684
0.47771
0.51233
0.58548
0.58279
0.55363
0.53899
0.51129
0.49631
0.51808
0.52483
0.50978
0.5042
0.54282
0.52688
0.50929
0.4962
0.51435
0.56257
0.59941
0.58319
0.55464
0.59096
0.7115
0.7895
0.94431
0.69419
0.70402
0.68408
0.97771
0.99474
0.98395
0.98981
0.91849
0.98026
0.98492
0.98911
0.98484
0.98727
0.97085
0.96307
0.95667
0.74952
0.74488
0.9676
0.95747
0.92699
0.74707
0.60299
0.9146
0.78139
0.77404
0.75453
0.69636
0.76659
0.82658
0.79891
0.80613
0.71904
0.56482
0.50716
0.50885
0.40505
0.53979
0.78784
0.76614
0.71541
0.7034
0.75848
0.80708
0.6365
0.5799
0.58546
0.96138
1.0002
1.0007
0.99996
0.97625
0.96361
0.94525
0.76936
0.59578
0.55871
0.59232
0.68205
0.69206
0.94387
0.93975
0.80602
0.76209
0.89028
0.97301
0.97359
0.96124
0.95891
0.95965
0.94918
0.94993
0.94592
0.9533
0.94619
0.94944
0.96357
0.9522
0.83624
0.71253
0.86031
0.82445
0.93624
0.94972
0.94071
0.76714
0.80336
0.9642
0.98696
0.99644
0.99024
0.98967
0.9855
0.9692
0.95945
0.97153
0.95515
0.93472
0.9454
0.94779
0.92516
0.78179
0.67782
0.57896
0.54443
0.46926
0.70791
0.96815
0.97093
0.95687
0.93996
0.93955
0.94369
0.94928
0.93258
0.9327
0.93342
0.93414
0.9197
0.76231
0.93612
0.93114
0.92263
0.9279
0.93593
0.92008
0.92881
0.92745
0.92974
0.929
0.93867
0.91482
0.88865
0.90651
0.91265
0.9161
0.90771
0.84107
0.81996
0.86166
0.86599
0.86699
0.88183
0.89994
0.92216
0.92475
0.92756
0.92808
0.91805
0.91957
0.84154
0.73868
0.68528
0.63366
0.56766
0.5772
0.49407
0.48349
0.48646
0.50532
0.53824
0.57007
0.58276
0.56845
0.55983
0.54608
0.53605
0.52728
0.52929
0.54027
0.55543
0.57299
0.56819
0.56213
0.53792
0.52451
0.5249
0.54425
0.53118
0.52169
0.5404
0.56158
0.53612
0.55585
0.5707
0.57385
0.59958
0.68271
0.91583
0.92168
0.93496
0.94603
0.9437
0.94577
0.93858
0.93311
0.93411
0.93641
0.93982
0.92736
0.92589
0.92498
0.923
0.92255
0.91982
0.90933
0.77839
0.61691
0.60359
0.66831
0.86259
0.85579
0.82772
0.75564
0.70011
0.66534
0.59636
0.57637
0.60828
0.82396
0.83526
0.85884
0.87757
0.8892
0.88495
0.88102
0.86972
0.84969
0.728
0.65143
0.60022
0.59743
0.44222
0.45852
0.62432
0.7296
0.67358
0.5017
0.63566
0.66754
0.6208
0.66176
0.87367
0.92828
0.9424
0.87608
0.81109
0.90504
0.85532
0.88865
0.88711
0.89812
0.71886
0.8015
0.92293
0.92131
0.92122
0.74927
0.63757
0.60264
0.63372
0.69705
0.76266
0.95065
0.92191
0.89784
0.81104
0.80197
0.78992
0.71463
0.53445
0.49159
0.60783
0.68493
0.90587
0.95601
0.95153
0.84601
0.94817
0.97919
0.94926
0.87827
0.93558
0.96959
0.95665
0.95345
0.9565
0.95477
0.95184
0.94274
0.93851
0.92324
0.91305
0.92642
0.93189
0.88092
0.80654
0.71307
0.66687
0.64285
0.68863
0.63047
0.62914
0.73281
0.81194
0.83958
0.76328
0.66667
0.62328
0.58279
0.57032
0.58369
0.43958
0.38954
0.35351
0.34099
0.42383
0.63531
0.7286
0.87631
0.93774
0.95555
0.91925
0.79444
0.70238
0.60966
0.61058
0.68638
0.72835
0.77418
0.87746
0.90262
0.91779
0.9237
0.92712
0.92407
0.87019
0.7778
0.68563
0.65661
0.53928
0.45263
0.41937
0.49412
0.60242
0.6705
0.94636
0.96243
0.96756
0.93916
0.7412
0.63785
0.59932
0.60658
0.87481
0.89036
0.95149
0.95343
0.95609
0.95467
0.94734
0.93994
0.93538
0.93695
0.93217
0.92598
0.89378
0.833
0.88963
0.86184
0.7861
0.69577
0.65487
0.62445
0.57441
0.51632
0.4804
0.44513
0.46063
0.45478
0.3938
0.35213
0.38434
0.39499
0.41191
0.43242
0.43247
0.42924
0.4226
0.42253
0.4271
0.41982
0.44884
0.46181
0.44587
0.42595
0.40215
0.37699
0.34761
0.37384
0.36226
0.35686
0.37388
0.36725
0.3898
0.46546
0.51633
0.51466
0.52704
0.53718
0.60279
0.59401
0.55437
0.54645
0.54679
0.54771
0.55744
0.54769
0.52165
0.52825
0.56892
0.55457
0.52659
0.51202
0.48864
0.5057
0.54859
0.61487
0.64404
0.65016
0.65939
0.66423
0.65908
0.63491
0.6112
0.60698
0.58779
0.55562
0.53902
0.52931
0.56208
0.59427
0.60419
0.62269
0.70696
0.68744
0.68172
0.66605
0.66173
0.66836
0.66285
0.60086
0.53239
0.55008
0.52657
0.52924
0.55518
0.60161
0.6394
0.68865
0.69327
0.70435
0.68619
0.68369
0.64328
0.58535
0.54276
0.50425
0.47474
0.43091
0.41603
0.4658
0.85528
0.88001
0.88584
0.89319
0.88849
0.88259
0.88529
0.88929
0.85616
0.77217
0.7635
0.90067
0.88577
0.86746
0.84373
0.91719
0.89623
0.83309
0.87984
0.8757
0.86597
0.85846
0.8242
0.82822
0.76878
0.72887
0.66311
0.69151
0.6133
0.58495
0.54207
0.50227
0.47468
0.4527
0.42994
0.3923
0.37965
0.38173
0.38294
0.3931
0.47553
0.56327
0.59053
0.55825
0.48719
0.46913
0.49743
0.49258
0.51021
0.59449
0.54227
0.51375
0.83388
0.8463
0.85346
0.85488
0.84889
0.70913
0.65364
0.59825
0.50945
0.39611
0.29645
0.80169
0.87004
0.89087
0.87315
0.8631
0.85766
0.85666
0.84864
0.85124
0.84803
0.85394
0.86179
0.87207
0.87202
0.87193
0.87284
0.86781
0.65856
0.56861
0.46266
0.3616
0.35992
0.40708
0.81355
0.83231
0.85305
0.85261
0.85415
0.8287
0.80961
0.83819
0.83948
0.84479
0.85285
0.83055
0.8231
0.79227
0.71008
0.64148
0.57804
0.55213
0.56046
0.56304
0.52562
0.42309
0.41937
0.42756
0.44944
0.43465
0.41649
0.41951
0.43315
0.4341
0.42979
0.42064
0.41854
0.42332
0.43292
0.43725
0.4308
0.41392
0.39303
0.38216
0.36185
0.33848
0.36883
0.36331
0.33865
0.27979
0.27676
0.3325
0.78414
0.75218
0.6048
0.44621
0.46622
0.55016
0.62853
0.63039
0.84841
0.74395
0.57251
0.53813
0.51009
0.64524
0.57849
0.59463
0.47366
0.4746
0.46193
0.47266
0.4504
0.44608
0.44971
0.45057
0.43619
0.34582
0.46097
0.47552
0.47172
0.50152
0.5
0.60309
0.90842
0.87095
0.86028
0.86776
0.86865
0.86976
0.74933
0.6153
0.59755
0.53541
0.48269
0.43359
0.35828
0.31985
0.31842
0.34942
0.46916
0.4975
0.39742
0.29589
0.30106
0.3099
0.60734
0.93559
0.93499
0.84279
0.88712
0.9387
0.85918
0.78367
0.75657
0.71125
0.68326
0.69009
0.70038
0.78264
0.82114
0.78579
0.60192
0.57864
0.5005
0.51993
0.4967
0.50465
0.51625
0.49238
0.46927
0.44678
0.44363
0.44262
0.48053
0.47118
0.43194
0.43157
0.45779
0.46484
0.46044
0.40905
0.62157
0.85791
0.95068
0.60336
0.54516
0.46558
0.38696
0.35424
0.35613
0.34601
0.33099
0.34513
0.34027
0.34273
0.40938
0.50085
0.64216
0.50857
0.4839
0.45546
0.39442
0.37597
0.36666
0.3874
0.43263
0.44006
0.4388
0.45363
0.45025
0.45385
0.46578
0.4653
0.47738
0.47171
0.4571
0.49456
0.89154
0.74217
0.66058
0.82173
0.89775
0.72958
0.68188
0.63162
0.72883
0.57572
0.52013
0.5183
0.46021
0.48687
0.82771
0.90173
0.84674
0.87875
0.88642
0.88058
0.7986
0.64954
0.63892
0.55606
0.49949
0.4429
0.40848
0.47646
0.45598
0.45668
0.46562
0.49813
0.76364
0.90031
0.88514
0.90167
0.77051
0.86629
0.88003
0.88257
0.90201
0.9149
0.90033
0.87032
0.85395
0.84862
0.58064
0.4484
0.48907
0.53653
0.47328
0.5474
0.5244
0.49607
0.51828
0.5031
0.52139
0.65648
0.70877
0.74661
0.9745
0.95643
0.77637
0.63036
0.48705
0.45721
0.35522
0.5034
0.51526
0.52988
0.51143
0.51416
0.51164
0.51689
0.53629
0.55008
0.55564
0.79999
0.72362
0.76981
0.45986
0.47202
0.48319
0.53489
0.79949
0.91452
0.91884
0.80384
0.69035
0.59401
0.55572
0.39885
0.43543
0.50526
0.48033
0.48579
0.49863
0.5111
0.50131
0.48561
0.49063
0.48866
0.48624
0.48763
0.48635
0.48691
0.49099
0.49386
0.49347
0.4865
0.47693
0.48081
0.48007
0.48148
0.48257
0.47699
0.4732
0.46973
0.47589
0.47364
0.468
0.45865
0.44113
0.42062
0.42676
0.45125
0.44254
0.45592
0.44645
0.46136
0.45466
0.47799
0.46944
0.42902
0.37031
0.33756
0.32747
0.33317
0.31692
0.30583
0.30916
0.30039
0.29478
0.29864
0.30767
0.31021
0.30896
0.29632
0.28008
0.27536
0.27111
0.2716
0.28057
0.29743
0.3217
0.34658
0.36372
0.38449
0.40717
0.44221
0.44584
0.43029
0.39596
0.35214
0.31613
0.3167
0.40105
0.75139
0.78078
0.78441
0.79888
0.81892
0.812
0.78412
0.77222
0.76884
0.69826
0.69426
0.61264
0.5179
0.46469
0.40063
0.36569
0.40015
0.4744
0.65585
0.71319
0.72017
0.69985
0.66557
0.62558
0.61513
0.56183
0.50574
0.47529
0.45452
0.46844
0.48177
0.49012
0.51218
0.52467
0.52655
0.52554
0.50385
0.47983
0.43417
0.39529
0.39902
0.4027
0.40767
0.42243
0.44621
0.45406
0.51311
0.65012
0.49848
0.46563
0.46287
0.51697
0.69398
0.76205
0.74915
0.70958
0.60776
0.59651
0.55404
0.66843
0.75984
0.73798
0.74053
0.78706
0.79433
0.79612
0.79264
0.78975
0.78337
0.78391
0.78665
0.78619
0.78727
0.78721
0.78862
0.7538
0.54529
0.47979
0.46429
0.54381
0.41327
0.30719
0.49133
0.42832
0.42699
0.46855
0.73954
0.76815
0.78735
0.7918
0.78674
0.79053
0.79128
0.79785
0.79338
0.78445
0.73525
0.58793
0.56183
0.65928
0.64982
0.51632
0.36409
0.32108
0.45446
0.48582
0.45141
0.45462
0.5004
0.51486
0.47821
