0.3719
0.36105
0.35088
0.34943
0.37255
0.35839
0.34924
0.35167
0.3858
0.36391
0.34953
0.37532
0.39572
0.38895
0.35531
0.34315
0.36402
0.3503
0.36517
0.36105
0.35956
0.34848
0.35906
0.34623
0.35174
0.35382
0.35931
0.35993
0.36901
0.36966
0.37059
0.36715
0.3735
0.36778
0.36959
0.41317
0.38089
0.38999
0.38807
0.37463
0.36966
0.37254
0.37754
0.39719
0.43951
0.56391
0.6034
0.58091
0.55587
0.53303
0.55813
0.5815
0.54865
0.54542
0.60367
0.65557
0.67651
0.59834
0.50254
0.36294
0.3599
0.38474
0.38925
0.37114
0.39646
0.4009
0.38521
0.39187
0.38831
0.41147
0.43761
0.47439
0.49732
0.58379
0.53727
0.51778
0.53689
0.58901
0.64444
0.83035
0.86656
0.86162
0.85334
0.83109
0.67448
0.59396
0.57686
0.57825
0.58319
0.55144
0.5346
0.59892
0.63688
0.73452
0.72245
0.71003
0.62884
0.55821
0.49389
0.45013
0.40248
0.33933
0.25453
0.19856
0.17851
0.19732
0.32033
0.33958
0.67073
0.48066
0.36823
0.34937
0.32516
0.33354
0.71005
0.57783
0.55793
0.53094
0.54397
0.57138
0.57114
0.52942
0.53215
0.46817
0.43533
0.43296
0.47808
0.51286
0.49286
0.48067
0.49288
0.50424
0.54665
0.58373
0.59747
0.58357
0.57114
0.59057
0.58862
0.6114
0.69333
0.57609
0.59958
0.80368
0.80016
0.7571
0.79435
0.78231
0.6528
0.50986
0.51286
0.45471
0.40754
0.34838
0.5108
0.61577
0.60001
0.89011
0.95131
0.67313
0.74105
0.76419
0.73865
0.68313
0.61571
0.57292
0.56962
0.59554
0.62895
0.66545
0.85267
0.82756
0.65108
0.62593
0.59522
0.56875
0.53408
0.4886
0.45614
0.41813
0.38831
0.36686
0.34409
0.3733
0.41558
0.46266
0.50602
0.55606
0.71166
0.62965
0.61397
0.59498
0.55563
0.47892
0.36585
0.26779
0.23222
0.60273
0.66191
0.61454
0.71147
0.76747
0.7747
0.85241
0.90806
0.9277
0.90323
0.87448
0.85437
0.84557
0.83392
0.82668
0.64983
0.60058
0.58725
0.63317
0.68008
0.63553
0.57159
0.48391
0.40255
0.3229
0.37848
0.79798
0.86601
0.60025
0.57751
0.6024
0.6073
0.60621
0.56291
0.57452
0.58121
0.62953
0.70983
0.74999
0.73886
0.70842
0.58018
0.48274
0.52374
0.51825
0.56711
0.41069
0.3602
0.3635
0.35188
0.35538
0.39206
0.37967
0.37969
0.36403
0.36362
0.35632
0.3508
0.38674
0.38383
0.39278
0.36335
0.34665
0.3091
0.34999
0.36546
0.38802
0.62612
0.60472
0.44364
0.51975
0.42662
0.3552
0.33565
0.32982
0.32915
0.33649
0.33544
0.33453
0.34318
0.35382
0.36152
0.3788
0.40451
0.43909
0.45074
0.51268
0.45834
0.68336
0.83258
0.84051
0.83994
0.73976
0.60237
0.49968
0.45819
0.55092
0.51407
0.60402
0.78127
0.79185
0.76563
0.79347
0.81884
0.80705
0.77393
0.60796
0.4954
0.41621
0.42178
0.44757
0.44561
0.4396
0.40184
0.38265
0.391
0.38364
0.35025
0.37394
0.41577
0.38939
0.36494
0.3682
0.41942
0.46618
0.47929
0.48211
0.51916
0.56186
0.59286
0.60318
0.66656
0.59594
0.46435
0.43466
0.40768
0.37275
0.32014
0.29433
0.36762
0.48914
0.56555
0.64327
0.43122
0.49556
0.92369
0.92495
0.42122
0.40038
0.38949
0.40536
0.55123
0.86482
0.72916
0.63094
0.56675
0.60659
0.72383
0.63281
0.65693
0.65992
0.5452
0.4605
0.4495
0.40636
0.44752
0.4697
0.4607
0.50221
0.65929
0.79786
0.82144
0.70391
0.67147
0.72816
0.6274
0.63362
0.69075
0.5507
0.88149
0.88792
0.88789
0.53643
0.46932
0.45424
0.4688
0.43655
0.44886
0.43314
0.4029
0.39118
0.68459
0.92087
0.60799
0.72285
0.7687
0.74101
0.73861
0.79644
0.78297
0.71015
0.65392
0.76859
0.93949
0.93855
0.89897
0.89327
0.86541
0.50401
0.48544
0.54349
0.59059
0.55284
0.58514
0.66292
0.68247
0.73456
0.85739
0.87745
0.86126
0.84709
0.81999
0.82107
0.81373
0.80961
0.67261
0.49803
0.48737
0.43818
0.38604
0.33973
0.29472
0.26368
0.24111
0.2164
0.21473
0.23603
0.27309
0.28962
0.30642
0.32801
0.38768
0.74044
0.48265
0.54963
0.76949
0.87224
0.85665
0.83321
0.76514
0.76345
0.75647
0.77008
0.73487
0.67276
0.81324
0.85556
0.85904
0.84469
0.82548
0.79367
0.75092
0.70434
0.66763
0.61487
0.58597
0.50985
0.50363
0.52482
0.60701
0.64582
0.61545
0.6553
0.6997
0.75179
0.68649
0.60405
0.61339
0.59014
0.42641
0.45091
0.65082
0.53898
0.51997
0.47996
0.44985
0.39788
0.48484
0.73984
0.6161
0.71994
0.72195
0.72888
0.704
0.84088
0.84332
0.65815
0.6352
0.53525
0.47815
0.50863
0.5399
0.55949
0.56057
0.5303
0.48206
0.44956
0.41281
0.43071
0.4049
0.31401
0.38366
0.42958
0.52184
0.64213
0.65796
0.42251
0.34357
0.3833
0.34649
0.28576
0.34706
0.80304
0.58851
0.3598
0.46883
0.57515
0.54995
0.52323
0.69825
0.78858
0.58598
0.41192
0.43713
0.73062
0.85408
0.85874
0.87135
0.85889
0.79579
0.60521
0.58834
0.58458
0.56677
0.53883
0.55587
0.6126
0.57414
0.54805
0.50191
0.45658
0.42288
0.40675
0.36489
0.33111
0.30828
0.31835
0.34219
0.41372
0.36763
0.30819
0.42294
0.55555
0.63818
0.51184
0.50925
0.50789
0.59929
0.70659
0.75905
0.74688
0.73791
0.7012
0.57974
0.46776
0.437
0.40211
0.54644
0.71452
0.74925
0.73617
0.77392
0.76621
0.77305
0.7451
0.79607
0.66363
0.76556
0.78069
0.66559
0.48447
0.45152
0.45184
0.4014
0.35836
0.30039
0.25151
0.25697
0.39445
0.43418
0.41675
0.4076
0.37832
0.3897
0.40925
0.54597
0.75083
0.65975
0.6627
0.69235
0.7889
0.7811
0.75364
0.79317
0.78731
0.74756
0.78115
0.76234
0.7509
0.77169
0.75763
0.8176
0.85103
0.89701
0.93495
0.95389
0.96316
0.70414
0.43537
0.39713
0.36205
0.39552
0.38581
0.44192
0.50422
0.62417
0.69718
0.71402
0.72936
0.70815
0.70118
0.73031
0.88195
0.87504
0.94842
0.92167
0.87575
0.84684
0.79688
0.56591
0.62996
0.666
0.6217
0.60182
0.58675
0.59546
0.58162
0.53266
0.50124
0.38269
0.4002
0.44541
0.38301
0.34511
0.32761
0.28924
0.24744
0.24689
0.27771
0.30837
0.56053
0.88687
0.87589
0.8497
0.79475
0.65282
0.70642
0.89096
0.66459
0.70109
0.70362
0.68052
0.71114
0.72617
0.79005
0.75356
0.73793
0.74439
0.76475
0.78171
0.79546
0.87337
0.81785
0.77492
0.7387
0.73254
0.73899
0.77035
0.79638
0.71978
0.67541
0.66305
0.60552
0.57315
0.5446
0.58367
0.58129
0.55534
0.52884
0.49434
0.44348
0.50402
0.58952
0.6389
0.58657
0.52618
0.51194
0.55029
0.59364
0.76637
0.96208
0.93913
0.95093
0.96147
0.94775
0.94231
0.93044
0.91704
0.90422
0.88348
0.8747
0.82761
0.77003
0.78788
0.78738
0.72824
0.65013
0.62659
0.63283
0.64878
0.68222
0.69387
0.65482
0.55068
0.42765
0.41454
0.4063
0.32432
0.29415
0.2371
0.20836
0.30125
0.29722
0.26757
0.20215
0.18749
0.17905
0.22137
0.27247
0.31675
0.38193
0.39318
0.39618
0.39038
0.38469
0.34521
0.32403
0.31431
0.31788
0.28262
0.25953
0.25699
0.92176
0.91627
0.90124
0.81039
0.71358
0.70494
0.67712
0.69704
0.63854
0.61015
0.70232
0.76055
0.7295
0.72471
0.75526
0.79989
0.74845
0.69094
0.62562
0.56547
0.44678
0.39995
0.34609
0.33838
0.3377
0.31599
0.30681
0.31414
0.35247
0.43561
0.43474
0.41546
0.44396
0.43185
0.45378
0.47984
0.47188
0.4709
0.4034
0.38339
0.40656
0.41976
0.44307
0.49437
0.48251
0.47662
0.48242
0.52353
0.56279
0.57147
0.58626
0.63655
0.61282
0.58299
0.55521
0.45693
0.43114
0.42558
0.40658
0.41378
0.45963
0.45493
0.45292
0.42495
0.41241
0.40768
0.41418
0.44857
0.46499
0.45256
0.4049
0.39754
0.38292
0.37451
0.38476
0.41242
0.43266
0.47144
0.45122
0.49738
0.57643
0.61055
0.60357
0.59589
0.58629
0.54412
0.4343
0.4237
0.47367
0.53271
0.5451
0.57703
0.57882
0.52508
0.47926
0.54233
0.52588
0.53196
0.81441
0.66397
0.64956
0.61783
0.70532
0.66801
0.65869
0.72012
0.93225
0.82658
0.68466
0.66238
0.76541
0.79801
0.78661
0.7858
0.74348
0.68686
0.59613
0.89518
0.97956
0.94818
0.92792
0.9089
0.84669
0.7149
0.48911
0.52285
0.93169
0.83041
0.88596
0.64736
0.5668
0.51613
0.47365
0.44146
0.38374
0.34768
0.33266
0.33169
0.34709
0.37475
0.39996
0.43287
0.51764
0.60669
0.59549
0.53643
0.48953
0.44138
0.43407
0.45172
0.4529
0.42985
0.44338
0.4392
0.41651
0.44672
0.44337
0.42898
0.41136
0.37838
0.40548
0.70579
0.79496
0.65655
0.64932
0.53523
0.56919
0.80915
0.77964
0.78808
0.80276
0.79045
0.67114
0.79321
0.9866
0.97879
0.98631
0.85479
0.82803
0.75647
0.68535
0.74513
0.77611
0.79975
0.96862
0.9572
0.91184
0.8406
0.78052
0.78125
0.80371
0.83852
0.87129
0.92615
0.91766
0.80635
0.76216
0.57733
0.60415
0.76047
0.75539
0.72019
0.71755
0.75452
0.71698
1.0006
0.99624
0.91055
0.8198
0.74167
0.6554
0.52416
0.49025
0.46998
0.54275
0.71182
0.99767
0.99832
0.89286
0.7465
0.65779
0.63083
0.60554
0.5217
0.47464
0.60573
0.77718
0.77657
0.93858
0.98956
0.9937
0.87806
0.78612
0.77842
0.74495
0.69584
0.6403
0.71988
0.65658
0.99987
0.90265
0.80198
0.75545
0.66897
0.48967
0.45004
0.46415
0.46373
0.40483
0.37963
0.42154
0.40451
0.41418
0.4008
0.37995
0.36908
0.36198
0.35704
0.3698
0.39503
0.41114
0.37438
0.44383
0.40939
0.42479
0.61925
0.63625
0.64189
0.55837
0.56128
0.97963
0.97152
0.8237
0.65925
0.63306
0.57683
0.55336
0.53953
0.54627
0.41255
0.37372
0.39172
0.40688
0.44025
0.43221
0.55889
0.57823
0.66462
0.44984
0.41356
0.41966
0.43204
0.40749
0.41384
0.44911
0.49401
0.44703
0.43283
0.45164
0.45072
0.43343
0.43698
0.43823
0.46941
0.41891
0.41652
0.43033
0.43358
0.44059
0.44431
0.55033
0.6253
0.78158
0.70485
0.64065
0.59809
0.64003
0.58354
0.64088
0.69747
0.70458
0.71977
0.72825
0.60469
0.54354
0.5515
0.47768
0.54509
0.50439
0.35041
0.30466
0.31155
0.31582
0.3677
0.88896
0.87125
0.85496
0.74034
0.57353
0.81388
0.65286
0.6241
0.63489
0.71402
0.634
0.56422
0.52583
0.46267
0.46968
0.47169
0.42902
0.48425
0.52027
0.43899
0.41838
0.41389
0.40371
0.42334
0.37962
0.57448
0.62718
0.53828
0.5964
0.73915
0.50327
0.54115
0.76037
0.77613
0.55938
0.45898
0.44858
0.43853
0.41361
0.38852
0.37344
0.41279
0.373
0.35981
0.35784
0.40276
0.40836
0.32278
0.29264
0.34673
0.38274
0.51979
0.61808
0.61374
0.56448
0.52699
0.49381
0.50848
0.4813
0.42376
0.38098
0.36904
0.31921
0.27858
0.34468
0.59725
0.64021
0.42809
0.52864
0.51507
0.48745
0.43051
0.44909
0.53497
0.5937
0.65485
0.6365
0.55659
0.50178
0.49009
0.41736
0.55277
0.5966
0.52557
0.52553
0.44466
0.42597
0.455
0.4434
0.67391
0.74841
0.77333
0.70875
0.65707
0.7399
0.77878
0.75996
0.60916
0.64583
0.7004
0.74647
0.66503
0.56941
0.47024
0.35938
0.34413
0.44687
0.61552
0.7745
0.55908
0.54722
0.65429
0.72031
0.76563
0.90118
0.87782
0.81347
0.78177
0.72375
0.70515
0.99971
0.99787
0.99707
0.99439
0.98133
0.88478
0.76118
0.66121
0.9684
0.98424
0.9664
0.95305
0.96626
0.83929
0.76145
0.68951
0.76898
0.68894
0.78304
0.81987
0.71112
0.61954
0.56776
0.55556
0.55661
0.60526
0.66227
0.66359
0.58833
0.55557
0.50403
0.43364
0.4104
0.44586
0.44457
0.40578
0.32959
0.32616
0.31618
0.30644
0.31196
0.30113
0.26577
0.28171
0.33026
0.34355
0.27676
0.23206
0.23133
0.385
0.39925
0.41791
0.47423
0.45846
0.41427
0.38972
0.4954
0.74291
0.7893
0.79592
0.76613
0.7157
0.64101
0.60449
0.60579
0.67609
0.73552
0.75349
0.72621
0.67089
0.54486
0.52213
0.55359
0.53196
0.57785
0.70563
0.83458
0.77114
0.63326
0.7554
0.7825
0.76817
0.94911
0.91208
0.90691
0.76702
0.65829
0.56461
0.67888
0.98188
1.0005
0.97776
0.89448
0.8919
0.75993
0.65553
0.61032
0.60985
0.64323
0.67125
0.67321
0.63615
0.55564
0.52659
0.50693
0.46908
0.48986
0.52757
0.54687
0.51709
0.54175
0.46016
0.46131
0.46254
0.71551
0.79589
0.74796
0.79533
0.77247
0.77957
0.8396
0.89053
0.89796
0.82781
0.79137
0.72519
0.71574
0.78151
0.70135
0.99825
0.99816
0.93488
0.82838
0.75782
0.62774
0.63691
0.66089
0.75857
0.73204
0.59231
0.45646
0.58675
0.60881
0.60457
0.64337
0.57453
0.58267
0.55907
0.54144
0.52188
0.4827
0.46653
0.48104
0.57463
0.6104
0.684
0.6914
0.66379
0.64051
0.59761
0.5527
0.54271
0.60182
0.63645
0.60334
0.56457
0.56
0.53498
0.56746
0.56928
0.58036
0.70252
0.65219
0.58908
0.56643
0.61384
0.65764
0.67082
0.63316
0.59439
0.61034
0.50999
0.48235
0.56391
0.5518
0.555
0.52216
0.60391
0.69133
0.6612
0.83104
0.6089
0.65655
0.82483
0.99887
0.99906
0.68288
0.61905
0.59326
0.56209
0.61489
0.68937
0.8274
0.71729
0.82545
0.80325
0.81212
0.82157
0.77442
0.7858
0.82231
0.72591
0.67566
0.57605
0.49852
0.51684
0.49827
0.45232
0.44922
0.44588
0.46247
0.43456
0.42192
0.44066
0.43671
0.60298
0.70165
0.64996
0.50599
0.46435
0.44176
0.41738
0.44081
0.45744
0.42583
0.43696
0.43254
0.43477
0.42798
0.41755
0.40303
0.38294
0.41036
0.59153
0.58656
0.52933
0.44256
0.36614
0.35907
0.3595
0.44233
0.46831
0.47213
0.45578
0.43183
0.40099
0.38126
0.3767
0.46296
0.40206
0.49929
0.53546
0.55277
0.70502
0.72298
0.64443
0.67662
0.68907
0.6683
0.55255
0.55308
0.54538
0.45014
0.46081
0.50069
0.54242
0.57866
0.54861
0.47094
0.36525
0.43593
0.59984
0.60031
0.58956
0.64448
0.71092
0.7209
0.73834
0.79705
0.76104
0.68726
0.67494
0.58439
0.51989
0.46774
0.41094
0.3494
0.3361
0.38764
0.36091
0.35387
0.36844
0.45791
0.70744
0.7458
0.80814
0.73376
0.7164
0.79321
0.80146
0.76608
0.77303
0.8044
0.81782
0.8688
0.8392
0.72813
0.63736
0.57117
0.52485
0.48001
0.42942
0.43579
0.45538
0.48248
0.47765
0.51197
0.57305
0.61124
0.75131
0.71263
0.69944
0.60333
0.54216
0.52366
0.50962
0.74634
0.75802
0.70527
0.62709
0.57112
0.68782
0.71839
0.71289
0.57306
0.7416
0.7613
0.73595
0.6037
0.52169
0.48911
0.50729
0.56524
0.60281
0.6286
0.62675
0.4916
0.51622
0.50709
0.47326
0.50928
0.52038
0.49097
0.45567
0.4557
0.50979
0.75012
0.83082
0.87413
0.93588
0.98652
0.95847
0.98227
0.97005
0.83324
0.78154
0.72955
0.66931
0.61024
0.59504
0.56348
0.52342
0.49042
0.46989
0.43816
0.39502
0.39408
0.36918
0.37764
0.35776
0.3095
0.28452
0.27594
0.30724
0.42196
0.55403
0.57835
0.53822
0.51492
0.52416
0.39509
0.4277
0.45605
0.42978
0.37631
0.36145
0.36201
0.33392
0.29006
0.28117
0.30439
0.36303
0.34979
0.38628
0.5373
0.71182
0.95135
0.95604
0.96319
0.97356
0.98163
0.8692
0.75667
0.6924
0.55656
0.66575
0.77027
0.75192
0.81611
0.84506
0.86851
0.93778
0.85814
0.95798
0.97251
0.88028
0.99831
0.75762
0.54494
0.58627
0.95069
0.95756
0.96799
0.84356
0.78767
0.60006
0.88804
0.76852
0.88804
0.85561
0.96239
0.64392
0.65884
0.70707
0.61409
0.68367
0.52725
0.60568
0.74372
0.80597
0.78609
0.61962
0.44318
0.35657
0.38078
0.38765
0.56698
0.89169
0.90116
0.86539
0.86212
0.74638
0.84755
0.9105
0.92569
0.89574
0.81373
0.75856
0.75102
0.67335
0.69248
0.76668
0.9904
0.97918
0.99326
0.97403
0.89082
0.82717
0.90268
0.99915
0.99862
0.99925
0.9997
0.99829
0.96772
0.81928
0.82548
0.99926
1.0002
0.99776
0.83578
0.70204
0.5996
0.58497
0.51206
0.52329
0.56858
0.5146
0.43377
0.39087
0.37503
0.42571
0.85384
0.85862
0.90585
0.93541
0.98642
0.94054
0.97497
0.99796
0.99936
0.98724
0.96513
0.94924
0.87072
0.72748
0.60048
0.5439
0.50274
0.49039
0.47424
0.49316
0.5159
0.48026
0.40321
0.5528
0.70623
0.57335
0.49711
0.53815
0.70483
0.72546
0.69064
0.62811
0.59085
0.7136
0.69343
0.73133
0.65969
0.72648
0.69209
0.64972
0.65826
0.84291
0.93391
0.99345
0.95766
0.83823
0.73569
0.65445
0.57378
0.49631
0.52748
0.51432
0.50502
0.46366
0.45666
0.53903
0.40501
0.3651
0.35468
0.36678
0.37659
0.3465
0.34339
0.34108
0.32862
0.26952
0.23667
0.27158
0.36068
0.39119
0.381
0.38327
0.39279
0.42882
0.43131
0.43715
0.33017
0.25172
0.22627
0.25569
0.27699
0.34148
0.37527
0.27588
0.23661
0.2759
0.33373
0.43691
0.51803
0.78869
0.78133
0.8445
0.89926
0.8708
0.87051
0.92129
0.9246
0.894
0.87585
0.88174
0.82166
0.76232
0.74038
0.75268
0.74903
0.75694
0.81644
0.81556
0.75503
0.66265
0.61894
0.62162
0.65788
0.79329
0.7978
0.69396
0.79015
0.65234
0.56757
0.52505
0.49471
0.49961
0.49311
0.46249
0.41773
0.42174
0.51501
0.50409
0.49177
0.63657
0.69847
0.67779
0.45902
0.33455
0.30892
0.3052
0.34104
0.38035
0.40572
0.37692
0.37985
0.46762
0.45115
0.41534
0.71902
0.84371
0.81389
0.8164
0.78473
0.78109
0.76776
0.797
0.8607
0.78871
0.83231
0.87273
0.85506
0.83344
0.82307
0.80288
0.77603
0.7079
0.66824
0.7146
0.77076
0.85868
0.86934
0.86913
0.86448
0.84091
0.86633
0.86205
0.79448
0.76503
0.83238
0.76306
0.79562
0.78402
0.83014
0.89672
0.79851
0.73735
0.7613
0.80082
0.7746
0.85781
0.97558
0.99946
0.99972
0.9991
0.99923
0.74666
0.89006
1.0005
0.96391
0.85673
0.73504
0.69053
0.58271
0.59926
0.5391
0.48332
0.51156
0.47666
0.42224
0.37887
0.34467
0.34517
0.37109
0.45787
0.55377
0.53891
0.4816
0.51334
0.57866
0.64464
0.76907
0.8113
0.90997
0.94667
0.9217
0.87007
0.81654
0.82273
0.89733
1.0003
0.99981
1.0009
0.99866
0.98428
0.87584
0.8795
0.84697
0.71328
0.61652
0.51459
0.39184
0.37567
0.3936
0.41143
0.40594
0.42555
0.42499
0.35272
0.3259
0.27287
0.39993
0.69739
0.72199
0.76304
0.77824
0.95962
0.97266
0.98005
0.99933
0.99758
0.89207
0.92483
0.83143
0.73068
0.66843
0.71102
0.72039
0.70116
0.73404
0.66897
0.6847
0.7281
0.88845
0.87055
0.75706
0.73559
0.65329
0.53267
0.65961
0.70633
0.78069
0.80135
0.7935
0.77441
0.76525
0.81702
0.82576
0.82395
0.84112
0.91038
0.88264
0.92517
0.93589
0.91702
0.90558
0.87356
0.87683
0.87426
0.87064
0.82061
0.89596
0.91644
0.86405
0.73724
0.66343
0.90346
0.98654
0.987
0.85102
0.7867
0.85255
0.9575
0.9763
0.96066
0.96578
0.99947
0.96438
0.99778
0.95074
0.82405
0.86591
0.83803
0.85668
0.89527
0.84809
0.84445
0.84494
0.75956
0.61589
0.63148
0.79096
0.87634
0.87142
0.67115
0.47475
0.45417
0.43058
0.41057
0.58826
0.78691
0.67345
0.50793
0.46846
0.65647
0.69127
0.93811
0.95095
0.94235
0.88743
0.91989
0.80881
0.49213
0.48614
0.36677
0.3372
0.3422
0.36091
0.3828
0.40055
0.39619
0.34238
0.3342
0.3376
0.35485
0.38359
0.36878
0.38647
0.37496
0.3813
0.38542
0.3601
0.67792
0.71253
0.68067
0.48051
0.40321
0.34056
0.30493
0.48381
0.66159
0.73493
0.45597
0.44724
0.4296
0.41288
0.33919
0.31009
0.3263
0.36968
0.36366
0.31544
0.46601
0.45561
0.40836
0.48008
0.47018
0.45163
0.43383
0.41243
0.40142
0.37258
0.35293
0.3714
0.35527
0.34204
0.37232
0.37233
0.38092
0.41112
0.46411
0.9757
0.95925
0.94752
0.92633
0.89953
0.83676
0.82011
0.88381
0.92997
0.93465
0.90894
0.86268
0.81901
0.82124
0.89907
0.83333
0.8623
0.82331
0.73121
0.67804
0.6989
0.62252
0.55162
0.4872
0.5378
0.6322
0.53402
0.55145
0.50294
0.40917
0.32363
0.38447
0.41147
0.41936
0.43449
0.42811
0.43631
0.37675
0.34059
0.29276
0.27794
0.292
0.28522
0.64894
0.8828
0.95064
0.80971
0.75774
0.76252
0.76295
0.78778
0.77979
0.72843
0.64383
0.56222
0.40999
0.40422
0.53784
0.70209
0.94358
0.94648
0.92228
0.79776
0.77525
0.72909
0.73035
0.63193
0.58381
0.62143
0.66732
0.63182
0.58
0.58385
0.51569
0.42467
0.35727
0.32402
0.95817
0.96852
0.97563
0.94889
0.96324
0.96276
0.93984
0.91032
0.77258
0.77229
0.77839
0.7682
0.87505
0.83789
0.81069
0.85528
0.76844
0.72093
0.6808
0.64138
0.60195
0.49908
0.37317
0.39589
0.85432
0.7574
0.73594
0.73404
0.72821
0.72778
0.95342
0.90906
0.93545
0.90504
0.72097
0.75857
0.87486
0.90742
0.94779
0.68748
0.75448
0.93553
0.94992
0.92235
0.88909
0.91149
0.90948
0.85845
0.66
0.55411
0.4826
0.44055
0.39743
0.35456
0.32474
0.32458
0.41003
0.64353
0.89322
0.68308
0.67586
0.66432
0.80928
0.70722
0.75033
0.73199
0.71632
0.78415
0.6864
0.52798
0.53967
0.50186
0.31458
0.29757
0.3469
0.35981
0.36425
0.35234
0.34593
0.36333
0.31278
0.33507
0.34081
0.33997
0.3514
0.35582
0.4057
0.47748
0.5468
0.60409
0.6057
0.681
0.71072
0.59923
0.48571
0.45696
0.55592
0.50188
0.42432
0.36167
0.35955
0.34915
0.34538
0.34761
0.40175
0.49289
0.81185
0.80668
0.69169
0.76829
0.84913
0.8735
0.87937
0.76372
0.51504
0.47046
0.46026
0.49704
0.45747
0.50338
0.46202
0.45662
0.46139
0.47885
0.47568
0.47292
0.45423
0.46698
0.45206
0.41249
0.41558
0.37559
0.32033
0.32043
0.26458
0.25077
0.30624
0.42467
0.57153
0.89601
0.92582
0.91462
0.8387
0.77516
0.64629
0.61085
0.58315
0.56123
0.58335
0.51154
0.5833
0.74859
0.75915
0.62741
0.52389
0.71537
0.76188
0.70524
0.56179
0.56006
0.56869
0.50096
0.46866
0.4702
0.39211
0.349
0.33795
0.32815
0.3294
0.32083
0.3159
0.32334
0.30426
0.24515
0.18562
0.15341
0.14275
0.1728
0.24771
0.29504
0.31889
0.56412
0.89093
0.94462
0.94771
0.95458
0.95765
0.9568
0.95597
0.95577
0.95104
0.94725
0.94776
0.92752
0.92554
0.91152
0.86677
0.84955
0.78454
0.63337
0.51609
0.46782
0.41476
0.38173
0.37637
0.35807
0.33192
0.30644
0.28847
0.26093
0.2705
0.27313
0.26828
0.26073
0.26347
0.2747
0.28948
0.29647
0.28955
0.27831
0.26687
0.27916
0.27749
0.26136
0.25038
0.22817
0.23217
0.21703
0.19341
0.16687
0.17472
0.18186
0.17778
0.17828
0.17948
0.17995
0.16853
0.15667
0.16079
0.16145
0.17703
0.19709
0.23816
0.28788
0.32275
0.3461
0.33953
0.33478
0.34249
0.34411
0.36199
0.38934
0.41472
0.42309
0.42068
0.42191
0.41443
0.40486
0.39889
0.44188
0.43523
0.40521
0.37836
0.35505
0.39092
0.46
0.48856
0.4921
0.48402
0.46616
0.4639
0.46923
0.51968
0.55202
0.57796
0.57646
0.62729
0.63666
0.64053
0.62943
0.61129
0.57513
0.50384
0.41592
0.39212
0.38827
0.43514
0.80575
0.80183
0.88457
0.89869
0.9415
0.90803
0.86038
0.81742
0.59105
0.50331
0.43303
0.3426
0.28815
0.2427
0.33811
0.76951
0.7415
0.7665
0.78476
0.90243
0.97951
0.9759
0.96858
0.77254
0.8858
0.97515
0.86608
0.81688
0.82066
0.80862
0.78901
0.7193
0.66796
0.7338
0.93423
0.92256
0.91457
0.91398
0.90465
0.90145
0.90654
0.6359
0.67776
0.69293
0.67366
0.69012
0.66808
0.73061
0.74734
0.72406
0.70669
0.65692
0.63779
0.61803
0.60809
0.62128
0.77986
0.68986
0.69556
0.72989
0.72149
0.71707
0.73809
0.74038
0.74844
0.77028
0.89092
0.84952
0.78839
0.89156
0.88167
0.87574
0.85344
0.80963
0.73209
0.69765
0.54022
0.46912
0.43397
0.39773
0.37038
0.36014
0.36896
0.37189
0.3525
0.29466
0.25469
0.2633
0.22782
0.23313
0.29814
0.27247
0.26415
0.24848
0.25836
0.36848
0.77189
0.77509
0.73093
0.71726
0.67291
0.70199
0.69946
0.6943
0.68629
0.68905
0.69438
0.68005
0.66863
0.65462
0.82908
0.85573
0.87733
0.90238
0.91857
0.92846
0.884
0.91525
0.55707
0.51744
0.49484
0.4369
0.3835
0.35893
0.35232
0.34616
0.34933
0.33003
0.32439
0.32584
0.36351
0.37426
0.39624
0.35262
0.34837
0.33921
0.38544
0.36891
0.31958
0.33714
0.30839
0.30018
0.32657
0.39322
0.40317
0.39729
0.37231
0.37724
0.36728
0.38728
0.38217
0.32586
0.32962
0.34992
0.36389
0.36604
0.38529
0.39808
0.4346
0.46365
0.53149
0.55629
0.52056
0.50672
0.48301
0.44816
0.43717
0.42397
0.41041
0.4069
0.41117
0.42153
0.44243
0.46116
0.46644
0.57586
0.70713
0.85641
0.84352
0.78335
0.80162
0.83716
0.81345
0.73443
0.67454
0.63659
0.6058
0.57049
0.55142
0.50919
0.44694
0.3835
0.32991
0.28849
0.28224
0.28856
0.55754
0.84544
0.85496
0.85488
0.72682
0.66605
0.64836
0.71047
0.72229
0.72049
0.72352
0.71417
0.73156
0.69197
0.693
0.68314
0.6759
0.66435
0.65512
0.85875
0.85769
0.82597
0.77546
0.6504
0.54914
0.49034
0.45197
0.43898
0.41864
0.40383
0.3886
0.37664
0.36024
0.38045
0.36666
0.41961
0.37862
0.3616
0.35663
0.37487
0.3739
0.35918
0.34105
0.34572
0.34006
0.3342
0.32896
0.30265
0.26251
0.24195
0.23186
0.22087
0.22779
0.2202
0.22793
0.24525
0.30912
0.86818
0.56779
0.51316
0.62453
0.61948
0.94498
0.96067
0.95097
0.91556
0.83805
0.71021
0.88348
0.84931
0.69676
0.79272
0.86778
0.96565
0.95313
0.85215
0.91731
0.92582
0.92367
0.9172
0.91674
0.91299
0.88851
0.87336
0.70349
0.60572
0.53267
0.49134
0.4668
0.43438
0.32098
0.32219
0.30824
0.30165
0.29342
0.28336
0.28096
0.30423
0.32277
0.37116
0.4173
0.40389
0.37961
0.42162
0.47706
0.49214
0.5376
0.58752
0.70152
0.5871
0.53495
0.49419
0.39604
0.32885
0.29326
0.28642
0.28426
0.36744
0.40921
0.51962
0.51961
0.491
0.49178
0.5214
0.78634
0.88922
0.85642
0.82448
0.82713
0.77789
0.82243
0.82457
0.85725
0.66271
0.62125
0.4785
0.52378
0.40222
0.45326
0.39017
0.41261
0.38805
0.4648
0.43008
0.37811
0.37217
0.32384
0.35204
0.40969
0.73086
0.845
0.55851
0.39877
0.35666
0.38761
0.53339
0.72751
0.7293
0.69958
0.64928
0.75731
0.64923
0.86832
0.87185
0.87251
0.87755
0.87508
0.8566
0.81919
0.66933
0.62623
0.70515
0.85618
0.62388
0.46532
0.38848
0.33154
0.30105
0.29651
0.34969
0.39453
0.51943
0.50584
0.35697
0.37425
0.66806
0.64316
0.57629
0.484
0.40498
0.37736
0.61627
0.86052
0.61498
0.5197
0.35215
0.63438
0.63165
0.67709
0.90525
0.63601
0.63582
0.65556
0.53945
0.46447
0.45202
0.41743
0.41393
0.42443
0.39867
0.36566
0.47406
0.53743
0.51816
0.35191
0.33892
0.35813
0.36513
0.38217
0.40393
0.32343
0.37538
0.38111
0.35791
0.35927
0.39938
0.4145
