0.58893
0.90236
0.89696
0.88786
0.8839
0.87961
0.87872
0.84393
0.83199
0.70264
0.52147
0.425
0.38425
0.43959
0.57695
0.6227
0.77863
0.67335
0.6129
0.57012
0.5061
0.41248
0.41649
0.42112
0.42435
0.44254
0.40846
0.37136
0.35274
0.35901
0.37709
0.51454
0.85591
0.57121
0.46646
0.44476
0.41097
0.37123
0.32629
0.30596
0.3181
0.5028
0.58719
0.64689
0.60704
0.52888
0.81972
0.83369
0.84054
0.83039
0.64164
0.56414
0.77914
0.5487
0.52666
0.59774
0.63306
0.58571
0.56256
0.57244
0.5174
0.46754
0.42411
0.37787
0.326
0.29936
0.29003
0.2531
0.24942
0.23262
0.23566
0.22208
0.20836
0.21541
0.20274
0.20198
0.19997
0.21661
0.23075
0.24987
0.27606
0.27598
0.30486
0.31485
0.33889
0.29952
0.33066
0.41852
0.57659
0.46743
0.4434
0.34115
0.54278
0.56903
0.67871
0.66893
0.6078
0.79312
0.90577
0.7283
0.71635
0.71756
0.87041
0.82449
0.77261
0.6407
0.59539
0.59722
0.5426
0.55271
0.59007
0.8063
0.57861
0.70001
0.5563
0.52523
0.77061
0.68779
0.84968
0.89209
0.88525
0.88459
0.88199
0.86911
0.83657
0.81523
0.75832
0.62198
0.58057
0.60729
0.57376
0.51418
0.46451
0.44473
0.42481
0.73862
0.74394
0.71323
0.7122
0.7523
0.77729
0.81598
0.83686
0.82154
0.82258
0.83041
0.82739
0.80841
0.88071
0.794
0.72622
0.40031
0.64392
0.7643
0.59186
0.60113
0.63017
0.61404
0.61016
0.62046
0.64336
0.6112
0.46082
0.36164
0.34129
0.39356
0.46187
0.41545
0.53903
0.60523
0.55402
0.5689
0.58378
0.40572
0.41967
0.47011
0.72132
0.67311
0.7255
0.57623
0.53404
0.57941
0.52827
0.57929
0.61057
0.46938
0.44957
0.55564
0.76882
0.9271
0.8462
0.51612
0.50445
0.52742
0.52502
0.56939
0.54049
0.53435
0.52752
0.52691
0.50923
0.5101
0.60468
0.63469
0.60278
0.61269
0.61687
0.56019
0.62658
0.81762
0.85111
0.77018
0.74376
0.81369
0.76033
0.8085
0.72729
0.60699
0.61189
0.42414
0.36791
0.36146
0.35045
0.36817
0.60822
0.74389
0.72618
0.66287
0.62892
0.61744
0.61019
0.59953
0.54589
0.61758
0.6177
0.60385
0.56435
0.71534
0.69762
0.8805
0.82596
0.78433
0.75107
0.72775
0.77867
0.8346
0.83403
0.83251
0.81653
0.77147
0.61382
0.49648
0.43995
0.40982
0.38183
0.36228
0.35194
0.34254
0.3409
0.28798
0.33459
0.37185
0.42953
0.45679
0.49873
0.51202
0.5704
0.50343
0.41964
0.39955
0.3597
0.36238
0.36172
0.39824
0.48648
0.52081
0.46017
0.43359
0.45061
0.47373
0.49094
0.51403
0.54168
0.74402
0.85536
0.63022
0.5665
0.55749
0.56917
0.54687
0.48048
0.41079
0.37823
0.42218
0.37832
0.38565
0.39395
0.41125
0.47304
0.53551
0.42574
0.39338
0.39616
0.40595
0.3784
0.3655
0.84369
0.85388
0.76328
0.40613
0.61457
0.73422
0.7301
0.7382
0.60118
0.4
0.48198
0.48423
0.44101
0.38788
0.34486
0.33838
0.39581
0.4136
0.41571
0.36537
0.46016
0.36822
0.39643
0.38701
0.49566
0.58926
0.55509
0.52784
0.50994
0.55768
0.58947
0.57955
0.81594
0.82057
0.81146
0.69541
0.51736
0.431
0.3788
0.35603
0.32934
0.36895
0.41691
0.40881
0.40074
0.35458
0.33365
0.41744
0.39301
0.35182
0.36933
0.48093
0.77038
0.81016
0.81351
0.81404
0.7976
0.67325
0.70574
0.59751
0.49124
0.36958
0.33327
0.33434
0.34796
0.41062
0.38037
0.31567
0.35789
0.37167
0.32522
0.33384
0.32904
0.34638
0.33823
0.36156
0.44774
0.64639
0.4595
0.39994
0.39194
0.34452
0.31018
0.30455
0.30989
0.29757
0.27414
0.25662
0.29282
0.28192
0.29064
0.27619
0.31333
0.28783
0.28362
0.28002
0.29733
0.31295
0.33099
0.33589
0.35947
0.39837
0.48195
0.51086
0.51231
0.51078
0.48784
0.4712
0.45811
0.44575
0.42986
0.40376
0.39419
0.39812
0.40606
0.42443
0.5764
0.59227
0.63437
0.61259
0.80163
0.81513
0.79077
0.67961
0.59458
0.57596
0.5295
0.4707
0.43086
0.39088
0.39517
0.34571
0.28365
0.32483
0.36556
0.38717
0.38759
0.35145
0.3596
0.47139
0.59442
0.54889
0.44337
0.42695
0.32748
0.36378
0.32913
0.3037
0.27902
0.24889
0.22949
0.28512
0.33917
0.35243
0.3599
0.38367
0.40697
0.50936
0.54727
0.54376
0.49087
0.49115
0.50577
0.47611
0.48924
0.50988
0.49528
0.76351
0.85483
0.85922
0.85178
0.84375
0.77887
0.81115
0.80123
0.8095
0.81602
0.82907
0.83312
0.82516
0.79339
0.70195
0.55537
0.52127
0.50118
0.45779
0.40614
0.38487
0.85424
0.75404
0.6722
0.63501
0.58126
0.61684
0.74887
0.74005
0.85172
0.77246
0.72628
0.67701
0.65368
0.67211
0.59037
0.51939
0.55417
0.5796
0.5277
0.44585
0.34794
0.26955
0.23963
0.24081
0.20446
0.18915
0.18223
0.22199
0.2949
0.38026
0.51074
0.53781
0.52904
0.53597
0.54392
0.55697
0.60244
0.61407
0.58017
0.53093
0.57132
0.64139
0.79698
0.80952
0.81516
0.80992
0.74822
0.60144
0.49479
0.46764
0.45574
0.43024
0.40313
0.36895
0.37005
0.48578
0.5448
0.57653
0.42374
0.42567
0.34746
0.33
0.5335
0.49612
0.48143
0.51272
0.51896
0.55559
0.61023
0.53302
0.51887
0.44032
0.44436
0.50761
0.54282
0.57473
0.56158
0.48224
0.4492
0.37581
0.38368
0.4932
0.49267
0.53611
0.6012
0.61828
0.46516
0.45314
0.44133
0.51226
0.50115
0.47297
0.44032
0.4341
0.52387
0.50421
0.50783
0.57078
0.6397
0.63631
0.60527
0.56056
0.52334
0.49139
0.5343
0.57093
0.52407
0.45841
0.41238
0.33477
0.33387
0.33302
0.33545
0.30972
0.32714
0.34567
0.48347
0.78988
0.5484
0.50537
0.57001
0.58509
0.54716
0.74147
0.72956
0.67514
0.68008
0.62589
0.60427
0.54323
0.47305
0.44071
0.44048
0.41107
0.39715
0.44894
0.48293
0.49528
0.50959
0.52329
0.50743
0.49337
0.46013
0.46351
0.48114
0.49822
0.50126
0.46108
0.55436
0.6168
0.58816
0.54256
0.54066
0.51131
0.47756
0.41499
0.3137
0.25705
0.27394
0.27106
0.25286
0.24247
0.24589
0.24788
0.25124
0.27897
0.33233
0.34722
0.3403
0.42452
0.44826
0.40114
0.31825
0.29797
0.31302
0.31024
0.311
0.30715
0.29963
0.2676
0.31143
0.32407
0.34702
0.36476
0.35916
0.36568
0.33098
0.34984
0.33921
0.34339
0.34716
0.35554
0.35328
0.39425
0.40697
0.4247
0.48332
0.51254
0.51084
0.38697
0.42473
0.62773
0.69536
0.72938
0.72772
0.82529
0.89793
0.68241
0.60836
0.73043
0.74384
0.78906
0.67705
0.5908
0.54457
0.48132
0.45602
0.43995
0.42677
0.39123
0.33072
0.29615
0.32497
0.33059
0.31616
0.30898
0.39233
0.39355
0.40231
0.3555
0.35724
0.35739
0.79424
0.84021
0.81546
0.77172
0.67872
0.67225
0.59951
0.58086
0.57989
0.66928
0.60388
0.51689
0.45595
0.40787
0.48352
0.72218
0.74261
0.83388
0.57626
0.39714
0.37717
0.37181
0.3555
0.35273
0.36085
0.36183
0.38194
0.38564
0.39399
0.38818
0.38428
0.4252
0.61449
0.85057
0.8836
0.86111
0.94528
0.95266
0.66084
0.5817
0.60993
0.59799
0.49461
0.49244
0.43504
0.39291
0.35805
0.34089
0.32378
0.31346
0.46813
0.43343
0.45746
0.45131
0.35015
0.33027
0.35134
0.45355
0.6688
0.55188
0.52191
0.53887
0.50337
0.94851
0.70634
0.91611
0.80916
0.60325
0.55035
0.66422
0.57897
0.4514
0.45993
0.53229
0.55192
0.5106
0.50718
0.50115
0.4594
0.44343
0.46627
0.90334
0.70456
0.62703
0.56792
0.53351
0.4903
0.46609
0.52441
0.57851
0.60376
0.60403
0.58093
0.70579
0.7321
0.69147
0.6997
0.6465
0.56074
0.53572
0.83837
0.69979
0.60845
0.5168
0.48947
0.61096
0.64239
0.6541
0.60954
0.50783
0.41751
0.37893
0.40432
0.45816
0.45351
0.52178
0.50808
0.46488
0.41161
0.37864
0.42197
0.50371
0.58715
0.68652
0.40967
0.35648
0.33941
0.33642
0.34231
0.43947
0.43117
0.38756
0.43683
0.41488
0.36949
0.34443
0.35949
0.40531
0.37883
0.36408
0.35511
0.34425
0.33954
0.34054
0.35407
0.35015
0.36795
0.37232
0.33107
0.3615
0.32922
0.32319
0.31546
0.33599
0.42388
0.4338
0.43169
0.39648
0.3654
0.36984
0.40578
0.47975
0.53944
0.5554
0.47734
0.42832
0.41529
0.44744
0.40218
0.47369
0.48966
0.5081
0.48182
0.43032
0.39693
0.38796
0.39162
0.41397
0.48483
0.56772
0.54783
0.41756
0.361
0.37733
0.44061
0.49491
0.50938
0.49563
0.47907
0.39163
0.34558
0.31836
0.40143
0.46436
0.57064
0.56554
0.51906
0.48497
0.41368
0.3831
0.33166
0.53224
0.59186
0.63899
0.66178
0.67447
0.56242
0.46242
0.42359
0.50911
0.63147
0.70446
0.73686
0.73238
0.56598
0.53241
0.54859
0.6008
0.63445
0.67531
0.6905
0.68238
0.74168
0.77843
0.7926
0.7983
0.80776
0.81528
0.779
0.66797
0.54933
0.37991
0.42538
0.53971
0.62169
0.60216
0.52273
0.49327
0.44204
0.39426
0.39855
0.46715
0.68713
0.93433
0.72917
0.88135
0.76792
0.67609
0.6249
0.61866
0.65776
0.44883
0.54752
0.53997
0.45971
0.43027
0.40434
0.51897
0.67431
0.70248
0.69454
0.61849
0.51053
0.61098
0.95469
0.96789
0.95961
0.95376
0.78311
0.53613
0.3999
0.42216
0.43168
0.53189
0.55894
0.61332
0.64126
0.59688
0.52372
0.49071
0.45596
0.45603
0.63136
0.67965
0.6905
0.62188
0.55177
0.48192
0.44069
0.43613
0.61785
0.75282
0.75903
0.63681
0.55519
0.47164
0.41603
0.46488
0.60586
0.6501
0.65934
0.58882
0.6501
0.5333
0.503
0.43725
0.57562
0.65762
0.61232
0.49572
0.43864
0.38999
0.3793
0.40664
0.50987
0.45239
0.3608
0.36032
0.33482
0.35561
0.42154
0.47866
0.76225
0.68016
0.71185
0.81644
0.67299
0.53583
0.45288
0.4681
0.50437
0.55633
0.96187
0.96706
0.48343
0.52018
0.45392
0.61028
0.70108
0.71842
0.72305
0.62812
0.49254
0.46335
0.45757
0.53044
0.62664
0.76213
0.80927
0.70405
0.53336
0.45032
0.46928
0.47059
0.57252
0.51875
0.50743
0.43859
0.41583
0.39205
0.38911
0.35756
0.39558
0.42359
0.40783
0.36851
0.35688
0.2824
0.2811
0.29999
0.23827
0.24497
0.27561
0.30059
0.27827
0.24595
0.27044
0.30074
0.29696
0.32568
0.27951
0.31835
0.33938
0.49956
0.6124
0.73387
0.76419
0.7306
0.67817
0.45353
0.42769
0.38315
0.35432
0.41806
0.58159
0.36254
0.31723
0.34107
0.35801
0.28437
0.29835
0.37468
0.36098
0.43453
0.43076
0.5113
0.44266
0.39698
0.46678
0.50657
0.53314
0.65416
0.68911
0.65735
0.60879
0.47716
0.49134
0.56946
0.69109
0.74002
0.61673
0.57516
0.48515
0.4407
0.44622
0.4658
0.53124
0.63952
0.68534
0.60947
0.48472
0.37822
0.35834
0.33033
0.40145
0.352
0.33093
0.33751
0.34968
0.32685
0.336
0.30924
0.25904
0.24364
0.22911
0.22187
0.22196
0.22839
0.2416
0.26841
0.31761
0.36406
0.3587
0.30707
0.29284
0.2811
0.20724
0.28197
0.41568
0.49126
0.53747
0.56932
0.76437
0.73223
0.52708
0.47112
0.56173
0.66477
0.64162
0.56316
0.48892
0.44073
0.39328
0.33361
0.45714
0.46639
0.4841
0.45171
0.38793
0.3349
0.29872
0.3022
0.3131
0.37393
0.4271
0.53684
0.45716
0.45138
0.91298
0.89031
0.85436
0.83941
0.74345
0.65002
0.53654
0.45766
0.40533
0.36678
0.38049
0.35487
0.38599
0.41594
0.56042
0.41705
0.40068
0.63501
0.80003
0.74259
0.78587
0.71168
0.63607
0.57022
0.53306
0.50228
0.51616
0.5119
0.53606
0.41999
0.33343
0.32549
0.33705
0.36725
0.35121
0.3621
0.35692
0.32076
0.30496
0.2984
0.31288
0.34183
0.36943
0.38284
0.37022
0.32844
0.32901
0.30472
0.31441
0.32487
0.35776
0.40332
0.37068
0.32194
0.31039
0.31801
0.33102
0.36694
0.38177
0.40479
0.4073
0.3999
0.39354
0.35492
0.33673
0.33588
0.43141
0.37369
0.34152
0.30933
0.29453
0.28679
0.2833
0.2966
0.31543
0.32817
0.37445
0.34061
0.31085
0.27654
0.2426
0.34042
0.34478
0.37116
0.32769
0.28273
0.25618
0.22832
0.23621
0.26196
0.27715
0.41889
0.48295
0.39423
0.34893
0.32759
0.29722
0.39652
0.55303
0.64676
0.64611
0.52234
0.43781
0.39758
0.3805
0.35295
0.39193
0.45669
0.48495
0.42017
0.34757
0.31945
0.31574
0.35406
0.38199
0.46611
0.45284
0.38584
0.33718
0.39717
0.41282
0.4484
0.50062
0.55204
0.55435
0.49321
0.40295
0.33963
0.34342
0.36523
0.40211
0.44195
0.37226
0.29348
0.27331
0.27044
0.27383
0.29545
0.32036
0.36624
0.30937
0.2726
0.27476
0.27102
0.30602
0.46263
0.58924
0.68028
0.70985
0.64437
0.43437
0.35712
0.4612
0.45956
0.50387
0.52933
0.55985
0.50106
0.43049
0.40056
0.38919
0.39454
0.38233
0.4471
0.43575
0.40017
0.39313
0.35636
0.34481
0.36739
0.46728
0.51669
0.45307
0.37808
0.35124
0.30453
0.33443
0.3609
0.38825
0.42594
0.40034
0.33307
0.28204
0.26665
0.26835
0.27096
0.31566
0.39233
0.43838
0.36314
0.25527
0.26152
0.29207
0.2913
0.36179
0.42136
0.35087
0.28365
0.2687
0.26606
0.28616
0.31825
0.33562
0.35915
0.40952
0.39678
0.36487
0.32645
0.3093
0.3294
0.33505
0.39594
0.40326
0.36195
0.29225
0.27253
0.26852
0.31148
0.34362
0.36097
0.38538
0.33929
0.29989
0.29679
0.31769
0.33317
0.34471
0.38316
0.41249
0.38898
0.37536
0.35977
0.39256
0.45095
0.51062
0.58535
0.57698
0.54503
0.50749
0.4826
0.49448
0.52234
0.56508
0.61251
0.61379
0.56619
0.50418
0.44858
0.41253
0.42404
0.47573
0.59648
0.52838
0.49051
0.44681
0.40929
0.39667
0.41643
0.42898
0.46964
0.47027
0.43026
0.39405
0.36532
0.36144
0.37568
0.40699
0.44527
0.4705
0.43654
0.43274
0.42541
0.40417
0.45774
0.49799
0.5266
0.53042
0.50831
0.49717
0.59996
0.68784
0.75134
0.6889
0.68793
0.76119
0.73798
0.72352
0.68018
0.5803
0.54672
0.63572
0.63485
0.57723
0.51854
0.42806
0.36405
0.34744
0.35776
0.38733
0.56823
0.60098
0.55096
0.53782
0.53969
0.50735
0.52614
0.56764
0.60107
0.57672
0.4875
0.41316
0.38291
0.37131
0.38049
0.46007
0.51316
0.49043
0.40704
0.32789
0.27606
0.29298
0.38516
0.43444
0.57804
0.64485
0.65035
0.66922
0.81327
0.82652
0.71763
0.76658
0.62522
0.66204
0.65795
0.48574
0.45462
0.44786
0.4269
0.46655
0.56928
0.57916
0.47057
0.41022
0.42715
0.48523
0.57808
0.60112
0.72883
0.79555
0.83956
0.8776
0.75963
0.85797
0.78133
0.74557
0.78832
0.80724
0.72083
0.61292
0.53621
0.47602
0.49107
0.54904
0.58416
0.58682
0.52006
0.46265
0.76192
0.77795
0.73757
0.66189
0.60862
0.64227
0.78283
0.73878
0.65805
0.75409
0.96023
1.0002
0.94565
0.82458
0.72029
0.52536
0.48896
0.44582
0.42066
0.43001
0.50071
0.49045
0.43164
0.3463
0.286
0.29672
0.32596
0.31706
0.33286
0.34156
0.34768
0.31503
0.44055
0.5979
0.70858
0.84645
0.89289
0.90596
0.88108
0.76818
0.66318
0.67415
0.78554
0.77125
0.82003
0.77864
0.73329
0.63179
0.53847
0.47333
0.45041
0.50293
0.60121
0.59455
0.5134
0.46986
0.41637
0.3564
0.36014
0.4446
0.65314
0.68531
0.53399
0.46034
0.44662
0.46229
0.45779
0.52869
0.57641
0.63508
0.54464
0.47876
0.46169
0.58028
0.81498
0.92516
0.89136
0.89726
0.8256
0.76549
0.68647
0.7358
0.75958
0.7899
0.71424
0.6809
0.60798
0.54471
0.51039
0.59755
0.68754
0.75105
0.79101
0.78098
0.79313
0.79059
0.75075
0.72885
0.7448
0.75526
0.748
0.79526
0.80811
0.74398
0.68707
0.66519
0.77498
0.72247
0.69847
0.69641
0.68795
0.68572
0.71081
0.69665
0.77745
0.86961
0.85662
0.7541
0.71137
0.73156
0.727
0.72928
0.77605
0.81026
0.75006
0.74892
0.72799
0.72927
0.82985
0.80305
0.8102
0.92551
0.87687
0.84055
0.82907
0.69704
0.75162
0.86607
0.91414
0.86103
0.97747
0.99767
1.0006
0.93253
0.81272
0.72633
0.67107
0.82366
0.75983
0.69444
0.67126
0.59329
0.50387
0.45901
0.47315
0.45939
0.44395
0.42807
0.45795
0.3928
0.44539
0.47717
0.44058
0.43052
0.50343
0.60774
0.68531
0.75497
0.75006
0.77856
0.74345
0.68276
0.71639
0.75755
0.81716
0.86543
0.89784
0.88275
0.89097
0.89766
0.90927
0.9163
0.90878
0.89156
0.87051
0.82063
0.83021
0.7936
0.75852
0.7047
0.66277
0.67547
0.59997
0.56978
0.5752
0.60379
0.65505
0.64179
0.77557
0.71524
0.66354
0.64936
0.6411
0.63681
0.83305
0.83593
0.86207
0.84652
0.86191
0.88141
0.9087
0.95433
0.86125
0.86548
0.78685
0.68573
0.68104
0.7095
0.78175
0.83729
0.80903
0.79876
0.69626
0.62887
0.58424
0.54978
0.63696
0.69702
0.68631
0.71521
0.69259
0.6417
0.57516
0.549
0.56528
0.62465
0.66435
0.63143
0.63218
0.59334
0.60531
0.55857
0.57838
0.71898
0.74042
0.72614
0.75117
0.66232
0.64021
0.69524
0.74277
0.75861
0.73868
0.74765
0.74531
0.60644
0.53153
0.53311
0.5565
0.54141
0.53539
0.46404
0.43776
0.42532
0.49508
0.39743
0.47164
0.52854
0.56093
0.5839
0.69314
0.72718
0.62726
0.61198
0.62211
0.62645
0.61581
0.6466
0.63584
0.61545
0.62716
0.64383
0.66071
0.70369
0.73925
0.73543
0.73402
0.73883
0.68642
0.62791
0.61615
0.6749
0.6713
0.65349
0.61905
0.56499
0.52224
0.48006
0.46549
0.46655
0.47657
0.49706
0.47824
0.44989
0.43439
0.41759
0.38822
0.62309
0.74677
0.82951
0.84249
0.78396
0.71885
0.72372
0.7728
0.72266
0.61615
0.70322
0.62884
0.57448
0.54244
0.45219
0.56612
0.5683
0.43187
0.43281
0.49929
0.4759
0.39963
0.34561
0.30219
0.33006
0.33646
0.39275
0.51972
0.50956
0.44064
0.46337
0.528
0.62382
0.6
0.53459
0.4506
0.43999
0.45785
0.496
0.7719
0.88106
0.87904
0.8463
0.79464
0.7162
0.68494
0.74087
0.77667
0.85728
0.86909
0.83857
0.72737
0.5999
0.55321
0.56758
0.63219
0.65951
0.78485
0.808
0.77855
0.74088
0.73046
0.73484
0.78703
0.84143
0.82231
0.85267
0.82767
0.78911
0.72825
0.69466
0.68737
0.73063
0.72276
0.78537
0.79603
0.69572
0.64168
0.68753
0.79643
0.84144
0.84235
0.72611
0.54546
0.48096
0.50016
0.54594
0.50842
0.42294
0.40762
0.3986
0.40369
0.43836
0.44863
0.43113
0.45224
0.40422
0.44399
0.42548
0.56961
0.63623
0.58437
0.62121
0.77879
0.89234
0.93606
0.95254
0.99079
1.0003
0.9882
0.9996
0.88593
0.90175
0.9998
1.0002
0.99505
0.82179
0.69846
0.76467
0.77241
0.73606
0.73088
0.63037
0.5128
0.50548
0.52111
0.50454
0.45278
0.44318
0.41254
0.40243
0.45612
0.52726
0.55138
0.5795
0.58984
0.83545
0.85329
0.88477
0.86208
0.6985
0.59907
0.81114
0.99947
1.0009
0.99995
0.9994
0.99674
0.8027
0.6409
0.58973
0.73424
0.65948
0.57356
0.52625
0.68868
0.70278
0.61954
0.5772
0.44499
0.49551
0.43661
0.35421
0.31136
0.42828
0.55795
0.69135
0.90965
0.88654
0.82791
0.98245
0.97774
0.95337
0.83813
0.80574
0.75026
0.69551
0.67418
0.7671
0.8441
0.82368
0.74764
0.77385
0.82582
0.80636
0.76953
0.9894
0.99862
0.99338
0.93581
0.83399
0.78659
0.68638
0.62143
0.4904
0.43695
0.41206
0.38328
0.3804
0.37542
0.3493
0.34803
0.57707
0.79378
0.81887
0.78455
0.8388
0.79702
0.78823
0.78202
0.77826
0.73053
0.73031
0.75102
0.70997
0.69767
0.74166
0.73111
0.67103
0.74522
0.75165
0.78042
0.73144
0.72608
0.801
0.78557
0.74355
0.66983
0.62501
0.63763
0.54283
0.52012
0.51424
0.51724
0.50716
0.49433
0.46883
0.38844
0.37925
0.5233
0.87644
0.84756
0.80231
0.80262
0.82892
0.79353
0.79088
0.7579
0.78565
0.79768
0.81797
0.83055
0.80546
0.81631
0.74772
0.74612
0.68193
0.5703
0.5516
0.54229
0.55856
0.59275
0.54631
0.55406
0.58725
0.59424
0.60392
0.59385
0.76444
0.79112
0.73447
0.69429
0.60327
0.56336
0.59309
0.7127
0.80349
0.84768
0.91561
0.70417
0.64904
0.75041
0.71488
0.54478
0.51865
0.5563
0.61958
0.56044
0.66113
0.52922
0.632
0.63489
0.66311
0.66365
0.71405
0.74099
0.7352
0.72525
0.70234
0.69575
0.70888
0.74193
0.77417
0.86844
0.9385
0.875
0.93839
0.91299
0.89205
0.85654
0.79294
0.85558
0.91684
0.9318
0.83713
0.69524
0.93221
0.75486
0.70406
0.84637
0.9503
0.95418
0.95936
0.96845
0.95192
0.93693
0.88512
0.63322
0.52088
0.4013
0.44099
0.43228
0.50735
0.56129
0.50541
0.43098
0.35873
0.42398
0.5833
0.56725
0.49193
0.46027
0.41341
0.40073
0.3961
0.47672
0.55779
0.57586
0.56271
0.72565
0.99916
0.98125
0.97221
0.96221
0.93572
0.94443
0.81377
0.92647
0.82832
0.94515
0.91444
0.77231
0.58014
0.58774
0.66154
0.63912
0.63696
0.71062
0.69885
0.78217
0.75841
0.7837
0.80159
0.83389
0.97581
0.90425
0.82877
0.83266
0.88179
0.66266
0.7619
0.67057
0.52373
0.69865
0.66313
0.62102
0.56311
0.60198
0.64067
0.55853
0.47878
0.44916
0.44176
0.45135
0.55649
0.75509
0.7312
0.74492
0.69491
0.59095
0.57979
0.44691
0.41943
0.41812
0.44502
0.45074
0.46119
0.4709
0.5162
0.53743
0.58894
0.54948
0.52079
0.52479
0.55303
0.54002
0.54181
0.58756
0.56761
0.55471
0.57371
0.57328
0.52786
0.49312
0.48376
0.47088
0.45875
0.45457
0.48472
0.52866
0.5065
0.52246
0.50278
0.49376
0.4942
0.48449
0.50189
0.51252
0.48525
0.45445
0.47089
0.47915
0.45837
0.4633
0.49798
0.5185
0.4937
0.48486
0.49161
0.49832
0.50503
0.50695
0.5205
0.52163
0.50497
0.49752
0.48409
0.47228
0.46706
0.46598
0.47287
0.46697
0.45466
0.4509
0.46881
0.52811
0.52167
0.53256
0.51162
0.54877
0.58372
0.53677
0.54338
0.78655
0.76793
0.69452
0.59311
0.5813
0.61628
0.61198
0.59517
0.59811
0.76893
0.81031
0.74292
0.65014
0.72955
0.69691
0.692
0.62938
0.67003
0.62379
0.59885
0.58828
0.54599
0.52252
0.50515
0.48067
0.46865
0.48176
0.52075
0.5229
0.54873
0.52883
0.49509
0.45574
0.42947
0.44163
0.47041
0.48332
0.51695
0.52339
0.46705
0.45811
0.50371
0.47672
0.57481
0.61398
0.62606
0.67258
0.66307
0.65159
0.62343
0.62408
0.67352
0.59973
0.47725
0.43029
0.45022
0.43114
0.44226
0.50803
0.55757
0.63029
0.77419
0.64563
0.6831
0.78791
0.94866
0.95471
0.95409
0.95391
0.95746
0.95594
0.93628
0.91
0.9405
0.93887
0.9429
0.94429
0.93578
0.68847
0.57682
0.50888
0.46197
0.42864
0.39718
0.34984
0.33981
0.37973
0.6476
0.79094
0.67532
0.72669
0.6829
0.67796
0.82043
0.88737
0.833
0.68747
0.60951
0.54869
0.83644
0.82884
0.60695
0.452
0.44262
0.42101
0.40747
0.40019
0.40436
0.39862
0.38984
0.3861
0.39501
0.39475
0.40616
0.40882
0.42968
0.4642
0.46247
0.46653
0.58176
0.83688
0.96195
0.67038
0.64605
0.6719
0.68467
0.69731
0.7112
0.71426
0.70205
0.67012
0.67542
0.96228
0.98124
0.97213
0.97385
0.97322
0.94547
0.95253
0.94149
0.90546
0.88279
0.93144
0.89342
0.88103
0.8728
0.88838
0.84196
0.72569
0.56491
0.481
0.44577
0.40011
0.37342
0.34746
0.32595
0.32848
0.32582
0.3237
0.36116
0.33826
0.40596
0.4901
0.79695
0.80131
0.61172
0.58136
0.59603
0.62717
0.65932
0.67037
0.83767
0.92241
0.96171
0.96705
0.89298
0.79372
0.70177
0.76695
0.94755
0.92671
0.93074
0.90847
0.91918
0.92907
0.90329
0.83729
0.58696
0.58844
0.93651
0.91418
0.75346
0.68375
0.6081
0.60983
0.67398
0.74234
0.90292
0.86514
0.71827
0.73035
0.80693
0.6941
0.54406
0.48537
0.4855
0.53203
0.54607
0.56046
0.66368
0.65902
0.59294
0.55126
0.60315
0.70936
0.76427
0.59728
0.52033
0.45438
0.4141
0.40368
0.42397
0.4233
0.41275
0.38696
0.43647
0.44808
0.3962
0.38651
0.38912
0.42992
0.68998
0.65898
0.64124
0.63063
0.63046
0.66423
0.84703
0.7941
0.74115
0.90444
0.92055
0.93027
0.93533
0.9264
0.93135
0.90114
0.86107
0.85138
0.82498
0.72231
0.67745
0.65615
0.66673
0.48514
0.45986
0.38571
0.37527
0.37831
0.35685
0.34546
0.36761
0.37518
0.36454
0.36088
0.3842
0.37879
0.40473
0.44875
0.44346
0.42685
0.41904
0.41555
0.40874
0.39449
0.3905
0.38367
0.38102
0.3824
0.38784
0.39842
0.40215
0.40952
0.4223
0.43647
0.44524
0.44685
0.44561
0.45171
0.45514
0.45728
0.44747
0.43866
0.44512
0.47826
0.49738
0.51011
0.49875
0.46176
0.43887
0.42871
0.42043
0.41353
0.41241
0.41571
0.41934
0.41935
0.41641
0.41727
0.40629
0.39878
0.40167
0.39776
0.38041
0.38256
0.42677
0.53087
0.47682
0.48107
0.56434
0.6275
0.65801
0.64454
0.79798
0.7797
0.74077
0.69806
0.71836
0.75959
0.79347
0.65677
0.61278
0.84722
0.87104
0.87319
0.87752
0.87253
0.8301
0.55221
0.41815
0.401
0.39028
0.34471
0.32636
0.33424
0.33464
0.33546
0.3469
0.38839
0.44238
0.45527
0.44731
0.42988
0.41294
0.40628
0.42267
0.51455
0.59548
0.76296
0.60298
0.86266
0.60951
0.5259
0.49892
0.49727
0.51891
0.53895
0.52673
0.53277
0.48718
0.44499
0.4346
0.45994
0.49087
0.4834
0.45791
0.43964
0.43286
0.50992
0.57299
0.47084
0.42997
0.41309
0.40052
0.39407
0.38618
0.38064
0.37895
0.36831
0.3721
0.37794
0.37522
0.38293
0.37643
0.40621
0.41158
0.37336
0.3741
0.37169
0.33863
0.32866
0.31355
0.30664
0.30208
0.31383
0.33471
0.34899
0.39
0.43874
0.44732
0.44768
0.45085
0.42268
0.42737
0.45744
0.74291
0.64735
0.5268
0.43823
0.40457
0.4517
0.61544
0.48961
0.37366
0.35086
0.34856
0.31424
0.28541
0.28053
0.31262
0.32272
0.35243
0.44374
0.50959
0.54334
0.49988
0.5467
0.51614
0.47216
0.41175
0.37944
0.34657
0.33949
0.35785
0.37801
0.37898
0.40992
0.4553
0.46974
0.44391
0.42372
0.41392
0.421
0.43412
0.43681
0.41964
0.40097
0.3892
0.37784
0.38235
0.41958
0.40425
0.41199
0.42117
0.43392
0.4082
0.41578
0.42602
0.46001
0.81217
0.86566
0.86068
0.80353
0.78914
0.77295
0.7404
0.62322
0.49524
0.42783
0.41638
0.40817
0.41763
0.48773
0.50004
0.41366
0.35625
0.38383
0.36285
0.34666
0.35154
0.34819
0.34026
0.33978
0.34683
0.32981
0.36772
0.4093
0.3904
0.39726
0.39235
0.40062
0.39506
0.40221
0.39441
0.41496
0.40961
0.4019
0.39343
0.40145
0.39813
0.41097
0.41511
0.41539
0.39642
0.39329
0.38587
0.3822
0.38365
0.38146
0.37147
0.36206
0.3566
0.353
0.35089
0.35558
0.34625
0.33689
0.33921
0.3306
0.30836
0.29129
0.26852
0.24779
0.21855
0.17083
0.1735
0.26251
0.37848
0.51326
0.55412
0.5234
0.51876
0.50661
0.44455
0.35826
0.22878
0.25654
0.30191
0.33073
0.35799
0.38089
0.39286
0.39653
0.40607
0.46235
0.51986
0.5485
0.52771
0.49428
0.4655
0.46884
0.48987
0.5266
0.62641
0.76511
0.69151
0.65037
