0.45166
0.58716
0.54444
0.53893
0.49136
0.43171
0.53235
0.52445
0.43434
0.35284
0.4069
0.34868
0.31283
0.2933
0.30487
0.45442
0.41421
0.45491
0.71112
0.70318
0.67734
0.71278
0.71923
0.71846
0.71721
0.71995
0.70689
0.6458
0.63221
0.60439
0.58478
0.56217
0.54427
0.49618
0.43945
0.39838
0.38031
0.38388
0.37634
0.35404
0.3807
0.41465
0.37046
0.36092
0.35921
0.34805
0.36301
0.44174
0.54755
0.73872
0.73586
0.73682
0.6775
0.46877
0.40364
0.37393
0.40854
0.43771
0.494
0.57848
0.62153
0.59853
0.7299
0.54338
0.51241
0.51608
0.59936
0.65106
0.611
0.58688
0.52382
0.45603
0.44114
0.3931
0.34723
0.32429
0.31789
0.31551
0.31099
0.31543
0.35223
0.36504
0.32184
0.28184
0.34467
0.39016
0.3159
0.29515
0.29628
0.31135
0.26251
0.32854
0.804
0.61878
0.58087
0.62523
0.6265
0.67098
0.85829
0.73059
0.8406
0.79526
0.4359
0.42785
0.55281
0.75824
0.75617
0.68508
0.65521
0.82542
0.75875
0.76291
0.77053
0.77177
0.76672
0.76189
0.74597
0.54751
0.44291
0.40482
0.38352
0.39012
0.3753
0.36868
0.3578
0.34399
0.34575
0.35748
0.33473
0.32845
0.3361
0.34079
0.3184
0.29585
0.26229
0.24113
0.23182
0.24325
0.24312
0.3026
0.28348
0.30696
0.42078
0.43313
0.42958
0.47101
0.51638
0.50792
0.51416
0.47513
0.46394
0.46701
0.43833
0.44086
0.38648
0.3155
0.21935
0.15297
0.23519
0.41075
0.50988
0.50307
0.49831
0.52599
0.51065
0.5223
0.50021
0.49964
0.39509
0.36139
0.37478
0.45295
0.49718
0.61466
0.73306
0.72804
0.72969
0.73992
0.74122
0.7426
0.74528
0.73942
0.7463
0.63321
0.61121
0.47048
0.48037
0.72819
0.73642
0.73633
0.74784
0.74602
0.73973
0.73336
0.68528
0.55665
0.47775
0.4329
0.39737
0.37084
0.3462
0.32073
0.35727
0.37648
0.376
0.3746
0.33923
0.31225
0.30375
0.34526
0.33281
0.31552
0.33434
0.33413
0.36709
0.39915
0.4424
0.43764
0.35994
0.28094
0.2767
0.24441
0.25485
0.25144
0.23138
0.27874
0.33297
0.24541
0.26265
0.26531
0.31439
0.39155
0.42838
0.48521
0.48812
0.46392
0.45392
0.47429
0.47412
0.49943
0.64808
0.75194
0.75424
0.74558
0.73021
0.72069
0.71027
0.65284
0.50363
0.43791
0.38213
0.37484
0.39398
0.55503
0.5013
0.48473
0.4997
0.43732
0.43724
0.47656
0.61171
0.62111
0.62344
0.60183
0.58213
0.5591
0.55908
0.58785
0.69701
0.79273
0.77694
0.80327
0.63979
0.49829
0.46828
0.44867
0.42075
0.35976
0.33445
0.3417
0.42703
0.58464
0.63544
0.72057
0.84409
0.84308
0.58381
0.52286
0.56451
0.60067
0.67175
0.69084
0.71663
0.75164
0.65923
0.5977
0.66584
0.6778
0.73642
0.66994
0.66078
0.86618
0.84035
0.83742
0.83035
0.82609
0.72928
0.69851
0.70814
0.537
0.43292
0.41488
0.35719
0.33341
0.31335
0.3119
0.64177
0.6513
0.41799
0.42887
0.78211
0.88305
0.68803
0.66296
0.66766
0.64974
0.67077
0.65361
0.66437
0.64431
0.59325
0.61553
0.63448
0.62955
0.62495
0.60498
0.64808
0.63163
0.58231
0.59145
0.85603
0.77422
0.85266
0.8123
0.71226
0.5645
0.70492
0.72393
0.56436
0.47344
0.52422
0.52517
0.48997
0.53854
0.51415
0.49504
0.4994
0.46101
0.51702
0.44187
0.38411
0.48511
0.55371
0.57246
0.53797
0.50392
0.50803
0.50064
0.50809
0.5096
0.53453
0.56477
0.52081
0.44324
0.42508
0.5341
0.69673
0.77733
0.76791
0.74988
0.64369
0.47507
0.44301
0.43576
0.40588
0.35458
0.31867
0.28462
0.28878
0.33082
0.40472
0.40997
0.4042
0.38151
0.33228
0.5985
0.58959
0.61556
0.60391
0.59174
0.68897
0.62923
0.54407
0.48593
0.51256
0.52753
0.48784
0.50668
0.532
0.5728
0.61987
0.64445
0.67141
0.64414
0.64844
0.65675
0.65041
0.642
0.65304
0.66468
0.63888
0.58421
0.6528
0.76963
0.75395
0.75595
0.71541
0.58172
0.4167
0.35739
0.42701
0.45486
0.45158
0.42033
0.40079
0.41227
0.37324
0.36789
0.46801
0.56538
0.79258
0.78712
0.78126
0.66596
0.59496
0.56597
0.5843
0.59042
0.52214
0.53768
0.42936
0.36507
0.26458
0.27129
0.29735
0.47993
0.54561
0.57123
0.62733
0.56286
0.52714
0.48991
0.45637
0.45749
0.40267
0.4492
0.45717
0.44596
0.38772
0.41992
0.47331
0.53604
0.57792
0.57337
0.7486
0.74451
0.74197
0.75176
0.74667
0.74528
0.75569
0.74935
0.74955
0.59827
0.39337
0.37755
0.36846
0.36783
0.44643
0.45049
0.45861
0.46402
0.43501
0.47906
0.55338
0.45933
0.47186
0.44657
0.4413
0.39937
0.33106
0.33217
0.39479
0.42733
0.45278
0.44693
0.42276
0.34667
0.27231
0.2454
0.23678
0.23608
0.21095
0.19281
0.20015
0.24587
0.28256
0.29195
0.34562
0.39236
0.43773
0.45242
0.47146
0.48184
0.48947
0.49629
0.50504
0.43108
0.42609
0.41515
0.4073
0.40842
0.42172
0.40672
0.38603
0.36265
0.33218
0.33036
0.33475
0.30226
0.26791
0.26663
0.26407
0.26645
0.2822
0.51235
0.78576
0.82572
0.8401
0.73552
0.90196
0.85806
0.72949
0.69671
0.68598
0.63373
0.56272
0.48823
0.42543
0.36267
0.32407
0.27926
0.25062
0.23424
0.24722
0.26783
0.25482
0.27613
0.28523
0.27813
0.28648
0.29715
0.31039
0.30972
0.30825
0.38181
0.61105
0.89364
0.88799
0.88835
0.86752
0.84608
0.7542
0.65491
0.59198
0.50958
0.45544
0.41754
0.33683
0.30995
0.32679
0.39719
0.47187
0.4157
0.36672
0.33791
0.44632
0.53963
0.82202
0.8124
0.80196
0.39888
0.43721
0.45081
0.40673
0.3839
0.42974
0.54365
0.5352
0.60344
0.84061
0.81518
0.65601
0.51391
0.46434
0.73795
0.54748
0.37158
0.39699
0.37959
0.34448
0.33549
0.33532
0.34488
0.31879
0.33419
0.76741
0.53965
0.39495
0.36844
0.37787
0.34833
0.5076
0.52425
0.76546
0.58149
0.43511
0.37465
0.36565
0.33413
0.28913
0.24698
0.25229
0.27749
0.37622
0.40042
0.3634
0.33225
0.37308
0.39857
0.42015
0.44748
0.70615
0.79885
0.68238
0.60722
0.55831
0.55181
0.53883
0.48375
0.36038
0.31875
0.31064
0.34085
0.35861
0.38772
0.36594
0.39252
0.56113
0.67445
0.8248
0.85725
0.85875
0.85867
0.85385
0.88796
0.89181
0.88053
0.85472
0.79619
0.79144
0.86546
0.84173
0.81577
0.74615
0.7174
0.69315
0.66193
0.70322
0.72432
0.76416
0.75829
0.74331
0.70971
0.69228
0.68864
0.68033
0.62296
0.52465
0.41059
0.34687
0.37736
0.41453
0.41916
0.40146
0.3815
0.36402
0.36337
0.36082
0.34671
0.58479
0.60948
0.59162
0.61638
0.69815
0.62936
0.56807
0.54049
0.48743
0.50413
0.50398
0.50276
0.4805
0.46699
0.48553
0.48574
0.52316
0.55844
0.78887
0.8407
0.76174
0.73171
0.83133
0.84964
0.87275
0.8926
0.76633
0.75677
0.73494
0.71318
0.5522
0.41605
0.38106
0.45562
0.52358
0.56427
0.59402
0.58596
0.49304
0.47476
0.51972
0.61779
0.64744
0.62783
0.58927
0.53036
0.4324
0.3776
0.34814
0.33347
0.31026
0.29903
0.31488
0.33336
0.38966
0.34736
0.30466
0.42419
0.46684
0.48945
0.87284
0.90146
0.89768
0.4192
0.38766
0.37172
0.40439
0.82962
0.70057
0.66843
0.58646
0.53763
0.57081
0.61266
0.61074
0.6357
0.62282
0.64898
0.66363
0.92921
0.88291
0.79676
0.73193
0.71588
0.74207
0.75419
0.73378
0.71832
0.77583
0.81223
0.83256
0.84062
0.84051
0.83053
0.83015
0.8412
0.83642
0.83056
0.72944
0.72807
0.68209
0.60836
0.4807
0.42887
0.50753
0.49371
0.61202
0.69202
0.68211
0.62778
0.57078
0.50248
0.45009
0.48075
0.6206
0.76684
0.64302
0.60309
0.49422
0.43743
0.48072
0.56727
0.67741
0.69289
0.70471
0.48663
0.36382
0.29335
0.2842
0.32306
0.31787
0.31927
0.32797
0.31384
0.29059
0.28566
0.32538
0.3348
0.40242
0.61738
0.65367
0.61122
0.51364
0.42989
0.95581
0.97194
0.97055
0.9719
0.96368
0.96002
0.96506
0.91609
0.67584
0.55258
0.54613
0.56045
0.60166
0.60324
0.7251
0.97617
0.97754
0.97442
0.96809
0.96667
0.96724
0.96653
0.93862
0.76903
0.66417
0.68367
0.73057
0.83151
0.93643
0.94273
0.8183
0.59519
0.5334
0.55826
0.6631
0.74365
0.72902
0.76064
0.79126
0.59954
0.56001
0.71426
0.84418
0.90755
0.93539
0.95682
0.76787
0.61076
0.62265
0.74421
0.81472
0.75111
0.6447
0.58125
0.5557
0.67588
0.74308
0.82546
0.81095
0.59629
0.62317
0.55118
0.50462
0.45473
0.45422
0.57433
0.59806
0.67768
0.74094
0.65339
0.62668
0.62326
0.88263
0.72923
0.67016
0.59306
0.49292
0.50385
0.46698
0.44189
0.44321
0.47042
0.53256
0.58556
0.51464
0.46094
0.4468
0.41103
0.40462
0.43182
0.46147
0.89954
0.87373
0.76591
0.63851
0.69571
0.63018
0.69001
0.7291
0.70139
0.71637
0.77507
0.80448
0.79151
0.85199
0.92454
0.95272
0.99147
0.89859
0.84113
0.75276
0.68356
0.64458
0.54048
0.56854
0.60119
0.61219
0.58582
0.54876
0.51411
0.50061
0.52734
0.59115
0.62211
0.6124
0.55496
0.50745
0.48855
0.52619
0.77641
0.97071
0.89941
0.92073
0.68916
0.53121
0.46533
0.43251
0.72512
0.62074
0.65974
0.63563
0.52085
0.43444
0.37012
0.39056
0.4305
0.4841
0.54588
0.6279
0.64747
0.52938
0.51141
0.52115
0.53605
0.59373
0.56188
0.5188
0.47216
0.42075
0.39506
0.45405
0.5257
0.64923
0.77463
0.71145
0.58063
0.56877
0.4995
0.46228
0.49489
0.63034
0.76558
0.79036
0.69471
0.59533
0.538
0.53024
0.55302
0.60254
0.57368
0.57203
0.52639
0.41328
0.39574
0.40616
0.41114
0.9514
0.98489
0.96651
0.97268
0.94941
0.64178
0.51364
0.48528
0.66077
0.67277
0.63748
0.57382
0.47089
0.52684
0.59524
0.75036
0.70336
0.60824
0.58426
0.47352
0.40302
0.51215
0.46826
0.89971
0.7195
0.78909
0.72735
0.68435
0.64662
0.64725
0.60262
0.63322
0.85802
0.72149
0.61974
0.48001
0.39224
0.28459
0.2755
0.36929
0.35306
0.32052
0.31222
0.37054
0.47002
0.50668
0.54225
0.60305
0.57797
0.77295
0.72959
0.61104
0.54493
0.53341
0.57352
0.46616
0.57423
0.55837
0.52134
0.43469
0.39512
0.35041
0.36831
0.43726
0.55739
0.5193
0.43621
0.37329
0.35939
0.32641
0.31835
0.31426
0.66479
0.75464
0.79508
0.63343
0.54857
0.58284
0.40551
0.53712
0.64269
0.8978
0.99709
0.94258
0.63376
0.49586
0.59027
0.53821
0.573
0.6008
0.61454
0.54748
0.50614
0.49887
0.47881
0.46842
0.50549
0.53174
0.54296
0.51687
0.44713
0.37324
0.34976
0.406
0.50949
0.55094
0.54777
0.47824
0.44082
0.40175
0.42776
0.43284
0.44807
0.39437
0.37017
0.34676
0.3659
0.3364
0.34867
0.36067
0.34756
0.34721
0.34627
0.34205
0.3342
0.3398
0.35188
0.3693
0.36633
0.37318
0.36948
0.35548
0.35205
0.35857
0.35466
0.38574
0.37681
0.42232
0.47373
0.40548
0.38045
0.35968
0.35702
0.37511
0.43078
0.46479
0.48025
0.44918
0.40813
0.43687
0.44645
0.44084
0.53218
0.54996
0.7042
0.63446
0.49297
0.38666
0.31507
0.27075
0.29529
0.42733
0.3878
0.36598
0.45124
0.4282
0.55793
0.62714
0.64726
0.48164
0.61982
0.63265
0.53944
0.47062
0.4075
0.42848
0.55533
0.63464
0.67017
0.63063
0.5535
0.49308
0.40958
0.35297
0.5116
0.57981
0.5965
0.52365
0.44027
0.38113
0.31422
0.36182
0.37283
0.47147
0.51991
0.43018
0.37543
0.41484
0.42227
0.64367
0.68244
0.56823
0.46971
0.82533
0.625
0.42139
0.43668
0.45863
0.49217
0.55927
0.54941
0.49128
0.4546
0.48939
0.54014
0.55161
0.4464
0.51974
0.56203
0.52776
0.47525
0.45406
0.43019
0.4257
0.49679
0.53437
0.53426
0.47524
0.42276
0.36719
0.32739
0.2688
0.4041
0.5011
0.51545
0.45417
0.44434
0.49205
0.55027
0.50211
0.42198
0.5174
0.54518
0.46533
0.35226
0.33625
0.32971
0.32825
0.41366
0.51939
0.55419
0.51257
0.42028
0.44373
0.4049
0.39978
0.47762
0.56773
0.59651
0.5326
0.40732
0.32431
0.29258
0.31652
0.45322
0.5471
0.58844
0.51882
0.44285
0.38155
0.35388
0.36442
0.3853
0.44727
0.61545
0.57991
0.57469
0.86139
0.84921
0.70025
0.51571
0.56799
0.7007
0.59044
0.46627
0.37638
0.33558
0.30228
0.46421
0.50006
0.49418
0.42729
0.35484
0.30736
0.29843
0.33755
0.46083
0.44065
0.39298
0.31893
0.29822
0.2861
0.29081
0.31478
0.31153
0.31748
0.30213
0.26567
0.27404
0.29506
0.31461
0.34563
0.35024
0.33985
0.32001
0.29607
0.28861
0.30648
0.3211
0.35157
0.40384
0.48354
0.4367
0.39635
0.35541
0.37011
0.41271
0.43876
0.4377
0.69433
0.67502
0.55012
0.39133
0.41052
0.39181
0.52314
0.74315
0.6983
0.63772
0.53318
0.4925
0.50171
0.55773
0.56419
0.56087
0.69951
0.73958
0.66461
0.54905
0.48214
0.6267
0.81795
0.9716
0.97392
0.97245
0.99742
0.90579
0.66143
0.53347
0.49858
0.55156
0.55205
0.47378
0.37346
0.30568
0.2755
0.30832
0.50921
0.77336
0.81671
0.74725
0.66081
0.79471
0.73365
0.72733
0.82682
0.73701
0.65044
0.6121
0.54329
0.50882
0.48935
0.48325
0.52253
0.52028
0.50253
0.46409
0.40623
0.37724
0.36506
0.36855
0.37342
0.39433
0.41518
0.41805
0.39925
0.4408
0.40641
0.43786
0.45533
0.52733
0.54801
0.91473
0.93316
0.96206
0.98649
0.90155
0.71621
0.62829
0.65892
0.63837
0.4529
0.48823
0.44316
0.42842
0.46036
0.74928
0.8686
0.9797
0.99748
0.88175
0.78041
0.59646
0.67486
0.99968
0.9986
0.94824
0.72924
0.54788
0.44108
0.72611
0.64735
0.95358
0.80444
0.83208
0.71031
0.61099
0.62507
0.83549
0.93089
0.84956
0.86942
0.79294
0.56613
0.52174
0.44388
0.41845
0.44365
0.49966
0.59646
0.84402
0.84682
0.71957
0.65438
0.64487
0.6314
0.79084
0.76236
0.70625
0.61778
0.47667
0.45682
0.73828
0.67357
0.75915
0.82782
0.9967
0.99454
0.80843
0.62509
0.95164
0.98892
0.99806
0.98714
1.0005
0.99901
0.93983
0.74627
0.59369
0.60049
0.55434
0.581
0.59873
0.54653
0.48841
0.46739
0.46888
0.4263
0.43115
0.45557
0.54806
0.60538
0.62555
0.62144
0.62507
0.64394
0.65858
0.65006
0.72029
0.79714
0.71502
0.68905
0.73496
0.7383
0.80721
0.83322
0.73524
0.85957
0.85826
0.73445
0.76123
0.72079
0.75916
0.68472
0.63625
0.59037
0.54306
0.57855
0.62098
0.64734
0.71772
0.81299
0.77495
0.7545
0.63518
0.67304
0.63761
0.62796
0.65307
0.62588
0.67843
0.6676
0.55174
0.49924
0.47576
0.46174
0.50728
0.51296
0.53587
0.5299
0.50005
0.37505
0.34879
0.50659
0.49972
0.47633
0.50291
0.37648
0.34214
0.31498
0.39131
0.5241
0.62708
0.71896
0.69781
0.56339
0.38327
0.42047
0.46261
0.45928
0.54518
0.56981
0.59658
0.52442
0.44246
0.37875
0.38174
0.59911
0.64405
0.66586
0.63516
0.55397
0.53974
0.52302
0.51409
0.509
0.57006
0.67431
0.60474
0.58472
0.56782
0.54042
0.61101
0.65202
0.6905
0.69875
0.66219
0.64854
0.53145
0.51984
0.58737
0.7141
0.71647
0.69856
0.55249
0.5005
0.45659
0.44341
0.46255
0.49873
0.64117
0.87301
0.92354
0.92842
0.85976
0.80374
0.69932
0.65487
0.75971
0.94254
0.9746
0.75393
0.59209
0.4807
0.44246
0.43302
0.46744
0.62566
0.71996
0.59536
0.54608
0.47519
0.47482
0.45327
0.62173
0.69889
0.71091
0.6601
0.55315
0.49224
0.47922
0.51816
0.60875
0.65786
0.67819
0.61066
0.53987
0.47354
0.47013
0.48634
0.53778
0.57507
0.51665
0.4489
0.38646
0.3503
0.34701
0.40576
0.45242
0.42886
0.40219
0.37987
0.34608
0.32506
0.33624
0.71132
0.84061
0.93054
0.93506
0.90637
0.80904
0.81643
0.74304
0.77857
0.86829
0.85352
0.65543
0.61677
0.54094
0.53445
0.56476
0.67349
0.69941
0.73849
0.79279
0.64078
0.53136
0.4784
0.49115
0.55774
0.60811
0.63212
0.57047
0.53833
0.45013
0.44246
0.49729
0.47837
0.79291
0.98675
1.0004
0.99924
0.99714
0.94322
0.79211
0.81499
0.93956
0.99931
1.0005
0.80491
0.79402
0.64091
0.50775
0.49267
0.50892
0.47311
0.45851
0.42826
0.4233
0.41242
0.41942
0.43063
0.61067
0.67287
0.70375
0.65183
0.55557
0.51418
0.72305
0.74877
0.58189
0.70755
0.77375
0.66925
0.59575
0.56977
0.5028
0.52773
0.67892
0.72362
0.74863
0.70664
0.58028
0.44995
0.65616
0.74501
0.6016
0.66372
0.60921
0.47972
0.38141
0.35439
0.38856
0.41842
0.36953
0.40637
0.56218
0.4916
0.41646
0.32904
0.30055
0.32837
0.33763
0.41236
0.46772
0.43029
0.44483
0.44516
0.44805
0.52947
0.7116
0.76682
0.79653
0.77749
0.68486
0.60505
0.63997
0.79139
0.82176
0.85012
0.8294
0.84522
0.7905
0.7394
0.7677
0.89496
0.91912
0.93568
0.97045
0.98014
0.94211
0.90387
0.88913
0.90009
0.93261
0.98278
0.99604
0.97084
0.81899
0.70703
0.63476
0.67266
0.86374
0.92489
0.99838
0.85424
0.89024
0.85209
1.0001
1.0003
1.0007
0.99918
0.99837
0.96435
0.78659
0.61905
0.77811
0.88497
0.99951
0.99769
0.89327
0.72152
0.65357
0.58392
0.54816
0.57363
0.63765
0.79477
0.78895
0.65416
0.62792
0.50112
0.46302
0.47595
0.49196
0.46844
0.44671
0.45258
0.40873
0.4341
0.41557
0.38027
0.47083
0.56358
0.5774
0.62514
0.46316
0.74394
0.87875
0.81885
0.86209
0.89979
0.99353
0.99216
0.867
0.74994
0.87168
0.9962
0.88148
0.89218
0.883
0.8399
0.80839
0.63105
0.55414
0.61713
0.65193
0.61198
0.60855
0.57579
0.4844
0.52937
0.56099
0.6535
0.7112
0.77144
0.8763
0.99685
0.86773
0.77189
0.7814
0.92171
0.91492
0.99993
0.99992
0.9412
0.99424
0.99875
0.99902
0.99993
0.99855
0.99816
0.99967
0.99993
0.90492
0.86862
0.97941
0.89646
0.87454
0.78583
0.99536
0.99987
0.99784
1.0005
0.92224
0.93323
0.97007
0.99981
0.98193
0.97348
0.8286
0.73963
0.672
0.66535
0.91128
1.0001
0.92498
0.73819
0.72169
0.6318
0.57075
0.99243
0.9155
0.87418
0.84283
0.85635
0.75773
0.74535
0.737
0.89659
0.81345
0.62602
0.46551
0.52027
0.51723
0.4199
0.3398
0.34913
0.42263
0.40734
0.4227
0.4551
0.54804
0.55789
0.57185
0.42588
0.36896
0.37339
0.39268
0.40652
0.38529
0.41373
0.44049
0.4172
0.41629
0.38887
0.37595
0.35032
0.35112
0.34129
0.3429
0.3475
0.36018
0.36783
0.39424
0.40929
0.41351
0.39505
0.37169
0.34132
0.36775
0.36597
0.43422
0.44287
0.44968
0.55741
0.54675
0.592
0.79086
0.63806
0.6314
0.67067
0.63576
0.71134
0.7196
0.77293
0.82221
0.84637
0.89196
0.92036
0.98681
0.92866
0.96811
0.98426
0.9975
0.93789
0.90484
0.96117
0.93507
0.94834
0.88501
0.89652
0.90493
0.89448
0.90169
0.91683
0.9773
0.98544
0.97807
0.9858
0.99917
0.91429
0.90744
0.85594
0.83046
0.69727
0.64888
0.79492
0.93035
0.96088
0.76803
0.80622
0.69129
0.64143
0.71064
0.75875
0.75641
0.70884
0.6822
0.72048
0.67722
0.63348
0.62806
0.66754
0.71403
0.86434
0.8997
0.85268
0.80741
0.61975
0.46229
0.42093
0.38952
0.39358
0.39344
0.40157
0.40841
0.4243
0.41833
0.48448
0.56315
0.60324
0.63339
0.64708
0.62924
0.60304
0.58515
0.66997
0.63692
0.65157
0.70652
0.69136
0.55368
0.51836
0.4072
0.40313
0.46685
0.41858
0.45528
0.47741
0.53995
0.53165
0.53689
0.59447
0.69468
0.68172
0.7568
0.71494
0.59542
0.50314
0.55458
0.37593
0.34725
0.31823
0.2852
0.25303
0.30855
0.4127
0.48492
0.67724
0.58886
0.68456
0.66709
0.61637
0.73467
0.83583
0.88773
0.80385
0.91126
0.99268
0.99879
0.98964
0.99235
0.94886
0.89985
0.82869
0.78004
0.75149
0.75358
0.77586
0.76082
0.67399
0.72106
0.73377
0.72113
0.67169
0.69691
0.63786
0.60631
0.49925
0.44387
0.47198
0.53056
0.57892
0.81572
0.67152
0.66665
0.67705
0.71877
0.70748
0.7036
0.68093
0.66934
0.64423
0.63599
0.63135
0.60413
0.58835
0.54319
0.50563
0.45861
0.45733
0.50125
0.48246
0.38298
0.34179
0.3319
0.33049
0.38043
0.4135
0.45747
0.55599
0.54699
0.51695
0.63998
0.76024
0.78241
0.78019
0.73073
0.67489
0.65711
0.64196
0.73865
0.83528
0.9984
0.9994
0.86821
0.6192
0.62843
0.64388
0.73341
0.98439
0.93092
0.84075
0.71561
0.57476
0.51372
0.47471
0.47796
0.52861
0.57249
0.48554
0.47708
0.46073
0.46589
0.41743
0.41998
0.3889
0.35986
0.33088
0.36597
0.37142
0.3979
0.36496
0.3654
0.37461
0.41533
0.43531
0.44006
0.57465
0.62441
0.78603
0.74443
0.95823
0.72262
0.53703
0.46416
0.44143
0.4564
0.40932
0.4305
0.42965
0.42889
0.49415
0.54606
0.57441
0.68609
0.82354
0.9355
0.94506
0.94662
0.94528
0.94739
0.9484
0.91632
0.73483
0.66804
0.73047
0.70375
0.64424
0.6207
0.6172
0.64641
0.66678
0.66866
0.71172
0.60183
0.50615
0.47369
0.45878
0.42832
0.42712
0.42565
0.39455
0.36301
0.35052
0.47437
0.62018
0.66773
0.66821
0.68344
0.94029
0.73464
0.65611
0.61623
0.5947
0.5993
0.55812
0.60924
0.74275
0.87098
0.89754
0.89229
0.8583
0.78488
0.78106
0.8527
0.68389
0.55829
0.50581
0.4534
0.4248
0.38244
0.35139
0.32453
0.31563
0.336
0.3546
0.4299
0.45223
0.43514
0.55417
0.69364
0.89338
0.89937
0.89251
0.88514
0.89566
0.89783
0.87272
0.65392
0.49988
0.44971
0.40531
0.39357
0.38383
0.33462
0.28253
0.27405
0.28169
0.31863
0.56987
0.65479
0.55707
0.82495
0.92576
0.66097
0.65338
0.66102
0.73206
0.81738
0.94166
0.93073
0.91598
0.76755
0.74628
0.75704
0.67261
0.57344
0.49776
0.45282
0.47464
0.46257
0.41874
0.39102
0.36827
0.39571
0.42278
0.5894
0.63895
0.66441
0.65748
0.66657
0.93552
0.94787
0.86417
0.83
0.82945
0.83196
0.82744
0.8285
0.68988
0.44738
0.46312
0.41304
0.40907
0.40505
0.38467
0.37491
0.37536
0.35215
0.3239
0.31015
0.29766
0.28637
0.31269
0.46185
0.76722
0.65137
0.61494
0.63535
0.64955
0.66953
0.67666
0.66734
0.66801
0.64825
0.56343
0.46694
0.39195
0.36492
0.46014
0.70919
0.74798
0.70858
0.7234
0.67852
0.6659
0.64247
0.703
0.64225
0.98532
0.95758
0.95117
0.94722
0.93047
0.90107
0.81406
0.82218
0.58456
0.46396
0.43501
0.37286
0.52523
0.64736
0.76835
0.89862
0.90185
0.90409
0.89858
0.881
0.91073
0.87761
0.86836
0.6922
0.58361
0.52529
0.51522
0.53578
0.52537
0.52432
0.4816
0.43938
0.419
0.40788
0.38855
0.35052
0.31554
0.31244
0.3135
0.29345
0.31783
0.38445
0.39484
0.38451
0.38459
0.35948
0.40009
0.41244
0.34317
0.31736
0.32657
0.3318
0.33943
0.37401
0.39447
0.38383
0.39029
0.39464
0.37012
0.35396
0.34806
0.34336
0.33811
0.34684
0.35952
0.37699
0.38896
0.41676
0.44795
0.47529
0.50735
0.8529
0.82346
0.70378
0.6159
0.59095
0.79757
0.84263
0.84074
0.81669
0.79647
0.73659
0.68751
0.65721
0.6516
0.60108
0.62178
0.6741
0.71329
0.69462
0.6386
0.70973
0.75199
0.75842
0.74315
0.74539
0.8192
0.72617
0.6355
0.50399
0.43327
0.40896
0.41353
0.47231
0.4542
0.50594
0.60759
0.87715
0.96142
0.95205
0.93348
0.92117
0.92218
0.79849
0.88401
0.61909
0.50822
0.44815
0.40422
0.31568
0.35166
0.57057
0.91017
0.65025
0.80347
0.6813
0.59651
0.52098
0.55476
0.62812
0.7026
0.69632
0.71837
0.69311
0.93768
0.95277
0.85623
0.86322
0.83067
0.86867
0.89327
0.87588
0.89408
0.88571
0.88503
0.85344
0.81403
0.81671
0.81677
0.81784
0.85557
0.87299
0.88755
0.89995
0.91605
0.92013
0.92375
0.92292
0.91411
0.90103
0.90642
0.90037
0.87713
0.75298
0.46131
0.41314
0.38202
0.38755
0.36525
0.35936
0.31869
0.32177
0.28493
0.25486
0.28672
0.42352
0.51831
0.58935
0.58605
0.75996
0.69084
0.78209
0.7997
0.82053
0.76774
0.71588
0.69913
0.6858
0.67761
0.73486
0.79891
0.81819
0.80121
0.74064
0.74144
0.79009
0.80569
0.78915
0.85973
0.84537
0.82635
0.77588
0.76207
0.66474
0.49695
0.43005
0.45263
0.38888
0.36441
0.36242
0.36312
0.35383
0.35788
0.36906
0.32639
0.33198
0.35333
0.40278
0.45456
0.46782
0.47257
0.47735
0.50249
0.51387
0.51337
0.50327
0.48517
0.47527
0.47005
0.46719
0.47201
0.46419
0.4494
0.43142
0.44696
0.4527
0.48656
0.51204
0.59286
0.64666
0.65436
0.54779
0.44067
0.44671
0.50583
0.68679
0.7569
0.79656
0.82901
0.81462
0.52684
0.34368
0.33278
0.54854
0.70826
0.75577
0.77783
0.79649
0.75604
0.76692
0.83768
0.78221
0.73734
0.74369
0.7338
0.82788
0.82571
0.82426
0.83046
0.83307
0.8357
0.81513
0.71655
0.62998
0.5958
0.54203
0.51296
0.47298
0.44006
0.40352
0.37789
0.37789
0.39583
0.37095
0.3513
0.35171
0.34136
0.31787
0.31389
0.37674
0.42213
0.47364
0.51908
0.49924
0.4694
0.42159
0.4761
0.48636
0.5274
0.53492
0.45313
0.41855
0.40775
0.41227
0.42547
0.43245
0.43914
0.43816
0.44638
0.469
0.63141
0.79126
0.77759
0.71271
0.67238
0.5613
0.55072
0.55975
0.4982
0.49374
0.4983
0.44991
0.39512
0.46833
0.65546
0.59737
0.50795
0.35548
0.34123
0.32733
0.31897
0.3337
0.34226
0.33778
0.3348
0.33535
0.34494
0.348
0.35367
0.39371
0.54207
0.60573
0.57457
0.9157
0.91083
0.91557
0.88449
0.82195
0.64108
0.44978
0.37903
0.38723
0.33328
0.46419
0.58928
0.67903
0.65629
0.71221
0.68089
0.72936
0.74008
0.6978
0.66346
0.74836
0.80034
0.8056
0.80526
0.79781
0.79225
0.79098
0.76292
0.53067
0.5256
0.52584
0.49795
0.43147
0.37373
0.3618
0.38189
0.46048
0.39296
0.39156
0.39589
0.58968
0.48929
0.41068
0.44835
0.49437
0.53216
0.46176
0.42253
0.39035
0.37859
0.36681
0.36724
0.38369
0.38469
0.39883
0.40763
0.45207
0.47889
0.43326
0.4257
0.45169
0.47875
0.50769
0.48652
0.45942
0.41441
0.3912
0.38246
0.37144
0.3249
0.31056
0.30338
0.3265
0.30645
0.33917
0.30789
0.31818
0.33591
0.34559
0.33305
0.33424
0.32733
0.33075
0.33614
0.34695
0.35907
0.37048
0.36543
0.36415
0.35881
0.35434
0.35419
0.34326
0.31721
0.32082
0.32341
0.3313
0.33101
0.33782
0.36601
0.37977
0.38694
0.38662
0.37857
0.39602
0.37938
0.36665
0.38077
0.4164
0.40811
0.3862
0.37399
0.37642
0.36173
0.3521
0.34361
0.40627
0.42372
0.32626
0.3088
0.2927
0.31275
0.32319
0.33743
0.38108
0.42815
0.55826
0.5302
0.88564
0.74479
0.69831
0.57603
0.5132
0.46176
0.40833
0.41285
0.44028
0.49792
0.67999
0.68238
0.71461
0.68132
0.60974
0.60513
0.5732
0.5878
0.54952
0.47518
0.44522
0.37412
0.32483
0.32977
0.33744
0.40828
0.64657
0.86963
0.87451
0.49254
0.49547
0.44817
0.46236
0.50072
0.50981
0.61723
0.65827
0.66348
