0.86554
0.83724
0.75649
0.7173
0.69033
0.68737
0.65637
0.6552
0.70879
0.76569
0.78278
0.77204
0.77208
0.74568
0.77483
0.76975
0.77327
0.74027
0.67891
0.618
0.58781
0.56663
0.56569
0.53866
0.45806
0.43011
0.41521
0.38111
0.35844
0.32743
0.37401
0.43457
0.43192
0.42242
0.47645
0.55453
0.62211
0.54148
0.45992
0.45224
0.38957
0.3293
0.31471
0.34351
0.32354
0.30993
0.3168
0.28067
0.29104
0.3492
0.36668
0.51282
0.71274
0.83287
0.84145
0.8466
0.84904
0.70755
0.60581
0.47559
0.40221
0.36111
0.36034
0.41129
0.44573
0.44482
0.42569
0.40903
0.39396
0.36795
0.34151
0.30854
0.31881
0.26507
0.3548
0.64577
0.55451
0.55611
0.61973
0.54589
0.47426
0.46598
0.48177
0.38855
0.35819
0.38137
0.66759
0.55569
0.60961
0.63
0.66709
0.83959
0.84954
0.8444
0.8357
0.82574
0.81906
0.81436
0.80931
0.78093
0.76545
0.76539
0.76341
0.76603
0.76899
0.76208
0.75202
0.73712
0.70308
0.69079
0.66019
0.48372
0.41568
0.3836
0.32652
0.31327
0.30183
0.29094
0.27427
0.26548
0.26795
0.27637
0.28228
0.28692
0.30282
0.30559
0.27272
0.26814
0.2766
0.34056
0.41354
0.50059
0.47795
0.44242
0.4324
0.41188
0.38513
0.34845
0.50523
0.47126
0.43829
0.40093
0.38866
0.37776
0.38475
0.39734
0.38641
0.35843
0.29807
0.34312
0.31618
0.27856
0.2693
0.27821
0.35984
0.38896
0.39999
0.32083
0.35729
0.31762
0.31727
0.33479
0.34535
0.32239
0.30152
0.29377
0.29775
0.29481
0.29408
0.31146
0.31669
0.33077
0.33914
0.33577
0.33954
0.34397
0.34408
0.34772
0.3515
0.35731
0.35584
0.37103
0.37495
0.3665
0.36512
0.37032
0.38173
0.39194
0.40011
0.40626
0.41369
0.42088
0.42512
0.44141
0.44229
0.41405
0.37262
0.35251
0.34975
0.34492
0.33518
0.34018
0.38249
0.43902
0.47343
0.49245
0.51831
0.54854
0.58455
0.43855
0.41163
0.41462
0.44457
0.42634
0.4712
0.49088
0.47274
0.45711
0.5115
0.62338
0.64461
0.64554
0.63731
0.62791
0.61336
0.61891
0.60696
0.59204
0.60333
0.58053
0.55357
0.50461
0.41917
0.36756
0.33608
0.32725
0.34114
0.38332
0.47636
0.83439
0.83964
0.83297
0.77126
0.67582
0.7111
0.68536
0.61394
0.56279
0.55528
0.54352
0.53485
0.54192
0.54383
0.54453
0.48582
0.47443
0.52619
0.57716
0.62293
0.67811
0.68021
0.70529
0.69103
0.72988
0.71977
0.70289
0.75389
0.76686
0.77293
0.77691
0.77802
0.77976
0.78623
0.79381
0.79248
0.79327
0.77823
0.77658
0.76938
0.64688
0.53549
0.51161
0.49135
0.52231
0.67766
0.59423
0.49897
0.39584
0.41451
0.65803
0.71659
0.69392
0.63468
0.62847
0.74857
0.64728
0.67123
0.50889
0.41696
0.37631
0.36606
0.33017
0.31913
0.43925
0.51633
0.60024
0.69666
0.7269
0.49118
0.42906
0.36998
0.35602
0.33946
0.34383
0.35629
0.35584
0.35424
0.37962
0.37946
0.38845
0.36219
0.35105
0.33619
0.28423
0.26424
0.25121
0.29165
0.30105
0.34384
0.34656
0.36208
0.36407
0.33311
0.33264
0.31388
0.31417
0.31306
0.31804
0.32751
0.34446
0.33638
0.37456
0.39965
0.4244
0.46276
0.51534
0.55257
0.53756
0.52164
0.52808
0.53114
0.52668
0.49133
0.39667
0.35844
0.37161
0.36566
0.37361
0.39138
0.42967
0.47952
0.45159
0.47678
0.52395
0.55279
0.53739
0.61761
0.6347
0.59389
0.59668
0.61921
0.79321
0.82985
0.79113
0.75102
0.66639
0.53609
0.53
0.47163
0.41795
0.38262
0.36097
0.35375
0.35065
0.34705
0.3425
0.31133
0.3171
0.36689
0.50844
0.65654
0.66965
0.67112
0.78387
0.6473
0.46836
0.43094
0.42658
0.43098
0.40468
0.4508
0.40777
0.41849
0.40978
0.47392
0.42595
0.42792
0.40339
0.39566
0.45369
0.37416
0.36722
0.36641
0.39058
0.47826
0.63149
0.78549
0.7527
0.82941
0.82278
0.81944
0.7381
0.56921
0.48311
0.41704
0.37739
0.31554
0.2696
0.25253
0.27428
0.25727
0.25324
0.2508
0.26943
0.31364
0.34782
0.35235
0.39263
0.38115
0.51654
0.54364
0.53895
0.53461
0.509
0.46323
0.40455
0.32161
0.27556
0.56749
0.78484
0.78603
0.79004
0.77851
0.78318
0.78338
0.78209
0.77966
0.77454
0.7519
0.73392
0.69011
0.61064
0.47964
0.52238
0.56245
0.54403
0.5675
0.51208
0.45891
0.4652
0.50308
0.51413
0.51364
0.50294
0.50138
0.50046
0.52771
0.74409
0.62538
0.5621
0.552
0.50277
0.52605
0.51498
0.49403
0.44662
0.41434
0.37836
0.33096
0.28921
0.2673
0.2623
0.28669
0.41515
0.4187
0.41345
0.44433
0.44156
0.38832
0.32682
0.4008
0.49297
0.45566
0.45564
0.44598
0.34884
0.36565
0.48904
0.4866
0.46942
0.43413
0.39279
0.34382
0.2985
0.28975
0.29945
0.34749
0.32335
0.28754
0.29886
0.42002
0.53579
0.4736
0.47751
0.69723
0.80079
0.79751
0.77639
0.72416
0.62472
0.5102
0.46033
0.44539
0.45817
0.44236
0.40565
0.37196
0.37665
0.39168
0.42558
0.45008
0.46061
0.45293
0.44939
0.45419
0.45879
0.44051
0.52429
0.62268
0.63875
0.65892
0.68259
0.67245
0.65656
0.6294
0.6425
0.66782
0.66319
0.65713
0.6426
0.57485
0.49212
0.4394
0.38604
0.37713
0.37075
0.33317
0.31977
0.73247
0.67734
0.61855
0.53903
0.47782
0.41583
0.31059
0.275
0.25085
0.24844
0.27394
0.6097
0.77071
0.87499
0.84318
0.80515
0.78682
0.78488
0.7737
0.76541
0.69796
0.61507
0.57568
0.66049
0.44306
0.49349
0.36861
0.30969
0.30043
0.31394
0.28385
0.22861
0.22971
0.24015
0.22596
0.24407
0.33042
0.7832
0.7186
0.68901
0.64552
0.67756
0.64012
0.63771
0.69415
0.63491
0.60763
0.58766
0.78796
0.82439
0.67874
0.6213
0.4918
0.47266
0.44463
0.62239
0.78643
0.58485
0.58267
0.50024
0.44328
0.42972
0.37824
0.34784
0.33571
0.31929
0.33665
0.42783
0.76112
0.77242
0.72295
0.67171
0.65397
0.5819
0.62388
0.58327
0.55347
0.55454
0.59675
0.60505
0.65257
0.59447
0.56656
0.56374
0.57111
0.57539
0.54481
0.52611
0.51492
0.49127
0.46933
0.44911
0.43889
0.43513
0.42059
0.40237
0.39679
0.38188
0.39388
0.40092
0.39124
0.38015
0.36175
0.33838
0.31377
0.33124
0.38386
0.45752
0.48889
0.50103
0.45498
0.43044
0.44492
0.42429
0.40626
0.41483
0.48022
0.63481
0.76782
0.83547
0.72071
0.74519
0.77311
0.75817
0.832
0.83371
0.7967
0.7089
0.54135
0.53641
0.548
0.58598
0.5493
0.548
0.54128
0.63615
0.69667
0.69673
0.71329
0.6904
0.64652
0.51973
0.60548
0.76031
0.74638
0.59165
0.57852
0.54092
0.53437
0.52991
0.53674
0.5825
0.61876
0.60461
0.58793
0.56653
0.56759
0.58463
0.57963
0.51928
0.51352
0.53784
0.50594
0.45049
0.42536
0.41361
0.41738
0.53283
0.68816
0.73933
0.707
0.6746
0.61899
0.67336
0.57319
0.49866
0.45674
0.45723
0.42209
0.38916
0.39556
0.37438
0.38836
0.28567
0.30934
0.43949
0.39666
0.28648
0.28781
0.32192
0.35743
0.33411
0.3233
0.29339
0.29335
0.33191
0.38495
0.41937
0.4065
0.37288
0.36622
0.37232
0.37385
0.39678
0.46159
0.39782
0.48477
0.53985
0.39711
0.38995
0.41044
0.43596
0.37762
0.4083
0.46526
0.96612
0.944
0.87177
0.42768
0.35899
0.366
0.44895
0.56684
0.86206
0.90232
0.91575
0.68793
0.6617
0.63203
0.57299
0.55592
0.56026
0.56082
0.52356
0.47691
0.44739
0.44307
0.42959
0.38455
0.43215
0.55022
0.5356
0.70509
0.85664
0.66299
0.59826
0.60209
0.6533
0.6407
0.61238
0.6022
0.5624
0.5487
0.57556
0.62809
0.61137
0.63782
0.73731
0.7263
0.6598
0.56095
0.47614
0.47485
0.54184
0.8167
0.82635
0.83616
0.76104
0.73833
0.65539
0.56676
0.46877
0.39848
0.37472
0.43432
0.28881
0.2588
0.28562
0.33856
0.23873
0.19167
0.17705
0.16287
0.15967
0.21669
0.25956
0.29984
0.42973
0.54276
0.55312
0.56206
0.57236
0.59402
0.60758
0.58668
0.5791
0.55742
0.54247
0.53007
0.54028
0.57953
0.64309
0.80719
0.8675
0.78537
0.78335
0.78126
0.75421
0.81432
0.87345
0.81763
0.76519
0.67872
0.61873
0.57982
0.60076
0.55271
0.56678
0.58193
0.58483
0.61118
0.71432
0.78899
0.86835
0.99118
0.99861
1.0003
0.99923
1.0005
0.99813
0.61428
0.5391
0.52772
0.51097
0.47362
0.43295
0.42258
0.4156
0.4103
0.43379
0.53199
0.60743
0.60137
0.59716
0.63829
0.68934
0.65485
0.61646
0.60037
0.58505
0.56934
0.64764
0.63582
0.62484
0.60151
0.5474
0.52505
0.47713
0.45148
0.46597
0.5161
0.50145
0.44399
0.4469
0.43851
0.44898
0.44893
0.46433
0.38642
0.3629
0.32876
0.33387
0.36712
0.34221
0.38436
0.43628
0.41266
0.4055
0.47014
0.55696
0.6235
0.59438
0.61518
0.61406
0.72304
0.75341
0.86458
0.89076
0.85087
0.73406
0.61082
0.58055
0.64852
0.74032
0.8441
0.59488
0.5361
0.51816
0.54628
0.57001
0.53823
0.47649
0.56917
0.49934
0.4677
0.46504
0.4794
0.46646
0.45428
0.44778
0.442
0.51498
0.47439
0.50367
0.59462
0.75722
0.99208
0.9573
0.91369
0.78081
0.60777
0.55879
0.52784
0.57632
0.55015
0.50557
0.47291
0.46666
0.44755
0.49029
0.54312
0.48472
0.48114
0.47661
0.44169
0.42826
0.42734
0.45097
0.4729
0.52244
0.64328
0.65336
0.53167
0.52947
0.52713
0.49042
0.45595
0.45449
0.46708
0.4602
0.48562
0.50452
0.52055
0.50345
0.53462
0.5465
0.62519
0.66829
0.59667
0.54053
0.52606
0.48453
0.43392
0.40775
0.37258
0.51533
0.56347
0.4416
0.38279
0.37758
0.47157
0.61278
0.74599
0.82128
0.82542
0.85886
0.95185
0.8666
0.8194
0.73165
0.73474
0.67753
0.79542
0.70244
0.62822
0.57842
0.53704
0.49256
0.52554
0.66971
0.59543
0.61186
0.59979
0.63602
0.64265
0.67288
0.74829
0.75963
0.68392
0.63456
0.59028
0.55115
0.45175
0.42391
0.47209
0.52176
0.46814
0.38257
0.36896
0.34594
0.32541
0.34676
0.44464
0.52595
0.61799
0.54372
0.44638
0.38633
0.31891
0.29391
0.2895
0.28982
0.28898
0.23317
0.23785
0.25058
0.27375
0.30932
0.43216
0.40031
0.3189
0.35743
0.43552
0.3917
0.40378
0.43195
0.5539
0.58799
0.53945
0.56845
0.5515
0.52818
0.47255
0.46554
0.51074
0.57186
0.5598
0.56908
0.53713
0.48068
0.44305
0.44245
0.45102
0.56804
0.56897
0.57403
0.5765
0.54219
0.50668
0.46003
0.49319
0.51449
0.54973
0.52795
0.48577
0.42263
0.37764
0.42882
0.53888
0.66506
0.70851
0.60541
0.48535
0.40355
0.40215
0.40573
0.46031
0.5518
0.55398
0.47562
0.4195
0.31339
0.23917
0.22824
0.26995
0.36571
0.31878
0.31817
0.26487
0.26662
0.24833
0.2234
0.23211
0.257
0.28123
0.3037
0.31587
0.27284
0.25019
0.26695
0.2695
0.40912
0.4195
0.39694
0.43619
0.3924
0.37067
0.35422
0.39419
0.48
0.48052
0.48542
0.41202
0.39326
0.3879
0.38061
0.3441
0.29216
0.27202
0.25382
0.22542
0.2492
0.36371
0.4106
0.42143
0.42767
0.41484
0.41195
0.40749
0.42186
0.41566
0.40957
0.40653
0.3749
0.37445
0.37651
0.39349
0.39076
0.40029
0.37182
0.37447
0.36818
0.3643
0.37733
0.39273
0.40085
0.39429
0.51139
0.60311
0.42326
0.3906
0.37595
0.44383
0.48115
0.62547
0.66033
0.80418
0.81191
0.90621
0.64745
0.6255
0.63812
0.61209
0.70913
0.99794
0.99723
0.99894
0.98618
0.9722
0.67149
0.5167
0.54102
0.74968
0.70182
0.61182
0.45978
0.37688
0.40574
0.42976
0.39833
0.41497
0.35444
0.34002
0.36345
0.38327
0.40057
0.42257
0.43251
0.46648
0.4251
0.39046
0.39776
0.41355
0.38366
0.37426
0.5522
0.57214
0.60435
0.53728
0.43512
0.3716
0.69764
0.72165
0.77362
0.74515
0.71584
0.70637
0.64599
0.58634
0.6202
0.6227
0.58284
0.44838
0.5059
0.76946
0.63545
0.38985
0.39886
0.48183
0.56368
0.641
0.64172
0.63969
0.66497
0.61679
0.58692
0.63178
0.70098
0.70688
0.67787
0.77505
0.80121
0.64018
0.62033
0.6949
0.66506
0.68268
0.68229
0.59474
0.45748
0.41446
0.40263
0.40295
0.36231
0.44994
0.48546
0.46818
0.53865
0.60312
0.6265
0.66412
0.70853
0.70647
0.72605
0.68187
0.62618
0.56272
0.55196
0.57062
0.57707
0.67388
0.89856
0.99408
1.0008
0.9745
0.9095
0.72087
0.66384
0.68933
0.71087
0.7515
0.75228
0.68806
0.58695
0.54978
0.56177
0.60291
0.64553
0.614
0.54955
0.39652
0.37674
0.38212
0.41152
0.3913
0.41048
0.42309
0.4059
0.39417
0.43244
0.42416
0.41395
0.39199
0.44456
0.36634
0.3626
0.36241
0.3985
0.40887
0.393
0.35341
0.34905
0.36704
0.36946
0.37519
0.44615
0.45594
0.43727
0.44958
0.40624
0.34683
0.31394
0.37981
0.43426
0.36914
0.70301
0.84876
0.77243
0.71293
0.67213
0.57797
0.54373
0.53798
0.64431
0.8254
0.83521
0.80172
0.73562
0.83345
0.68957
0.75865
0.73515
0.7295
0.78784
0.79615
0.82186
0.72517
0.69984
0.65851
0.64011
0.69779
0.8206
0.78261
0.76176
0.73868
0.68297
0.61124
0.54104
0.57338
0.64386
0.74873
0.67991
0.5254
0.46157
0.41482
0.36928
0.37043
0.42809
0.51787
0.52216
0.5117
0.45641
0.40102
0.40604
0.44401
0.52257
0.6372
0.61132
0.53045
0.48345
0.44202
0.36878
0.41586
0.47686
0.53421
0.60925
0.56975
0.51025
0.41418
0.37673
0.39885
0.43413
0.48142
0.46109
0.43165
0.42966
0.47221
0.51991
0.46665
0.54836
0.61196
0.60129
0.55111
0.50704
0.52681
0.53895
0.52457
0.54687
0.49969
0.49447
0.44282
0.39587
0.38175
0.52644
0.5659
0.61387
0.65713
0.63023
0.56591
0.51779
0.49309
0.54439
0.64607
0.69212
0.68913
0.64258
0.51968
0.43164
0.39024
0.37274
0.35815
0.32623
0.30301
0.29512
0.28626
0.27997
0.30091
0.31521
0.41033
0.43609
0.52445
0.55708
0.68241
0.78698
0.81048
0.74879
0.72101
0.81361
0.79066
0.7469
0.6958
0.61234
0.59119
0.56177
0.56367
0.57449
0.58364
0.56524
0.54135
0.49691
0.40712
0.2896
0.29837
0.38943
0.50172
0.34763
0.44629
0.44284
0.66928
0.76475
0.78058
0.79218
0.76117
0.71916
0.67813
0.68053
0.63143
0.62874
0.7186
0.80837
0.82669
0.81705
0.80842
0.7812
0.71947
0.66706
0.65102
0.72824
0.65554
0.66304
0.55322
0.43995
0.37085
0.34934
0.45702
0.5199
0.42341
0.42068
0.38707
0.35267
0.34247
0.32993
0.36119
0.49772
0.48688
0.40231
0.42037
0.38773
0.3672
0.3607
0.45551
0.53127
0.4971
0.54362
0.51122
0.47154
0.45345
0.46395
0.47348
0.5063
0.49294
0.45383
0.41597
0.40376
0.42705
0.43542
0.48553
0.6606
0.67757
0.67925
0.60859
0.54108
0.5551
0.54261
0.56461
0.63356
0.65841
0.63097
0.57867
0.58201
0.58329
0.5239
0.53353
0.56574
0.53908
0.47273
0.46522
0.42013
0.39254
0.37702
0.4141
0.5489
0.63933
0.52452
0.49637
0.46738
0.45972
0.51645
0.54661
0.65555
0.70463
0.72305
0.68221
0.62039
0.57507
0.59338
0.60186
0.63582
0.63622
0.6439
0.60242
0.60272
0.5814
0.49332
0.47646
0.50807
0.58543
0.67365
0.62479
0.55826
0.49998
0.45011
0.43416
0.45674
0.54734
0.62808
0.70006
0.70438
0.81031
0.77168
0.8012
0.84936
0.90309
0.91938
0.88356
0.84956
0.81934
0.79483
0.71686
0.63579
0.74849
0.91519
0.94777
0.96162
0.97915
0.9827
0.98006
0.99867
0.99766
1.0007
0.99785
0.98694
0.9756
0.92199
0.93788
0.887
0.83421
0.66483
0.56071
0.50566
0.47294
0.4464
0.43956
0.44375
0.43096
0.44132
0.43025
0.41703
0.39066
0.39244
0.38535
0.41424
0.47455
0.50542
0.48144
0.47315
0.46121
0.40965
0.4445
0.58738
0.63288
0.62942
0.59351
0.50663
0.43806
0.45544
0.52264
0.71394
0.70953
0.72907
0.68895
0.70016
0.69886
0.6999
0.71966
0.86158
0.86828
0.78374
0.68367
0.65381
0.67847
0.76624
0.88364
0.90059
0.81561
0.79607
0.72307
0.68471
0.63388
0.62087
0.60583
0.52981
0.6862
0.84494
0.88614
0.83829
0.79884
0.82293
0.85076
0.82258
0.82945
0.82714
0.83341
0.83163
0.86325
0.89571
0.90871
0.89201
0.86759
0.84414
0.75139
0.67714
0.5735
0.5611
0.61989
0.69173
0.65968
0.65846
0.6786
0.70367
0.8021
0.7931
0.78547
0.78692
0.77699
0.80387
0.77247
0.7027
0.59887
0.55855
0.59263
0.58428
0.60992
0.70357
0.89395
0.83955
0.95061
0.98875
0.99791
0.99749
0.98696
0.99953
0.99907
0.99938
0.90538
0.77411
0.72034
0.77778
0.87116
0.96737
0.91183
0.8942
0.88272
0.99001
1.0003
0.99916
0.99176
0.99479
1
1.0005
0.99862
0.98909
0.98863
0.98843
0.9904
0.99934
0.98187
0.87925
0.82362
0.83206
0.79994
0.88532
0.7546
0.517
0.49306
0.53836
0.5165
0.59198
0.65917
0.52503
0.5371
0.57692
0.57287
0.52467
0.48269
0.45964
0.44503
0.44436
0.50661
0.55469
0.48125
0.43566
0.42153
0.49821
0.64738
0.73773
0.73443
0.46381
0.51315
0.47346
0.45728
0.40725
0.46457
0.55892
0.52523
0.49697
0.51151
0.46816
0.47084
0.49923
0.46598
0.43725
0.43452
0.51883
0.43788
0.40747
0.41522
0.42326
0.49969
0.5089
0.63903
0.83651
0.86514
0.86043
0.85207
0.90031
0.9395
0.99245
0.99716
1.0003
0.98851
0.77004
0.75285
0.84693
0.89313
0.9581
0.91918
0.92507
0.92259
0.81334
0.76139
0.81661
0.89828
0.95791
0.87073
1.0002
0.99775
1.0002
0.94589
0.87253
0.97228
0.97678
0.99275
0.97578
0.91735
0.80415
0.89466
0.97256
0.91138
0.87332
0.7277
0.54539
0.47034
0.40643
0.39467
0.39317
0.4125
0.43873
0.43902
0.41733
0.42895
0.46495
0.4763
0.50321
0.59415
0.63629
0.68607
0.84653
0.75065
0.5455
0.50259
0.56984
0.54936
0.73303
0.90228
0.89033
0.8502
0.74464
0.70573
0.70613
0.77223
0.83829
0.94908
0.94131
0.71366
0.58764
0.53025
0.52689
0.60146
0.67669
0.84507
0.755
0.7008
0.58644
0.57957
0.60455
0.63457
0.6052
0.58193
0.49163
0.43422
0.54792
0.3773
0.36799
0.3937
0.34345
0.28913
0.24697
0.24822
0.29095
0.38452
0.39229
0.37427
0.34158
0.33428
0.3929
0.40199
0.32878
0.35094
0.37886
0.33499
0.31092
0.32971
0.32021
0.34694
0.39017
0.46291
0.50239
0.47193
0.47751
0.45502
0.49541
0.46191
0.44327
0.49175
0.54237
0.61458
0.66237
0.69892
0.75945
0.78362
0.77961
0.74576
0.73994
0.76671
0.84401
0.87683
0.81713
0.77131
0.70597
0.61403
0.54402
0.47963
0.43982
0.37254
0.29497
0.29948
0.2894
0.27591
0.34731
0.3407
0.38247
0.53964
0.5233
0.39529
0.30996
0.49105
0.57167
0.58523
0.56091
0.52692
0.44423
0.4045
0.61564
0.67011
0.6459
0.55366
0.43974
0.42144
0.42297
0.3407
0.33282
0.3566
0.3329
0.32989
0.33743
0.33527
0.33297
0.34856
0.35213
0.3674
0.38234
0.38488
0.34843
0.36341
0.35368
0.3782
0.48466
0.62069
0.6651
0.38585
0.52657
0.69706
0.81078
0.79181
0.88294
0.99929
0.95662
0.69878
0.67514
0.64469
0.63105
0.62376
0.57846
0.55834
0.60108
0.73374
0.80005
0.88052
0.96446
0.83434
0.66234
0.98772
0.97511
0.97085
0.73577
0.79568
0.96492
0.68743
0.56235
0.86152
0.83501
0.8956
0.85889
0.82554
0.88161
0.81518
0.83452
0.87602
0.78464
0.97845
0.98692
0.97794
0.86974
0.77679
0.7058
0.73177
0.83127
0.94231
0.95166
0.95073
0.95169
0.90952
0.91922
0.96058
0.95036
0.95021
0.95555
0.96544
0.94394
0.68581
0.52278
0.74213
0.6806
0.75278
0.73672
0.7102
0.72829
0.69164
0.6246
0.62836
0.70291
0.73924
0.86512
0.86064
0.83932
0.84352
0.94936
0.78179
0.62688
0.48474
0.38867
0.52098
0.91096
0.81306
0.96051
0.72226
0.75072
0.94017
0.97147
0.95392
0.94171
0.85588
0.73553
0.66557
0.58974
0.7152
0.72357
0.67003
0.6967
0.69952
0.70108
0.7509
0.79658
0.89963
0.8913
0.81918
0.86295
0.82194
0.81383
0.83126
0.85145
0.8229
0.80488
0.8193
0.81562
0.73267
0.51789
0.44243
0.41522
0.42039
0.41156
0.43843
0.43862
0.4689
0.45167
0.42754
0.40281
0.41196
0.41338
0.42529
0.42426
0.4082
0.41234
0.4306
0.39871
0.36954
0.35729
0.33668
0.33127
0.35077
0.38682
0.39945
0.41031
0.40731
0.47121
0.51201
0.48653
0.4543
0.43878
0.45496
0.5169
0.62755
0.95538
0.96812
0.98213
0.99751
0.9644
0.95264
0.9304
0.90502
0.84178
0.68977
0.77205
0.72947
0.59094
0.55038
0.49771
0.4715
0.44497
0.43801
0.42967
0.41869
0.40435
0.39111
0.37443
0.34409
0.35052
0.36033
0.36918
0.3808
0.38508
0.58987
0.94345
0.95384
0.95216
0.95191
0.95613
0.97391
0.97069
0.96543
0.93774
0.9185
0.93623
0.93942
0.94498
0.94749
0.85208
0.92388
0.92992
0.88512
0.69551
0.55738
0.49718
0.43533
0.40553
0.37627
0.3557
0.35649
0.40032
0.44937
0.64593
0.92579
0.93116
0.90633
0.80432
0.74326
0.70101
0.67626
0.59537
0.52984
0.46514
0.41845
0.39461
0.37867
0.37639
0.35607
0.33717
0.33019
0.31615
0.30551
0.29587
0.29165
0.28192
0.27164
0.27017
0.28353
0.29779
0.30318
0.31197
0.30477
0.29286
0.27297
0.25854
0.26511
0.26892
0.25855
0.25037
0.25069
0.26515
0.28003
0.29292
0.29662
0.29396
0.28026
0.28026
0.27148
0.2647
0.2552
0.23958
0.25982
0.27728
0.37275
0.95042
0.59343
0.54959
0.66249
0.5179
0.53425
0.48357
0.64233
0.85326
0.96812
0.95141
0.94908
0.94812
0.92858
0.91821
0.91542
0.83303
0.68987
0.65971
0.5367
0.5369
0.63163
0.62095
0.59983
0.59985
0.62928
0.5453
0.48491
0.55214
0.65483
0.86844
0.88193
0.91847
0.90978
0.91794
0.91386
0.92999
0.93533
0.93376
0.92733
0.92217
0.91153
0.9045
0.9011
0.90205
0.87356
0.85007
0.72716
0.51118
0.48962
0.48646
0.4762
0.39968
0.32315
0.31372
0.32245
0.2993
0.28962
0.2877
0.27408
0.33067
0.44815
0.48488
0.49268
0.53328
0.56951
0.55095
0.46895
0.38425
0.31739
0.30996
0.32643
0.35734
0.36977
0.34963
0.30217
0.25812
0.24763
0.25843
0.24933
0.24194
0.24216
0.25394
0.3056
0.35893
0.38276
0.3823
0.40122
0.41874
0.43806
0.52099
0.61021
0.61745
0.63652
0.60819
0.57816
0.55518
0.52182
0.51984
0.56021
0.45857
0.40361
0.40865
0.36361
0.5602
0.64844
0.80544
0.80683
0.73118
0.7283
0.72963
0.76953
0.84489
0.79283
0.75596
0.68375
0.57886
0.5925
0.76117
0.71056
0.64514
0.75885
0.82295
0.96197
0.95853
0.70961
0.59575
0.53359
0.55432
0.60113
0.7257
0.90118
0.90512
0.91481
0.91545
0.90277
0.82787
0.72383
0.70211
0.6985
0.65755
0.69786
0.56863
0.51663
0.47033
0.31898
0.23297
0.22746
0.23682
0.2522
0.26014
0.26483
0.26518
0.28199
0.3372
0.38502
0.36528
0.28592
0.29838
0.36907
0.42492
0.39976
0.40769
0.39575
0.38853
0.3999
0.4003
0.41583
0.42061
0.41231
0.47443
0.45501
0.59182
0.71714
0.67132
0.90003
0.94008
0.43954
0.3821
0.43066
0.50675
0.74684
0.71643
0.71748
0.70316
0.64445
0.49372
0.38273
0.33668
0.46849
0.72207
0.75757
0.70883
0.81955
0.81674
0.76661
0.77197
0.85507
0.83718
0.98664
0.97942
0.97673
0.95346
0.95512
0.93314
0.87161
0.79091
0.76542
0.69614
0.74577
0.78802
0.76368
0.79143
0.78648
0.7702
0.74256
0.71946
0.67591
0.62499
0.63326
0.6356
0.63132
0.61145
0.58708
0.57292
0.5661
0.56019
0.55107
0.54225
0.57519
0.60206
0.73061
0.74923
0.85314
0.9431
0.90492
0.91984
0.98556
0.97049
0.88607
0.9275
0.9221
0.91189
0.81569
0.61978
0.51038
0.43269
0.33886
0.26403
0.22633
0.25367
0.96169
0.62904
0.72076
0.70596
0.73296
0.78095
0.85868
0.82613
0.75011
0.70282
0.6743
0.67225
0.724
0.76612
0.98144
0.97434
0.78398
0.76611
0.7684
0.75306
0.74388
0.75982
0.83302
0.78316
0.71064
0.6962
0.6352
0.5986
0.60231
0.5896
0.53032
0.46372
0.41665
0.37096
0.33624
0.30187
0.27728
0.24751
0.23826
0.24929
0.26287
0.27078
0.28651
0.2985
0.30481
0.30447
0.32191
0.32055
0.28938
0.28916
0.30615
0.29385
0.26849
0.25761
0.28209
0.25393
0.26879
0.28138
0.29379
0.32553
0.3438
0.37111
0.35689
0.6194
0.60549
0.61665
0.57646
0.52793
0.51304
0.49926
0.5072
0.57342
0.55452
0.56449
0.55484
0.5507
0.47693
0.38368
0.39297
0.67273
0.50745
0.45284
0.4189
0.42517
0.66591
0.66323
0.75563
0.64332
0.38266
0.36883
0.70348
0.67888
0.65547
0.6759
0.69964
0.71054
0.71406
0.62584
0.4007
0.35494
0.36884
0.37795
0.53368
0.70444
0.69535
0.56121
0.43847
0.39035
0.35947
0.36129
0.35841
0.32811
0.35535
0.36791
0.36166
0.39698
0.3783
0.34648
0.36441
0.40692
0.43817
0.44441
0.40663
0.36607
0.39866
0.40467
0.42412
0.45206
0.57461
0.66352
0.86282
0.91949
0.90889
0.8976
0.89271
0.90557
0.90701
0.90855
0.89984
0.90092
0.89647
0.90178
0.89722
0.89812
0.89653
0.89451
0.872
0.78535
0.8422
0.59472
0.48372
0.45061
0.43116
0.33488
0.3989
0.35843
0.36109
0.36714
0.36146
0.36776
0.42397
0.83447
0.84501
0.85572
0.86316
0.86921
0.8678
0.86449
0.83131
0.82036
0.85662
0.86979
0.87462
0.86908
0.86166
0.85372
0.84549
0.84251
0.84315
0.841
0.8343
0.83523
0.83388
0.83381
0.83018
0.82493
0.8242
0.82902
0.82641
0.82728
0.80701
0.63823
0.48467
0.42128
0.37676
0.33087
0.30378
0.26541
0.2327
0.48553
0.65444
0.60724
0.46207
0.47881
0.54682
0.73612
0.74088
0.74693
0.71488
0.76282
0.72917
0.75867
0.76928
0.83226
0.86714
0.88224
0.8808
0.89215
0.89427
0.89233
0.87039
0.67342
0.71275
0.69821
0.73606
0.7713
0.77882
0.78136
0.67837
0.58622
0.48338
0.42228
0.33658
0.30508
0.33026
0.37255
0.36466
0.34516
0.34125
0.38532
0.42209
0.45946
0.52532
0.51179
0.45689
0.41587
0.54144
0.66172
0.77118
0.66025
0.49992
0.48433
0.46908
0.45045
0.45141
0.43955
0.45564
0.44464
0.4208
0.38819
0.3772
0.41639
0.49336
0.49558
0.51027
0.38521
0.31432
0.39474
0.41876
0.40427
0.42426
0.4119
0.41066
0.39382
0.37123
0.34766
0.33237
0.31886
0.30494
0.29575
0.30184
0.33458
0.3518
0.35669
0.3628
0.35539
0.34887
0.3563
0.36046
0.35377
0.34906
0.36489
0.36499
0.38334
0.4218
0.4218
0.45016
0.82072
0.77365
0.74198
0.70744
0.68094
0.68048
0.68623
0.73756
0.70162
0.7158
0.64546
0.56387
0.50394
0.47158
0.46487
0.45849
0.45102
0.44181
0.44688
0.46807
0.48255
0.48312
0.50691
0.52249
0.52836
0.5731
0.59761
0.48885
0.45206
0.42037
0.39865
0.37713
0.32063
0.34398
0.35318
0.32486
0.35727
0.57353
0.62283
0.54939
0.90257
0.51401
0.38957
0.37997
0.43072
0.53472
0.81837
0.7671
0.96235
0.96187
0.91245
0.91212
0.86748
0.75919
0.71465
0.59642
0.56329
0.49187
0.5064
0.41124
0.38362
