0.76192
0.75374
0.7406
0.67733
0.6837
0.6661
0.66708
0.65424
0.48381
0.5022
0.51583
0.53046
0.651
0.83113
0.74674
0.71299
0.6829
0.70204
0.6954
0.63606
0.52975
0.37649
0.2627
0.20406
0.19839
0.2055
0.20387
0.20375
0.20834
0.22859
0.24444
0.30191
0.46101
0.53421
0.72063
0.72974
0.77248
0.77491
0.80202
0.74677
0.68483
0.64202
0.63815
0.63836
0.64035
0.64544
0.63074
0.62587
0.61908
0.64908
0.64535
0.62516
0.68746
0.70078
0.50901
0.39413
0.4034
0.5936
0.59381
0.57363
0.55071
0.57814
0.57458
0.51185
0.48062
0.73164
0.72626
0.68662
0.60302
0.50528
0.3571
0.29546
0.24986
0.1935
0.19043
0.16178
0.13126
0.13466
0.38015
0.61814
0.58818
0.57097
0.57283
0.53107
0.48425
0.47272
0.47507
0.51394
0.57868
0.59617
0.59866
0.59946
0.57634
0.51794
0.49499
0.46453
0.39888
0.46028
0.41404
0.24416
0.1584
0.13264
0.15499
0.22586
0.38522
0.45294
0.42054
0.30948
0.2862
0.27245
0.28211
0.30084
0.37928
0.40831
0.47291
0.52116
0.5154
0.54757
0.55861
0.54946
0.56175
0.56444
0.56691
0.56249
0.56112
0.5493
0.518
0.52575
0.52014
0.52563
0.52633
0.53892
0.54271
0.53396
0.52784
0.40563
0.26741
0.2293
0.67882
0.61916
0.60921
0.60561
0.60589
0.75618
0.78161
0.81937
0.82602
0.83593
0.81938
0.54959
0.49632
0.44091
0.45428
0.43818
0.48437
0.47034
0.49449
0.70505
0.76444
0.78174
0.76775
0.76083
0.77282
0.74005
0.69847
0.70851
0.69622
0.70875
0.7015
0.66888
0.6774
0.70695
0.74166
0.75444
0.76976
0.77709
0.81897
0.85187
0.8676
0.87236
0.87438
0.8763
0.86261
0.85761
0.85271
0.80744
0.75969
0.76607
0.76565
0.75818
0.46091
0.44063
0.39484
0.40043
0.3881
0.37401
0.37131
0.37332
0.37237
0.37436
0.37197
0.36897
0.3706
0.37008
0.36525
0.3649
0.36632
0.37488
0.36459
0.35906
0.32864
0.28086
0.71759
0.63633
0.73579
0.6873
0.80494
0.81116
0.80887
0.8069
0.82741
0.84125
0.83895
0.83576
0.84192
0.83199
0.82002
0.81179
0.79893
0.73302
0.69198
0.73838
0.61254
0.54533
0.3393
0.27037
0.70276
0.7417
0.75563
0.76856
0.81374
0.84473
0.857
0.85585
0.84628
0.83364
0.83006
0.81318
0.80734
0.80897
0.79314
0.77571
0.78113
0.78232
0.74892
0.76182
0.71645
0.71246
0.72365
0.69641
0.67175
0.66638
0.65708
0.66912
0.6678
0.68841
0.71959
0.70543
0.71314
0.73863
0.72336
0.72844
0.70611
0.68423
0.71526
0.7424
0.75271
0.74485
0.72007
0.71
0.6844
0.65932
0.64787
0.65358
0.65286
0.65442
0.66935
0.67207
0.65939
0.6344
0.64637
0.63816
0.64208
0.64731
0.64551
0.65185
0.64367
0.63661
0.59878
0.59514
0.5659
0.56307
0.54669
0.53888
0.53299
0.53979
0.55817
0.58798
0.57508
0.50113
0.47216
0.49816
0.47889
0.53357
0.7575
0.67984
0.68736
0.73561
0.75516
0.66641
0.66326
0.65313
0.64832
0.71965
0.66564
0.67873
0.71175
0.70172
0.67272
0.68355
0.68994
0.67155
0.66157
0.67223
0.69076
0.70466
0.69517
0.65867
0.65728
0.66767
0.69238
0.6714
0.67588
0.68513
0.69382
0.6971
0.76469
0.77576
0.77955
0.78268
0.78911
0.79189
0.7929
0.79387
0.79474
0.74216
0.79604
0.80028
0.79841
0.79804
0.79017
0.79033
0.78926
0.7351
0.72874
0.728
0.70662
0.72278
0.76871
0.76433
0.73135
0.76886
0.72054
0.70046
0.68419
0.71398
0.78351
0.70743
0.69984
0.70922
0.70126
0.70539
0.71949
0.72713
0.74249
0.73172
0.74743
0.75713
0.77379
0.80237
0.80029
0.81396
0.83991
0.84212
0.84569
0.7738
0.59618
0.63366
0.77414
0.7603
0.7808
0.77955
0.7602
0.75036
0.73263
0.70591
0.68517
0.6309
0.64017
0.67337
0.69664
0.71007
0.71082
0.70161
0.69572
0.6648
0.65869
0.6578
0.64063
0.61817
0.61803
0.6115
0.60584
0.5947
0.57116
0.56737
0.5603
0.54826
0.5344
0.52908
0.53863
0.52625
0.51996
0.59153
0.64433
0.62413
0.605
0.58832
0.53024
0.50951
0.60488
0.64458
0.62862
0.63947
0.64181
0.64199
0.63
0.60019
0.57948
0.56175
0.55461
0.55926
0.54871
0.53878
0.52401
0.50445
0.47172
0.45068
0.45674
0.54739
0.55282
0.56031
0.54209
0.54022
0.51309
0.49356
0.50602
0.52603
0.47673
0.43971
0.37423
0.30553
0.25281
0.24436
0.26821
0.29834
0.31385
0.31665
0.32539
0.57341
0.54618
0.50826
0.46929
0.44115
0.40726
0.39723
0.40294
0.42249
0.45254
0.47811
0.46609
0.45849
0.47938
0.51608
0.60537
0.66431
0.65024
0.6804
0.73378
0.7284
0.72464
0.70295
0.64475
0.62938
0.6396
0.66
0.66417
0.65959
0.66632
0.65929
0.64235
0.59582
0.58246
0.61363
0.6278
0.65973
0.65998
0.66733
0.68634
0.67624
0.67017
0.66448
0.63674
0.64949
0.61834
0.55501
0.47975
0.50672
0.65083
0.6276
0.68168
0.69408
0.75962
0.68263
0.69902
0.72836
0.7693
0.77203
0.77456
0.78808
0.79077
0.7826
0.78162
0.77759
0.74483
0.70965
0.69234
0.70049
0.75127
0.71174
0.67437
0.67128
0.66705
0.74181
0.69621
0.6625
0.62048
0.58476
0.50961
0.47971
0.49592
0.50346
0.5113
0.50362
0.50342
0.49187
0.48282
0.48349
0.47542
0.49095
0.50092
0.49905
0.49324
0.49344
0.49731
0.48531
0.48492
0.50441
0.55269
0.5631
0.53516
0.50419
0.33293
0.32998
0.38493
0.55742
0.5612
0.51635
0.35629
0.26391
0.22303
0.43206
0.46329
0.49861
0.5057
0.51265
0.54775
0.55134
0.62063
0.64832
0.67258
0.6778
0.67941
0.66644
0.63812
0.61263
0.59836
0.61647
0.62689
0.63516
0.65034
0.649
0.6405
0.62729
0.62923
0.6372
0.63876
0.63519
0.6132
0.57682
0.55539
0.53965
0.52594
0.60665
0.64013
0.65395
0.67161
0.67551
0.64088
0.552
0.50424
0.52049
0.53979
0.57908
0.6508
0.69495
0.70464
0.68127
0.70832
0.71343
0.7168
0.70757
0.6958
0.71191
0.6855
0.68636
0.61422
0.61853
0.60652
0.59427
0.492
0.43445
0.44506
0.41438
0.42016
0.43599
0.46663
0.47548
0.4462
0.44006
0.71888
0.71993
0.72398
0.73331
0.70171
0.69607
0.68995
0.68536
0.67528
0.69395
0.6727
0.66622
0.64594
0.62958
0.6106
0.60439
0.68083
0.69948
0.73332
0.71302
0.71664
0.71903
0.71388
0.70731
0.74424
0.7764
0.74873
0.72792
0.72995
0.73448
0.72396
0.74829
0.7968
0.81361
0.79672
0.81092
0.81857
0.80181
0.76143
0.74237
0.74283
0.7369
0.71918
0.71455
0.71809
0.79212
0.7571
0.74399
0.7008
0.67465
0.6926
0.70285
0.71123
0.7231
0.67917
0.6087
0.54774
0.55121
0.53718
0.52933
0.53689
0.56409
0.58687
0.59659
0.63716
0.65113
0.73754
0.69697
0.64978
0.70074
0.61306
0.59002
0.64769
0.53691
0.51421
0.55448
0.56411
0.56068
0.56105
0.57968
0.5974
0.57257
0.52053
0.47809
0.39767
0.29249
0.66673
0.72622
0.76551
0.77871
0.77019
0.76467
0.7625
0.75256
0.7517
0.76382
0.73173
0.67728
0.69446
0.78162
0.78669
0.79044
0.79746
0.81563
0.82934
0.83353
0.82627
0.8157
0.79368
0.77919
0.76954
0.7411
0.72798
0.76559
0.78396
0.71603
0.70543
0.71682
0.70138
0.70807
0.70681
0.69001
0.66339
0.65474
0.65392
0.65769
0.64
0.63649
0.6217
0.63078
0.58288
0.72282
0.76652
0.72123
0.67479
0.65173
0.55552
0.49033
0.83785
0.84295
0.84346
0.84528
0.85617
0.87993
0.88244
0.85279
0.89572
0.84561
0.74729
0.66058
0.55527
0.56586
0.56535
0.51178
0.52063
0.53059
0.55732
0.60815
0.5985
0.59222
0.86137
0.85333
0.88378
0.88283
0.88881
0.89355
0.90759
0.92153
0.93222
0.92926
0.92454
0.91241
0.90471
0.89297
0.87747
0.80061
0.67992
0.63177
0.54645
0.50015
0.48844
0.44199
0.40274
0.26968
0.86393
0.85423
0.84148
0.83053
0.69673
0.70922
0.70359
0.68888
0.66977
0.64431
0.64248
0.6878
0.68716
0.71054
0.69595
0.68797
0.69143
0.59074
0.58025
0.64312
0.65797
0.63522
0.54042
0.5384
0.50023
0.49691
0.54542
0.62533
0.64702
0.60594
0.59145
0.55103
0.58262
0.62747
0.60968
0.56346
0.5081
0.59568
0.58836
0.57018
0.50596
0.4506
0.41768
0.43836
0.57949
0.59697
0.58811
0.59463
0.53964
0.51722
0.50751
0.49801
0.44012
0.49828
0.58366
0.63811
0.73123
0.61606
0.68578
0.82037
0.82914
0.821
0.81481
0.79956
0.66622
0.82197
0.84129
0.84572
0.84433
0.8038
0.74264
0.6796
0.83516
0.85177
0.85594
0.83999
0.81399
0.79565
0.81569
0.8542
0.83881
0.84812
0.8569
0.83757
0.80778
0.82046
0.8391
0.86435
0.84337
0.84883
0.87044
0.86493
0.85096
0.84415
0.85299
0.86828
0.83925
0.83901
0.86524
0.82999
0.77734
0.74991
0.84427
0.87794
0.87755
0.88103
0.89231
0.88491
0.87694
0.86702
0.86185
0.84421
0.82988
0.82463
0.84014
0.7925
0.78134
0.74157
0.69483
0.62994
0.61645
0.61702
0.58782
0.59134
0.64268
0.66235
0.62406
0.58391
0.56567
0.53835
0.53779
0.55136
0.59207
0.63849
0.61889
0.60427
0.58843
0.57937
0.57874
0.58233
0.59203
0.61308
0.60861
0.6021
0.61246
0.70954
0.63262
0.81951
0.82404
0.80013
0.65899
0.63257
0.62184
0.6105
0.59828
0.60754
0.65246
0.68318
0.66919
0.61161
0.73257
0.8718
0.87793
0.86892
0.84255
0.84075
0.83953
0.88281
0.80628
0.84821
0.86086
0.86042
0.80549
0.78125
0.79024
0.78348
0.66858
0.63895
0.60219
0.59899
0.61192
0.65477
0.62736
0.67628
0.68964
0.68879
0.64427
0.62681
0.6662
0.69151
0.67345
0.6248
0.56557
0.57763
0.57663
0.53238
0.46523
0.43688
0.40056
0.38898
0.39853
0.50466
0.63939
0.61728
0.65534
0.67401
0.67443
0.63923
0.64728
0.57724
0.54137
0.55812
0.58677
0.61269
0.62594
0.61814
0.61037
0.62105
0.61697
0.60916
0.62756
0.64619
0.62345
0.58468
0.56435
0.5656
0.56152
0.56834
0.60789
0.61096
0.5948
0.60577
0.58698
0.56286
0.53784
0.51141
0.47122
0.44868
0.44716
0.48869
0.50692
0.48989
0.45918
0.4138
0.39283
0.36468
0.38295
0.43343
0.5373
0.48956
0.43139
0.30857
0.27087
0.23592
0.21412
0.25168
0.45314
0.47495
0.52088
0.46704
0.50882
0.58992
0.70777
0.74623
0.74874
0.68339
0.70716
0.66799
0.62616
0.61383
0.55495
0.62062
0.65546
0.56083
0.67698
0.78383
0.79665
0.67923
0.69131
0.69386
0.74074
0.67237
0.65045
0.62031
0.64659
0.55926
0.46175
0.42568
0.46776
0.38595
0.28941
0.35721
0.45302
0.49404
0.47182
0.51581
0.58999
0.60492
0.67738
0.77044
0.82764
0.88129
0.8786
0.87312
0.74234
0.7986
0.79042
0.82206
0.8257
0.80504
0.69764
0.72185
0.7147
0.67039
0.61793
0.60125
0.63166
0.66699
0.67661
0.67086
0.69653
0.69208
0.56968
0.44956
0.43492
0.43628
0.43144
0.48117
0.55467
0.8999
0.89292
0.89494
0.8965
0.89091
0.82914
0.90984
0.91812
0.91617
0.92389
0.90904
0.89297
0.85787
0.88028
0.81017
0.8573
0.86963
0.88406
0.88306
0.8915
0.89188
0.91286
0.86638
0.87118
0.88068
0.8932
0.88165
0.87928
0.87008
0.88155
0.89823
0.92559
0.92246
0.91715
0.91032
0.65443
0.61584
0.63993
0.68055
0.74522
0.80194
0.79375
0.68788
0.66333
0.63102
0.64818
0.65077
0.65976
0.67864
0.70747
0.79696
0.75176
0.74498
0.68697
0.66067
0.55933
0.56486
0.56162
0.54114
0.53813
0.54336
0.57206
0.56986
0.59515
0.58018
0.61461
0.6347
0.62577
0.62491
0.61259
0.60788
0.61413
0.58008
0.76347
0.84741
0.80751
0.78397
0.80019
0.75564
0.76
0.65133
0.62511
0.58088
0.47994
0.52241
0.5624
0.56673
0.5801
0.5418
0.52416
0.52771
0.53446
0.53643
0.55122
0.55839
0.52599
0.57047
0.57998
0.56987
0.576
0.66716
0.78288
0.7828
0.7899
0.79228
0.80745
0.80684
0.7218
0.73929
0.78294
0.78001
0.72521
0.7837
0.81604
0.80906
0.81269
0.80123
0.77574
0.75502
0.74601
0.68913
0.68329
0.83937
0.79835
0.80338
0.78123
0.64291
0.54488
0.52486
0.53566
0.53066
0.55003
0.57285
0.61264
0.61783
0.61498
0.5677
0.57793
0.57607
0.56379
0.56797
0.57503
0.59458
0.62125
0.63351
0.69721
0.78987
0.77338
0.75527
0.7391
0.73489
0.68019
0.85918
0.92514
0.86388
0.81653
0.81472
0.84329
0.89728
0.73891
0.74627
0.76215
0.86924
0.85608
0.8923
0.89686
0.9067
0.89582
0.7977
0.83174
0.85356
0.88999
0.81359
0.77352
0.77605
0.9006
0.78965
0.80123
0.82573
0.84318
0.83932
0.83661
0.80203
0.71587
0.67051
0.6847
0.75517
0.7826
0.78806
0.7561
0.7566
0.7042
0.64151
0.64966
0.67944
0.68748
0.58392
0.59001
0.69475
0.7388
0.72686
0.70847
0.72013
0.71751
0.81503
0.84835
0.81466
0.75323
0.68057
0.66663
0.69832
0.7905
0.88371
0.91088
0.84449
0.75634
0.75328
0.75026
0.88781
0.92981
0.87638
0.87358
0.83172
0.75783
0.63027
0.60045
0.66296
0.77399
0.81916
0.73066
0.70038
0.68015
0.62353
0.65439
0.59165
0.56646
0.60622
0.68516
0.59791
0.61206
0.86919
0.90691
0.93689
0.94319
0.94245
0.91246
0.90095
0.87826
0.67239
0.66032
0.72715
0.77802
0.78729
0.78051
0.82013
0.74791
0.65119
0.61456
0.66959
0.6893
0.71219
0.70823
0.71392
0.68915
0.56867
0.62022
0.61816
0.54611
0.49421
0.63043
0.74232
0.56671
0.7307
0.76689
0.86128
0.90004
0.88764
0.91591
0.94582
0.94008
0.93562
0.93
0.94773
0.94723
0.95433
0.93512
0.89634
0.94245
0.94613
0.95343
0.93717
0.95769
0.95317
0.95904
0.9282
0.88558
0.88582
0.85494
0.84131
0.87716
0.90536
0.87147
0.85974
0.85379
0.84218
0.8517
0.83838
0.81461
0.79765
0.78686
0.71454
0.6675
0.67623
0.7526
0.85442
0.80487
0.81525
0.80799
0.7652
0.68758
0.64324
0.68657
0.77198
0.76364
0.75184
0.7468
0.73226
0.66258
0.6396
0.69182
0.70838
0.78646
0.77348
0.75694
0.73535
0.7098
0.58427
0.5985
0.71725
0.72205
0.73822
0.72037
0.66237
0.64271
0.62771
0.62044
0.63039
0.67374
0.73525
0.76173
0.76497
0.71225
0.68569
0.67549
0.77979
0.80324
0.90971
0.93366
0.94088
0.9165
0.92154
0.86318
0.91953
0.91668
0.9066
0.92885
0.9452
0.95948
0.83873
0.79275
0.76836
0.83942
0.82532
0.8287
0.78716
0.90685
0.90097
0.87719
0.91435
0.89571
0.87818
0.90582
0.9333
0.85582
0.82986
0.83745
0.85316
0.83133
0.92444
0.91838
0.91694
0.94704
0.9594
0.96733
0.95282
0.94861
0.9451
0.93164
0.912
0.90011
0.90969
0.9367
0.92935
0.91476
0.90788
0.80471
0.77878
0.76283
0.74427
0.86281
0.92891
0.90025
0.90797
0.92641
0.94783
0.91013
0.90287
0.93152
0.94794
0.93135
0.91723
0.92403
0.94773
0.85114
0.70639
0.96314
0.97785
0.97721
0.9802
0.97635
0.95598
0.9569
0.95637
0.95264
0.70084
0.61975
0.64377
0.65003
0.62521
0.48928
0.92605
0.92069
0.92056
0.91766
0.91821
0.92612
0.94153
0.93942
0.94368
0.94412
0.94147
0.9492
0.94745
0.95086
0.93976
0.93224
0.95128
0.95477
0.96625
0.96013
0.95631
0.95225
0.95591
0.93874
0.94062
0.9585
0.95256
0.91827
0.92705
0.88398
0.92184
0.87602
0.91629
0.94174
0.91357
0.8938
0.91884
0.91522
0.91599
0.88354
0.8741
0.88999
0.91803
0.93678
0.92327
0.94222
0.89474
0.88762
0.828
0.91765
0.80955
0.79598
0.87768
0.83819
0.8107
0.76544
0.79284
0.7916
0.85433
0.87075
0.93606
0.92759
0.9548
0.76736
0.94048
0.9584
0.96189
0.96808
0.96673
0.96962
0.94736
0.93669
0.95787
0.95875
0.97114
0.95902
0.95892
0.97354
0.96421
0.95716
0.94353
0.87192
0.91459
0.90435
0.89785
0.91093
0.83913
0.84345
0.88095
0.84847
0.88432
0.87954
0.85227
0.85245
0.82829
0.79569
0.89974
0.93508
0.90939
0.91597
0.92307
0.93286
0.93529
0.88452
0.90307
0.90126
0.92856
0.91425
0.91203
0.91314
0.92543
0.93914
0.89533
0.92264
0.89206
0.8896
0.91009
0.91335
0.87741
0.84194
0.70994
0.65365
0.69891
0.74954
0.8316
0.82152
0.79228
0.88605
0.90536
0.77578
0.8114
0.79288
0.75391
0.73774
0.74323
0.68862
0.69403
0.75471
0.78088
0.77699
0.76143
0.74269
0.74099
0.73156
0.71769
0.71117
0.7524
0.75333
0.73538
0.71655
0.68325
0.64981
0.63954
0.64095
0.63568
0.63488
0.64495
0.62969
0.6314
0.65391
0.71119
0.65506
0.58227
0.50393
0.5105
0.46913
0.72044
0.68501
0.73308
0.7621
0.76365
0.75474
0.75072
0.76909
0.7574
0.77089
0.76722
0.77224
0.79647
0.80115
0.75088
0.63244
0.67766
0.60735
0.59
0.61934
0.63463
0.70755
0.74438
0.72208
0.6821
0.71726
0.75874
0.78981
0.79594
0.81877
0.91664
0.86142
0.9477
0.98537
0.9932
0.98042
0.96742
0.95995
0.95942
0.95566
0.95408
0.94061
0.9233
0.94326
0.94795
0.90304
0.8747
0.86644
0.82745
0.86414
0.88752
0.86008
0.87205
0.92431
0.9509
0.94993
0.91358
0.91405
0.86916
0.75649
0.79291
0.83756
0.86542
0.77609
0.70644
0.6409
0.62197
0.61967
0.61059
0.60368
0.60427
0.61556
0.61908
0.60824
0.58047
0.58563
0.51717
0.51581
0.55952
0.68554
0.76201
0.71795
0.72291
0.71589
0.69078
0.76087
0.78209
0.77696
0.77318
0.7872
0.76307
0.77725
0.73322
0.79025
0.78297
0.77404
0.71229
0.69323
0.76036
0.70572
0.70167
0.71638
0.73391
0.74097
0.71579
0.67278
0.65553
0.64651
0.65267
0.643
0.61617
0.59166
0.63387
0.68031
0.71238
0.66836
0.87009
0.83043
0.84478
0.73975
0.67614
0.67284
0.6791
0.76794
0.86022
0.86059
0.86493
0.88115
0.89221
0.86451
0.82912
0.79862
0.87117
0.84572
0.85786
0.87567
0.89085
0.90585
0.90194
0.8776
0.80521
0.7299
0.67564
0.65311
0.60886
0.6745
0.76443
0.82295
0.78393
0.77665
0.74798
0.7534
0.72722
0.73583
0.69566
0.61115
0.54054
0.57971
0.64792
0.63514
0.65629
0.67214
0.67425
0.65005
0.65717
0.64453
0.6325
0.63023
0.64457
0.65958
0.65306
0.59826
0.50719
0.51788
0.64138
0.69561
0.67669
0.66182
0.65858
0.68452
0.71034
0.73857
0.75709
0.70234
0.69844
0.69898
0.69822
0.69496
0.62829
0.58573
0.53679
0.55976
0.53947
0.56339
0.5963
0.57407
0.64273
0.85902
0.76137
0.72812
0.6862
0.64617
0.61438
0.61568
0.49704
0.26965
0.24173
0.46835
0.42268
0.2591
0.40516
0.82869
0.85213
0.86024
0.84524
0.84929
0.49883
0.51417
0.50204
0.49652
0.51482
0.52395
0.53418
0.53009
0.53321
0.53187
0.5301
0.53803
0.55826
0.56638
0.58044
0.57346
0.5666
0.55033
0.54141
0.55137
0.56294
0.64388
0.64821
0.6412
0.62162
0.59777
0.60213
0.59259
0.59389
0.58527
0.58262
0.58598
0.57886
0.57606
0.56258
0.56505
0.56201
0.55488
0.58087
0.57841
0.58831
0.59797
0.59363
0.59724
0.59378
0.57099
0.57971
0.52378
0.5241
0.64525
0.66994
0.66938
0.66678
0.67912
0.67942
0.65798
0.67044
0.6512
0.66932
0.65542
0.68385
0.68673
0.67305
0.65063
0.66363
0.6506
0.60367
0.595
0.59129
0.59207
0.5761
0.54102
0.54032
0.56572
0.56793
0.57894
0.57276
0.55285
0.5273
0.5283
0.52235
0.50878
0.49535
0.55635
0.44832
0.27702
0.279
0.25874
0.25234
0.78189
0.63224
0.6282
0.63264
0.64828
0.65507
0.6822
0.68174
0.66478
0.66789
0.67452
0.65828
0.62045
0.65196
0.67978
0.63838
0.61085
0.57195
0.59117
0.60014
0.7673
0.81811
0.83511
0.86581
0.88274
0.88806
0.88324
0.88105
0.89119
0.78454
0.69222
0.67304
0.87038
0.91237
0.91806
0.9169
0.92532
0.93036
0.94011
0.94406
0.95597
0.9557
0.9482
0.94921
0.94529
0.9415
0.94004
0.93089
0.92174
0.91304
0.91601
0.89898
0.90245
0.79467
0.68737
0.57851
0.5667
0.8937
0.92578
0.90981
0.91419
0.9291
0.9175
0.91083
0.91334
0.89114
0.88539
0.87181
0.67943
0.58394
0.57532
0.58415
0.64996
0.62055
0.67083
0.7932
0.80658
0.81595
0.83013
0.77529
0.81233
0.75613
0.73897
0.73072
0.73629
0.75816
0.73297
0.72312
0.7471
0.75139
0.73023
0.73252
0.74623
0.70652
0.70703
0.74688
0.72872
0.73581
0.7218
0.77021
0.72536
0.66992
0.62979
0.61553
0.60553
0.62883
0.61045
0.81065
0.8444
0.85425
0.86413
0.87245
0.87524
0.87437
0.83601
0.75724
0.77305
0.75401
0.75223
0.74438
0.72324
0.71727
0.70262
0.70355
0.72354
0.7411
0.75307
0.75585
0.75458
0.75637
0.75467
0.7511
0.73765
0.7239
0.72735
0.71166
0.71511
0.69685
0.67833
0.66106
0.64017
0.6256
0.59675
0.57797
0.55114
0.53373
0.44083
0.38816
0.5078
0.5802
0.70335
0.74317
0.75524
0.69557
0.67659
0.70399
0.69758
0.67908
0.66444
0.63159
0.60952
0.60984
0.61417
0.60933
0.62884
0.61631
0.54375
0.56368
0.59717
0.46
0.40613
0.37462
0.36807
0.39073
0.42164
0.41402
0.48116
0.46112
0.45446
0.60607
0.70555
0.59495
0.58939
0.58482
0.58687
0.62654
0.67238
0.63966
0.5265
0.78986
0.78617
0.77888
0.82261
0.82646
0.81886
0.75156
0.5893
0.60052
0.66055
0.6719
0.58466
0.53693
0.58202
0.8247
0.84419
0.84763
0.8487
0.82977
0.84471
0.81488
0.817
0.72948
0.64974
0.588
0.48991
0.51614
0.48302
0.45681
0.33954
0.518
0.78526
0.58436
0.59101
0.58942
0.5685
0.58837
0.60318
0.60197
0.62202
0.62649
0.55663
0.56633
0.55144
0.54749
0.55481
0.55446
0.54535
0.54127
0.52689
0.51548
0.51565
0.51922
0.51934
0.51047
0.55038
0.5433
0.62448
0.61776
0.61031
0.6493
0.80259
0.81732
0.82633
0.681
0.60478
0.60269
0.6026
0.61045
0.6273
0.65152
0.63578
0.64716
0.62737
0.60705
0.61317
0.60365
0.62147
0.63486
0.60536
0.58213
0.56882
0.5517
0.54941
0.55288
0.59236
0.65543
0.80587
0.79421
0.81394
0.82299
0.82972
0.83762
0.81635
0.69225
0.74887
0.74601
0.76064
0.85162
0.85895
0.85602
0.85164
0.83544
0.8366
0.8064
0.64726
0.64693
0.64282
0.64368
0.67653
0.66635
0.64157
0.71041
0.71993
0.68859
0.57156
0.51665
0.52657
0.64207
0.76655
0.81483
0.81841
0.79981
0.76725
0.76819
0.73341
0.76957
0.80594
0.83124
0.87181
0.89602
0.91534
0.92828
0.92929
0.92158
0.89691
0.88484
0.86644
0.85796
0.85081
0.84118
0.82274
0.79221
0.73571
0.75909
0.67585
0.61133
0.53867
0.49558
0.53368
0.55221
0.52377
0.48141
0.44364
0.39498
0.42856
0.46422
0.4277
0.46558
0.47736
0.45884
0.5168
0.53813
0.55625
0.48592
0.51253
0.48614
0.40032
0.30729
0.3169
0.40981
0.32014
0.23895
0.21867
0.22108
0.21369
0.23573
0.265
0.2475
0.23985
0.24067
0.24915
0.4263
0.66296
0.6058
0.56074
0.75802
0.78445
0.79689
0.79351
0.7629
0.76278
0.66224
0.64494
0.66192
0.62904
0.68743
0.80185
0.8204
0.82182
0.81457
0.74829
0.70905
0.69951
0.69064
0.68335
0.68341
0.69902
0.77168
0.79419
0.80065
0.77162
0.76916
0.75126
0.7509
0.76315
0.6727
0.67962
0.69577
0.65819
0.627
0.60277
0.62048
0.61618
0.62499
0.66444
0.6762
0.67779
0.72303
0.67939
0.66535
0.65735
0.6342
0.62725
0.62184
0.62235
0.62464
0.62684
0.60897
0.57195
0.54641
0.51799
0.50052
0.4953
0.52177
0.57813
0.65369
0.67521
0.66705
0.68855
0.67172
0.6682
0.6645
0.66657
0.67427
0.66527
0.6281
0.60306
0.67553
0.67684
0.67787
0.67424
0.68495
0.67027
0.67362
0.67472
0.68437
0.70334
0.69116
0.67729
0.67137
0.66439
0.66311
0.66526
0.67195
0.6874
0.67891
0.68884
0.69188
0.70402
0.70457
0.6643
0.67382
0.6607
0.64024
0.59773
0.47201
0.33003
0.24108
0.25468
0.28018
0.32407
0.31852
0.29335
0.39507
0.49241
0.54259
0.59865
0.61657
0.59792
0.56577
0.53305
0.51544
0.47546
0.47124
0.47565
0.51387
0.72394
0.74513
0.75761
0.74396
0.74676
0.73945
0.74405
0.8113
0.7713
0.7888
0.80133
0.83816
0.79031
0.78576
0.79555
0.80071
0.81688
0.8192
0.83261
0.82782
0.80169
0.79666
0.78739
0.78189
0.78971
0.81078
0.8117
0.80901
0.80833
0.82608
0.81088
0.80064
0.81739
0.82343
0.86514
0.87841
0.88339
0.8831
0.8654
0.83398
0.79995
0.80085
0.79782
0.78166
0.78622
0.78492
0.77812
0.76683
0.76531
0.67127
0.62232
0.63171
0.67722
0.66736
0.64036
0.59456
0.55865
0.539
0.5675
0.69207
0.72662
0.73377
0.75868
0.75854
0.69823
0.66691
0.68746
0.73328
0.72069
0.72924
0.75577
0.59431
0.56557
0.5347
0.50104
0.46142
0.39173
0.3925
0.32972
0.24569
0.1983
0.22924
0.27442
0.37585
0.63141
0.75353
0.79086
0.76318
0.69919
0.66417
0.66303
0.6552
0.64141
0.62475
0.62087
0.60544
0.58065
0.5968
0.60722
0.55816
0.48376
0.43965
0.44366
0.4189
0.36758
0.30502
0.3239
0.39143
0.4405
0.42175
0.47252
0.57405
0.49637
0.52227
0.58607
0.46112
0.22403
0.22177
0.49449
0.37343
0.31156
0.31697
0.36341
0.39057
0.41755
0.59254
0.5896
0.57984
0.56913
0.5681
0.53847
0.52991
0.50782
0.49452
0.50653
0.56983
0.5367
0.46794
0.40488
0.72164
0.72215
0.72217
0.72354
0.72032
0.71609
0.69284
0.68137
0.68978
0.70353
0.6997
0.69568
0.66211
0.42382
0.48056
0.46185
0.7507
0.76208
0.76991
0.74973
0.73883
0.77983
0.75549
0.72555
0.71479
0.7002
0.68918
0.69202
0.69859
0.70554
0.72132
0.733
0.74485
0.78826
0.80115
0.7951
0.77083
0.75471
0.72725
0.70864
0.71345
0.60741
0.51132
0.4341
0.34788
0.26194
0.39027
0.49519
0.70608
0.71887
0.73277
0.75454
0.76641
0.76785
0.5589
0.52474
0.33912
0.32662
0.24069
0.2307
0.78992
0.80304
0.81953
0.83419
0.85337
0.87099
0.89199
0.90611
0.90673
0.89669
0.90235
0.92246
0.87973
0.87208
0.77327
0.70916
0.5527
0.44065
0.76364
0.81755
0.87106
0.90183
0.91022
0.90801
0.90557
0.89292
0.84326
0.7283
0.52071
0.37428
0.38364
0.44293
0.48878
0.55318
0.59813
0.60596
0.76735
0.83411
0.76635
0.75979
0.7939
0.82064
0.83043
0.83391
0.86176
0.877
0.88299
0.86836
0.84732
0.79224
0.81612
0.83724
0.85435
0.86953
0.87713
0.87453
0.853
0.8651
0.87325
0.83794
0.84887
0.86011
0.86479
0.86884
0.86595
0.85316
0.8488
0.83412
0.71511
0.55938
0.55944
0.53193
0.51958
0.49795
0.5043
0.46912
0.39875
0.79949
0.8217
0.82653
0.82821
0.80591
0.7981
0.78261
0.73699
0.68474
0.64433
0.62876
0.62199
0.75769
0.71534
0.65399
0.73786
0.72015
0.68793
0.66667
0.7124
0.6502
0.63108
0.63773
0.63508
0.61579
0.6143
0.60929
0.60857
0.59272
0.57372
0.58095
0.57383
0.56408
0.53793
0.48286
0.53106
0.62059
0.51272
0.49671
0.3929
0.34344
0.29173
0.29204
0.30899
0.33468
0.76591
0.82043
0.79113
0.76861
0.78845
0.76642
0.76538
0.70422
0.69801
0.70069
0.69666
0.70355
0.69539
0.70169
0.71102
0.71102
0.71793
0.72261
0.71601
