0.67487
0.68208
0.73366
0.66545
0.6665
0.65814
0.6852
0.71108
0.74894
0.70923
0.68377
0.63013
0.4514
0.23594
0.23406
0.31182
0.39191
0.52903
0.59841
0.63954
0.63727
0.63076
0.67345
0.64235
0.62898
0.64356
0.62562
0.63814
0.63759
0.65371
0.65002
0.6476
0.64183
0.6657
0.65439
0.59902
0.49673
0.46084
0.42728
0.41314
0.39583
0.7415
0.68001
0.47937
0.3972
0.38648
0.3772
0.40424
0.43184
0.45779
0.42442
0.39985
0.36393
0.39431
0.44365
0.53173
0.58615
0.55113
0.55366
0.55976
0.53364
0.52848
0.54367
0.56362
0.58905
0.57788
0.56181
0.56147
0.54361
0.56478
0.57093
0.56275
0.55533
0.55413
0.54252
0.52841
0.48151
0.493
0.52295
0.53015
0.52612
0.53136
0.52199
0.5168
0.48416
0.41157
0.36461
0.62112
0.73014
0.71447
0.69246
0.67154
0.64141
0.62588
0.6195
0.61175
0.61427
0.63078
0.62838
0.5703
0.62218
0.5917
0.61024
0.62739
0.57918
0.51862
0.49109
0.46711
0.48674
0.72514
0.79371
0.79349
0.79436
0.76494
0.75022
0.73897
0.74829
0.75025
0.76966
0.72145
0.71861
0.72257
0.73676
0.70502
0.69586
0.70235
0.70752
0.69987
0.67069
0.64617
0.64615
0.6504
0.65215
0.62576
0.65101
0.69221
0.66855
0.69147
0.67799
0.6417
0.62283
0.59326
0.59911
0.56752
0.55508
0.56836
0.63098
0.63159
0.61186
0.62514
0.60431
0.59513
0.53296
0.54006
0.51211
0.53272
0.52569
0.55872
0.56808
0.47966
0.55728
0.58421
0.58004
0.54693
0.53495
0.52066
0.50696
0.52476
0.50545
0.49959
0.50405
0.53308
0.53465
0.69992
0.55951
0.50531
0.5208
0.71852
0.74308
0.73623
0.78001
0.81339
0.83455
0.84866
0.86375
0.88333
0.89201
0.88304
0.88676
0.88864
0.54229
0.42329
0.42906
0.46698
0.48049
0.35153
0.58592
0.60728
0.82581
0.79037
0.77526
0.86284
0.88089
0.88192
0.87964
0.88596
0.88958
0.89777
0.90969
0.90574
0.90096
0.89779
0.90141
0.90179
0.90718
0.9072
0.89827
0.8869
0.84439
0.81
0.49897
0.46667
0.45593
0.45151
0.4492
0.4522
0.45481
0.45674
0.47222
0.51386
0.55275
0.54986
0.52855
0.52621
0.51206
0.5417
0.58227
0.53463
0.40543
0.75018
0.7297
0.73377
0.7707
0.80497
0.8341
0.85346
0.86059
0.85816
0.85721
0.8378
0.54629
0.82289
0.84725
0.86896
0.88182
0.88607
0.8833
0.88653
0.87457
0.86182
0.83901
0.84203
0.84526
0.84051
0.82862
0.82209
0.81523
0.81134
0.80299
0.78035
0.55922
0.49442
0.48842
0.48671
0.50989
0.53481
0.56917
0.63142
0.66567
0.48675
0.73146
0.55685
0.55254
0.53241
0.49095
0.48252
0.51504
0.71494
0.74611
0.55192
0.50361
0.71007
0.73446
0.73609
0.7868
0.7157
0.70998
0.74408
0.70815
0.69589
0.70561
0.69678
0.70479
0.69854
0.69825
0.69181
0.67981
0.68546
0.6901
0.68997
0.68171
0.66756
0.65895
0.64139
0.62786
0.62366
0.55966
0.54074
0.53801
0.53158
0.5299
0.5203
0.51788
0.52544
0.53289
0.53595
0.53224
0.4989
0.51156
0.48117
0.47482
0.48376
0.4812
0.46301
0.48577
0.50498
0.51106
0.52262
0.54284
0.55723
0.57353
0.59428
0.61625
0.44451
0.42561
0.50661
0.778
0.797
0.79927
0.80254
0.79791
0.70239
0.59715
0.602
0.49684
0.455
0.81985
0.84683
0.86576
0.86624
0.86745
0.85063
0.84123
0.82889
0.82354
0.82032
0.80016
0.70403
0.6953
0.66669
0.64277
0.6048
0.57185
0.56234
0.55142
0.57617
0.58244
0.58571
0.59608
0.60142
0.55874
0.52121
0.52098
0.51932
0.50116
0.48406
0.48027
0.48604
0.51102
0.50245
0.55761
0.59587
0.72996
0.74247
0.72327
0.67862
0.71092
0.65778
0.64517
0.6297
0.61489
0.63017
0.64915
0.72666
0.69935
0.68158
0.75297
0.81278
0.84989
0.88484
0.90813
0.92633
0.92825
0.92145
0.91601
0.91367
0.903
0.88403
0.84984
0.60326
0.54617
0.50116
0.49131
0.58439
0.56462
0.43808
0.26898
0.22073
0.20933
0.19634
0.2035
0.21114
0.20797
0.2071
0.20655
0.20404
0.23115
0.24332
0.25656
0.26821
0.25374
0.22519
0.24375
0.23518
0.2481
0.26589
0.26434
0.267
0.26374
0.27805
0.27771
0.28358
0.30575
0.32888
0.38383
0.60774
0.65969
0.67572
0.71494
0.69576
0.65642
0.61801
0.56722
0.55773
0.52704
0.55696
0.49432
0.32271
0.26022
0.61005
0.5256
0.4238
0.53663
0.47103
0.41011
0.56541
0.36249
0.34541
0.28608
0.32295
0.41778
0.4774
0.69236
0.58664
0.58099
0.55035
0.57167
0.52803
0.48728
0.47194
0.46033
0.47438
0.48562
0.50412
0.50502
0.55129
0.58189
0.67277
0.7573
0.69028
0.67668
0.72023
0.66234
0.63509
0.62871
0.63962
0.67334
0.67997
0.64784
0.62424
0.60547
0.6171
0.60543
0.61051
0.5534
0.42035
0.33387
0.2416
0.24592
0.30249
0.75564
0.75374
0.75499
0.82247
0.83943
0.86265
0.85875
0.83849
0.8405
0.83967
0.87958
0.88831
0.89701
0.89096
0.86649
0.82942
0.84141
0.85551
0.86111
0.64754
0.58319
0.57222
0.57625
0.55825
0.56255
0.55883
0.54766
0.54826
0.5369
0.5335
0.55557
0.56747
0.58219
0.57497
0.52532
0.53968
0.5697
0.59597
0.61391
0.57854
0.59308
0.63698
0.61279
0.60911
0.6075
0.59455
0.61013
0.60499
0.59889
0.61238
0.52297
0.49209
0.47586
0.50181
0.49309
0.40695
0.34849
0.33503
0.29953
0.26768
0.28665
0.32711
0.54956
0.65623
0.67209
0.66013
0.63728
0.58
0.58716
0.58719
0.61861
0.66831
0.7387
0.74572
0.71505
0.68229
0.68172
0.67793
0.67069
0.66543
0.66267
0.66614
0.67471
0.67327
0.66965
0.66197
0.66521
0.6635
0.681
0.67682
0.67084
0.65774
0.65915
0.58187
0.48445
0.49403
0.51643
0.50471
0.46749
0.40126
0.33643
0.32989
0.40556
0.78915
0.80118
0.80425
0.79977
0.79288
0.82236
0.85309
0.85583
0.85831
0.86122
0.86159
0.85158
0.85703
0.88485
0.90377
0.90751
0.91118
0.91273
0.91131
0.89683
0.8915
0.8911
0.88601
0.8842
0.87908
0.86297
0.84256
0.84327
0.83209
0.80884
0.74379
0.67349
0.56359
0.58686
0.62724
0.63323
0.68993
0.80199
0.82767
0.87846
0.82846
0.79057
0.81042
0.79965
0.8289
0.8801
0.89078
0.88823
0.88601
0.88681
0.88543
0.88312
0.88711
0.82733
0.77088
0.71149
0.74951
0.60398
0.58055
0.36515
0.25074
0.26347
0.35471
0.84968
0.89098
0.90637
0.904
0.89856
0.89499
0.87935
0.86728
0.86206
0.85902
0.84621
0.83471
0.83214
0.83675
0.82476
0.8147
0.82093
0.80274
0.7953
0.79623
0.79016
0.80452
0.79951
0.78717
0.79936
0.77971
0.76001
0.68961
0.60273
0.45934
0.49686
0.45586
0.46693
0.43175
0.42246
0.45431
0.5391
0.64417
0.63215
0.59982
0.50185
0.476
0.47366
0.49775
0.50822
0.50305
0.50659
0.50074
0.49673
0.45745
0.44025
0.46451
0.35004
0.34906
0.53408
0.58254
0.61276
0.56921
0.5571
0.50787
0.61803
0.57111
0.55111
0.53201
0.58312
0.61859
0.53395
0.5366
0.52351
0.51495
0.50582
0.49683
0.49643
0.50596
0.51024
0.51272
0.52458
0.53026
0.53657
0.53561
0.55213
0.52255
0.47977
0.47186
0.49982
0.63276
0.80007
0.65916
0.66262
0.79943
0.82671
0.82059
0.80836
0.82272
0.84824
0.83133
0.82649
0.83628
0.83607
0.82614
0.82885
0.83871
0.83609
0.8378
0.83333
0.8324
0.82518
0.82517
0.78758
0.79139
0.78851
0.72746
0.66794
0.64414
0.59495
0.58502
0.57072
0.54539
0.54306
0.54441
0.52548
0.53616
0.60393
0.62239
0.65305
0.6028
0.5905
0.55996
0.53371
0.542
0.55652
0.55582
0.58763
0.56594
0.51502
0.52826
0.54502
0.73052
0.78213
0.75649
0.77681
0.81678
0.84204
0.84534
0.84059
0.83411
0.82954
0.83031
0.84079
0.85791
0.88142
0.88682
0.88209
0.88481
0.88645
0.89376
0.84978
0.83407
0.88687
0.88316
0.88035
0.88001
0.87603
0.8738
0.86166
0.83218
0.83605
0.76021
0.82318
0.83797
0.8492
0.84452
0.79776
0.79671
0.81092
0.81625
0.82698
0.83079
0.83654
0.82956
0.81245
0.78967
0.69534
0.75517
0.91384
0.92418
0.92449
0.92287
0.91864
0.89543
0.90376
0.89126
0.9004
0.88948
0.85452
0.78058
0.72004
0.70854
0.64722
0.62621
0.62128
0.64108
0.66066
0.68871
0.65587
0.64282
0.63827
0.62833
0.55512
0.54586
0.55985
0.58546
0.59955
0.58836
0.56294
0.49615
0.47277
0.52834
0.63048
0.65793
0.65828
0.64466
0.6615
0.8923
0.87895
0.83395
0.83879
0.84874
0.73099
0.86742
0.90194
0.90493
0.90151
0.90159
0.89246
0.88276
0.88029
0.88
0.85923
0.86466
0.86189
0.86083
0.85685
0.85783
0.86068
0.8699
0.85653
0.85971
0.85953
0.85135
0.84645
0.83913
0.84828
0.86405
0.84635
0.85126
0.85313
0.85169
0.84571
0.84102
0.84411
0.84882
0.81718
0.80171
0.84129
0.81313
0.80722
0.79989
0.79309
0.65907
0.69713
0.73881
0.68065
0.60115
0.62644
0.67585
0.73071
0.79874
0.81381
0.71248
0.74505
0.71565
0.70413
0.69057
0.68162
0.70001
0.62269
0.74198
0.7508
0.72464
0.70941
0.70167
0.71387
0.70422
0.69769
0.63789
0.61506
0.82072
0.82116
0.78399
0.73485
0.73155
0.70157
0.68028
0.65726
0.64478
0.63424
0.63675
0.63644
0.66014
0.71165
0.67023
0.70118
0.76053
0.78975
0.79396
0.757
0.75105
0.71652
0.72665
0.7512
0.71815
0.74049
0.7362
0.72604
0.69932
0.63827
0.65265
0.61145
0.60778
0.63348
0.65271
0.66483
0.66414
0.65451
0.67721
0.6479
0.67394
0.77079
0.80257
0.77767
0.77738
0.7672
0.7551
0.75133
0.74724
0.7445
0.74139
0.74468
0.75928
0.74022
0.7265
0.74152
0.71302
0.68303
0.66745
0.64255
0.60944
0.62038
0.6192
0.5588
0.54037
0.80359
0.8428
0.8668
0.77694
0.77179
0.82802
0.8398
0.82128
0.77176
0.63134
0.63473
0.65668
0.65134
0.64457
0.64831
0.64855
0.67998
0.68032
0.69646
0.63767
0.63657
0.52129
0.5116
0.5303
0.51346
0.51742
0.57275
0.65429
0.61282
0.62261
0.59262
0.56375
0.66359
0.67503
0.66666
0.65453
0.63822
0.61388
0.62342
0.6872
0.7071
0.65572
0.66004
0.64932
0.63903
0.64863
0.63219
0.64119
0.58634
0.49494
0.4646
0.48555
0.51663
0.53515
0.54346
0.54059
0.5523
0.56557
0.54151
0.56261
0.57923
0.57564
0.5285
0.48096
0.55362
0.55098
0.59244
0.68509
0.70921
0.69838
0.73154
0.68398
0.6932
0.67059
0.64786
0.63271
0.62724
0.6326
0.63476
0.64755
0.68656
0.67482
0.59253
0.54415
0.51595
0.55018
0.54724
0.52665
0.48861
0.45211
0.49531
0.55188
0.62275
0.64509
0.66543
0.66248
0.68684
0.73561
0.73175
0.72404
0.73297
0.74922
0.73174
0.72457
0.72914
0.75636
0.78954
0.80259
0.7965
0.78052
0.76818
0.82134
0.72518
0.81173
0.85483
0.7012
0.84009
0.87846
0.87454
0.83946
0.84043
0.83147
0.8054
0.7617
0.77451
0.80532
0.86857
0.86969
0.85778
0.85886
0.84122
0.85223
0.83573
0.87561
0.91062
0.88586
0.86013
0.86098
0.85854
0.80987
0.81772
0.76127
0.7732
0.7867
0.72233
0.74491
0.72185
0.7102
0.67526
0.69078
0.73741
0.76996
0.78132
0.83355
0.84961
0.86286
0.86162
0.83902
0.91185
0.90075
0.88756
0.8786
0.76911
0.77533
0.69399
0.72318
0.72481
0.82502
0.86934
0.78157
0.74965
0.78288
0.81941
0.74631
0.75064
0.72568
0.72966
0.72846
0.64293
0.67604
0.70813
0.72296
0.73986
0.76132
0.81619
0.80951
0.78593
0.71866
0.6844
0.70066
0.69788
0.67108
0.69653
0.74803
0.76645
0.77458
0.7917
0.80973
0.79485
0.75279
0.6987
0.65364
0.64676
0.7129
0.70865
0.73875
0.92313
0.91713
0.88664
0.85726
0.85287
0.84809
0.82472
0.88967
0.86771
0.85
0.83166
0.81099
0.78795
0.74654
0.68061
0.6781
0.63636
0.60986
0.65197
0.68319
0.62344
0.59452
0.64482
0.55277
0.69686
0.78421
0.86812
0.83341
0.76938
0.77341
0.80137
0.77828
0.73249
0.72791
0.65716
0.64403
0.64043
0.68066
0.75185
0.78139
0.78468
0.81201
0.76587
0.74209
0.72785
0.73749
0.78665
0.76629
0.73668
0.73859
0.81388
0.68236
0.66689
0.68575
0.7124
0.71294
0.70773
0.71683
0.71863
0.67339
0.6989
0.69595
0.72838
0.75082
0.75972
0.75158
0.76317
0.75299
0.74249
0.69456
0.71311
0.73079
0.73033
0.72449
0.69191
0.65217
0.61594
0.71297
0.76533
0.78871
0.80654
0.82588
0.84804
0.81583
0.83372
0.88044
0.92814
0.79902
0.9531
0.98221
0.95708
0.94277
0.95003
0.95595
0.83402
0.74625
0.71292
0.79748
0.83622
0.83907
0.86126
0.78106
0.77321
0.78734
0.78902
0.86536
0.92564
0.86271
0.81588
0.74427
0.78891
0.93411
0.73605
0.77246
0.79893
0.79014
0.77756
0.75542
0.69498
0.89292
0.80886
0.80925
0.85143
0.8788
0.86954
0.84615
0.72848
0.62549
0.63518
0.70853
0.70552
0.71044
0.69767
0.67609
0.69593
0.68428
0.73544
0.73675
0.65673
0.80382
0.729
0.85658
0.73917
0.70706
0.73691
0.74152
0.70686
0.77431
0.81141
0.80967
0.79361
0.90537
0.91859
0.85614
0.8508
0.82965
0.79447
0.78483
0.70597
0.77669
0.9405
0.94528
0.95028
0.93751
0.93425
0.93725
0.93524
0.93372
0.94641
0.95181
0.87944
0.89289
0.88951
0.84537
0.8472
0.91763
0.94881
0.93767
0.93221
0.91896
0.91007
0.83235
0.7817
0.79032
0.76462
0.89668
0.89201
0.88856
0.80886
0.69113
0.51759
0.80585
0.89304
0.88734
0.87306
0.86569
0.87914
0.86055
0.85889
0.86948
0.86541
0.86592
0.8656
0.86349
0.85319
0.84299
0.83812
0.84165
0.88611
0.87455
0.86501
0.86417
0.8778
0.94181
0.92211
0.78757
0.63327
0.73342
0.84171
0.89883
0.85499
0.74795
0.78285
0.78999
0.7852
0.83479
0.85483
0.89417
0.87446
0.82563
0.77194
0.70934
0.74115
0.84817
0.8858
0.79169
0.75913
0.83021
0.84887
0.73519
0.70263
0.75309
0.71787
0.7099
0.71765
0.80106
0.76441
0.838
0.81732
0.87558
0.88789
0.88098
0.85761
0.79027
0.88953
0.9271
0.94622
0.9365
0.89579
0.80146
0.90575
0.78942
0.65885
0.78286
0.91333
0.92475
0.93505
0.81892
0.69483
0.70191
0.69006
0.68564
0.6495
0.66101
0.6559
0.6411
0.67417
0.64634
0.64382
0.64623
0.65763
0.65747
0.69682
0.70989
0.70009
0.70702
0.66487
0.6141
0.6246
0.64708
0.64345
0.63515
0.62065
0.62109
0.61105
0.6039
0.60498
0.61684
0.65602
0.75361
0.71297
0.87924
0.70722
0.65496
0.6442
0.65425
0.70251
0.75611
0.7484
0.80216
0.77217
0.95106
0.96448
0.96668
0.96668
0.9642
0.92996
0.89829
0.79122
0.78361
0.79964
0.84541
0.84703
0.85858
0.85463
0.72912
0.64581
0.60566
0.61517
0.70809
0.64073
0.59322
0.52047
0.50251
0.52206
0.54398
0.5653
0.56582
0.58785
0.59721
0.55669
0.57436
0.59729
0.65061
0.73158
0.64579
0.42642
0.36424
0.37606
0.50603
0.49442
0.57076
0.64092
0.54304
0.44272
0.45569
0.4319
0.52993
0.57403
0.67166
0.67284
0.6413
0.55753
0.46286
0.43039
0.43156
0.49175
0.48246
0.46503
0.46273
0.48655
0.64572
0.80123
0.83763
0.79037
0.75909
0.7462
0.75402
0.75741
0.76982
0.89254
0.83252
0.80204
0.78198
0.78194
0.76949
0.80088
0.79343
0.77258
0.73082
0.70534
0.76971
0.77259
0.75751
0.71817
0.76371
0.79739
0.80377
0.81729
0.76686
0.791
0.84423
0.77131
0.75919
0.7808
0.77509
0.75611
0.76546
0.80009
0.76165
0.74934
0.73391
0.74105
0.77466
0.82849
0.85306
0.93363
0.95459
0.95204
0.95365
0.88474
0.83851
0.94892
0.91451
0.85254
0.90112
0.97004
0.96945
0.97222
0.96564
0.95838
0.9452
0.94905
0.95224
0.95979
0.93756
0.95265
0.92668
0.90519
0.88416
0.90645
0.93583
0.93693
0.82119
0.86707
0.90108
0.88502
0.93153
0.90819
0.85259
0.86086
0.85305
0.83556
0.79221
0.72836
0.77966
0.80491
0.83611
0.83215
0.83539
0.82861
0.81913
0.73715
0.73341
0.82364
0.93404
0.8457
0.81719
0.80566
0.78413
0.792
0.7693
0.76302
0.8006
0.83448
0.81823
0.77665
0.75115
0.75385
0.76622
0.7846
0.73013
0.6732
0.66728
0.62299
0.57293
0.60671
0.61802
0.53029
0.46938
0.48712
0.49675
0.4729
0.50733
0.56809
0.60082
0.66776
0.69214
0.69377
0.7196
0.74186
0.72579
0.71879
0.72217
0.72859
0.73801
0.71977
0.74061
0.75739
0.75747
0.74119
0.72092
0.70909
0.72293
0.69953
0.68032
0.69488
0.69736
0.72066
0.71168
0.71949
0.86133
0.89483
0.84311
0.84759
0.8568
0.87422
0.87813
0.92092
0.93877
0.90041
0.8722
0.80469
0.84525
0.78485
0.85043
0.94761
0.9373
0.90453
0.84384
0.8195
0.81065
0.78081
0.78688
0.7975
0.81367
0.80886
0.79526
0.8051
0.80663
0.79803
0.79416
0.76762
0.75332
0.72377
0.71414
0.70449
0.71435
0.72277
0.71425
0.71345
0.66231
0.66665
0.71976
0.76861
0.78248
0.79277
0.82265
0.81829
0.82234
0.81741
0.80282
0.79458
0.8049
0.80005
0.79301
0.79431
0.72937
0.7028
0.70193
0.69083
0.6712
0.67452
0.62881
0.54855
0.49959
0.57506
0.66108
0.67388
0.64214
0.58433
0.56369
0.92065
0.91889
0.93596
0.90841
0.91922
0.94394
0.93212
0.92409
0.92536
0.91567
0.85316
0.78526
0.7599
0.78596
0.86902
0.88832
0.77744
0.82047
0.82514
0.80514
0.78009
0.74622
0.75237
0.77503
0.76742
0.76475
0.71457
0.67045
0.63807
0.65837
0.66708
0.66375
0.64765
0.63874
0.63282
0.62869
0.63425
0.6363
0.63562
0.6348
0.63333
0.64106
0.66266
0.65717
0.67136
0.67396
0.62791
0.62691
0.63933
0.64075
0.60264
0.53671
0.51717
0.50033
0.4788
0.46351
0.45159
0.51595
0.53999
0.5384
0.595
0.6362
0.64469
0.63386
0.62493
0.638
0.63312
0.61821
0.68486
0.7021
0.70376
0.7078
0.67735
0.64615
0.64093
0.66383
0.65168
0.65863
0.68273
0.66677
0.623
0.59795
0.57458
0.5741
0.60755
0.62335
0.6228
0.60688
0.60526
0.57921
0.56762
0.55604
0.5636
0.55251
0.55209
0.55874
0.56872
0.54775
0.56178
0.53068
0.50004
0.43002
0.38766
0.38342
0.45875
0.5339
0.61942
0.62748
0.54472
0.82414
0.73854
0.64149
0.63284
0.63671
0.64641
0.63017
0.62164
0.67337
0.69612
0.69655
0.68607
0.67462
0.62609
0.59721
0.59708
0.63958
0.6001
0.44511
0.56606
0.58589
0.58168
0.61855
0.58164
0.60114
0.60409
0.60889
0.62714
0.65484
0.67492
0.6887
0.67133
0.63402
0.6047
0.56826
0.56414
0.57113
0.56052
0.51498
0.48926
0.52104
0.46158
0.45628
0.47157
0.47564
0.54064
0.67054
0.69676
0.67783
0.66349
0.65567
0.67689
0.68781
0.69711
0.70632
0.67334
0.64565
0.64376
0.66133
0.59325
0.50202
0.57954
0.59049
0.61603
0.59166
0.52975
0.48261
0.48507
0.50651
0.56249
0.65827
0.68162
0.68492
0.67417
0.67479
0.6576
0.63318
0.65687
0.67422
0.67439
0.62086
0.56094
0.52266
0.48764
0.47929
0.51007
0.5051
0.46285
0.50523
0.55557
0.58882
0.63586
0.63175
0.56842
0.52117
0.54624
0.62802
0.60537
0.54746
0.51083
0.50165
0.53819
0.57515
0.65402
0.65519
0.64783
0.64604
0.65552
0.70929
0.67181
0.84513
0.83882
0.86222
0.63067
0.58946
0.58424
0.58502
0.53854
0.5393
0.51895
0.52677
0.55803
0.58144
0.59157
0.60926
0.64984
0.64483
0.57657
0.4847
0.60139
0.77732
0.88085
0.78898
0.78303
0.79843
0.79959
0.8193
0.83427
0.83535
0.82786
0.7084
0.64037
0.66331
0.66143
0.65094
0.65568
0.65726
0.66154
0.65459
0.65266
0.65156
0.65213
0.66185
0.67826
0.69744
0.71106
0.7142
0.69969
0.69275
0.68522
0.67222
0.66476
0.66092
0.65885
0.65779
0.65338
0.65455
0.66634
0.65988
0.65443
0.65165
0.65951
0.66813
0.66939
0.66497
0.66135
0.65182
0.64956
0.65466
0.6635
0.66264
0.66218
0.81563
0.78209
0.77282
0.81544
0.84487
0.81417
0.818
0.75536
0.67539
0.65008
0.64133
0.62404
0.60633
0.59703
0.58398
0.57164
0.55067
0.53853
0.53146
0.52644
0.51617
0.50715
0.47737
0.43265
0.39176
0.36054
0.35517
0.36275
0.36928
0.38346
0.39487
0.40847
0.43199
0.45945
0.5125
0.59485
0.63214
0.61509
0.6652
0.61099
0.62169
0.63015
0.6135
0.57185
0.55333
0.43481
0.26358
0.25176
0.76342
0.78201
0.80138
0.81779
0.80903
0.73962
0.64272
0.59711
0.56807
0.63495
0.65727
0.66867
0.70682
0.71928
0.70598
0.69802
0.69772
0.6607
0.6431
0.64325
0.61419
0.75934
0.73748
0.68394
0.67217
0.67355
0.65615
0.6375
0.64804
0.62634
0.58809
0.57536
0.57458
0.73019
0.62595
0.59437
0.59202
0.59648
0.61956
0.59222
0.55874
0.73119
0.71056
0.72034
0.71612
0.73085
0.72678
0.71244
0.71093
0.81483
0.72082
0.69284
0.76738
0.70294
0.66982
0.70352
0.72833
0.74131
0.70177
0.72606
0.70586
0.77238
0.75198
0.71745
0.75221
0.753
0.74232
0.76129
0.74801
0.64804
0.61897
0.59224
0.50769
0.48476
0.49987
0.50224
0.49062
0.49664
0.49125
0.49544
0.49953
0.50924
0.52551
0.51929
0.52588
0.51333
0.48326
0.5663
0.35199
0.52858
0.56765
0.56019
0.56286
0.5825
0.62311
0.74291
0.76905
0.75902
0.76973
0.78226
0.78323
0.7802
0.73699
0.72346
0.72563
0.67297
0.63586
0.62013
0.60658
0.64418
0.65182
0.73264
0.72787
0.73617
0.7565
0.76836
0.82017
0.83411
0.83997
0.84948
0.85391
0.81033
0.78591
0.75284
0.69467
0.70834
0.70891
0.68579
0.57472
0.53323
0.51666
0.84976
0.85768
0.85614
0.85169
0.8138
0.74663
0.68451
0.67252
0.6499
0.63859
0.65392
0.65612
0.68889
0.72239
0.71065
0.54201
0.46527
0.52873
0.52215
0.54208
0.51263
0.58276
0.60007
0.55997
0.52041
0.52883
0.54248
0.56493
0.61256
0.61722
0.59143
0.48567
0.51892
0.51432
0.488
0.67978
0.75213
0.7487
0.76815
0.78973
0.81171
0.81983
0.83824
0.80338
0.8231
0.81972
0.79365
0.79576
0.79848
0.80682
0.80978
0.80626
0.7672
0.72788
0.69286
0.66335
0.64995
0.67544
0.68355
0.6937
0.70999
0.68435
0.51867
0.5452
0.70594
0.62939
0.45367
0.45406
0.46763
0.5415
0.68573
0.70048
0.68158
0.65229
0.56131
0.44138
0.40379
0.48631
0.52821
0.59323
0.62842
0.60831
0.70661
0.70469
0.68807
0.66467
0.67955
0.66868
0.68508
0.69537
0.69856
0.67887
0.64068
0.58944
0.57079
0.5508
0.51538
0.4468
0.38604
0.37261
0.37493
0.42472
0.50362
0.53275
0.57088
0.63458
0.66016
0.64731
0.65082
0.63922
0.63029
0.63596
0.61884
0.64288
0.67554
0.66377
0.69935
0.64112
0.62105
0.60769
0.60074
0.5849
0.59099
0.57782
0.56495
0.56112
0.53841
0.54944
0.56896
0.57298
0.58112
0.55954
0.55463
0.54835
0.55977
0.53201
0.52442
0.552
0.53217
0.51573
0.58004
0.7236
0.76354
0.77368
0.78141
0.76426
0.75638
0.74804
0.74808
0.74249
0.78743
0.77674
0.76117
0.67454
0.59877
0.60343
0.82025
0.83623
0.81664
0.82801
0.78514
0.73013
0.71645
0.75949
0.77382
0.7575
0.71555
0.72038
0.72559
0.73102
0.73728
0.73191
0.73788
0.73329
0.74586
0.7553
0.74273
0.73875
0.73529
0.73573
0.73915
0.74865
0.73327
0.73434
0.7334
0.72884
0.72231
0.70989
0.69382
0.6794
0.62947
0.61016
0.57382
0.58847
0.58918
0.58926
0.60655
0.61803
0.61914
0.62866
0.62507
0.60897
0.6138
0.54689
0.46262
0.48427
0.55214
0.59265
0.69504
0.73535
0.7673
0.7902
0.80017
0.7742
0.60242
0.60304
0.60097
0.47987
0.45861
0.49599
0.52908
0.48074
0.47616
0.4444
0.46005
0.46205
0.44883
0.46216
0.46483
0.48294
0.50102
0.56327
0.42162
0.22759
0.6248
0.70226
0.62231
0.61499
0.64456
0.66305
0.65427
0.6536
0.61954
0.59679
0.49171
0.50945
0.53812
0.78776
0.78986
0.69501
0.66209
0.66037
0.65036
0.59893
0.53851
0.56849
0.55556
0.75947
0.79098
0.82993
0.84561
0.85487
0.86541
0.87458
0.8879
0.85234
0.8484
0.85306
0.86648
0.86688
0.81629
0.80729
0.78964
0.67472
0.5914
0.5627
0.57916
0.61752
0.59911
0.71284
0.68822
0.70309
0.60388
0.61884
0.69002
0.72309
0.71769
0.68889
0.67604
0.65377
0.62572
0.60115
0.5856
0.57299
0.51925
0.49443
0.47559
0.50276
0.4947
0.49695
0.499
0.50028
0.49092
0.52967
0.44958
0.70854
0.68605
0.64856
0.65109
0.63042
0.68913
0.64692
0.64363
0.65489
0.66498
0.6712
0.65214
0.65475
0.6644
0.67473
0.68081
0.67307
0.67156
0.66707
0.66182
0.67907
0.68247
0.69551
0.71995
0.75503
0.81042
0.72796
0.69713
0.69137
0.64571
0.70906
0.67823
0.6472
0.64645
0.65641
0.62755
0.60663
0.78918
0.79412
0.75125
0.64803
0.65498
0.64969
0.61769
0.59333
0.56597
0.57613
0.54906
0.58844
0.6084
0.60154
0.61654
0.59902
0.59573
0.59735
0.56899
0.50927
0.52201
0.54539
0.58771
0.69562
0.70789
0.71548
0.69949
0.61519
0.60841
0.62979
0.6811
0.69364
0.66233
0.59489
0.55121
0.55638
0.54307
0.51333
0.4798
0.47511
0.52404
0.71232
0.7318
0.77027
0.78721
0.78777
0.73847
0.7713
0.72328
0.67315
0.70384
0.69678
0.6948
0.71646
0.73222
0.7268
0.65423
0.62866
0.6256
0.60162
0.4883
0.40322
0.47915
0.7329
0.73217
0.75389
0.76692
0.7869
0.80373
0.80088
0.81995
0.79462
0.76944
0.75122
0.75876
0.74563
0.77048
0.81729
0.73814
0.74534
0.75279
0.74729
0.76769
0.7937
0.76386
0.74328
0.80808
0.81636
0.82063
0.80961
0.79944
0.80748
0.73988
0.69563
0.65409
0.65253
0.63651
0.63523
0.61658
0.59328
0.58625
0.53782
0.76932
0.8117
0.83955
0.85489
0.85025
0.84137
0.61852
0.52172
0.4876
0.5028
0.2334
0.77207
0.79798
0.80803
0.82411
0.82768
0.81675
0.64116
0.56192
0.54815
0.55655
0.55453
0.54266
0.55769
0.5168
0.52022
0.52802
0.50561
0.49609
0.48525
0.48009
0.48672
0.48957
0.49589
0.4993
0.5272
0.50752
0.32699
0.74907
0.76427
0.77727
0.77752
0.78093
0.77802
0.76545
0.76256
0.78364
0.79506
0.78423
0.72496
0.71351
0.68038
0.66217
0.67033
0.69102
0.71276
0.72348
0.77868
0.7574
0.73111
0.75847
0.75904
0.72568
0.74695
0.76678
0.7694
0.73799
0.74354
0.74155
0.74687
0.76017
0.69087
0.66605
0.6542
0.65767
0.65732
0.67779
0.71788
0.73109
0.77307
0.71844
0.71544
0.72237
0.72739
0.73188
0.73844
0.66594
0.65293
0.62051
0.71439
0.794
0.79767
0.79279
0.78316
0.78427
0.74863
0.70066
0.58401
0.72189
0.79268
0.81423
0.84404
0.84417
0.84111
0.83642
0.8416
0.81871
0.8809
0.84954
0.82954
0.81479
0.81556
0.79991
0.79079
0.64966
0.74342
0.67255
0.62893
0.73359
0.77404
0.80758
0.822
0.81533
0.79217
0.74555
0.76216
0.79174
0.79397
0.814
0.80492
0.78876
0.72081
0.71024
0.70768
0.70803
0.68773
0.70933
0.72641
0.76219
0.75541
0.74409
0.7221
0.68304
0.66911
0.65972
0.62395
0.62918
0.50631
0.45099
0.42197
0.40229
0.41978
0.78769
0.79463
0.79743
0.80236
0.80511
0.80922
0.75693
0.78926
