0.75586
0.77746
0.78138
0.76982
0.75633
0.70203
0.67775
0.72635
0.75496
0.71661
0.69322
0.71852
0.70501
0.69219
0.69215
0.6976
0.70929
0.71691
0.72655
0.73481
0.74359
0.76411
0.82246
0.78563
0.78392
0.76869
0.75557
0.79366
0.768
0.77367
0.79584
0.83782
0.82548
0.7922
0.83578
0.8398
0.80291
0.79906
0.83128
0.84558
0.8377
0.7826
0.78207
0.78996
0.79653
0.81153
0.8108
0.80113
0.79257
0.73422
0.67175
0.63541
0.6485
0.71509
0.67654
0.51057
0.47889
0.44506
0.44027
0.44785
0.46377
0.48022
0.51718
0.51994
0.45728
0.50646
0.61232
0.5969
0.52571
0.51755
0.51273
0.49632
0.48752
0.47803
0.473
0.47074
0.52782
0.66998
0.6901
0.71151
0.70708
0.73042
0.7156
0.66937
0.68042
0.68622
0.69407
0.71926
0.69648
0.67734
0.67562
0.73333
0.74518
0.70056
0.76646
0.69484
0.74848
0.74606
0.75117
0.75319
0.74733
0.7192
0.73807
0.76832
0.77433
0.69552
0.72208
0.76191
0.74843
0.76446
0.7653
0.76099
0.73141
0.68354
0.6866
0.67618
0.68642
0.68029
0.68296
0.68798
0.66884
0.7223
0.73117
0.68318
0.75434
0.652
0.65782
0.65219
0.62608
0.62103
0.62549
0.60483
0.6003
0.59535
0.6618
0.65737
0.66201
0.60965
0.5852
0.58921
0.55446
0.67348
0.69693
0.71321
0.71007
0.70219
0.7045
0.70603
0.71132
0.70955
0.69334
0.71372
0.70531
0.67282
0.66388
0.63318
0.57976
0.57483
0.59416
0.72732
0.74655
0.74673
0.76417
0.76165
0.74834
0.73653
0.69765
0.68341
0.706
0.71901
0.74912
0.76221
0.75947
0.75696
0.75182
0.71525
0.69179
0.64155
0.61542
0.58345
0.58783
0.54972
0.41974
0.20085
0.13792
0.23991
0.7567
0.77286
0.83273
0.86643
0.88367
0.89254
0.89846
0.89919
0.90031
0.89122
0.87582
0.86427
0.85955
0.85811
0.87164
0.89325
0.90691
0.90819
0.90724
0.90642
0.88698
0.86072
0.84378
0.83146
0.58205
0.51773
0.51871
0.51741
0.46419
0.52369
0.55757
0.59383
0.61109
0.59405
0.71769
0.73101
0.71875
0.77429
0.77826
0.80844
0.8142
0.7909
0.7884
0.81784
0.82508
0.84151
0.85119
0.86185
0.85677
0.83624
0.83647
0.8201
0.82989
0.83894
0.84125
0.83455
0.80694
0.77838
0.75496
0.76348
0.77079
0.67271
0.73629
0.72834
0.78241
0.81706
0.8359
0.84841
0.85868
0.86431
0.86438
0.84116
0.85529
0.86739
0.86757
0.86528
0.80831
0.80542
0.78428
0.77039
0.77986
0.74597
0.76195
0.77742
0.83236
0.84222
0.80358
0.77816
0.77736
0.71649
0.66566
0.6895
0.68632
0.70206
0.69787
0.71194
0.72036
0.75643
0.73782
0.75137
0.77143
0.78146
0.77728
0.79174
0.78907
0.78897
0.78632
0.77886
0.7654
0.75854
0.74101
0.54775
0.51719
0.50632
0.51897
0.47233
0.4996
0.45197
0.32423
0.69583
0.5534
0.5766
0.58913
0.59057
0.62426
0.62514
0.55227
0.52292
0.70506
0.71608
0.74994
0.76484
0.79428
0.81355
0.82401
0.8312
0.81322
0.75779
0.74153
0.66594
0.76892
0.80518
0.81938
0.81713
0.81256
0.81207
0.8111
0.80435
0.78437
0.77338
0.75239
0.74068
0.70464
0.69157
0.6521
0.62934
0.66407
0.63857
0.59971
0.55
0.55217
0.53455
0.51665
0.51713
0.51483
0.49453
0.49038
0.49128
0.51264
0.52831
0.53249
0.5225
0.54887
0.57536
0.59117
0.64532
0.65487
0.60283
0.59633
0.60589
0.61181
0.56247
0.55159
0.51691
0.50739
0.50067
0.48889
0.45216
0.43064
0.42868
0.45279
0.47717
0.50432
0.55118
0.55881
0.67059
0.67851
0.68406
0.69298
0.69433
0.69933
0.70929
0.7258
0.74824
0.766
0.79174
0.80114
0.79027
0.78077
0.76592
0.78339
0.78543
0.78816
0.79739
0.82319
0.84547
0.85352
0.85689
0.86916
0.87872
0.89077
0.89992
0.91081
0.91035
0.89089
0.84845
0.59042
0.60538
0.53117
0.49385
0.48172
0.4944
0.25096
0.29925
0.28004
0.38302
0.80177
0.80491
0.79401
0.70177
0.58077
0.51619
0.49198
0.4851
0.48836
0.49853
0.50108
0.47358
0.5236
0.25634
0.2289
0.49309
0.68522
0.66833
0.6357
0.61657
0.61887
0.62615
0.39051
0.28839
0.27643
0.46188
0.63531
0.65469
0.53993
0.54655
0.63123
0.61941
0.58195
0.53581
0.4686
0.51396
0.55617
0.59893
0.57338
0.65651
0.58956
0.61529
0.6313
0.62664
0.51005
0.52097
0.49117
0.50324
0.4986
0.46946
0.40549
0.41516
0.50637
0.51713
0.53365
0.54744
0.56
0.43443
0.39766
0.47108
0.48769
0.45841
0.46134
0.41779
0.40424
0.40464
0.57775
0.49168
0.46786
0.45286
0.53993
0.5442
0.45549
0.47968
0.53528
0.54709
0.61366
0.54677
0.43369
0.57081
0.50545
0.42582
0.3888
0.65646
0.73448
0.74624
0.76082
0.75048
0.75318
0.75728
0.75951
0.75024
0.74099
0.74434
0.77164
0.78511
0.79056
0.79953
0.80447
0.74528
0.73318
0.7669
0.73008
0.77416
0.68494
0.68113
0.68951
0.6869
0.68278
0.68962
0.69739
0.70282
0.70927
0.71715
0.7803
0.75396
0.69999
0.71295
0.68542
0.65789
0.62552
0.59298
0.5844
0.69041
0.61709
0.60514
0.6159
0.46978
0.44371
0.48029
0.45354
0.43269
0.61266
0.6348
0.50465
0.33734
0.23551
0.19626
0.22017
0.54887
0.7138
0.74325
0.76593
0.77299
0.76863
0.72287
0.61358
0.59366
0.58205
0.5724
0.56997
0.56544
0.54671
0.51651
0.59275
0.5998
0.60566
0.589
0.73557
0.75302
0.74569
0.74645
0.7582
0.76247
0.7238
0.74395
0.78772
0.82774
0.85161
0.85708
0.86585
0.86136
0.83758
0.84886
0.88062
0.89013
0.80498
0.66575
0.57124
0.72519
0.7199
0.68262
0.66135
0.58216
0.56734
0.61668
0.61664
0.61897
0.59873
0.62233
0.63338
0.62819
0.60299
0.6373
0.62703
0.61512
0.63883
0.62498
0.62081
0.54249
0.49464
0.48024
0.49232
0.49989
0.48315
0.5064
0.5295
0.53475
0.53684
0.5513
0.5808
0.58007
0.61166
0.60121
0.61711
0.67256
0.76888
0.76336
0.75921
0.75034
0.66462
0.60768
0.60623
0.60496
0.60367
0.61582
0.61615
0.60483
0.65636
0.60573
0.60199
0.55167
0.57256
0.58089
0.58452
0.57445
0.5779
0.59927
0.61458
0.64915
0.64721
0.64656
0.64492
0.62895
0.60327
0.58414
0.58118
0.57739
0.56994
0.5707
0.55466
0.5244
0.51098
0.52908
0.54493
0.53744
0.57946
0.67114
0.68943
0.70032
0.71339
0.68063
0.64247
0.58547
0.53594
0.50881
0.49198
0.46469
0.44309
0.42625
0.43179
0.42975
0.42263
0.43945
0.47051
0.48784
0.49841
0.50445
0.50647
0.51187
0.51136
0.61411
0.65958
0.58182
0.44704
0.40347
0.39724
0.39145
0.35603
0.34019
0.34652
0.40542
0.41605
0.42181
0.44181
0.44728
0.44587
0.43577
0.41191
0.39926
0.42125
0.47099
0.5174
0.55634
0.55657
0.57425
0.61245
0.58022
0.53536
0.54653
0.58318
0.59204
0.54532
0.48683
0.43933
0.42635
0.45357
0.52481
0.55384
0.502
0.39877
0.76048
0.73078
0.74721
0.72988
0.56134
0.49717
0.46673
0.4623
0.54957
0.5555
0.54016
0.53039
0.53928
0.55262
0.54826
0.51113
0.51426
0.52349
0.52481
0.52287
0.53083
0.54531
0.559
0.60406
0.66448
0.67195
0.6721
0.66951
0.67983
0.74085
0.71889
0.64638
0.50987
0.52232
0.5387
0.5286
0.47884
0.60312
0.80185
0.81615
0.81551
0.80255
0.8076
0.77367
0.77531
0.75787
0.73926
0.78134
0.78655
0.83158
0.8204
0.77317
0.7412
0.7372
0.72438
0.76703
0.69689
0.66469
0.60968
0.63707
0.60391
0.54779
0.51511
0.47359
0.44452
0.59649
0.71599
0.75453
0.75816
0.71043
0.69262
0.53614
0.57115
0.63271
0.63095
0.60473
0.49329
0.43951
0.62704
0.82254
0.81746
0.81963
0.81652
0.82134
0.83198
0.7844
0.73276
0.72226
0.71665
0.71486
0.71336
0.71032
0.72008
0.71995
0.73526
0.7393
0.73502
0.73855
0.73746
0.74582
0.74427
0.75774
0.75407
0.78154
0.80514
0.80814
0.81783
0.81663
0.83296
0.82139
0.82567
0.82816
0.82667
0.81664
0.81137
0.80798
0.81752
0.81879
0.80581
0.80145
0.79828
0.78724
0.78629
0.791
0.81009
0.78889
0.79627
0.81018
0.80051
0.77555
0.74409
0.7523
0.79697
0.83011
0.82096
0.82085
0.77036
0.73872
0.70595
0.71887
0.71653
0.57705
0.6063
0.63981
0.69367
0.70276
0.72283
0.68282
0.67056
0.64841
0.61634
0.62159
0.60901
0.61658
0.62462
0.59305
0.59508
0.60375
0.60501
0.67923
0.70671
0.73199
0.71986
0.71863
0.7001
0.65456
0.68891
0.67454
0.69976
0.70184
0.71678
0.71379
0.70915
0.63895
0.64077
0.68837
0.71651
0.76412
0.74041
0.6914
0.64905
0.61456
0.59919
0.60133
0.6154
0.6674
0.65728
0.5634
0.74315
0.87452
0.89005
0.88687
0.88584
0.88865
0.8878
0.83987
0.58284
0.55309
0.55015
0.55144
0.54832
0.54929
0.53627
0.55222
0.59171
0.63563
0.83264
0.7645
0.7571
0.76194
0.75249
0.74958
0.69308
0.67178
0.73299
0.75988
0.74796
0.74718
0.7666
0.76574
0.71694
0.76142
0.77395
0.77274
0.77558
0.77538
0.77899
0.7713
0.75164
0.76317
0.77166
0.7777
0.76294
0.7751
0.77913
0.76609
0.81509
0.77229
0.81457
0.81343
0.80175
0.80913
0.78803
0.79032
0.80498
0.78051
0.80658
0.85325
0.85669
0.88166
0.79807
0.79336
0.78222
0.79972
0.84157
0.77159
0.74385
0.70771
0.6929
0.65595
0.66993
0.63827
0.65179
0.69209
0.75399
0.73573
0.77516
0.76306
0.70365
0.72326
0.74969
0.77858
0.80948
0.72417
0.72764
0.74791
0.71234
0.68593
0.66724
0.62108
0.62096
0.69737
0.69147
0.68493
0.67194
0.65751
0.66098
0.63037
0.62491
0.7175
0.71859
0.74628
0.74778
0.72447
0.72295
0.69932
0.64599
0.67994
0.69524
0.68413
0.64335
0.59739
0.55262
0.55214
0.57011
0.63636
0.64668
0.64737
0.63936
0.64043
0.63578
0.61822
0.62246
0.62814
0.58597
0.54072
0.60603
0.66743
0.69409
0.69782
0.67128
0.67221
0.68435
0.74362
0.88549
0.83035
0.89259
0.90307
0.90543
0.89393
0.88715
0.85913
0.822
0.70689
0.6683
0.65402
0.63907
0.62082
0.62184
0.6266
0.63611
0.64781
0.63506
0.63338
0.63759
0.64644
0.65583
0.6443
0.65593
0.64997
0.65017
0.66418
0.66128
0.74491
0.73465
0.67841
0.63494
0.60625
0.60598
0.62568
0.63911
0.65965
0.68165
0.69735
0.71401
0.68195
0.692
0.67761
0.72567
0.73704
0.73957
0.65585
0.61184
0.61288
0.62906
0.62952
0.60608
0.6534
0.70527
0.81936
0.82266
0.81053
0.78535
0.71799
0.74069
0.65558
0.65621
0.65107
0.66062
0.63788
0.61678
0.66634
0.72221
0.69258
0.69021
0.67079
0.65713
0.6417
0.63626
0.61441
0.58625
0.59067
0.57543
0.56807
0.58534
0.5601
0.54986
0.54209
0.54144
0.54502
0.55296
0.55351
0.57035
0.59311
0.59085
0.60701
0.61374
0.65097
0.64917
0.62083
0.60742
0.60318
0.57821
0.71261
0.71636
0.75146
0.6856
0.64538
0.64178
0.63144
0.63125
0.63995
0.63268
0.65825
0.66288
0.65824
0.67725
0.7173
0.75867
0.73641
0.61278
0.61401
0.68137
0.67892
0.69754
0.69219
0.71206
0.64864
0.50814
0.45092
0.47207
0.46888
0.47801
0.57288
0.6071
0.62343
0.64835
0.63438
0.73131
0.70331
0.68397
0.75794
0.88795
0.78968
0.8178
0.81787
0.7851
0.77793
0.76765
0.73182
0.73131
0.71353
0.71186
0.69838
0.70168
0.67752
0.67451
0.67605
0.67852
0.62768
0.47343
0.38313
0.36296
0.37609
0.36233
0.40073
0.45072
0.79526
0.77361
0.78694
0.76706
0.85388
0.87877
0.72837
0.74835
0.68108
0.65288
0.70662
0.75257
0.90147
0.92976
0.92618
0.88671
0.94294
0.93501
0.93535
0.93123
0.90771
0.87292
0.75577
0.79608
0.78337
0.83078
0.84678
0.80971
0.81847
0.74849
0.71176
0.74866
0.76323
0.75918
0.7259
0.66891
0.62784
0.57899
0.5672
0.57853
0.60748
0.63604
0.67694
0.70601
0.70693
0.75189
0.73275
0.70664
0.93721
0.92284
0.92393
0.92018
0.68426
0.64737
0.58894
0.58873
0.57929
0.61269
0.69234
0.82962
0.81823
0.82364
0.81973
0.76731
0.7752
0.79136
0.75204
0.68856
0.5971
0.59138
0.55961
0.54623
0.58357
0.61039
0.56215
0.63768
0.67743
0.69672
0.70145
0.65581
0.65658
0.73085
0.74393
0.76954
0.7546
0.75066
0.66348
0.70941
0.77295
0.83758
0.89437
0.91172
0.86869
0.9159
0.93449
0.89434
0.90639
0.89312
0.87856
0.8783
0.85319
0.8353
0.83145
0.7063
0.69345
0.72608
0.74486
0.78631
0.82596
0.77918
0.77336
0.78138
0.85065
0.89645
0.84478
0.7673
0.75323
0.73412
0.74835
0.70012
0.65188
0.66691
0.69418
0.78832
0.79056
0.85343
0.82243
0.74849
0.73863
0.86985
0.85199
0.84468
0.8435
0.80248
0.73839
0.75463
0.75359
0.78999
0.76106
0.77938
0.75251
0.74191
0.70913
0.69074
0.65491
0.6839
0.73597
0.76261
0.81399
0.88567
0.85681
0.71918
0.65455
0.68974
0.68603
0.69263
0.71838
0.70728
0.68665
0.70376
0.69451
0.68099
0.71816
0.72043
0.72722
0.7206
0.68935
0.71618
0.70396
0.79353
0.76838
0.73869
0.77563
0.83597
0.9129
0.89631
0.94222
0.94848
0.9634
0.95495
0.93568
0.91861
0.88368
0.88121
0.8258
0.84364
0.86067
0.85079
0.83216
0.79538
0.71052
0.66216
0.623
0.61344
0.60898
0.57928
0.64371
0.82267
0.84202
0.79765
0.72346
0.68978
0.67198
0.7979
0.67083
0.67255
0.67784
0.69061
0.70077
0.77945
0.86859
0.88262
0.9065
0.91848
0.86511
0.89258
0.81272
0.90458
0.89166
0.89672
0.89944
0.89437
0.78055
0.83159
0.89831
0.93363
0.92143
0.89457
0.8902
0.8341
0.8231
0.83873
0.84112
0.90146
0.90952
0.86828
0.82853
0.8348
0.85482
0.7396
0.70292
0.72952
0.75172
0.70283
0.7277
0.69636
0.70582
0.70563
0.72998
0.75455
0.80418
0.8065
0.80506
0.79501
0.73294
0.7257
0.74627
0.73421
0.6991
0.71871
0.71547
0.67032
0.68022
0.60622
0.57988
0.61224
0.61723
0.59803
0.587
0.61416
0.65525
0.69263
0.67286
0.66942
0.70868
0.72518
0.71381
0.69575
0.70271
0.70772
0.71133
0.69477
0.78837
0.81808
0.81846
0.81347
0.78689
0.77396
0.73127
0.66963
0.70491
0.71784
0.7236
0.70964
0.72099
0.7188
0.68974
0.66897
0.67188
0.73211
0.7053
0.72273
0.74645
0.74731
0.74172
0.6988
0.69374
0.71145
0.70165
0.69716
0.69532
0.69493
0.70552
0.73914
0.74555
0.75454
0.72234
0.65647
0.63637
0.70982
0.74212
0.76707
0.80785
0.75441
0.90135
0.94557
0.95434
0.9792
0.97386
0.96624
0.92803
0.93787
0.93628
0.91413
0.89277
0.80867
0.94629
0.81707
0.78061
0.81303
0.77914
0.76399
0.70326
0.62664
0.74401
0.94218
0.83419
0.76347
0.77438
0.70046
0.6848
0.66055
0.68296
0.69306
0.70814
0.63675
0.60644
0.62288
0.69693
0.6018
0.60326
0.58902
0.59707
0.56578
0.50904
0.56913
0.65263
0.72793
0.74659
0.74701
0.70313
0.61232
0.45745
0.36787
0.39558
0.39156
0.40603
0.57587
0.60171
0.73632
0.74391
0.73171
0.68496
0.69162
0.65759
0.66592
0.65806
0.50308
0.447
0.47602
0.56784
0.64228
0.63082
0.67428
0.67109
0.6279
0.63459
0.64735
0.67549
0.69658
0.6481
0.62587
0.53294
0.4763
0.45363
0.46248
0.49658
0.48962
0.4866
0.48986
0.43578
0.38868
0.34995
0.33324
0.37107
0.53541
0.53165
0.47678
0.47216
0.52908
0.58809
0.64469
0.6667
0.69118
0.74879
0.7348
0.73448
0.7808
0.86303
0.82929
0.87444
0.93491
0.87869
0.90966
0.94106
0.88182
0.902
0.86822
0.82205
0.81773
0.92729
0.8751
0.86924
0.85582
0.93591
0.95258
0.95335
0.8987
0.84168
0.86285
0.8761
0.85266
0.85103
0.8371
0.79195
0.78259
0.80135
0.83477
0.83103
0.87198
0.89473
0.89261
0.9568
0.9617
0.96823
0.97045
0.97036
0.95905
0.95776
0.94829
0.84905
0.89514
0.91617
0.92641
0.87675
0.86358
0.89841
0.87616
0.87342
0.88665
0.93628
0.91556
0.96587
0.91302
0.96569
0.95816
0.97685
0.96981
0.97148
0.97231
0.94709
0.94434
0.9184
0.89527
0.94125
0.90815
0.93695
0.90149
0.95097
0.95522
0.90806
0.87687
0.83887
0.81667
0.83776
0.84268
0.85444
0.83193
0.8496
0.82611
0.95556
0.87928
0.86312
0.82191
0.87451
0.96513
0.96577
0.95774
0.9478
0.95715
0.94401
0.95757
0.93673
0.85906
0.77699
0.72506
0.68332
0.70803
0.69911
0.71078
0.71092
0.60164
0.57879
0.51187
0.48055
0.47533
0.50744
0.58617
0.59465
0.57132
0.59752
0.67206
0.73089
0.78765
0.74098
0.72178
0.65962
0.60506
0.52016
0.51373
0.53191
0.55094
0.5073
0.59671
0.59892
0.59874
0.57397
0.63062
0.68657
0.72973
0.69729
0.67941
0.70062
0.69988
0.72241
0.63073
0.6748
0.85722
0.80274
0.74
0.74771
0.74657
0.69456
0.63581
0.57277
0.5749
0.55822
0.58925
0.5934
0.58802
0.65109
0.59264
0.62575
0.70741
0.63283
0.77645
0.80597
0.8216
0.79511
0.74314
0.68998
0.72795
0.78418
0.65669
0.59306
0.53564
0.55243
0.57728
0.97053
0.99422
0.99419
0.99146
0.98813
0.99234
0.96865
0.9592
0.94989
0.95677
0.94135
0.95952
0.94122
0.94532
0.93714
0.89053
0.88755
0.88211
0.86764
0.85289
0.73189
0.63761
0.55832
0.50703
0.70593
0.9183
0.94642
0.95296
0.89933
0.79445
0.77031
0.7925
0.90784
0.96892
0.97298
0.96987
0.95972
0.95309
0.94447
0.91226
0.92119
0.95748
0.9598
0.96203
0.96768
0.96097
0.96012
0.96353
0.96193
0.95489
0.9597
0.94165
0.94069
0.9284
0.91878
0.92683
0.91534
0.84662
0.92021
0.91485
0.91144
0.6678
0.65074
0.64464
0.64921
0.64268
0.66669
0.65858
0.6546
0.58993
0.57036
0.57811
0.88494
0.91246
0.90956
0.90942
0.90955
0.90046
0.90777
0.90072
0.89318
0.73411
0.61804
0.5741
0.53185
0.60308
0.6354
0.64456
0.62106
0.57003
0.55159
0.539
0.50437
0.47208
0.46263
0.50745
0.54871
0.54609
0.54836
0.52985
0.51734
0.50641
0.48715
0.46637
0.50088
0.54158
0.57799
0.61042
0.63117
0.60962
0.6085
0.61947
0.64614
0.65188
0.60064
0.58253
0.65848
0.74322
0.76706
0.75691
0.75349
0.74789
0.73283
0.71795
0.68547
0.6063
0.5851
0.60422
0.60786
0.61615
0.59169
0.55306
0.56921
0.68634
0.73258
0.68407
0.66945
0.67206
0.64774
0.64832
0.65011
0.63655
0.60887
0.60255
0.60029
0.60171
0.53096
0.47981
0.47139
0.54007
0.90077
0.96695
0.99956
0.96026
0.68659
0.65955
0.67814
0.69251
0.69539
0.70595
0.66504
0.87142
0.87121
0.87396
0.8769
0.86925
0.84645
0.88346
0.86854
0.8311
0.88666
0.87914
0.87801
0.82039
0.79782
0.78675
0.78896
0.77844
0.77131
0.77886
0.73136
0.7041
0.65072
0.64132
0.62981
0.60774
0.58726
0.58532
0.59553
0.59755
0.58913
0.61903
0.62396
0.58084
0.54678
0.73529
0.83991
0.80339
0.79973
0.80718
0.79951
0.77277
0.77128
0.77403
0.7725
0.76137
0.77146
0.72862
0.709
0.69137
0.67698
0.68004
0.6893
0.68662
0.70876
0.76314
0.73047
0.8874
0.90185
0.88772
0.88655
0.82949
0.87226
0.89553
0.81475
0.80884
0.77398
0.79922
0.81945
0.84758
0.8347
0.83281
0.81486
0.8159
0.85544
0.86034
0.81979
0.81156
0.81349
0.82403
0.81126
0.79272
0.76005
0.74708
0.72898
0.70623
0.69222
0.69375
0.59028
0.63741
0.7011
0.69362
0.65998
0.62753
0.68731
0.56996
0.5889
0.60609
0.6886
0.73395
0.7511
0.71179
0.69913
0.69353
0.67623
0.63475
0.58354
0.52486
0.50579
0.57094
0.62574
0.6685
0.65
0.68298
0.66642
0.68594
0.67456
0.69952
0.7323
0.68682
0.66186
0.59951
0.65963
0.61425
0.60474
0.59922
0.60637
0.66747
0.64545
0.60516
0.51566
0.43048
0.37542
0.37071
0.37581
0.44953
0.50259
0.54284
0.55857
0.57846
0.69375
0.71786
0.71646
0.71203
0.6753
0.61771
0.67488
0.71536
0.65271
0.63306
0.46911
0.40179
0.38324
0.35207
0.32632
0.3746
0.43914
0.35889
0.33799
0.34469
0.39924
0.42597
0.44116
0.44469
0.52039
0.58578
0.61201
0.6341
0.65119
0.63175
0.60631
0.61484
0.61417
0.59137
0.62155
0.60588
0.61867
0.5857
0.59816
0.61737
0.56806
0.5603
0.55939
0.53781
0.4818
0.47392
0.47052
0.49001
0.55042
0.67713
0.73191
0.71004
0.71471
0.69735
0.69487
0.6902
0.70101
0.71645
0.72633
0.68805
0.73837
0.844
0.85813
0.863
0.86462
0.82744
0.77502
0.81661
0.8654
0.86876
0.87556
0.85422
0.87171
0.86633
0.87445
0.8757
0.88293
0.87461
0.88477
0.88466
0.88282
0.86787
0.85827
0.87651
0.88211
0.86149
0.86019
0.84044
0.80567
0.73179
0.68952
0.6756
0.62951
0.55405
0.43798
0.38867
0.43891
0.50332
0.62114
0.70816
0.68734
0.68981
0.68615
0.68224
0.67699
0.68339
0.65584
0.6588
0.62796
0.60998
0.5799
0.56785
0.57202
0.55764
0.59547
0.64396
0.62123
0.60787
0.62595
0.67163
0.65704
0.68497
0.7039
0.72299
0.70328
0.70771
0.71374
0.70814
0.70875
0.7148
0.72555
0.7362
0.74507
0.74271
0.74502
0.74412
0.74186
0.72631
0.72419
0.72935
0.74514
0.75795
0.77406
0.75708
0.75477
0.76014
0.755
0.80464
0.80555
0.7852
0.77673
0.77308
0.78139
0.7731
0.77959
0.78882
0.7842
0.7229
0.70993
0.66977
0.75855
0.71578
0.78649
0.83558
0.85505
0.87978
0.8079
0.79512
0.74118
0.67462
0.52573
0.4418
0.46234
0.39096
0.41531
0.39551
0.35586
0.34771
0.34338
0.3517
0.42336
0.37235
0.37267
0.51752
0.38694
0.59102
0.62388
0.62532
0.60534
0.57786
0.5825
0.60541
0.61244
0.59164
0.64966
0.65817
0.62486
0.56871
0.51313
0.469
0.42486
0.45778
0.44879
0.46803
0.47264
0.55052
0.55583
0.59408
0.56047
0.53932
0.48955
0.56527
0.46004
0.4848
0.42574
0.43305
0.53237
0.56555
0.59347
0.61408
0.52477
0.57674
0.55528
0.65564
0.66261
0.67416
0.64426
0.64462
0.66438
0.6452
0.62733
0.61884
0.67523
0.66943
0.69689
0.64647
0.60289
0.59166
0.57227
0.57665
0.57579
0.57316
0.57477
0.57607
0.565
0.5652
0.62577
0.67207
0.6577
0.63027
0.64153
0.66321
0.56176
0.54126
0.53384
0.47155
0.41901
0.50698
0.59466
0.62043
0.62184
0.62285
0.63463
0.66564
0.6392
0.55816
0.48111
0.41255
0.39064
0.37445
0.39807
0.41779
0.47936
0.53565
0.61714
0.63946
0.57583
0.54232
0.54523
0.63027
0.66109
0.6278
0.57709
0.54508
0.54315
0.56915
0.58468
0.54658
0.52012
0.56406
0.61095
0.65774
0.65821
0.65184
0.61244
0.55773
0.62487
0.65601
0.66013
0.65324
0.64734
0.61647
0.54426
0.49638
0.49218
0.48538
0.41883
0.49321
0.54049
0.72602
0.7265
0.7354
0.74282
0.74101
0.64228
0.78985
0.85861
0.88674
0.8997
0.89965
0.85357
0.67712
0.60122
0.59433
0.5796
0.56714
0.55699
0.55617
0.56334
0.56733
0.57027
0.55594
0.54466
0.53293
0.56248
0.62433
0.64227
0.68543
0.70996
0.76219
0.75806
0.77002
0.76681
0.76078
0.75553
0.75666
0.76783
0.78254
0.79076
0.74307
0.73046
0.78627
0.78306
0.78426
0.77643
0.77415
0.76265
0.73134
0.70584
0.62831
0.48799
0.4942
0.54994
0.55903
0.53252
0.46943
0.64113
0.57848
0.74288
0.75752
0.76021
0.76567
0.76738
0.70918
0.76784
0.78833
0.79225
0.7795
0.68583
0.64445
0.49591
0.52257
0.50626
0.46437
0.479
0.46491
0.47375
0.47908
0.50816
0.52351
0.51721
0.50412
0.49948
0.48936
0.52792
0.53195
0.52352
0.55331
0.55647
0.56267
0.58353
0.52349
0.51125
0.47475
0.46287
0.45884
0.44922
0.45324
0.45031
0.45668
0.45477
0.44164
0.42957
0.46495
0.53654
0.54941
0.56756
0.57578
0.57241
0.56148
0.56236
0.55506
0.55032
0.53254
0.51403
0.53453
0.5888
0.5647
0.54588
0.53836
0.53173
0.5276
0.52213
0.49994
0.49517
0.5229
0.52432
0.52524
0.51578
0.50217
0.52281
0.54354
0.57702
0.60965
0.63409
0.65133
0.67372
0.69025
0.69545
0.67661
0.676
0.69793
0.72567
0.7379
0.73851
0.7395
0.71928
0.66442
0.58396
0.57279
0.58948
0.6029
0.62076
0.61414
0.61244
0.6208
0.63421
0.64878
0.63134
0.6527
0.6631
0.7148
0.73201
0.74575
0.72763
0.68162
0.68704
0.68857
0.64065
0.65852
0.65552
0.62667
0.59325
0.5725
0.55045
0.52401
0.57279
0.57882
0.66888
0.6649
0.64657
0.61254
0.53508
0.45375
0.46416
0.49545
0.48638
0.50757
0.53808
0.5374
0.54015
0.52434
0.48482
0.47166
0.45901
0.43263
0.41329
0.35967
0.29231
0.25799
0.31445
0.36156
0.38494
0.37244
0.3604
0.32696
0.25754
0.21507
0.20412
0.1961
0.20974
0.19214
0.28981
0.35343
0.43171
0.49024
0.39876
0.47349
0.51111
0.45732
0.60444
0.68413
0.691
0.68717
0.69085
0.68342
0.68873
0.71143
0.69598
0.68705
0.67269
0.63986
0.61193
0.5887
0.59435
0.61479
0.64096
0.68031
0.68245
0.68882
0.69312
0.68919
0.68721
0.68524
0.6902
0.68072
0.6916
0.69797
0.70658
0.70994
0.72409
0.72282
0.72366
0.72797
0.73119
0.73037
0.73346
0.75972
0.7456
0.73024
0.73355
0.7339
0.73836
0.7341
0.73582
0.74134
0.76104
0.83268
0.82745
0.79425
0.76296
0.7567
0.74236
0.6943
0.64776
0.63498
0.60607
0.57806
0.58568
0.57419
0.56364
0.52626
0.50322
0.51739
0.50798
0.49845
0.44645
0.41468
0.42996
0.43313
0.45206
0.53665
0.72538
0.73233
0.56726
0.51265
0.50574
0.50046
0.47694
0.48946
0.49904
0.53638
0.57123
0.58425
0.63362
0.69184
0.6788
0.66308
0.6597
0.65211
0.65823
0.65632
0.65144
0.55841
0.46282
0.42135
0.39099
0.37681
0.34734
0.3037
0.23193
0.2102
0.23702
0.25411
0.4188
0.5747
0.59554
0.60407
0.57918
0.55503
0.56865
0.55438
0.63983
0.81772
0.68546
0.68204
0.67464
0.67011
0.66335
0.65642
0.63461
0.58191
0.58261
0.57707
0.51396
0.50638
0.48598
0.4449
0.38176
0.39645
0.41394
0.53832
0.53592
0.54792
0.57342
0.60241
0.62575
0.62897
0.77079
0.76565
0.60776
0.57992
0.58806
0.60239
0.62102
0.65008
0.65928
0.64307
0.49648
0.38168
0.35898
0.60086
0.76965
0.7933
0.7933
0.80315
0.79967
0.70952
0.58535
0.51255
0.5352
0.73504
0.78404
0.80846
0.81907
0.8246
0.82217
0.81973
0.82002
0.82312
0.82379
0.81584
0.80186
0.76473
0.81881
0.83489
0.83754
0.83223
0.82744
0.81655
0.81339
0.79795
0.79022
0.56173
0.4309
0.48764
0.40301
0.39629
0.25662
0.75586
0.70991
0.71689
0.69201
0.67108
0.77086
0.77622
0.78497
0.75132
0.79059
0.80755
0.79194
0.79174
0.81727
0.84312
0.85251
0.84522
0.82181
0.81786
0.8024
0.79466
0.45406
0.44743
0.42909
0.51766
0.56601
0.60133
0.64452
0.71357
0.68476
0.70522
0.74794
0.76352
0.71521
0.69229
0.75425
0.78093
0.79449
0.82648
0.85429
0.8671
0.87518
0.88543
0.85402
0.82988
0.85031
0.90014
0.88229
0.86304
0.8543
0.8201
0.81491
0.796
0.78343
0.77723
0.77604
0.77827
0.75628
0.74761
0.74117
0.74478
0.74155
0.74751
0.74291
0.73783
0.74555
0.74663
0.73031
0.73174
0.74495
0.71756
0.70856
0.67534
