0.4982
0.46551
0.39509
0.3679
0.44213
0.46217
0.43894
0.42308
0.4003
0.35632
0.30653
0.26613
0.26137
0.26551
0.31353
0.42987
0.43566
0.43168
0.49878
0.49492
0.59858
0.74705
0.79313
0.8473
0.86691
0.87518
0.71422
0.48469
0.44236
0.41484
0.44231
0.44228
0.38971
0.42953
0.50993
0.77496
0.77496
0.74236
0.7282
0.57943
0.58513
0.45244
0.50756
0.45697
0.2717
0.35123
0.69738
0.84016
0.85587
0.857
0.84218
0.83274
0.83626
0.85121
0.59317
0.59115
0.56202
0.55071
0.52242
0.54622
0.54083
0.53059
0.52587
0.53072
0.54503
0.54141
0.54527
0.55276
0.56219
0.56548
0.56551
0.57257
0.57281
0.55694
0.55216
0.55638
0.5539
0.57842
0.79526
0.81215
0.82402
0.84685
0.85041
0.84122
0.83562
0.83482
0.85375
0.85597
0.85416
0.85194
0.84347
0.83187
0.82632
0.82089
0.81922
0.81136
0.79992
0.78777
0.7875
0.77971
0.77386
0.76
0.74541
0.63996
0.55787
0.51417
0.48411
0.45355
0.41179
0.38036
0.33977
0.29329
0.29831
0.31793
0.31828
0.31455
0.31081
0.27639
0.23392
0.22485
0.23633
0.28325
0.47827
0.79058
0.79723
0.79877
0.7867
0.75124
0.73574
0.72021
0.72264
0.67771
0.5592
0.56975
0.66603
0.69154
0.68453
0.67124
0.66606
0.65245
0.64316
0.64857
0.65615
0.64261
0.63894
0.56397
0.52248
0.48103
0.47284
0.447
0.43711
0.43789
0.43446
0.37811
0.34838
0.33344
0.35778
0.41018
0.44834
0.53238
0.55604
0.74121
0.73786
0.65422
0.59013
0.57175
0.75798
0.77763
0.77231
0.7467
0.71841
0.64407
0.5591
0.49045
0.43178
0.45032
0.54664
0.62881
0.90394
0.88392
0.82262
0.76325
0.67144
0.57784
0.51577
0.4372
0.34671
0.29769
0.22981
0.22866
0.42952
0.47301
0.44926
0.35254
0.4773
0.72293
0.65749
0.72894
0.73608
0.73597
0.74924
0.75512
0.75651
0.75922
0.7512
0.74452
0.73572
0.7258
0.71851
0.70304
0.67166
0.67529
0.67641
0.6387
0.7497
0.78849
0.79464
0.79124
0.78368
0.77445
0.78063
0.79122
0.79224
0.78784
0.78693
0.77902
0.77866
0.76918
0.75517
0.7554
0.74401
0.74519
0.72318
0.71264
0.6245
0.55643
0.49588
0.4612
0.45531
0.46243
0.48053
0.48763
0.51927
0.68092
0.69208
0.70747
0.74153
0.75073
0.75907
0.75499
0.75259
0.74722
0.74548
0.74133
0.74154
0.74225
0.7405
0.74161
0.74074
0.74517
0.74206
0.74697
0.75396
0.75341
0.74509
0.71716
0.7052
0.69768
0.69457
0.72622
0.72221
0.71464
0.69872
0.59496
0.50066
0.38891
0.39095
0.38652
0.34076
0.31395
0.29355
0.33074
0.54081
0.48492
0.44599
0.43318
0.42371
0.41487
0.40477
0.37981
0.34696
0.31284
0.28246
0.24769
0.22896
0.22785
0.23489
0.35784
0.39155
0.42981
0.48805
0.47924
0.44699
0.35667
0.35673
0.35007
0.36817
0.34979
0.34315
0.36913
0.36749
0.36474
0.37424
0.37007
0.37363
0.38226
0.39269
0.41304
0.42557
0.42256
0.41811
0.4165
0.40623
0.38661
0.36731
0.356
0.3469
0.35122
0.35862
0.37438
0.39734
0.47122
0.54792
0.55152
0.56978
0.75463
0.72918
0.56351
0.72706
0.75091
0.75145
0.75602
0.75963
0.65532
0.57165
0.53978
0.51012
0.43676
0.29435
0.3882
0.39281
0.30783
0.31466
0.36655
0.40066
0.48226
0.80367
0.80267
0.80333
0.80792
0.81006
0.81186
0.81307
0.80858
0.80602
0.80065
0.80497
0.80302
0.80891
0.81394
0.80466
0.80644
0.80506
0.80577
0.80616
0.80458
0.79925
0.79479
0.78796
0.80771
0.8038
0.80037
0.77223
0.6616
0.51101
0.4002
0.46382
0.5477
0.61962
0.64861
0.64105
0.63436
0.61318
0.61277
0.639
0.67849
0.77566
0.69136
0.69815
0.54786
0.50066
0.54979
0.72646
0.74797
0.74566
0.7435
0.74499
0.73625
0.73286
0.73477
0.73474
0.73705
0.73869
0.73847
0.73849
0.74213
0.74503
0.74575
0.67677
0.60675
0.59338
0.60497
0.76177
0.75561
0.76078
0.75808
0.75088
0.74637
0.60487
0.55001
0.52031
0.50013
0.46773
0.43768
0.42922
0.43478
0.45133
0.46296
0.48836
0.49924
0.5061
0.50679
0.50247
0.5473
0.58677
0.60932
0.58727
0.55625
0.5986
0.70417
0.70594
0.70743
0.70336
0.68498
0.6282
0.58286
0.55863
0.55676
0.54568
0.54206
0.50572
0.75207
0.76413
0.77396
0.77908
0.77889
0.77854
0.78872
0.79598
0.78996
0.77821
0.76534
0.55887
0.51209
0.48664
0.43295
0.36103
0.26623
0.20965
0.18956
0.28633
0.27325
0.42421
0.72087
0.42934
0.40653
0.42183
0.37228
0.38468
0.43147
0.4414
0.42071
0.41658
0.41657
0.44781
0.46501
0.45084
0.45596
0.47507
0.49461
0.49593
0.50246
0.49399
0.48217
0.48052
0.48082
0.47921
0.48159
0.4876
0.49423
0.50048
0.49495
0.50825
0.75908
0.69988
0.70642
0.61971
0.59115
0.63153
0.68281
0.7094
0.71309
0.70898
0.70428
0.62267
0.68442
0.72019
0.72456
0.73509
0.76893
0.80353
0.81765
0.80819
0.79156
0.80167
0.661
0.54777
0.53947
0.5358
0.56059
0.66955
0.74346
0.61864
0.56752
0.58869
0.56565
0.53786
0.53398
0.54133
0.58139
0.7522
0.57161
0.5767
0.56845
0.57441
0.57548
0.60601
0.57806
0.54719
0.53941
0.54078
0.56209
0.55202
0.54102
0.53106
0.50568
0.4898
0.47682
0.45401
0.43966
0.39297
0.36434
0.3106
0.28782
0.29021
0.30216
0.34461
0.40095
0.42109
0.45477
0.69559
0.69151
0.67335
0.76513
0.75155
0.74921
0.61544
0.5228
0.49585
0.49643
0.50778
0.51267
0.51774
0.5196
0.52617
0.52069
0.5043
0.48693
0.46718
0.43223
0.43907
0.49465
0.48426
0.4664
0.47041
0.45801
0.45212
0.43898
0.43548
0.41356
0.38955
0.39776
0.37472
0.3522
0.34496
0.3409
0.35267
0.36996
0.43735
0.48306
0.49091
0.48548
0.4723
0.43572
0.4306
0.42322
0.41588
0.4169
0.42017
0.42234
0.42747
0.44019
0.44971
0.44201
0.45529
0.46109
0.45804
0.47045
0.46702
0.48108
0.52708
0.71552
0.65918
0.50857
0.48884
0.45535
0.44761
0.43835
0.42545
0.41126
0.39832
0.39205
0.3989
0.3701
0.32847
0.35717
0.40134
0.43865
0.41622
0.35817
0.3496
0.3808
0.47359
0.48927
0.49042
0.46464
0.48788
0.53274
0.54169
0.53749
0.54305
0.55044
0.55938
0.5771
0.57221
0.56087
0.58465
0.82611
0.82931
0.82841
0.80863
0.80725
0.78519
0.66709
0.56388
0.50818
0.4824
0.47092
0.4617
0.45588
0.46592
0.53899
0.60427
0.56838
0.55959
0.70176
0.70805
0.68298
0.69329
0.74801
0.75247
0.72484
0.73642
0.77057
0.82924
0.81959
0.82282
0.78946
0.71398
0.66262
0.72265
0.78748
0.78221
0.78416
0.79413
0.8078
0.81261
0.8119
0.80944
0.81268
0.80317
0.77144
0.75359
0.76176
0.78062
0.79205
0.57359
0.4264
0.52044
0.45453
0.41109
0.41459
0.4215
0.81115
0.81498
0.81901
0.82394
0.83154
0.83585
0.82824
0.81669
0.78358
0.59335
0.44205
0.40735
0.5042
0.54976
0.62297
0.83406
0.51479
0.41793
0.39541
0.38059
0.37803
0.37255
0.37925
0.4127
0.44279
0.42322
0.35525
0.37557
0.38888
0.40061
0.41335
0.40651
0.40466
0.38341
0.36352
0.33314
0.2728
0.24501
0.1995
0.23426
0.25576
0.39524
0.58207
0.78398
0.80373
0.81881
0.83475
0.83901
0.83804
0.83231
0.8148
0.79996
0.7824
0.76941
0.70511
0.79385
0.65959
0.72868
0.7919
0.80693
0.81952
0.82655
0.8316
0.83554
0.69172
0.64145
0.60086
0.59076
0.5884
0.5854
0.58641
0.57324
0.54624
0.48972
0.44278
0.45292
0.48552
0.46505
0.5211
0.65911
0.42339
0.3599
0.40905
0.40192
0.40494
0.44803
0.47465
0.49535
0.41046
0.37321
0.34783
0.28397
0.28175
0.32093
0.30802
0.30743
0.36373
0.52557
0.84177
0.85099
0.87982
0.89311
0.90216
0.90518
0.89678
0.86951
0.85539
0.84321
0.81611
0.60156
0.55572
0.54049
0.51153
0.49059
0.49658
0.33909
0.21027
0.26997
0.30731
0.44747
0.42783
0.40307
0.41271
0.40327
0.44419
0.42849
0.37171
0.33717
0.57908
0.51907
0.47449
0.42521
0.34585
0.47697
0.55429
0.68161
0.84867
0.84489
0.8462
0.84079
0.83803
0.81902
0.82051
0.81997
0.80441
0.75006
0.62279
0.52391
0.44118
0.44585
0.56367
0.87017
0.7851
0.76563
0.67283
0.57078
0.52731
0.48067
0.45568
0.43079
0.41932
0.39726
0.39006
0.43601
0.48187
0.7009
0.79373
0.81492
0.81599
0.81345
0.79021
0.77783
0.76621
0.74355
0.7667
0.76262
0.71696
0.65445
0.56818
0.55035
0.50494
0.51316
0.65436
0.57444
0.53942
0.54509
0.52811
0.48698
0.45275
0.45582
0.46433
0.47783
0.52264
0.5431
0.49529
0.47377
0.48047
0.48774
0.49707
0.48303
0.47754
0.48756
0.46582
0.43926
0.4057
0.38843
0.37785
0.38692
0.43252
0.48885
0.48561
0.48988
0.50212
0.50337
0.50567
0.51891
0.5194
0.49558
0.46585
0.43404
0.3831
0.40667
0.38898
0.4237
0.44604
0.44024
0.44506
0.49178
0.58467
0.57859
0.61914
0.63969
0.63129
0.59099
0.5333
0.51246
0.51776
0.5219
0.53453
0.62458
0.89153
0.89399
0.90123
0.88654
0.86821
0.87198
0.87079
0.87157
0.84808
0.85206
0.81662
0.76664
0.68869
0.55711
0.52951
0.50707
0.49272
0.45413
0.42275
0.43336
0.42646
0.4395
0.44519
0.47328
0.45983
0.44694
0.47315
0.46715
0.47437
0.46351
0.45196
0.4638
0.48123
0.51768
0.56272
0.55324
0.52735
0.54446
0.57652
0.57387
0.58808
0.61222
0.59739
0.58993
0.59376
0.52624
0.53542
0.53265
0.51923
0.48727
0.45912
0.44787
0.46511
0.47093
0.48143
0.49423
0.50041
0.48111
0.45918
0.46445
0.49041
0.52457
0.52541
0.52358
0.49969
0.45419
0.42057
0.39578
0.39161
0.38645
0.38731
0.38858
0.3756
0.36705
0.4277
0.4631
0.5051
0.52755
0.56051
0.58976
0.58511
0.55407
0.52855
0.50928
0.54952
0.57754
0.59706
0.5992
0.58892
0.56531
0.56212
0.56151
0.55775
0.55955
0.57222
0.59788
0.61601
0.62306
0.64007
0.55781
0.53632
0.52824
0.57373
0.62361
0.57463
0.55507
0.56893
0.58821
0.51095
0.5341
0.52505
0.53941
0.54923
0.57573
0.53716
0.51404
0.51672
0.5328
0.5552
0.54612
0.5408
0.49355
0.46973
0.55628
0.74375
0.92125
0.9159
0.87797
0.7634
0.69858
0.81557
0.82061
0.86303
0.78925
0.76563
0.78105
0.77741
0.75159
0.72243
0.75113
0.64321
0.51134
0.42592
0.45698
0.49841
0.45193
0.52908
0.76604
0.89145
0.85616
0.76215
0.82986
0.88303
0.8918
0.8841
0.88777
0.89646
0.8998
0.89733
0.90602
0.91274
0.90928
0.90076
0.88537
0.84577
0.7938
0.72688
0.56874
0.56008
0.5951
0.62571
0.61309
0.50695
0.51402
0.57352
0.58271
0.62429
0.64427
0.64671
0.6612
0.72966
0.55645
0.5532
0.64493
0.84918
0.87502
0.98616
0.99217
0.96366
0.95397
0.93118
0.92903
0.93156
0.91596
0.92394
0.9067
0.88766
0.89996
0.90798
0.94846
0.89708
0.77009
0.73757
0.72554
0.70337
0.67472
0.6335
0.61298
0.58062
0.55299
0.53728
0.52554
0.50582
0.52855
0.54877
0.56076
0.58983
0.58253
0.60057
0.60384
0.566
0.56262
0.61146
0.53913
0.53138
0.53857
0.50144
0.54885
0.5996
0.59352
0.56161
0.52714
0.49124
0.47343
0.47514
0.52872
0.58396
0.6237
0.63896
0.6668
0.67639
0.68613
0.74672
0.77018
0.82473
0.9152
0.84438
0.90768
0.92523
0.95592
0.95
0.95446
0.96122
0.95399
0.94506
0.92634
0.93901
0.85908
0.64388
0.64125
0.66508
0.65488
0.63188
0.62189
0.61163
0.6023
0.57457
0.58372
0.62109
0.71001
0.78958
0.8326
0.85989
0.86286
0.7665
0.66142
0.68759
0.68152
0.63653
0.58264
0.56394
0.52122
0.50656
0.52878
0.55591
0.58813
0.56712
0.56777
0.5614
0.67315
0.72391
0.75889
0.77055
0.82665
0.86689
0.9722
0.99933
0.97408
0.90943
0.83127
0.76575
0.59143
0.55402
0.59021
0.65521
0.78595
0.84924
0.62971
0.60167
0.58398
0.55835
0.53966
0.54024
0.60152
0.65032
0.69998
0.78415
0.81043
0.77599
0.79319
0.83644
0.66522
0.6663
0.70607
0.73672
0.75864
0.71272
0.70357
0.77779
0.81032
0.81566
0.92943
0.98984
0.98455
0.89217
0.71803
0.58319
0.77452
0.59041
0.58374
0.5487
0.52931
0.54976
0.55508
0.61047
0.67664
0.9863
0.78032
0.99864
0.69957
0.70698
0.70372
0.60832
0.59957
0.53317
0.57484
0.65076
0.59598
0.5308
0.60438
0.68143
0.68357
0.68967
0.72173
0.99141
0.99148
0.99173
0.98092
0.99495
0.97026
0.90027
0.86372
0.84004
0.80614
0.68597
0.64903
0.67039
0.6897
0.69569
0.704
0.61965
0.62366
0.61561
0.74493
0.70667
0.72858
0.78582
0.86964
0.59722
0.50151
0.47636
0.48081
0.4763
0.47723
0.47941
0.50481
0.58219
0.6038
0.64591
0.65142
0.62203
0.63007
0.56912
0.50073
0.49905
0.4978
0.51251
0.5102
0.50118
0.47608
0.46499
0.50915
0.56128
0.5607
0.55862
0.55445
0.53756
0.53285
0.4625
0.44947
0.64506
0.62443
0.60348
0.58116
0.57597
0.5729
0.56468
0.5661
0.56347
0.54785
0.56677
0.57969
0.60107
0.80721
0.90079
0.81054
0.63359
0.64377
0.53854
0.54248
0.5269
0.5109
0.48229
0.51608
0.55305
0.54982
0.53849
0.57009
0.57754
0.57584
0.6108
0.62571
0.6243
0.57758
0.53036
0.52599
0.54987
0.54162
0.56032
0.57448
0.5691
0.54317
0.52986
0.51393
0.54988
0.60991
0.55969
0.51322
0.55213
0.57072
0.53646
0.54706
0.628
0.68031
0.65893
0.65809
0.6493
0.62523
0.59959
0.61231
0.62591
0.60181
0.64036
0.7289
0.78083
0.82682
0.87436
0.86398
0.87495
0.87766
0.78854
0.74574
0.73922
0.72824
0.7138
0.69943
0.68963
0.68037
0.71279
0.72375
0.7084
0.72888
0.74402
0.75785
0.78817
0.74013
0.61461
0.60792
0.62235
0.58509
0.57073
0.58352
0.59406
0.60406
0.63602
0.58882
0.55025
0.6511
0.65683
0.61881
0.54483
0.74388
1.0008
0.6693
0.76715
0.6944
0.60089
0.58048
0.45795
0.42623
0.4594
0.49155
0.52578
0.52621
0.53919
0.53864
0.58538
0.62986
0.68984
0.69087
0.68412
0.68837
0.68116
0.66375
0.6562
0.64005
0.63939
0.64317
0.63739
0.62946
0.6497
0.61312
0.5266
0.57137
0.5929
0.56108
0.58697
0.61369
0.63245
0.65772
0.56937
0.53829
0.4509
0.49115
0.64873
0.63543
0.56707
0.62438
0.64681
0.6788
0.7712
0.73131
0.65016
0.63057
0.5621
0.38219
0.31064
0.40488
0.66958
0.74248
0.81251
0.85471
0.80836
0.70449
0.76552
0.86273
0.99558
0.999
0.99794
0.99696
0.99551
0.99866
1.0001
1.0008
0.76353
0.72096
0.67512
0.64981
0.63437
0.59096
0.55772
0.57791
0.55463
0.59004
0.6391
0.69472
0.86207
0.79311
0.72208
0.70442
0.67061
0.68495
0.69189
0.65875
0.64272
0.63379
0.60937
0.58755
0.58422
0.61148
0.64815
0.67335
0.66146
0.58756
0.52472
0.52495
0.52263
0.53314
0.53217
0.55462
0.56201
0.57052
0.59505
0.58692
0.57624
0.57217
0.57629
0.6007
0.57642
0.62781
0.708
0.69005
0.68411
0.64166
0.62498
0.62145
0.61522
0.60022
0.61589
0.70958
0.76995
0.77845
0.77853
0.78277
0.78359
0.78118
0.77031
0.71936
0.70717
0.72469
0.71601
0.70932
0.69973
0.67451
0.62435
0.59079
0.63425
0.6107
0.58972
0.5482
0.54248
0.57694
0.66127
0.65047
0.67078
0.72921
0.771
0.72881
0.68727
0.71144
0.74356
0.74842
0.73693
0.74638
0.73849
0.75712
0.79515
0.77391
0.69481
0.64969
0.62694
0.62119
0.6128
0.62896
0.60206
0.5886
0.61895
0.60654
0.65724
0.76656
0.82549
0.82643
0.79494
0.75749
0.73158
0.71908
0.68827
0.67231
0.66625
0.69536
0.68009
0.65853
0.64117
0.63389
0.61694
0.60293
0.5861
0.58462
0.58815
0.57027
0.55967
0.53682
0.52838
0.53596
0.50524
0.50766
0.46968
0.5263
0.66423
0.7353
0.74528
0.7187
0.61835
0.53986
0.49464
0.48946
0.48004
0.45504
0.43118
0.42773
0.4157
0.39937
0.39564
0.39719
0.38408
0.44055
0.50254
0.55612
0.62451
0.60924
0.6208
0.56926
0.55012
0.51979
0.5078
0.51572
0.53091
0.52235
0.58029
0.63746
0.71909
0.68384
0.76943
0.82369
0.85116
0.83093
0.82933
0.85618
0.93875
0.92331
0.86292
0.74298
0.8685
0.86916
0.99914
0.99939
0.99587
0.991
0.98502
0.98364
0.98057
0.96511
0.91807
0.86117
0.80699
0.71667
0.63087
0.57465
0.55221
0.56092
0.61392
0.56468
0.53178
0.48814
0.50533
0.48359
0.45025
0.44256
0.47634
0.45835
0.48174
0.48874
0.57691
0.89499
0.98321
0.91931
0.89024
0.82033
0.60523
0.47476
0.52944
0.53759
0.48123
0.44076
0.44554
0.45245
0.44766
0.44007
0.43136
0.43296
0.45336
0.62427
0.99113
0.99915
0.99933
0.99897
0.99709
0.9364
0.52566
0.47328
0.45991
0.45667
0.44144
0.44185
0.42217
0.41841
0.4224
0.41003
0.41341
0.41881
0.44496
0.47706
0.49759
0.48284
0.46845
0.51429
0.58692
0.70105
0.98994
0.98397
0.99832
0.98773
0.96968
0.95365
0.84035
0.95186
0.93653
0.96317
0.97468
0.95316
0.93647
0.92313
0.86486
0.85719
0.77922
0.70143
0.76835
0.6979
0.75237
0.7025
0.69305
0.65802
0.5868
0.56675
0.56356
0.58683
0.57431
0.55538
0.51832
0.49111
0.4942
0.50901
0.48579
0.51018
0.54391
0.52772
0.58234
0.53443
0.54731
0.48773
0.55995
0.6019
0.66207
0.67438
0.66167
0.69254
0.77019
0.75932
0.6823
0.93004
0.81792
0.78317
0.81848
0.67787
0.583
0.51733
0.518
0.52683
0.63958
0.69821
0.78023
0.79664
0.83525
0.78843
0.76924
0.55464
0.50533
0.46978
0.41857
0.40422
0.40251
0.38938
0.39329
0.42177
0.43177
0.4181
0.39011
0.37156
0.38848
0.40886
0.48673
0.4917
0.54001
0.57882
0.52631
0.51036
0.54798
0.62169
0.73095
0.75617
0.70091
0.72711
0.76813
0.81353
0.9576
0.91102
0.90088
0.8674
0.8924
0.8755
0.82347
0.74736
0.72818
0.77439
0.93008
0.90513
0.80064
0.79745
0.60885
0.50467
0.44607
0.46938
0.51995
0.58583
0.62443
0.62911
0.58721
0.5573
0.54492
0.56635
0.64799
0.6918
0.67436
0.64069
0.59252
0.54643
0.48807
0.4966
0.55472
0.5751
0.64155
0.74767
0.93277
0.93893
0.93491
0.94725
0.91667
0.73342
0.55496
0.51423
0.48124
0.45876
0.47646
0.50527
0.52023
0.52944
0.52906
0.50892
0.47812
0.45749
0.47097
0.50131
0.51472
0.52389
0.5091
0.51891
0.50298
0.48509
0.50535
0.5208
0.545
0.54908
0.54408
0.5262
0.51389
0.52003
0.53637
0.55653
0.58482
0.59228
0.5747
0.54545
0.56959
0.70326
0.72136
0.79679
0.90397
0.90826
0.9121
0.91991
0.91988
0.92294
0.92903
0.92911
0.92778
0.93186
0.93883
0.93435
0.94328
0.93938
0.88632
0.71047
0.56841
0.57232
0.60187
0.61167
0.59287
0.55537
0.52583
0.52216
0.5341
0.54027
0.49237
0.43382
0.43998
0.40314
0.39432
0.38821
0.37928
0.36866
0.37196
0.38978
0.40447
0.40173
0.3929
0.38035
0.35993
0.38023
0.38229
0.41212
0.47328
0.56259
0.55034
0.53708
0.52167
0.54281
0.54664
0.49475
0.51126
0.50309
0.48781
0.47396
0.4555
0.44892
0.42587
0.39557
0.38522
0.37768
0.38972
0.40596
0.41907
0.43654
0.48145
0.48991
0.52858
0.52268
0.51124
0.50034
0.51992
0.55215
0.58262
0.5973
0.60128
0.5775
0.57183
0.56453
0.55055
0.54237
0.54639
0.54878
0.55898
0.53179
0.53774
0.54736
0.56322
0.5424
0.54947
0.54296
0.54838
0.55778
0.5741
0.58059
0.57705
0.59073
0.6011
0.62565
0.66423
0.66539
0.63823
0.61648
0.59903
0.57989
0.57269
0.59423
0.62883
0.65888
0.63152
0.61984
0.61536
0.58918
0.58136
0.56839
0.5722
0.58377
0.63271
0.64405
0.65883
0.67287
0.68182
0.88104
0.8943
0.90054
0.86421
0.75391
0.71619
0.70117
0.67485
0.63882
0.58588
0.5402
0.55424
0.55292
0.57958
0.615
0.66055
0.66882
0.7458
0.78914
0.81614
0.85349
0.86197
0.88991
0.88911
0.89072
0.89171
0.89319
0.88588
0.88338
0.88657
0.89289
0.89444
0.89496
0.88819
0.8866
0.87265
0.85769
0.83952
0.7602
0.68159
0.66874
0.65242
0.6098
0.59279
0.54387
0.48589
0.4392
0.4607
0.5198
0.52646
0.53988
0.55262
0.56456
0.5824
0.60692
0.61196
0.61536
0.60944
0.62262
0.60941
0.57637
0.54033
0.53534
0.5493
0.50749
0.50171
0.46649
0.46678
0.50291
0.56387
0.48517
0.52808
0.64192
0.59493
0.61874
0.5037
0.51177
0.54443
0.52079
0.56321
0.60019
0.58694
0.54996
0.57299
0.64062
0.8141
0.9296
0.91637
0.923
0.92716
0.91338
0.90967
0.90176
0.85962
0.70501
0.57438
0.53411
0.57166
0.53369
0.49539
0.47033
0.49284
0.8189
0.71419
0.48082
0.45214
0.48193
0.49162
0.49398
0.40836
0.40499
0.35118
0.33678
0.38976
0.47181
0.40709
0.36844
0.41343
0.60084
0.45683
0.425
0.45835
0.46408
0.47995
0.4298
0.36816
0.38251
0.47833
0.48156
0.49046
0.58023
0.47069
0.48123
0.51674
0.59201
0.55055
0.51317
0.52921
0.55827
0.59645
0.58662
0.56713
0.56007
0.50697
0.47267
0.52277
0.50201
0.4864
0.5411
0.49441
0.48634
0.48775
0.48016
0.46024
0.51446
0.41438
0.37447
0.35603
0.61139
0.46645
0.37526
0.34164
0.33512
0.34535
0.34652
0.38203
0.4356
0.48458
0.38878
0.39113
0.40536
0.43619
0.46871
0.50834
0.49298
0.48015
0.46574
0.44261
0.44364
0.45199
0.44307
0.40879
0.38981
0.37944
0.37482
0.39074
0.41191
0.44275
0.45053
0.4584
0.48587
0.54101
0.5351
0.64804
0.63238
0.58808
0.57802
0.56402
0.55713
0.52698
0.48349
0.44118
0.42231
0.40309
0.38638
0.38436
0.41853
0.45184
0.43908
0.41252
0.40583
0.38791
0.37469
0.38493
0.41791
0.44499
0.47909
0.51333
0.52925
0.55058
0.5476
0.54478
0.54084
0.52849
0.50254
0.46333
0.47893
0.45439
0.45391
0.40024
0.40405
0.39487
0.37198
0.35261
0.35716
0.39129
0.42436
0.53353
0.70578
0.80652
0.69839
0.7771
0.89089
0.89181
0.88409
0.87079
0.82519
0.67192
0.64115
0.63832
0.63143
0.6452
0.70663
0.56532
0.59944
0.60135
0.60626
0.72936
0.88571
0.88583
0.61854
0.56377
0.5536
0.55954
0.54797
0.56152
0.56732
0.56607
0.55692
0.54576
0.56387
0.57913
0.59049
0.60851
0.63204
0.67245
0.60658
0.56749
0.57422
0.51461
0.50275
0.50249
0.51237
0.52775
0.56213
0.61882
0.618
0.63085
0.62723
0.62699
0.79719
0.79952
0.77056
0.68965
0.61928
0.64798
0.63184
0.77767
0.78603
0.66592
0.59594
0.68438
0.7388
0.72211
0.63257
0.54666
0.50053
0.48575
0.48644
0.47251
0.4746
0.43426
0.43282
0.50911
0.39225
0.44771
0.52762
0.49888
0.50042
0.49238
0.47721
0.46655
0.47777
0.47042
0.36258
0.3049
0.29177
0.37077
0.43609
0.37939
0.43421
0.54669
0.55154
0.54521
0.57844
0.64794
0.64921
0.64953
0.59814
0.53865
0.47136
0.41851
0.39672
0.56957
0.53058
0.43369
0.46205
0.39587
0.42622
0.38948
0.38293
0.3635
0.39462
0.38401
0.43417
0.48661
0.51729
0.54556
0.56519
0.57002
0.57197
0.57557
0.57689
0.55728
0.54923
0.53078
0.53967
0.55353
0.60857
0.76153
0.63249
0.62209
0.58936
0.56666
0.54375
0.53071
0.54069
0.57142
0.76736
0.8148
0.8363
0.84582
0.8248
0.78007
0.68224
0.72566
0.72847
0.77236
0.80358
0.83071
0.83763
0.84195
0.84223
0.84225
0.82506
0.7989
0.60493
0.5506
0.51985
0.5202
0.6032
0.6277
0.58214
0.5573
0.52623
0.5182
0.51709
0.53229
0.55575
0.5443
0.53406
0.53727
0.53936
0.56915
0.67458
0.75545
0.58429
0.53453
0.52275
0.52795
0.51351
0.46937
0.43021
0.40094
0.40694
0.41202
0.46895
0.48819
0.47774
0.45852
0.42648
0.45764
0.46921
0.43022
0.43354
0.43013
0.42117
0.48629
0.46968
0.43372
0.39381
0.42258
0.43178
0.47458
0.49345
0.48926
0.43651
0.43803
0.41775
0.4689
0.47774
0.43663
0.42045
0.40788
0.42326
0.43075
0.43485
0.45066
0.47771
0.48824
0.48769
0.51059
0.48636
0.48069
0.45764
0.41418
0.40965
0.40929
0.41956
0.43616
0.46403
0.46005
0.44946
0.49833
0.55621
0.66137
0.79216
0.80417
0.79396
0.7845
0.78414
0.75458
0.64193
0.54427
0.51865
0.5028
0.49482
0.48641
0.48117
0.47743
0.47743
0.49206
0.51897
0.53181
0.57387
0.5762
0.54701
0.59419
0.6813
0.72444
0.70614
0.58676
0.47811
0.37727
0.41395
0.47022
0.38204
0.34067
0.34653
0.34492
0.35316
0.36573
0.34815
0.33564
0.35898
0.36956
0.39418
0.35447
0.54667
0.51841
0.45458
0.36715
0.34575
0.43155
0.48779
0.42063
0.40702
0.40045
0.33134
0.36097
0.38243
0.4147
0.41413
0.39004
0.30791
0.22286
0.25642
0.43153
0.37998
0.46
0.46334
0.48999
0.54133
0.54007
0.45472
0.42742
0.56182
0.4021
0.34956
0.41937
0.44277
0.49076
0.66015
0.74957
0.77265
0.79323
0.78842
0.782
0.77933
0.77896
0.77453
0.77242
0.75187
0.75551
0.7054
0.7017
0.68327
0.69001
0.70985
0.70735
0.72805
0.70796
0.53828
0.44618
0.3517
0.323
0.4317
0.79368
0.8166
0.82218
0.72173
0.62609
0.58597
0.49808
0.45904
0.34242
0.35005
0.45999
0.41425
0.39775
0.43518
0.50121
0.81241
0.86747
0.84525
0.80552
0.57736
0.50644
0.49308
0.45698
0.45706
0.45083
0.44986
0.45182
0.44202
0.42215
0.43691
0.437
0.52263
0.47803
0.44122
0.40495
0.41537
0.37838
0.43875
0.42865
0.40775
0.44124
0.45339
0.45583
0.48114
0.33122
0.35624
0.38701
0.53632
0.55024
0.52689
0.43787
0.46863
0.46697
0.48119
0.44188
0.46586
0.53862
0.54287
0.49858
0.37729
0.33057
0.47003
0.49769
0.44844
0.48912
0.5646
0.62448
0.89606
0.58499
0.43977
0.41244
0.40311
0.43844
0.47361
0.41886
0.40658
0.45075
0.47263
0.47056
0.4733
0.51326
0.44903
0.41005
0.42082
0.43873
0.44858
0.4583
0.45118
0.45628
0.45953
0.46681
0.46173
0.46672
0.45926
0.44784
0.45847
0.52283
0.60708
0.62285
0.79043
0.5955
0.5704
0.56472
0.54999
0.54513
0.56536
0.59445
0.63138
0.74753
0.77045
0.76984
0.74828
0.65556
0.67257
0.68119
0.77097
0.75261
0.69608
0.71042
0.66247
0.63889
0.63766
0.67825
0.67457
0.65968
0.63072
0.60208
0.55565
0.49998
0.43572
0.40519
0.3786
0.38345
0.36395
0.34827
0.31822
0.30618
0.29455
0.31557
0.49727
0.75516
0.75611
0.74998
0.77005
0.76994
0.74845
0.73403
0.56704
0.51638
0.49588
0.47017
0.46692
0.38473
0.39647
0.38907
0.37969
0.33157
0.35106
0.27576
0.24125
0.25451
0.74445
0.75969
0.78514
0.81941
0.83767
0.86065
0.86169
0.84925
0.83184
0.75671
0.62448
0.55827
0.50197
0.46431
0.4389
0.39127
0.38049
0.31691
0.33141
0.38967
0.32587
0.42092
0.78141
0.77748
0.78563
0.77781
0.8227
0.81425
0.80489
0.82002
0.83845
0.84776
0.84999
0.8722
0.87788
0.88351
0.87401
0.845
0.83614
0.84367
0.84919
0.50959
0.42348
0.42169
0.4178
0.4405
0.43716
0.43774
0.44871
0.44695
0.51027
0.43359
0.36382
0.33061
0.45277
0.492
0.4756
0.4687
0.48846
0.47708
