0.67484
0.55843
0.59142
0.68758
0.65882
0.6214
0.58651
0.64818
0.60163
0.52149
0.47937
0.3691
0.34691
0.29446
0.28175
0.28152
0.27352
0.26706
0.25422
0.2503
0.24355
0.27722
0.35046
0.35268
0.32206
0.31215
0.3133
0.30212
0.29354
0.29197
0.41685
0.35797
0.39126
0.39705
0.39255
0.406
0.40599
0.394
0.36161
0.31635
0.76573
0.73143
0.75792
0.78317
0.81141
0.80671
0.74138
0.69983
0.46054
0.3781
0.30758
0.25959
0.22308
0.21833
0.217
0.2324
0.24679
0.27421
0.76685
0.77401
0.79919
0.80336
0.79423
0.80515
0.73168
0.727
0.49285
0.41627
0.35765
0.32579
0.35155
0.43046
0.46437
0.50817
0.50791
0.48051
0.48541
0.48753
0.44115
0.42612
0.45807
0.45475
0.41999
0.40993
0.40703
0.43305
0.45556
0.50067
0.4964
0.43796
0.39844
0.43179
0.76742
0.75635
0.7426
0.73694
0.7302
0.65391
0.53319
0.44688
0.40026
0.38503
0.42601
0.50337
0.51526
0.50684
0.61717
0.71707
0.73166
0.77139
0.76324
0.74483
0.73691
0.72086
0.72181
0.70234
0.5865
0.46826
0.46772
0.42476
0.38507
0.42811
0.40916
0.39856
0.38961
0.38592
0.38793
0.39469
0.41118
0.41387
0.41024
0.40048
0.39221
0.39451
0.38893
0.37914
0.36948
0.35664
0.35227
0.34665
0.33547
0.31899
0.3085
0.30077
0.29375
0.28674
0.72705
0.73358
0.74598
0.74315
0.79477
0.79931
0.805
0.79098
0.78951
0.77598
0.52165
0.31245
0.23764
0.30729
0.33087
0.33028
0.30261
0.26613
0.24264
0.23498
0.2862
0.23903
0.15882
0.1275
0.14988
0.17502
0.75985
0.76129
0.77452
0.81583
0.82346
0.83139
0.73579
0.7238
0.74768
0.72645
0.53843
0.4139
0.4281
0.44269
0.58548
0.73722
0.72864
0.67514
0.66304
0.60657
0.54489
0.45497
0.40523
0.35697
0.37055
0.46375
0.46957
0.55826
0.55876
0.58788
0.63068
0.6194
0.64451
0.60982
0.69679
0.67605
0.72933
0.71378
0.66632
0.66842
0.67008
0.67494
0.67114
0.66737
0.65924
0.65503
0.64691
0.64281
0.63679
0.62658
0.63849
0.62467
0.62884
0.62442
0.62558
0.6261
0.63044
0.62962
0.61641
0.6079
0.60461
0.5916
0.58683
0.57369
0.54245
0.52883
0.5468
0.60658
0.60127
0.59431
0.47567
0.44806
0.43157
0.41796
0.40049
0.38616
0.3916
0.36577
0.33193
0.28448
0.23614
0.18324
0.1751
0.17984
0.14093
0.13463
0.23028
0.28056
0.37736
0.55995
0.57519
0.60637
0.67569
0.66673
0.60966
0.53797
0.60332
0.59898
0.53909
0.51992
0.52466
0.50551
0.47149
0.48306
0.49812
0.54487
0.59609
0.6165
0.64757
0.67358
0.69803
0.6918
0.68006
0.721
0.74412
0.74993
0.76205
0.762
0.75564
0.75003
0.72612
0.72859
0.6145
0.47494
0.43456
0.42886
0.41784
0.40794
0.39762
0.38271
0.38047
0.38906
0.37283
0.36891
0.34619
0.34389
0.34349
0.51557
0.69437
0.69257
0.65363
0.55708
0.37172
0.32546
0.29383
0.2866
0.27881
0.2732
0.27154
0.27298
0.27888
0.27551
0.26954
0.25158
0.24554
0.25049
0.25405
0.25709
0.26988
0.27319
0.27426
0.27702
0.27463
0.28046
0.2737
0.27238
0.25769
0.24931
0.23207
0.21526
0.21648
0.24845
0.24266
0.28971
0.32799
0.35674
0.39279
0.3774
0.4009
0.34158
0.32366
0.3295
0.25905
0.28828
0.33225
0.27858
0.28612
0.28523
0.28218
0.28064
0.26069
0.26873
0.24542
0.29274
0.26452
0.25272
0.24228
0.21767
0.18708
0.18052
0.25936
0.27739
0.40707
0.48323
0.55566
0.55456
0.49469
0.43289
0.36332
0.29016
0.18568
0.18417
0.2258
0.32662
0.45486
0.4004
0.71276
0.71825
0.71266
0.70724
0.69274
0.67259
0.64416
0.60069
0.54886
0.51875
0.50563
0.48993
0.47774
0.4917
0.43986
0.41192
0.52476
0.63498
0.77974
0.7943
0.80602
0.80718
0.80864
0.80522
0.80307
0.80578
0.80462
0.794
0.78155
0.76355
0.74494
0.64038
0.51021
0.46105
0.44542
0.46428
0.5892
0.71159
0.72479
0.72165
0.72421
0.72908
0.72831
0.72708
0.73581
0.73582
0.73036
0.71504
0.72284
0.70333
0.67605
0.66206
0.70033
0.68482
0.67518
0.66157
0.66397
0.65716
0.6579
0.65635
0.65018
0.64336
0.64111
0.64872
0.67259
0.6831
0.67571
0.69371
0.70782
0.67498
0.60695
0.44514
0.4004
0.38989
0.39058
0.38461
0.3869
0.38724
0.40195
0.40241
0.39433
0.38899
0.38854
0.39869
0.40955
0.42523
0.43689
0.43533
0.40132
0.37027
0.34532
0.32499
0.32899
0.33082
0.31515
0.3321
0.33574
0.35904
0.40606
0.50734
0.44844
0.37615
0.32772
0.30963
0.38509
0.3909
0.33543
0.5187
0.63825
0.63899
0.63441
0.55324
0.45134
0.37576
0.36112
0.36727
0.3851
0.38256
0.37596
0.38082
0.37944
0.37775
0.379
0.40569
0.45948
0.38253
0.35787
0.3546
0.35421
0.29869
0.30128
0.28183
0.27464
0.30004
0.38234
0.39002
0.36387
0.5308
0.34069
0.40128
0.36467
0.37347
0.38958
0.37239
0.35534
0.30824
0.29758
0.33255
0.36031
0.37135
0.37988
0.37807
0.37443
0.37848
0.37303
0.38368
0.39251
0.39835
0.57127
0.7261
0.76946
0.77804
0.76752
0.75111
0.71956
0.68493
0.65848
0.64421
0.64204
0.63609
0.59826
0.56381
0.49875
0.42591
0.38508
0.36104
0.35294
0.36354
0.38153
0.39498
0.51806
0.71038
0.73823
0.74902
0.75983
0.77129
0.76817
0.76578
0.75966
0.73449
0.68984
0.68422
0.68199
0.682
0.68804
0.64367
0.63324
0.6151
0.71083
0.73098
0.73996
0.72195
0.71228
0.62235
0.55608
0.53632
0.53038
0.54205
0.66312
0.74267
0.79758
0.79717
0.73511
0.71533
0.61128
0.57822
0.62391
0.69387
0.65878
0.66109
0.63456
0.61732
0.52397
0.40069
0.35627
0.32349
0.29259
0.25805
0.2456
0.24657
0.23494
0.23375
0.25178
0.26244
0.27915
0.33677
0.35781
0.35159
0.36557
0.35964
0.35043
0.33431
0.31619
0.28601
0.27008
0.23743
0.22614
0.22165
0.20189
0.20746
0.21988
0.23799
0.25672
0.25736
0.27416
0.29732
0.31986
0.33511
0.36285
0.38263
0.39184
0.40597
0.40163
0.3932
0.35767
0.32427
0.35252
0.3871
0.46496
0.4196
0.36654
0.35087
0.34423
0.32517
0.4515
0.67874
0.68049
0.49189
0.33433
0.32992
0.34709
0.48147
0.56798
0.4519
0.37793
0.4
0.58893
0.51391
0.47854
0.46054
0.46812
0.51067
0.38565
0.32445
0.3336
0.35293
0.4649
0.36337
0.33595
0.30959
0.29288
0.30465
0.30096
0.2887
0.29408
0.29001
0.28688
0.28489
0.28016
0.28118
0.28037
0.28289
0.2751
0.27594
0.29495
0.32336
0.3911
0.41804
0.45062
0.43706
0.54609
0.63154
0.61268
0.63984
0.58961
0.44435
0.41959
0.35996
0.31069
0.32458
0.37893
0.3968
0.40177
0.40158
0.38733
0.35858
0.32762
0.31969
0.31829
0.31664
0.32156
0.32007
0.31354
0.30724
0.29477
0.27364
0.27887
0.3759
0.48855
0.50475
0.49657
0.47113
0.41228
0.39001
0.39778
0.48013
0.48699
0.51734
0.50182
0.47542
0.45223
0.45206
0.50385
0.53123
0.45537
0.44924
0.42119
0.41523
0.38369
0.36228
0.33674
0.32967
0.32517
0.33112
0.32188
0.31921
0.33159
0.33208
0.34292
0.3543
0.35837
0.35958
0.35097
0.34252
0.32644
0.31884
0.38236
0.43418
0.46149
0.58409
0.73316
0.74293
0.72243
0.71433
0.70532
0.47868
0.3732
0.35527
0.3576
0.35756
0.39496
0.40597
0.4209
0.45462
0.52275
0.68391
0.61151
0.5002
0.45983
0.44438
0.43038
0.41535
0.41486
0.40646
0.38743
0.36002
0.3464
0.35465
0.38111
0.42166
0.46973
0.48703
0.45823
0.51553
0.4695
0.41338
0.40165
0.40716
0.41349
0.41852
0.43755
0.43264
0.45299
0.43362
0.42881
0.42219
0.41087
0.39299
0.36436
0.34698
0.3111
0.33231
0.29992
0.30651
0.31915
0.3163
0.28882
0.26214
0.24986
0.26712
0.24753
0.34519
0.32092
0.26701
0.37018
0.65797
0.73184
0.81343
0.78259
0.77811
0.78197
0.79347
0.79629
0.81049
0.83082
0.79991
0.78836
0.78639
0.80063
0.83864
0.83177
0.81604
0.80273
0.81559
0.83329
0.84139
0.82477
0.82486
0.80381
0.70176
0.64739
0.51085
0.53177
0.40355
0.30759
0.43548
0.52145
0.38887
0.35697
0.43108
0.56481
0.76882
0.81052
0.62929
0.53685
0.48121
0.43604
0.42059
0.42475
0.43982
0.45335
0.4682
0.56307
0.63263
0.82095
0.87327
0.86557
0.85439
0.84245
0.82929
0.81727
0.8129
0.82937
0.83351
0.83509
0.83219
0.84353
0.82875
0.84248
0.82436
0.69233
0.52923
0.49059
0.4946
0.51919
0.49411
0.45963
0.41899
0.38775
0.38132
0.39029
0.38944
0.37954
0.36944
0.36654
0.35553
0.34436
0.3421
0.34048
0.33941
0.33236
0.31073
0.2987
0.29883
0.29686
0.29732
0.29061
0.27442
0.2754
0.28253
0.30064
0.32476
0.37965
0.40783
0.41557
0.44266
0.45192
0.4904
0.41146
0.5432
0.518
0.50885
0.55315
0.47105
0.4721
0.65521
0.50716
0.38122
0.33479
0.29862
0.29175
0.30261
0.31268
0.3282
0.3266
0.30959
0.30444
0.30861
0.31793
0.32902
0.33938
0.34355
0.335
0.32032
0.31945
0.32516
0.34192
0.32786
0.31528
0.27739
0.32017
0.34844
0.35688
0.34155
0.34425
0.35309
0.36923
0.3735
0.36188
0.34839
0.33992
0.34208
0.35219
0.33706
0.33929
0.32676
0.31999
0.31938
0.32176
0.32332
0.32356
0.32874
0.32692
0.32504
0.31772
0.31694
0.3171
0.31899
0.32338
0.32882
0.32718
0.32915
0.33072
0.31707
0.33715
0.35534
0.38818
0.43087
0.39846
0.39089
0.33991
0.31629
0.31471
0.32271
0.3513
0.41673
0.41331
0.45442
0.51315
0.76055
0.48295
0.43461
0.43017
0.45015
0.44335
0.37726
0.37496
0.38214
0.35804
0.53539
0.62202
0.65898
0.6631
0.63796
0.55515
0.43235
0.36306
0.3078
0.34956
0.42548
0.54892
0.51901
0.50911
0.58596
0.53997
0.49098
0.45078
0.4764
0.58359
0.47027
0.41015
0.40544
0.36744
0.34824
0.37444
0.39111
0.34557
0.35254
0.41349
0.40932
0.41326
0.39871
0.41509
0.4199
0.43875
0.4091
0.31671
0.31361
0.34482
0.3412
0.33083
0.35089
0.3544
0.3451
0.35884
0.35324
0.3384
0.36653
0.38048
0.39714
0.3877
0.36784
0.34567
0.33347
0.3291
0.33892
0.36166
0.36959
0.35244
0.35089
0.35756
0.37396
0.38598
0.35256
0.37525
0.38949
0.39092
0.39876
0.4012
0.39528
0.41431
0.42046
0.43366
0.39199
0.36161
0.33031
0.31178
0.30073
0.2917
0.29076
0.30555
0.33083
0.38771
0.41419
0.48964
0.66783
0.48712
0.39126
0.39475
0.40715
0.39409
0.40059
0.39031
0.37577
0.37097
0.3653
0.40435
0.36295
0.37905
0.86972
0.74754
0.84486
0.79862
0.28993
0.323
0.29855
0.30193
0.33816
0.3451
0.35447
0.3566
0.34516
0.31425
0.29894
0.3285
0.3773
0.36337
0.35079
0.38533
0.37151
0.39581
0.40742
0.43362
0.4485
0.42318
0.38696
0.38313
0.40441
0.49819
0.60718
0.5558
0.56622
0.55855
0.5144
0.4588
0.42601
0.43463
0.75842
0.55339
0.55665
0.49755
0.63904
0.58507
0.59745
0.57608
0.74476
0.71239
0.58838
0.46611
0.42209
0.40093
0.3907
0.38861
0.41535
0.51201
0.486
0.46837
0.44307
0.47283
0.66335
0.6012
0.62396
0.54945
0.45291
0.41354
0.39533
0.35949
0.35091
0.39204
0.36372
0.39297
0.38077
0.36865
0.34084
0.35363
0.30112
0.29499
0.3579
0.51126
0.55229
0.472
0.39465
0.35569
0.38063
0.37672
0.35067
0.32486
0.30501
0.32459
0.36334
0.38194
0.43351
0.51811
0.57398
0.58922
0.61281
0.62791
0.53319
0.45264
0.43675
0.4494
0.50423
0.47333
0.41533
0.37991
0.3661
0.38945
0.33779
0.26482
0.36113
0.55706
0.63718
0.64223
0.65277
0.6532
0.66027
0.68664
0.68842
0.67968
0.60523
0.61647
0.50551
0.40493
0.36511
0.44151
0.46722
0.4813
0.4424
0.43843
0.42952
0.42361
0.45073
0.46599
0.57355
0.64294
0.69465
0.70191
0.65273
0.6028
0.55933
0.5308
0.54014
0.54047
0.48081
0.40419
0.34545
0.33523
0.34224
0.3279
0.32704
0.33719
0.32524
0.33384
0.33277
0.32828
0.34887
0.40376
0.45969
0.49697
0.50719
0.50445
0.51078
0.52425
0.54051
0.59577
0.65993
0.69042
0.69148
0.62368
0.5601
0.51217
0.49379
0.51734
0.55354
0.59631
0.58756
0.55832
0.50283
0.4662
0.46271
0.49776
0.5602
0.62854
0.63236
0.59914
0.61354
0.54598
0.53004
0.50033
0.48782
0.49067
0.54604
0.55178
0.54207
0.5492
0.59445
0.61897
0.66309
0.68855
0.71035
0.69805
0.6999
0.67993
0.67739
0.72201
0.82662
0.97444
0.95615
0.82954
0.64943
0.51284
0.40939
0.43985
0.44231
0.44923
0.45052
0.44573
0.43926
0.37649
0.3582
0.36973
0.39503
0.41163
0.4183
0.40327
0.37172
0.37424
0.37212
0.37907
0.39977
0.4415
0.41954
0.4068
0.39551
0.38952
0.3927
0.41569
0.45717
0.49823
0.50588
0.47846
0.43188
0.39784
0.38422
0.40985
0.47233
0.53724
0.56959
0.56078
0.53137
0.50915
0.52015
0.55622
0.61483
0.64479
0.67148
0.71045
0.681
0.63751
0.62866
0.66481
0.70378
0.71304
0.64786
0.5042
0.37278
0.346
0.3279
0.40285
0.47499
0.6161
0.77088
0.82251
0.78468
0.75835
0.65816
0.69879
0.65389
0.69783
0.56442
0.51561
0.48583
0.45495
0.42855
0.41863
0.45437
0.49943
0.49966
0.4657
0.42029
0.39038
0.36565
0.36561
0.38141
0.3818
0.37083
0.38835
0.37081
0.37296
0.38919
0.4213
0.45538
0.45777
0.53147
0.52876
0.48146
0.39833
0.42707
0.43745
0.42291
0.43784
0.55225
0.5462
0.4973
0.48024
0.48057
0.47587
0.4793
0.48278
0.48145
0.47647
0.4671
0.44073
0.43426
0.43522
0.46596
0.52854
0.53998
0.53321
0.49417
0.53739
0.55943
0.57696
0.47848
0.55301
0.54468
0.49753
0.45226
0.43454
0.45651
0.50545
0.55014
0.57371
0.56674
0.49304
0.46647
0.4412
0.48601
0.50727
0.58817
0.66591
0.77272
0.60571
0.61688
0.62187
0.62313
0.65104
0.68532
0.70771
0.6935
0.6396
0.5826
0.56002
0.54515
0.55523
0.62499
0.65576
0.62163
0.52488
0.44614
0.41787
0.53306
0.61892
0.69928
0.72951
0.7286
0.64875
0.56973
0.50675
0.46314
0.48183
0.6035
0.58357
0.59416
0.55173
0.50254
0.42629
0.38623
0.37905
0.40719
0.45339
0.54957
0.56374
0.56466
0.54525
0.62898
0.75744
0.73787
0.54799
0.41184
0.28912
0.26905
0.27199
0.28042
0.27361
0.38326
0.48537
0.54614
0.57261
0.5615
0.54149
0.53279
0.58951
0.67141
0.73227
0.77888
0.7683
0.77514
0.73581
0.74659
0.81459
0.85475
0.84072
0.80353
0.76407
0.54641
0.35346
0.4151
0.40026
0.46978
0.57776
0.67287
0.68715
0.67714
0.69416
0.77072
0.87354
0.98874
0.98325
0.97376
0.97676
0.98022
0.9696
0.98384
0.83947
0.89015
0.88993
0.82887
0.81009
0.83692
0.59971
0.41366
0.38119
0.46888
0.53716
0.55424
0.44507
0.2791
0.25437
0.28025
0.27098
0.32358
0.42114
0.50344
0.51561
0.54719
0.64809
0.77687
0.86543
0.89143
0.90451
0.95289
0.96852
0.96415
0.97908
0.96996
0.95585
0.95502
0.99344
0.96843
0.98963
0.98496
0.89914
0.87608
0.87961
0.87723
0.88049
0.85677
0.82393
0.77838
0.70157
0.70724
0.73445
0.77548
0.79983
0.78857
0.73068
0.64169
0.60531
0.57943
0.58276
0.56356
0.55078
0.53124
0.48139
0.43957
0.44096
0.36931
0.4246
0.41891
0.45474
0.46579
0.45074
0.4017
0.38433
0.38402
0.42494
0.45163
0.45063
0.43124
0.38751
0.34375
0.31116
0.35447
0.39651
0.52983
0.66804
0.71928
0.71294
0.70755
0.67855
0.55284
0.49931
0.47682
0.46892
0.47751
0.48619
0.54006
0.5769
0.61862
0.65111
0.59606
0.6038
0.54929
0.50681
0.46778
0.48275
0.5356
0.51022
0.39787
0.44727
0.40749
0.38008
0.42543
0.42652
0.43712
0.47721
0.48661
0.50379
0.53206
0.53339
0.5239
0.50657
0.53407
0.59376
0.63974
0.67604
0.69484
0.68456
0.63892
0.61345
0.63115
0.7064
0.80862
0.90528
0.91606
0.89486
0.85929
0.81097
0.79355
0.76983
0.82723
0.84058
0.82803
0.75114
0.6464
0.56033
0.51713
0.51982
0.58679
0.58493
0.53477
0.48757
0.44952
0.43353
0.43186
0.4436
0.4735
0.53579
0.57071
0.58549
0.57376
0.69382
0.68586
0.60807
0.5981
0.63196
0.64044
0.67144
0.65685
0.56959
0.5538
0.54241
0.53513
0.55355
0.51178
0.48283
0.44906
0.47381
0.51977
0.56968
0.54501
0.66621
0.6567
0.57089
0.54783
0.50275
0.48801
0.50611
0.54267
0.55844
0.55276
0.52239
0.46254
0.42729
0.42859
0.44251
0.4466
0.446
0.51692
0.50161
0.47766
0.44011
0.39763
0.42138
0.4951
0.54498
0.56341
0.53215
0.45414
0.42343
0.4349
0.49158
0.59784
0.65932
0.66225
0.61355
0.57223
0.52017
0.51829
0.58327
0.64624
0.70799
0.72543
0.67346
0.60167
0.53005
0.50192
0.54174
0.7756
0.83698
0.84147
0.81312
0.7569
0.75429
0.70921
0.66407
0.72436
0.78973
0.7646
0.70805
0.64971
0.5603
0.50243
0.51916
0.58105
0.61275
0.61411
0.5975
0.54943
0.5257
0.488
0.52039
0.57776
0.64165
0.6618
0.6299
0.57563
0.54781
0.53863
0.54993
0.57366
0.55139
0.55257
0.54715
0.53248
0.59661
0.69034
0.72324
0.78076
0.85391
0.84677
0.8337
0.84417
0.82226
0.80458
0.81419
0.87431
0.96827
0.92781
0.91154
0.93814
0.98902
0.97742
0.99678
1.0002
0.88059
0.87527
0.83578
0.83165
0.76568
0.74392
0.77541
0.82844
0.81279
0.77552
0.7178
0.61395
0.48533
0.42422
0.43153
0.4498
0.4016
0.35237
0.34365
0.32551
0.31292
0.29516
0.38163
0.56101
0.64294
0.62458
0.59939
0.57343
0.53225
0.52808
0.57998
0.60578
0.604
0.53258
0.4941
0.46656
0.47072
0.5041
0.57439
0.67857
0.7736
0.76173
0.71109
0.70093
0.67618
0.69847
0.7828
0.86553
0.90215
0.88312
0.86394
0.78881
0.74631
0.74293
0.74339
0.81852
0.86114
0.84968
0.78969
0.76004
0.74439
0.72985
0.70623
0.68132
0.65199
0.68289
0.6784
0.70403
0.69222
0.76897
0.80229
0.68488
0.45745
0.43814
0.43981
0.44216
0.40559
0.38599
0.38739
0.39625
0.40306
0.39502
0.39346
0.41869
0.41085
0.39515
0.39834
0.41953
0.40804
0.44291
0.79359
0.85836
0.89035
0.89232
0.89829
0.90233
0.9009
0.87755
0.84284
0.81314
0.77392
0.71192
0.68829
0.69919
0.81765
0.81937
0.64139
0.47977
0.43572
0.4922
0.45398
0.64409
0.72303
0.71929
0.68541
0.71977
0.62456
0.64786
0.51001
0.53704
0.62335
0.63493
0.58255
0.64555
0.61283
0.9251
0.95101
0.93719
0.90827
0.87911
0.58141
0.477
0.43812
0.41602
0.39828
0.37499
0.35895
0.34847
0.3301
0.32076
0.31864
0.35133
0.43249
0.5341
0.92305
0.95643
0.96033
0.96308
0.97464
0.88157
0.78708
0.65381
0.55803
0.56564
0.66049
0.88513
0.86274
0.89631
0.84583
0.83064
0.83482
0.85233
0.63738
0.50992
0.4351
0.41598
0.42514
0.45004
0.47531
0.49355
0.51163
0.52181
0.58231
0.67682
0.71735
0.8754
0.86982
0.88193
0.90043
0.88702
0.90817
0.85852
0.82462
0.81217
0.81616
0.84146
0.82002
0.78961
0.7737
0.73373
0.66682
0.63185
0.77142
0.81293
0.80909
0.79253
0.78208
0.72772
0.58328
0.50969
0.55619
0.83076
0.66983
0.62501
0.47876
0.58455
0.81401
0.8075
0.79487
0.83185
0.83803
0.883
0.83535
0.64908
0.60874
0.64243
0.70694
0.64076
0.56318
0.50947
0.47128
0.45348
0.46864
0.46007
0.46759
0.49117
0.49778
0.50415
0.52106
0.50905
0.50473
0.48196
0.47388
0.47782
0.46414
0.43709
0.4275
0.42246
0.42543
0.41821
0.41471
0.39506
0.34521
0.28937
0.25535
0.25049
0.21595
0.23411
0.24117
0.22306
0.27448
0.29031
0.33463
0.35873
0.39636
0.40823
0.3925
0.38449
0.35287
0.33124
0.33394
0.34766
0.37079
0.40494
0.42447
0.45116
0.51223
0.52095
0.54087
0.55206
0.55858
0.59302
0.72145
0.7642
0.75875
0.72442
0.62774
0.74642
0.83692
0.78868
0.78838
0.68748
0.61417
0.8411
0.83152
0.81545
0.82018
0.8529
0.86477
0.87297
0.87071
0.85907
0.85546
0.85818
0.85708
0.8298
0.80981
0.81324
0.66769
0.54918
0.55834
0.55738
0.45776
0.39311
0.36668
0.33417
0.31324
0.39191
0.46512
0.50079
0.53446
0.488
0.44507
0.42576
0.43279
0.41016
0.40019
0.38804
0.40198
0.35751
0.35762
0.3535
0.36226
0.36623
0.35838
0.34352
0.32528
0.31489
0.30522
0.30987
0.32075
0.3358
0.35116
0.35554
0.38652
0.4325
0.4892
0.55244
0.60435
0.58059
0.54136
0.52854
0.59105
0.63032
0.68675
0.55246
0.4368
0.39157
0.39649
0.50515
0.52123
0.51208
0.48289
0.57312
0.63271
0.67773
0.66563
0.61446
0.5273
0.50977
0.50153
0.52085
0.5721
0.56999
0.56551
0.57426
0.5923
0.57251
0.56182
0.57191
0.58274
0.54836
0.51617
0.51922
0.48758
0.45712
0.41355
0.39399
0.398
0.3795
0.39656
0.435
0.47621
0.51166
0.44721
0.40691
0.38068
0.36853
0.35786
0.34645
0.37371
0.38178
0.36645
0.36079
0.33858
0.32594
0.31877
0.31585
0.3103
0.29783
0.28781
0.29368
0.30786
0.31417
0.30705
0.29741
0.31288
0.32534
0.31448
0.30226
0.30151
0.3174
0.30122
0.28775
0.27628
0.23852
0.23479
0.3692
0.3608
0.37022
0.36608
0.35628
0.32849
0.27385
0.236
0.28462
0.28223
0.27892
0.39858
0.45741
0.36561
0.30652
0.2992
0.29379
0.29867
0.31563
0.31771
0.32537
0.33973
0.34293
0.34044
0.33724
0.33676
0.33694
0.34447
0.39185
0.39312
0.37927
0.39259
0.3972
0.40799
0.40451
0.50262
0.57087
0.56562
0.49934
0.4202
0.33118
0.34402
0.34552
0.36153
0.33351
0.34665
0.33865
0.32412
0.32658
0.32908
0.31925
0.28613
0.26169
0.24147
0.23666
0.23714
0.23505
0.26525
0.28676
0.2951
0.3114
0.32965
0.34455
0.38995
0.43243
0.41013
0.38834
0.37862
0.38185
0.38619
0.39011
0.38036
0.36771
0.37412
0.38153
0.37705
0.38623
0.39712
0.40225
0.39977
0.40132
0.38954
0.36256
0.31541
0.28777
0.39864
0.47104
0.43654
0.36392
0.36653
0.40955
0.49409
0.53343
0.66416
0.71134
0.6904
0.65366
0.52275
0.44992
0.40452
0.3581
0.49811
0.51991
0.50836
0.45166
0.4284
0.58525
0.7027
0.70737
0.70094
0.69526
0.70749
0.67741
0.66854
0.66737
0.63893
0.5129
0.41384
0.39542
0.36279
0.35986
0.3726
0.40083
0.43031
0.4198
0.36085
0.32823
0.32144
0.31412
0.30945
0.32004
0.32073
0.32849
0.35818
0.37377
0.39988
0.40895
0.41021
0.4029
0.39203
0.37028
0.34654
0.32041
0.30008
0.28697
0.27372
0.26621
0.26544
0.2499
0.23482
0.21884
0.20395
0.19773
0.20864
0.24266
0.26333
0.31211
0.35405
0.35824
0.36375
0.37293
0.37546
0.38631
0.36815
0.3392
0.30977
0.30378
0.29006
0.27814
0.27384
0.27627
0.28044
0.28411
0.29161
0.2887
0.28027
0.27019
0.26474
0.2733
0.43466
0.70052
0.6768
0.64406
0.58416
0.46781
0.41849
0.37708
0.34507
0.30806
0.26638
0.35797
0.40606
0.39644
0.5246
0.48741
0.42734
0.40828
0.34262
0.36734
0.37157
0.30545
0.30308
0.30059
0.29756
0.3023
0.29832
0.29411
0.3024
0.31037
0.3223
0.27173
0.27171
0.26102
0.26714
0.29283
0.30902
0.31796
0.31609
0.32077
0.33643
0.34465
0.35873
0.37673
0.38739
0.39261
0.39865
0.4111
0.41488
0.41756
0.4745
0.71903
0.72457
0.7112
0.67871
0.43605
0.39631
0.39338
0.37618
0.37178
0.36919
0.36883
0.36374
0.36037
0.35263
0.3293
0.30804
0.26622
0.24329
0.33296
0.36906
0.41031
0.48358
0.44395
0.46157
0.57451
0.70753
0.71343
0.71735
0.72217
0.7282
0.68426
0.55474
0.48813
0.50284
0.49284
0.47157
0.46385
0.42468
0.44181
0.46426
0.47361
0.51302
0.52102
0.52249
0.52219
0.53093
0.55489
0.68493
0.73628
0.74254
0.74961
0.74953
0.74889
0.74776
0.68703
0.62561
0.67381
0.68452
0.69952
0.65986
0.34456
0.27737
0.27531
0.29175
0.31432
0.3385
0.34701
0.35322
0.3662
0.37707
0.39137
0.41432
0.42062
0.4207
0.42644
0.45287
0.50102
0.57795
0.62892
0.61028
0.57001
0.56932
0.56806
0.65546
0.66658
0.66889
0.63429
0.56316
0.51486
0.50295
0.50443
0.47897
0.43686
0.40133
0.37547
0.3359
0.35484
0.37329
0.38487
0.3723
0.36785
0.35002
0.34145
0.33001
0.31089
0.30199
0.29168
0.2971
0.31082
0.33368
0.35913
0.35911
0.33836
0.32089
0.29294
0.26664
0.2428
0.23125
0.23777
0.23645
0.26811
0.33284
0.35994
0.38577
0.34901
0.33694
0.32643
0.3377
0.40193
0.4488
0.55047
0.60884
0.56373
0.37939
0.34853
0.38683
0.39163
0.38957
0.38497
0.37223
0.34948
0.33423
0.31079
0.27245
0.23733
0.31824
0.36936
0.45574
0.56231
0.69183
0.66916
0.56302
0.57164
0.69298
0.68086
0.6042
0.52739
0.49003
0.60515
0.66085
0.70082
0.67382
0.68583
0.68746
0.65598
0.69296
0.61608
0.57938
0.65402
0.68436
0.67554
0.6777
0.67097
0.66726
0.67555
0.67855
0.6705
0.63202
0.52752
0.51352
0.4832
0.46365
0.4448
0.41038
0.39493
0.38025
0.35753
0.33968
0.31708
0.3089
0.30329
0.31312
0.32686
0.3484
0.3678
0.37747
0.39002
0.39303
0.40716
0.40076
0.38601
0.4053
0.40916
0.40867
0.35843
0.34217
0.35816
0.3584
0.35527
0.36001
0.36883
0.35801
0.34781
0.34094
0.31443
0.33431
0.35012
0.52718
0.56373
0.56495
0.51708
0.29477
0.2666
0.2632
0.29076
0.30561
0.31626
0.31998
0.32746
0.34595
0.33528
0.31293
0.29511
0.28911
0.2894
0.28663
0.28972
0.3138
0.37929
0.51115
0.47519
0.58187
0.64348
0.55028
0.55485
0.55973
0.59848
0.56044
0.50154
0.48633
0.49856
0.4962
0.51748
0.55999
0.63771
0.68326
0.73079
0.75005
0.72292
0.75115
0.74675
0.62468
0.59475
0.57651
0.50264
0.53536
0.58198
0.57706
0.54134
0.66039
0.68141
0.71316
0.72431
0.68553
0.6713
0.6527
0.63168
0.52321
0.34358
0.31291
0.47158
0.49395
0.53267
0.43806
0.39007
0.47841
0.38823
0.38919
0.4275
0.59119
0.75519
0.77144
0.7792
0.78448
0.78479
0.78121
0.60824
0.51018
0.49075
0.44523
0.41326
0.401
0.40367
0.39799
0.3854
0.38337
0.37803
0.36743
0.35157
0.31944
0.30037
0.31424
0.44238
0.44027
0.52766
0.44331
0.34346
0.37342
0.41813
0.36672
0.4079
0.45876
0.39445
0.34096
0.29123
0.2969
0.30684
0.30105
0.28916
0.28283
0.28811
0.44905
0.58123
0.6126
0.3895
0.20515
0.37637
0.58524
0.75759
0.78703
0.80811
0.8101
0.81938
0.81706
0.80929
0.81672
0.81137
0.8212
0.8167
0.81664
0.82007
0.81447
0.81204
0.7783
0.76974
0.74928
0.74707
0.75283
0.7316
0.59181
0.55699
0.46586
0.41699
0.3899
0.3871
0.40909
0.32008
0.26943
0.27846
0.29792
0.37857
0.53807
0.75158
0.79341
0.78459
0.77916
0.77566
0.77167
0.78041
0.79117
0.79647
0.8059
0.77834
0.79424
0.82216
0.81045
0.80283
0.81405
0.8199
0.81737
0.8364
0.8544
0.84912
0.82926
0.83266
0.80148
0.83835
0.8842
0.86031
0.86435
0.85265
0.79504
0.77865
0.75791
0.74864
0.74163
0.71814
0.67502
0.49766
