0.29519
0.3084
0.32908
0.35157
0.37046
0.37414
0.37402
0.36409
0.36615
0.37395
0.37741
0.36989
0.35404
0.33352
0.31397
0.30664
0.45957
0.52883
0.51987
0.50419
0.52674
0.51846
0.49115
0.50036
0.50085
0.48689
0.46901
0.44574
0.43189
0.43076
0.40238
0.34352
0.322
0.33419
0.35362
0.39702
0.38911
0.3836
0.36396
0.33507
0.38253
0.495
0.51788
0.51845
0.55892
0.5196
0.47359
0.42548
0.41945
0.4797
0.53773
0.60098
0.61908
0.64101
0.66874
0.6769
0.64361
0.63208
0.61201
0.57093
0.47483
0.4579
0.43307
0.39077
0.58757
0.65814
0.64939
0.64719
0.63707
0.60704
0.56112
0.48892
0.56418
0.54619
0.55948
0.55842
0.55308
0.50273
0.33596
0.29068
0.32824
0.34983
0.35876
0.36039
0.36212
0.35982
0.35905
0.35069
0.3742
0.39358
0.53155
0.63962
0.64723
0.70031
0.69941
0.67982
0.67248
0.66285
0.63169
0.63336
0.61774
0.61968
0.5983
0.6057
0.59423
0.61655
0.60183
0.59838
0.60647
0.60175
0.60031
0.6021
0.61951
0.60477
0.5939
0.60548
0.6004
0.59189
0.58505
0.57638
0.57249
0.55832
0.59183
0.55787
0.58719
0.56252
0.55095
0.54323
0.62207
0.61963
0.6117
0.57115
0.46357
0.41938
0.44188
0.4719
0.552
0.54711
0.55624
0.49496
0.52274
0.50386
0.48357
0.47744
0.46507
0.44664
0.42612
0.40025
0.3861
0.35029
0.3073
0.2919
0.28696
0.26817
0.27019
0.29148
0.30664
0.29312
0.30915
0.32506
0.34296
0.34021
0.35326
0.35908
0.36409
0.37117
0.36106
0.33232
0.45569
0.53756
0.55726
0.40664
0.39741
0.33755
0.2666
0.22155
0.19185
0.17346
0.17952
0.17163
0.17441
0.19343
0.27888
0.29298
0.39352
0.47216
0.47656
0.46675
0.54059
0.56651
0.56353
0.58124
0.52561
0.48123
0.37788
0.3499
0.32808
0.33898
0.3998
0.43564
0.4304
0.43495
0.38718
0.32869
0.27489
0.31391
0.63817
0.5111
0.65754
0.64127
0.74027
0.76039
0.68766
0.6086
0.49459
0.45835
0.41676
0.42851
0.55006
0.51141
0.49217
0.48105
0.46329
0.47442
0.46797
0.44004
0.42186
0.40147
0.37905
0.36136
0.34209
0.32614
0.29675
0.26772
0.30093
0.3352
0.3491
0.3017
0.3683
0.45002
0.41481
0.36633
0.37141
0.32695
0.3171
0.32352
0.33688
0.32523
0.32437
0.33008
0.28875
0.24218
0.26494
0.41282
0.375
0.38877
0.47683
0.35211
0.38429
0.36226
0.3957
0.39719
0.42125
0.51282
0.56254
0.48823
0.48714
0.43716
0.42239
0.37395
0.34348
0.32884
0.31107
0.27521
0.29971
0.31231
0.39756
0.55263
0.50272
0.36579
0.26364
0.24839
0.31484
0.30343
0.32061
0.31776
0.31305
0.32913
0.32035
0.31907
0.32241
0.35628
0.36614
0.36107
0.33435
0.3137
0.28774
0.28836
0.26695
0.63579
0.63304
0.61469
0.61739
0.63756
0.61432
0.52229
0.41187
0.36511
0.35391
0.34489
0.3792
0.61619
0.62859
0.61872
0.61431
0.60456
0.59406
0.60557
0.6053
0.5824
0.56937
0.53033
0.46856
0.41405
0.37175
0.34293
0.32072
0.29215
0.28015
0.27271
0.32052
0.36937
0.40321
0.47554
0.51553
0.51555
0.4952
0.50168
0.5284
0.37295
0.27746
0.31925
0.44339
0.43546
0.44438
0.39019
0.38577
0.31824
0.3598
0.43537
0.43387
0.37928
0.33794
0.31596
0.30555
0.3137
0.311
0.31075
0.30247
0.298
0.29727
0.30402
0.33361
0.3369
0.32997
0.30393
0.27571
0.2865
0.30031
0.31753
0.33318
0.33634
0.35463
0.44342
0.49237
0.50664
0.53325
0.55826
0.5507
0.51269
0.40781
0.3188
0.29425
0.34236
0.39424
0.33771
0.30805
0.3286
0.49799
0.56185
0.6205
0.60922
0.58018
0.50815
0.49392
0.51675
0.49301
0.50262
0.46299
0.46683
0.37035
0.33108
0.32881
0.33276
0.33446
0.33373
0.34082
0.3407
0.33135
0.33126
0.33254
0.32276
0.30522
0.29971
0.30289
0.31147
0.32185
0.31889
0.31737
0.32126
0.34517
0.34511
0.33712
0.33148
0.31497
0.31789
0.30952
0.29944
0.32358
0.33109
0.34191
0.3148
0.27481
0.2607
0.2761
0.33699
0.35962
0.37562
0.35663
0.32171
0.30767
0.33844
0.36829
0.33356
0.31101
0.32301
0.34186
0.36869
0.30477
0.31215
0.27268
0.24298
0.28477
0.40695
0.36194
0.44635
0.47248
0.45852
0.4297
0.38913
0.39315
0.27541
0.28139
0.3414
0.45216
0.42501
0.34909
0.36338
0.3191
0.2771
0.26916
0.28113
0.29037
0.35056
0.30057
0.36985
0.53742
0.46092
0.38666
0.38468
0.38158
0.38679
0.42762
0.57404
0.43372
0.48823
0.4749
0.54382
0.56012
0.5492
0.55319
0.52916
0.49115
0.44744
0.41481
0.36531
0.30083
0.27868
0.24379
0.23584
0.23099
0.3129
0.45756
0.35906
0.40742
0.41687
0.4651
0.49804
0.54305
0.63191
0.62193
0.66517
0.62374
0.50152
0.32535
0.27114
0.30237
0.29551
0.29831
0.27085
0.26586
0.26271
0.26429
0.26495
0.27518
0.285
0.29664
0.32545
0.30765
0.26003
0.22764
0.20033
0.2465
0.26156
0.25098
0.24471
0.25615
0.30708
0.31439
0.26886
0.28997
0.31132
0.29414
0.3537
0.30629
0.3679
0.42247
0.41784
0.3567
0.4269
0.34043
0.33401
0.46809
0.56533
0.39318
0.70929
0.69084
0.71447
0.70356
0.67942
0.64355
0.39358
0.34284
0.29968
0.30999
0.3065
0.27004
0.25253
0.2279
0.25475
0.2625
0.27834
0.72796
0.71183
0.70728
0.74286
0.67112
0.64077
0.63189
0.57953
0.48986
0.58658
0.59456
0.59547
0.44529
0.46643
0.68274
0.68955
0.75183
0.77917
0.75141
0.73796
0.76495
0.7896
0.80565
0.73737
0.7317
0.75919
0.71752
0.67952
0.65051
0.60788
0.54731
0.47297
0.40123
0.33767
0.521
0.47458
0.4568
0.24989
0.24148
0.23391
0.27275
0.78926
0.7227
0.62626
0.54299
0.37807
0.31851
0.327
0.41078
0.61461
0.70833
0.7184
0.76017
0.7449
0.75727
0.75455
0.76169
0.76352
0.76394
0.76439
0.74332
0.73231
0.71011
0.68393
0.64221
0.60437
0.60714
0.37205
0.40243
0.34435
0.47171
0.34297
0.23731
0.24127
0.30143
0.36096
0.36284
0.41043
0.40613
0.37393
0.35522
0.33502
0.31188
0.3184
0.33057
0.31701
0.31455
0.31609
0.31981
0.33004
0.34238
0.35542
0.37373
0.39005
0.38508
0.36863
0.36364
0.32728
0.28007
0.23705
0.21858
0.21551
0.23743
0.23827
0.25416
0.26542
0.26926
0.28144
0.29094
0.28797
0.2869
0.2686
0.25511
0.27923
0.31989
0.3522
0.30511
0.33208
0.33638
0.33634
0.32535
0.31161
0.30444
0.29507
0.28691
0.29373
0.31362
0.32901
0.3272
0.32353
0.34148
0.31248
0.28419
0.2925
0.32911
0.29221
0.28544
0.26275
0.27363
0.28281
0.29002
0.38598
0.47782
0.5215
0.45314
0.43895
0.47331
0.48719
0.45308
0.41085
0.36953
0.33782
0.33934
0.33618
0.33438
0.36423
0.37002
0.33526
0.28356
0.29372
0.29314
0.30552
0.28613
0.27084
0.28223
0.28456
0.29904
0.29674
0.30796
0.31371
0.31598
0.31591
0.31735
0.30917
0.27941
0.23749
0.25254
0.322
0.3532
0.3924
0.3954
0.32777
0.43404
0.44827
0.30747
0.27579
0.43778
0.46991
0.51993
0.46074
0.75558
0.7998
0.7453
0.57903
0.40873
0.33341
0.31716
0.32791
0.32927
0.30958
0.30178
0.28017
0.28112
0.2759
0.28412
0.30777
0.42636
0.39809
0.33561
0.29491
0.29475
0.30528
0.33161
0.34972
0.34654
0.34381
0.33634
0.34049
0.36053
0.3872
0.38037
0.38719
0.40113
0.4059
0.60412
0.62729
0.64044
0.63493
0.48194
0.40044
0.37084
0.32565
0.33731
0.37499
0.44897
0.53054
0.56019
0.46486
0.43735
0.51411
0.70402
0.68386
0.78427
0.76369
0.72915
0.7543
0.71359
0.67868
0.63522
0.63835
0.65981
0.68281
0.67994
0.60177
0.56846
0.53521
0.49703
0.51269
0.54336
0.59983
0.61067
0.59462
0.56592
0.52706
0.46954
0.43042
0.45214
0.49791
0.53357
0.53146
0.80313
0.70117
0.63845
0.66785
0.63894
0.58566
0.55746
0.72143
0.7589
0.76161
0.78386
0.78482
0.78816
0.77238
0.76186
0.74358
0.69335
0.64838
0.59114
0.59199
0.54581
0.47073
0.3844
0.33961
0.34725
0.34254
0.32834
0.31926
0.31764
0.32091
0.31694
0.31119
0.31474
0.34079
0.35623
0.33995
0.33707
0.33999
0.33395
0.33771
0.34868
0.33292
0.33697
0.3318
0.32666
0.3327
0.33889
0.3268
0.32713
0.33048
0.33624
0.32448
0.32428
0.3181
0.32117
0.32889
0.34265
0.3402
0.33106
0.33559
0.33313
0.34261
0.3607
0.37743
0.40306
0.38743
0.38997
0.40074
0.41133
0.43311
0.4409
0.44198
0.43647
0.411
0.39611
0.39274
0.40859
0.41033
0.40008
0.38578
0.3646
0.35648
0.37233
0.3777
0.37731
0.37032
0.34675
0.31603
0.24856
0.26308
0.29256
0.31583
0.43837
0.45278
0.40549
0.34028
0.29743
0.3108
0.39663
0.41975
0.44408
0.49254
0.53282
0.52053
0.44751
0.36969
0.35727
0.37597
0.51357
0.52406
0.54084
0.54587
0.5307
0.49176
0.45347
0.45438
0.45873
0.52772
0.58464
0.61793
0.58733
0.53726
0.53104
0.53088
0.5414
0.60563
0.65767
0.65588
0.59671
0.54722
0.53597
0.53916
0.55195
0.57735
0.59069
0.55582
0.49791
0.42892
0.40205
0.38424
0.37209
0.37238
0.35889
0.31458
0.35081
0.35844
0.35671
0.35886
0.36269
0.3748
0.38884
0.39491
0.38664
0.38469
0.38025
0.37983
0.36992
0.36265
0.35325
0.33342
0.322
0.31701
0.32359
0.3375
0.3985
0.45191
0.42556
0.46794
0.47548
0.47438
0.47518
0.49086
0.55331
0.63044
0.64282
0.60102
0.56504
0.81543
0.92357
0.93351
0.91535
0.62212
0.57173
0.64812
0.70224
0.67353
0.63915
0.69423
0.73562
0.69874
0.79828
0.73624
0.73153
0.70673
0.63098
0.56442
0.54243
0.52893
0.52506
0.65162
0.64448
0.59794
0.58116
0.55172
0.55393
0.57126
0.65066
0.66537
0.64717
0.61249
0.54961
0.51751
0.53019
0.54362
0.63503
0.69245
0.74003
0.70975
0.69337
0.67321
0.74392
0.78726
0.78283
0.73369
0.55719
0.47769
0.46587
0.44541
0.43886
0.44209
0.44416
0.42518
0.4105
0.40295
0.3894
0.36952
0.35763
0.37931
0.46898
0.53761
0.5035
0.45083
0.42725
0.39625
0.39473
0.40118
0.42432
0.43588
0.40009
0.39405
0.38827
0.37216
0.34492
0.33903
0.34015
0.33266
0.33806
0.35105
0.38145
0.41392
0.43816
0.50619
0.65533
0.76838
0.7798
0.67172
0.60596
0.57578
0.5428
0.50535
0.45419
0.42952
0.43768
0.39507
0.37126
0.35686
0.35145
0.34361
0.33526
0.33498
0.34679
0.35333
0.35952
0.36563
0.35254
0.33187
0.32342
0.30376
0.62684
0.62763
0.51874
0.45357
0.41732
0.46901
0.58395
0.56814
0.55998
0.5219
0.48223
0.46717
0.48849
0.51827
0.56694
0.61124
0.60721
0.57299
0.5628
0.53253
0.57048
0.6349
0.63728
0.6566
0.64109
0.58361
0.56834
0.59508
0.63377
0.69602
0.73525
0.6869
0.62336
0.59914
0.65895
0.73086
0.75107
0.82507
0.83769
0.81132
0.79532
0.80544
0.80011
0.79206
0.81343
0.85122
0.87865
0.87673
0.84727
0.78756
0.77733
0.78851
0.83111
0.84943
0.8637
0.85862
0.81123
0.73483
0.65163
0.61599
0.65657
0.72528
0.80192
0.77143
0.73332
0.71614
0.68458
0.64792
0.67637
0.71312
0.86201
0.82194
0.79212
0.79892
0.81015
0.78433
0.80209
0.85467
0.87737
0.86686
0.81422
0.7525
0.69306
0.68487
0.77095
0.90805
0.85596
0.82221
0.7888
0.82557
0.76063
0.72203
0.74855
0.74566
0.75131
0.70774
0.57755
0.44367
0.41666
0.43632
0.63634
0.74623
0.79116
0.88882
0.50833
0.46248
0.41625
0.39225
0.36569
0.42484
0.41783
0.39179
0.38094
0.36929
0.39294
0.40154
0.437
0.4704
0.46794
0.46148
0.42145
0.37609
0.37599
0.41675
0.39811
0.51472
0.49816
0.54035
0.53633
0.50187
0.46682
0.44077
0.42699
0.5189
0.61448
0.64671
0.64771
0.65311
0.6373
0.68926
0.74182
0.79774
0.81769
0.79866
0.73137
0.62242
0.51511
0.56564
0.5985
0.64108
0.6522
0.59776
0.56816
0.5691
0.57935
0.60672
0.64368
0.72813
0.8266
0.8341
0.77899
0.71261
0.64719
0.64724
0.6904
0.74035
0.7554
0.72062
0.61541
0.54324
0.44292
0.42757
0.45295
0.54369
0.65501
0.83146
0.82211
0.72965
0.6563
0.63457
0.66202
0.6731
0.68843
0.64006
0.51097
0.4396
0.41144
0.40125
0.37397
0.33815
0.34614
0.39871
0.39435
0.37954
0.39863
0.43813
0.52575
0.63229
0.66762
0.65043
0.63363
0.60321
0.6009
0.56178
0.57507
0.62296
0.65321
0.63316
0.53463
0.40501
0.3763
0.39576
0.47251
0.48997
0.45245
0.39559
0.37473
0.39123
0.3889
0.37021
0.34845
0.36571
0.40834
0.42796
0.41535
0.39003
0.3869
0.39034
0.37012
0.37748
0.39419
0.40038
0.38314
0.37162
0.37172
0.3922
0.39952
0.4178
0.43397
0.39906
0.36792
0.36158
0.36719
0.36343
0.35396
0.35361
0.40998
0.43113
0.40854
0.36555
0.34076
0.34164
0.36407
0.41128
0.43805
0.44398
0.44991
0.43506
0.42013
0.42016
0.44285
0.46746
0.55592
0.6221
0.64529
0.65615
0.64095
0.61262
0.60255
0.64767
0.73102
0.76708
0.69944
0.63177
0.60949
0.84151
0.89075
0.66807
0.6038
0.58246
0.53512
0.5008
0.60987
0.63911
0.7167
0.92597
0.65944
0.60374
0.4217
0.39021
0.38157
0.40845
0.40732
0.4681
0.51745
0.52325
0.48845
0.45596
0.42124
0.4078
0.37904
0.43276
0.46925
0.47753
0.45047
0.40229
0.39223
0.38696
0.40685
0.44575
0.48295
0.48318
0.4492
0.40496
0.36964
0.34219
0.33451
0.37527
0.40553
0.41637
0.40258
0.37082
0.37999
0.36715
0.38561
0.39344
0.40615
0.41454
0.40318
0.35721
0.34701
0.3458
0.34884
0.35714
0.36539
0.36607
0.35763
0.34987
0.34417
0.33734
0.34102
0.48025
0.67264
0.61144
0.4898
0.40725
0.37229
0.36653
0.35554
0.39862
0.43151
0.41009
0.39692
0.37513
0.44762
0.51086
0.58831
0.53759
0.52437
0.59212
0.52013
0.51324
0.48289
0.45829
0.44221
0.45966
0.46156
0.53545
0.57615
0.58915
0.59635
0.62785
0.67352
0.73344
0.79622
0.82979
0.85638
0.97314
0.88044
0.74622
0.73099
0.76393
0.80437
0.81094
0.74818
0.64493
0.5717
0.55348
0.6284
0.53158
0.52582
0.51549
0.51775
0.51385
0.48123
0.43441
0.43415
0.52812
0.62117
0.6668
0.65793
0.63295
0.61491
0.61897
0.65623
0.71686
0.74138
0.76689
0.75034
0.73967
0.74741
0.76785
0.76269
0.79228
0.8175
0.81301
0.72393
0.59363
0.52353
0.43893
0.51428
0.63615
0.7255
0.92112
0.93238
0.90185
0.81808
0.84787
0.86722
0.92931
0.96699
0.98053
0.97917
0.99379
0.99549
0.93547
0.7657
0.75715
0.78436
0.78555
0.77918
0.73418
0.66162
0.6473
0.63479
0.60799
0.57938
0.50558
0.40534
0.35351
0.31125
0.31251
0.46565
0.5217
0.56121
0.54079
0.51191
0.45178
0.50982
0.52435
0.49199
0.52475
0.57812
0.65065
0.77722
0.91651
0.88801
0.91356
0.90888
0.91363
0.90678
0.87061
0.82868
0.80234
0.75354
0.72396
0.74698
0.79633
0.90548
0.87982
0.86464
0.88847
0.86712
0.84993
0.84838
0.85361
0.85225
0.84248
0.79763
0.77861
0.75412
0.73755
0.78262
0.95725
0.91076
0.83977
0.79047
0.77923
0.78734
0.79917
0.79355
0.80319
0.8049
0.79395
0.76036
0.742
0.72965
0.77096
0.82381
0.92822
0.90614
0.87625
0.84171
0.78461
0.76196
0.77556
0.79267
0.82736
0.85268
0.8597
0.80837
0.71932
0.5684
0.46373
0.4773
0.50101
0.57354
0.58755
0.39773
0.37118
0.34647
0.34249
0.3577
0.36058
0.56823
0.52348
0.52033
0.4527
0.3915
0.3871
0.42987
0.43673
0.43276
0.43548
0.4283
0.38761
0.38573
0.43487
0.41507
0.43112
0.44156
0.44001
0.4366
0.42471
0.41558
0.49022
0.53764
0.56151
0.62847
0.6509
0.6249
0.58721
0.58115
0.55268
0.55699
0.53882
0.55072
0.50752
0.53696
0.52307
0.50613
0.46851
0.44214
0.42643
0.40992
0.34515
0.35173
0.35627
0.35929
0.3685
0.37882
0.40182
0.40913
0.4289
0.4256
0.40032
0.39277
0.44917
0.52522
0.60272
0.67097
0.72633
0.70541
0.77654
0.98426
0.9642
0.97078
0.95626
0.99517
0.97816
0.96294
0.79178
0.60071
0.55199
0.52021
0.52127
0.53651
0.68695
0.7012
0.67631
0.64405
0.66059
0.73495
0.81498
0.84244
0.84892
0.77648
0.74265
0.7136
0.72135
0.78582
0.86143
0.88424
0.84967
0.8039
0.7201
0.681
0.66373
0.73273
0.79839
0.85307
0.85224
0.7663
0.64062
0.58457
0.58349
0.63351
0.70737
0.78289
0.80068
0.80331
0.80268
0.80421
0.82876
0.86792
0.90875
0.9341
0.89979
0.8815
0.85748
0.81873
0.85971
0.97732
1.0005
0.99972
1.0006
0.9942
0.82412
0.56649
0.55348
0.52293
0.52908
0.52675
0.5363
0.68399
0.68238
0.63863
0.58596
0.47176
0.53225
0.49266
0.45823
0.41852
0.41507
0.41999
0.43267
0.4666
0.47488
0.52776
0.53195
0.47371
0.42253
0.45174
0.45599
0.47087
0.52605
0.58273
0.59584
0.56421
0.4981
0.45831
0.48146
0.51695
0.5609
0.60673
0.62054
0.60869
0.56666
0.53103
0.53147
0.53839
0.54574
0.6275
0.76314
0.72479
0.64362
0.51339
0.46394
0.48064
0.50481
0.58338
0.5948
0.52638
0.48409
0.61142
0.66187
0.74355
0.90136
0.98644
0.92152
0.84556
0.69387
0.68116
0.73091
0.78431
0.84987
0.84202
0.86143
0.84574
0.79523
0.75638
0.73053
0.72259
0.73779
0.72714
0.50533
0.39103
0.37291
0.41865
0.44749
0.47168
0.5215
0.52993
0.55903
0.54404
0.51413
0.49643
0.52185
0.57377
0.45409
0.36425
0.35451
0.34306
0.3516
0.35457
0.3591
0.33792
0.3397
0.35126
0.35843
0.34092
0.33597
0.33813
0.35283
0.35355
0.35174
0.36296
0.35667
0.33957
0.31806
0.32728
0.38284
0.38855
0.38889
0.37998
0.36531
0.33254
0.33719
0.36452
0.42179
0.44183
0.48671
0.42194
0.50439
0.47604
0.38157
0.36726
0.34737
0.34614
0.38307
0.42243
0.41998
0.42076
0.42905
0.45328
0.51575
0.59312
0.69314
0.77727
0.8529
0.8236
0.79658
0.77235
0.79317
0.8554
0.87863
0.87727
0.84594
0.84629
0.83022
0.81202
0.7933
0.82657
0.87961
0.8409
0.75503
0.61241
0.61088
0.5992
0.6227
0.65061
0.66701
0.58733
0.46627
0.40034
0.36859
0.37392
0.39083
0.57647
0.69043
0.7523
0.81502
0.82413
0.76407
0.67426
0.58911
0.50893
0.5904
0.79641
0.80645
0.78928
0.73329
0.69111
0.62451
0.61589
0.571
0.4077
0.37712
0.37637
0.47876
0.53785
0.49237
0.61077
0.64377
0.67252
0.6491
0.57863
0.61558
0.62399
0.56155
0.53068
0.34157
0.41326
0.84444
0.91243
0.90552
0.90904
0.89974
0.84034
0.84336
0.86475
0.87142
0.85159
0.80706
0.6743
0.52904
0.51647
0.50081
0.45922
0.38932
0.35515
0.33972
0.34868
0.37876
0.42229
0.41676
0.42332
0.45245
0.44517
0.49045
0.48514
0.50647
0.52749
0.5574
0.6133
0.71398
0.5918
0.49783
0.4245
0.39497
0.39964
0.41335
0.46945
0.49984
0.51715
0.51017
0.49551
0.48944
0.49749
0.51213
0.52743
0.51046
0.49349
0.45973
0.50839
0.55547
0.59082
0.61619
0.52335
0.51091
0.51428
0.55088
0.7064
0.67295
0.60096
0.52208
0.49364
0.47495
0.49344
0.51139
0.5133
0.4866
0.44444
0.43047
0.42442
0.44754
0.69364
0.56276
0.50783
0.51128
0.47075
0.42004
0.42559
0.4306
0.4378
0.42904
0.40815
0.3946
0.37358
0.34528
0.3217
0.31405
0.32006
0.34793
0.36286
0.37114
0.38021
0.39152
0.3919
0.38422
0.40186
0.44305
0.40813
0.43314
0.4841
0.45902
0.43798
0.45075
0.46054
0.49018
0.48273
0.60095
0.60984
0.65449
0.58429
0.55681
0.58526
0.74431
0.73682
0.70833
0.63268
0.48907
0.4633
0.41579
0.41541
0.46003
0.4638
0.46451
0.4525
0.45065
0.45672
0.46104
0.4543
0.43286
0.40489
0.38938
0.389
0.38114
0.37902
0.37603
0.37969
0.37862
0.37687
0.36739
0.35376
0.34772
0.36139
0.38906
0.40879
0.40123
0.37846
0.36953
0.31861
0.29386
0.29107
0.40776
0.43052
0.42344
0.37845
0.38775
0.35581
0.37731
0.40366
0.56335
0.70136
0.86096
0.85583
0.85752
0.84692
0.80912
0.79585
0.8129
0.82755
0.83955
0.85017
0.84961
0.85418
0.85348
0.8507
0.85744
0.85802
0.86809
0.84114
0.77702
0.78249
0.77518
0.76723
0.77145
0.7927
0.78972
0.77389
0.60008
0.44957
0.42391
0.42791
0.44499
0.45677
0.44613
0.43136
0.43036
0.427
0.40367
0.38569
0.38507
0.3864
0.37279
0.36456
0.36737
0.36451
0.36502
0.36596
0.3734
0.37054
0.36704
0.3602
0.35465
0.35346
0.35289
0.33577
0.33288
0.32317
0.33039
0.34805
0.36856
0.36616
0.35735
0.34657
0.36041
0.38898
0.40251
0.36256
0.3583
0.3431
0.36788
0.3946
0.42812
0.45178
0.44998
0.41966
0.42193
0.42297
0.42585
0.44955
0.44569
0.42732
0.42072
0.40341
0.40416
0.39935
0.39641
0.395
0.39113
0.37281
0.32802
0.29573
0.43318
0.42982
0.38515
0.5196
0.57956
0.59631
0.54214
0.56903
0.51478
0.46995
0.41777
0.40469
0.36572
0.39888
0.4795
0.64964
0.78035
0.79699
0.79349
0.79127
0.79337
0.79928
0.82689
0.83238
0.84279
0.83049
0.79962
0.7904
0.82074
0.85821
0.86041
0.86631
0.87023
0.86673
0.86081
0.84907
0.82991
0.79913
0.80897
0.76196
0.75024
0.71206
0.813
0.69637
0.60195
0.56943
0.53137
0.51997
0.53906
0.63755
0.58279
0.53361
0.53659
0.5489
0.55955
0.54462
0.51722
0.48648
0.48161
0.51189
0.68508
0.64127
0.55939
0.51932
0.53564
0.52645
0.51706
0.50365
0.48561
0.46866
0.43836
0.39847
0.38312
0.33948
0.37121
0.40977
0.47668
0.35892
0.37852
0.34032
0.3088
0.33524
0.34836
0.35908
0.35267
0.34327
0.33189
0.31406
0.29455
0.28623
0.34401
0.37001
0.36574
0.33347
0.33641
0.38055
0.38533
0.33294
0.27739
0.25357
0.26262
0.27499
0.26337
0.33488
0.60678
0.63148
0.53798
0.56479
0.54986
0.50118
0.45671
0.37366
0.39083
0.43331
0.49509
0.51794
0.7481
0.77919
0.76823
0.74938
0.74654
0.74362
0.73479
0.7391
0.73507
0.72974
0.71912
0.71503
0.70944
0.67027
0.60568
0.52239
0.47925
0.46079
0.44
0.42085
0.41973
0.40011
0.36817
0.35951
0.36925
0.37656
0.37675
0.38338
0.37734
0.36724
0.34955
0.33409
0.32831
0.32664
0.33033
0.33473
0.35137
0.39009
0.40435
0.39643
0.38495
0.36492
0.3355
0.31267
0.29297
0.25188
0.20683
0.18953
0.18952
0.19661
0.18937
0.18143
0.1866
0.19561
0.20702
0.22188
0.22849
0.25371
0.29583
0.34092
0.31385
0.33094
0.35341
0.38265
0.44738
0.48432
0.53738
0.59756
0.63683
0.56968
0.52925
0.50938
0.46574
0.68728
0.7021
0.69201
0.68256
0.66003
0.65811
0.78218
0.78458
0.78399
0.78919
0.78214
0.76555
0.73582
0.69689
0.68444
0.69471
0.67155
0.65408
0.54137
0.44067
0.43349
0.4221
0.41193
0.39496
0.39685
0.46622
0.47597
0.47826
0.48592
0.47915
0.48542
0.4678
0.42724
0.38725
0.34161
0.33284
0.33394
0.35097
0.35484
0.39113
0.38193
0.38705
0.58637
0.55819
0.53986
0.51979
0.50636
0.5032
0.5376
0.55309
0.55976
0.5695
0.56852
0.59783
0.63875
0.71007
0.68791
0.67386
0.65827
0.57846
0.42996
0.41282
0.39924
0.37969
0.37394
0.42432
0.51753
0.74086
0.7534
0.70423
0.50177
0.43
0.43523
0.45807
0.5574
0.51505
0.55515
0.62481
0.5706
0.54658
0.60674
0.64791
0.67288
0.6703
0.68487
0.60169
0.42775
0.4103
0.40279
0.39924
0.39619
0.40812
0.41686
0.42868
0.44117
0.47581
0.46917
0.44947
0.44151
0.4367
0.42919
0.40882
0.39229
0.37442
0.34985
0.32383
0.30149
0.36032
0.38562
0.44584
0.50363
0.55559
0.59981
0.65049
0.68719
0.56017
0.52776
0.50887
0.4799
0.46135
0.45703
0.45971
0.43761
0.42984
0.4172
0.3616
0.27767
0.32112
0.34529
0.35112
0.76981
0.78538
0.78746
0.78765
0.80111
0.80439
0.8027
0.81398
0.82001
0.81935
0.81686
0.81367
0.79393
0.78483
0.78433
0.78475
0.77124
0.74713
0.69521
0.63591
0.60933
0.551
0.51321
0.49467
0.46013
0.46806
0.45306
0.43288
0.42781
0.4249
0.41726
0.43881
0.46698
0.50003
0.54666
0.52282
0.60813
0.64799
0.57103
0.4938
0.41037
0.41164
0.4322
0.4762
0.46029
0.45495
0.52458
0.48267
0.47938
0.45497
0.40563
0.35518
0.34256
0.3153
0.30254
0.31916
0.41537
0.43057
0.48391
0.4988
0.47126
0.33064
0.30168
0.30923
0.30673
0.30839
0.32648
0.35049
0.36471
0.38373
0.39505
0.40566
0.39634
0.41279
0.45413
0.47742
0.54699
0.59311
0.55541
0.64451
0.63807
0.63679
0.63351
0.69345
0.69205
0.68897
0.68564
0.68709
0.68466
0.67182
0.6612
0.63147
0.48138
0.44138
0.42148
0.39837
0.38315
0.36664
0.36175
0.36233
0.36849
0.36992
0.39548
0.40467
0.39989
0.37239
0.34592
0.33014
0.32671
0.32776
0.33146
0.33374
0.33012
0.32388
0.32648
0.31991
0.31433
0.30745
0.29911
0.28243
0.3059
0.39329
0.46536
0.50295
0.53237
0.52547
0.52097
0.50662
0.51574
0.47499
0.44826
0.40189
0.37122
0.6165
0.62455
0.61068
0.56941
0.51872
0.45726
0.38754
0.35704
0.35738
0.40925
0.40755
0.41171
0.40688
0.42432
0.46557
0.45114
0.43754
0.4079
0.41145
0.39845
0.39095
0.38365
0.37073
0.35748
0.35162
0.33945
0.31616
0.30292
0.2877
0.26663
0.24021
0.23416
0.30279
0.32943
0.29328
0.22181
0.28325
0.38452
0.35756
0.39091
0.42475
0.39131
0.31188
0.24567
0.2666
0.2711
0.25062
0.22782
0.19615
0.16391
0.17425
0.26584
0.29742
0.25668
0.2664
0.2533
0.2704
0.29062
0.4386
0.75587
0.76961
0.77152
0.79383
0.80305
0.70291
0.50972
0.40288
0.31516
0.76485
0.77202
0.74098
0.4479
0.34902
0.28795
0.30548
0.29047
0.36226
0.32104
0.32409
0.40047
0.52362
0.68915
0.7617
0.73212
0.72631
0.76527
0.78534
0.80274
0.80453
0.81484
0.82972
0.84149
0.83791
0.66359
0.29388
0.33831
0.36676
0.41273
0.45886
0.38679
0.41336
0.4251
0.43905
0.36388
0.37913
0.36957
0.35985
0.34264
0.33737
0.32584
0.28507
0.25929
0.2332
0.25629
0.25563
0.27812
0.28898
0.29774
0.2897
0.27794
0.28192
0.27359
0.25805
0.24853
0.24473
0.24941
0.25504
0.25677
0.27204
0.28619
0.30669
0.31883
0.33076
0.34575
0.32533
0.33347
0.36662
0.37665
0.38649
0.39288
0.3979
0.38442
0.37686
0.33443
0.30413
0.33318
0.41144
0.4147
0.42948
0.42091
0.461
0.47909
0.44194
0.41955
0.43679
0.4053
0.40036
0.31181
0.37782
0.61403
0.77874
0.78481
0.77761
0.79288
0.77302
0.77079
0.75126
0.755
0.74214
0.76178
0.81888
0.81089
0.79629
0.792
0.79143
0.82585
0.80444
0.81327
0.8758
0.86607
0.68267
0.73853
0.73237
0.65607
0.58097
0.51325
0.44389
0.41225
0.43324
0.60251
0.725
0.75065
0.7136
0.72993
0.6877
0.64158
0.76904
0.8183
0.77406
0.78394
0.76737
0.75559
0.72104
0.68883
0.64587
0.4543
0.36538
0.37171
0.73749
0.6684
0.54984
0.50327
0.5604
0.65709
0.73937
0.76587
0.78622
0.77508
0.75264
0.67671
0.65095
0.45626
0.31175
