0.80207
0.79894
0.80116
0.80117
0.79626
0.79384
0.79478
0.73824
0.7074
0.70817
0.68943
0.67602
0.64175
0.60728
0.59882
0.61295
0.62338
0.65691
0.68707
0.67617
0.5835
0.6914
0.79131
0.79154
0.79057
0.77968
0.78354
0.79203
0.60875
0.53285
0.48972
0.46787
0.4459
0.43481
0.41671
0.39508
0.37064
0.3448
0.30955
0.27921
0.23513
0.212
0.1945
0.19618
0.21905
0.23762
0.20382
0.19809
0.20964
0.22885
0.25691
0.28461
0.28954
0.3043
0.31696
0.30991
0.31066
0.33547
0.38742
0.47312
0.56825
0.66155
0.69792
0.69412
0.57947
0.67653
0.70487
0.72582
0.74236
0.75401
0.76336
0.76474
0.76311
0.77074
0.7704
0.77586
0.78049
0.78203
0.78242
0.77527
0.75376
0.70853
0.62557
0.63875
0.59413
0.4684
0.46478
0.44117
0.43146
0.42741
0.42625
0.43924
0.4208
0.40504
0.37156
0.36149
0.38026
0.40673
0.45656
0.64376
0.7614
0.76895
0.77126
0.77143
0.76888
0.77093
0.76307
0.74444
0.73515
0.70031
0.56563
0.51349
0.50825
0.49559
0.49297
0.47388
0.45511
0.4522
0.45361
0.43208
0.40386
0.3888
0.39865
0.40183
0.40771
0.40962
0.41159
0.38636
0.3787
0.40132
0.45597
0.48418
0.48659
0.5386
0.53316
0.4913
0.52676
0.53162
0.52845
0.5222
0.48404
0.4961
0.57
0.66994
0.78706
0.71354
0.75488
0.56931
0.53227
0.53738
0.68595
0.83071
0.75837
0.61545
0.46658
0.43501
0.54074
0.47796
0.45404
0.47991
0.44363
0.4605
0.48004
0.25736
0.82597
0.86532
0.86531
0.87112
0.87684
0.85743
0.8618
0.8464
0.84219
0.83398
0.83323
0.56799
0.4811
0.45897
0.45772
0.40248
0.37963
0.3871
0.41137
0.4156
0.4192
0.42762
0.4476
0.45508
0.45268
0.45863
0.44934
0.44554
0.49996
0.50687
0.5333
0.55564
0.55126
0.52206
0.50395
0.50502
0.48189
0.42142
0.3298
0.31817
0.53912
0.53405
0.5247
0.52664
0.52492
0.56664
0.56341
0.62718
0.64037
0.66198
0.67663
0.79834
0.75304
0.5583
0.50228
0.48366
0.47753
0.43702
0.41539
0.42153
0.37141
0.319
0.31454
0.7012
0.73282
0.74887
0.6207
0.55886
0.77913
0.7782
0.77317
0.74386
0.71725
0.66896
0.50165
0.4492
0.43059
0.3942
0.37532
0.3696
0.44274
0.73025
0.74721
0.75582
0.75551
0.73718
0.73081
0.65686
0.46951
0.45201
0.45056
0.43791
0.43673
0.43853
0.43499
0.43699
0.44605
0.44714
0.50677
0.687
0.72922
0.72064
0.70749
0.46898
0.45878
0.4483
0.4395
0.44566
0.46882
0.4932
0.49174
0.48501
0.4887
0.47591
0.46492
0.45703
0.46256
0.46364
0.46587
0.45508
0.45422
0.46057
0.48086
0.49488
0.48857
0.48464
0.47928
0.48896
0.48892
0.50039
0.57959
0.67453
0.64077
0.56309
0.49651
0.44028
0.44491
0.44279
0.47583
0.71618
0.72784
0.72077
0.66697
0.72987
0.73909
0.74825
0.74159
0.739
0.73557
0.7356
0.74027
0.75057
0.75047
0.75149
0.67866
0.57666
0.56186
0.7548
0.77636
0.75798
0.74564
0.70689
0.62861
0.55479
0.53836
0.46656
0.40094
0.36639
0.33969
0.34543
0.36411
0.36668
0.35446
0.35932
0.35251
0.33611
0.33944
0.36075
0.36571
0.32409
0.26084
0.2428
0.29646
0.32153
0.28507
0.24759
0.53525
0.37659
0.3967
0.40338
0.42087
0.39918
0.40921
0.40397
0.37145
0.33453
0.34431
0.38463
0.4011
0.42856
0.30385
0.11045
0.090079
0.088744
0.099623
0.18936
0.37544
0.48692
0.41601
0.37762
0.36623
0.34769
0.34097
0.30576
0.27643
0.22975
0.12237
0.092274
0.13417
0.2395
0.2652
0.25413
0.26514
0.32443
0.58145
0.84902
0.84772
0.83783
0.83262
0.77454
0.64525
0.59449
0.40288
0.47426
0.5055
0.53353
0.55186
0.65713
0.68096
0.82011
0.80811
0.86134
0.85555
0.84489
0.84335
0.8533
0.84888
0.82216
0.77658
0.68836
0.52146
0.44807
0.39094
0.40139
0.40451
0.4709
0.46892
0.51102
0.66766
0.81532
0.80708
0.80818
0.80661
0.80111
0.79533
0.79071
0.75852
0.75488
0.74193
0.67242
0.61824
0.58261
0.56596
0.56737
0.58134
0.5052
0.37965
0.32786
0.22618
0.25114
0.25879
0.24339
0.25233
0.23415
0.22175
0.21339
0.23198
0.25233
0.27198
0.23061
0.1966
0.17971
0.15316
0.13837
0.1216
0.11949
0.12121
0.14569
0.20647
0.35997
0.84916
0.84892
0.85049
0.80265
0.82332
0.78659
0.63615
0.57145
0.50722
0.41876
0.38041
0.37642
0.36875
0.36901
0.35358
0.35373
0.33802
0.2816
0.24318
0.20206
0.16232
0.15369
0.17095
0.18584
0.22483
0.26767
0.30516
0.32722
0.34401
0.37051
0.3619
0.38256
0.33474
0.40254
0.49317
0.49161
0.49595
0.4352
0.42062
0.48368
0.49614
0.47382
0.4211
0.3998
0.3882
0.39103
0.40956
0.45202
0.45993
0.47125
0.46123
0.49472
0.78787
0.80808
0.82917
0.84813
0.84773
0.83349
0.82614
0.82192
0.80193
0.79207
0.78856
0.78465
0.76624
0.74659
0.74959
0.73245
0.75707
0.75939
0.75089
0.73731
0.70133
0.68785
0.71876
0.69621
0.69796
0.69828
0.7006
0.70496
0.72585
0.71953
0.735
0.73336
0.72353
0.71915
0.73615
0.72679
0.69348
0.50122
0.48557
0.48127
0.47544
0.45493
0.37392
0.36956
0.35869
0.36578
0.3644
0.35833
0.35984
0.34455
0.36698
0.45898
0.50833
0.73866
0.66698
0.56027
0.54315
0.61036
0.72373
0.62782
0.57432
0.64062
0.57282
0.57191
0.56963
0.55864
0.55575
0.54452
0.53477
0.52949
0.51845
0.51255
0.51883
0.51467
0.50925
0.52025
0.5266
0.5325
0.53279
0.52122
0.50932
0.50563
0.56238
0.78508
0.7938
0.79788
0.80757
0.8002
0.80651
0.80991
0.80951
0.80134
0.79002
0.77061
0.74407
0.63042
0.55308
0.49761
0.49134
0.4903
0.54223
0.63261
0.74184
0.76016
0.64745
0.56139
0.55244
0.53089
0.53838
0.5329
0.5247
0.52084
0.50799
0.49258
0.5191
0.53797
0.54752
0.55082
0.54988
0.55013
0.55087
0.54928
0.58635
0.61373
0.62151
0.61273
0.60096
0.58935
0.57361
0.57681
0.58539
0.57597
0.53717
0.53531
0.49007
0.47311
0.46024
0.45038
0.45129
0.45179
0.4571
0.4611
0.45349
0.44911
0.47388
0.47842
0.46547
0.4537
0.46178
0.47876
0.47119
0.44735
0.43244
0.4176
0.41134
0.42273
0.44941
0.47802
0.48585
0.50116
0.4749
0.49406
0.52234
0.64477
0.64009
0.64438
0.72136
0.72514
0.72845
0.72651
0.71742
0.70652
0.63144
0.55986
0.52607
0.49901
0.47353
0.45791
0.44164
0.4236
0.4177
0.41967
0.43185
0.45064
0.4841
0.44511
0.41763
0.41301
0.44011
0.50756
0.56626
0.72091
0.76691
0.77561
0.76969
0.76607
0.76123
0.74959
0.73307
0.73685
0.7365
0.75346
0.73102
0.7074
0.69599
0.70658
0.70116
0.70927
0.72041
0.71695
0.70359
0.6949
0.70183
0.69633
0.70063
0.71663
0.74929
0.75657
0.7582
0.76563
0.77263
0.77314
0.77249
0.77605
0.77664
0.78069
0.78988
0.79815
0.8032
0.80698
0.81082
0.80963
0.81411
0.80478
0.79333
0.82456
0.80778
0.83308
0.83929
0.83353
0.83854
0.8362
0.83945
0.83902
0.83822
0.83714
0.83975
0.8367
0.82415
0.80637
0.79823
0.78991
0.78378
0.77787
0.78076
0.79359
0.78815
0.78353
0.78079
0.77925
0.78563
0.78365
0.78987
0.80088
0.80436
0.80951
0.81209
0.81525
0.8229
0.83061
0.83684
0.84071
0.84073
0.84376
0.82158
0.79825
0.76103
0.57039
0.51256
0.43173
0.37396
0.30661
0.25563
0.24456
0.23326
0.27444
0.29227
0.80416
0.85366
0.86418
0.87058
0.8774
0.87869
0.87856
0.8811
0.87656
0.7705
0.57489
0.51815
0.38315
0.45882
0.43491
0.437
0.43878
0.47312
0.49606
0.48541
0.44772
0.39529
0.3543
0.35749
0.36895
0.39698
0.43186
0.46691
0.50005
0.55257
0.61727
0.8623
0.8606
0.85936
0.86084
0.85964
0.84181
0.8235
0.80282
0.62392
0.55238
0.54332
0.52444
0.4965
0.48448
0.47039
0.47324
0.47833
0.48398
0.49548
0.48914
0.51597
0.52292
0.52237
0.51336
0.50706
0.54127
0.65561
0.78256
0.78444
0.77822
0.78485
0.78396
0.78807
0.80005
0.79255
0.78767
0.76928
0.71978
0.67476
0.64458
0.6247
0.60855
0.57514
0.57355
0.56002
0.56163
0.4631
0.63464
0.53851
0.61423
0.62451
0.51507
0.47932
0.40158
0.37879
0.40328
0.49364
0.45269
0.50206
0.50739
0.47385
0.38052
0.43609
0.47597
0.42084
0.41804
0.44526
0.46783
0.5195
0.54568
0.46825
0.43594
0.41753
0.40713
0.42364
0.43905
0.42553
0.36217
0.28463
0.24245
0.36244
0.5318
0.493
0.47928
0.44949
0.43281
0.48763
0.45602
0.40867
0.40121
0.40515
0.43221
0.40846
0.32195
0.28253
0.26439
0.26949
0.30956
0.33848
0.31293
0.3222
0.34191
0.41892
0.42096
0.43477
0.42286
0.44656
0.46864
0.4713
0.46256
0.43108
0.41294
0.40509
0.40982
0.42141
0.41953
0.42018
0.42437
0.50703
0.50953
0.52308
0.66212
0.79824
0.85483
0.86514
0.70736
0.62833
0.61922
0.55938
0.53952
0.52611
0.4952
0.45745
0.4191
0.39324
0.39572
0.40761
0.42982
0.4615
0.51597
0.54598
0.62512
0.87392
0.699
0.6019
0.60551
0.60829
0.59011
0.5584
0.52824
0.50127
0.48447
0.49381
0.52258
0.50218
0.44041
0.45111
0.46454
0.56917
0.55806
0.59667
0.58941
0.57482
0.53626
0.47766
0.41356
0.36571
0.35274
0.35979
0.423
0.50373
0.50452
0.49786
0.48225
0.44025
0.44699
0.48918
0.49016
0.50199
0.50513
0.50236
0.48772
0.47394
0.49054
0.50879
0.52132
0.53524
0.51638
0.48617
0.49342
0.48212
0.47813
0.47861
0.48658
0.49824
0.50206
0.4905
0.48136
0.62634
0.80081
0.7288
0.5802
0.56197
0.57797
0.62816
0.63966
0.63419
0.59723
0.65637
0.82076
0.73592
0.75413
0.83765
0.86828
0.77346
0.59255
0.56005
0.56082
0.56763
0.58325
0.58841
0.58413
0.58988
0.59561
0.59721
0.61256
0.62775
0.63526
0.62262
0.61187
0.60557
0.62349
0.64112
0.64953
0.66452
0.65327
0.62142
0.58434
0.56165
0.55842
0.62784
0.8597
0.86203
0.80696
0.75304
0.71538
0.67814
0.65995
0.63651
0.64322
0.61415
0.58021
0.55598
0.51114
0.53375
0.56238
0.55934
0.53294
0.52324
0.52563
0.48448
0.46361
0.47266
0.46187
0.47451
0.50042
0.50629
0.50766
0.48865
0.46324
0.43336
0.40254
0.37287
0.37279
0.4262
0.46761
0.47661
0.47708
0.45876
0.45457
0.47395
0.50261
0.52703
0.51639
0.426
0.39334
0.40268
0.42069
0.41386
0.37953
0.40012
0.38795
0.39341
0.40476
0.40141
0.46103
0.8771
0.80727
0.75464
0.9175
0.92041
0.90879
0.89861
0.8267
0.79507
0.78341
0.75232
0.70422
0.65789
0.6447
0.67642
0.61524
0.60527
0.55991
0.59365
0.56249
0.55871
0.55262
0.54572
0.51726
0.4524
0.42839
0.45037
0.44901
0.43274
0.43717
0.4533
0.47052
0.47449
0.47119
0.47843
0.48133
0.48279
0.48882
0.5013
0.52958
0.50874
0.54957
0.64869
0.55788
0.51566
0.53063
0.46237
0.4507
0.51005
0.55471
0.61531
0.63017
0.94503
0.94013
0.93834
0.93869
0.93555
0.89628
0.65976
0.64002
0.61686
0.5547
0.51503
0.51632
0.51544
0.52753
0.54443
0.54465
0.54048
0.52839
0.52635
0.5168
0.52059
0.50747
0.54316
0.57999
0.52376
0.46957
0.40744
0.39117
0.41691
0.45089
0.51467
0.50076
0.54337
0.47786
0.47986
0.49109
0.58708
0.59008
0.58994
0.6451
0.56599
0.4684
0.42814
0.43182
0.45171
0.46041
0.47974
0.45354
0.4978
0.65816
0.67897
0.91207
0.94038
0.94829
0.95663
0.95838
0.95501
0.95713
0.95807
0.95983
0.94848
0.95507
0.95393
0.9612
0.9666
0.96295
0.95038
0.9409
0.92276
0.93143
0.93172
0.94063
0.96095
0.95632
0.95313
0.94744
0.94557
0.90339
0.7747
0.73107
0.65161
0.67835
0.76704
0.83438
0.98356
0.95314
0.93677
0.9035
0.77749
0.97919
0.97216
0.96109
0.69948
0.6113
0.58204
0.56563
0.6321
0.71515
0.96414
0.95334
0.90993
0.74082
0.50162
0.4603
0.47438
0.525
0.67036
0.39386
0.49516
0.56815
0.60323
0.5797
0.52677
0.47424
0.4185
0.37452
0.44221
0.72242
0.99942
0.97727
0.95834
0.95082
0.94274
0.9424
0.84355
0.95492
0.93022
0.96644
0.97153
0.96625
0.98318
0.86819
0.72161
0.68379
0.79091
0.67257
0.74126
0.92404
0.98538
0.61934
0.60413
0.6048
0.58896
0.60216
0.60854
0.56491
0.56682
0.59408
0.60676
0.60455
0.60104
0.60304
0.59999
0.70717
0.77974
0.68215
0.67851
0.63874
0.64806
0.6366
0.60531
0.70609
0.80242
0.80316
0.88633
0.76231
0.78741
0.77325
0.72427
0.74971
0.7645
0.84549
0.79693
0.91423
0.88602
0.89068
0.93801
0.98214
1.0007
0.99814
0.98413
0.74982
0.83913
0.97117
0.9678
0.78447
0.76468
0.96128
0.95575
0.95636
0.95816
0.78471
0.89483
0.91607
0.79198
0.79838
0.81989
0.8202
0.83883
0.8577
0.86326
0.91804
0.95267
0.9752
0.94698
0.96813
0.98654
0.98192
0.98136
0.97561
0.9738
0.9717
0.96869
0.97156
0.97412
0.9715
0.96706
0.96372
0.96157
0.9636
0.96458
0.96071
0.96208
0.96048
0.91964
0.85096
0.76906
0.72834
0.72508
0.69587
0.65882
0.64237
0.68258
0.66844
0.64181
0.70379
0.71939
0.64234
0.59463
0.59801
0.62732
0.63953
0.69372
0.6563
0.69187
0.74494
0.77719
0.72088
0.75511
0.76298
0.8883
0.79633
0.81518
0.82367
0.78965
0.91164
0.99936
1.0009
0.999
0.99869
0.99429
0.99226
0.98921
0.99469
0.99163
1.0007
1
0.98294
0.95871
0.95397
0.91748
0.86102
0.81161
0.76732
0.74976
0.73812
0.77951
0.8233
0.83818
0.858
0.97267
1.0002
0.98958
0.74199
0.68566
0.81653
0.92882
0.92873
0.86049
0.84372
0.74792
0.69819
0.6678
0.68307
0.68608
0.63044
0.5769
0.55324
0.56581
0.5349
0.51985
0.65697
0.6654
0.58448
0.57227
0.58593
0.63424
0.67828
0.74118
0.71799
0.70283
0.68588
0.66008
0.73764
0.689
0.68807
0.69548
0.70479
0.70774
0.67697
0.64516
0.62603
0.63613
0.65439
0.64806
0.66359
0.68646
0.64856
0.65645
0.79155
0.99889
0.77216
0.791
0.77064
0.73009
0.68914
0.6684
0.67446
0.6641
0.70937
0.83335
0.78612
0.7355
0.68971
0.69564
0.69069
0.83117
0.67693
0.62549
0.61129
0.62918
0.60593
0.66501
0.64945
0.64924
0.64548
0.63445
0.63189
0.61057
0.57027
0.5827
0.65655
0.60946
0.59055
0.62348
0.63811
0.62975
0.62336
0.59117
0.55143
0.58836
0.63966
0.61264
0.56835
0.53948
0.53597
0.5242
0.54682
0.55104
0.5689
0.56715
0.57006
0.56221
0.55005
0.55258
0.54761
0.55786
0.58424
0.65276
0.62492
0.60017
0.51811
0.75262
0.86535
0.82929
0.74334
0.73278
0.75432
0.87052
0.9758
0.99744
0.99867
0.99777
0.89285
0.85549
0.8015
0.78527
0.78529
0.76862
0.73914
0.73956
0.72442
0.69118
0.66632
0.66175
0.66709
0.71061
0.70625
0.70494
0.66606
0.66602
0.67729
0.72215
0.72824
0.70406
0.69621
0.69358
0.67285
0.65826
0.63859
0.65799
0.71721
0.80483
0.99223
0.99781
0.96087
0.82934
0.69781
0.67175
0.60289
0.56046
0.55286
0.56276
0.59434
0.62525
0.61362
0.59158
0.60412
0.68092
0.65199
0.68728
0.97056
0.98422
0.99992
0.9995
0.9658
0.71909
0.65658
0.64951
0.67415
0.69802
0.75506
0.72781
0.70384
0.6722
0.68205
0.67469
0.69985
0.69491
0.70404
0.66288
0.59288
0.58337
0.58616
0.58931
0.58747
0.68161
0.87823
0.83204
0.71803
0.69365
0.83289
0.86206
0.8626
0.77251
0.77871
0.78591
0.75518
0.74075
0.75274
0.76946
0.70077
0.69805
0.69676
0.64908
0.63375
0.62282
0.63542
0.62554
0.59072
0.60651
0.61192
0.58897
0.59501
0.59547
0.58865
0.56908
0.59161
0.56506
0.56012
0.59806
0.58876
0.57435
0.56826
0.58897
0.55663
0.54468
0.5445
0.55417
0.63552
0.62019
0.59761
0.56121
0.62154
0.54462
0.50913
0.48863
0.48119
0.47621
0.46579
0.48701
0.46127
0.48678
0.51121
0.4949
0.48882
0.47276
0.49257
0.50766
0.52154
0.5401
0.59037
0.48223
0.47487
0.46091
0.48791
0.47589
0.459
0.46418
0.41271
0.38825
0.39024
0.39604
0.41683
0.41816
0.48782
0.47382
0.37961
0.366
0.41438
0.42273
0.45798
0.49247
0.51843
0.50242
0.51174
0.52003
0.45878
0.42942
0.44543
0.46046
0.51261
0.56967
0.55982
0.53808
0.63404
0.52482
0.57355
0.60175
0.64596
0.92145
0.67169
0.63853
0.63812
0.62799
0.62609
0.67595
0.88791
0.85681
0.85834
0.98026
0.82319
0.97273
0.9829
0.98046
0.97409
0.925
0.72995
0.70803
0.666
0.66965
0.69241
0.91176
1.0004
0.83781
0.83193
0.83249
0.86015
0.99715
0.99978
0.99728
0.97555
0.91176
0.86364
0.7916
0.74894
0.73153
0.98225
0.9857
0.98609
0.98798
0.96645
0.97597
0.96542
0.85229
0.80318
0.769
0.7242
0.69652
0.65035
0.69501
0.7263
0.71585
0.80756
0.858
0.67878
0.55499
0.55977
0.52838
0.55488
0.47959
0.48203
0.48624
0.48267
0.45726
0.43006
0.39674
0.44893
0.50169
0.64187
0.63584
0.5419
0.45188
0.44121
0.39298
0.44622
0.55596
0.61352
0.61166
0.54793
0.50044
0.4617
0.44857
0.55081
0.58494
0.58628
0.59185
0.57215
0.63138
0.5759
0.73597
0.69915
0.87124
0.97327
0.95822
0.83674
0.61724
0.51303
0.4732
0.48972
0.5124
0.52139
0.53103
0.53543
0.52268
0.49604
0.49556
0.50223
0.51515
0.54573
0.57076
0.61204
0.62708
0.59699
0.58123
0.56586
0.55753
0.58508
0.56969
0.56247
0.56597
0.57183
0.61656
0.76556
0.95091
0.93705
0.85311
0.70547
0.63027
0.56773
0.51967
0.4865
0.497
0.52516
0.52776
0.52437
0.51821
0.49639
0.48085
0.47302
0.4856
0.50368
0.52842
0.58281
0.58729
0.63488
0.59832
0.57523
0.61762
0.68677
0.95553
0.9759
0.95722
0.94299
0.86443
0.86254
0.87277
0.9021
0.84444
0.72112
0.63861
0.57682
0.52761
0.50649
0.51233
0.48187
0.52037
0.52668
0.51192
0.53025
0.54353
0.54636
0.57985
0.6419
0.67938
0.70576
0.92497
0.90365
0.9425
0.93918
0.93944
0.93761
0.93269
0.84353
0.65415
0.59494
0.53396
0.47588
0.44583
0.49601
0.49632
0.44404
0.49143
0.52113
0.65933
0.72135
0.74738
0.73364
0.72013
0.70315
0.68216
0.65058
0.6169
0.61096
0.62447
0.65128
0.79118
0.81921
0.65422
0.59587
0.58422
0.57761
0.58685
0.60088
0.57057
0.50599
0.49939
0.53464
0.68187
0.6675
0.63317
0.56265
0.51291
0.49124
0.48055
0.46416
0.46393
0.47167
0.48978
0.49973
0.50232
0.50336
0.52804
0.52747
0.54926
0.54987
0.51806
0.48806
0.476
0.47486
0.47491
0.50088
0.57524
0.71452
0.80287
0.72728
0.57642
0.51356
0.48572
0.46276
0.41941
0.39841
0.39537
0.42587
0.46441
0.48618
0.48563
0.47717
0.48926
0.49912
0.52546
0.54935
0.56851
0.54767
0.51026
0.47973
0.46404
0.45576
0.43537
0.41715
0.38887
0.35515
0.33181
0.3171
0.31415
0.31041
0.318
0.36587
0.47333
0.62028
0.78846
0.96242
0.99988
0.984
0.70485
0.59533
0.4708
0.40454
0.37019
0.36375
0.36916
0.40399
0.42774
0.40167
0.38523
0.38654
0.41097
0.76679
0.8864
0.88282
0.86865
0.86467
0.83367
0.72423
0.6273
0.5638
0.47801
0.37125
0.3376
0.3132
0.31277
0.36199
0.41024
0.49541
0.75634
0.84757
0.8079
0.53448
0.48905
0.48997
0.4999
0.49248
0.4619
0.4676
0.48245
0.49786
0.49793
0.49947
0.50507
0.49717
0.50626
0.49975
0.46574
0.42446
0.45133
0.39599
0.36471
0.48944
0.42915
0.44319
0.47356
0.5003
0.51974
0.53106
0.54034
0.51419
0.46432
0.45101
0.40574
0.5146
0.49198
0.49202
0.48085
0.4464
0.4408
0.46659
0.45321
0.43727
0.4159
0.41206
0.40118
0.38957
0.38523
0.35101
0.37699
0.36316
0.38397
0.43112
0.41716
0.42044
0.43183
0.43508
0.45533
0.47661
0.48267
0.48105
0.49255
0.52889
0.58213
0.51806
0.39618
0.34805
0.39903
0.47981
0.56834
0.55976
0.47708
0.54465
0.71443
0.80211
0.78623
0.8533
0.8998
0.91652
0.82473
0.83812
0.90099
0.90288
0.91281
0.91535
0.91647
0.89412
0.90299
0.89841
0.89957
0.89596
0.89349
0.89206
0.88001
0.82767
0.62998
0.61484
0.61537
0.57335
0.54365
0.50373
0.4536
0.44084
0.42733
0.40658
0.39486
0.37298
0.44275
0.39466
0.42292
0.41331
0.3509
0.40918
0.43389
0.48299
0.57849
0.56845
0.54715
0.47544
0.55745
0.55393
0.57945
0.54181
0.57359
0.59951
0.62683
0.61852
0.61113
0.61161
0.60245
0.59213
0.59373
0.60919
0.61757
0.60916
0.59266
0.60664
0.60053
0.6457
0.67813
0.85489
0.86912
0.8742
0.8625
0.8644
0.86864
0.87317
0.86894
0.87641
0.8722
0.86968
0.85182
0.79118
0.77797
0.62396
0.62696
0.7667
0.69527
0.74188
0.85886
0.85777
0.79765
0.61055
0.56012
0.53592
0.53412
0.54537
0.58088
0.58662
0.60978
0.61811
0.62336
0.60637
0.54852
0.54731
0.53847
0.54333
0.55975
0.55699
0.56908
0.53577
0.53706
0.53545
0.60602
0.78055
0.8053
0.72447
0.65076
0.58465
0.54826
0.5211
0.50874
0.48022
0.44655
0.43106
0.41644
0.40901
0.44943
0.42709
0.39034
0.40599
0.39011
0.45185
0.47724
0.47355
0.57737
0.47384
0.48525
0.50947
0.51078
0.51241
0.5298
0.53391
0.50039
0.47613
0.44009
0.43956
0.3919
0.34367
0.32707
0.32399
0.32687
0.34815
0.34335
0.35502
0.41149
0.3305
0.5233
0.55375
0.59086
0.60081
0.67016
0.68896
0.70205
0.73746
0.82621
0.78958
0.61007
0.78169
0.74714
0.70715
0.65222
0.61367
0.60607
0.59897
0.57227
0.57464
0.5844
0.56931
0.58864
0.62131
0.61663
0.56905
0.55824
0.58438
0.62175
0.57179
0.53729
0.49562
0.51825
0.50562
0.48487
0.48179
0.496
0.49996
0.53297
0.5374
0.56129
0.57774
0.57552
0.57222
0.56883
0.5627
0.55792
0.56886
0.57086
0.55865
0.55812
0.52364
0.50961
0.50056
0.47525
0.46015
0.44142
0.44606
0.45907
0.48072
0.51776
0.571
0.63237
0.80241
0.80091
0.60449
0.58135
0.58029
0.57024
0.5756
0.58931
0.58269
0.59049
0.61186
0.62837
0.65192
0.73471
0.78325
0.78664
0.77681
0.79011
0.76726
0.78783
0.7906
0.78925
0.7959
0.79013
0.79603
0.80129
0.80234
0.80807
0.76154
0.66778
0.54817
0.50362
0.50244
0.50975
0.51899
0.53819
0.54599
0.54079
0.50396
0.48247
0.48045
0.43766
0.4097
0.36437
0.46017
0.53285
0.52355
0.46114
0.4634
0.47721
0.50298
0.51978
0.52679
0.54486
0.55301
0.57829
0.59082
0.59536
0.62584
0.63221
0.82797
0.80366
0.67162
0.50585
0.41724
0.37326
0.35199
0.36511
0.37899
0.43055
0.49561
0.55776
0.59795
0.53495
0.50849
0.5731
0.58606
0.51831
0.49837
0.48593
0.48147
0.47879
0.49584
0.4934
0.50806
0.50248
0.49581
0.49303
0.48647
0.49192
0.51748
0.51358
0.51954
0.53778
0.55036
0.70116
0.73873
0.74685
0.7504
0.74919
0.74908
0.7378
0.69358
0.54802
0.51278
0.50588
0.51183
0.47746
0.42987
0.34192
0.30126
0.28751
0.28307
0.31813
0.35045
0.37909
0.41401
0.39875
0.47301
0.56213
0.60737
0.57121
0.55155
0.54631
0.4995
0.46652
0.45265
0.45063
0.44203
0.44897
0.54373
0.81563
0.78131
0.78456
0.78645
0.78761
0.78029
0.77614
0.77291
0.7761
0.77608
0.77672
0.78295
0.77281
0.63999
0.54662
0.51701
0.73762
0.79953
0.82825
0.8296
0.77682
0.6854
0.65068
0.65918
0.80382
0.80715
0.80787
0.80871
0.81008
0.811
0.8124
0.81226
0.81344
0.81692
0.8229
0.82533
0.81887
0.82871
0.8272
0.81988
0.821
0.81465
0.81118
0.80568
0.76431
0.75697
0.7852
0.50298
0.22782
0.19168
0.1883
0.40401
0.72951
0.66594
0.5713
0.49838
0.40545
0.23282
0.18362
0.76231
0.78156
0.75873
0.79288
0.76629
0.75378
0.61794
0.34323
0.38384
0.34663
0.32171
0.29392
0.2375
0.18059
0.14403
0.15191
0.39772
0.65284
0.57518
0.52189
0.4961
0.46809
0.45717
0.45022
0.44846
0.43969
0.42745
0.41648
0.42328
0.42307
0.4192
0.39124
0.33968
0.30849
0.26113
0.24778
0.37866
0.36138
0.39391
0.45358
0.48869
0.4469
0.50332
0.51646
0.51941
0.47275
0.43897
0.41164
0.43929
0.43566
0.39256
0.34598
0.29609
0.27563
0.25775
0.24651
0.26267
0.2843
0.35932
0.45027
0.52164
0.522
0.46809
0.46784
0.47351
0.50446
0.46804
0.43461
0.40784
0.39546
0.35202
0.34376
0.35034
0.38327
0.41975
0.39851
0.37255
0.40425
0.39007
0.40739
0.41533
0.44447
0.47816
0.51816
0.51251
0.50337
0.51695
0.52206
0.51426
0.5121
0.50537
0.49487
0.46656
0.44299
0.4266
0.41847
0.40262
0.40185
0.40017
0.48716
0.57624
0.54399
0.47572
0.47227
0.42505
0.39168
0.34546
0.33239
0.32381
0.29752
0.34906
0.44272
0.47562
0.37165
0.37993
0.35232
0.31216
0.28169
0.27538
0.46438
0.5637
0.49194
0.46887
0.49139
0.51871
0.52724
0.51607
0.50032
0.4839
0.47416
0.50335
0.53555
0.53833
0.58831
0.59508
0.67908
0.80566
0.80451
0.80513
0.80349
0.80468
0.80729
0.80648
0.80218
0.79942
0.7918
0.76373
0.58446
0.54546
0.55461
0.58201
0.61457
0.58075
0.55388
0.53331
0.52265
0.52113
0.51319
0.5261
0.5291
0.52656
0.51761
0.49738
0.47382
0.44832
0.42168
0.39705
0.38552
0.38283
0.38069
0.39214
0.3987
0.41414
0.43174
0.45129
0.45088
0.45058
0.46041
0.47183
0.4785
0.49632
0.51645
0.51681
0.52171
0.5119
0.51109
0.48151
0.45642
0.45455
0.47663
0.50303
0.48773
0.50079
0.49275
0.51669
0.51175
0.50007
0.45056
0.43274
0.42467
0.43003
0.48681
0.49786
0.50467
0.50595
0.51779
0.52452
0.58779
0.74684
0.76373
0.76938
0.77876
0.78474
0.77936
0.78004
0.7821
0.73623
0.57758
0.53687
0.52771
0.52826
0.53647
0.53589
0.57006
0.59573
0.61172
0.76985
0.76146
0.75812
0.75472
0.75066
0.74511
0.73437
0.69524
0.59635
0.55294
0.52219
0.49869
0.48159
0.46825
0.46262
0.4665
0.4613
0.45348
0.44333
0.42658
0.42517
0.43116
0.43759
0.44324
0.44375
0.45673
0.4964
0.52434
0.53821
0.5302
0.53017
0.51904
0.5098
0.51998
0.51124
0.56315
0.59443
0.52596
0.55917
0.67478
0.68414
0.69794
0.7194
0.7208
0.72585
0.70921
0.59948
0.54788
0.51776
0.4973
0.4867
0.47422
0.44218
0.39163
0.35972
0.30272
0.26116
0.22322
0.21957
0.24705
0.26474
0.28301
0.30595
0.36769
0.42826
0.689
0.7142
0.69166
0.6491
0.60555
0.57312
0.59463
0.61261
0.43171
0.29822
0.2874
0.28053
0.27529
0.3654
0.41037
0.47792
0.81628
0.81975
0.81904
0.82105
0.82
0.82016
0.81904
0.8149
0.80856
0.80595
0.75797
0.63742
0.59302
0.53845
0.48899
0.45929
0.52142
0.46836
0.4436
0.40988
0.40125
0.39086
0.32436
0.17349
0.16012
0.56766
0.77634
0.7946
0.79357
0.67506
0.60061
0.79277
0.78216
0.80583
0.81014
0.7796
0.6185
0.56242
0.53118
0.46958
0.34711
0.55274
0.42031
0.36421
0.45855
0.38518
0.4694
0.45326
0.50766
0.55293
0.76763
0.84051
0.837
0.82882
0.83409
0.49142
0.42716
0.40231
0.39084
0.39376
0.40877
0.40569
0.40247
0.4061
