0.34675
0.41408
0.74462
0.76677
0.76671
0.79758
0.81622
0.78924
0.79292
0.76514
0.66991
0.21015
0.228
0.15443
0.28398
0.32582
0.32941
0.32179
0.31603
0.3084
0.29907
0.29529
0.28368
0.26877
0.25638
0.25114
0.25612
0.25808
0.25899
0.2926
0.33802
0.79188
0.78169
0.55168
0.58365
0.68304
0.71566
0.73842
0.72863
0.72002
0.70872
0.69811
0.67313
0.64689
0.50548
0.44295
0.38612
0.32197
0.26242
0.24055
0.25101
0.27117
0.29085
0.3026
0.29619
0.30086
0.36353
0.81227
0.82428
0.83807
0.84552
0.84254
0.83426
0.82709
0.8299
0.83451
0.8369
0.83513
0.81583
0.75605
0.73175
0.71427
0.69274
0.68416
0.65977
0.63557
0.5281
0.55645
0.59794
0.58972
0.54949
0.62754
0.64861
0.6586
0.6592
0.63156
0.60801
0.61383
0.59613
0.55728
0.53715
0.4974
0.47247
0.44012
0.41308
0.38377
0.34998
0.32047
0.30811
0.32205
0.32573
0.32303
0.40166
0.5159
0.63199
0.71883
0.62273
0.39018
0.30822
0.25193
0.28539
0.27115
0.26611
0.20782
0.33755
0.38851
0.44249
0.44169
0.50593
0.35693
0.36182
0.37678
0.34684
0.37692
0.32875
0.33085
0.34816
0.34464
0.33448
0.32994
0.32376
0.30715
0.29654
0.28458
0.28028
0.28549
0.283
0.28744
0.29423
0.29917
0.32417
0.34332
0.35639
0.35279
0.35383
0.36166
0.47192
0.42169
0.35727
0.34478
0.3356
0.32609
0.3236
0.30727
0.26374
0.24957
0.36845
0.32498
0.30156
0.32749
0.67071
0.61901
0.54675
0.54914
0.5366
0.417
0.2939
0.30998
0.30465
0.29273
0.28058
0.48687
0.533
0.48384
0.34936
0.34902
0.38538
0.44264
0.45988
0.4317
0.36607
0.32941
0.55952
0.61054
0.71994
0.70375
0.67223
0.54392
0.30398
0.29038
0.28761
0.29346
0.32477
0.31648
0.35706
0.54986
0.60299
0.58904
0.49627
0.50348
0.53657
0.43979
0.37812
0.33
0.31762
0.31581
0.31999
0.3219
0.31798
0.31762
0.31595
0.31705
0.31407
0.3176
0.32283
0.37881
0.36792
0.38042
0.37361
0.41242
0.45385
0.46693
0.65905
0.7002
0.72932
0.71264
0.69493
0.69803
0.69533
0.67212
0.56722
0.50578
0.44433
0.39492
0.34816
0.31479
0.29482
0.27003
0.2484
0.23597
0.23221
0.22964
0.24326
0.29415
0.30992
0.39319
0.40825
0.48095
0.49231
0.38475
0.34038
0.35195
0.35401
0.33561
0.33105
0.32712
0.33241
0.32692
0.31356
0.26845
0.31506
0.34841
0.35531
0.33961
0.35029
0.33233
0.37899
0.38625
0.37277
0.3722
0.43392
0.44832
0.4164
0.40606
0.38883
0.37628
0.35079
0.62891
0.68499
0.67295
0.66672
0.63903
0.66278
0.65418
0.61708
0.59897
0.55868
0.48718
0.41292
0.37109
0.37501
0.38345
0.40167
0.47296
0.54238
0.53018
0.49552
0.49328
0.49257
0.47691
0.44918
0.44026
0.42741
0.39814
0.32371
0.33034
0.414
0.42419
0.39609
0.37878
0.36848
0.37875
0.39416
0.38664
0.38243
0.29453
0.27495
0.3397
0.35507
0.34881
0.33705
0.31885
0.24347
0.23001
0.25165
0.26772
0.28829
0.30572
0.3144
0.31279
0.29253
0.28848
0.27774
0.28175
0.28729
0.28034
0.31213
0.30612
0.2925
0.30885
0.32709
0.34384
0.31423
0.30991
0.32802
0.3404
0.3684
0.40801
0.42082
0.39319
0.35777
0.32724
0.29068
0.26509
0.24457
0.23072
0.21699
0.22312
0.24304
0.25156
0.25492
0.27107
0.27807
0.28653
0.27606
0.26938
0.27249
0.27193
0.26687
0.27575
0.27764
0.27781
0.2749
0.28442
0.36179
0.38339
0.32522
0.29868
0.3056
0.27607
0.2562
0.24828
0.2993
0.42764
0.60013
0.49759
0.42709
0.44999
0.44299
0.41393
0.3802
0.34054
0.3132
0.31521
0.33579
0.34832
0.37267
0.35431
0.32114
0.29955
0.2719
0.33471
0.45749
0.4653
0.51459
0.5976
0.61338
0.61712
0.48976
0.47571
0.43028
0.36234
0.33941
0.31495
0.34092
0.32856
0.3322
0.27485
0.26919
0.2575
0.23809
0.26427
0.26781
0.33445
0.4
0.58915
0.75085
0.74872
0.73218
0.72648
0.71568
0.72049
0.72872
0.77929
0.82539
0.81275
0.79751
0.78321
0.82661
0.85608
0.79525
0.73092
0.73915
0.72645
0.67601
0.65498
0.69208
0.72076
0.73634
0.7082
0.67123
0.57862
0.48147
0.45995
0.45481
0.59264
0.72949
0.76949
0.63995
0.51649
0.52396
0.78602
0.78197
0.76718
0.48868
0.43439
0.44009
0.47552
0.51749
0.56205
0.57908
0.63097
0.63981
0.58382
0.49546
0.45297
0.39475
0.3086
0.26325
0.29552
0.30123
0.34466
0.4254
0.52828
0.57922
0.57516
0.54339
0.53789
0.53194
0.52517
0.54025
0.54764
0.54286
0.54112
0.53783
0.60169
0.6722
0.67016
0.66329
0.64809
0.6395
0.62677
0.60562
0.53808
0.51144
0.46608
0.44274
0.42211
0.40287
0.39048
0.37058
0.38038
0.37145
0.36382
0.45731
0.60549
0.64978
0.63534
0.64196
0.63447
0.63536
0.69855
0.70115
0.7162
0.74902
0.75266
0.72435
0.70394
0.73142
0.72885
0.73135
0.6961
0.67392
0.71061
0.75882
0.76249
0.75402
0.59858
0.60031
0.59898
0.58807
0.76159
0.76823
0.76061
0.73699
0.69977
0.67657
0.66192
0.6513
0.64985
0.61902
0.53747
0.48233
0.44911
0.4959
0.49797
0.55694
0.68362
0.64549
0.53616
0.44474
0.45012
0.42664
0.38848
0.37043
0.38172
0.35452
0.30839
0.30064
0.30911
0.30768
0.29474
0.28513
0.27816
0.29774
0.32133
0.39501
0.52439
0.69495
0.755
0.79329
0.8047
0.81243
0.79742
0.77459
0.7425
0.75282
0.76613
0.76997
0.77764
0.79299
0.76609
0.63189
0.61287
0.72637
0.78322
0.80459
0.80389
0.7843
0.76233
0.735
0.72013
0.71707
0.72149
0.71277
0.71974
0.70264
0.66128
0.67089
0.68161
0.6905
0.74691
0.7359
0.73583
0.72626
0.72963
0.73076
0.77272
0.78425
0.80405
0.8207
0.81339
0.79568
0.7737
0.70742
0.60867
0.49516
0.43451
0.42449
0.4216
0.41653
0.40934
0.41584
0.39047
0.37071
0.37228
0.37419
0.37367
0.37177
0.36541
0.36454
0.36733
0.37077
0.37462
0.36941
0.35896
0.35316
0.34725
0.33693
0.32906
0.3176
0.31174
0.31691
0.31793
0.31927
0.32451
0.33573
0.34553
0.3528
0.3571
0.36748
0.37066
0.35983
0.35811
0.35841
0.36208
0.36513
0.36438
0.35989
0.35711
0.34615
0.35402
0.36603
0.36916
0.37003
0.37095
0.37045
0.35304
0.34353
0.34224
0.33879
0.36938
0.37437
0.33558
0.37059
0.37507
0.36109
0.34737
0.37181
0.34267
0.33489
0.33286
0.34287
0.33618
0.30364
0.2957
0.29302
0.28797
0.2785
0.28232
0.30418
0.31913
0.30758
0.30855
0.35712
0.51562
0.46221
0.44237
0.48598
0.49695
0.49508
0.48292
0.39161
0.3131
0.28775
0.28443
0.29372
0.29152
0.28491
0.29335
0.3103
0.33105
0.35543
0.36332
0.36505
0.37302
0.38799
0.41833
0.44046
0.4514
0.43654
0.40663
0.38467
0.37382
0.35723
0.306
0.28747
0.50517
0.51064
0.45474
0.41711
0.39796
0.43792
0.4706
0.49813
0.49089
0.47873
0.43822
0.4141
0.40741
0.42335
0.42433
0.37413
0.41298
0.49555
0.47411
0.4546
0.45255
0.45433
0.45603
0.45
0.45096
0.43356
0.54641
0.53193
0.4567
0.43415
0.41831
0.42821
0.44556
0.45067
0.50619
0.5143
0.47761
0.48003
0.55565
0.58923
0.58968
0.52777
0.54897
0.51421
0.49433
0.48415
0.43402
0.6102
0.6886
0.68207
0.66778
0.65181
0.65554
0.6829
0.70127
0.67634
0.67747
0.47613
0.38297
0.36022
0.35765
0.35447
0.35261
0.36051
0.36607
0.36265
0.36834
0.37346
0.37702
0.38034
0.38772
0.38816
0.39266
0.38823
0.39289
0.39655
0.39187
0.36816
0.34414
0.31861
0.30325
0.31922
0.36595
0.38835
0.3946
0.39111
0.44338
0.45918
0.41853
0.41259
0.40292
0.40923
0.43867
0.45822
0.66565
0.59552
0.45878
0.35173
0.34767
0.33939
0.34768
0.3926
0.43082
0.43789
0.44756
0.4612
0.67581
0.70849
0.63645
0.61338
0.52324
0.40356
0.3623
0.32764
0.31742
0.37457
0.39892
0.4009
0.40041
0.42335
0.32115
0.27668
0.3016
0.29137
0.30146
0.33605
0.32719
0.2968
0.30158
0.31604
0.33644
0.35516
0.36007
0.35797
0.35796
0.36014
0.36451
0.37013
0.38103
0.39172
0.38179
0.35843
0.35162
0.35747
0.39864
0.4356
0.43554
0.45134
0.59249
0.48781
0.39772
0.38319
0.39524
0.39922
0.40098
0.39576
0.39666
0.38265
0.36041
0.34904
0.34794
0.35291
0.36001
0.35396
0.36061
0.36037
0.35538
0.35983
0.37241
0.37986
0.39413
0.39225
0.40858
0.42498
0.43241
0.43516
0.43313
0.42829
0.42288
0.42371
0.42383
0.42487
0.44092
0.45345
0.45226
0.44093
0.442
0.44102
0.4456
0.45666
0.46583
0.4278
0.41243
0.66178
0.75259
0.71085
0.7007
0.68921
0.73177
0.74475
0.73962
0.73686
0.70894
0.67926
0.64179
0.64234
0.75705
0.79851
0.76515
0.72956
0.68629
0.67918
0.68468
0.73791
0.77096
0.75698
0.74496
0.63447
0.46875
0.44386
0.54007
0.61678
0.66081
0.66466
0.66076
0.59695
0.52452
0.47719
0.48019
0.45715
0.46324
0.51916
0.52027
0.5573
0.50244
0.48277
0.45344
0.47647
0.49756
0.50932
0.50742
0.4694
0.44231
0.40893
0.45762
0.53325
0.67131
0.75243
0.89389
0.89767
0.84895
0.81131
0.71645
0.73594
0.74133
0.73695
0.66079
0.64248
0.60644
0.56006
0.53153
0.55668
0.56314
0.60191
0.64457
0.61782
0.60078
0.56669
0.6079
0.62783
0.65134
0.5923
0.72262
0.63581
0.65313
0.61427
0.61864
0.56569
0.60801
0.66081
0.58095
0.48169
0.48837
0.45753
0.42086
0.37697
0.38675
0.41836
0.43525
0.46012
0.42085
0.41182
0.40049
0.38191
0.34741
0.34124
0.36075
0.38185
0.42931
0.46989
0.57359
0.70742
0.64492
0.49034
0.43677
0.40377
0.38766
0.36998
0.34389
0.34732
0.34194
0.33647
0.34813
0.36419
0.36722
0.37221
0.37177
0.37476
0.33919
0.30906
0.30242
0.32125
0.32644
0.33109
0.35221
0.33673
0.33293
0.3378
0.35904
0.3793
0.39374
0.39879
0.38523
0.36772
0.36247
0.38836
0.39494
0.3952
0.40327
0.40836
0.40735
0.37944
0.34559
0.33815
0.33516
0.33946
0.33703
0.3338
0.32174
0.33052
0.35365
0.37214
0.38843
0.36486
0.38414
0.38422
0.32928
0.33969
0.32733
0.33593
0.35434
0.38108
0.38653
0.37983
0.37095
0.36028
0.34761
0.33602
0.34131
0.3342
0.32616
0.30813
0.29644
0.28818
0.33152
0.36184
0.39466
0.39692
0.41838
0.40426
0.41831
0.43635
0.51572
0.56206
0.56957
0.4891
0.41529
0.38926
0.38593
0.40773
0.45671
0.49379
0.4775
0.42685
0.3824
0.36063
0.34229
0.33788
0.34251
0.34173
0.34166
0.33754
0.33313
0.31192
0.32873
0.34681
0.4054
0.48015
0.52908
0.51126
0.45797
0.4578
0.46804
0.53215
0.5908
0.64452
0.64733
0.60721
0.59385
0.598
0.60088
0.62397
0.67799
0.7452
0.79341
0.74889
0.7086
0.69734
0.6706
0.7149
0.81315
0.85669
0.80614
0.56505
0.48359
0.45633
0.4237
0.40566
0.39731
0.34496
0.34063
0.3587
0.38519
0.40221
0.39438
0.32834
0.77416
0.44693
0.45611
0.58826
0.64354
0.60031
0.6541
0.90598
0.99846
0.85079
0.70383
0.65334
0.68034
0.63346
0.52276
0.47922
0.64611
0.70324
0.80232
0.74191
0.46733
0.38402
0.35443
0.34169
0.37251
0.40685
0.45205
0.47788
0.49387
0.79701
0.79122
0.83876
0.84343
0.85045
0.85894
0.84892
0.8219
0.8217
0.82094
0.87408
0.84334
0.83362
0.85097
0.79224
0.58782
0.50182
0.46783
0.48271
0.51782
0.70628
0.76212
0.63353
0.57105
0.62435
0.78506
0.77134
0.69759
0.96538
0.89471
0.77825
0.56842
0.45062
0.86064
0.71596
0.66412
0.59731
0.58867
0.66942
0.56685
0.50027
0.38825
0.37538
0.3887
0.35771
0.33206
0.33897
0.33235
0.34854
0.3555
0.36519
0.35612
0.33823
0.34082
0.34334
0.34538
0.36117
0.36879
0.37399
0.37475
0.37396
0.36182
0.36042
0.36474
0.40526
0.42523
0.40314
0.44916
0.47828
0.49869
0.47823
0.46558
0.43906
0.43523
0.42002
0.46848
0.69433
0.69926
0.60883
0.5242
0.47492
0.45232
0.4926
0.46542
0.47368
0.47662
0.45269
0.44679
0.50227
0.54473
0.68933
0.69946
0.54277
0.45795
0.43607
0.40205
0.5169
0.53462
0.61754
0.93559
0.97491
0.97098
0.96642
0.90515
1.0003
0.97571
0.91566
0.86467
0.95443
0.9606
0.74667
0.54908
0.46085
0.45617
0.45246
0.4361
0.41324
0.39189
0.43331
0.47959
0.50905
0.54952
0.45969
0.41715
0.49281
0.56376
0.55045
0.52836
0.52014
0.50369
0.48404
0.50195
0.52711
0.5982
0.56367
0.51223
0.48034
0.41888
0.44571
0.54545
0.57817
0.57327
0.50468
0.47572
0.50132
0.5132
0.56774
0.60716
0.62439
0.60216
0.53406
0.4764
0.43437
0.41181
0.39089
0.40097
0.44918
0.51761
0.5286
0.48544
0.45783
0.48259
0.54934
0.60157
0.60499
0.55257
0.52559
0.49392
0.46734
0.45011
0.43465
0.44942
0.45556
0.45809
0.43745
0.39761
0.39031
0.39828
0.41256
0.43512
0.46247
0.42594
0.40815
0.42292
0.41094
0.41509
0.40898
0.39596
0.40941
0.40405
0.3876
0.39048
0.38418
0.3787
0.38973
0.41239
0.44773
0.44871
0.41337
0.38522
0.37417
0.36762
0.36428
0.39247
0.4528
0.49196
0.49156
0.471
0.47424
0.48661
0.50852
0.54815
0.58115
0.58734
0.5517
0.51039
0.5071
0.51862
0.55367
0.60445
0.65612
0.67347
0.651
0.5971
0.56552
0.55069
0.54425
0.54021
0.50096
0.52769
0.46718
0.42023
0.40661
0.40274
0.41209
0.41189
0.4364
0.41348
0.38948
0.39659
0.39812
0.38885
0.38511
0.38563
0.38929
0.38595
0.35988
0.35135
0.35184
0.35092
0.35394
0.34591
0.37807
0.38945
0.37994
0.35769
0.33353
0.36241
0.41229
0.43596
0.4446
0.43058
0.40777
0.39901
0.40967
0.40829
0.42004
0.42646
0.44214
0.4648
0.44706
0.4092
0.40149
0.41369
0.41979
0.44211
0.44331
0.44067
0.41323
0.40284
0.41123
0.42418
0.43784
0.43493
0.45062
0.44184
0.46822
0.45282
0.43055
0.41456
0.43577
0.44126
0.47165
0.45126
0.42098
0.4326
0.46712
0.55155
0.61307
0.64682
0.71937
0.70105
0.66348
0.59002
0.61985
0.75062
0.78079
0.75661
0.83327
0.90185
0.90484
0.96797
0.96004
0.96884
0.98069
0.99767
0.9171
0.86472
0.80683
0.77032
0.74586
0.75262
0.78127
0.83438
0.87194
0.88663
0.81672
0.77925
0.76297
0.76249
0.77183
0.79576
0.81345
0.80491
0.73235
0.64623
0.59511
0.58743
0.61192
0.68081
0.73608
0.75287
0.7315
0.71667
0.7071
0.74356
0.78601
0.82417
0.84331
0.8304
0.77602
0.74581
0.70963
0.72838
0.77984
0.84774
0.93307
0.9016
0.82286
0.74818
0.69105
0.88387
0.94868
0.93248
0.95529
0.99431
0.98135
0.99662
0.96656
0.71895
0.63732
0.60867
0.77517
0.82737
0.79462
0.72033
0.66456
0.64242
0.65644
0.66336
0.67211
0.66831
0.6449
0.5406
0.44333
0.43037
0.39114
0.47144
0.48079
0.47337
0.4592
0.4121
0.52599
0.76647
0.92172
0.93533
0.9069
0.94223
0.95875
0.94534
0.95565
0.95226
0.97681
0.99764
0.99098
0.93195
0.85908
0.87718
0.8424
0.84678
0.85384
0.87538
0.95484
0.8044
0.51302
0.49891
0.49507
0.53847
0.57098
0.56369
0.47949
0.52699
0.52814
0.48997
0.47767
0.45544
0.44234
0.45779
0.48366
0.48127
0.47437
0.44414
0.42128
0.39975
0.40761
0.44607
0.49744
0.52954
0.54133
0.53292
0.5022
0.48513
0.56856
0.6431
0.63609
0.58277
0.58086
0.56779
0.7108
0.72162
0.55611
0.59943
0.54772
0.50721
0.50122
0.51813
0.55252
0.60804
0.65224
0.64067
0.7237
0.7871
0.83567
0.87126
0.84527
0.78981
0.79916
0.95183
0.9076
0.90815
0.84214
0.8042
0.78694
0.76128
0.70035
0.70466
0.71856
0.68285
0.66126
0.63717
0.59979
0.62097
0.63805
0.64854
0.65867
0.64178
0.633
0.63715
0.63
0.62544
0.63162
0.64714
0.66573
0.72272
0.77236
0.7983
0.71755
0.70094
0.79133
0.94301
0.99973
0.99796
1.0007
0.80954
0.63064
0.58365
0.74107
0.75398
0.779
0.71575
0.69689
0.71939
0.7216
0.7385
0.73024
0.74529
0.70647
0.54498
0.49522
0.5072
0.55813
0.60934
0.61526
0.64503
0.62345
0.54942
0.52572
0.53998
0.51389
0.52742
0.57482
0.53433
0.67662
0.64405
0.56868
0.50562
0.49716
0.57428
0.66919
0.70829
0.72573
0.69686
0.67161
0.71951
0.69355
0.67909
0.67181
0.6566
0.62032
0.45615
0.47489
0.51816
0.52047
0.52286
0.51985
0.52161
0.57095
0.5593
0.60314
0.67059
0.695
0.71325
0.75728
0.80177
0.81473
0.79177
0.71601
0.65839
0.6293
0.60495
0.59077
0.60594
0.62899
0.62602
0.58593
0.57692
0.5848
0.59629
0.61188
0.60401
0.62621
0.63859
0.59595
0.53685
0.53339
0.57167
0.61575
0.59816
0.71619
0.78559
0.77141
0.39157
0.59371
0.33815
0.40134
0.38696
0.50562
0.54178
0.56677
0.5754
0.5206
0.415
0.32244
0.37387
0.36293
0.36357
0.38143
0.37046
0.35897
0.39828
0.48825
0.5237
0.52758
0.43573
0.42926
0.42305
0.44747
0.49177
0.58587
0.6373
0.68048
0.69961
0.66562
0.59687
0.5791
0.58231
0.60343
0.66978
0.71329
0.76195
0.7531
0.68385
0.65188
0.63961
0.65915
0.67867
0.55979
0.45546
0.43546
0.41579
0.50843
0.55694
0.62761
0.67289
0.61864
0.52987
0.45129
0.40147
0.42014
0.45137
0.46023
0.50446
0.57088
0.46582
0.32918
0.31214
0.34039
0.34658
0.35448
0.36224
0.37412
0.37052
0.35271
0.3378
0.31108
0.30349
0.30428
0.33268
0.35717
0.375
0.40331
0.40792
0.42255
0.4422
0.47228
0.49369
0.52153
0.5827
0.34514
0.34639
0.35818
0.33994
0.34481
0.35874
0.3711
0.37397
0.37119
0.36322
0.36354
0.36276
0.36625
0.39033
0.4394
0.49437
0.44844
0.42116
0.51496
0.55588
0.60342
0.65375
0.62693
0.57865
0.53728
0.51191
0.47831
0.50705
0.52978
0.55144
0.54179
0.49063
0.51115
0.48576
0.46342
0.45004
0.46475
0.50237
0.46309
0.40247
0.33067
0.32198
0.33339
0.37244
0.40884
0.52277
0.59557
0.61518
0.6042
0.57894
0.54131
0.50243
0.51679
0.53063
0.55404
0.53876
0.53456
0.51293
0.5026
0.49218
0.47703
0.53703
0.49768
0.51762
0.56751
0.5972
0.5352
0.5095
0.56575
0.61706
0.61734
0.54698
0.49631
0.50306
0.48478
0.46981
0.45706
0.45659
0.44691
0.45563
0.45658
0.44389
0.42236
0.41031
0.40922
0.41858
0.44638
0.4623
0.47282
0.45447
0.41883
0.40566
0.48192
0.53036
0.61515
0.62367
0.59735
0.54618
0.46045
0.4164
0.42589
0.44285
0.49781
0.55325
0.58144
0.57282
0.56285
0.58976
0.67538
0.71015
0.76893
0.83183
0.80096
0.74505
0.72023
0.67893
0.67482
0.65523
0.6345
0.78948
0.79443
0.71202
0.61095
0.63049
0.60219
0.57388
0.54084
0.52192
0.504
0.47175
0.44523
0.45763
0.50528
0.49609
0.47607
0.4822
0.4707
0.45583
0.43678
0.4311
0.43614
0.44869
0.48137
0.57027
0.67908
0.69596
0.71286
0.64871
0.58192
0.47252
0.42119
0.40169
0.40516
0.39962
0.39418
0.38517
0.37798
0.37077
0.37051
0.37801
0.38546
0.38558
0.3814
0.43295
0.44526
0.4448
0.42951
0.39822
0.40042
0.56367
0.8479
0.82251
0.81355
0.81276
0.81269
0.83434
0.8296
0.82847
0.73384
0.7867
0.85588
0.78676
0.68527
0.57422
0.46596
0.49472
0.64573
0.81081
0.82618
0.80612
0.73325
0.67221
0.56462
0.50726
0.43159
0.38719
0.41165
0.42621
0.4079
0.3949
0.39348
0.37581
0.36965
0.39393
0.38567
0.36343
0.35464
0.38358
0.39936
0.44928
0.4725
0.46587
0.40919
0.3422
0.3276
0.39517
0.41712
0.52257
0.53681
0.49917
0.44238
0.45654
0.47678
0.4965
0.50527
0.53702
0.46486
0.59467
0.68736
0.74277
0.78768
0.76333
0.78451
0.8537
0.83992
0.52906
0.40268
0.35142
0.33347
0.34366
0.35309
0.3534
0.34846
0.34041
0.34166
0.36337
0.36768
0.38362
0.36876
0.2993
0.34452
0.40616
0.45475
0.57425
0.45927
0.42186
0.50082
0.43682
0.46091
0.46384
0.46428
0.55016
0.556
0.53955
0.70158
0.73057
0.70975
0.6544
0.51182
0.49116
0.51343
0.51257
0.49152
0.47051
0.47536
0.55862
0.5992
0.55573
0.54747
0.57072
0.543
0.53697
0.56553
0.61489
0.68208
0.70888
0.74316
0.75968
0.74919
0.72474
0.71389
0.71443
0.60858
0.53396
0.52035
0.56119
0.58906
0.56294
0.537
0.50756
0.48511
0.4661
0.46194
0.46485
0.46573
0.46768
0.4897
0.53232
0.57028
0.61339
0.62778
0.6193
0.60666
0.64055
0.64315
0.72361
0.70016
0.70184
0.7042
0.69246
0.66639
0.47627
0.41676
0.4174
0.42418
0.46134
0.55213
0.66692
0.64021
0.67447
0.77298
0.77613
0.77104
0.76692
0.76498
0.7521
0.74736
0.73131
0.67943
0.7923
0.85091
0.79135
0.81798
0.78531
0.76873
0.7282
0.64474
0.49127
0.43275
0.48516
0.43706
0.41143
0.46307
0.60068
0.56767
0.48897
0.57051
0.65608
0.58632
0.52231
0.4903
0.53305
0.41544
0.3774
0.36352
0.33953
0.31604
0.30952
0.3131
0.3423
0.42659
0.45108
0.48752
0.54487
0.56314
0.62173
0.7021
0.76422
0.71112
0.58464
0.51982
0.44083
0.44828
0.39055
0.32873
0.3012
0.28911
0.26166
0.23269
0.22259
0.23083
0.25994
0.27133
0.29025
0.37964
0.7996
0.80819
0.82533
0.85714
0.86878
0.87255
0.86733
0.85127
0.78277
0.82447
0.7834
0.80135
0.80696
0.78035
0.76823
0.76689
0.77088
0.65068
0.73143
0.78399
0.84146
0.85667
0.86721
0.85105
0.83109
0.82864
0.82515
0.83533
0.84979
0.86109
0.86472
0.84019
0.79428
0.78384
0.77637
0.83872
0.85314
0.78717
0.78527
0.85736
0.7469
0.67275
0.64976
0.62323
0.5729
0.59509
0.61564
0.53314
0.44037
0.42729
0.43798
0.4252
0.4202
0.39565
0.38976
0.37988
0.38882
0.38388
0.37642
0.37081
0.37853
0.38112
0.38004
0.38693
0.39275
0.39607
0.39231
0.37506
0.42654
0.6037
0.66147
0.71474
0.76752
0.74778
0.73989
0.70353
0.52093
0.46324
0.44062
0.42514
0.41724
0.40925
0.40495
0.39204
0.39499
0.3744
0.34937
0.31324
0.29857
0.30767
0.32582
0.317
0.32079
0.32237
0.32692
0.34885
0.40078
0.44833
0.39752
0.3489
0.33613
0.30849
0.30207
0.3059
0.32368
0.31045
0.31008
0.31149
0.33465
0.35916
0.3635
0.37666
0.37395
0.35679
0.31636
0.40846
0.43467
0.48418
0.34782
0.35215
0.3796
0.37215
0.34836
0.33104
0.31955
0.30311
0.30767
0.29071
0.30286
0.34053
0.36779
0.38381
0.37645
0.39539
0.35178
0.31929
0.27872
0.27419
0.22376
0.19482
0.26056
0.3471
0.37658
0.44237
0.46172
0.49262
0.41688
0.41284
0.43343
0.43269
0.43887
0.40774
0.37007
0.36937
0.37206
0.3737
0.36435
0.3604
0.35443
0.3464
0.34203
0.31247
0.2938
0.31557
0.37688
0.46438
0.52747
0.65165
0.60765
0.58215
0.56706
0.55175
0.48435
0.51966
0.46275
0.42238
0.48118
0.50539
0.69419
0.69652
0.69054
0.68481
0.58378
0.50202
0.48847
0.48359
0.46032
0.4536
0.45725
0.44522
0.44398
0.46093
0.4603
0.45856
0.43919
0.40598
0.39157
0.37602
0.35788
0.32573
0.2969
0.28623
0.40434
0.52761
0.65176
0.59658
0.49433
0.42542
0.55993
0.63749
0.62838
0.54417
0.49666
0.46109
0.46425
0.55086
0.6789
0.69919
0.658
0.61999
0.549
0.50561
0.44307
0.42008
0.4171
0.436
0.45756
0.47312
0.55636
0.5531
0.60918
0.50174
0.48083
0.47816
0.44479
0.42366
0.40466
0.37471
0.34166
0.30867
0.27787
0.31094
0.42511
0.46322
0.47483
0.49917
0.45552
0.43923
0.39506
0.41874
0.75221
0.72891
0.77028
0.65489
0.68492
0.63896
0.43062
0.33308
0.30691
0.29027
0.27673
0.28219
0.29432
0.29399
0.29547
0.29979
0.27355
0.26518
0.25797
0.25263
0.32858
0.38883
0.51187
0.46933
0.43936
0.31593
0.29285
0.2874
0.29566
0.30969
0.34865
0.31362
0.25859
0.2492
0.23233
0.38634
0.75277
0.76091
0.75438
0.75158
0.53358
0.51817
0.26525
0.27033
0.28641
0.2891
0.26305
0.256
0.26315
0.23697
0.19555
0.22163
0.30745
0.51338
0.60526
0.57271
0.37914
0.33451
0.35039
0.3678
0.35329
0.37264
0.37907
0.37828
0.38004
0.36224
0.34585
0.35414
0.3873
0.4158
0.45765
0.49776
0.54957
0.56029
0.55841
0.54373
0.67934
0.71651
0.71475
0.74485
0.73124
0.71377
0.68649
0.67214
0.66347
0.66935
0.66186
0.65667
0.66033
0.61454
0.564
0.54436
0.52723
0.5141
0.50734
0.54893
0.55966
0.57138
0.61477
0.62358
0.61324
0.62097
0.62195
0.59196
0.51521
0.40346
0.37498
0.37481
0.38218
0.39105
0.41303
0.4179
0.39606
0.42217
0.41656
0.39264
0.35181
0.3381
0.33319
0.33184
0.31811
0.31379
0.34214
0.38938
0.41098
0.3959
0.40918
0.40871
0.40572
0.43975
0.46649
0.50137
0.52091
0.5336
0.54227
0.51567
0.3519
0.30011
0.32355
0.32963
0.33568
0.32131
0.30431
0.32838
0.36779
0.36512
0.35796
0.36114
0.36329
0.36048
0.36564
0.35796
0.33478
0.30039
0.42756
0.48487
0.51224
0.51903
0.50347
0.46479
0.37319
0.33846
0.32956
0.31057
0.30612
0.29706
0.276
0.28482
0.31737
0.3498
0.38112
0.36198
0.4253
0.54611
0.51339
0.43457
0.45918
0.41606
0.40253
0.39731
0.38675
0.3797
0.37002
0.36892
0.37234
0.42329
0.4486
0.4181
0.42824
0.49892
0.5754
0.55797
0.47254
0.39782
0.37652
0.3778
0.37858
0.376
0.34665
0.34244
0.3584
0.37198
0.39667
0.38598
0.3771
0.37378
0.37318
0.37528
0.37794
0.37318
0.37454
0.38618
0.40017
0.39458
0.39174
0.45413
0.56153
0.65257
0.69933
0.71237
0.6484
0.66549
0.7132
0.73738
0.692
0.63159
0.51226
0.43074
0.40039
0.38802
0.72008
0.70971
0.70446
0.71031
0.71218
0.67389
0.56487
0.6657
0.64533
0.6305
0.60978
0.59448
0.53407
0.47211
0.45776
0.67411
0.73295
0.75997
0.76695
0.74085
0.72196
0.70012
0.6658
0.66432
0.63991
0.56652
0.47897
0.46571
0.45546
0.44709
0.44959
0.46863
0.51545
0.65286
0.65185
0.6266
0.53959
0.44813
0.43324
0.43988
0.3702
0.41804
0.37086
0.3342
0.34474
0.34235
0.36904
0.41783
0.40928
0.37162
0.32743
0.25949
0.26034
0.29155
0.29971
0.31595
0.32192
0.33785
0.31433
0.26883
0.25423
0.40038
0.5525
0.60962
0.47564
0.33951
0.29925
0.32161
0.36603
0.40633
0.40185
0.44353
0.49431
0.50695
0.47471
0.49841
0.47848
0.41763
0.38617
0.35941
0.34334
0.35234
0.35648
0.36676
0.36619
0.35935
0.3521
0.33635
0.34369
0.33902
0.34544
0.35209
0.37805
0.36306
0.38163
0.38063
0.37718
0.37944
0.36705
0.34753
0.34465
0.33148
0.32377
0.31531
0.32723
0.32391
0.33675
0.3448
0.31773
0.29095
0.25657
0.30775
0.40954
0.53209
0.5338
0.49257
0.5144
0.53629
0.5991
0.64386
0.65636
0.63922
0.52049
0.39781
0.38919
0.43336
0.39676
0.3779
0.35716
0.35527
0.35442
0.40787
0.49688
0.44879
0.38044
0.33537
0.3359
0.34688
0.34254
0.33517
0.33092
0.33034
0.40889
0.74331
0.74088
0.7408
0.73636
0.70145
0.66606
0.57795
0.43501
0.36751
0.30631
0.26208
0.33803
0.3991
0.37119
0.33753
0.3391
0.3647
0.3862
0.39464
0.40428
