0.36345
0.36086
0.34915
0.32518
0.30362
0.29075
0.2877
0.33817
0.39713
0.49253
0.5081
0.44604
0.35491
0.31432
0.34171
0.35385
0.35023
0.34457
0.32958
0.32431
0.43051
0.48165
0.5324
0.58637
0.56761
0.54236
0.52078
0.48998
0.4632
0.28485
0.27586
0.30927
0.34255
0.37173
0.4165
0.36932
0.30027
0.26924
0.5021
0.6027
0.61848
0.61073
0.52211
0.35434
0.29051
0.28572
0.2911
0.30233
0.30474
0.30623
0.32635
0.34699
0.36646
0.39368
0.47587
0.47864
0.47636
0.46963
0.44767
0.46847
0.46559
0.45668
0.43659
0.40529
0.3791
0.35984
0.46555
0.56711
0.62697
0.65828
0.6626
0.636
0.63387
0.557
0.50243
0.49255
0.41747
0.37161
0.32116
0.28476
0.22491
0.269
0.26139
0.26448
0.32354
0.33354
0.31125
0.2803
0.26932
0.27788
0.32464
0.36085
0.48774
0.43102
0.39263
0.34016
0.61199
0.56212
0.39977
0.50919
0.64447
0.4294
0.38388
0.38573
0.39565
0.36724
0.3317
0.31987
0.30888
0.30839
0.30754
0.30691
0.32552
0.31778
0.31159
0.27339
0.24229
0.20912
0.22587
0.21699
0.24347
0.28274
0.52313
0.42386
0.55475
0.65745
0.79116
0.79693
0.78709
0.78996
0.78209
0.77712
0.79341
0.80557
0.8252
0.82773
0.82378
0.81449
0.8028
0.76926
0.7455
0.73352
0.74159
0.75733
0.76056
0.78049
0.77589
0.77403
0.75545
0.75174
0.75308
0.73626
0.7039
0.69556
0.71073
0.67437
0.66975
0.59982
0.4565
0.39193
0.38602
0.3574
0.31128
0.31248
0.29368
0.30923
0.28063
0.30836
0.31558
0.30417
0.29002
0.30048
0.30464
0.32276
0.31788
0.31338
0.32477
0.34054
0.3536
0.34367
0.32213
0.43251
0.48665
0.50359
0.51328
0.44234
0.7447
0.69209
0.71577
0.66824
0.61053
0.57103
0.40259
0.3371
0.30238
0.29487
0.27567
0.29386
0.33465
0.41621
0.38215
0.39109
0.3704
0.35811
0.31436
0.36231
0.35992
0.39202
0.36292
0.32403
0.33299
0.34337
0.35937
0.35447
0.34067
0.33831
0.35688
0.36487
0.36572
0.3579
0.34672
0.35361
0.35893
0.35737
0.38755
0.44373
0.44625
0.41715
0.58812
0.65446
0.62773
0.61374
0.52015
0.35927
0.29967
0.48502
0.71432
0.7832
0.79022
0.7905
0.7916
0.79296
0.79286
0.78666
0.78081
0.76549
0.72811
0.70126
0.69742
0.69707
0.66316
0.54645
0.38118
0.24385
0.39192
0.36658
0.24566
0.26974
0.35088
0.58492
0.67105
0.69131
0.74849
0.79134
0.79016
0.80388
0.8205
0.82373
0.81255
0.8107
0.81509
0.80817
0.81918
0.82363
0.82859
0.823
0.80919
0.7053
0.69123
0.67519
0.66202
0.64943
0.59871
0.57453
0.52965
0.4932
0.44437
0.38204
0.33877
0.32812
0.32237
0.31398
0.3099
0.30977
0.31106
0.32646
0.34589
0.36468
0.37214
0.36744
0.37189
0.38485
0.39019
0.39041
0.40719
0.40889
0.40676
0.41421
0.41266
0.41788
0.42275
0.44332
0.46734
0.48384
0.48648
0.47778
0.47989
0.48276
0.46728
0.54631
0.58155
0.60009
0.60377
0.75536
0.76505
0.69901
0.68527
0.67265
0.65479
0.63805
0.63082
0.61046
0.58865
0.55355
0.49898
0.45177
0.46025
0.46864
0.44324
0.53286
0.73172
0.74022
0.74233
0.74962
0.70029
0.68613
0.67612
0.68874
0.68632
0.68355
0.68354
0.69799
0.71832
0.74092
0.74577
0.7367
0.71667
0.68076
0.55416
0.53658
0.5329
0.54
0.53973
0.53461
0.51588
0.49278
0.46988
0.46249
0.43379
0.39878
0.38512
0.36715
0.35494
0.36128
0.38343
0.35503
0.33899
0.34326
0.43432
0.50604
0.72795
0.72834
0.7303
0.67727
0.67076
0.66722
0.63675
0.59968
0.52931
0.46758
0.40976
0.39915
0.35345
0.64244
0.35885
0.29422
0.30728
0.32248
0.34636
0.34211
0.34499
0.34512
0.34828
0.34631
0.34214
0.33474
0.32766
0.30985
0.30393
0.30671
0.31082
0.32046
0.30462
0.30848
0.31552
0.31894
0.3191
0.34557
0.36444
0.35997
0.37068
0.37991
0.3838
0.3728
0.35981
0.35132
0.34401
0.3398
0.33448
0.3321
0.34092
0.34983
0.35997
0.36748
0.37883
0.52606
0.64677
0.64768
0.67454
0.69283
0.57296
0.47513
0.3889
0.54204
0.67677
0.74318
0.74486
0.74177
0.74284
0.74342
0.75137
0.76777
0.8046
0.83974
0.78226
0.72854
0.70973
0.70895
0.69327
0.60798
0.44594
0.40948
0.39324
0.37945
0.36638
0.31295
0.27495
0.26539
0.26176
0.27172
0.27876
0.28521
0.37646
0.48045
0.4257
0.47474
0.3847
0.38608
0.39536
0.38433
0.3795
0.38837
0.37756
0.37699
0.36185
0.35753
0.35336
0.35872
0.36134
0.36637
0.376
0.37729
0.38347
0.40416
0.41701
0.43112
0.43636
0.39711
0.36903
0.37342
0.34343
0.35075
0.46509
0.41431
0.37602
0.37088
0.35974
0.34753
0.32793
0.30441
0.2505
0.23723
0.26142
0.2634
0.27632
0.27301
0.24707
0.20001
0.17799
0.29258
0.31945
0.36752
0.32792
0.36688
0.34367
0.32164
0.31718
0.32628
0.33158
0.31949
0.32016
0.3244
0.3666
0.43469
0.45706
0.50255
0.51668
0.52799
0.53671
0.51385
0.55943
0.71818
0.74175
0.76746
0.77603
0.76146
0.74597
0.73077
0.6981
0.64516
0.50104
0.39893
0.36275
0.36028
0.36828
0.35277
0.30926
0.3081
0.34114
0.34862
0.34302
0.32516
0.3004
0.29358
0.29366
0.32912
0.32834
0.32262
0.32061
0.33001
0.34285
0.36833
0.42124
0.43878
0.42509
0.3818
0.37126
0.3589
0.35676
0.36302
0.36925
0.38616
0.40958
0.42891
0.44795
0.43736
0.42293
0.40939
0.40318
0.39506
0.39591
0.4
0.40083
0.4423
0.49099
0.51287
0.49774
0.48816
0.54938
0.51026
0.51767
0.52492
0.5103
0.49844
0.49435
0.47351
0.46973
0.43927
0.41416
0.44924
0.43791
0.42572
0.41824
0.41126
0.39941
0.40103
0.36331
0.34625
0.31064
0.28144
0.26217
0.25817
0.25435
0.23725
0.20211
0.20539
0.22312
0.24146
0.25748
0.26543
0.28268
0.30776
0.34028
0.37797
0.4054
0.42154
0.43649
0.44748
0.45974
0.45595
0.46893
0.48424
0.4921
0.49995
0.51822
0.48956
0.41074
0.38547
0.38452
0.41981
0.38911
0.37939
0.34452
0.3919
0.4521
0.46568
0.45793
0.45204
0.43605
0.39243
0.35676
0.33783
0.48782
0.55889
0.5872
0.59605
0.62327
0.63715
0.62112
0.67536
0.73001
0.73747
0.71075
0.71735
0.70813
0.67437
0.65844
0.68541
0.69559
0.68326
0.66513
0.52688
0.37061
0.37161
0.4
0.48451
0.47786
0.44134
0.40971
0.38966
0.36082
0.33684
0.31624
0.30519
0.31067
0.34235
0.36276
0.37616
0.38044
0.37044
0.34778
0.3382
0.33658
0.30738
0.29218
0.28166
0.28131
0.32882
0.30749
0.32457
0.32266
0.31967
0.33423
0.34113
0.31624
0.34134
0.33322
0.41531
0.49376
0.47613
0.36953
0.36032
0.36598
0.3259
0.32884
0.49119
0.58633
0.58534
0.44434
0.27623
0.27674
0.28341
0.2827
0.27989
0.29106
0.29163
0.2929
0.29413
0.30011
0.30029
0.30317
0.30595
0.30107
0.29958
0.28868
0.29802
0.29789
0.28615
0.304
0.31219
0.3244
0.36593
0.44585
0.5729
0.626
0.61726
0.54987
0.52291
0.54321
0.56338
0.61991
0.63258
0.64219
0.63519
0.62914
0.63505
0.64416
0.67483
0.67175
0.6786
0.67072
0.65897
0.6346
0.64161
0.63738
0.65251
0.63153
0.61586
0.59409
0.58281
0.69321
0.78526
0.78174
0.77927
0.7787
0.76533
0.70892
0.69667
0.68788
0.70137
0.70308
0.7152
0.73564
0.72912
0.71051
0.64848
0.64462
0.66683
0.69236
0.69043
0.64266
0.56016
0.5045
0.44838
0.41198
0.39063
0.37443
0.34359
0.3328
0.32938
0.33741
0.35607
0.37126
0.36058
0.31795
0.26665
0.33082
0.3667
0.45251
0.44746
0.40978
0.44303
0.48552
0.55709
0.59495
0.5845
0.49425
0.42188
0.42369
0.41735
0.4386
0.46988
0.40164
0.36623
0.35568
0.34753
0.35342
0.3404
0.33499
0.33609
0.34636
0.33722
0.31126
0.30071
0.32353
0.42209
0.50525
0.5188
0.4893
0.36608
0.28995
0.31616
0.32339
0.51765
0.50356
0.51512
0.52386
0.52116
0.55647
0.54868
0.51656
0.48895
0.4739
0.40285
0.32662
0.29518
0.27381
0.27972
0.28569
0.29046
0.28206
0.27741
0.27966
0.30561
0.35923
0.38095
0.37664
0.36975
0.37698
0.37238
0.36276
0.35991
0.32252
0.31063
0.3093
0.28133
0.29273
0.32106
0.29392
0.29555
0.2942
0.30372
0.30334
0.31724
0.34703
0.35393
0.34406
0.35077
0.3461
0.34994
0.352
0.36216
0.35963
0.37787
0.40603
0.41539
0.3932
0.36736
0.36421
0.36106
0.36607
0.42069
0.42604
0.37239
0.36362
0.37827
0.39561
0.40418
0.40915
0.40951
0.4028
0.39599
0.37084
0.35964
0.35158
0.34643
0.33215
0.31298
0.29225
0.32248
0.36585
0.39051
0.41856
0.46904
0.54037
0.59516
0.64284
0.61386
0.54219
0.44073
0.37742
0.33346
0.32396
0.34033
0.36798
0.36346
0.35324
0.30359
0.30192
0.34846
0.37323
0.44049
0.49709
0.55164
0.56757
0.54081
0.4955
0.47246
0.49329
0.54821
0.59463
0.59471
0.56856
0.50294
0.43468
0.42937
0.44019
0.46059
0.49178
0.5039
0.46932
0.40367
0.37416
0.35867
0.33843
0.31471
0.29459
0.30927
0.30672
0.31934
0.37261
0.42235
0.47418
0.52127
0.53409
0.49059
0.51843
0.4961
0.47066
0.44588
0.42829
0.54363
0.59252
0.64118
0.63134
0.59
0.60536
0.62236
0.66712
0.75954
0.76842
0.74463
0.71453
0.68142
0.54793
0.49911
0.56806
0.67721
0.68607
0.62127
0.61936
0.53896
0.50911
0.5101
0.56693
0.45059
0.36942
0.3259
0.31394
0.3364
0.41265
0.43478
0.47815
0.52671
0.55867
0.56116
0.5383
0.53335
0.9064
0.50948
0.35016
0.32876
0.32989
0.33649
0.31934
0.30432
0.30993
0.31338
0.35349
0.33645
0.26976
0.22616
0.30004
0.33684
0.34584
0.34996
0.42345
0.33655
0.39969
0.40434
0.43028
0.41135
0.40263
0.43592
0.5415
0.47023
0.44247
0.42333
0.40262
0.40149
0.39159
0.37511
0.37306
0.39243
0.44211
0.46757
0.55964
0.86596
0.68521
0.60167
0.61922
0.63853
0.85681
0.915
0.94686
0.95621
0.96296
0.76004
0.97992
0.92251
0.79956
0.6
0.49557
0.47048
0.49476
0.55621
0.54942
0.55959
0.59438
0.66251
0.61392
0.61367
0.6754
0.78505
0.7846
0.76168
0.68177
0.62634
0.57098
0.52314
0.48341
0.44886
0.46067
0.38216
0.37406
0.42256
0.46805
0.45301
0.42505
0.41572
0.3967
0.48912
0.56083
0.48913
0.401
0.40727
0.41277
0.4062
0.41532
0.50084
0.57636
0.58145
0.56112
0.55713
0.54673
0.58013
0.76464
0.81641
0.7686
0.69687
0.58817
0.5228
0.45721
0.43449
0.40874
0.42671
0.50913
0.45079
0.40035
0.36924
0.42901
0.45071
0.44334
0.52067
0.58411
0.58078
0.52031
0.4996
0.46097
0.45067
0.4837
0.62281
0.66079
0.68707
0.68487
0.57711
0.52655
0.58351
0.67812
0.77083
0.82739
0.82307
0.75398
0.71775
0.6835
0.69485
0.74298
0.82704
0.8445
0.8299
0.76503
0.74203
0.69993
0.70983
0.71421
0.71974
0.78309
0.84793
0.73023
0.64297
0.45505
0.5377
0.72074
0.8623
0.89331
0.88747
0.80118
0.77062
0.71479
0.73706
0.76308
0.78602
0.80871
0.96712
0.96544
0.786
0.72694
0.67186
0.71031
0.76666
0.82917
0.82943
0.80584
0.72529
0.68167
0.64224
0.66264
0.67394
0.75074
0.61659
0.67392
0.67863
0.65943
0.55625
0.48965
0.47761
0.47568
0.76303
0.66651
0.49651
0.4394
0.43751
0.56919
0.686
0.75317
0.75246
0.61339
0.41654
0.38811
0.36188
0.37729
0.38422
0.40993
0.43471
0.41529
0.42036
0.3783
0.35105
0.36916
0.39098
0.47236
0.41816
0.42051
0.41344
0.40831
0.47792
0.57231
0.66666
0.74059
0.75279
0.7024
0.6818
0.66376
0.64908
0.65744
0.67575
0.68833
0.66002
0.59411
0.6058
0.79232
0.83459
0.88267
0.99738
0.96247
0.98362
0.77581
0.63537
0.56121
0.52721
0.66113
0.95784
0.95081
0.97101
0.97026
0.82632
0.8142
0.71987
0.66034
0.65998
0.63636
0.89839
0.89825
0.94036
0.80591
0.71687
0.63814
0.57549
0.77508
0.95697
0.9665
0.82233
0.72584
0.70854
0.72633
0.7559
0.76028
0.76402
0.71823
0.66364
0.64857
0.63319
0.62403
0.64708
0.67526
0.66655
0.62174
0.56981
0.54617
0.56439
0.58993
0.69368
0.73784
0.78176
0.74692
0.69648
0.64787
0.62708
0.61945
0.66531
0.72408
0.75108
0.71971
0.65038
0.60883
0.58752
0.56099
0.54742
0.57008
0.52374
0.43512
0.40408
0.38948
0.47239
0.54378
0.61347
0.65409
0.67728
0.66552
0.62811
0.6106
0.59727
0.646
0.6951
0.74326
0.72797
0.62482
0.54426
0.44482
0.44046
0.46543
0.52392
0.63069
0.60558
0.57027
0.52452
0.4955
0.6069
0.74953
0.6224
0.52063
0.51142
0.47942
0.4557
0.43175
0.41702
0.40975
0.41532
0.429
0.4327
0.41709
0.38697
0.37961
0.36514
0.33094
0.33541
0.45497
0.46362
0.44815
0.43967
0.44349
0.45528
0.47365
0.56268
0.54714
0.58124
0.54874
0.54997
0.49932
0.52291
0.49845
0.54494
0.62167
0.68303
0.6724
0.6334
0.6012
0.58388
0.57897
0.56824
0.57662
0.57743
0.53123
0.45414
0.64615
0.72174
0.84395
0.80051
0.76721
0.88068
0.88163
0.7641
0.6913
0.63721
0.53106
0.47581
0.50531
0.57867
0.57006
0.51074
0.42735
0.39076
0.41117
0.41878
0.38751
0.44433
0.43865
0.42034
0.40514
0.43277
0.42756
0.47382
0.53219
0.57773
0.51443
0.7124
0.49739
0.39388
0.34698
0.37329
0.38708
0.39284
0.37755
0.38168
0.38075
0.383
0.40552
0.40658
0.43288
0.46461
0.44284
0.42066
0.40762
0.40053
0.41866
0.4361
0.44344
0.46603
0.48778
0.4771
0.45224
0.46012
0.53264
0.49465
0.49459
0.48649
0.45815
0.42756
0.39701
0.37527
0.38008
0.40921
0.45541
0.49546
0.49988
0.68575
0.73468
0.69518
0.63299
0.5992
0.5614
0.55316
0.52423
0.48564
0.461
0.46647
0.48547
0.49972
0.66519
0.79177
0.90763
0.85076
0.69298
0.63602
0.63917
0.68082
0.73377
0.77122
0.76245
0.68123
0.54871
0.48776
0.45267
0.45153
0.51121
0.52662
0.50239
0.45431
0.43892
0.46489
0.52339
0.58718
0.6289
0.64231
0.61772
0.60175
0.59441
0.60102
0.63257
0.68283
0.74507
0.76976
0.74782
0.68672
0.63518
0.58484
0.54422
0.52172
0.51575
0.48404
0.4679
0.46544
0.45518
0.43111
0.45875
0.53241
0.57094
0.54185
0.49041
0.45084
0.41899
0.40974
0.43633
0.44875
0.49091
0.47148
0.43888
0.41846
0.42111
0.39485
0.35594
0.34325
0.43637
0.47674
0.45738
0.42904
0.39787
0.47747
0.39046
0.35692
0.37538
0.34399
0.3607
0.41463
0.40199
0.38908
0.38566
0.3918
0.4706
0.52108
0.50614
0.49598
0.55056
0.845
0.90364
0.87038
0.86275
0.88969
0.9156
0.90356
0.89279
0.84331
0.90014
0.9135
0.8862
0.83914
0.76597
0.72083
0.68273
0.68516
0.71976
0.68352
0.65565
0.65149
0.56396
0.52122
0.46218
0.40423
0.40912
0.38891
0.40601
0.39796
0.40683
0.39753
0.39433
0.44553
0.43925
0.44475
0.50091
0.53758
0.53489
0.54369
0.5331
0.55441
0.57228
0.5774
0.56354
0.52092
0.55761
0.5243
0.50841
0.49377
0.5109
0.5679
0.61692
0.65692
0.65109
0.61862
0.5979
0.57125
0.5372
0.4981
0.49771
0.42824
0.44748
0.44567
0.42408
0.42789
0.45167
0.46323
0.50451
0.5064
0.51052
0.71161
0.79268
0.85827
0.82457
0.85632
0.84112
0.69361
0.64593
0.51871
0.4814
0.60476
0.67969
0.82265
0.97028
0.96654
0.88437
0.91623
0.70811
0.60132
0.63038
0.88685
0.98857
0.99003
0.95789
0.75022
0.60825
0.53598
0.50365
0.506
0.51888
0.54374
0.57216
0.59665
0.57959
0.50858
0.49682
0.51175
0.5268
0.54631
0.54127
0.51761
0.51049
0.50815
0.58594
0.82463
0.93335
0.89715
0.85408
0.82411
0.82302
0.86321
0.79619
0.80796
0.86116
0.82886
0.78833
0.7048
0.62631
0.56003
0.65369
0.78622
0.84967
0.84263
0.79658
0.71694
0.66897
0.65513
0.68999
0.77015
0.8262
0.80841
0.72045
0.61279
0.5357
0.50445
0.49139
0.52127
0.56894
0.58996
0.575
0.5449
0.5282
0.52359
0.51221
0.54482
0.53794
0.5307
0.52881
0.50087
0.47408
0.47062
0.48095
0.50251
0.53335
0.5243
0.53476
0.52916
0.50665
0.50777
0.52293
0.55661
0.56125
0.55115
0.50008
0.45227
0.51326
0.53764
0.52802
0.55259
0.59526
0.71238
0.81419
0.86645
0.89059
0.92974
0.89344
0.7977
0.75413
0.75179
0.69399
0.65308
0.70372
0.81766
0.83989
0.86061
0.86259
0.85736
0.82048
0.73733
0.79171
0.97248
0.97988
0.98453
0.95762
0.94592
0.93807
0.93185
0.88824
0.87997
0.87531
0.91392
0.96552
0.86784
0.83485
0.78937
0.73424
0.72645
0.74714
0.8147
0.84962
0.84663
0.79962
0.69329
0.60039
0.5702
0.59275
0.67387
0.71594
0.71928
0.69059
0.62095
0.56229
0.53488
0.54852
0.60922
0.65128
0.49696
0.43177
0.41263
0.44284
0.48911
0.65737
0.74916
0.86332
0.8523
0.80315
0.77894
0.7702
0.78035
0.80358
0.82562
0.8594
0.83156
0.79583
0.72532
0.67357
0.67644
0.72046
0.81887
0.86256
0.85626
0.82233
0.74299
0.66531
0.67325
0.73318
0.81897
0.83767
0.82632
0.80367
0.69568
0.6122
0.58553
0.59846
0.63137
0.6765
0.69712
0.69772
0.65609
0.64032
0.63354
0.64588
0.69596
0.69275
0.654
0.54086
0.53683
0.54601
0.57741
0.62316
0.69281
0.77
0.80098
0.78708
0.72641
0.69456
0.71004
0.79182
0.84497
0.89199
0.88191
0.88173
0.8044
0.69884
0.62591
0.64433
0.66658
0.57995
0.49587
0.50784
0.5032
0.48901
0.52189
0.55297
0.53198
0.53819
0.51786
0.50137
0.46344
0.45157
0.43929
0.42062
0.41281
0.41616
0.42058
0.41737
0.40527
0.41567
0.50862
0.59583
0.67274
0.69815
0.57285
0.53492
0.52414
0.51495
0.51032
0.52887
0.45548
0.3764
0.34715
0.35026
0.35982
0.37533
0.39375
0.45154
0.45597
0.48919
0.586
0.5894
0.55235
0.55226
0.63099
0.79542
0.9376
0.88794
0.9237
0.93337
0.92124
0.88651
0.92205
0.85908
0.82978
0.81423
0.80495
0.73565
0.69633
0.63005
0.67203
0.78601
0.90247
0.85246
0.82657
0.81186
0.68779
0.63427
0.64305
0.89688
0.88205
0.87895
0.88025
0.8759
0.8596
0.84364
0.8501
0.83728
0.82807
0.84328
0.86391
0.88286
0.86758
0.87786
0.8873
0.88649
0.89786
0.90986
0.89834
0.87826
0.84532
0.81866
0.73205
0.69063
0.69439
0.67103
0.63621
0.58948
0.51924
0.48922
0.47261
0.46751
0.47818
0.4816
0.46818
0.44026
0.43236
0.45348
0.45595
0.45331
0.45649
0.4649
0.47623
0.48199
0.48689
0.49811
0.57338
0.87176
0.87606
0.87697
0.85077
0.81344
0.7889
0.76915
0.76336
0.80836
0.81344
0.84608
0.83878
0.84532
0.83649
0.81559
0.74083
0.56125
0.54661
0.53602
0.52922
0.52599
0.52272
0.60111
0.61114
0.83678
0.83949
0.7915
0.83312
0.80177
0.85649
0.88235
0.87442
0.8734
0.8783
0.89112
0.87967
0.88862
0.87203
0.859
0.85764
0.85446
0.84295
0.84308
0.88201
0.78926
0.77573
0.80915
0.86589
0.85669
0.81861
0.76982
0.6732
0.61442
0.55117
0.51528
0.49949
0.53919
0.60291
0.54096
0.49804
0.48007
0.44586
0.43138
0.40685
0.39458
0.38992
0.38642
0.37654
0.38759
0.41031
0.4244
0.40702
0.41893
0.41614
0.41296
0.38812
0.40424
0.39087
0.41692
0.43761
0.41558
0.42776
0.42624
0.42628
0.4103
0.38938
0.36853
0.35609
0.381
0.38849
0.38355
0.35498
0.35311
0.37319
0.39932
0.46762
0.57045
0.47075
0.52641
0.42811
0.35166
0.35025
0.32287
0.35589
0.37208
0.37583
0.38625
0.40014
0.38791
0.38147
0.36916
0.35962
0.35346
0.34676
0.34643
0.34808
0.32294
0.30924
0.29656
0.30901
0.38628
0.38478
0.44016
0.46684
0.46271
0.48952
0.4898
0.51531
0.84648
0.87258
0.87312
0.88048
0.86958
0.86595
0.83673
0.81351
0.80174
0.7948
0.77022
0.73455
0.71566
0.70674
0.70172
0.71155
0.72486
0.70148
0.6117
0.54517
0.5096
0.48533
0.47247
0.45759
0.44373
0.42994
0.41058
0.37997
0.35811
0.33663
0.35961
0.40159
0.4586
0.48965
0.54851
0.5312
0.57508
0.54112
0.53291
0.51102
0.50982
0.49113
0.45961
0.43824
0.43185
0.42301
0.44964
0.48035
0.51783
0.50541
0.50686
0.50539
0.48515
0.47409
0.47074
0.47913
0.46558
0.51229
0.57718
0.53953
0.53143
0.52504
0.53464
0.53124
0.54788
0.50676
0.46444
0.46091
0.4568
0.44067
0.45711
0.43361
0.41042
0.39325
0.35895
0.35601
0.37844
0.396
0.43131
0.43967
0.43539
0.4221
0.40987
0.40037
0.40186
0.40101
0.43954
0.45618
0.48863
0.53035
0.54206
0.54044
0.58844
0.53511
0.52564
0.49696
0.48762
0.46787
0.4177
0.40226
0.38576
0.37968
0.38344
0.40346
0.42388
0.4548
0.47494
0.47156
0.45839
0.41195
0.40616
0.40237
0.40551
0.42058
0.4209
0.43539
0.41692
0.40223
0.38684
0.3613
0.35067
0.34929
0.30519
0.33683
0.38711
0.38915
0.46621
0.53373
0.49699
0.45245
0.42577
0.41448
0.36849
0.33847
0.34105
0.3196
0.32561
0.33133
0.32421
0.31778
0.31275
0.30496
0.29505
0.27523
0.25695
0.23363
0.22006
0.22873
0.24049
0.2551
0.27179
0.2866
0.30033
0.31166
0.33792
0.36012
0.37141
0.37426
0.35222
0.32977
0.32487
0.31047
0.30914
0.3175
0.32151
0.31894
0.38421
0.3542
0.33174
0.30811
0.31184
0.36159
0.38935
0.38265
0.50891
0.45867
0.44297
0.47009
0.42377
0.39095
0.37583
0.34747
0.35302
0.36242
0.37358
0.38117
0.37719
0.3722
0.37191
0.35965
0.35592
0.34425
0.32862
0.29209
0.30657
0.32057
0.33875
0.34055
0.31912
0.27313
0.21553
0.22795
0.25728
0.24461
0.28134
0.29744
0.32125
0.30323
0.29295
0.29876
0.30412
0.30068
0.30051
0.30753
0.287
0.27938
0.24911
0.29224
0.35442
0.34795
0.35478
0.36079
0.35636
0.31042
0.32201
0.36761
0.36773
0.36752
0.37029
0.37371
0.37864
0.37767
0.36362
0.3602
0.35813
0.34496
0.34922
0.33423
0.33274
0.33293
0.3488
0.36925
0.38353
0.52216
0.64383
0.50281
0.45691
0.43511
0.39766
0.39506
0.5077
0.60177
0.75203
0.69119
0.71561
0.70623
0.68417
0.69071
0.74424
0.68852
0.66303
0.63816
0.6356
0.65114
0.6526
0.63944
0.63204
0.62359
0.60676
0.74647
0.76635
0.75573
0.65888
0.68272
0.72521
0.67654
0.65378
0.56319
0.51977
0.54037
0.43269
0.60073
0.75084
0.73802
0.71757
0.63576
0.61733
0.61051
0.58711
0.6065
0.6978
0.68918
0.65112
0.6838
0.72505
0.72052
0.67163
0.66873
0.71534
0.69561
0.72826
0.71201
0.73149
0.70323
0.68125
0.66591
0.66079
0.57898
0.49431
0.44309
0.39875
0.36889
0.34941
0.32623
0.29773
0.25828
0.2269
0.20797
0.23561
0.27678
0.31678
0.31847
0.29567
0.29046
0.29152
0.3561
0.64444
0.72164
0.7564
0.77434
0.80038
0.79211
0.79774
0.80194
0.79771
0.8059
0.81703
0.82394
0.83791
0.84409
0.84784
0.84342
0.85696
0.84435
0.80428
0.78685
0.73855
0.59325
0.50268
0.43949
0.39384
0.38243
0.51999
0.44578
0.5164
0.68093
0.46699
0.37679
0.33828
0.31939
0.32533
0.32499
0.3271
0.32494
0.32096
0.32774
0.32816
0.33965
0.33934
0.33863
0.33569
0.32813
0.32359
0.32281
0.3189
0.31633
0.3126
0.30639
0.30608
0.30145
0.30442
0.29934
0.29764
0.28983
0.28678
0.29973
0.31611
0.33375
0.32284
0.33719
0.32184
0.30045
0.3177
0.31894
0.29479
0.26351
0.26771
0.34219
0.46255
0.43926
0.41769
0.37725
0.36666
0.35374
0.29904
0.29638
0.39912
0.45634
0.50577
0.45024
0.61927
0.57638
0.55622
0.48539
0.46429
0.8436
0.85563
0.83678
0.82772
0.81648
0.84364
0.84434
0.62425
0.52898
0.53764
0.53862
0.51853
0.59477
0.56213
0.53198
0.53035
0.59006
0.5657
0.65055
0.77046
0.75838
0.61155
0.47585
0.42185
0.3884
0.37155
0.34466
0.41415
0.4706
0.39008
0.39395
0.47049
0.81251
0.80842
0.81749
0.7846
0.79845
0.82222
0.84262
0.8409
0.84615
0.82204
0.83398
0.85759
0.85933
0.78791
0.82794
0.83689
0.82786
0.85383
0.71425
0.62008
0.5884
0.55913
0.53427
0.55013
0.51893
0.53869
0.52522
0.54652
0.5688
0.53953
0.54039
0.60493
0.69222
0.75624
0.75002
0.81945
0.80079
0.7079
0.68903
0.5723
0.4654
0.44822
0.45162
0.44793
0.44463
0.46137
0.50215
0.64814
0.68137
0.68158
0.67986
0.6845
0.67425
0.62366
0.54398
0.48111
0.45709
0.44667
0.56595
0.62817
0.6817
0.69502
0.69539
0.69344
0.67176
0.68139
0.68279
0.69786
0.69482
0.70394
0.7013
0.72647
0.76417
0.77927
0.77839
0.78271
0.78864
0.79728
0.80233
0.80647
0.80568
0.80333
0.79761
0.67179
0.64822
0.65052
0.6404
0.62568
0.61962
0.60828
0.60139
0.59336
0.57993
0.56293
0.53313
0.50648
0.47702
0.44313
0.43223
0.42765
0.40127
0.38694
0.35377
0.3325
0.33896
0.33944
0.32493
0.31446
0.31074
0.29611
0.29442
0.30641
0.31281
0.31802
0.32147
0.32796
0.33473
0.34596
0.35786
0.35933
0.36763
0.39929
0.42892
0.45204
0.44419
0.45721
0.45486
0.4557
0.43891
0.42783
0.41465
0.39957
0.39988
0.39229
0.3897
0.39159
0.39154
0.39195
0.39358
0.3948
0.39246
0.39827
0.39517
0.3918
0.39282
0.39509
0.40232
0.41071
0.40728
0.40605
0.40184
0.39214
0.41989
0.41964
0.43266
0.47406
0.57847
0.57694
0.49779
0.50096
0.52678
0.48614
0.51224
0.52771
0.51211
0.46996
0.48998
0.49681
0.4965
0.51428
0.53398
0.53031
0.57837
0.59232
0.6349
0.69986
0.73559
0.74531
0.7325
0.71697
0.71006
0.70057
0.68493
0.67724
0.66121
0.63614
0.53945
0.43094
0.40507
0.39582
0.38918
0.38455
0.38997
0.46162
0.44944
0.41957
0.39287
0.37766
0.37673
0.38282
0.38183
0.38008
0.36889
0.35663
0.35221
0.35256
0.35079
0.35134
0.35167
0.34382
0.33523
0.33246
0.33962
0.34686
0.35442
0.35915
0.36706
0.36696
0.37458
0.3803
0.38523
0.4102
0.40156
0.39678
0.3902
0.40355
0.4092
0.41206
0.4074
0.3986
0.40039
0.40774
0.41258
0.41949
0.4177
0.41055
0.40466
0.38966
0.36224
0.3023
0.26656
0.33053
0.40086
0.3925
0.46953
0.4842
0.43753
0.42482
0.47234
0.4674
0.41531
0.3604
0.31656
0.49033
0.56593
0.60972
0.62065
0.61175
0.61445
0.6393
0.62127
0.61655
0.60334
0.57854
0.54591
0.48101
0.42533
0.39356
0.39404
0.44945
0.57847
0.69679
0.70526
0.72377
0.6608
0.53291
0.57958
0.65278
0.69079
0.72804
0.73468
0.64334
0.63338
0.6506
0.67953
0.67614
0.66938
0.65308
0.63584
0.57815
0.49471
0.46331
0.51374
0.53692
0.53236
0.47824
0.45517
0.42195
0.37302
0.3408
0.29565
0.28814
0.25834
0.27565
0.35093
0.43221
0.47312
0.46157
0.44238
0.42591
0.40923
0.3828
0.39614
0.37671
0.35452
0.3542
0.35594
0.42634
0.45096
0.42677
0.39609
0.55085
0.51356
0.54926
0.5073
0.36638
0.3315
0.2882
0.32101
0.34969
0.32616
0.34987
0.36408
0.351
0.31967
0.28934
0.27371
0.26279
0.24906
0.27775
0.35537
0.33019
0.35605
0.34118
0.3559
0.33867
0.33309
