0.51525
0.49169
0.48728
0.48996
0.4737
0.42438
0.38675
0.37134
0.35061
0.32982
0.31063
0.28575
0.31035
0.31072
0.32151
0.32168
0.32512
0.33226
0.3429
0.36932
0.39554
0.43048
0.42654
0.39528
0.3997
0.39644
0.37054
0.34389
0.36023
0.36854
0.37856
0.38393
0.41008
0.43753
0.48829
0.50148
0.5913
0.65523
0.6734
0.66339
0.63945
0.62846
0.69218
0.71736
0.73732
0.72659
0.65499
0.56926
0.52171
0.4649
0.39987
0.39815
0.4875
0.46651
0.40598
0.40822
0.43631
0.44457
0.45518
0.42897
0.40225
0.42881
0.43614
0.47158
0.45902
0.45053
0.44942
0.43049
0.45346
0.48847
0.48212
0.4462
0.41153
0.40192
0.41012
0.54329
0.84672
0.71278
0.68602
0.64059
0.63278
0.74219
0.72447
0.71836
0.72045
0.71578
0.6997
0.69889
0.70058
0.70067
0.69693
0.68879
0.66913
0.64272
0.61861
0.6315
0.6097
0.74014
0.74693
0.77866
0.80153
0.81748
0.8163
0.81261
0.79518
0.77495
0.76171
0.73091
0.75498
0.73845
0.66908
0.65376
0.65423
0.70307
0.60304
0.66052
0.52369
0.49559
0.51632
0.51805
0.51945
0.50267
0.50018
0.50407
0.51603
0.52351
0.52545
0.51964
0.50909
0.49554
0.49472
0.49372
0.50378
0.64033
0.51529
0.60785
0.60768
0.58004
0.49751
0.48075
0.46231
0.44375
0.42547
0.39437
0.44357
0.48378
0.5222
0.49506
0.49836
0.51296
0.51559
0.50288
0.48129
0.46465
0.445
0.43448
0.43023
0.41308
0.40664
0.42605
0.43964
0.71813
0.68613
0.68321
0.61501
0.54864
0.45409
0.35638
0.27359
0.24032
0.23347
0.24133
0.2624
0.43851
0.49558
0.43324
0.42267
0.94124
0.77562
0.75093
0.77447
0.74051
0.65932
0.56953
0.47618
0.42283
0.39207
0.40172
0.36547
0.3585
0.3505
0.36912
0.32656
0.31617
0.31934
0.33962
0.4103
0.53371
0.5353
0.6112
0.72404
0.80826
0.81344
0.80797
0.77339
0.62955
0.54805
0.53343
0.52287
0.55118
0.79661
0.75738
0.75681
0.75956
0.74762
0.75512
0.76284
0.77476
0.7884
0.78469
0.77837
0.77259
0.76872
0.76679
0.75892
0.7303
0.69748
0.65174
0.53205
0.49081
0.48069
0.47259
0.46261
0.4609
0.48803
0.51211
0.52067
0.52101
0.49791
0.46586
0.43884
0.44754
0.45107
0.46183
0.47533
0.49148
0.51973
0.53251
0.54191
0.56091
0.60742
0.6927
0.68221
0.67619
0.66769
0.64294
0.58395
0.57317
0.59873
0.51009
0.48115
0.48399
0.56935
0.56948
0.51692
0.56434
0.74162
0.68232
0.58288
0.50828
0.47666
0.47853
0.45913
0.4414
0.46441
0.42687
0.36803
0.29834
0.23347
0.25727
0.3032
0.28787
0.30294
0.40196
0.42905
0.55923
0.51037
0.47581
0.43962
0.46108
0.44779
0.48222
0.41352
0.37208
0.32378
0.33568
0.35973
0.39451
0.4046
0.45399
0.51654
0.65312
0.76186
0.80025
0.79003
0.81516
0.81432
0.80604
0.76042
0.67575
0.62428
0.62976
0.55724
0.48732
0.3505
0.30917
0.31322
0.35538
0.68573
0.7501
0.76141
0.77306
0.78128
0.78461
0.78403
0.7814
0.77752
0.80683
0.80708
0.755
0.61295
0.58498
0.55054
0.60843
0.76627
0.77104
0.77396
0.78159
0.78973
0.78786
0.78499
0.77921
0.76453
0.69935
0.77051
0.78704
0.78449
0.79001
0.78601
0.78591
0.77547
0.77545
0.7763
0.77243
0.59202
0.55571
0.56222
0.56114
0.54056
0.54185
0.53377
0.55072
0.52381
0.47592
0.45092
0.46079
0.47913
0.4682
0.40883
0.36388
0.31688
0.32504
0.37823
0.39863
0.3637
0.43136
0.44044
0.3919
0.31392
0.33385
0.35959
0.40351
0.36929
0.37325
0.31925
0.48242
0.46049
0.49437
0.48058
0.53075
0.53935
0.68116
0.75375
0.75094
0.69941
0.42458
0.43211
0.45583
0.44088
0.44556
0.4408
0.40045
0.34711
0.32069
0.35424
0.36066
0.36752
0.43454
0.47915
0.4457
0.40124
0.42043
0.59254
0.7567
0.7609
0.74308
0.64751
0.59311
0.57134
0.56659
0.55782
0.56251
0.63165
0.68877
0.71218
0.74399
0.76282
0.77457
0.77144
0.75191
0.73586
0.72747
0.7215
0.72851
0.7245
0.71787
0.71614
0.57655
0.55667
0.55103
0.60323
0.7385
0.73274
0.70272
0.54148
0.49436
0.52184
0.68595
0.68604
0.70534
0.71155
0.70018
0.71836
0.72165
0.73438
0.74433
0.74969
0.74206
0.73212
0.72106
0.70205
0.69636
0.6808
0.68972
0.68772
0.69525
0.69734
0.70539
0.70965
0.71189
0.71892
0.74163
0.7603
0.76025
0.77055
0.77226
0.77646
0.73721
0.67905
0.59673
0.5315
0.51292
0.70193
0.70318
0.69559
0.69432
0.67958
0.66396
0.6959
0.68902
0.57646
0.52822
0.48464
0.45351
0.42513
0.38257
0.3619
0.38263
0.36926
0.34812
0.39968
0.45424
0.44917
0.44337
0.4575
0.48305
0.49154
0.49597
0.47616
0.39964
0.29664
0.26374
0.24068
0.23485
0.26313
0.27588
0.28525
0.30659
0.25491
0.27036
0.35938
0.36153
0.44736
0.47219
0.48161
0.50971
0.60935
0.60563
0.77165
0.82852
0.83375
0.82193
0.74638
0.63416
0.60357
0.59821
0.63113
0.78795
0.85
0.86314
0.86782
0.86948
0.87215
0.87276
0.87025
0.88178
0.88828
0.89126
0.89318
0.90219
0.91284
0.90933
0.89979
0.89852
0.8977
0.8953
0.89115
0.88617
0.88388
0.88297
0.88225
0.87397
0.86931
0.85244
0.8432
0.84138
0.83411
0.82414
0.7652
0.71103
0.67221
0.57682
0.52892
0.5245
0.5127
0.51199
0.43941
0.48101
0.39299
0.38272
0.35575
0.31569
0.27259
0.24678
0.25352
0.23665
0.24623
0.27031
0.33288
0.35767
0.37672
0.3513
0.3275
0.26377
0.31546
0.40772
0.41806
0.43915
0.4622
0.44914
0.41345
0.41419
0.43012
0.43452
0.33938
0.34746
0.35788
0.36896
0.35668
0.36852
0.29127
0.44975
0.49817
0.49008
0.46384
0.40743
0.3801
0.35276
0.47335
0.48548
0.46374
0.41047
0.51226
0.45817
0.41619
0.43133
0.41516
0.47433
0.43552
0.41859
0.36685
0.35609
0.68642
0.55218
0.46531
0.50575
0.48254
0.45961
0.49155
0.45042
0.45525
0.45938
0.4375
0.43023
0.46325
0.46529
0.4562
0.42433
0.37076
0.33254
0.27492
0.23452
0.20966
0.22172
0.29306
0.31171
0.3203
0.57004
0.66198
0.61836
0.638
0.64406
0.68703
0.83166
0.80675
0.80898
0.8219
0.80392
0.82426
0.8645
0.81639
0.81364
0.80887
0.80199
0.79502
0.78983
0.77317
0.77249
0.77038
0.76477
0.75397
0.74421
0.73036
0.72446
0.72461
0.73077
0.71565
0.61858
0.54461
0.51265
0.49332
0.47627
0.46844
0.45416
0.45506
0.74118
0.75618
0.75603
0.76255
0.76986
0.77355
0.77496
0.77705
0.76405
0.7641
0.72606
0.62245
0.56922
0.52781
0.54451
0.55439
0.55744
0.56701
0.55214
0.5655
0.55731
0.5435
0.53378
0.51557
0.51346
0.5039
0.48581
0.47094
0.46771
0.45642
0.43991
0.40777
0.38348
0.37864
0.38498
0.41505
0.5859
0.74785
0.75393
0.76648
0.78406
0.79139
0.78834
0.78614
0.77316
0.77186
0.77055
0.77702
0.76986
0.76656
0.76943
0.76978
0.76312
0.76514
0.75098
0.68119
0.56118
0.55182
0.53683
0.54106
0.54757
0.54421
0.54237
0.49121
0.56456
0.52843
0.5096
0.52
0.49804
0.50383
0.51429
0.52097
0.5399
0.56858
0.60349
0.6073
0.59227
0.57179
0.55893
0.53352
0.53514
0.52694
0.50115
0.47703
0.47408
0.48399
0.56209
0.56298
0.51501
0.43797
0.4344
0.40884
0.40631
0.4126
0.41642
0.41533
0.41472
0.42199
0.42263
0.41907
0.40351
0.38795
0.38582
0.39424
0.36828
0.35305
0.35805
0.33854
0.32296
0.31426
0.31135
0.30379
0.29725
0.31264
0.28938
0.28708
0.31783
0.36068
0.45539
0.54729
0.55879
0.57281
0.56817
0.55755
0.53152
0.5307
0.53634
0.53361
0.49983
0.50687
0.50089
0.49734
0.49918
0.51218
0.56832
0.67649
0.73409
0.69639
0.61504
0.47582
0.5714
0.61207
0.56291
0.61792
0.69471
0.68829
0.60898
0.58972
0.62134
0.62344
0.61654
0.58395
0.54434
0.52979
0.54777
0.58314
0.64115
0.70137
0.70677
0.78552
0.77876
0.64982
0.54533
0.51624
0.5103
0.49064
0.47024
0.45284
0.45084
0.45406
0.44978
0.46071
0.46964
0.46859
0.47441
0.45547
0.43675
0.40977
0.37975
0.37632
0.46325
0.54961
0.55189
0.8176
0.82124
0.83074
0.84249
0.8441
0.84236
0.83604
0.82793
0.82126
0.81168
0.81299
0.81448
0.81129
0.81676
0.82938
0.83021
0.83063
0.83148
0.82976
0.83339
0.83495
0.83427
0.83645
0.8367
0.83894
0.84296
0.84949
0.85164
0.85722
0.86838
0.87451
0.87811
0.87756
0.87809
0.87131
0.86697
0.86229
0.82995
0.7196
0.69664
0.6342
0.59026
0.56628
0.55487
0.54398
0.54261
0.53686
0.51083
0.48985
0.48274
0.53759
0.70719
0.76581
0.65771
0.8332
0.79251
0.61852
0.60055
0.60502
0.59699
0.6083
0.63139
0.74039
0.77532
0.70305
0.68506
0.76587
0.83824
0.8034
0.70807
0.72592
0.84396
0.83075
0.8093
0.80706
0.80543
0.81924
0.83817
0.84548
0.83561
0.62885
0.59254
0.58707
0.59488
0.745
0.85402
0.85566
0.85517
0.85998
0.86237
0.86132
0.86407
0.87028
0.83202
0.87011
0.75955
0.69732
0.64963
0.61002
0.60239
0.68737
0.7272
0.86736
0.8645
0.84999
0.81895
0.79511
0.78161
0.78016
0.80375
0.82204
0.82215
0.81735
0.82864
0.8472
0.84094
0.82099
0.74754
0.86747
0.87885
0.87866
0.87554
0.87467
0.87734
0.88149
0.88279
0.88253
0.88217
0.87991
0.87671
0.8739
0.86956
0.87909
0.88449
0.88162
0.82155
0.68328
0.6182
0.58302
0.55774
0.6497
0.64528
0.60313
0.58722
0.53109
0.43052
0.38925
0.42177
0.60664
0.84083
0.87631
0.89032
0.89444
0.8837
0.7516
0.62499
0.58119
0.57085
0.56732
0.60443
0.69652
0.7605
0.68001
0.86836
0.88031
0.89427
0.91999
0.92369
0.92121
0.91624
0.91535
0.91117
0.91278
0.91262
0.91356
0.78434
0.6518
0.54186
0.48514
0.46974
0.48398
0.5078
0.51828
0.51611
0.49696
0.45771
0.42623
0.41817
0.43058
0.44372
0.45488
0.47085
0.47363
0.44888
0.4411
0.43137
0.43493
0.45602
0.46632
0.47598
0.50718
0.52709
0.50713
0.48904
0.49121
0.53635
0.55226
0.51347
0.42446
0.41632
0.44291
0.46023
0.49228
0.58932
0.6269
0.65404
0.89935
0.90271
0.88966
0.88713
0.90481
0.90695
0.8936
0.85238
0.78087
0.54266
0.49684
0.76101
0.86673
0.89426
0.83117
0.88786
0.88637
0.83378
0.85242
0.83236
0.83065
0.80515
0.73382
0.66749
0.64011
0.56901
0.62068
0.65042
0.55638
0.57188
0.55431
0.51201
0.47871
0.45445
0.43861
0.44385
0.45374
0.47753
0.49687
0.50026
0.49517
0.4874
0.50293
0.4819
0.46181
0.48717
0.52006
0.50607
0.49538
0.47166
0.47794
0.54824
0.62394
0.6586
0.77798
0.93671
0.9315
0.92686
0.91343
0.90788
0.90048
0.84396
0.76006
0.71517
0.6406
0.58944
0.5654
0.58592
0.61365
0.64133
0.66588
0.6719
0.65135
0.62741
0.61542
0.63473
0.66782
0.70868
0.75586
0.76503
0.70467
0.68773
0.71245
0.79789
0.80301
0.87721
0.82761
0.81085
0.81244
0.77301
0.74156
0.7001
0.62363
0.59146
0.58352
0.57478
0.55409
0.53258
0.50257
0.56508
0.59069
0.56151
0.58933
0.60982
0.56448
0.4729
0.41118
0.32881
0.30047
0.31568
0.38275
0.41801
0.39504
0.41172
0.55694
0.54601
0.58566
0.64197
0.65008
0.59736
0.61699
0.68274
0.73848
0.79957
0.85581
0.92288
0.85827
0.79404
0.7028
0.60583
0.60807
0.54774
0.54913
0.8583
0.93527
0.96266
0.96061
0.95097
0.93862
0.9324
0.94165
0.80284
0.71227
0.61572
0.63056
0.68593
0.78429
0.82558
0.77046
0.74002
0.7315
0.60954
0.5814
0.55473
0.4526
0.49968
0.61307
0.75582
0.91969
0.93859
0.92696
0.9568
0.95875
0.88948
0.70476
0.72743
0.66065
0.67851
0.78427
0.75917
0.86415
0.99906
0.99721
1.0009
0.90512
0.88783
0.81416
0.72541
0.66445
0.69669
0.84507
0.80503
0.76205
0.6674
0.69908
0.71752
0.68948
0.6757
0.6272
0.61334
0.57499
0.57978
0.58118
0.54857
0.56725
0.55856
0.57203
0.62511
0.64343
0.55085
0.528
0.54193
0.53621
0.55427
0.59482
0.62886
0.6346
0.64918
0.65478
0.66485
0.70469
0.7077
0.6887
0.65085
0.62428
0.62335
0.51159
0.45638
0.44101
0.49921
0.55421
0.60032
0.59449
0.58105
0.54285
0.52979
0.54258
0.56359
0.57064
0.54974
0.54233
0.55889
0.566
0.59295
0.58735
0.5803
0.589
0.59412
0.58405
0.63585
0.71751
0.72582
0.72736
0.74161
0.73749
0.70457
0.63233
0.65123
0.74826
0.94368
0.95836
0.93273
0.8725
0.83839
0.76021
0.69481
0.67969
0.66883
0.66149
0.68471
0.71746
0.72791
0.69166
0.66143
0.65879
0.66521
0.66658
0.65801
0.66984
0.65963
0.64098
0.59775
0.57072
0.57602
0.58973
0.59388
0.59607
0.59491
0.58992
0.58475
0.58661
0.59854
0.70781
0.76706
0.83976
0.85698
0.87438
0.88636
0.88301
0.99979
0.98719
0.96846
0.92526
0.97962
0.96889
0.95449
0.97741
0.98765
0.97534
0.97885
0.97273
0.96469
0.92115
0.89585
0.81447
0.77002
0.80943
0.87664
0.91169
0.86079
0.8311
0.79683
0.78258
0.87425
0.89359
0.96201
0.89481
0.81311
0.73845
0.73342
0.7884
0.80358
0.84504
0.79149
0.75489
0.72393
0.65389
0.61931
0.62967
0.59594
0.5508
0.63119
0.62881
0.60072
0.61628
0.60128
0.59838
0.57322
0.55644
0.64211
0.6492
0.64844
0.62744
0.63273
0.6635
0.65334
0.66306
0.62489
0.60538
0.59027
0.5934
0.6046
0.66947
0.69146
0.67668
0.67576
0.71137
0.61382
0.61178
0.61204
0.61158
0.62685
0.63213
0.5998
0.65257
0.74608
0.90567
0.99806
0.99926
0.99915
0.99976
0.99585
0.94127
0.84888
0.82836
0.90871
0.99351
0.99718
0.99303
0.99535
0.99184
0.99145
1.0007
0.98894
0.86175
0.72984
0.6908
0.65686
0.65239
0.65031
0.64252
0.62942
0.61722
0.56074
0.55615
0.59846
0.61128
0.62238
0.6257
0.61528
0.58774
0.5727
0.55888
0.56225
0.58606
0.58886
0.56271
0.53944
0.53638
0.51218
0.51557
0.52911
0.53358
0.52552
0.50576
0.49356
0.45112
0.43236
0.5089
0.58746
0.5846
0.549
0.55462
0.5979
0.57174
0.489
0.51589
0.60484
0.61478
0.61709
0.61492
0.63182
0.69133
0.65902
0.65333
0.68463
0.67381
0.65148
0.62701
0.59938
0.55712
0.59421
0.66875
0.65068
0.67452
0.70572
0.65067
0.61245
0.60542
0.62608
0.61791
0.63395
0.62061
0.60915
0.62151
0.59587
0.60799
0.60284
0.61041
0.61775
0.6119
0.60629
0.59888
0.59215
0.59126
0.5994
0.60044
0.60183
0.58719
0.55065
0.52537
0.53289
0.58082
0.63437
0.66284
0.72575
0.70727
0.68805
0.6967
0.7231
0.64872
0.59463
0.55457
0.58708
0.62638
0.66945
0.68765
0.6867
0.67154
0.63763
0.65133
0.63769
0.5662
0.54237
0.52172
0.53864
0.55933
0.52185
0.53034
0.59316
0.61563
0.6143
0.60842
0.59055
0.56396
0.54511
0.54925
0.55017
0.6233
0.60722
0.6152
0.64921
0.5753
0.55318
0.56876
0.56713
0.57382
0.61005
0.63027
0.59191
0.59668
0.59454
0.58192
0.59961
0.59723
0.59956
0.60469
0.59697
0.58091
0.5229
0.52981
0.54905
0.56414
0.62043
0.62446
0.64716
0.67507
0.73881
0.77506
0.81378
0.90617
0.90355
0.80057
0.83958
0.83927
0.73662
0.70697
0.69681
0.7294
0.82303
0.87052
0.94379
0.95463
1.0002
0.99754
0.97563
0.95793
0.92356
0.91303
0.86318
0.83135
0.79448
0.819
0.76959
0.78707
0.99439
0.9987
0.98362
0.97235
0.96859
0.96605
0.96225
0.96301
0.96445
0.96647
0.96875
0.96003
0.95337
0.96528
0.88927
0.78372
0.76425
0.7775
0.81827
0.7614
0.76638
0.73864
0.70741
0.71804
0.6369
0.60297
0.58528
0.61608
0.61661
0.63728
0.5971
0.52817
0.49914
0.546
0.67025
0.60782
0.53578
0.58764
0.56967
0.52675
0.50593
0.53316
0.53143
0.51805
0.51278
0.53883
0.56319
0.54478
0.53432
0.49942
0.4874
0.50366
0.5085
0.51515
0.51042
0.49823
0.50559
0.5137
0.52496
0.54174
0.56118
0.58821
0.58124
0.5403
0.50646
0.46425
0.47481
0.42679
0.43334
0.48677
0.55498
0.54458
0.53218
0.51411
0.56925
0.73896
0.82088
0.88539
0.84351
0.74809
0.83549
0.77127
0.66941
0.63799
0.62435
0.72135
0.67531
0.6587
0.66152
0.67733
0.66021
0.66533
0.69581
0.58112
0.5032
0.51709
0.55316
0.64756
0.72901
0.69304
0.72469
0.76568
0.70631
0.70395
0.73343
0.72708
0.75612
0.75407
0.83465
0.90028
0.90389
0.85255
0.70761
0.73269
0.76447
0.79956
0.86301
0.95003
0.94577
0.88581
0.85884
0.88096
0.86674
0.8222
0.84616
0.88371
0.85769
0.74893
0.69309
0.67145
0.68189
0.70743
0.89646
0.96407
0.98593
0.99083
0.99886
0.98136
0.90664
0.80119
0.70889
0.67724
0.66745
0.64549
0.59853
0.59168
0.57089
0.60079
0.59905
0.59723
0.55638
0.5104
0.52482
0.50922
0.49597
0.50102
0.52218
0.52421
0.53192
0.54627
0.55704
0.57989
0.60984
0.71236
0.63554
0.63542
0.63826
0.59423
0.55196
0.54851
0.51501
0.52404
0.53393
0.52238
0.50216
0.45862
0.41298
0.41078
0.41997
0.44375
0.36888
0.43149
0.46036
0.4497
0.41988
0.4022
0.39949
0.39739
0.40212
0.39728
0.38837
0.40195
0.43119
0.46912
0.61682
0.609
0.57575
0.56864
0.56706
0.62151
0.63664
0.59585
0.53999
0.54771
0.58352
0.5832
0.57911
0.56424
0.52698
0.50366
0.51079
0.54778
0.58942
0.60731
0.61249
0.59798
0.57656
0.54598
0.54383
0.55868
0.60709
0.65371
0.69654
0.81863
0.87617
0.59949
0.58161
0.90368
0.94941
0.94261
0.93549
0.897
0.66282
0.75356
0.97208
0.97147
0.9647
0.97683
0.9755
0.97773
0.97052
0.96783
0.97799
0.98169
0.98221
0.97915
0.97247
0.97321
0.97469
0.91114
0.88666
0.90267
0.96003
0.96122
0.95461
0.9519
0.95507
0.95589
0.95663
0.94872
0.93545
0.93153
0.9272
0.92223
0.91955
0.92509
0.93611
0.93881
0.93199
0.9268
0.92833
0.92776
0.92009
0.76321
0.64042
0.61951
0.59996
0.54994
0.47171
0.42063
0.38853
0.50302
0.83845
0.62994
0.90884
0.91454
0.92203
0.92181
0.9143
0.92065
0.93329
0.9358
0.93249
0.93433
0.9283
0.92769
0.92405
0.92663
0.92293
0.90507
0.71151
0.66997
0.65739
0.64012
0.6372
0.6283
0.62121
0.60982
0.58218
0.61788
0.63177
0.63807
0.63481
0.64427
0.65511
0.65623
0.64901
0.67138
0.70721
0.79474
0.80812
0.90505
0.91207
0.73991
0.87348
0.8943
0.77034
0.63613
0.61888
0.60763
0.61435
0.61983
0.69052
0.85192
0.80537
0.82783
0.66845
0.75639
0.76213
0.8844
0.65142
0.65262
0.71056
0.64013
0.61173
0.59434
0.61909
0.6575
0.69268
0.67925
0.68326
0.72395
0.65039
0.61272
0.61059
0.56697
0.59598
0.59435
0.58952
0.59587
0.5831
0.53941
0.53748
0.50779
0.54632
0.51637
0.50454
0.50862
0.51255
0.56479
0.55227
0.57386
0.58978
0.56105
0.53269
0.52288
0.51209
0.51189
0.51458
0.51035
0.50618
0.50274
0.50505
0.50849
0.50967
0.53056
0.51998
0.50709
0.51377
0.51131
0.50228
0.50959
0.546
0.56643
0.54208
0.49344
0.45117
0.44552
0.50547
0.58019
0.57263
0.57368
0.48099
0.50376
0.53793
0.53246
0.52905
0.52707
0.60538
0.58536
0.58147
0.58733
0.60201
0.60804
0.60723
0.63874
0.68119
0.66577
0.62737
0.61827
0.58046
0.5411
0.51527
0.50037
0.49754
0.49648
0.52897
0.56213
0.55657
0.53251
0.55885
0.59628
0.55338
0.53823
0.53211
0.52634
0.51944
0.51005
0.50022
0.4884
0.46623
0.46318
0.46361
0.47947
0.48741
0.50869
0.4812
0.47397
0.5111
0.50069
0.51236
0.48169
0.45383
0.42849
0.3945
0.37684
0.34563
0.34713
0.35994
0.35994
0.35657
0.3696
0.38838
0.38246
0.34852
0.37491
0.41375
0.44373
0.46826
0.4712
0.47238
0.44983
0.41144
0.39515
0.41793
0.47108
0.47997
0.56213
0.58246
0.58462
0.59316
0.58912
0.58443
0.59542
0.59458
0.57486
0.57244
0.49387
0.53987
0.54955
0.53908
0.51744
0.50743
0.52405
0.51488
0.52854
0.51757
0.49776
0.45924
0.43608
0.42581
0.43646
0.48022
0.566
0.57967
0.59206
0.61232
0.59739
0.50338
0.45088
0.40413
0.37532
0.39658
0.38288
0.47287
0.50416
0.45589
0.38419
0.39304
0.42537
0.44993
0.50689
0.55403
0.55235
0.52922
0.52063
0.50641
0.51499
0.83617
0.82483
0.87086
0.63499
0.55854
0.46563
0.41981
0.37222
0.33496
0.31805
0.33458
0.38163
0.4563
0.49941
0.51854
0.53464
0.54584
0.54677
0.58559
0.80236
0.88741
0.89205
0.89933
0.90659
0.90234
0.90719
0.88724
0.65643
0.62576
0.62763
0.60591
0.57857
0.55865
0.54697
0.53424
0.51215
0.49406
0.46216
0.39659
0.34002
0.35188
0.33361
0.33118
0.49714
0.57482
0.54968
0.53641
0.52971
0.52777
0.51781
0.53404
0.53131
0.57781
0.6
0.68961
0.82273
0.86252
0.87826
0.88927
0.88475
0.87148
0.85293
0.65903
0.59127
0.49189
0.46885
0.46883
0.47633
0.48837
0.49067
0.49653
0.50919
0.53072
0.52914
0.55103
0.54731
0.55607
0.55185
0.55098
0.54094
0.52223
0.51381
0.48193
0.4422
0.35559
0.293
0.25657
0.24774
0.24003
0.25099
0.25845
0.26623
0.27955
0.31564
0.37662
0.43129
0.45926
0.47786
0.49716
0.52778
0.53395
0.53834
0.5501
0.56622
0.56244
0.5837
0.61512
0.63251
0.68669
0.75347
0.74636
0.63923
0.6312
0.62433
0.57523
0.59961
0.62278
0.65496
0.6474
0.67039
0.63132
0.59682
0.56431
0.54235
0.52893
0.51493
0.51518
0.51213
0.50473
0.49186
0.48384
0.47188
0.46451
0.45357
0.44346
0.44521
0.43405
0.43098
0.46908
0.59032
0.61414
0.64392
0.70682
0.50477
0.48952
0.4749
0.46539
0.50256
0.5635
0.47907
0.41694
0.44875
0.44591
0.44475
0.44981
0.43802
0.45593
0.43358
0.42759
0.48467
0.48768
0.47815
0.47539
0.46897
0.46442
0.46214
0.4355
0.41614
0.38076
0.32936
0.30884
0.3249
0.35254
0.30731
0.24114
0.21137
0.23639
0.27368
0.28312
0.33895
0.43451
0.47019
0.46521
0.45677
0.4501
0.44093
0.44457
0.44086
0.43216
0.47409
0.78362
0.79374
0.80938
0.79894
0.74167
0.51978
0.40033
0.38106
0.43771
0.48138
0.5738
0.56257
0.56457
0.54828
0.53176
0.56257
0.5959
0.65278
0.59409
0.55168
0.52414
0.48135
0.44824
0.43283
0.44725
0.46668
0.4798
0.51393
0.59812
0.59687
0.5532
0.56603
0.64909
0.63108
0.57307
0.43065
0.28354
0.26913
0.2452
0.29642
0.79866
0.79149
0.80083
0.52835
0.48074
0.48195
0.47844
0.48411
0.50117
0.50523
0.48874
0.49446
0.49691
0.51224
0.52043
0.54579
0.57644
0.58571
0.57949
0.59306
0.60281
0.60798
0.60258
0.61064
0.61868
0.66756
0.81579
0.82383
0.74027
0.74835
0.77459
0.74891
0.61304
0.54803
0.56568
0.58255
0.58763
0.54423
0.5194
0.50775
0.51709
0.55635
0.6434
0.82452
0.82748
0.84305
0.62588
0.5153
0.50291
0.51361
0.50351
0.45324
0.50732
0.53199
0.51265
0.48217
0.43775
0.43508
0.46686
0.48006
0.4843
0.84271
0.83215
0.83231
0.83128
0.82836
0.82652
0.82804
0.82712
0.82512
0.82746
0.82956
0.82786
0.83242
0.8349
0.83424
0.83106
0.8368
0.83666
0.83664
0.82445
0.81709
0.81245
0.74579
0.60943
0.74535
0.80431
0.83203
0.67627
0.67804
0.85338
0.85508
0.84335
0.84367
0.8376
0.83555
0.82971
0.83097
0.82305
0.81626
0.81141
0.70036
0.56817
0.55253
0.78075
0.80439
0.82888
0.83552
0.83505
0.83656
0.83624
0.83227
0.83327
0.82772
0.8263
0.82215
0.81396
0.79524
0.78196
0.76827
0.75741
0.74133
0.71585
0.70094
0.68797
0.67046
0.66884
0.7059
0.72013
0.65794
0.5454
0.46932
0.3969
0.41722
0.43221
0.43679
0.45747
0.47814
0.48107
0.60063
0.54319
0.63162
0.80224
0.7987
0.78815
0.6821
0.60391
0.55522
0.53394
0.49207
0.49587
0.49258
0.48605
0.32772
0.30163
0.3413
0.33527
0.36969
0.40975
0.50296
0.49618
0.54171
0.60769
0.73157
0.78119
0.79219
0.79758
0.8023
0.80528
0.80728
0.80842
0.81337
0.82051
0.82488
0.82984
0.83286
0.8381
0.83296
0.82657
0.82579
0.82813
0.83051
0.83446
0.83615
0.83915
0.84232
0.8407
0.83267
0.83044
0.83262
0.83285
0.83111
0.83172
0.82922
0.81667
0.80638
0.7992
0.79448
0.79004
0.7902
0.79031
0.79178
0.79841
0.80274
0.80816
0.81312
0.82135
0.81353
0.80392
0.79893
0.79573
0.79268
0.79037
0.78098
0.73672
0.60833
0.56059
0.53029
0.50486
0.35286
0.3671
0.42217
0.37679
0.35084
0.44025
0.45154
0.42574
0.41586
0.39934
0.35638
0.32298
0.31698
0.34926
0.34384
0.32679
0.32655
0.3286
0.32671
0.32231
0.33744
0.47428
0.43024
0.39323
0.36624
0.38655
0.45427
0.51268
0.48006
0.57988
0.79928
0.80431
0.82045
0.85739
0.88258
0.89259
0.90003
0.89826
0.89426
0.89201
0.88731
0.87559
0.86383
0.85114
0.84108
0.83474
0.83336
0.80913
0.80571
0.59845
0.54973
0.54918
0.54216
0.54585
0.57265
0.66745
0.63965
0.58321
0.56727
0.56871
0.57445
0.56842
0.5539
0.53887
0.52239
0.50065
0.4964
0.49614
0.52029
0.54353
0.55944
0.69524
0.64223
0.60746
0.68724
0.60296
0.73106
0.69522
0.55422
0.50022
0.46263
0.41806
0.37199
0.37153
0.36152
0.35023
0.3471
0.33433
0.33668
0.34311
0.36628
0.4025
0.84584
0.73346
0.76094
0.77291
0.77743
0.78124
0.77796
0.77625
0.77249
0.77479
0.77333
0.744
0.73275
0.69352
0.64402
0.60765
0.58552
0.59353
0.58096
0.68134
0.69277
0.63605
0.63041
0.56523
0.50761
0.45861
0.41884
0.4076
0.39573
0.40282
0.42756
0.44965
0.44661
0.4836
0.5006
0.63391
0.76037
0.74875
0.65067
0.67949
0.78165
0.77263
0.72905
0.62929
0.57318
0.53354
0.51297
0.50867
0.48311
0.42833
0.38241
0.32191
0.31453
0.38418
0.41532
0.41963
0.42434
0.40961
0.41129
0.42034
0.42842
0.45258
0.47298
0.48286
0.52676
0.5659
0.57928
0.58142
0.54755
0.51392
0.50349
0.54382
0.525
0.52801
0.56021
0.52363
0.50974
0.50281
0.49668
0.50544
0.48669
0.48651
0.48694
0.48511
0.47938
0.48037
0.48175
0.47726
0.46671
0.46068
0.44931
0.4356
0.41057
0.41094
0.45563
0.49716
0.49647
0.48638
0.46926
0.44902
0.46201
0.47232
0.47002
0.49005
0.53637
0.56408
0.57359
0.53471
0.4967
0.48373
0.47569
0.45431
0.45496
0.4479
0.42555
0.40692
0.39014
0.37037
0.35359
0.33301
0.32665
0.35738
0.63544
0.6984
0.69965
0.69687
0.65742
0.58035
0.53971
0.53048
0.53335
0.64885
0.66151
0.59145
0.54888
0.51365
0.46844
0.45086
0.42134
0.39726
0.36696
0.341
0.34181
0.33447
0.30441
0.27758
0.25839
0.30469
0.35155
0.34865
0.35738
0.35412
0.35524
0.35038
0.53648
0.66549
0.69334
0.49156
0.52107
0.59555
0.73984
0.76859
0.76974
0.76289
0.7336
0.67006
0.55956
0.50915
0.49932
0.47696
0.40251
0.36372
0.27842
0.33698
0.37314
0.73652
0.77735
0.80302
0.82259
0.82817
0.84264
0.86276
0.84981
0.82755
0.81858
0.81442
0.79217
0.70905
0.76954
0.80813
0.83004
0.89433
