0.43812
0.5789
0.76496
0.78476
0.7937
0.79284
0.79647
0.80016
0.80513
0.80718
0.80926
0.80665
0.81592
0.8114
0.80809
0.76577
0.70817
0.6978
0.70655
0.71325
0.62866
0.5646
0.54408
0.5441
0.49938
0.48473
0.47176
0.43612
0.41813
0.39095
0.35556
0.33173
0.32
0.44044
0.81795
0.81819
0.82256
0.82646
0.82076
0.78671
0.7956
0.62149
0.45105
0.35046
0.39352
0.38815
0.37686
0.37629
0.37508
0.35048
0.3255
0.31065
0.2886
0.25422
0.34978
0.41445
0.45073
0.44697
0.35784
0.33653
0.30336
0.28157
0.26887
0.35058
0.36219
0.40217
0.40219
0.38105
0.35727
0.35154
0.76793
0.77214
0.79083
0.84224
0.81915
0.81955
0.81694
0.81257
0.79267
0.61555
0.49953
0.53196
0.66947
0.59152
0.40091
0.37695
0.40737
0.49597
0.55485
0.46762
0.40123
0.36666
0.3687
0.37219
0.39259
0.42609
0.49002
0.57212
0.51657
0.45051
0.71682
0.60174
0.5647
0.46214
0.31864
0.36661
0.41226
0.38892
0.3952
0.41286
0.40878
0.36843
0.3656
0.36792
0.35445
0.33643
0.32014
0.31738
0.29994
0.29548
0.25076
0.26494
0.28382
0.25396
0.24918
0.24719
0.32558
0.3742
0.38945
0.35932
0.3319
0.32842
0.34866
0.28934
0.2898
0.3296
0.37705
0.41154
0.40703
0.44036
0.42165
0.38291
0.3543
0.30839
0.26651
0.27935
0.36294
0.36819
0.3576
0.42809
0.72569
0.69755
0.4727
0.36473
0.22589
0.18311
0.22552
0.36207
0.38198
0.31332
0.32272
0.33571
0.34409
0.33623
0.34619
0.3365
0.3307
0.32746
0.32612
0.31594
0.28369
0.26548
0.33847
0.29153
0.28541
0.28226
0.27401
0.26423
0.25384
0.27172
0.26442
0.29705
0.31479
0.27178
0.23185
0.2322
0.23631
0.22983
0.22254
0.21082
0.20108
0.19049
0.17465
0.16959
0.165
0.18028
0.19493
0.22905
0.26664
0.29097
0.37705
0.53714
0.64264
0.54541
0.47615
0.45378
0.43966
0.4576
0.75131
0.76911
0.7719
0.75733
0.74768
0.7452
0.72031
0.70815
0.69235
0.68846
0.76852
0.77093
0.60309
0.43531
0.34832
0.38293
0.2113
0.22302
0.27372
0.30522
0.33407
0.31507
0.31818
0.31845
0.3024
0.29827
0.30414
0.5156
0.72206
0.77645
0.75549
0.73075
0.70257
0.71891
0.79812
0.78613
0.7641
0.71119
0.50168
0.43568
0.39651
0.41942
0.51656
0.42696
0.40639
0.37565
0.32763
0.35731
0.45173
0.30721
0.24953
0.28683
0.29162
0.3022
0.32329
0.32945
0.3323
0.35091
0.34467
0.32171
0.33061
0.29576
0.34835
0.38057
0.36039
0.3371
0.32134
0.30243
0.31848
0.29604
0.24716
0.22126
0.2723
0.28322
0.27386
0.28003
0.31782
0.32115
0.34248
0.40258
0.39172
0.3281
0.26909
0.26917
0.36087
0.40273
0.36814
0.31961
0.31474
0.28966
0.31181
0.41841
0.58271
0.71959
0.70845
0.67528
0.70296
0.68617
0.70095
0.69666
0.72212
0.70739
0.7259
0.72098
0.76984
0.70542
0.60064
0.48437
0.39092
0.50487
0.53563
0.50147
0.52779
0.60431
0.62479
0.53479
0.39275
0.3653
0.39583
0.39325
0.40157
0.42308
0.4539
0.45282
0.34797
0.33967
0.3434
0.3562
0.34189
0.33018
0.33172
0.32072
0.33184
0.34299
0.34678
0.35437
0.35802
0.37389
0.37797
0.37955
0.38076
0.39097
0.39134
0.40627
0.38035
0.34293
0.35129
0.32404
0.31902
0.30025
0.27418
0.31926
0.38188
0.39605
0.41764
0.42093
0.41207
0.38573
0.36724
0.26944
0.3057
0.32144
0.32961
0.33571
0.27114
0.28823
0.33242
0.35358
0.43712
0.42902
0.41819
0.3874
0.39126
0.40072
0.40681
0.40782
0.42215
0.44783
0.45512
0.45077
0.43778
0.42801
0.43287
0.49402
0.43257
0.46248
0.45906
0.49214
0.5252
0.73649
0.78437
0.78543
0.78753
0.76657
0.75395
0.75575
0.75871
0.72462
0.69698
0.72556
0.702
0.70764
0.60533
0.54494
0.48626
0.45305
0.44351
0.44246
0.4472
0.46267
0.74633
0.76397
0.76923
0.76391
0.77202
0.77341
0.77928
0.76458
0.72339
0.68857
0.58166
0.46443
0.41517
0.39681
0.39189
0.38089
0.37728
0.34276
0.32976
0.31646
0.30353
0.29898
0.32155
0.35233
0.36535
0.3579
0.35323
0.34539
0.33667
0.3247
0.31803
0.29395
0.27753
0.27572
0.24152
0.20751
0.28484
0.36895
0.36861
0.41768
0.32905
0.23659
0.27891
0.64439
0.71103
0.77371
0.77755
0.80211
0.7912
0.78225
0.79037
0.76252
0.76017
0.76517
0.81167
0.81049
0.81626
0.81315
0.81595
0.77547
0.78737
0.77927
0.7738
0.76456
0.76363
0.73471
0.693
0.61959
0.45206
0.40133
0.36053
0.31826
0.36441
0.48066
0.43357
0.32267
0.29017
0.25508
0.31261
0.40842
0.35029
0.3183
0.35029
0.38523
0.3344
0.35322
0.69891
0.76575
0.69517
0.5924
0.50303
0.78202
0.76202
0.7633
0.78254
0.78135
0.75513
0.76825
0.73819
0.36525
0.21298
0.2032
0.26023
0.39202
0.28155
0.24705
0.20836
0.27566
0.25623
0.24973
0.34919
0.40854
0.41158
0.42272
0.44324
0.78376
0.7868
0.78897
0.77779
0.76864
0.76849
0.77722
0.78104
0.78812
0.79539
0.79849
0.80091
0.80544
0.77123
0.76492
0.7374
0.73196
0.73947
0.66859
0.83961
0.84998
0.84554
0.83919
0.82039
0.80456
0.79835
0.79174
0.80729
0.82487
0.83819
0.81095
0.82162
0.58372
0.47994
0.46347
0.48594
0.46717
0.54454
0.4933
0.45519
0.46203
0.44579
0.43552
0.45324
0.43553
0.40933
0.38181
0.34967
0.43027
0.51368
0.57786
0.39958
0.31088
0.29719
0.38896
0.63986
0.66751
0.62747
0.49818
0.38548
0.36878
0.34587
0.34741
0.35055
0.35268
0.34756
0.34247
0.34063
0.34204
0.3879
0.40173
0.4432
0.4965
0.60671
0.49738
0.41576
0.34708
0.29266
0.242
0.20468
0.20514
0.24081
0.30235
0.34741
0.30571
0.28198
0.26137
0.2364
0.23299
0.23005
0.26476
0.31748
0.37223
0.46753
0.51695
0.49363
0.45865
0.43553
0.42426
0.37598
0.31173
0.25648
0.22502
0.21075
0.22265
0.25072
0.28504
0.33852
0.39171
0.45154
0.53659
0.65673
0.69056
0.70032
0.68198
0.65151
0.58505
0.4881
0.37103
0.43654
0.46425
0.5846
0.45823
0.37908
0.37004
0.36761
0.35796
0.37301
0.38131
0.37898
0.35683
0.33559
0.48456
0.55651
0.58492
0.59537
0.57413
0.53561
0.61022
0.5874
0.6193
0.60372
0.60542
0.61004
0.57498
0.60845
0.60658
0.59534
0.58558
0.54402
0.41601
0.38961
0.37175
0.3403
0.35047
0.57424
0.64106
0.63344
0.63981
0.72012
0.74048
0.72521
0.70209
0.67933
0.60669
0.54387
0.50568
0.51543
0.53835
0.58396
0.71177
0.73811
0.74166
0.7466
0.72093
0.71467
0.70878
0.69436
0.66883
0.62272
0.38379
0.3354
0.32734
0.35522
0.33552
0.35104
0.36125
0.37785
0.37623
0.35974
0.33299
0.35785
0.36824
0.38761
0.40428
0.40564
0.38397
0.39791
0.38782
0.39292
0.37304
0.36701
0.37751
0.38869
0.40791
0.39648
0.40704
0.49031
0.50901
0.52897
0.60882
0.6287
0.69262
0.67743
0.63033
0.57204
0.49984
0.54016
0.42301
0.43847
0.42017
0.39102
0.42335
0.41338
0.40763
0.42594
0.41554
0.39946
0.3998
0.38461
0.38279
0.388
0.40562
0.40942
0.40674
0.40378
0.40121
0.40292
0.39766
0.40409
0.41738
0.43937
0.4622
0.48483
0.45197
0.42553
0.39754
0.3859
0.37538
0.55889
0.69534
0.69172
0.77514
0.69507
0.63988
0.5876
0.54077
0.5119
0.49225
0.4758
0.47396
0.48327
0.49006
0.50512
0.50668
0.51708
0.6168
0.66669
0.62707
0.64956
0.66928
0.66847
0.68178
0.68398
0.68133
0.67319
0.6601
0.59318
0.53656
0.50475
0.48307
0.44204
0.40764
0.40371
0.41019
0.40616
0.40318
0.41066
0.40411
0.37811
0.34771
0.32672
0.31492
0.30677
0.29991
0.31565
0.32265
0.31701
0.30965
0.32339
0.40825
0.39194
0.38584
0.39749
0.43435
0.42272
0.40338
0.40789
0.53257
0.54268
0.43697
0.41918
0.41381
0.41489
0.42457
0.43676
0.44475
0.44846
0.42562
0.40766
0.40366
0.38605
0.38372
0.37235
0.34812
0.33035
0.34101
0.38163
0.45513
0.4916
0.47558
0.47096
0.47762
0.46051
0.48155
0.52557
0.5495
0.56554
0.58377
0.64324
0.66568
0.69772
0.729
0.67787
0.66397
0.71964
0.74308
0.73778
0.73456
0.70415
0.60996
0.55251
0.51692
0.50583
0.514
0.51653
0.51318
0.4914
0.45158
0.42972
0.4582
0.48369
0.51873
0.51446
0.42632
0.39318
0.39585
0.39234
0.39269
0.39047
0.38959
0.38053
0.37986
0.37976
0.37957
0.38233
0.38359
0.37525
0.36126
0.34751
0.34077
0.36278
0.38166
0.38026
0.36391
0.34917
0.3227
0.30584
0.2975
0.30296
0.33898
0.33925
0.35754
0.37464
0.38804
0.41331
0.59563
0.55379
0.47774
0.46842
0.49914
0.62411
0.79565
0.79098
0.77838
0.75233
0.77745
0.69068
0.72042
0.72972
0.7263
0.73674
0.7253
0.71068
0.69212
0.55393
0.41926
0.40715
0.39658
0.39943
0.42587
0.47179
0.45639
0.4464
0.44978
0.47089
0.4564
0.46406
0.44916
0.43486
0.41609
0.40531
0.39391
0.38173
0.36332
0.3484
0.34921
0.35196
0.35797
0.35979
0.36159
0.35557
0.33876
0.32289
0.33412
0.35656
0.36892
0.3774
0.38645
0.39912
0.46712
0.46533
0.46454
0.4546
0.45887
0.4465
0.42814
0.40995
0.34634
0.30387
0.31467
0.38632
0.38875
0.39124
0.37809
0.39394
0.39293
0.37398
0.36302
0.36584
0.36822
0.34479
0.35107
0.40061
0.42023
0.44473
0.45469
0.43665
0.42259
0.41795
0.43266
0.45663
0.48206
0.48438
0.44433
0.42419
0.42032
0.42712
0.42163
0.41021
0.38931
0.37791
0.38736
0.39958
0.47763
0.55782
0.53255
0.74463
0.69142
0.39814
0.36072
0.38627
0.41166
0.41879
0.47667
0.48464
0.75959
0.69958
0.78067
0.83306
0.68009
0.83185
0.83655
0.83235
0.76965
0.7495
0.57979
0.45504
0.40343
0.38552
0.40513
0.43758
0.46299
0.51072
0.56146
0.52159
0.55675
0.60963
0.63905
0.63369
0.65024
0.69977
0.70472
0.67163
0.61252
0.57843
0.56849
0.56453
0.5784
0.55427
0.50052
0.46644
0.45477
0.45033
0.46276
0.47367
0.48088
0.45823
0.42594
0.41153
0.40497
0.40766
0.44725
0.45917
0.50269
0.55326
0.54262
0.49366
0.44344
0.42399
0.40854
0.40106
0.4007
0.42372
0.42035
0.37907
0.34977
0.33844
0.33627
0.34043
0.37318
0.39993
0.4026
0.38361
0.35897
0.36171
0.34787
0.33395
0.33752
0.32277
0.31397
0.2843
0.27514
0.27509
0.28672
0.30279
0.32571
0.34664
0.36428
0.35249
0.34335
0.34826
0.36201
0.37983
0.44379
0.49555
0.51772
0.53293
0.50173
0.48876
0.5004
0.54991
0.60309
0.65042
0.52301
0.47332
0.40014
0.37703
0.37371
0.38752
0.40058
0.43223
0.42963
0.41826
0.41563
0.39996
0.36639
0.37905
0.39019
0.37196
0.35315
0.33753
0.33404
0.3415
0.34188
0.33958
0.34575
0.37831
0.43559
0.38625
0.38673
0.39048
0.38036
0.37382
0.39454
0.44176
0.44293
0.45226
0.43774
0.47008
0.55902
0.51312
0.49889
0.51132
0.45551
0.40772
0.38042
0.37492
0.3869
0.41788
0.47288
0.58392
0.67451
0.62653
0.44064
0.38843
0.35737
0.36723
0.45934
0.47525
0.46944
0.44786
0.43465
0.40607
0.36422
0.43939
0.50609
0.48867
0.47398
0.48636
0.41399
0.37621
0.3643
0.36322
0.37551
0.41963
0.45653
0.4516
0.42674
0.44296
0.44793
0.44323
0.45441
0.66064
0.58125
0.3646
0.35854
0.35139
0.36694
0.36208
0.34911
0.37082
0.38389
0.36305
0.36582
0.37276
0.38894
0.38097
0.41701
0.45028
0.45543
0.43109
0.4371
0.44928
0.47171
0.53216
0.58857
0.62693
0.61441
0.54565
0.46991
0.44147
0.4576
0.50384
0.55076
0.5916
0.61412
0.5993
0.55842
0.54813
0.54992
0.57523
0.61654
0.67144
0.69884
0.66283
0.59165
0.56301
0.53707
0.57038
0.60834
0.63484
0.64525
0.61499
0.57994
0.53591
0.65221
0.65328
0.62521
0.71689
0.77966
0.80614
0.77869
0.72594
0.71644
0.72489
0.75239
0.74467
0.7029
0.64225
0.55554
0.44614
0.43065
0.48579
0.47437
0.50105
0.50658
0.50486
0.4771
0.44436
0.44078
0.42873
0.40574
0.43413
0.46593
0.52181
0.65655
0.66964
0.53705
0.53712
0.57268
0.63892
0.66563
0.64296
0.57867
0.52403
0.47346
0.44517
0.52244
0.58869
0.60137
0.50521
0.44716
0.42147
0.42225
0.44677
0.47577
0.46432
0.45541
0.42996
0.40545
0.38366
0.39016
0.36694
0.39394
0.49089
0.54598
0.54454
0.52044
0.47813
0.40702
0.40547
0.42831
0.41561
0.41096
0.38309
0.39275
0.41888
0.5069
0.41598
0.35873
0.42393
0.44749
0.39809
0.4973
0.70769
0.48862
0.64723
0.62401
0.54664
0.56478
0.55201
0.49451
0.39578
0.34803
0.36982
0.55594
0.62377
0.64575
0.61464
0.58462
0.57305
0.56129
0.60317
0.66435
0.70907
0.7093
0.65525
0.59789
0.58537
0.58532
0.5891
0.57581
0.55943
0.502
0.46024
0.46158
0.44121
0.42576
0.39884
0.39533
0.39281
0.37493
0.36796
0.43433
0.42941
0.4011
0.39196
0.39779
0.44006
0.4133
0.3807
0.38112
0.35509
0.36388
0.39144
0.43717
0.43389
0.39258
0.36977
0.3587
0.36078
0.36278
0.41675
0.44067
0.48667
0.48008
0.46647
0.48524
0.48077
0.47569
0.48855
0.51097
0.56143
0.56808
0.54099
0.52911
0.62931
0.58911
0.49244
0.48908
0.5083
0.48369
0.45215
0.39343
0.3924
0.5327
0.54343
0.61139
0.6189
0.6126
0.58448
0.5515
0.48701
0.48106
0.50934
0.55271
0.55067
0.59581
0.54241
0.76434
0.7584
0.72793
0.73268
0.7445
0.62962
0.6098
0.6281
0.57444
0.50675
0.46615
0.4164
0.41278
0.489
0.47171
0.434
0.41486
0.58708
0.61055
0.71349
0.87077
0.67404
0.464
0.43097
0.39526
0.36979
0.36617
0.37936
0.47233
0.51504
0.59236
0.63468
0.61875
0.56955
0.63774
0.79634
0.81781
0.73879
0.74371
0.74229
0.70291
0.83118
0.88953
0.87951
0.90338
0.99373
0.93774
0.80729
0.67569
0.60934
0.56707
0.56237
0.62424
0.65488
0.60801
0.52849
0.47014
0.5161
0.47624
0.47445
0.43341
0.40766
0.44997
0.48361
0.43873
0.40969
0.40054
0.39942
0.39865
0.37864
0.37128
0.42244
0.49591
0.52401
0.49043
0.48121
0.47736
0.4634
0.43436
0.41672
0.41043
0.39281
0.36366
0.33843
0.32639
0.32687
0.33072
0.33091
0.33649
0.33939
0.33973
0.35782
0.41594
0.42709
0.43025
0.41423
0.39426
0.42563
0.47995
0.50725
0.5317
0.53189
0.53019
0.5327
0.52797
0.51665
0.51404
0.53304
0.54895
0.56561
0.56079
0.53552
0.51522
0.49003
0.48285
0.47522
0.46095
0.47682
0.46974
0.47119
0.46387
0.45326
0.44608
0.45203
0.45703
0.46153
0.45784
0.45443
0.44278
0.47261
0.52747
0.53189
0.55249
0.61389
0.60871
0.52621
0.48588
0.47669
0.46616
0.46214
0.47342
0.47073
0.45842
0.43295
0.42554
0.49052
0.45834
0.4994
0.50141
0.4868
0.49669
0.51835
0.50603
0.48611
0.48389
0.48596
0.46803
0.46507
0.46101
0.43242
0.40997
0.39942
0.4134
0.44559
0.50112
0.555
0.59142
0.60702
0.61713
0.64328
0.69922
0.73517
0.77141
0.81813
0.8105
0.78429
0.75474
0.71969
0.69275
0.68879
0.70417
0.71123
0.69082
0.62702
0.54886
0.48331
0.42661
0.39915
0.42568
0.44776
0.44681
0.48951
0.53802
0.55221
0.61501
0.62144
0.67166
0.68898
0.71211
0.66901
0.58576
0.51966
0.50561
0.54226
0.58122
0.64167
0.64873
0.61245
0.58958
0.62699
0.68773
0.68998
0.707
0.73331
0.76681
0.79189
0.76289
0.69553
0.61986
0.54275
0.46223
0.44425
0.44756
0.46812
0.46009
0.44454
0.42925
0.45746
0.52821
0.59494
0.62855
0.63073
0.64111
0.63416
0.63387
0.61007
0.54416
0.48408
0.46994
0.45022
0.44104
0.43053
0.43775
0.45629
0.48282
0.50962
0.50663
0.48731
0.49146
0.5067
0.5149
0.55067
0.58487
0.61666
0.62834
0.58793
0.54483
0.53412
0.52527
0.52478
0.52047
0.47971
0.46035
0.44636
0.41809
0.41265
0.41275
0.47538
0.54831
0.57502
0.5967
0.60667
0.57418
0.55355
0.60118
0.61921
0.67916
0.69981
0.7179
0.66897
0.63168
0.59482
0.5996
0.60108
0.60918
0.63595
0.65132
0.63919
0.63387
0.59725
0.63006
0.66923
0.66515
0.67708
0.67311
0.63861
0.58401
0.54849
0.51015
0.47729
0.48797
0.53187
0.57396
0.58057
0.56443
0.54943
0.56213
0.60206
0.65727
0.68694
0.66219
0.59818
0.51579
0.45301
0.46939
0.53718
0.61747
0.68851
0.71583
0.67349
0.59605
0.5192
0.50973
0.62185
0.77087
0.73765
0.68505
0.58919
0.54818
0.46227
0.39163
0.36477
0.36574
0.39707
0.42171
0.41211
0.40001
0.46688
0.52557
0.62162
0.72337
0.7711
0.72801
0.68034
0.6289
0.62686
0.74681
0.82133
0.86974
0.81901
0.83652
0.7405
0.60035
0.47399
0.38617
0.34772
0.3586
0.39164
0.39655
0.36962
0.33776
0.31275
0.27588
0.29694
0.32213
0.36254
0.38943
0.36412
0.35098
0.34848
0.35076
0.37099
0.39838
0.4269
0.45278
0.47671
0.49326
0.49332
0.76488
0.90232
0.83367
0.58807
0.37099
0.32872
0.30427
0.30944
0.34153
0.42462
0.49016
0.55556
0.55898
0.48773
0.46284
0.41138
0.40846
0.42214
0.42099
0.47009
0.49316
0.47399
0.43796
0.41871
0.42871
0.47018
0.54366
0.63395
0.58732
0.52493
0.71595
0.34039
0.31025
0.28998
0.30145
0.29518
0.31975
0.32551
0.33497
0.36503
0.43283
0.49582
0.58165
0.60049
0.58261
0.53763
0.46771
0.39692
0.38158
0.39352
0.42713
0.47007
0.57701
0.7251
0.66765
0.78023
0.61249
0.49085
0.88503
1.0008
0.99682
0.98839
0.97205
0.83033
0.70578
0.68858
0.74223
0.79887
0.80892
0.76815
0.6886
0.62676
0.59419
0.59881
0.6427
0.68074
0.71425
0.72365
0.70948
0.73619
0.8276
0.82174
0.80883
0.81977
0.85539
0.84676
0.79786
0.74607
0.71568
0.73611
0.77628
0.78918
0.75113
0.69741
0.68147
0.68743
0.67617
0.67638
0.82694
0.89879
0.89944
0.87018
0.87669
0.89768
0.90721
0.85424
0.83999
0.82611
0.80872
0.77555
0.73913
0.69321
0.6781
0.67958
0.71789
0.71466
0.57258
0.50155
0.48647
0.47501
0.47069
0.49453
0.60898
0.5978
0.55896
0.66525
0.68849
0.83749
0.87456
0.87317
0.87809
0.88172
0.88671
0.86422
0.83776
0.7876
0.71387
0.69428
0.64497
0.60664
0.59154
0.54186
0.51688
0.49507
0.47969
0.49802
0.52351
0.5449
0.5527
0.52548
0.50718
0.49157
0.48611
0.48951
0.48732
0.48929
0.50436
0.52569
0.58489
0.66914
0.71021
0.79018
0.81998
0.7531
0.54681
0.49486
0.49878
0.50581
0.50503
0.52056
0.54342
0.5246
0.48686
0.46274
0.44292
0.42708
0.42508
0.4312
0.43258
0.42809
0.41963
0.40614
0.3884
0.38239
0.38772
0.42158
0.47528
0.51111
0.55262
0.61057
0.68288
0.73033
0.74449
0.84889
0.6106
0.57386
0.84629
0.86571
0.88004
0.86692
0.87548
0.89633
0.90022
0.90066
0.89783
0.89621
0.88843
0.86961
0.85674
0.85478
0.75794
0.5879
0.64225
0.81247
0.80999
0.78116
0.78883
0.81299
0.78869
0.72097
0.66578
0.60767
0.5499
0.4906
0.37286
0.30152
0.27474
0.26455
0.25956
0.23885
0.22779
0.25866
0.27049
0.43194
0.50893
0.44935
0.47948
0.58057
0.80251
0.8637
0.86392
0.91768
0.86274
0.88909
0.88481
0.89157
0.90762
0.89255
0.88811
0.88792
0.90111
0.89748
0.89117
0.87501
0.87267
0.86976
0.88461
0.88736
0.89793
0.90394
0.90541
0.90965
0.90697
0.90911
0.90192
0.90771
0.90897
0.91692
0.91542
0.90136
0.87504
0.86
0.83642
0.81706
0.80018
0.72756
0.70903
0.6363
0.60226
0.55869
0.53031
0.52287
0.5083
0.49982
0.50282
0.63229
0.82394
0.88162
0.86181
0.87013
0.87945
0.86131
0.86873
0.86037
0.82346
0.79933
0.79897
0.77809
0.73124
0.65324
0.52124
0.36434
0.3956
0.45926
0.52204
0.47593
0.5109
0.52843
0.5122
0.66622
0.70628
0.72355
0.72666
0.68464
0.53095
0.50988
0.4994
0.48493
0.47905
0.47867
0.49354
0.50346
0.50636
0.52288
0.50463
0.50294
0.48835
0.45788
0.42952
0.39309
0.36635
0.35441
0.323
0.3236
0.36172
0.40379
0.4
0.45616
0.4583
0.43949
0.40435
0.38878
0.37976
0.40831
0.43246
0.39706
0.35573
0.36343
0.38459
0.40742
0.43726
0.42365
0.42479
0.44022
0.45687
0.47189
0.47452
0.47299
0.46884
0.47067
0.4743
0.4859
0.49863
0.50657
0.51557
0.52151
0.54674
0.5494
0.56221
0.61864
0.76906
0.86025
0.84569
0.79113
0.7466
0.73462
0.72538
0.66925
0.55089
0.52272
0.46773
0.41533
0.39408
0.37338
0.3475
0.32652
0.29331
0.24977
0.42288
0.44322
0.43624
0.4862
0.54207
0.59267
0.62241
0.52879
0.41139
0.43073
0.49085
0.50307
0.50738
0.47339
0.47082
0.45296
0.40711
0.38475
0.5736
0.63733
0.65634
0.66363
0.62471
0.6832
0.83817
0.77815
0.74806
0.54752
0.4485
0.37317
0.36653
0.35993
0.35526
0.35337
0.34868
0.32843
0.31717
0.29193
0.25815
0.23933
0.33636
0.3973
0.81963
0.81899
0.83222
0.78137
0.74507
0.70651
0.43943
0.37818
0.40632
0.4078
0.42204
0.46133
0.43009
0.39687
0.38784
0.37665
0.34873
0.3354
0.31297
0.32139
0.34843
0.34358
0.31438
0.2747
0.40912
0.37024
0.37865
0.28465
0.24429
0.31582
0.33591
0.29115
0.29589
0.30004
0.2654
0.22007
0.18035
0.18661
0.28699
0.36418
0.3887
0.33529
0.36156
0.35719
0.33029
0.3156
0.3012
0.29811
0.31793
0.32674
0.40183
0.37931
0.3907
0.40323
0.38967
0.36632
0.34972
0.34751
0.39533
0.41259
0.38095
0.36832
0.35154
0.33693
0.33045
0.34716
0.38766
0.41417
0.44549
0.44306
0.48497
0.53114
0.52261
0.48769
0.47178
0.48338
0.53296
0.57368
0.58554
0.55564
0.58325
0.69919
0.72166
0.60097
0.58062
0.61413
0.65648
0.65645
0.62454
0.5654
0.49298
0.43201
0.39704
0.39765
0.41054
0.42086
0.42132
0.42056
0.41449
0.43812
0.46121
0.47099
0.66785
0.76711
0.80327
0.82364
0.83078
0.81317
0.78015
0.79751
0.76096
0.7711
0.6715
0.5185
0.45369
0.41865
0.42278
0.37542
0.38843
0.45875
0.40587
0.41253
0.38663
0.37059
0.44527
0.54617
0.52566
0.50349
0.45245
0.41348
0.39931
0.39313
0.39562
0.44581
0.48055
0.49402
0.4954
0.48461
0.45776
0.41699
0.36847
0.31365
0.31292
0.34371
0.32387
0.38008
0.41384
0.54002
0.53252
0.5054
0.55864
0.53884
0.56322
0.53191
0.40026
0.34011
0.39624
0.53885
0.60236
0.65331
0.68431
0.72222
0.67656
0.69516
0.61555
0.62959
0.62792
0.62423
0.61419
0.6811
0.7075
0.70723
0.72224
0.71203
0.70389
0.69127
0.66025
0.61592
0.6063
0.62741
0.66583
0.7155
0.69485
0.61725
0.52791
0.5046
0.51626
0.50055
0.49596
0.48894
0.49613
0.49462
0.473
0.45346
0.43022
0.4028
0.36956
0.32642
0.28623
0.27249
0.27994
0.27532
0.35159
0.38183
0.36731
0.36823
0.36463
0.33545
0.29962
0.30532
0.35602
0.36692
0.35662
0.342
0.35605
0.38249
0.4002
0.7263
0.80215
0.83853
0.77762
0.81286
0.76278
0.73754
0.72809
0.6234
0.49934
0.40135
0.37445
0.36935
0.35628
0.36155
0.38169
0.40036
0.37091
0.37579
0.38157
0.37922
0.36374
0.33849
0.32156
0.36391
0.36652
0.38985
0.41996
0.45797
0.45555
0.43262
0.41509
0.39423
0.39144
0.39708
0.39263
0.38497
0.3983
0.38116
0.3963
0.39022
0.35884
0.35342
0.34163
0.36667
0.34943
0.3361
0.32184
0.33006
0.32219
0.32269
0.32176
0.32619
0.33964
0.35025
0.34884
0.34489
0.33821
0.32734
0.31168
0.29441
0.27166
0.24774
0.23015
0.23372
0.2784
0.2947
0.33059
0.33175
0.33129
0.31132
0.31636
0.31956
0.31692
0.265
0.2525
0.22838
0.33796
0.40038
0.52375
0.56338
0.53485
0.51799
0.4886
0.46547
0.35875
0.35734
0.3811
0.39815
0.41708
0.4016
0.40779
0.42242
0.42761
0.45289
0.44463
0.48058
0.49656
0.4882
0.47234
0.45571
0.43691
0.41121
0.39277
0.39694
0.42067
0.44184
0.46462
0.47478
0.45764
0.42553
0.40617
0.39455
0.39285
0.42944
0.44808
0.65616
0.55715
0.54962
0.60559
0.5642
0.48268
0.44837
0.43694
0.41849
0.38628
0.36407
0.41837
0.494
0.58754
0.47408
0.43535
0.41898
0.39538
0.396
0.40784
0.41811
0.40825
0.40673
0.41289
0.40971
0.3993
0.38745
0.37641
0.36164
0.34583
0.34206
0.33278
0.32758
0.30681
0.27574
0.26289
0.36544
0.42769
0.4834
0.5243
0.57221
0.52049
0.4517
0.42434
0.39707
0.35843
0.47747
0.77861
0.7279
0.72189
0.75322
0.78579
0.79929
0.79473
0.79699
0.79915
0.809
0.8047
0.80125
0.79839
0.81036
0.86331
0.86217
0.85643
0.76443
0.66021
0.42242
0.41679
0.42684
0.4467
0.4459
0.45199
0.48468
0.5092
0.59215
0.78556
0.80234
0.79959
0.78244
0.72351
0.59947
0.45963
0.48658
0.48838
0.4189
0.46878
0.50532
0.51243
0.57718
0.62404
0.76086
0.80572
0.63065
0.59704
0.58506
0.61161
0.65273
0.66073
0.68824
0.68464
0.65149
0.63581
0.59718
0.59744
0.61148
0.57276
0.53662
0.61236
0.66325
0.65513
0.60786
0.57535
0.51029
0.4418
0.50181
0.53966
0.42129
0.43565
0.43238
0.38933
0.41738
0.39956
0.37207
0.36319
0.37012
0.35311
0.36466
0.38567
0.33495
0.26172
0.2941
0.2808
0.31619
0.34984
0.37361
0.40409
0.46287
0.5158
0.48052
0.37183
0.63564
0.69642
0.67144
0.64196
0.58817
0.62156
0.61284
0.60982
0.57297
0.4448
0.34133
0.33955
0.32422
0.34936
0.34504
0.31621
0.28899
0.25985
0.22048
0.19255
0.20929
0.3282
0.29434
0.31886
0.29574
0.33256
0.27292
0.26405
0.30952
0.36556
0.37896
0.38705
0.46452
0.39719
0.33275
0.28484
0.30951
0.29616
0.33359
0.37781
0.4213
0.47843
0.52585
0.58326
0.58516
0.56633
0.55414
0.37598
0.34096
0.31949
0.33447
0.37749
0.36063
0.38914
0.38963
0.38628
0.46599
0.57012
0.5716
0.59633
0.60156
0.58037
0.5142
0.45883
0.53879
0.45561
0.4241
0.44644
0.4423
0.43602
0.45327
0.45861
0.50473
0.4765
0.52298
0.48856
0.41647
0.36901
0.34142
0.31782
0.30433
0.29735
0.26779
0.32546
0.46493
0.57204
0.66466
0.65768
0.65929
0.69595
0.60198
0.66397
0.70636
0.53227
0.41721
0.36255
0.3185
0.27107
0.2651
0.37859
0.3597
0.36382
0.35487
0.36171
0.35395
0.30539
0.34109
0.41315
0.45339
0.56423
0.67833
0.71077
0.68392
0.64312
0.65511
0.63794
0.45665
0.39766
0.37788
0.3664
0.35773
0.35867
0.35661
0.36261
0.37201
0.39312
0.47993
0.62121
0.74725
0.70713
0.54817
0.54551
0.56165
0.50323
0.52437
0.44033
0.4756
0.41158
0.35595
0.35016
0.41134
0.41784
0.41394
0.41122
0.45834
0.78786
0.75556
0.76493
0.7809
0.7861
0.7758
0.77493
0.68822
0.66243
0.68001
0.53872
0.73768
0.69845
0.58184
0.46458
0.45617
0.45146
0.431
0.41587
0.41139
0.40396
0.44524
0.47354
0.54025
0.66825
0.78034
0.80143
0.80403
0.79285
0.79111
0.80327
0.80569
0.80355
0.80459
0.79593
0.79098
0.78606
0.734
0.77199
0.79206
0.79647
0.76993
0.76205
0.75286
0.72758
0.67452
0.62185
0.54096
0.48383
0.46403
0.45357
0.4443
0.44488
0.44293
0.42959
0.4283
0.50695
0.64393
0.77849
