0.4479
0.80209
0.63025
0.70601
0.63884
0.46177
0.48904
0.42839
0.34495
0.32616
0.35558
0.41293
0.44472
0.35189
0.30626
0.30582
0.31514
0.32127
0.31572
0.33486
0.29796
0.32204
0.33995
0.30939
0.31864
0.33939
0.34949
0.35142
0.3631
0.40521
0.38131
0.36962
0.37583
0.37911
0.37635
0.38777
0.38617
0.37981
0.35649
0.34163
0.34278
0.29911
0.24351
0.64339
0.85975
0.88024
0.8251
0.63903
0.50959
0.38107
0.45895
0.41829
0.43102
0.50934
0.42813
0.54564
0.62407
0.57618
0.67244
0.56366
0.53663
0.5142
0.38201
0.32902
0.37929
0.46163
0.40976
0.4089
0.38252
0.58106
0.71152
0.63579
0.50575
0.49727
0.40328
0.3445
0.36163
0.34688
0.32565
0.38604
0.48206
0.5105
0.54671
0.57459
0.59165
0.57974
0.59584
0.56595
0.5268
0.47177
0.43458
0.43708
0.42901
0.41614
0.29709
0.25211
0.24386
0.22986
0.21571
0.18944
0.15975
0.14821
0.13561
0.11578
0.11578
0.15403
0.15405
0.17377
0.18838
0.3209
0.37971
0.73922
0.72
0.77817
0.73881
0.75095
0.78617
0.80314
0.80901
0.78746
0.93407
0.95112
0.92594
0.92975
0.92333
0.91531
0.91509
0.91181
0.90296
0.90187
0.69372
0.55403
0.4198
0.35976
0.33408
0.33363
0.32681
0.32065
0.30505
0.29661
0.28919
0.29957
0.31449
0.46438
0.46176
0.46013
0.40557
0.38841
0.35383
0.31737
0.29868
0.28342
0.26576
0.26486
0.2727
0.30175
0.36168
0.42022
0.45193
0.43442
0.48428
0.45245
0.41999
0.43066
0.37878
0.29476
0.371
0.34645
0.3796
0.37987
0.33527
0.27893
0.23826
0.2067
0.20348
0.40132
0.47329
0.52005
0.6389
0.46973
0.40464
0.36785
0.40525
0.43728
0.40985
0.35222
0.38784
0.4355
0.43737
0.40711
0.40322
0.41005
0.38081
0.3189
0.23486
0.19043
0.84438
0.89084
0.70018
0.82659
0.905
0.81768
0.83517
0.91969
0.91899
0.92296
0.92611
0.92338
0.88857
0.88298
0.88946
0.90367
0.88265
0.89815
0.92646
0.92322
0.83689
0.65524
0.5182
0.76882
0.8786
0.90874
0.74251
0.64008
0.70347
0.69029
0.62702
0.58
0.55303
0.51058
0.45672
0.34889
0.33793
0.34687
0.34212
0.39189
0.38204
0.40603
0.4036
0.45263
0.53468
0.66395
0.73123
0.75688
0.74761
0.78498
0.79179
0.7446
0.76119
0.67999
0.64086
0.71792
0.75819
0.75656
0.75074
0.55908
0.38864
0.33594
0.3599
0.32242
0.34592
0.34321
0.33896
0.41272
0.40245
0.52406
0.62371
0.71305
0.83824
0.83772
0.74529
0.81332
0.49729
0.46029
0.46946
0.49794
0.56101
0.47111
0.45593
0.43982
0.42597
0.43166
0.4399
0.43051
0.41267
0.33816
0.28311
0.25319
0.23646
0.19885
0.20782
0.25163
0.40392
0.56707
0.57933
0.46886
0.60403
0.61672
0.5862
0.5776
0.50215
0.41539
0.39405
0.39404
0.40716
0.39808
0.33755
0.32296
0.37285
0.41545
0.43913
0.42456
0.36181
0.36458
0.33491
0.3677
0.78767
0.77538
0.67593
0.5671
0.49436
0.45213
0.45832
0.62399
0.55492
0.51189
0.46545
0.45472
0.36579
0.33763
0.33168
0.3183
0.33279
0.44398
0.64249
0.66033
0.68996
0.67547
0.36845
0.30189
0.27438
0.28385
0.32005
0.32571
0.33815
0.34514
0.33746
0.32208
0.27563
0.3147
0.31416
0.31517
0.28989
0.30386
0.32339
0.26166
0.30909
0.26782
0.29469
0.30666
0.36355
0.39402
0.35576
0.31447
0.30988
0.36165
0.48259
0.74329
0.77205
0.85766
0.83473
0.81757
0.79277
0.82932
0.91912
0.93756
0.92786
0.91979
0.90286
0.91094
0.911
0.70221
0.51324
0.3962
0.33151
0.3223
0.32446
0.32984
0.3426
0.32983
0.22548
0.22021
0.35702
0.59774
0.81942
0.82344
0.83232
0.90038
0.92415
0.86272
0.67642
0.56816
0.50519
0.45504
0.51488
0.5148
0.53959
0.55764
0.59956
0.58991
0.56412
0.52438
0.49423
0.44098
0.44775
0.51867
0.85008
0.76571
0.78892
0.92103
0.8757
0.87498
0.89653
0.90269
0.91058
0.91135
0.91085
0.93243
0.9552
0.94876
0.94922
0.95102
0.74856
0.54741
0.50119
0.46057
0.42323
0.37809
0.31137
0.26122
0.21953
0.2401
0.37117
0.84993
0.93839
0.9497
0.94496
0.94005
0.94963
0.94674
0.94479
0.90212
0.6625
0.50856
0.40722
0.35899
0.33901
0.3312
0.3281
0.32205
0.3034
0.29139
0.27991
0.2046
0.12136
0.14554
0.73868
0.87183
0.92291
0.74771
0.7188
0.57404
0.64506
0.51909
0.56311
0.48376
0.45894
0.44357
0.39234
0.37724
0.4659
0.53631
0.46016
0.3872
0.36729
0.35264
0.34855
0.3289
0.33985
0.34817
0.38929
0.4582
0.4499
0.45269
0.40856
0.42806
0.53191
0.80739
0.85766
0.90286
0.77516
0.7536
0.76442
0.6388
0.64328
0.72211
0.64854
0.66065
0.90879
0.97752
0.97282
0.97111
0.95872
0.95359
0.94609
0.9182
0.76525
0.79249
0.73907
0.84048
0.7998
0.53064
0.55624
0.86476
0.93064
0.8825
0.91617
0.84851
0.77324
0.87216
0.93196
0.93865
0.93488
0.93805
0.92619
0.92338
0.77831
0.91855
0.92379
0.58091
0.48023
0.43631
0.42426
0.40126
0.38749
0.36325
0.34157
0.33731
0.33421
0.32993
0.33002
0.32452
0.3318
0.49328
0.47569
0.46419
0.38925
0.37456
0.35357
0.36477
0.27595
0.21609
0.18111
0.35457
0.77366
0.84605
0.80311
0.39005
0.3455
0.32949
0.83056
0.85585
0.83757
0.8555
0.90191
0.90172
0.91616
0.91375
0.91778
0.91957
0.92035
0.92115
0.91175
0.9122
0.84082
0.87781
0.87491
0.86767
0.89743
0.90318
0.90468
0.90651
0.89705
0.84362
0.89064
0.58179
0.52181
0.50806
0.8539
0.60249
0.54455
0.58642
0.53839
0.50117
0.46381
0.41648
0.34326
0.30849
0.26096
0.23814
0.22411
0.25008
0.27082
0.28453
0.225
0.179
0.1607
0.16225
0.32934
0.38077
0.36065
0.44687
0.4151
0.44417
0.19721
0.14891
0.24455
0.21573
0.13554
0.2484
0.21541
0.15581
0.1811
0.1624
0.22351
0.16032
0.23422
0.2364
0.21992
0.19585
0.17846
0.17872
0.20055
0.26184
0.27437
0.29047
0.25698
0.2778
0.21966
0.21643
0.21805
0.21442
0.24355
0.26683
0.19702
0.12598
0.1161
0.16658
0.11414
0.19453
0.16044
0.2256
0.23677
0.10656
0.13915
0.14229
0.14488
0.17701
0.18773
0.20154
0.23139
0.70871
0.89726
0.81392
0.5384
0.49123
0.90518
0.7244
0.84705
0.80312
0.91744
0.89258
0.907
0.92236
0.94578
0.93725
0.90093
0.78315
0.88054
0.77595
0.69383
0.61423
0.71884
0.69975
0.55628
0.45605
0.42845
0.40145
0.3901
0.39386
0.40399
0.39977
0.34935
0.33781
0.41096
0.82904
0.84809
0.90188
0.93687
0.93968
0.93416
0.92991
0.92738
0.88971
0.73939
0.56433
0.47395
0.30327
0.29751
0.32399
0.32196
0.31627
0.32652
0.37112
0.36846
0.53892
0.80226
0.86698
0.90579
0.91237
0.91993
0.93143
0.93968
0.94717
0.93904
0.93378
0.91356
0.90279
0.9182
0.89005
0.88834
0.77176
0.74354
0.58731
0.50395
0.46349
0.5731
0.89294
0.94983
0.94328
0.93686
0.9274
0.9265
0.65483
0.46558
0.45829
0.53288
0.72738
0.59026
0.35649
0.33296
0.37234
0.57633
0.74412
0.65342
0.52329
0.3861
0.352
0.44819
0.66536
0.5492
0.47538
0.3683
0.35412
0.29959
0.27973
0.36824
0.34591
0.32419
0.32834
0.46383
0.59204
0.89436
0.89067
0.90948
0.92453
0.92617
0.93115
0.9075
0.91763
0.93604
0.75974
0.3918
0.34676
0.31157
0.32816
0.35813
0.36641
0.86623
0.87715
0.55776
0.40944
0.37809
0.34303
0.40993
0.36137
0.28279
0.30859
0.2697
0.2423
0.28351
0.3206
0.34671
0.31497
0.25334
0.27283
0.36601
0.40148
0.37801
0.37524
0.41019
0.36266
0.3945
0.40505
0.33316
0.29988
0.28725
0.31342
0.33254
0.30543
0.24167
0.18352
0.18282
0.1747
0.19064
0.20271
0.19925
0.24389
0.19018
0.23346
0.20464
0.19318
0.19818
0.24072
0.39579
0.58957
0.85695
0.80654
0.86029
0.49719
0.40885
0.47199
0.44695
0.54832
0.38173
0.3361
0.30718
0.2963
0.29949
0.32198
0.3505
0.3581
0.27061
0.18554
0.19155
0.18612
0.21116
0.22409
0.24557
0.26897
0.22745
0.22689
0.18148
0.21131
0.18011
0.22432
0.32884
0.31606
0.23362
0.20953
0.21356
0.24173
0.25948
0.33117
0.3882
0.38958
0.27876
0.25773
0.23618
0.27477
0.30245
0.34862
0.44327
0.50639
0.65011
0.52488
0.40356
0.34914
0.37102
0.40559
0.41536
0.54582
0.77721
0.83332
0.87062
0.88483
0.89996
0.88945
0.92184
0.97039
0.96686
0.96257
0.92099
0.90728
0.78789
0.95586
0.97864
0.99964
0.99745
0.99866
0.93272
0.97494
0.91157
0.92621
0.94737
0.95527
0.97679
0.97771
0.97765
0.97507
0.9768
0.98071
0.97762
0.98339
0.96871
0.9712
0.91579
0.67457
0.61223
0.64969
0.69812
0.86634
0.78142
0.45107
0.33486
0.3454
0.34362
0.29724
0.49569
0.72545
0.80141
0.64616
0.35418
0.35575
0.29923
0.32607
0.43615
0.58072
0.55606
0.59664
0.51549
0.39501
0.37325
0.48994
0.61566
0.77456
0.80064
0.43279
0.43715
0.53187
0.43842
0.42921
0.41989
0.40934
0.37928
0.38077
0.40331
0.46688
0.57729
0.80194
0.94805
0.96948
0.97331
0.96351
0.95638
0.95282
0.95039
0.93604
0.92691
0.93318
0.95263
0.91597
0.83684
0.77566
0.64838
0.7468
0.65225
0.68517
0.67071
0.65651
0.65344
0.64948
0.65341
0.66006
0.69902
0.69436
0.67844
0.69259
0.83304
0.93704
0.93359
0.94821
0.9505
0.958
0.9507
0.78749
0.96334
0.9642
0.93751
0.94535
0.93843
0.93703
0.94953
0.95175
0.9491
0.67939
0.59011
0.91927
0.91746
0.79878
0.60597
0.5392
0.51938
0.43117
0.45498
0.36381
0.44098
0.56353
0.64769
0.30079
0.33902
0.39568
0.35019
0.3237
0.33577
0.3166
0.30534
0.31276
0.32736
0.3399
0.34722
0.34718
0.38777
0.47279
0.51697
0.33856
0.25786
0.2181
0.18023
0.25709
0.35711
0.41995
0.36084
0.37651
0.27521
0.24312
0.3007
0.32946
0.46358
0.43642
0.54893
0.51858
0.46147
0.2721
0.19602
0.19792
0.3041
0.34316
0.29462
0.31522
0.28622
0.33544
0.3799
0.38793
0.39559
0.48326
0.67574
0.67072
0.45857
0.44284
0.48233
0.51566
0.53233
0.56178
0.5728
0.53858
0.54977
0.58483
0.66364
0.84069
0.8167
0.64924
0.94006
1.0003
1.0003
0.93031
0.68708
0.70774
0.83697
0.87365
0.93901
0.99982
1
0.99205
0.99117
0.99326
0.98625
0.98805
0.98193
0.97008
0.93867
0.91948
0.93943
0.95223
0.97189
0.97605
0.96052
0.93816
0.96853
0.96965
0.967
0.96007
0.96827
0.97569
0.99181
0.97649
0.73946
0.67871
0.62539
0.90515
0.89715
0.74381
0.87968
0.89728
0.89184
0.96077
0.96471
0.97843
0.94192
0.90116
0.96885
0.92985
0.87544
0.62856
0.51121
0.44073
0.54385
0.53065
0.65817
0.73027
0.61103
0.483
0.48426
0.58273
0.64832
0.62716
0.71556
0.66341
0.53631
0.47374
0.47598
0.50945
0.57075
0.52075
0.57417
0.53768
0.43571
0.41582
0.38524
0.36989
0.46027
0.67303
0.63155
0.52925
0.46683
0.37382
0.35835
0.57645
0.95642
0.9784
0.93229
0.8762
0.83869
0.78947
0.86222
0.81232
0.86617
0.8685
0.85854
0.75358
0.71127
0.58433
0.53128
0.65995
0.62415
0.75475
0.74337
0.70342
0.60249
0.47506
0.41323
0.51552
0.76294
0.99819
0.97986
0.98714
0.92917
0.77738
0.68492
0.62545
0.69176
0.64287
0.60669
0.46328
0.40929
0.35294
0.33429
0.39987
0.6
0.75248
0.82699
0.76895
0.72927
0.57465
0.53013
0.61382
0.59325
0.76942
0.66789
0.67276
0.81805
0.75545
0.92771
0.99125
0.99996
0.99947
0.99978
1.0006
0.98176
0.95875
0.9764
0.99996
0.99752
1
0.96284
1.0009
0.82315
0.91159
0.99319
0.95028
0.69878
0.56807
0.45964
0.42318
0.44388
0.4592
0.47611
0.51858
0.51058
0.45057
0.47786
0.42376
0.42567
0.42226
0.44459
0.39332
0.48234
0.37981
0.55022
0.47461
0.46193
0.51437
0.69014
0.8886
0.99541
0.98461
1.0003
1.0006
0.99759
0.99827
0.9963
0.9946
1.0008
0.99728
0.9992
0.9978
0.99753
0.99914
0.99765
0.96714
0.96728
0.9022
0.92593
0.97443
0.93739
1.0002
0.99785
0.99875
0.99725
0.89375
0.89533
0.98118
0.98305
0.99725
0.99735
0.99211
0.94992
0.9986
0.99775
0.9982
0.99715
0.99815
1.0004
1.0001
1.0007
0.99759
0.99969
1.0009
1.0003
0.92731
0.41437
0.41523
0.41019
0.39754
0.3932
0.39511
0.40223
0.41946
0.42513
0.4495
0.57146
0.90904
0.94408
0.40276
0.42873
0.45875
0.43752
0.46814
0.59173
0.75588
0.99975
0.98626
0.99709
0.84036
0.48637
0.69435
0.96136
0.80542
0.84679
0.90253
0.94049
0.96271
0.88534
0.94029
0.95546
0.99893
0.99857
0.99861
0.90802
0.8698
0.58878
0.58647
0.98921
0.99819
0.98658
0.98702
0.99558
0.99031
0.9681
0.97728
0.99257
0.98142
0.95737
0.80666
0.73083
0.60218
0.50143
0.531
0.51323
0.41687
0.40962
0.40402
0.40694
0.40891
0.39328
0.37403
0.3624
0.39318
0.45143
0.42416
0.36521
0.33464
0.3233
0.35313
0.47295
0.92018
0.99603
0.99797
0.999
0.99835
0.96839
1.0002
0.9773
0.99724
0.82195
0.41045
0.42111
0.41067
0.5361
0.56468
0.63668
0.77195
0.82257
0.85517
0.68811
0.63675
0.56994
0.5721
0.68802
0.74431
0.7015
0.63249
0.5349
0.45395
0.43429
0.44162
0.52824
0.50806
0.46558
0.52883
0.41506
0.28759
0.37302
0.48188
0.53608
0.6312
0.61523
0.50866
0.43777
0.3787
0.34533
0.34859
0.36483
0.44902
0.53156
0.44456
0.32578
0.29457
0.29135
0.28249
0.35855
0.41589
0.33747
0.31944
0.3051
0.3153
0.30367
0.37908
0.37722
0.37188
0.2946
0.26185
0.22932
0.19749
0.23048
0.23378
0.28959
0.30736
0.30324
0.28897
0.27129
0.26703
0.27804
0.27526
0.26673
0.29689
0.2763
0.29578
0.43243
0.57509
0.61666
0.59591
0.51967
0.5039
0.50623
0.50439
0.49154
0.52225
0.5612
0.56601
0.60903
0.6449
0.62328
0.52444
0.46388
0.46439
0.48206
0.51063
0.53417
0.52709
0.54342
0.55598
0.55822
0.55585
0.60306
0.7135
0.75269
0.71836
0.68702
0.65737
0.56864
0.56311
0.5749
0.57923
0.58925
0.61321
0.62659
0.58232
0.5409
0.53807
0.59828
0.71986
0.76792
0.71076
0.72618
0.72122
0.72494
0.62151
0.57899
0.58754
0.67482
0.68853
0.71031
0.67903
0.66636
0.65041
0.66353
0.73336
0.77825
0.85269
0.86666
0.86629
0.83736
0.80158
0.83969
0.89044
0.85386
0.94852
0.93244
0.91502
0.88203
0.70094
0.74891
0.78935
0.87434
0.90488
0.84523
0.77845
0.73206
0.59881
0.63158
0.5502
0.60405
0.60439
0.56722
0.58809
0.54113
0.51117
0.54848
0.55284
0.55132
0.68858
0.76191
0.78366
0.93215
0.86989
0.99127
0.87283
0.83019
0.80443
0.76168
0.72014
0.65558
0.62298
0.7291
0.74398
0.73293
0.70696
0.75975
0.78017
0.79403
0.75494
0.73556
0.84008
0.77416
0.79475
0.72953
0.75246
0.80337
0.80279
0.81164
0.83238
0.81166
0.7843
0.77435
0.76873
0.76182
0.73009
0.72315
0.71816
0.77833
0.81777
0.82699
0.78457
0.89746
0.89259
0.91782
0.98914
0.99967
0.99986
1.0009
0.99821
1.0008
0.98705
0.99768
0.99979
0.99943
0.99777
0.9934
0.9774
0.9647
0.80343
0.73167
0.70614
0.72089
0.83604
0.96281
0.92231
0.90333
0.82294
0.94073
0.99522
0.92897
0.69828
0.60649
0.46728
0.37191
0.42862
0.37525
0.39149
0.50877
0.41578
0.43393
0.48943
0.39275
0.35934
0.38347
0.41207
0.43779
0.4704
0.45223
0.47026
0.45704
0.47404
0.45807
0.42878
0.49964
0.51128
0.52613
0.53519
0.47558
0.42132
0.43596
0.49012
0.4718
0.54896
0.6375
0.656
0.6261
0.70017
0.75022
0.94616
0.99721
1.0005
0.99744
0.9993
0.92083
0.77378
0.55308
0.60472
0.63156
0.57169
0.75485
0.70555
0.70795
0.79231
0.85278
0.89447
0.81782
0.95825
0.98321
0.99773
0.9052
0.74467
0.73451
0.68987
0.57314
0.5434
0.49488
0.45501
0.45315
0.46721
0.63058
0.80374
0.98191
0.99874
1.0007
0.99831
0.98268
0.97993
0.98331
0.91377
0.91223
0.93082
0.97759
0.89099
0.84005
0.73312
0.79239
0.63466
0.76149
0.75708
0.79195
0.90652
0.87358
0.78028
0.74353
0.74654
0.78124
0.89541
0.80126
0.7088
0.77691
0.75987
0.82752
0.7476
0.94661
0.78683
0.81606
0.80672
0.68642
0.5767
0.46201
0.4776
0.48505
0.56586
0.6645
0.55267
0.46411
0.53852
0.4436
0.37901
0.87503
0.81428
0.91618
0.89103
0.87839
0.88205
0.87969
0.93059
0.92195
0.93013
0.94351
0.92261
0.82481
0.8077
0.75548
0.7669
0.85923
0.78431
0.78341
0.78549
0.71861
0.65772
0.66768
0.72554
0.80382
0.82241
0.74494
0.6114
0.58021
0.5326
0.48293
0.49495
0.61928
0.69162
0.69341
0.67734
0.57105
0.56681
0.54538
0.63415
0.75263
0.69323
0.67888
0.68784
0.61672
0.60201
0.56586
0.59255
0.71084
0.74335
0.78022
0.71672
0.60876
0.55292
0.54062
0.51266
0.67104
0.60532
0.79439
0.56388
0.47112
0.46195
0.43715
0.42077
0.48811
0.76025
0.82403
0.65302
0.5378
0.38748
0.35581
0.37706
0.47023
0.55415
0.58613
0.49118
0.38502
0.32858
0.28305
0.28585
0.39135
0.47573
0.46659
0.40939
0.33542
0.28726
0.29063
0.32069
0.46063
0.63196
0.82192
0.65842
0.62392
0.5458
0.62817
0.72515
0.96593
0.85623
0.81364
0.83443
0.8783
0.89487
0.76477
0.72393
0.73287
0.68644
0.77563
0.90939
0.84311
0.95163
0.58113
0.62022
0.90666
0.93785
0.86768
0.43714
0.45714
0.45432
0.4608
0.4701
0.47867
0.438
0.44509
0.40039
0.39678
0.43979
0.51397
0.66877
0.6915
0.63666
0.6564
0.28686
0.29969
0.32574
0.31425
0.33755
0.35847
0.33916
0.35118
0.38521
0.37865
0.35944
0.33054
0.29776
0.29675
0.33373
0.35163
0.30706
0.29475
0.31167
0.28869
0.28607
0.31328
0.34443
0.31597
0.26025
0.23621
0.23343
0.21383
0.21552
0.21015
0.25172
0.2785
0.24782
0.19077
0.16201
0.13257
0.1494
0.14341
0.17345
0.17847
0.16172
0.18451
0.18972
0.24689
0.2738
0.27036
0.27997
0.27247
0.28626
0.30088
0.22178
0.24784
0.24819
0.24409
0.31019
0.35632
0.26746
0.27715
0.25693
0.24393
0.23676
0.29491
0.34986
0.31604
0.28999
0.31033
0.27983
0.28915
0.3037
0.30881
0.28375
0.2815
0.29326
0.28617
0.31682
0.35109
0.34645
0.35442
0.36183
0.35379
0.27892
0.30472
0.33211
0.29231
0.28088
0.35528
0.4053
0.66837
0.55221
0.6749
0.57522
0.54844
0.51949
0.53549
0.54859
0.50155
0.40489
0.3563
0.34011
0.30227
0.29829
0.42576
0.49727
0.53017
0.47001
0.51946
0.43496
0.4937
0.52055
0.7
0.84146
0.85416
0.65093
0.59603
0.55414
0.58345
0.59245
0.71314
0.79496
0.97257
0.93317
0.98835
0.9477
0.80157
0.6377
0.63685
0.77171
0.92667
0.69297
0.47903
0.48034
0.53535
0.48817
0.45515
0.85306
0.97304
0.88013
0.8136
0.74526
0.62828
0.94054
0.96554
0.99404
0.98
0.97945
0.97872
0.97576
0.9685
0.87565
0.8073
0.92445
0.9714
0.9418
0.93951
0.92229
0.88146
0.9331
0.87346
0.86506
0.81003
0.4756
0.45544
0.46366
0.44557
0.79243
0.78856
0.99864
0.99989
0.98784
0.97598
0.94262
0.75558
0.74728
0.65018
0.47757
0.45539
0.42547
0.39479
0.42015
0.77828
0.97075
0.8
0.7399
0.69488
0.60046
0.5181
0.4482
0.42275
0.42879
0.45295
0.48984
0.46022
0.41432
0.37299
0.35269
0.34401
0.3237
0.31184
0.32295
0.40682
0.34082
0.3168
0.33814
0.32984
0.31456
0.39728
0.3208
0.42269
0.33709
0.32836
0.62975
0.48501
0.42277
0.42541
0.6286
0.59018
0.65618
0.45972
0.38069
0.27258
0.2408
0.4095
0.22124
0.17216
0.22058
0.24491
0.29851
0.32673
0.38095
0.48619
0.70039
0.62638
0.71831
0.64786
0.48224
0.39941
0.31397
0.32344
0.33334
0.32577
0.30734
0.29477
0.29201
0.31526
0.31267
0.31451
0.3141
0.30902
0.33616
0.36122
0.38921
0.35514
0.37177
0.37314
0.37522
0.37372
0.36913
0.35576
0.36117
0.35168
0.35224
0.36197
0.36419
0.36128
0.32966
0.31848
0.31567
0.32301
0.33275
0.37471
0.30139
0.27508
0.33533
0.31368
0.30915
0.39191
0.41439
0.56452
0.60367
0.52504
0.45737
0.5069
0.46023
0.41057
0.42473
0.5364
0.42393
0.30578
0.24598
0.25721
0.275
0.25126
0.18322
0.1388
0.13901
0.1575
0.15415
0.19108
0.22811
0.25768
0.27529
0.31026
0.32321
0.31756
0.34361
0.37394
0.39528
0.41112
0.38159
0.35187
0.31653
0.26673
0.2546
0.24147
0.23898
0.24796
0.25988
0.51019
0.89393
0.91227
0.59275
0.57084
0.50384
0.55321
0.58408
0.47938
0.47702
0.41182
0.3813
0.3381
0.33199
0.31385
0.31509
0.3492
0.37393
0.37851
0.34889
0.30434
0.30275
0.29399
0.26696
0.27052
0.25548
0.25762
0.3114
0.29771
0.30128
0.35582
0.34949
0.44091
0.37973
0.35563
0.34055
0.33426
0.32056
0.30851
0.28897
0.28658
0.42975
0.47147
0.44169
0.43631
0.4665
0.43309
0.41884
0.40645
0.4054
0.41532
0.43327
0.44608
0.46711
0.41437
0.34825
0.29298
0.3095
0.30301
0.29205
0.37322
0.43027
0.40564
0.37303
0.45244
0.51023
0.56074
0.86149
0.93704
0.94394
0.96223
0.96712
0.96599
0.9537
0.87431
0.86879
0.96681
0.9543
0.94954
0.9426
0.86835
0.83434
0.7326
0.72424
0.83427
0.86176
0.80412
0.65569
0.54705
0.39305
0.3689
0.35578
0.36413
0.38589
0.4142
0.54388
0.57616
0.56373
0.53762
0.5303
0.90515
0.84031
0.63523
0.57578
0.47427
0.41342
0.37696
0.49037
0.57202
0.56829
0.49192
0.61834
0.6194
0.81396
0.93046
0.86146
0.74178
0.60013
0.56498
0.56161
0.58269
0.62079
0.65239
0.66942
0.65831
0.7184
0.72661
0.78001
0.71317
0.71104
0.67814
0.59805
0.56415
0.52319
0.5047
0.4728
0.43017
0.44227
0.38382
0.3209
0.30557
0.36385
0.36677
0.40664
0.51004
0.48547
0.38566
0.34183
0.3299
0.34799
0.36543
0.40221
0.42352
0.4087
0.49184
0.52271
0.45429
0.41591
0.4065
0.37155
0.36409
0.39825
0.4632
0.54028
0.61227
0.5026
0.55958
0.55194
0.49767
0.47832
0.49708
0.36902
0.30931
0.2992
0.29748
0.30298
0.22576
0.18598
0.35999
0.50529
0.41208
0.37445
0.25635
0.20134
0.26343
0.28577
0.25186
0.2274
0.23648
0.25676
0.47072
0.4582
0.43413
0.42822
0.40848
0.39327
0.3877
0.31324
0.25978
0.25645
0.23522
0.25028
0.26308
0.3264
0.38893
0.3868
0.46367
0.47514
0.45337
0.43714
0.44677
0.39739
0.37804
0.48373
0.87866
0.74133
0.36851
0.38908
0.42783
0.46637
0.88647
0.93031
0.91379
0.93152
0.87534
0.85886
0.87663
0.9086
0.93476
0.9444
0.93072
0.95885
0.96551
0.95331
0.90857
0.93673
0.89496
0.73954
0.63122
0.38984
0.36465
0.35282
0.34369
0.34097
0.33216
0.32736
0.3198
0.31161
0.3073
0.29555
0.2938
0.23867
0.16095
0.13499
0.14943
0.67732
0.80986
0.84378
0.91416
0.90962
0.87298
0.93061
0.87411
0.76761
0.70871
0.55372
0.46837
0.45834
0.46911
0.4301
0.42784
0.39978
0.37919
0.40228
0.49012
0.77145
0.60074
0.86842
0.9063
0.91213
0.92634
0.93801
0.90176
0.87438
0.83382
0.80431
0.70106
0.65372
0.60952
0.60817
0.61833
0.61762
0.61544
0.74211
0.70809
0.65723
0.81341
0.90306
0.84762
0.90655
0.94639
0.88254
0.68378
0.67596
0.72732
0.68299
0.61893
0.67864
0.82701
0.78193
0.866
0.90627
0.87569
0.93752
0.87471
0.73273
0.65872
0.60146
0.52072
0.56142
0.5077
0.61741
0.60395
0.74357
0.62878
0.59543
0.62283
0.60378
0.71713
0.75
0.69529
0.91954
0.92816
0.72768
0.45043
0.39742
0.35693
0.31923
0.30057
0.28083
0.29136
0.19826
0.17012
0.15723
0.15165
0.16031
0.12437
0.11694
0.12503
0.16258
0.24444
0.63677
0.87537
0.89361
0.91566
0.92256
0.86326
0.50644
0.41522
0.35189
0.32478
0.26489
0.29282
0.32179
0.30007
0.30058
0.34709
0.78515
0.56846
0.46768
0.45137
0.44098
0.42672
0.43022
0.4081
0.38164
0.38221
0.43326
0.44277
0.43674
0.44224
0.45478
0.46418
0.48451
0.50971
0.74126
0.90765
0.9736
0.99618
0.9768
0.98944
0.99862
0.99821
0.9911
0.9931
0.98865
0.98554
0.89176
0.84736
0.54626
0.48677
0.43643
0.40294
0.45905
0.42333
0.34534
0.33488
0.3473
0.45956
0.62497
0.94842
0.99877
0.98603
0.95049
0.95925
0.95746
0.97265
0.97632
0.97897
0.95762
0.96546
0.76453
0.83186
0.65766
0.48558
0.4305
0.42333
0.4145
0.4268
0.39923
0.50001
0.46425
0.51185
0.52713
0.42525
0.38375
0.55346
0.29474
0.31304
0.24741
0.29548
0.20327
0.20768
0.20111
0.20431
0.17825
0.19567
0.20351
0.34709
0.83736
0.92405
0.96045
0.97908
0.96757
0.97297
0.98191
0.97571
0.95353
0.93513
0.96124
0.97327
0.97137
0.96757
0.96964
0.96831
0.96636
0.94062
0.6349
0.56789
0.5175
0.46507
0.44368
0.4796
0.53846
0.8522
0.88916
0.79653
0.57269
0.4852
0.47261
0.44448
0.41168
0.38638
0.37371
0.39555
0.44649
0.56586
0.84445
0.80372
0.64073
0.78355
0.5063
0.47053
0.53898
0.88438
0.91306
0.93368
0.92678
0.9397
0.80724
0.7397
0.90071
0.96985
0.94237
0.92594
0.45953
0.35048
0.32359
0.32306
0.318
0.30572
0.29307
0.28923
0.30011
0.31487
0.33268
0.34731
0.29016
0.22175
0.49625
0.86842
0.89841
0.91677
0.91326
0.35054
0.29414
0.28421
0.27327
0.2844
0.28927
0.29002
0.26927
0.24758
0.21241
0.85049
0.88378
0.51615
0.67022
0.74938
0.74777
0.67246
0.76009
0.54142
0.76818
0.53388
0.38544
0.4171
0.40168
0.76594
0.74534
0.82046
0.64278
0.35746
0.32439
0.31169
0.26584
0.25584
0.23507
0.75219
0.766
0.87461
0.95095
0.95507
0.94525
0.94848
0.8285
0.59817
0.4702
0.39893
0.41661
0.36558
0.32746
0.32553
0.3147
0.30819
0.2973
0.30836
0.31286
0.3134
0.31695
0.33681
0.33462
0.36864
0.55217
0.59041
0.86932
0.41782
0.4577
0.32395
0.36385
0.76776
0.7537
0.80437
0.79592
0.82199
0.90568
0.72495
0.55807
0.45954
0.43539
0.44136
0.43614
0.38737
0.408
0.3848
0.34974
0.40459
0.60907
0.82314
0.91649
0.8402
0.77976
0.76978
0.77456
0.77616
0.86813
0.63699
0.808
0.75725
0.91368
0.67425
0.46619
0.40225
0.38001
0.36337
0.42265
0.6051
0.8959
0.85587
0.86345
0.87379
0.57432
0.46463
0.55141
0.5699
0.55586
0.61267
0.51874
0.46688
0.39336
0.37839
0.48025
0.68319
0.84515
0.8539
0.83185
0.74731
0.73099
0.76601
0.79932
0.69788
0.54584
0.44589
0.38972
0.37608
0.30183
0.25658
0.26841
0.26482
0.24144
0.23043
0.16213
0.17454
0.19173
0.37619
0.57237
0.67402
0.68996
0.61751
0.66007
0.72498
0.72336
0.72449
0.69488
0.69913
0.7371
0.76674
0.77442
0.76916
0.72645
0.82274
0.76306
0.59257
0.66539
0.64546
0.44126
0.38622
0.35368
0.471
0.64669
0.74136
0.89801
0.84508
0.86484
0.80051
0.71935
0.69986
0.64348
0.72957
0.81136
0.79975
0.77743
0.72104
0.81074
0.93505
0.94454
0.94172
0.95565
