0.90925
0.91017
0.89696
0.70036
0.5753
0.52805
0.492
0.46503
0.41792
0.3628
0.31835
0.28437
0.29831
0.31068
0.30742
0.32191
0.33332
0.30226
0.31212
0.25762
0.22485
0.22107
0.25634
0.33909
0.3306
0.4152
0.40846
0.3987
0.44259
0.48791
0.52943
0.51063
0.68013
0.77434
0.72427
0.76117
0.69613
0.78139
0.89269
0.79814
0.75951
0.72155
0.72391
0.69376
0.62657
0.62263
0.28847
0.22432
0.24289
0.17023
0.16898
0.13445
0.24007
0.45104
0.45634
0.37899
0.29322
0.67556
0.69928
0.70135
0.66974
0.63942
0.84208
0.63959
0.52912
0.50248
0.51659
0.65153
0.65958
0.4709
0.36847
0.53068
0.72399
0.59041
0.65196
0.67854
0.63747
0.57598
0.512
0.39831
0.51824
0.36583
0.47283
0.43204
0.41701
0.39718
0.65098
0.43414
0.24066
0.22134
0.16606
0.17709
0.38262
0.58075
0.87011
0.89159
0.89295
0.89078
0.81592
0.64627
0.8687
0.94022
0.97198
0.98074
0.98746
0.98836
0.98992
0.99956
0.9801
0.96286
0.97679
0.9899
0.98876
0.98126
0.97036
0.93148
0.81358
0.36747
0.34968
0.36865
0.39697
0.3299
0.29606
0.31442
0.4225
0.30351
0.30519
0.33292
0.33057
0.3651
0.37454
0.31887
0.28873
0.39395
0.51074
0.34799
0.38066
0.47885
0.47783
0.47886
0.50776
0.56598
0.65327
0.84498
0.88899
0.89681
0.86645
0.76934
0.71665
0.66119
0.78872
0.88468
0.95251
0.97133
0.97467
0.98785
0.99736
0.99295
0.93047
0.46812
0.3543
0.37682
0.35535
0.3382
0.25925
0.22559
0.22358
0.89591
0.957
0.98413
0.85871
0.68609
0.52909
0.36666
0.22436
0.25527
0.35413
0.52467
0.79581
0.9317
0.95982
0.96612
0.98921
0.99335
0.97776
0.98891
1.0004
0.99705
0.99538
0.9857
0.9673
0.96143
0.71539
0.35945
0.33362
0.32329
0.31393
0.3156
0.30486
0.29645
0.29048
0.29526
0.28828
0.29485
0.32153
0.35878
0.36687
0.36487
0.36486
0.26684
0.19877
0.18815
0.82188
0.8801
0.88533
0.86319
0.75073
0.35308
0.30329
0.29133
0.28588
0.28724
0.29967
0.30957
0.36994
0.82201
0.85118
0.84647
0.8633
0.84009
0.82503
0.79485
0.65917
0.80898
0.82082
0.83822
0.86513
0.86378
0.86168
0.85706
0.81033
0.78042
0.72372
0.71212
0.62632
0.57678
0.60747
0.54736
0.47278
0.40819
0.4107
0.33242
0.31105
0.38639
0.84667
0.8779
0.88319
0.89332
0.85653
0.60438
0.51428
0.56326
0.62094
0.64039
0.57295
0.48858
0.43759
0.40187
0.38449
0.34486
0.30111
0.27254
0.26406
0.37481
0.61539
0.38018
0.5461
0.68359
0.77092
0.73545
0.72141
0.6234
0.69012
0.7909
0.68739
0.89975
0.78525
0.86218
0.88558
0.90625
0.91407
0.90688
0.9212
0.91828
0.91348
0.68643
0.83145
0.755
0.71914
0.74644
0.74605
0.60823
0.6696
0.79267
0.91746
0.83034
0.67572
0.65856
0.81015
0.70691
0.6341
0.79672
0.90588
0.91398
0.74571
0.90391
0.7476
0.69517
0.68711
0.64959
0.66127
0.62354
0.67316
0.71829
0.67352
0.881
0.90938
0.83306
0.65424
0.64092
0.60503
0.55411
0.71524
0.53956
0.39276
0.35065
0.31213
0.29049
0.33938
0.32838
0.56537
0.79306
0.68142
0.75913
0.61708
0.51228
0.84887
0.87676
0.88566
0.88147
0.72496
0.6749
0.63834
0.60884
0.52192
0.53932
0.50214
0.47702
0.48913
0.64609
0.39164
0.30623
0.44604
0.30215
0.35418
0.32017
0.26468
0.2563
0.36843
0.83044
0.85186
0.90281
0.79053
0.67114
0.68211
0.61385
0.57912
0.40415
0.33685
0.31904
0.30307
0.23656
0.25243
0.2753
0.2056
0.22025
0.2435
0.2078
0.22424
0.19127
0.18099
0.23897
0.39914
0.41287
0.38266
0.75067
0.65783
0.66291
0.75474
0.72924
0.65862
0.86205
0.76608
0.7817
0.80755
0.64448
0.57041
0.53119
0.53664
0.51477
0.59434
0.82328
0.56988
0.58839
0.54795
0.5981
0.63298
0.4936
0.81606
0.69109
0.73028
0.60412
0.53343
0.43602
0.52891
0.50712
0.43835
0.33857
0.3689
0.30852
0.26255
0.22439
0.19356
0.17773
0.21993
0.2815
0.32876
0.33399
0.58443
0.6217
0.42416
0.51217
0.68055
0.70301
0.66038
0.61201
0.56708
0.53326
0.59571
0.42695
0.38608
0.41456
0.40725
0.4248
0.27902
0.27233
0.2959
0.35152
0.33917
0.28212
0.28568
0.36805
0.4265
0.32968
0.66056
0.77423
0.64321
0.87005
0.91202
0.91752
0.92283
0.72472
0.91324
0.92367
0.92514
0.91782
0.93382
0.91016
0.732
0.45958
0.42623
0.41497
0.37462
0.37594
0.43859
0.39547
0.44183
0.53008
0.60616
0.70486
0.75118
0.88748
0.90224
0.78331
0.61205
0.64857
0.72298
0.74438
0.82735
0.87074
0.86606
0.87677
0.88687
0.88574
0.89425
0.89967
0.88415
0.70336
0.89116
0.35923
0.33542
0.31788
0.30505
0.30132
0.29716
0.29299
0.30213
0.2994
0.2904
0.2829
0.29161
0.21808
0.23631
0.47401
0.81542
0.54562
0.43529
0.35629
0.37986
0.58431
0.59463
0.72735
0.86142
0.88639
0.89164
0.89139
0.89073
0.89546
0.89328
0.89195
0.89666
0.87878
0.86589
0.80358
0.79558
0.77008
0.76251
0.7752
0.90911
0.92719
0.9237
0.92419
0.91983
0.91786
0.91777
0.90031
0.88507
0.89065
0.90721
0.91507
0.90958
0.91106
0.91492
0.88848
0.90949
0.90907
0.92092
0.92558
0.91001
0.64895
0.52643
0.47052
0.34373
0.30941
0.30946
0.32914
0.34032
0.32908
0.31995
0.3136
0.32063
0.32814
0.31633
0.30914
0.30584
0.29328
0.31141
0.2427
0.26216
0.30889
0.3008
0.30125
0.71783
0.90584
0.91387
0.92384
0.92959
0.94061
0.93273
0.92639
0.9186
0.84122
0.72488
0.78399
0.94324
0.94239
0.90967
0.93081
0.85448
0.4863
0.42878
0.47347
0.45075
0.69287
0.59345
0.64369
0.59013
0.49147
0.36237
0.35483
0.35195
0.35636
0.38943
0.40261
0.32852
0.29227
0.27641
0.27045
0.26043
0.24582
0.23684
0.23356
0.23224
0.23422
0.2418
0.24337
0.24529
0.23304
0.22333
0.22479
0.24736
0.26186
0.26139
0.27696
0.29519
0.28865
0.27894
0.27303
0.27834
0.2939
0.30198
0.3508
0.59035
0.57184
0.49505
0.50419
0.48808
0.43538
0.40358
0.38835
0.35577
0.32378
0.30515
0.29561
0.29201
0.27614
0.21669
0.21203
0.24661
0.36102
0.59225
0.67433
0.7176
0.72073
0.73722
0.80454
0.76498
0.77492
0.79275
0.85787
0.94426
0.93188
0.92515
0.93714
0.94872
0.96101
0.92359
0.85909
0.81322
0.86611
0.95989
0.96957
0.9874
0.98853
0.97942
0.97929
0.97661
0.98329
0.99725
0.98154
0.98387
0.9871
0.99508
0.66011
0.48603
0.42968
0.38799
0.4033
0.55239
0.62195
0.45992
0.36183
0.3838
0.34435
0.38541
0.40162
0.53981
0.76027
0.56616
0.33241
0.3103
0.29589
0.32418
0.33597
0.38458
0.45896
0.68096
0.41833
0.85453
0.78734
0.9131
0.91834
0.8417
0.93632
0.79082
0.47397
0.56482
0.84111
0.90517
0.93521
0.93664
0.93312
0.93011
0.92763
0.92001
0.86979
0.80685
0.82103
0.80472
0.78241
0.77101
0.79542
0.82725
0.8661
0.94477
0.95458
0.9585
0.95645
0.95042
0.94432
0.94219
0.93924
0.92966
0.94875
0.92646
0.91764
0.91071
0.81284
0.63524
0.52759
0.48582
0.41244
0.46352
0.68073
0.70659
0.6494
0.69079
0.93733
0.94574
0.93959
0.85015
0.85761
0.91775
0.94965
0.95786
0.95423
0.87347
0.64044
0.57759
0.40554
0.38994
0.38096
0.36384
0.36107
0.35503
0.35562
0.35631
0.34202
0.33103
0.32917
0.32926
0.3231
0.3314
0.341
0.3344
0.32233
0.31002
0.31741
0.34909
0.43953
0.45855
0.42023
0.4317
0.5989
0.67676
0.52383
0.43579
0.47512
0.4364
0.49876
0.5485
0.51178
0.4458
0.35354
0.31074
0.29744
0.44384
0.44198
0.41314
0.38399
0.36447
0.35315
0.35724
0.3416
0.32048
0.29689
0.37845
0.32034
0.37697
0.25895
0.37929
0.36553
0.32058
0.33988
0.46239
0.7888
0.89072
0.64824
0.60278
0.58105
0.52686
0.4971
0.53863
0.75439
0.84622
0.72072
0.73585
0.56724
0.39386
0.40707
0.60777
0.77021
0.80871
0.68266
0.49602
0.4383
0.42542
0.38331
0.46844
0.60616
0.63922
0.47125
0.36405
0.34107
0.32716
0.34978
0.49719
0.76069
0.93265
0.64068
0.33013
0.34395
0.40044
0.46679
0.60369
0.77999
0.8589
0.62819
0.49257
0.38352
0.31328
0.31113
0.36061
0.45916
0.56234
0.40728
0.3256
0.31669
0.29432
0.30923
0.52974
0.62624
0.64552
0.496
0.32858
0.27866
0.26658
0.33163
0.4196
0.43592
0.52655
0.42069
0.32188
0.28078
0.2486
0.29788
0.47839
0.70899
0.65924
0.57764
0.51986
0.56164
0.86672
0.942
0.96446
0.96904
0.96447
0.96583
0.97077
0.97102
0.95475
0.93619
0.88664
0.83742
0.86499
0.91536
0.91272
0.89977
0.88529
0.91597
0.94488
0.93866
0.93921
0.93674
0.93132
0.92531
0.91316
0.91676
0.93308
0.9464
0.95276
0.95455
0.92104
0.79965
0.74384
0.71875
0.97902
0.9971
0.95272
0.89909
0.68419
0.91857
0.7571
0.91514
0.84829
0.97629
0.87511
0.88121
0.71838
0.81714
0.73308
0.76416
0.98277
0.95734
0.98818
0.85694
0.91166
0.77305
0.92252
0.97747
0.9558
0.97324
0.97465
0.96819
0.89697
0.94076
0.96017
0.77474
0.93631
0.98598
0.94688
0.43664
0.40101
0.39517
0.38858
0.40723
0.8374
0.90263
0.95512
0.96939
0.86753
0.73441
0.7936
0.67891
0.97684
0.96337
0.99111
0.95212
0.82276
0.57809
0.48737
0.47344
0.87989
0.93895
0.98366
0.91269
0.54363
0.48329
0.50513
0.71103
0.91457
0.80367
0.75587
0.66019
0.5668
0.61103
0.51872
0.49898
0.57588
0.45518
0.40535
0.38257
0.3764
0.36856
0.36232
0.37072
0.38786
0.37827
0.34805
0.31289
0.2208
0.29614
0.93893
0.95016
0.97154
0.9767
0.98404
0.99037
1.0005
0.98876
0.9931
1
0.99721
1.0007
0.99976
0.99935
1.0005
0.99774
1.0009
0.99831
0.99906
1.0006
1.0008
1.0009
0.99795
0.99967
1.0004
0.99921
1.0004
0.99851
0.99272
0.99919
0.99774
0.97697
0.9538
0.90327
0.9982
0.9972
0.98882
0.90809
0.95143
0.9836
0.98399
0.99718
0.99786
0.99752
0.99849
0.99818
0.99714
0.9978
0.99377
0.99742
0.99751
0.9699
0.99985
0.9953
0.91796
0.61997
0.31468
0.31622
0.34468
0.33189
0.32122
0.33199
0.34384
0.29834
0.38498
0.58788
0.78469
0.99956
0.96005
0.97996
0.97122
0.89857
0.97504
0.98088
0.9941
0.99253
0.98713
0.98837
0.98784
0.98364
0.95785
0.91529
0.77598
0.75312
0.71241
0.70281
0.66176
0.665
0.6456
0.6949
0.73954
0.98683
0.99803
0.99485
0.92376
0.62291
0.61879
0.60266
0.91348
0.84826
0.97962
0.95227
0.89421
0.56033
0.56204
0.95016
0.97343
0.90163
0.94622
0.74315
0.53515
0.44811
0.42752
0.43369
0.67222
0.88213
0.87787
0.68971
0.47177
0.46528
0.43249
0.42344
0.58015
0.49872
0.49225
0.44596
0.34888
0.42333
0.40098
0.43281
0.44852
0.51354
0.45254
0.65903
0.44652
0.37969
0.39386
0.39691
0.43737
0.43735
0.3674
0.33666
0.34928
0.39361
0.40076
0.40916
0.42453
0.47441
0.64817
0.65471
0.47579
0.43039
0.43459
0.43034
0.44596
0.42901
0.41672
0.38049
0.35558
0.35311
0.3552
0.36577
0.42699
0.72943
0.64637
0.56391
0.48888
0.45205
0.46616
0.47824
0.47279
0.45529
0.48329
0.44499
0.47936
0.44878
0.47392
0.61877
0.59513
0.70766
0.90142
0.87459
0.89221
0.87831
0.90552
0.93157
0.99792
0.99517
0.9749
0.96313
0.95238
0.91446
0.89134
0.79761
0.972
0.871
0.88853
0.94759
0.90288
0.98065
0.99309
0.99811
0.99749
0.94658
0.91908
0.80475
0.77699
0.78007
0.77488
0.87544
0.76981
0.75543
0.74647
0.72073
0.69755
0.69924
0.71397
0.7386
0.77042
0.80862
0.79488
0.77018
0.74839
0.71582
0.59725
0.53679
0.50961
0.45863
0.42477
0.44506
0.42865
0.32276
0.35261
0.32568
0.40917
0.46038
0.46954
0.44916
0.54078
0.47916
0.47823
0.59449
0.56797
0.90398
0.5333
0.5427
0.37402
0.31645
0.30805
0.29764
0.4671
0.67107
0.70744
0.77011
0.7354
0.76569
0.62847
0.54054
0.60384
0.63457
0.56824
0.60571
0.54277
0.47749
0.43998
0.46064
0.62628
0.76118
0.63316
0.68559
0.51397
0.45145
0.44298
0.44031
0.44953
0.57727
0.65784
0.78654
0.61849
0.51138
0.62557
0.94361
0.99991
0.99914
0.99543
0.9986
0.94449
0.91533
0.69112
0.73741
0.78249
0.75264
0.77219
0.7648
0.60999
0.48564
0.4606
0.64555
0.6217
0.65994
0.6442
0.55663
0.40211
0.37164
0.31367
0.33645
0.34362
0.41106
0.45352
0.49076
0.47661
0.30374
0.21953
0.26088
0.54429
0.68117
0.78259
0.70481
0.47205
0.40294
0.37781
0.38265
0.5164
0.57587
0.5823
0.56503
0.40231
0.43168
0.41922
0.44247
0.5008
0.52166
0.48294
0.44532
0.34718
0.27914
0.26778
0.32205
0.47906
0.51261
0.48543
0.40254
0.28759
0.39559
0.39839
0.47574
0.63249
0.67172
0.54927
0.46246
0.38825
0.35172
0.34175
0.39557
0.52423
0.55962
0.51054
0.44283
0.46019
0.48217
0.46963
0.51939
0.54433
0.57011
0.56942
0.52958
0.45554
0.39402
0.40947
0.5024
0.5187
0.60981
0.53616
0.46669
0.40202
0.37868
0.38609
0.43975
0.48596
0.52177
0.50461
0.47003
0.39365
0.35297
0.40326
0.46351
0.5071
0.503
0.47946
0.4482
0.38659
0.34925
0.34631
0.36273
0.41318
0.41397
0.40363
0.39958
0.45408
0.48472
0.45546
0.53742
0.54333
0.67618
0.85349
0.84548
0.76843
0.80019
0.79964
0.80675
0.71452
0.65838
0.65073
0.66297
0.68617
0.74142
0.73488
0.78885
0.82059
0.79624
0.7641
0.7131
0.67885
0.63554
0.6065
0.59598
0.54837
0.51866
0.49042
0.4633
0.45632
0.46964
0.47027
0.43026
0.44092
0.43954
0.45519
0.4499
0.44605
0.48042
0.51738
0.54592
0.60852
0.62072
0.6151
0.60227
0.54878
0.47582
0.4562
0.5044
0.54404
0.52183
0.49252
0.45837
0.42718
0.39887
0.394
0.4372
0.4618
0.46924
0.45139
0.41391
0.38181
0.36532
0.37801
0.41307
0.48275
0.49295
0.55057
0.47495
0.48499
0.40417
0.42129
0.42987
0.36985
0.2975
0.2886
0.27614
0.25905
0.312
0.35797
0.26485
0.24519
0.21494
0.23069
0.3297
0.26085
0.29441
0.34199
0.37579
0.49195
0.71747
0.76564
0.76797
0.73131
0.8007
0.75813
0.87691
0.95828
0.96562
0.92418
0.81529
0.80173
0.63694
0.50579
0.66967
0.88027
0.90384
0.90489
0.66128
0.44702
0.44037
0.43463
0.43542
0.56647
0.63809
0.77429
0.73824
0.67534
0.63508
0.62367
0.57003
0.68619
0.69323
0.70562
0.52742
0.51119
0.47191
0.43224
0.5138
0.60121
0.72762
0.71431
0.6981
0.59201
0.54509
0.49307
0.50443
0.51343
0.51973
0.53186
0.58914
0.69704
0.73362
0.68524
0.41565
0.40285
0.36899
0.35956
0.40554
0.4182
0.39096
0.39099
0.37263
0.3613
0.36787
0.39504
0.40504
0.4261
0.44212
0.45529
0.45507
0.45568
0.45788
0.45688
0.47439
0.43425
0.38754
0.38453
0.41409
0.49081
0.48742
0.62525
0.51327
0.49879
0.4007
0.41767
0.44749
0.65099
0.71397
0.68587
0.66835
0.52125
0.51534
0.44661
0.43251
0.54585
0.61268
0.55927
0.53244
0.48339
0.53871
0.50861
0.53684
0.77064
0.79137
0.8564
0.75076
0.83523
0.86799
0.90406
0.9793
0.9994
0.9974
0.99745
1.0008
0.99744
0.99829
0.91242
0.8337
0.80689
0.80544
0.77169
0.64701
0.50328
0.43433
0.4207
0.40763
0.44909
0.45209
0.45064
0.43536
0.411
0.43299
0.44262
0.46345
0.45096
0.70961
0.76552
0.51567
0.42683
0.4082
0.38254
0.37907
0.37652
0.38356
0.42807
0.50261
0.55604
0.5644
0.5726
0.60108
0.65804
0.78082
0.85269
0.91951
0.96856
0.92113
0.90344
0.8442
0.83416
0.82019
0.69274
0.63292
0.56102
0.47772
0.40644
0.4184
0.49328
0.5395
0.69412
0.7448
0.75948
0.72662
0.61611
0.59127
0.59255
0.57203
0.5218
0.51723
0.53488
0.53702
0.52414
0.51657
0.54079
0.52115
0.52622
0.52742
0.50556
0.47357
0.4508
0.43424
0.42082
0.426
0.40602
0.40935
0.4135
0.42389
0.57726
0.65173
0.71438
0.8984
0.76761
0.50831
0.4672
0.50645
0.5101
0.46967
0.5178
0.58211
0.60998
0.63199
0.52818
0.45655
0.53352
0.66578
0.76669
0.80085
0.82544
0.82938
0.89761
0.95858
0.78489
0.73123
0.74433
0.78456
0.7304
0.68003
0.74532
0.76083
0.83426
0.85019
0.9775
0.95255
0.95344
0.94349
0.91079
0.90695
0.91955
0.92449
0.98016
0.95153
0.96822
0.93849
0.97879
0.98317
0.98945
0.96698
1.0004
0.98386
0.97358
0.87548
0.69149
0.67289
0.60547
0.69801
0.76058
0.75254
0.77985
0.82667
0.84105
0.82609
0.84985
0.85716
0.82635
0.70057
0.72122
0.63722
0.64979
0.71528
0.69329
0.67673
0.65231
0.74049
0.999
1.0002
0.67749
0.56912
0.50037
0.54806
0.70029
0.79781
0.674
0.6434
0.53871
0.53544
0.47518
0.5228
0.63241
0.64828
0.61325
0.60963
0.57055
0.49042
0.43708
0.40742
0.42013
0.46052
0.43743
0.43417
0.48126
0.48477
0.43124
0.44453
0.46191
0.45341
0.44718
0.43931
0.43595
0.44164
0.46795
0.49244
0.49172
0.49508
0.47946
0.49898
0.48948
0.45937
0.41593
0.34548
0.35218
0.39679
0.42448
0.39945
0.36083
0.33456
0.36926
0.47569
0.49435
0.48653
0.46414
0.44977
0.4576
0.48535
0.48152
0.5348
0.64899
0.7958
0.72948
0.69818
0.68662
0.67911
0.72771
0.92764
0.88921
0.88161
0.93709
0.9694
0.9353
0.69532
0.61034
0.63449
0.62958
0.64923
0.56994
0.51322
0.48638
0.55145
0.48576
0.49874
0.54177
0.64463
0.7745
0.97202
0.53126
0.47553
0.4415
0.42572
0.42994
0.41354
0.39359
0.39815
0.38471
0.38499
0.51484
0.59694
0.80012
0.74728
0.8378
0.67328
0.62693
0.51615
0.56463
0.58222
0.61503
0.72971
0.8579
0.7155
0.61991
0.47891
0.46037
0.48967
0.61577
0.79769
0.8749
0.66252
0.60372
0.64076
0.5338
0.48605
0.43886
0.47791
0.46743
0.46417
0.44322
0.43159
0.43623
0.44612
0.45928
0.44774
0.49726
0.53844
0.55404
0.55829
0.59315
0.52855
0.49869
0.48437
0.39109
0.29875
0.2555
0.33793
0.60267
0.60501
0.62505
0.70091
0.69466
0.71862
0.70328
0.7462
0.81662
0.88978
0.96916
0.98153
0.89065
0.85112
0.84535
0.75642
0.80033
0.81499
0.85596
0.82047
0.79985
0.76233
0.76669
0.79824
0.86735
0.89197
0.89929
0.90957
0.86082
0.79989
0.87687
0.85414
0.98017
0.97586
0.99951
0.69374
0.72277
0.60301
0.5525
0.5259
0.45644
0.44001
0.51597
0.56633
0.60897
0.44843
0.4369
0.41387
0.36737
0.35052
0.31398
0.3508
0.3467
0.33101
0.32591
0.35198
0.37256
0.36046
0.34923
0.40002
0.46938
0.35513
0.31818
0.30317
0.3165
0.33503
0.35929
0.4381
0.43887
0.5
0.50732
0.49392
0.50195
0.52224
0.636
0.68891
0.67442
0.61275
0.58293
0.61324
0.87049
0.93424
0.94723
0.88308
0.66005
0.49596
0.4876
0.49934
0.45594
0.46993
0.60903
0.66251
0.86235
0.80046
0.56582
0.47176
0.45968
0.40902
0.3775
0.5853
0.75776
0.96824
0.95686
0.96463
0.78324
0.55977
0.42212
0.41626
0.41902
0.41823
0.40254
0.40465
0.39992
0.37925
0.37056
0.36092
0.35197
0.33754
0.37277
0.40234
0.38393
0.3619
0.37229
0.36549
0.34962
0.33737
0.3231
0.2933
0.31462
0.31976
0.33002
0.34031
0.29055
0.2348
0.2243
0.21131
0.20598
0.19612
0.18606
0.21424
0.23333
0.46499
0.61245
0.68436
0.68842
0.68366
0.80843
0.85649
0.86231
0.91642
0.84322
0.69986
0.78041
0.76476
0.87665
0.94449
0.82519
0.86279
0.77366
0.71916
0.50918
0.49796
0.58986
0.7431
0.64829
0.5084
0.66659
0.84927
0.84701
0.74433
0.75398
0.70875
0.55503
0.51549
0.52879
0.50772
0.56793
0.59559
0.58283
0.5865
0.46666
0.3829
0.39112
0.37971
0.36094
0.38133
0.43046
0.44131
0.40397
0.41409
0.64677
0.85155
0.89535
0.96807
0.89841
0.96775
0.99553
0.98766
0.91929
0.98096
0.96721
0.98838
0.991
0.99034
0.91416
0.79975
0.70874
0.75476
0.73371
0.67363
0.57302
0.52346
0.93904
0.8487
0.94201
0.84025
0.793
0.9315
0.99912
0.99771
0.99849
0.99013
0.99707
0.99015
0.97185
0.96302
0.93264
0.90975
0.88983
0.85037
0.82895
0.71354
0.67109
0.62934
0.67763
0.67943
0.66089
0.62235
0.626
0.71875
0.86807
0.95206
0.89595
0.9542
0.90622
0.76183
0.61606
0.73649
0.64181
0.56633
0.77987
0.69236
0.50875
0.50653
0.40342
0.42293
0.33436
0.36299
0.35035
0.50725
0.50231
0.46525
0.39978
0.36224
0.37068
0.3815
0.35501
0.36988
0.35697
0.34504
0.3978
0.4357
0.38408
0.42663
0.81614
0.92511
0.87045
0.88901
0.84532
0.88297
0.95232
0.96258
0.97286
0.98737
0.96791
0.96953
0.94878
0.93486
0.6076
0.55771
0.50908
0.46553
0.44941
0.46468
0.39491
0.35434
0.33795
0.32602
0.31779
0.30709
0.31274
0.32781
0.27307
0.30561
0.60216
0.63917
0.46175
0.74405
0.63206
0.74409
0.61002
0.48891
0.45991
0.41266
0.3869
0.35417
0.32451
0.31974
0.32719
0.33586
0.35608
0.3598
0.36723
0.33978
0.29519
0.19916
0.18786
0.24432
0.67758
0.92306
0.93433
0.93632
0.90194
0.60658
0.51339
0.40394
0.82177
0.68374
0.6833
0.69293
0.72681
0.64277
0.67245
0.54914
0.80378
0.60417
0.59501
0.5951
0.62725
0.6494
0.5379
0.47037
0.48167
0.44924
0.53074
0.63187
0.50442
0.44625
0.39392
0.40838
0.37672
0.34519
0.38315
0.63803
0.7565
0.65528
0.84653
0.7047
0.47858
0.54309
0.43939
0.47737
0.34853
0.31773
0.38104
0.36587
0.30212
0.26799
0.28314
0.28412
0.29057
0.30517
0.30801
0.30301
0.298
0.29211
0.29394
0.29897
0.30575
0.32955
0.33565
0.35119
0.35377
0.38786
0.38693
0.34197
0.31794
0.31028
0.30865
0.31717
0.32636
0.306
0.32021
0.30267
0.30247
0.29067
0.26213
0.27483
0.2523
0.24531
0.24936
0.25318
0.23346
0.26042
0.25533
0.24655
0.25721
0.25953
0.38355
0.38451
0.47955
0.48988
0.4381
0.43016
0.31456
0.29567
0.79806
0.64687
0.85458
0.87798
0.91921
0.91817
0.88662
0.91926
0.91137
0.90181
0.89248
0.89211
0.88181
0.8659
0.81228
0.65647
0.82978
0.85832
0.73179
0.62105
0.51784
0.60655
0.60137
0.53141
0.45372
0.34445
0.37606
0.38351
0.47166
0.49924
0.55311
0.58502
0.54071
0.52942
0.39522
0.44201
0.34085
0.33739
0.36804
0.38694
0.4482
0.40763
0.35623
0.50891
0.62451
0.90509
0.92913
0.90002
0.76268
0.75078
0.84809
0.53797
0.41284
0.3514
0.35066
0.35293
0.35696
0.35445
0.35375
0.35644
0.38151
0.37997
0.37603
0.36224
0.36202
0.34203
0.33591
0.32895
0.3312
0.37297
0.38626
0.34388
0.34696
0.37718
0.42981
0.84831
0.88378
0.89841
0.76966
0.62681
0.59035
0.53978
0.38039
0.36997
0.34105
0.29601
0.27856
0.28691
0.3028
0.31659
0.31172
0.30016
0.34032
0.38694
0.35538
0.36585
0.36327
0.42905
0.357
0.34544
0.33567
0.33688
0.42289
0.42038
0.42339
0.418
0.41123
0.39653
0.38698
0.38223
0.41299
0.43574
0.46058
0.49743
0.47343
0.48385
0.48167
0.49666
0.43766
0.4369
0.42196
0.4289
0.37107
0.3494
0.35045
0.39665
0.45483
0.4001
0.3693
0.36241
0.3696
0.45366
0.3989
0.3923
0.34998
0.3084
0.34158
0.36755
0.28285
0.30807
0.38069
0.4242
0.37861
0.33385
0.29304
0.231
0.16641
0.37433
0.50228
0.41233
0.38979
0.39693
0.40017
0.41069
0.40312
0.40846
0.36173
0.48512
0.61973
0.91539
0.96709
0.96577
0.93074
0.72878
0.6223
0.51892
0.39157
0.35292
0.34477
0.33844
0.33104
0.32434
0.31987
0.33609
0.30732
0.29733
0.29898
0.31265
0.31698
0.31827
0.30812
0.3202
0.32646
0.323
0.3175
0.30959
0.3019
0.27422
0.26091
0.25968
0.24571
0.28011
0.23748
0.21923
0.23987
0.25623
0.23302
0.28088
0.5633
0.83719
0.92972
0.93102
0.79506
0.46627
0.49087
0.78149
0.71772
0.95198
0.93916
0.93729
0.92037
0.89867
0.89311
0.90508
0.89124
0.90016
0.86874
0.85954
0.90563
0.88004
0.86224
0.85366
0.74476
0.68417
0.67752
0.69202
0.7126
0.71364
0.89232
0.93731
0.94608
0.85902
0.95479
0.86319
0.94798
0.94217
0.94033
0.9443
0.94167
0.933
0.86466
0.75952
0.77386
0.80877
0.76298
0.74369
0.66154
0.58191
0.45551
0.58547
0.59971
0.60263
0.55185
0.5054
0.43999
0.82808
0.40222
0.3446
0.34977
0.36286
0.41128
0.44529
0.42168
0.37827
0.35199
0.35053
0.36712
0.38825
0.40264
0.40875
0.38483
0.37134
0.36544
0.34491
0.32012
0.30248
0.34895
0.42808
0.54172
0.59848
0.65762
0.74121
0.61183
0.65572
0.69757
0.51727
0.44668
0.41544
0.45157
0.45243
0.44535
0.4144
0.40948
0.38214
0.37651
0.3435
0.33693
0.33556
0.29323
0.26622
0.26746
0.29546
0.35332
0.35157
0.36048
0.49454
0.6353
0.71369
0.76914
0.81818
0.84425
0.8638
0.86278
0.89019
0.89839
0.92007
0.94002
0.93894
0.93947
0.93893
0.91815
0.80725
0.87857
0.7783
0.62715
0.59596
0.61589
0.83155
0.67111
0.6423
0.61816
0.57246
0.47466
0.47675
0.45981
0.46488
0.48126
0.55361
0.62283
0.75515
0.77876
0.46813
0.57045
0.68215
0.85048
0.79805
0.515
0.42176
0.41345
0.44292
0.45593
0.43327
0.39944
0.38572
0.36587
0.54199
0.45791
0.43183
0.38598
0.38882
0.38159
0.36928
0.32841
0.33106
0.34974
0.35501
0.38228
0.39627
0.41411
0.44253
0.44241
0.37794
0.38303
0.37511
0.33346
0.34762
0.39986
0.36945
0.63192
0.4459
0.37769
0.39898
0.77058
0.57617
0.4974
0.40368
0.30737
0.2943
0.31187
0.34499
0.34576
0.31487
0.31023
0.3133
0.27894
0.19962
0.41479
0.66297
0.44086
0.22339
0.2327
0.23686
0.3381
0.84898
0.8971
0.90946
0.77434
0.6658
0.7776
0.75709
0.73059
0.76022
0.76649
0.80702
0.85334
0.89491
0.89831
0.7967
0.57864
0.59326
0.67347
0.64506
0.68641
0.60121
0.65082
0.60067
0.5821
0.59742
0.73655
0.65724
0.61188
0.55654
0.55846
0.3585
0.43022
0.72978
0.7712
0.858
0.91655
0.9169
0.92141
0.6188
0.58004
0.65027
0.6282
0.46126
0.44335
0.40797
0.4143
0.43267
0.44889
0.43988
0.45052
0.44025
0.39852
0.39795
0.38493
0.3615
0.32336
0.28721
0.29919
0.28707
0.35513
0.47992
0.4102
0.39413
0.39921
0.44242
0.40973
0.34666
0.29685
0.23101
0.21526
0.20306
0.2023
0.28684
0.36381
0.3468
0.2654
0.22929
0.17751
0.16233
0.18413
0.23815
0.28113
0.26652
0.26898
0.22221
0.20984
0.19442
0.20672
0.21175
0.21198
0.21617
0.23626
0.2136
0.19447
0.18298
0.20396
0.2213
0.26601
0.26831
0.27067
0.21238
0.23371
0.19543
0.19
0.20408
0.2064
0.21341
0.28101
0.2366
0.23727
0.1892
0.17558
0.18645
0.2399
0.29767
0.23785
0.17732
0.14396
0.32027
0.65157
0.78004
0.61252
0.35436
0.48268
0.81904
0.69253
0.54948
0.46736
0.47855
0.49052
0.46294
0.42951
0.40767
0.41439
0.75162
0.74646
0.59584
0.47722
0.41416
0.36878
0.39769
0.41157
0.35104
0.35557
0.38084
