0.67662
0.77586
0.68483
0.54744
0.53351
0.6416
0.64664
0.56632
0.36775
0.35422
0.57877
0.65999
0.55255
0.35287
0.32131
0.33561
0.39791
0.17053
0.12359
0.1695
0.18573
0.17084
0.11789
0.099796
0.12996
0.15574
0.15922
0.15572
0.17199
0.2405
0.2208
0.43315
0.57663
0.45342
0.33995
0.33068
0.38024
0.34621
0.34015
0.32817
0.33345
0.33924
0.35234
0.42774
0.54198
0.51809
0.40516
0.38028
0.34582
0.33978
0.32696
0.35775
0.35314
0.3516
0.35985
0.33861
0.31977
0.31897
0.30862
0.30759
0.21472
0.27489
0.33319
0.35816
0.47197
0.58175
0.66354
0.60092
0.48956
0.76502
0.80928
0.69321
0.61723
0.51488
0.56096
0.60557
0.63959
0.5775
0.55359
0.56157
0.57025
0.6473
0.6044
0.61008
0.58532
0.55321
0.78414
0.85503
0.88493
0.91303
0.90784
0.83076
0.58366
0.82485
0.65375
0.6274
0.71986
0.74873
0.73249
0.71246
0.82974
0.93883
0.95748
0.9602
0.9403
0.7689
0.61926
0.60403
0.67103
0.81071
0.90387
0.94245
0.93719
0.79922
0.62649
0.63058
0.6992
0.73128
0.66562
0.66393
0.68946
0.76688
0.83811
0.91489
0.92412
0.93017
0.95069
0.94614
0.94824
0.93973
0.93746
0.93346
0.91639
0.90596
0.92072
0.92121
0.91405
0.87281
0.56718
0.48268
0.36178
0.31441
0.28745
0.26348
0.2705
0.29012
0.35618
0.33228
0.2504
0.18309
0.14462
0.11144
0.10799
0.17813
0.35687
0.73903
0.8794
0.93841
0.94927
0.94314
0.9254
0.78534
0.79077
0.94236
0.94188
0.94256
0.87467
0.428
0.3228
0.30815
0.29646
0.3237
0.20564
0.10544
0.12269
0.87425
0.92382
0.93114
0.90562
0.90983
0.9322
0.96816
0.96254
0.94448
0.88484
0.77377
0.58161
0.44501
0.45047
0.38678
0.38352
0.78792
0.74661
0.81485
0.89662
0.90695
0.86413
0.88481
0.89549
0.95398
0.95121
0.94644
0.94362
0.9462
0.95011
0.93965
0.94239
0.95077
0.90479
0.88476
0.94972
0.93563
0.91979
0.92399
0.9273
0.93279
0.92865
0.79974
0.91252
0.8996
0.9095
0.90806
0.89956
0.86634
0.80405
0.60343
0.58887
0.6307
0.60309
0.86596
0.84753
0.89471
0.85365
0.78289
0.8717
0.56043
0.5051
0.3888
0.85193
0.91468
0.89993
0.89207
0.565
0.42547
0.84618
0.88019
0.85352
0.56873
0.4886
0.56718
0.79731
0.80388
0.8917
0.75246
0.79701
0.92159
0.95839
0.95346
0.92657
0.94854
0.90307
0.89461
0.89796
0.89894
0.89587
0.89421
0.893
0.88658
0.88494
0.85186
0.72665
0.54403
0.82368
0.85696
0.86341
0.71087
0.57203
0.64534
0.516
0.63886
0.85638
0.86931
0.75608
0.81504
0.80243
0.78968
0.84782
0.82409
0.66592
0.48124
0.61706
0.81812
0.65706
0.73524
0.75583
0.59033
0.53635
0.49139
0.40679
0.44155
0.60488
0.428
0.49757
0.47252
0.5027
0.92715
0.95143
0.96347
0.96998
0.97772
0.9675
0.96167
0.9379
0.96235
0.9601
0.94123
0.95487
0.95326
0.86189
0.81922
0.75144
0.7064
0.68825
0.67684
0.65416
0.63165
0.64598
0.67081
0.56751
0.79741
0.87049
0.7197
0.70284
0.85456
0.9224
0.93508
0.92903
0.9249
0.92505
0.91101
0.94238
0.94419
0.94421
0.92351
0.8396
0.88155
0.59807
0.52285
0.49447
0.41534
0.32369
0.27856
0.27181
0.28217
0.2712
0.2951
0.31228
0.38495
0.38325
0.35415
0.6935
0.84346
0.88574
0.93726
0.95964
0.95801
0.94585
0.93699
0.80492
0.70397
0.79094
0.70092
0.57747
0.54226
0.50159
0.5262
0.63387
0.85235
0.90284
0.92613
0.93198
0.93063
0.82218
0.71748
0.68653
0.72003
0.72142
0.73148
0.90769
0.9254
0.91623
0.6352
0.56976
0.62896
0.73525
0.90431
0.90506
0.76438
0.79256
0.77799
0.6396
0.66725
0.66526
0.63686
0.64511
0.61582
0.6273
0.59973
0.60825
0.59438
0.59086
0.66481
0.61473
0.5343
0.48943
0.38819
0.338
0.32001
0.28716
0.30573
0.29054
0.27982
0.30473
0.28173
0.23931
0.21651
0.19689
0.15009
0.11639
0.11659
0.12128
0.12985
0.16471
0.38691
0.81711
0.84948
0.73834
0.70912
0.80184
0.72536
0.69479
0.69782
0.46516
0.37303
0.52963
0.63377
0.6348
0.68544
0.67256
0.84672
0.8572
0.85742
0.94345
0.92599
0.94584
0.95052
0.96257
0.94834
0.92313
0.91793
0.91443
0.90799
0.90861
0.90799
0.90809
0.90916
0.85027
0.7792
0.67402
0.71658
0.89369
0.92562
0.84379
0.72842
0.78664
0.74329
0.68145
0.67684
0.66906
0.67413
0.67162
0.67675
0.69332
0.68496
0.75144
0.75114
0.6937
0.74815
0.76102
0.82049
0.85076
0.82376
0.76608
0.74687
0.75503
0.55026
0.67763
0.65535
0.63928
0.62077
0.64382
0.65781
0.6513
0.64828
0.62311
0.74136
0.78674
0.81834
0.91255
0.6079
0.75307
0.94081
0.94123
0.94464
0.95438
0.93112
0.89409
0.79665
0.66107
0.38561
0.45606
0.42566
0.40154
0.384
0.3789
0.36248
0.35926
0.35991
0.35501
0.30978
0.28491
0.37257
0.46174
0.68453
0.65045
0.64846
0.60583
0.51651
0.68134
0.57977
0.37413
0.4025
0.31085
0.2866
0.27098
0.26546
0.2433
0.20383
0.2081
0.29159
0.28103
0.2667
0.25459
0.25078
0.30639
0.31985
0.30632
0.25298
0.27336
0.42695
0.50308
0.69336
0.77568
0.47863
0.53212
0.48949
0.44826
0.42005
0.37686
0.37826
0.4809
0.49504
0.47694
0.47243
0.87222
0.55895
0.48135
0.42053
0.36362
0.31626
0.31144
0.3365
0.31284
0.42678
0.50457
0.54907
0.44412
0.428
0.66747
0.60357
0.46671
0.5577
0.65279
0.59735
0.49139
0.41348
0.37185
0.37277
0.31301
0.27678
0.33429
0.31445
0.31735
0.34898
0.38157
0.37325
0.25593
0.24298
0.28507
0.29397
0.23169
0.30096
0.36581
0.36035
0.39191
0.40094
0.37573
0.37417
0.34667
0.37538
0.41729
0.3811
0.33005
0.32151
0.31318
0.31252
0.30154
0.33447
0.36665
0.40602
0.35847
0.29121
0.20461
0.16879
0.24632
0.81286
0.83738
0.93951
0.94355
0.94538
0.95502
0.96405
0.96462
0.96486
0.96442
0.94992
0.95013
0.97061
0.96076
0.95496
0.9485
0.94968
0.93429
0.94585
0.93963
0.89697
0.66372
0.51949
0.49069
0.45765
0.489
0.93508
0.8972
0.69577
0.70805
0.78042
0.8365
0.93097
0.93267
0.93048
0.93304
0.92636
0.92414
0.64277
0.57429
0.49373
0.41467
0.35771
0.32229
0.31721
0.32926
0.35241
0.35852
0.32658
0.30841
0.30293
0.30337
0.316
0.34409
0.35175
0.33739
0.33309
0.4017
0.31339
0.29048
0.31183
0.32387
0.35718
0.40001
0.39275
0.37968
0.46658
0.47569
0.4414
0.49508
0.45205
0.40984
0.40174
0.45976
0.85824
0.92563
0.88577
0.89652
0.90609
0.95102
0.95483
0.94236
0.95918
0.94717
0.92111
0.92933
0.86028
0.57544
0.56829
0.60344
0.68158
0.59941
0.49389
0.92264
0.92549
0.92507
0.67406
0.39052
0.40201
0.44088
0.84062
0.66355
0.48049
0.4258
0.41216
0.42741
0.67626
0.84629
0.85816
0.67927
0.85497
0.8793
0.86847
0.6612
0.74581
0.65826
0.71214
0.66349
0.64267
0.7064
0.69408
0.65222
0.68797
0.71363
0.75435
0.73452
0.62631
0.79138
0.80459
0.86132
0.93191
0.91061
0.49854
0.3653
0.3191
0.3078
0.33357
0.37665
0.39823
0.61202
0.2567
0.23028
0.21034
0.23193
0.30022
0.60737
0.66009
0.77008
0.89107
0.48485
0.33282
0.32983
0.33885
0.48212
0.61961
0.42223
0.21943
0.17798
0.16196
0.21266
0.24424
0.34185
0.3879
0.30314
0.24254
0.27537
0.31962
0.35425
0.38954
0.48641
0.5923
0.79437
0.64877
0.28891
0.3556
0.36296
0.44552
0.55451
0.54542
0.63396
0.50717
0.36668
0.39554
0.58285
0.59883
0.5686
0.6631
0.58816
0.60155
0.44136
0.40504
0.38095
0.35867
0.33954
0.335
0.33019
0.31435
0.2934
0.22193
0.13191
0.45504
0.46788
0.49559
0.49722
0.4085
0.67673
0.92186
0.9289
0.95463
0.98642
0.99103
0.98001
0.79843
0.54396
0.43165
0.46099
0.44937
0.43455
0.33612
0.33664
0.34732
0.34521
0.33996
0.44269
0.49714
0.62806
0.79862
0.88657
0.95976
0.82616
0.49397
0.43099
0.39424
0.37901
0.37383
0.36366
0.36753
0.36575
0.36389
0.36436
0.34596
0.39161
0.46348
0.5653
0.41579
0.30277
0.54055
0.84783
0.95139
0.88991
0.87608
0.93671
0.58551
0.57164
0.4014
0.33397
0.33524
0.35637
0.36831
0.39376
0.44648
0.4472
0.41345
0.39352
0.40894
0.86595
0.73019
0.65428
0.37931
0.23419
0.24456
0.29008
0.41486
0.43295
0.66995
0.62721
0.60891
0.4039
0.39903
0.55633
0.78515
0.9037
0.89463
0.93821
0.90863
0.85393
0.61309
0.49659
0.41808
0.55752
0.49405
0.49186
0.43995
0.42297
0.41714
0.42058
0.39777
0.39404
0.42253
0.34559
0.26919
0.25131
0.19615
0.19479
0.23193
0.32841
0.42029
0.49407
0.30083
0.24747
0.24603
0.24937
0.2625
0.42205
0.57659
0.68574
0.60416
0.44456
0.2972
0.31503
0.34647
0.46517
0.58416
0.63362
0.33246
0.31779
0.28078
0.23855
0.33516
0.49444
0.89113
0.97105
0.98803
0.97417
0.96157
0.68406
0.61594
0.80816
0.66778
0.60279
0.34101
0.27324
0.35909
0.35883
0.51965
0.92998
1.0003
0.99785
0.99978
0.99724
0.99744
0.98499
0.99889
0.99948
0.99839
0.998
0.99774
0.99996
0.98449
0.78123
0.50208
0.4321
0.5603
0.78445
0.69504
0.94323
0.98127
0.99222
0.99428
0.99396
0.98937
0.98748
0.98129
0.95522
0.94131
0.94101
0.9528
0.97904
0.98534
0.99848
0.9649
0.89678
0.93722
0.9775
0.97978
0.98577
0.98934
0.97529
0.96553
0.95768
0.9493
0.94466
0.9311
0.93773
0.93694
0.95204
0.94804
0.93978
0.93683
0.93736
0.93628
0.93451
0.94434
0.95851
0.93954
0.91932
0.92461
0.91381
0.83626
0.87138
0.95199
0.95254
0.93355
0.91882
0.89364
0.81475
0.8539
0.93812
0.93543
0.94851
0.94581
0.94912
0.81302
0.6102
0.69309
0.93749
0.95715
0.97124
0.94793
0.75971
0.7437
0.73429
0.8798
0.96565
0.954
0.90109
0.87265
0.91454
0.97849
0.99979
0.99759
0.99899
0.99769
0.97344
0.98996
0.96828
0.98363
0.99945
0.99109
0.97016
0.96955
0.97782
0.95645
0.94364
0.71414
0.61791
0.82214
0.90849
0.94269
0.99048
0.82423
0.45114
0.41484
0.44348
0.64658
0.95065
0.98795
0.98959
0.97143
0.95642
0.74651
0.65504
0.80271
0.8925
0.95011
0.96194
0.93557
0.73916
0.54219
0.44702
0.45544
0.85983
0.94691
0.97387
0.94475
0.90779
0.73664
0.65061
0.7338
0.92579
0.95944
0.94545
0.95657
0.9356
0.80857
0.61263
0.63112
0.79905
0.83078
0.73805
0.73064
0.47617
0.44264
0.36765
0.52316
0.76369
0.99685
0.9986
0.98617
0.97831
0.98027
0.99918
0.99872
0.99859
0.99753
0.99758
0.99795
1.0004
0.99925
0.99222
0.99473
0.99711
0.99495
0.99549
0.95387
0.82347
0.88695
0.73932
0.98644
0.99408
0.96849
0.97699
0.97373
0.97749
0.96644
0.86093
0.96656
0.98047
0.98075
0.99586
1.0003
0.99819
1
0.99753
0.99946
0.98953
0.97581
0.94367
0.91135
0.75207
0.54545
0.53292
0.50332
0.61185
0.71553
0.69652
0.51334
0.33811
0.29475
0.36425
0.44441
0.55419
0.48495
0.46691
0.3429
0.27704
0.24884
0.26247
0.25595
0.36841
0.35216
0.31599
0.2922
0.27055
0.24162
0.25568
0.31644
0.4399
0.4961
0.52948
0.39038
0.25645
0.22921
0.24909
0.32346
0.50753
0.47642
0.51216
0.48409
0.46764
0.45794
0.43214
0.46738
0.61135
0.60019
0.55254
0.52489
0.51808
0.42866
0.36716
0.39788
0.45603
0.47734
0.45429
0.44533
0.425
0.4099
0.43852
0.62633
0.96653
0.99818
0.99991
0.99946
0.99018
0.95251
0.9892
0.99616
0.97814
0.97225
0.92019
0.88569
0.82608
0.79362
0.76608
0.94817
0.99742
0.99808
0.99844
0.99057
0.98346
0.97143
0.98175
0.98069
0.97904
0.96559
0.85296
0.79573
0.733
0.67979
0.67997
0.82174
0.99502
0.99713
0.99774
0.98099
0.99543
0.9905
0.99106
0.96818
0.98112
0.97344
0.97677
0.96846
0.95001
0.93459
0.71579
0.9299
0.97896
0.98048
0.98045
0.80476
0.74797
0.60194
0.50467
0.51545
0.61404
0.81683
0.88804
0.82349
0.59382
0.46993
0.39139
0.50194
0.78825
0.96859
0.81773
0.66255
0.51873
0.40399
0.4298
0.44833
0.75008
0.78651
0.69746
0.62197
0.54346
0.47099
0.48079
0.51854
0.58556
0.61196
0.59615
0.5481
0.4702
0.46243
0.43183
0.49835
0.58873
0.69049
0.58551
0.4396
0.4516
0.46721
0.48133
0.48517
0.53004
0.56687
0.49359
0.60336
0.65219
0.55814
0.55691
0.62871
0.64652
0.70814
0.74299
0.69726
0.67662
0.66657
0.68108
0.73243
0.73174
0.70443
0.65164
0.61345
0.52817
0.47115
0.47863
0.57424
0.64959
0.71809
0.73819
0.69462
0.66749
0.59792
0.55102
0.52647
0.59664
0.72084
0.74579
0.72754
0.63246
0.54871
0.52681
0.56669
0.65031
0.7129
0.72483
0.67324
0.59395
0.5299
0.53781
0.63386
0.7597
0.90836
0.9299
0.89571
0.80065
0.67406
0.49994
0.48727
0.59522
0.69663
0.66017
0.59603
0.53229
0.48366
0.45158
0.51741
0.6087
0.61766
0.61088
0.56394
0.45479
0.37764
0.50809
0.51997
0.53123
0.52288
0.52064
0.51364
0.51365
0.4867
0.42573
0.39009
0.41654
0.49814
0.55875
0.56003
0.49372
0.45882
0.46753
0.44486
0.46703
0.48758
0.43904
0.3879
0.2634
0.20799
0.26879
0.25493
0.31416
0.47917
0.50919
0.48757
0.49197
0.50428
0.47523
0.47908
0.48716
0.48306
0.48073
0.49058
0.49623
0.49223
0.46878
0.36808
0.45374
0.40467
0.3949
0.39064
0.35099
0.35155
0.38648
0.48309
0.507
0.72799
0.73563
0.99629
0.98537
1.0006
1.0008
0.99767
0.99781
0.99705
0.99876
0.99744
0.99692
1.0002
0.82286
0.94116
0.90906
0.8794
0.86713
0.86414
0.72829
0.58467
0.52169
0.63287
0.56974
0.60459
0.5638
0.71229
0.78401
0.92861
0.99122
0.99762
0.9976
0.98264
0.86054
0.73602
0.68597
0.5564
0.51045
0.52487
0.60724
0.53945
0.71635
0.73283
0.85133
0.86297
0.82227
0.7884
0.7824
0.75163
0.79283
0.85243
0.95672
0.94007
0.81004
0.72443
0.66933
0.64005
0.62224
0.75164
0.67869
0.69037
0.71337
0.76601
0.76221
0.84986
0.77343
0.80491
0.9173
0.90456
0.86348
0.77323
0.75409
0.71574
0.66725
0.63792
0.63531
0.63754
0.56322
0.53281
0.53081
0.52169
0.55623
0.52517
0.52902
0.52327
0.59714
0.70281
0.62781
0.60075
0.61956
0.67185
0.64093
0.60975
0.5864
0.63799
0.73292
0.76774
0.80978
0.79765
0.80788
0.75282
0.71592
0.68958
0.63973
0.67486
0.70681
0.66406
0.63451
0.5742
0.54027
0.60106
0.64025
0.73325
0.76081
0.69566
0.57938
0.5601
0.52222
0.56801
0.59474
0.53305
0.51578
0.4828
0.47899
0.48088
0.47364
0.51251
0.597
0.62463
0.61577
0.58188
0.54691
0.46336
0.4146
0.44577
0.52987
0.57448
0.57304
0.56028
0.49605
0.49374
0.53199
0.55547
0.54586
0.5895
0.61771
0.57531
0.51121
0.44522
0.43378
0.49583
0.59344
0.67932
0.68412
0.63355
0.59671
0.48263
0.46754
0.51769
0.6378
0.63551
0.59226
0.60057
0.61912
0.61936
0.61105
0.59224
0.71897
0.75979
0.76884
0.74839
0.70412
0.67979
0.67123
0.71625
0.72467
0.75724
0.77249
0.89082
0.60374
0.55571
0.57031
0.53807
0.53721
0.55691
0.70065
0.5545
0.51664
0.43012
0.38263
0.41997
0.4628
0.52782
0.45583
0.60415
0.59407
0.43288
0.38947
0.44822
0.70034
0.79535
0.83597
0.79932
0.69199
0.61523
0.62761
0.78585
0.93099
0.99464
0.99968
0.99751
0.99821
1.0005
0.99719
1.0003
0.99852
0.99897
0.96846
0.87484
0.81469
0.81807
0.7935
0.74108
0.75441
0.74623
0.77672
0.69746
0.70805
0.73946
0.76082
0.67264
0.68715
0.66662
0.61211
0.56667
0.4781
0.45538
0.43927
0.46221
0.59555
0.62484
0.64109
0.65398
0.63791
0.58708
0.55668
0.55483
0.568
0.60817
0.59163
0.55412
0.53691
0.53495
0.56957
0.59037
0.65255
0.55576
0.69385
0.69519
0.66008
0.6863
0.7746
0.80089
0.94863
0.9928
1.0017
0.96617
0.92741
0.95438
0.96811
0.96944
0.9799
0.94593
0.84803
0.86492
0.81638
0.73606
0.86591
0.93945
0.89125
0.83628
0.85769
0.78704
0.77542
0.65407
0.64794
0.65854
0.88088
0.72232
0.78756
0.59303
0.63156
0.6401
0.58167
0.66553
0.67858
0.78154
0.73331
0.68301
0.57415
0.43625
0.4159
0.51808
0.63488
0.73479
0.80172
0.73223
0.67797
0.63865
0.5628
0.49475
0.56594
0.63878
0.70931
0.45882
0.43705
0.44952
0.44023
0.47757
0.54618
0.70882
0.98468
0.72266
0.68409
0.67517
0.65095
0.87155
0.84365
0.90294
0.86604
0.85778
0.80855
0.88724
0.84363
0.88792
0.86432
0.97438
0.98104
0.90015
0.85928
0.58854
0.51402
0.56645
0.71312
0.75439
0.78795
0.81436
0.79318
0.77523
0.76964
0.84569
0.95511
0.99947
0.99999
0.99803
0.99964
0.97441
0.989
0.92265
0.65829
0.8068
0.75059
0.87152
0.78006
0.82802
0.91116
0.98577
0.95153
0.90081
0.77886
0.73998
0.67521
0.78466
0.81445
0.76046
0.72389
0.66865
0.67672
0.65656
0.6209
0.58097
0.49415
0.51427
0.45661
0.42334
0.43049
0.44502
0.42025
0.40997
0.4189
0.41416
0.41694
0.43356
0.43961
0.46551
0.47425
0.47656
0.47963
0.44905
0.46135
0.47644
0.47079
0.44066
0.41464
0.39396
0.37739
0.38946
0.39833
0.40714
0.41508
0.40776
0.3864
0.31457
0.19093
0.23535
0.88335
0.99234
0.99746
0.99861
0.99706
0.96614
0.93451
0.85215
0.82423
0.94368
0.92411
0.87153
0.82069
0.79734
0.73348
0.61528
0.5201
0.4779
0.4302
0.38091
0.33014
0.36063
0.41111
0.41757
0.42618
0.45027
0.36647
0.2637
0.27577
0.45583
0.42552
0.39689
0.37933
0.37488
0.35928
0.37478
0.37505
0.35409
0.34959
0.36166
0.367
0.36884
0.3853
0.38494
0.27684
0.23938
0.24896
0.24076
0.24872
0.28685
0.30603
0.25035
0.2483
0.27459
0.27037
0.23372
0.25371
0.34346
0.51273
0.2343
0.18353
0.1941
0.19437
0.18747
0.22332
0.31649
0.32284
0.27477
0.2196
0.23274
0.24191
0.23427
0.31843
0.40732
0.40216
0.39478
0.44322
0.48062
0.55499
0.63121
0.70784
0.84476
0.89062
0.41777
0.39383
0.40675
0.40594
0.41627
0.40678
0.39414
0.37636
0.37961
0.29526
0.18816
0.14169
0.17058
0.22899
0.37564
0.39939
0.45239
0.6526
0.78394
0.98444
0.99205
0.99786
0.99854
1.0008
0.99951
0.99708
0.93147
0.70337
0.53347
0.55753
0.5713
0.57851
0.44693
0.43926
0.42485
0.40826
0.42026
0.43305
0.47796
0.56047
0.54521
0.56689
0.64456
0.55837
0.52913
0.63199
0.62605
0.59605
0.83517
0.57516
0.46655
0.42065
0.40289
0.43542
0.61589
0.72208
0.71333
0.65511
0.56326
0.63417
0.6762
0.72474
0.78713
0.76137
0.59093
0.49366
0.49711
0.45961
0.43743
0.40813
0.34204
0.32325
0.30257
0.40869
0.61996
0.67302
0.60157
0.45053
0.62796
0.58853
0.48348
0.46674
0.45854
0.46475
0.49354
0.52949
0.55491
0.58708
0.80894
0.81618
0.55984
0.57852
0.54498
0.51942
0.60097
0.64778
0.61562
0.48841
0.45571
0.42881
0.43342
0.59128
0.85201
0.96347
0.97502
0.94495
0.95124
0.97306
0.93834
0.96032
0.77343
0.84943
0.73207
0.86241
0.7903
0.84155
0.87287
0.90501
0.84503
0.98053
0.99943
0.93623
0.92549
0.91472
0.71121
0.90535
0.92959
0.63349
0.30482
0.27547
0.34272
0.41898
0.47197
0.46487
0.4895
0.45384
0.43129
0.48151
0.80871
0.92366
0.93881
0.85113
0.68085
0.60449
0.5735
0.45558
0.41679
0.36303
0.36098
0.3732
0.39395
0.40842
0.39988
0.39617
0.40811
0.41852
0.3862
0.36082
0.28901
0.414
0.78514
0.57997
0.4326
0.38305
0.39519
0.39485
0.42974
0.33091
0.30662
0.39308
0.32729
0.32681
0.28203
0.27728
0.29065
0.27252
0.25381
0.30754
0.35221
0.51661
0.95645
0.98827
0.98874
0.9598
0.86459
0.71779
0.74209
0.67636
0.69245
0.74689
0.83663
0.8188
0.63366
0.61588
0.59452
0.56708
0.48453
0.55084
0.95297
0.91369
0.76853
0.71814
0.57625
0.58728
0.79927
0.95253
0.9601
0.94977
0.89942
0.9384
0.86962
0.70508
0.78799
0.88719
0.92933
0.93524
0.92792
0.90124
0.91456
0.92927
0.88026
0.92506
0.94057
0.93559
0.6608
0.51209
0.57101
0.71193
0.8938
0.9189
0.93041
0.94983
0.95416
0.79915
0.63981
0.81127
0.8924
0.92784
0.9288
0.85697
0.47948
0.43433
0.44349
0.44533
0.38541
0.33966
0.46576
0.35688
0.41335
0.37036
0.31429
0.32231
0.35299
0.33484
0.33035
0.33823
0.32802
0.39784
0.4338
0.81037
0.8227
0.68262
0.60603
0.58252
0.51497
0.442
0.42618
0.38211
0.38311
0.3985
0.40208
0.40569
0.40721
0.41067
0.42683
0.47549
0.38544
0.34945
0.34478
0.40255
0.35882
0.32822
0.33652
0.33747
0.5059
0.91957
0.95136
0.95751
0.95958
0.96231
0.96256
0.9224
0.76224
0.68017
0.65195
0.51508
0.42401
0.4464
0.40874
0.39288
0.38883
0.37387
0.37522
0.37691
0.38695
0.37565
0.36484
0.37249
0.40385
0.52071
0.50647
0.48448
0.45951
0.40063
0.40642
0.38701
0.38209
0.3784
0.37826
0.36652
0.36228
0.36582
0.35942
0.35943
0.36589
0.36723
0.38059
0.43142
0.48818
0.56109
0.58673
0.85451
0.87566
0.88627
0.6695
0.73614
0.57913
0.58672
0.67138
0.66631
0.62449
0.52504
0.4672
0.45892
0.38237
0.35272
0.34018
0.29542
0.30683
0.31124
0.30264
0.30604
0.34798
0.31869
0.24017
0.22057
0.22465
0.30255
0.36108
0.38045
0.3707
0.3503
0.3782
0.38533
0.80915
0.91535
0.82172
0.48449
0.39559
0.32773
0.28911
0.37147
0.4799
0.46092
0.46517
0.41803
0.42213
0.4649
0.44722
0.4117
0.44351
0.4507
0.51103
0.52613
0.55486
0.55151
0.55894
0.50363
0.44283
0.66295
0.95371
1.0007
0.99869
0.99737
0.99795
0.99595
0.98909
0.97001
0.96994
0.9937
0.99669
0.9833
0.98642
1.0016
1.0005
0.99754
0.99378
0.9848
0.98443
0.98096
0.85681
0.72228
0.59849
0.43521
0.41595
0.38354
0.3688
0.37243
0.40867
0.54352
0.65623
0.71523
0.75305
0.93361
0.83878
0.66679
0.62768
0.54341
0.6964
0.75536
0.88404
0.92622
0.89065
0.7825
0.65571
0.4444
0.35593
0.32104
0.30831
0.42781
0.52587
0.63602
0.60648
0.55477
0.57143
0.55472
0.60887
0.62648
0.67794
0.68004
0.95331
0.89851
0.72866
0.70577
0.75849
0.70387
0.61015
0.50517
0.47122
0.46937
0.46015
0.40171
0.42303
0.41694
0.41301
0.41811
0.49797
0.49207
0.40444
0.35854
0.39976
0.38868
0.38029
0.35058
0.36173
0.30328
0.30392
0.30922
0.30866
0.29916
0.30342
0.31235
0.35727
0.38939
0.46199
0.51956
0.5639
0.68877
0.79657
0.86541
0.92621
0.95863
0.9165
0.72836
0.6988
0.72665
0.50917
0.35284
0.43835
0.50037
0.48052
0.45525
0.34038
0.39797
0.87988
0.93113
0.91421
0.72105
0.69468
0.51816
0.39739
0.35665
0.34646
0.34893
0.35414
0.36742
0.39369
0.41307
0.3967
0.39521
0.41316
0.41056
0.4298
0.45739
0.45385
0.43872
0.40943
0.39585
0.38406
0.38577
0.35983
0.30438
0.35987
0.49431
0.57433
0.77327
0.71815
0.76795
0.6462
0.4503
0.3695
0.35837
0.30899
0.34857
0.37777
0.34746
0.33448
0.32557
0.29151
0.29471
0.30663
0.37541
0.4278
0.47136
0.47149
0.51623
0.55093
0.54572
0.46555
0.53995
0.45545
0.46602
0.41306
0.46997
0.44702
0.40607
0.3945
0.39511
0.35437
0.67266
0.8468
0.88009
0.85643
0.78064
0.76342
0.85812
0.78324
0.77819
0.78677
0.66702
0.69331
0.47869
0.37998
0.36049
0.33857
0.30332
0.29513
0.35384
0.30909
0.32839
0.33289
0.28553
0.2433
0.18967
0.1427
0.11569
0.12366
0.11587
0.14509
0.14093
0.13634
0.20622
0.11609
0.17091
0.15171
0.15995
0.20723
0.19381
0.27159
0.33549
0.26863
0.20209
0.17956
0.15947
0.23036
0.27729
0.31872
0.29782
0.25593
0.23457
0.27521
0.37807
0.85112
0.90833
0.92695
0.87786
0.80114
0.55732
0.3745
0.38776
0.36376
0.31844
0.25718
0.22365
0.20029
0.1845
0.24685
0.6485
0.53234
0.22726
0.45967
0.34106
0.25058
0.28322
0.24843
0.23991
0.26756
0.28444
0.30933
0.58219
0.72686
0.75422
0.87422
0.76561
0.81454
0.76704
0.82945
0.86726
0.87175
0.86006
0.67628
0.81758
0.79726
0.79305
0.71444
0.61632
0.63871
0.68404
0.56834
0.70578
0.83802
0.87374
0.88269
0.88632
0.87669
0.89756
0.67661
0.79873
0.57197
0.41706
0.30726
0.37202
0.33763
0.36398
0.3523
0.30749
0.39725
0.53513
0.51197
0.55466
0.59861
0.79162
0.65569
0.50456
0.42746
0.36908
0.32528
0.36533
0.58676
0.71087
0.53196
0.50636
0.42469
0.41983
0.39288
0.32586
0.37878
0.33971
0.43121
0.41742
0.56191
0.70296
0.41958
0.56205
0.55011
0.42904
0.42028
0.52125
0.51869
0.43783
0.39047
0.2323
0.25897
0.37402
0.25994
0.83959
0.85079
0.7551
0.78246
0.78234
0.76402
0.8103
0.92317
0.93264
0.94631
0.94722
0.90153
0.68757
0.79849
0.83257
0.88444
0.94698
0.95417
0.96246
0.97021
0.99176
0.98774
0.97809
0.98549
1.0002
1.0008
0.99774
0.99362
0.97249
0.96403
0.9741
0.95672
0.96331
0.96173
0.95977
0.95889
0.9419
0.95421
0.95472
0.92138
0.8949
0.88474
0.88436
0.94482
0.90987
0.78421
0.85149
0.89756
0.62709
0.41015
0.58479
0.65323
0.69353
0.81935
0.83464
0.89616
0.95018
0.89166
0.73536
0.61814
0.54871
0.41627
0.35281
0.32967
0.8834
0.94089
0.94637
0.93947
0.94428
0.92817
0.91987
0.92378
0.88166
0.50041
0.33787
0.31665
0.31082
0.31037
0.30891
0.33203
0.34322
0.42185
0.41727
0.60656
0.51727
0.45863
0.59122
0.58473
0.51191
0.49219
0.5121
0.43618
0.39996
0.38596
0.3631
0.28401
0.16673
0.10232
0.2149
0.14948
0.24608
0.65845
0.83392
0.56688
0.52481
0.45153
0.5667
0.54407
0.52036
0.47697
0.43902
0.40382
0.3829
0.45805
0.44033
0.45503
0.47963
0.57423
0.45259
0.41074
0.43354
0.41371
0.4202
0.45812
0.49042
0.53491
0.58107
0.86824
0.90924
0.74089
0.67603
0.63821
0.625
0.62931
0.71125
0.59142
0.453
0.36826
0.31486
0.29327
0.28003
0.282
0.36217
0.44004
0.4927
0.66593
0.78692
0.55307
0.55012
0.58454
0.67896
0.51497
0.49893
0.47269
0.48063
0.47369
0.42897
0.40673
0.42977
0.46384
0.6504
0.85572
0.76779
0.86172
0.88693
0.8936
0.90192
0.90131
0.55626
0.36491
0.39457
0.38046
0.51879
0.44095
0.4144
0.43994
0.76161
0.88392
0.90061
0.87425
0.90739
0.91526
0.92284
0.94342
0.94822
0.94285
0.85307
0.77135
0.61921
0.88688
0.9246
0.95945
0.96516
0.94547
0.952
0.97535
0.96027
0.95929
0.86242
0.57863
0.43015
0.46276
0.47827
0.50935
0.53939
0.53211
0.48021
0.36484
0.33749
0.36355
0.60726
0.85729
0.87701
0.6414
0.70058
0.80508
0.73516
0.78916
0.8207
0.86286
0.92814
0.94395
0.93179
0.94154
0.92708
0.79378
0.90771
0.67121
0.61573
0.56826
0.59026
0.61675
0.56723
0.57268
0.53035
0.41191
