0.31941
0.29146
0.28444
0.30608
0.33056
0.34173
0.3727
0.42202
0.69815
0.63501
0.36736
0.53638
0.86156
0.68126
0.67938
0.72198
0.62238
0.61888
0.62576
0.63954
0.64508
0.61123
0.52111
0.43142
0.5782
0.56934
0.44594
0.3608
0.36416
0.40371
0.39221
0.56167
0.4973
0.4157
0.35751
0.34902
0.37564
0.3124
0.47415
0.84673
0.67318
0.43681
0.60189
0.68249
0.51048
0.48805
0.52954
0.50581
0.45137
0.43435
0.43614
0.40376
0.39518
0.41775
0.43583
0.43017
0.41037
0.36754
0.3232
0.27851
0.26411
0.23942
0.23507
0.24331
0.24139
0.24976
0.28056
0.28412
0.25845
0.25228
0.28578
0.30494
0.3483
0.38226
0.41361
0.38779
0.39557
0.39534
0.37842
0.36608
0.36206
0.36729
0.37746
0.36446
0.33573
0.25922
0.20446
0.21877
0.2106
0.20665
0.32528
0.85123
0.7
0.73916
0.85387
0.86175
0.87209
0.72063
0.74948
0.7539
0.6339
0.5292
0.39149
0.61957
0.80183
0.72565
0.69031
0.72492
0.74846
0.8228
0.89137
0.88724
0.89593
0.92119
0.92209
0.86397
0.79907
0.72682
0.68763
0.65895
0.62877
0.62882
0.54926
0.47846
0.48883
0.59688
0.59034
0.46159
0.48709
0.30242
0.33365
0.32618
0.3084
0.32108
0.32289
0.32112
0.34043
0.26959
0.39283
0.40732
0.43923
0.67529
0.76708
0.91127
0.91055
0.91601
0.81457
0.75659
0.84624
0.58607
0.56524
0.54435
0.47436
0.40335
0.36367
0.32179
0.2835
0.19934
0.1423
0.15153
0.33072
0.56078
0.39645
0.35943
0.38261
0.36051
0.36634
0.34898
0.23982
0.14803
0.37515
0.81824
0.89793
0.90695
0.91498
0.92328
0.94268
0.94898
0.95402
0.95498
0.94017
0.89933
0.94784
0.96194
0.97312
0.97708
0.97013
0.99242
0.9766
0.33395
0.31182
0.32954
0.26109
0.091976
0.10549
0.12887
0.16405
0.16197
0.88831
0.97006
0.9862
0.98393
0.99026
0.9913
0.99293
0.99143
0.99114
0.99152
0.98781
0.98777
0.99471
0.99935
0.99907
0.97601
0.97749
0.97361
0.93343
0.85955
0.31704
0.29047
0.27241
0.32995
0.35437
0.36166
0.35545
0.35064
0.38059
0.39034
0.33941
0.30683
0.28322
0.28424
0.26293
0.25668
0.19566
0.11983
0.8518
0.92916
0.93278
0.8869
0.9172
0.9369
0.93476
0.94559
0.96301
0.96674
0.95824
0.92456
0.91581
0.93546
0.95254
0.97133
0.96444
0.97052
0.95994
0.96029
0.89501
0.85528
0.75347
0.58838
0.47963
0.38891
0.33355
0.31707
0.28956
0.28693
0.29179
0.33478
0.29518
0.28035
0.2936
0.29129
0.31264
0.31093
0.30677
0.19887
0.35433
0.47907
0.63051
0.81488
0.64162
0.49435
0.38066
0.30194
0.30345
0.25206
0.24941
0.28134
0.31643
0.7863
0.8708
0.75695
0.66024
0.56813
0.4118
0.39539
0.36232
0.36126
0.38784
0.37558
0.45951
0.44678
0.43916
0.49541
0.4795
0.41056
0.3595
0.33
0.33463
0.32278
0.33014
0.32771
0.32692
0.32108
0.29582
0.28382
0.2745
0.26731
0.26067
0.25424
0.2838
0.30545
0.31475
0.31451
0.30633
0.28204
0.27833
0.27624
0.26937
0.26633
0.31857
0.30798
0.4187
0.35364
0.31781
0.29014
0.2884
0.28825
0.28503
0.29161
0.28447
0.23491
0.11625
0.18279
0.21858
0.82692
0.8405
0.8556
0.82271
0.908
0.93854
0.90551
0.61668
0.88716
0.94215
0.94718
0.95657
0.96792
0.9556
0.95608
0.95339
0.94048
0.89201
0.88358
0.42511
0.32032
0.28844
0.28606
0.28514
0.27997
0.2834
0.28839
0.31403
0.34359
0.32095
0.37696
0.309
0.38649
0.39686
0.37095
0.35562
0.34543
0.29051
0.29666
0.28632
0.27703
0.36699
0.32198
0.71024
0.69776
0.89746
0.82243
0.64402
0.51982
0.51624
0.79971
0.92577
0.9859
0.98892
0.99689
0.99771
0.99736
1.0007
1.0001
1.0001
0.99798
0.99907
1.0003
0.99833
0.99813
0.99797
1.0006
0.99857
0.99957
0.99804
0.99961
1.0007
0.99731
0.99828
0.99779
0.72195
0.57538
0.52256
0.45548
0.44353
0.39902
0.37054
0.34573
0.40855
0.57134
0.5785
0.67598
0.65328
0.6485
0.66358
0.59466
0.54756
0.60269
0.66281
0.88149
0.92171
0.90878
0.775
0.63753
0.59185
0.59792
0.60418
0.60294
0.56452
0.51242
0.4613
0.46717
0.46591
0.46951
0.42679
0.40852
0.40969
0.39837
0.36729
0.35201
0.32048
0.29379
0.1805
0.18273
0.20673
0.21321
0.1701
0.20943
0.311
0.34443
0.31076
0.25583
0.17725
0.11166
0.097612
0.14745
0.25702
0.35322
0.41498
0.58077
0.63263
0.57896
0.61033
0.57101
0.38958
0.36285
0.37245
0.40303
0.36618
0.37819
0.39783
0.43142
0.4739
0.43771
0.44642
0.4966
0.54674
0.55167
0.44089
0.48716
0.48918
0.49757
0.55297
0.59603
0.59356
0.64352
0.63428
0.64091
0.85878
0.9094
0.94532
0.98038
0.98825
0.98942
0.97137
0.96723
0.97059
0.99941
0.99983
0.89624
0.83376
0.88265
0.98546
0.97872
0.96443
0.97593
0.97984
0.9713
0.96159
0.9178
0.97333
0.98987
0.99466
0.99643
0.97196
0.95051
0.81797
0.77739
0.53689
0.47176
0.45037
0.373
0.40437
0.43325
0.42974
0.4182
0.44219
0.42326
0.43534
0.39288
0.45401
0.462
0.44548
0.43825
0.39251
0.32093
0.43298
0.52565
0.66078
0.63323
0.58527
0.55494
0.56591
0.83958
0.92
0.92658
0.91482
0.90968
0.8567
0.76081
0.83157
0.85928
0.88993
0.89243
0.88372
0.87961
0.62974
0.48738
0.4675
0.33018
0.31009
0.31148
0.27222
0.21873
0.19943
0.17575
0.22712
0.25969
0.31372
0.30594
0.21236
0.21128
0.65276
0.89807
0.90255
0.84245
0.89657
0.88106
0.63944
0.74356
0.5572
0.61145
0.61221
0.5053
0.46262
0.35337
0.38396
0.48772
0.45444
0.40338
0.40912
0.29055
0.38181
0.42172
0.28914
0.23621
0.32112
0.30549
0.33078
0.41298
0.82862
0.79473
0.73368
0.73056
0.69961
0.5894
0.53806
0.73428
0.89267
0.95856
0.92223
0.95987
0.95106
0.83425
0.69924
0.8414
0.94345
0.9858
0.98564
0.98149
0.97914
0.97771
0.97496
0.94228
0.97704
0.92898
0.94279
0.9533
0.96454
0.96365
0.98389
0.97272
0.99244
0.98988
0.98599
0.78234
0.89936
0.62724
0.93011
0.94774
0.96996
0.95657
0.95268
0.94564
0.9351
0.95886
0.952
0.94609
0.95041
0.95719
0.97026
0.9446
0.91416
0.92449
0.89484
0.83243
0.62029
0.62634
0.51227
0.43701
0.33445
0.36571
0.51359
0.63746
0.76738
0.80002
0.94343
0.89489
0.75012
0.70478
0.75012
0.73093
0.68403
0.51572
0.89721
0.93715
0.92824
0.90502
0.85167
0.62972
0.82086
0.86939
0.75843
0.65039
0.5453
0.84701
0.66125
0.88265
0.57294
0.60748
0.7017
0.7133
0.90454
0.91226
0.88008
0.89684
0.80936
0.71367
0.58412
0.70128
0.41075
0.31759
0.33988
0.3512
0.31183
0.30295
0.29091
0.24943
0.27834
0.28681
0.26212
0.33509
0.35034
0.37184
0.31704
0.31683
0.29572
0.27701
0.28754
0.29827
0.31142
0.35988
0.33932
0.31139
0.28757
0.26568
0.23522
0.38752
0.39486
0.36404
0.34875
0.34516
0.34254
0.33738
0.33992
0.3626
0.373
0.38354
0.37143
0.36143
0.38524
0.34084
0.40739
0.40526
0.4936
0.66842
0.5326
0.78427
0.86258
0.79998
0.83576
0.89448
0.92897
0.95994
0.94387
0.94006
0.92827
0.92997
0.94507
0.95163
0.94199
0.95243
0.96321
0.94565
0.93372
0.7441
0.55542
0.90121
0.94547
0.89249
0.91536
0.68787
0.51268
0.45798
0.35789
0.58045
0.7846
0.78605
0.92575
0.77304
0.38792
0.3858
0.39885
0.36571
0.38681
0.37253
0.35361
0.34085
0.35393
0.38801
0.3718
0.37234
0.36003
0.35684
0.3423
0.3545
0.36511
0.38785
0.40013
0.33938
0.5658
0.7392
0.7872
0.7188
0.89541
0.92446
0.93306
0.94569
0.95532
0.91956
0.89528
0.87317
0.8686
0.86937
0.92673
0.95166
0.92049
0.88291
0.94069
0.95512
0.95286
0.96407
0.96306
0.96688
0.97671
0.973
0.96629
0.94642
0.89557
0.95192
0.88119
0.76968
0.96105
0.86568
0.78021
0.68172
0.79842
0.8953
0.84855
0.81233
0.8617
0.8475
0.9012
0.86204
0.84045
0.75143
0.74604
0.76232
0.99222
0.99736
0.99978
0.99449
0.99871
0.71194
0.97333
0.99308
0.99751
0.88736
0.99415
0.99885
0.73343
0.98761
0.73176
0.98198
0.99879
0.9973
0.92206
0.77389
0.4966
0.34496
0.359
0.4436
0.5914
0.81583
0.88324
0.78414
0.71219
0.59328
0.47064
0.38914
0.60591
0.80474
0.78917
0.70021
0.88439
0.92746
0.94344
0.97669
0.99744
0.99386
0.98442
0.96676
0.9677
0.96593
0.9888
1.0002
0.99178
0.99868
0.98745
0.99534
0.99793
0.94916
0.9467
0.98937
0.99595
0.98966
0.97517
0.97411
0.97794
0.97502
0.97006
0.94802
0.94247
0.95346
0.94156
0.95682
0.9402
0.60476
0.53969
0.61795
0.83463
0.90595
0.93907
0.87903
0.56446
0.59492
0.59411
0.53242
0.70781
0.89936
0.93114
0.93422
0.63534
0.58895
0.58215
0.59657
0.87291
0.94584
0.71971
0.42927
0.45457
0.46101
0.45727
0.43937
0.3021
0.31404
0.30365
0.30159
0.30179
0.3351
0.3574
0.36017
0.36097
0.34354
0.3172
0.32621
0.33832
0.23292
0.29199
0.41125
0.55706
0.92695
0.93537
0.72306
0.55163
0.50274
0.46532
0.53624
0.42032
0.41466
0.39945
0.37916
0.38814
0.39847
0.33566
0.3867
0.50071
0.68976
0.63868
0.83866
0.60616
0.56349
0.60075
0.82917
0.90793
0.96103
0.96604
0.97206
0.95924
0.77917
0.72995
0.67198
0.7203
0.82062
0.85755
0.84215
0.57879
0.46911
0.47733
0.47273
0.67014
0.86862
0.71431
0.48253
0.73563
0.58382
0.56282
0.51956
0.50938
0.59885
0.70836
0.4074
0.3695
0.54608
0.54546
0.9624
0.94725
0.92963
0.96417
0.9513
0.67913
0.43308
0.38864
0.336
0.42116
0.70124
0.66036
0.88021
0.95593
0.94045
0.94884
0.92928
0.95539
0.86317
0.84762
0.70409
0.61942
0.479
0.43942
0.40277
0.41306
0.40238
0.46081
0.43371
0.46513
0.4811
0.48162
0.49704
0.55064
0.48223
0.48425
0.4678
0.61111
0.49007
0.36182
0.37304
0.38626
0.46246
0.53793
0.54422
0.49171
0.49143
0.49088
0.50219
0.4976
0.50841
0.63123
0.61689
0.61335
0.56197
0.49598
0.47744
0.54918
0.508
0.515
0.48494
0.43399
0.409
0.41382
0.3879
0.31351
0.34765
0.34424
0.32965
0.35308
0.30385
0.32666
0.37511
0.4386
0.54829
0.56756
0.5005
0.42862
0.40254
0.40885
0.48978
0.60765
0.56947
0.61044
0.66836
0.67757
0.62372
0.60098
0.57021
0.56474
0.62088
0.62304
0.56552
0.53421
0.48732
0.40503
0.4504
0.49251
0.65956
0.6488
0.56181
0.38315
0.32711
0.33125
0.3175
0.3415
0.37946
0.43496
0.43983
0.35481
0.27858
0.29425
0.39201
0.565
0.65938
0.66924
0.61519
0.52602
0.41651
0.43407
0.51353
0.63243
0.65161
0.67443
0.65337
0.65096
0.49533
0.42514
0.57229
0.71509
0.86284
0.98391
0.97227
0.79746
0.72209
0.63743
0.73826
0.89169
0.94985
0.99747
0.98297
0.89293
0.78074
0.80606
0.93036
0.98026
0.98889
0.98484
0.97571
0.93435
0.93911
0.88588
0.96221
0.9935
0.98002
0.97242
0.92733
0.83561
0.75273
0.71794
0.68676
0.86667
0.9564
0.99913
0.94574
0.82038
0.82964
0.79883
0.7613
0.89678
0.87027
0.88841
0.81872
0.71569
0.63642
0.62849
0.67767
0.78774
0.80912
0.81074
0.78596
0.72871
0.6097
0.58168
0.59929
0.71785
0.75021
0.73501
0.72568
0.65935
0.58783
0.51012
0.54323
0.59485
0.57843
0.58752
0.5621
0.50369
0.45013
0.50859
0.5585
0.62971
0.63034
0.65491
0.65545
0.57934
0.56443
0.62192
0.5988
0.80341
0.89567
0.85345
0.8231
0.79635
0.78645
0.72489
0.74806
0.97818
0.99266
0.99734
0.99917
0.99992
0.92757
0.75912
0.84809
0.85987
0.91311
0.83255
0.72891
0.46447
0.46333
0.44811
0.4692
0.47748
0.60779
0.65199
0.68017
0.53088
0.49959
0.56094
0.88358
1.0003
0.99808
0.99765
0.99905
1.0009
0.95841
0.9061
0.74216
0.71934
0.68453
0.6778
0.71229
0.73919
0.7534
0.76934
0.78222
0.85341
0.93373
0.99562
0.9956
1.0002
0.9999
0.99738
0.96796
0.97806
0.99285
0.98277
0.90265
0.79434
0.59252
0.51845
0.58418
0.6499
0.61528
0.5632
0.51761
0.43348
0.35699
0.38249
0.40299
0.39244
0.41879
0.66988
0.54455
0.36082
0.3233
0.32061
0.36253
0.40842
0.40267
0.32017
0.29871
0.31691
0.26545
0.28782
0.30672
0.34736
0.4059
0.43545
0.41572
0.36367
0.37442
0.42357
0.47419
0.63126
0.69355
0.49216
0.54471
0.52739
0.43886
0.44222
0.55361
0.68167
0.6486
0.58401
0.51623
0.39872
0.36251
0.35735
0.39043
0.62087
0.66234
0.6562
0.67005
0.59752
0.53849
0.5151
0.5099
0.535
0.53958
0.50168
0.57324
0.66221
0.62999
0.58615
0.57573
0.5856
0.60776
0.65652
0.64518
0.60925
0.58192
0.53751
0.58053
0.58004
0.60205
0.61174
0.57182
0.4438
0.39403
0.37736
0.46515
0.64125
0.71553
0.79404
0.8969
0.8911
0.83117
0.7915
0.89564
0.92276
0.84769
0.89316
0.87824
0.9217
0.99697
0.99891
0.99717
1.0006
0.89756
0.93031
0.80927
0.45236
0.48199
0.45072
0.60514
0.76066
0.88606
0.99909
0.99997
0.962
0.93751
0.92644
0.89038
0.92352
0.90638
0.88
0.85025
0.76616
0.75226
0.80358
0.93521
0.95658
0.99966
0.99959
0.94548
0.9244
0.8799
0.89444
0.75422
1.0005
0.99735
0.99118
0.91231
0.72794
0.60731
0.68386
0.73801
0.7754
0.82929
0.84226
0.8639
0.99806
0.9985
0.95335
0.97383
0.95655
0.97494
0.99822
0.98702
0.92419
0.92208
0.87272
0.90158
0.84202
0.88852
0.76502
0.74955
0.73611
0.84855
0.95202
0.90274
0.98852
0.98288
0.72312
0.81936
0.66203
0.51602
0.50343
0.56045
0.76723
0.77046
0.85551
0.79572
0.93686
0.77308
0.82367
0.94282
0.9985
0.9984
0.99896
1.0005
0.99908
0.99872
0.99741
0.99818
0.9973
0.96176
0.95653
0.90934
0.81553
0.76068
0.74499
0.98856
0.97925
0.88878
0.95404
0.66855
0.73554
0.60364
0.64276
0.84105
0.73328
0.99351
1.0009
0.91697
0.9036
0.82099
0.83935
0.76989
0.84635
0.77504
0.7688
0.75678
0.67333
0.6197
0.53858
0.61206
0.69788
0.67782
0.75497
0.63366
0.55434
0.46141
0.45152
0.4354
0.42116
0.41186
0.43497
0.47387
0.48979
0.47161
0.44228
0.48827
0.49299
0.48128
0.46444
0.45567
0.46376
0.47499
0.4644
0.46484
0.47433
0.48281
0.48388
0.48793
0.47243
0.53877
0.53719
0.55502
0.56659
0.56121
0.56217
0.59175
0.60095
0.55689
0.55699
0.58732
0.54951
0.52137
0.71448
0.63074
0.87293
0.75326
0.78933
0.77329
0.72872
0.67033
0.99885
0.59932
0.61657
0.6203
0.53041
0.74084
0.79815
0.76581
0.71673
0.53621
0.45713
0.39009
0.36031
0.36969
0.358
0.34085
0.33873
0.33535
0.3105
0.29252
0.29106
0.2853
0.3551
0.47092
0.39564
0.35282
0.30142
0.28611
0.26669
0.28728
0.30301
0.30904
0.33623
0.36336
0.32944
0.30334
0.33424
0.38149
0.47246
0.51541
0.48143
0.50849
0.58878
0.61521
0.56711
0.68547
0.78863
0.8223
0.84003
0.8182
0.79514
0.71213
0.62936
0.60716
0.60678
0.54424
0.49229
0.46886
0.44881
0.43388
0.41597
0.43018
0.47392
0.53198
0.53194
0.49605
0.504
0.51608
0.51867
0.49254
0.49831
0.49627
0.47962
0.44501
0.4213
0.42387
0.4302
0.49127
0.55557
0.58718
0.6074
0.59813
0.58771
0.55216
0.48783
0.48993
0.55298
0.55452
0.62822
0.63274
0.60871
0.63234
0.61995
0.64575
0.68396
0.73197
0.80472
0.93897
0.98329
0.97318
0.97849
0.92054
0.91767
0.88326
0.87989
0.86205
0.87629
0.85226
0.83159
0.83674
0.7865
0.77333
0.7928
0.84286
0.99886
0.91803
0.99172
0.90325
0.99504
0.99744
0.97677
0.99052
0.92912
0.86025
0.80067
0.83467
0.8147
0.77138
0.7285
0.7315
0.68899
0.65384
0.74181
0.8508
0.86508
0.76794
0.74632
0.86345
0.75011
0.69086
0.68018
0.78397
0.90511
0.87794
0.81192
0.70357
0.5957
0.57109
0.52831
0.5146
0.56544
0.63258
0.66536
0.61701
0.54542
0.4823
0.40556
0.48943
0.60151
0.6256
0.62053
0.79263
0.79429
0.72587
0.62689
0.64715
0.75905
0.86021
0.81154
0.76235
0.79962
0.68425
0.69947
0.71045
0.72825
0.76878
0.8201
0.74683
0.72502
0.73523
0.7028
0.69844
0.73832
0.72608
0.61922
0.76535
0.76274
0.75623
0.72223
0.72231
0.8115
0.78342
0.82237
0.78153
0.60188
0.63344
0.5855
0.5958
0.77925
0.80152
0.77027
0.78711
0.63702
0.56186
0.62884
0.67711
0.78437
0.7961
0.88967
0.87627
0.84572
0.80579
0.88282
0.82963
0.93328
0.99887
0.9398
0.95683
0.92797
0.85166
0.97184
0.97862
0.91362
0.97047
0.86781
0.92305
0.93386
0.97495
1.0004
0.89257
0.88397
0.97775
0.80277
0.75332
0.68081
0.61258
0.50527
0.61279
0.70324
0.85097
0.96345
0.83419
0.67056
0.70804
0.81548
0.68873
0.80449
0.76015
0.66204
0.55281
0.73538
0.61142
0.61099
0.62131
0.71021
0.5977
0.64978
0.56922
0.53484
0.56131
0.60098
0.68292
0.70967
0.83585
0.72824
0.81599
0.74303
0.7353
0.92388
0.81011
0.82261
0.8215
0.77612
0.72357
0.72503
0.72091
0.69266
0.75644
0.85009
0.99049
0.84724
0.7516
0.72034
0.69151
0.59974
0.61409
0.61121
0.81019
0.74229
0.7814
0.59858
0.44186
0.44025
0.46497
0.47502
0.54846
0.59554
0.70225
0.53879
0.43608
0.39197
0.39665
0.4952
0.42156
0.37812
0.40437
0.3711
0.36697
0.38816
0.3824
0.38562
0.49027
0.51614
0.48481
0.49469
0.46967
0.41354
0.40833
0.52244
0.71285
0.63543
0.64075
0.45029
0.39217
0.33748
0.45736
0.6038
0.61194
0.60784
0.6097
0.62593
0.63215
0.77078
0.72604
0.71891
0.68074
0.67571
0.50909
0.50421
0.46196
0.68876
0.76069
0.81704
0.85233
0.91563
0.51724
0.44953
0.39821
0.40558
0.42426
0.49132
0.6199
0.54878
0.46123
0.47301
0.53504
0.47865
0.42413
0.38843
0.50531
0.53495
0.43468
0.39184
0.39979
0.36047
0.37282
0.35678
0.38296
0.38903
0.329
0.29225
0.27286
0.26567
0.26596
0.25875
0.3131
0.40016
0.45577
0.69754
0.72904
0.74394
0.56242
0.53541
0.45008
0.43362
0.41405
0.40813
0.40361
0.39117
0.40774
0.47347
0.45827
0.42045
0.29571
0.27062
0.26127
0.28849
0.37786
0.45166
0.5037
0.4645
0.41401
0.39808
0.35293
0.35117
0.42536
0.51425
0.51905
0.49042
0.40484
0.3507
0.3801
0.32368
0.28636
0.2883
0.31826
0.31805
0.28597
0.28317
0.2806
0.29395
0.39213
0.43424
0.45628
0.38954
0.40142
0.34142
0.3932
0.41941
0.45908
0.46427
0.49942
0.42689
0.32452
0.28305
0.26101
0.24756
0.25502
0.26095
0.2668
0.25341
0.26764
0.28267
0.32096
0.33478
0.34557
0.30319
0.28339
0.23898
0.23698
0.23828
0.24031
0.24802
0.28258
0.33432
0.39744
0.38416
0.35193
0.38734
0.33437
0.35408
0.35523
0.2914
0.26875
0.34702
0.29961
0.25616
0.23166
0.29879
0.34507
0.32119
0.34663
0.32726
0.29191
0.27545
0.26726
0.26108
0.29599
0.32412
0.3834
0.35849
0.36103
0.3585
0.3564
0.25949
0.22941
0.26893
0.3101
0.4563
0.63116
0.90227
0.87638
0.56538
0.49894
0.3963
0.39024
0.3694
0.37017
0.36666
0.32836
0.31974
0.30411
0.32366
0.39394
0.30641
0.41004
0.39984
0.39874
0.39688
0.37532
0.38654
0.48826
0.416
0.3671
0.38068
0.43906
0.40506
0.37399
0.37334
0.35489
0.3513
0.35293
0.3474
0.34299
0.34893
0.36578
0.37443
0.3682
0.37639
0.37725
0.37141
0.35469
0.36307
0.36498
0.35404
0.33416
0.31263
0.30404
0.3325
0.38025
0.39225
0.39097
0.39913
0.3992
0.41276
0.43904
0.43072
0.40846
0.41244
0.44504
0.42786
0.39774
0.32357
0.30094
0.30611
0.29778
0.27854
0.24947
0.25893
0.25622
0.24553
0.25639
0.27546
0.31172
0.28209
0.31188
0.29981
0.31753
0.34933
0.38441
0.42723
0.46054
0.42351
0.39524
0.37014
0.31727
0.34703
0.33789
0.32164
0.28895
0.28853
0.26584
0.28426
0.2857
0.27277
0.23909
0.24124
0.24332
0.26679
0.28877
0.30025
0.32631
0.38346
0.44175
0.43581
0.41637
0.45163
0.68047
0.52064
0.45636
0.42368
0.42692
0.4274
0.41075
0.36062
0.23068
0.1656
0.24864
0.25903
0.86515
0.93536
0.94311
0.90311
0.82872
0.72795
0.70746
0.55212
0.38491
0.39008
0.36104
0.33417
0.32134
0.3132
0.3162
0.32475
0.33879
0.33864
0.38131
0.46929
0.44388
0.44403
0.50481
0.53278
0.49529
0.43003
0.41436
0.3923
0.47256
0.55547
0.44491
0.72009
0.89278
0.90739
0.93395
0.94503
0.90329
0.67249
0.70139
0.58086
0.56877
0.518
0.50405
0.44603
0.44494
0.52112
0.5755
0.4535
0.4299
0.45463
0.42186
0.42029
0.34973
0.36862
0.36894
0.77325
0.52919
0.41836
0.40411
0.41709
0.42052
0.4409
0.45977
0.46769
0.49416
0.5026
0.47878
0.38191
0.32435
0.31989
0.29879
0.29257
0.31037
0.32662
0.3319
0.3207
0.30846
0.29911
0.2875
0.30523
0.35843
0.36653
0.31203
0.30221
0.29894
0.30054
0.30323
0.3102
0.3192
0.3163
0.37934
0.25514
0.38796
0.38832
0.38708
0.41844
0.37311
0.32884
0.30421
0.27464
0.3166
0.37601
0.54104
0.72161
0.86199
0.87971
0.85844
0.80969
0.61633
0.53419
0.4933
0.44887
0.40573
0.3967
0.3685
0.37289
0.35806
0.33476
0.34361
0.3263
0.46497
0.59558
0.85391
0.8494
0.9656
0.9794
0.7767
0.53647
0.52141
0.43188
0.35206
0.38089
0.294
0.36538
0.68971
0.57489
0.55872
0.55209
0.55132
0.4853
0.42252
0.38037
0.34562
0.34924
0.33581
0.34514
0.32395
0.28487
0.32716
0.32073
0.31779
0.3659
0.31943
0.32904
0.35229
0.38132
0.38419
0.38369
0.34133
0.30029
0.24853
0.22194
0.20707
0.21253
0.21223
0.21033
0.20963
0.19503
0.1915
0.17791
0.19401
0.20175
0.26238
0.33905
0.40577
0.48668
0.52994
0.48716
0.46034
0.48506
0.53404
0.50941
0.53338
0.64572
0.59922
0.59142
0.83726
0.83348
0.55788
0.46245
0.43325
0.40621
0.41636
0.38577
0.407
0.44445
0.43974
0.44422
0.47705
0.48102
0.40718
0.3856
0.38525
0.36542
0.37235
0.73627
0.60932
0.73318
0.6406
0.5327
0.50194
0.48524
0.44479
0.46045
0.38956
0.37848
0.38047
0.40682
0.40686
0.47642
0.44211
0.50929
0.51568
0.5345
0.54215
0.38678
0.37069
0.37548
0.35549
0.37476
0.39211
0.40948
0.44682
0.52728
0.73331
0.91378
0.90775
0.93807
0.93146
0.94141
0.94028
0.91644
0.93219
0.91154
0.86253
0.88837
0.82256
0.88648
0.90987
0.84779
0.78565
0.58199
0.46706
0.45621
0.41693
0.39568
0.42938
0.42432
0.39315
0.44857
0.45959
0.45177
0.40892
0.40924
0.43064
0.39838
0.39992
0.41524
0.3992
0.38379
0.3645
0.64545
0.87511
0.84957
0.86813
0.86901
0.86353
0.85172
0.81895
0.8267
0.85742
0.88871
0.89874
0.90071
0.89784
0.77289
0.9597
0.71205
0.59171
0.54291
0.52764
0.4807
0.45692
0.43748
0.42544
0.39614
0.38449
0.42226
0.51141
0.53586
0.47429
0.39746
0.37556
0.38181
0.41551
0.48007
0.81923
0.85132
0.91155
0.93413
0.93797
0.93841
0.92713
0.93446
0.9049
0.88952
0.86324
0.87012
0.81477
0.67543
0.69427
0.46335
0.4333
0.44979
0.41485
0.26132
0.34237
0.31574
0.3002
0.25889
0.21959
0.32226
0.31616
0.4571
0.79256
0.77396
0.82814
0.68137
0.88271
0.92323
0.9364
0.94113
0.94629
0.9509
0.93864
0.72985
0.52029
0.42664
0.40383
0.38222
0.36268
0.33751
0.30849
0.32595
0.34011
0.33163
0.33112
0.33895
0.33315
0.31601
0.302
0.30468
0.21341
0.22758
0.23124
0.87474
0.91118
0.88652
0.89757
0.61059
0.53686
0.62893
0.59274
0.52536
0.67313
0.76407
0.67491
0.74953
0.73992
0.55374
0.49869
0.4383
0.39813
0.41209
0.45334
0.90426
0.96612
0.9721
0.99427
0.98915
0.98213
0.97848
0.97837
0.95499
0.96034
0.96307
0.96443
0.94258
0.90702
0.96949
0.94291
0.71023
0.67157
0.59364
0.8815
0.9498
0.81144
0.79843
0.57442
0.65729
0.34408
0.33348
0.33393
0.34447
0.35153
0.35779
0.35712
0.34236
0.34418
0.33097
0.32561
0.31666
0.31002
0.31322
0.31599
0.32388
0.3269
0.32784
0.31475
0.38575
0.4051
0.41266
0.41492
0.38962
0.34794
0.33077
0.36561
0.46521
0.57573
0.57277
0.53137
0.49875
0.45464
0.43913
0.4438
0.4991
0.49082
0.50873
0.51885
0.51932
0.51803
0.51987
0.52629
0.52065
0.5012
0.49968
0.47567
0.42744
0.38219
0.36997
0.39473
0.38401
0.59878
0.50964
0.48187
0.47057
0.42966
0.39181
0.30281
0.60011
0.80345
0.94724
0.94938
0.93615
0.91913
0.84387
0.80193
0.70828
0.74568
0.7917
0.82156
0.82082
0.48786
0.55816
0.62301
0.61547
0.88532
0.90528
0.91014
0.88216
0.80996
0.52933
0.42157
0.40493
0.45849
0.45169
0.43601
0.43927
0.46515
0.48133
0.48891
0.49636
0.44723
0.44825
0.4501
0.42329
0.37333
0.36154
0.36442
0.3598
0.35325
0.33213
0.36879
0.39386
0.38918
0.38732
0.3842
0.37633
0.35231
0.30674
0.28777
0.29316
0.3377
0.41078
0.82159
0.87962
0.85693
0.87058
0.82974
0.9041
0.9182
0.60736
0.53882
0.43029
0.461
0.4297
0.37197
0.72915
0.74852
0.77514
0.83983
0.84895
0.82206
0.74513
0.6915
0.74183
0.79071
0.79678
0.71216
0.67282
0.67922
0.62985
0.64932
0.68345
0.67893
0.72545
0.68479
0.79113
0.94214
0.95917
0.97765
0.95652
0.95308
0.95735
0.95805
0.94787
0.90904
0.72816
0.6136
0.54081
0.55097
0.83964
0.8657
0.90565
0.95656
0.97297
0.97532
0.98025
0.99139
0.96845
0.94864
0.58853
0.36481
0.28649
0.20532
0.085255
0.11999
0.32324
0.90879
0.96595
0.97991
0.97645
0.6558
0.40659
0.38725
0.37833
0.40362
0.38468
0.35141
0.35125
0.36628
0.36055
0.36006
0.37177
0.36499
0.33593
0.3329
0.30822
0.25625
0.22394
0.43339
0.90555
0.91782
0.92158
0.91683
0.91314
0.9088
0.88665
0.82049
0.87077
0.83271
0.63654
0.67662
0.35786
0.31068
0.28814
0.28746
0.29945
0.29757
0.34577
0.4008
0.51133
0.85729
0.88755
0.91149
0.74959
0.88345
0.6491
0.68091
0.62021
0.6532
0.55975
0.43737
0.46455
0.43494
0.42124
0.39531
0.35392
0.30025
0.26761
0.23623
0.20845
0.22373
0.24811
0.26866
0.44984
0.59338
0.78875
0.71153
0.65987
0.82505
0.83735
0.84391
0.83782
0.81699
0.90567
0.93314
0.919
0.86408
0.87091
0.91206
0.76474
0.86192
0.75144
0.74416
0.81955
0.90987
0.93923
0.86748
0.51605
0.51689
0.74658
0.75957
0.71324
0.9434
0.92767
0.9272
0.84604
0.91712
0.71397
0.90797
0.91528
0.91529
0.91474
0.91409
0.90937
0.90685
0.81929
0.52513
0.44424
0.47186
0.45258
0.46138
0.43237
0.30569
0.2476
0.34789
0.32001
0.30284
0.31181
0.29361
0.24709
0.22288
0.22886
0.22251
0.23094
0.16166
0.13081
0.12445
0.21039
0.24333
0.28472
0.3466
0.3323
0.30318
0.31036
0.64463
0.73823
0.65806
0.49472
0.45869
0.43024
0.41955
0.43011
0.47328
0.51865
0.54708
