0.11204
0.089638
0.11306
0.084109
0.076117
0.11293
0.26788
0.73582
0.69485
0.60234
0.5885
0.59545
0.57066
0.57152
0.72681
0.67359
0.78413
0.68899
0.57544
0.61268
0.71779
0.56424
0.49201
0.44263
0.42651
0.41546
0.36082
0.30687
0.26673
0.27429
0.36904
0.66636
0.89318
0.92876
0.9484
0.95145
0.74852
0.9122
0.86613
0.86401
0.88836
0.88387
0.88044
0.86233
0.87173
0.88628
0.91944
0.95099
0.93994
0.93071
0.92961
0.92518
0.92552
0.65384
0.5391
0.7952
0.75151
0.75347
0.9013
0.95736
0.88996
0.93489
0.80446
0.75783
0.96093
0.94725
0.93231
0.95321
0.92896
0.92603
0.93745
0.89748
0.78428
0.67192
0.78338
0.89079
0.93906
0.9233
0.87545
0.91015
0.91746
0.92749
0.92219
0.84849
0.68446
0.56407
0.51029
0.55166
0.54167
0.55807
0.51012
0.43988
0.36636
0.34388
0.32993
0.31478
0.31225
0.31049
0.28006
0.25951
0.1918
0.10868
0.14873
0.24631
0.50933
0.91056
0.83884
0.88712
0.91526
0.92693
0.95094
0.9616
0.96642
0.9399
0.96926
0.96546
0.76138
0.44144
0.3607
0.33781
0.33768
0.35892
0.52202
0.51935
0.68402
0.68382
0.66158
0.70655
0.65466
0.55914
0.53199
0.51938
0.45736
0.48746
0.53573
0.54152
0.47284
0.46893
0.42657
0.37969
0.38451
0.43471
0.45886
0.60833
0.42352
0.45717
0.42182
0.36476
0.41593
0.54014
0.35549
0.27106
0.26939
0.26269
0.26408
0.26164
0.30612
0.32078
0.39351
0.37707
0.36406
0.35082
0.33711
0.3272
0.3134
0.31121
0.32552
0.33712
0.31941
0.27263
0.24591
0.22543
0.19953
0.2018
0.19956
0.24277
0.30513
0.2715
0.31785
0.36909
0.34761
0.30522
0.27054
0.30212
0.33817
0.36801
0.36502
0.37945
0.37037
0.41346
0.45481
0.46276
0.53917
0.68966
0.67383
0.66606
0.67036
0.67228
0.67356
0.63939
0.64905
0.70874
0.83132
0.85569
0.86344
0.882
0.87977
0.88373
0.89717
0.9021
0.90992
0.94754
0.89518
0.81515
0.65891
0.53115
0.42981
0.50114
0.43465
0.48134
0.53273
0.52721
0.71606
0.8038
0.84357
0.8396
0.84384
0.83043
0.73098
0.80621
0.81057
0.78594
0.56324
0.65757
0.46171
0.34893
0.32082
0.28539
0.25702
0.23739
0.24969
0.22505
0.27428
0.38312
0.39552
0.29765
0.32246
0.37581
0.4004
0.43726
0.37894
0.3567
0.29617
0.29952
0.29281
0.31849
0.29582
0.31112
0.27611
0.29827
0.32691
0.36325
0.42165
0.39851
0.36188
0.33103
0.30051
0.31061
0.39382
0.37048
0.35248
0.34148
0.32569
0.32996
0.33826
0.34996
0.37851
0.35363
0.34267
0.3425
0.35722
0.37106
0.80628
0.8697
0.89714
0.91199
0.92133
0.91438
0.89297
0.86057
0.92971
0.95129
0.94796
0.94462
0.94718
0.96102
0.96979
0.9532
0.69684
0.61897
0.47252
0.43919
0.37823
0.45051
0.51609
0.56249
0.49941
0.47391
0.40106
0.37531
0.35905
0.30653
0.30386
0.30377
0.27023
0.34302
0.27481
0.27795
0.26157
0.3985
0.54472
0.44818
0.51191
0.54081
0.67523
0.69851
0.75632
0.74875
0.87207
0.71598
0.72888
0.69752
0.62413
0.60483
0.5192
0.46371
0.40902
0.38982
0.34657
0.31482
0.29133
0.39847
0.36884
0.3608
0.4348
0.3647
0.33714
0.35241
0.36733
0.37742
0.43336
0.6632
0.63837
0.59821
0.59172
0.78959
0.73722
0.6299
0.73117
0.67907
0.67946
0.7909
0.68116
0.80206
0.79463
0.8952
0.91576
0.93949
0.95148
0.95487
0.93919
0.9547
0.97183
0.92191
0.75549
0.61649
0.53254
0.48784
0.4314
0.38131
0.39093
0.33415
0.28857
0.26728
0.26123
0.29551
0.3491
0.39866
0.887
0.94248
0.9459
0.93241
0.91442
0.94004
0.95564
0.94709
0.94167
0.93748
0.93085
0.92666
0.91392
0.89265
0.90063
0.90553
0.90007
0.91825
0.91297
0.67778
0.55054
0.48848
0.35061
0.71358
0.62685
0.69892
0.53229
0.44578
0.37224
0.37411
0.77661
0.75712
0.88001
0.84147
0.66687
0.74152
0.71808
0.81478
0.87687
0.94481
0.96685
0.93742
0.9035
0.93845
0.92136
0.72963
0.59136
0.61229
0.56496
0.52583
0.42314
0.89129
0.90392
0.90505
0.90171
0.63719
0.51766
0.408
0.34864
0.32482
0.32002
0.32434
0.3253
0.31831
0.32585
0.54322
0.59793
0.5835
0.76595
0.89828
0.88996
0.90073
0.85581
0.88786
0.90551
0.79876
0.67239
0.91838
0.86817
0.91552
0.68723
0.72852
0.68991
0.60552
0.64131
0.52544
0.39358
0.37188
0.34789
0.34726
0.33455
0.33979
0.30774
0.24808
0.24241
0.30091
0.26137
0.57936
0.9113
0.90545
0.9076
0.91171
0.85044
0.89787
0.92425
0.94151
0.9338
0.94612
0.95023
0.94429
0.93619
0.9352
0.93142
0.93439
0.93699
0.93163
0.92487
0.88564
0.80308
0.76072
0.64278
0.5318
0.67842
0.87888
0.87639
0.84911
0.77092
0.71323
0.68368
0.47888
0.46715
0.46877
0.47437
0.47952
0.47515
0.43486
0.46785
0.48657
0.42258
0.52004
0.51361
0.47796
0.49329
0.78501
0.90105
0.74227
0.68942
0.60672
0.59333
0.62605
0.54266
0.37945
0.42283
0.52469
0.52274
0.53368
0.58901
0.61418
0.63493
0.8595
0.71254
0.89629
0.81674
0.64045
0.60251
0.74131
0.60898
0.56333
0.60852
0.62486
0.65495
0.72613
0.70158
0.65602
0.56822
0.44586
0.39184
0.398
0.41472
0.32147
0.32287
0.34343
0.33375
0.34209
0.33981
0.32524
0.2567
0.29209
0.26967
0.20452
0.15371
0.86129
0.83613
0.79708
0.93828
0.9338
0.93699
0.93621
0.64635
0.77126
0.78517
0.94947
0.83817
0.69801
0.53028
0.51029
0.49288
0.47455
0.44789
0.4127
0.38538
0.39484
0.36532
0.3441
0.29218
0.2849
0.35619
0.1946
0.082515
0.27637
0.68087
0.87326
0.83724
0.91112
0.94428
0.94831
0.93345
0.92892
0.97392
0.98868
0.9853
0.89741
0.9797
0.7595
0.40632
0.44359
0.40107
0.38428
0.36186
0.31926
0.25506
0.25044
0.56791
0.63643
0.5396
0.52004
0.4934
0.46115
0.4547
0.44602
0.41237
0.39672
0.3791
0.3631
0.29557
0.25507
0.27838
0.32001
0.34389
0.35029
0.32853
0.31133
0.29034
0.29746
0.36668
0.6031
0.66657
0.31667
0.29039
0.31683
0.33658
0.38694
0.3836
0.39168
0.39343
0.40299
0.37575
0.37053
0.35994
0.36968
0.38984
0.68402
0.60285
0.44359
0.47498
0.40447
0.43301
0.41215
0.39963
0.39117
0.37658
0.34654
0.33874
0.33486
0.35373
0.40118
0.48013
0.87803
0.55278
0.42568
0.45824
0.56896
0.8502
0.81781
0.65451
0.51416
0.42777
0.39388
0.38909
0.36768
0.37736
0.38833
0.39118
0.39405
0.34736
0.30676
0.35404
0.44392
0.46398
0.45193
0.47075
0.43728
0.37816
0.36429
0.41338
0.44713
0.46181
0.46513
0.49903
0.72868
0.71015
0.6053
0.51841
0.47927
0.5093
0.48249
0.46639
0.48395
0.39205
0.37318
0.38274
0.38331
0.38485
0.40093
0.42152
0.42514
0.3384
0.31128
0.32232
0.34381
0.30464
0.29312
0.39217
0.90123
0.80069
0.67222
0.75036
0.65457
0.62714
0.62762
0.62568
0.92643
0.94252
0.54006
0.47628
0.46445
0.45836
0.46191
0.49455
0.74678
0.88176
0.92641
0.72935
0.67207
0.7329
0.60226
0.80145
0.85028
0.98387
0.97046
0.81114
0.45634
0.44769
0.43136
0.44279
0.40336
0.26255
0.21694
0.48469
0.90256
0.95467
0.93881
0.8962
0.93771
0.9557
0.9606
0.95741
0.93748
0.7783
0.37345
0.35272
0.33946
0.32076
0.31812
0.32102
0.31798
0.31824
0.35775
0.42729
0.57095
0.57589
0.66259
0.64713
0.75815
0.5426
0.73597
0.66003
0.66291
0.66467
0.61815
0.50367
0.49329
0.41523
0.42745
0.45907
0.3886
0.32831
0.38048
0.44716
0.46492
0.63654
0.66945
0.55858
0.52893
0.45133
0.78952
0.58564
0.60473
0.5183
0.5646
0.71944
0.77478
0.66442
0.67412
0.59962
0.55913
0.56146
0.78521
0.87694
0.76802
0.74724
0.56235
0.47738
0.43305
0.416
0.40441
0.46783
0.41892
0.34339
0.27909
0.27287
0.26728
0.32806
0.26619
0.92069
0.9675
0.93947
0.74221
0.56568
0.3848
0.37148
0.32292
0.31844
0.32375
0.32151
0.31159
0.30722
0.32142
0.32629
0.37038
0.33926
0.30398
0.89491
0.88745
0.73424
0.82741
0.61489
0.5622
0.60595
0.9654
0.97735
0.97655
0.98477
0.98794
0.98965
0.99156
0.93319
0.35973
0.34403
0.3297
0.31368
0.30333
0.29849
0.29123
0.27858
0.27056
0.26777
0.23997
0.24013
0.25985
0.25827
0.27457
0.29175
0.31475
0.34454
0.35157
0.34868
0.44742
0.47491
0.45994
0.5093
0.49742
0.58555
0.51848
0.43112
0.39838
0.46652
0.49248
0.45922
0.37871
0.35449
0.33246
0.3313
0.33257
0.34452
0.3845
0.44923
0.47945
0.69027
0.51919
0.32529
0.3532
0.29235
0.29612
0.87178
0.86062
0.87961
0.95505
0.80723
0.46019
0.46231
0.44632
0.5083
0.6157
0.70044
0.77032
0.7747
0.88454
0.8933
0.93088
0.71737
0.65798
0.88894
0.92271
0.93987
0.95094
0.9564
0.96028
0.93833
0.92315
0.92688
0.94569
0.88742
0.64845
0.64921
0.76742
0.95441
0.96687
0.93877
0.95444
0.95056
0.97383
0.9776
0.97585
0.9723
0.98501
0.98128
0.97203
0.9474
0.79702
0.90171
0.80894
0.73643
0.8507
0.7621
0.72396
0.86775
0.95326
0.97123
0.98892
0.99748
1.0009
0.99721
1.0003
0.99795
0.97017
0.8287
0.65182
0.54939
0.58045
0.55188
0.38133
0.35062
0.34179
0.36234
0.42028
0.47431
0.65645
0.75623
0.70803
0.44298
0.43171
0.52228
0.95933
0.96942
0.98074
0.94273
0.9671
0.95904
0.96169
0.96241
0.9641
0.97071
0.92383
0.95102
0.92717
0.37046
0.26906
0.24914
0.27919
0.387
0.69704
0.72354
0.86851
0.6095
0.40761
0.42424
0.53171
0.68358
0.78167
0.94711
0.96026
0.89781
0.53118
0.34059
0.36383
0.62912
0.83226
0.96133
0.68298
0.27056
0.26157
0.33984
0.50991
0.77588
0.9875
0.995
0.99788
0.99294
0.98615
0.96897
0.95565
0.99474
0.99659
0.86693
0.73413
0.55868
0.73259
0.96882
0.99832
0.99745
0.99768
0.99984
0.99934
0.9986
1.0006
0.99916
0.9978
1.0003
0.99983
0.98116
0.9332
0.95033
0.87285
0.76837
0.85018
0.99866
0.99622
0.99871
0.99362
0.98249
0.83548
0.8602
0.63592
0.98813
0.95183
0.99824
0.96731
0.71632
0.54159
0.49913
0.54174
0.70178
0.55703
0.81693
0.80375
0.79559
0.96104
0.99961
0.9998
0.99766
0.99805
0.99664
0.93588
0.96026
0.85964
0.91342
0.96965
0.99489
0.99756
0.96844
0.99299
0.82492
0.72496
0.6259
0.62443
0.7294
0.67167
0.73698
0.50353
0.57578
0.93903
0.99975
0.99724
0.99716
0.97716
0.95447
0.89906
0.93118
0.92874
0.94666
0.96375
0.92819
0.94717
0.98225
0.99923
0.99097
0.99329
0.99509
0.95952
1.0007
0.98784
0.98815
0.9455
0.75705
0.58317
0.48997
0.45532
0.41409
0.40968
0.38927
0.34901
0.33439
0.41148
0.47384
0.49509
0.47037
0.45948
0.44605
0.38064
0.32741
0.27508
0.33227
0.34735
0.58781
0.62146
0.64839
0.65972
0.61826
0.41142
0.39328
0.51951
0.71183
0.76249
0.78346
0.60866
0.64675
0.52619
0.58634
0.60596
0.6414
0.6853
0.62685
0.629
0.53151
0.3925
0.34977
0.43765
0.54961
0.74628
0.71987
0.64011
0.46907
0.46692
0.40665
0.39626
0.55443
0.59697
0.60938
0.56757
0.56022
0.50191
0.4535
0.55024
0.6416
0.65707
0.60047
0.47307
0.35325
0.29857
0.28112
0.31315
0.44273
0.52629
0.77659
0.81185
0.58172
0.47446
0.38057
0.3771
0.48542
0.54307
0.56106
0.54307
0.54045
0.55668
0.59881
0.74857
0.84877
0.949
0.99888
0.99854
0.99753
0.99891
0.94554
0.66743
0.61427
0.71638
0.56805
0.41096
0.40266
0.40074
0.39012
0.3917
0.39803
0.40646
0.39421
0.39993
0.39594
0.3965
0.40816
0.44793
0.4375
0.42711
0.41171
0.38178
0.39119
0.40125
0.41815
0.38957
0.37801
0.39323
0.44157
0.47281
0.30305
0.31339
0.45282
0.60073
0.52144
0.49323
0.4607
0.44694
0.44478
0.44435
0.42282
0.34471
0.28119
0.24675
0.24455
0.2334
0.22082
0.2087
0.20798
0.21531
0.31411
0.39253
0.43557
0.42034
0.40108
0.31623
0.30605
0.4122
0.50442
0.50712
0.52589
0.48205
0.4223
0.40503
0.75325
0.58005
0.83217
0.88508
0.99927
0.99745
0.98208
0.99521
0.99985
0.99979
0.99769
1.0004
0.99784
0.99168
0.9951
0.75648
0.63741
0.85441
0.91385
0.81637
0.79818
0.7662
0.73597
0.98526
0.99748
0.99796
0.97739
0.98236
0.98816
0.99546
0.99706
0.98175
0.98414
0.8992
0.90952
0.90022
0.93858
0.98389
0.99674
0.99722
0.97956
0.97868
0.9985
0.9968
1.0001
0.99738
0.98778
0.9973
0.99893
0.99964
0.99129
0.89895
0.74994
0.85429
0.93873
0.99022
1.0002
0.96475
0.93018
0.92774
0.9146
0.80153
0.72574
0.6901
0.74963
0.93742
0.97468
0.91191
0.8583
0.86474
0.88321
0.94749
0.92578
0.90386
0.97293
0.93277
0.94795
0.84037
0.8
0.75446
0.82929
0.9363
0.82202
0.86334
0.84415
0.80708
0.78265
0.77148
0.7653
0.80699
0.87986
0.8921
0.90655
0.90745
0.85831
0.69787
0.64028
0.7145
0.79053
0.798
0.8287
0.77561
0.66122
0.66235
0.63765
0.68585
0.78685
0.82312
0.84249
0.8662
0.88003
0.93035
0.98343
0.9984
0.92439
0.93217
0.96249
0.77502
0.86138
0.88229
0.8149
0.84887
0.88483
0.80477
0.89561
0.90049
0.8352
0.79536
0.7884
0.80079
0.92277
0.86562
0.79282
0.7763
0.74694
0.67107
0.63279
0.72846
0.8525
0.8746
0.97826
0.97357
0.82586
0.79896
0.99731
0.95531
0.97514
0.99269
0.92477
0.89093
0.85571
0.87757
0.8382
0.86138
0.92036
0.98261
0.98327
0.99425
0.93634
0.95984
0.99733
0.99788
0.99944
0.97575
0.8935
0.83912
0.82799
0.74305
0.82982
0.80713
0.84536
0.87026
0.99927
0.9956
0.91127
0.66746
0.60903
0.62188
0.80676
0.95381
0.73888
0.63175
0.67841
0.75272
0.84806
0.96405
0.97653
0.99852
0.99884
0.98653
0.86472
0.92389
0.98314
0.99739
0.9983
0.99846
0.9351
0.86571
0.81487
0.73209
0.65867
0.73779
0.81082
0.81031
0.82189
0.88536
0.89492
0.97356
0.99212
0.99821
0.99974
0.99855
1.0008
0.99756
0.99965
0.99811
0.99988
1
0.99735
0.99734
0.90607
0.85634
0.79333
0.80507
0.84646
0.84338
0.79915
0.86213
0.94275
0.99954
0.91654
0.84488
0.82614
0.89053
0.84852
0.75739
0.74748
0.68246
0.5935
0.49129
0.45933
0.54297
0.59799
0.64159
0.58006
0.55154
0.48374
0.45145
0.41602
0.51623
0.67419
0.73184
0.71934
0.66314
0.62116
0.69542
0.73638
0.83965
0.96691
0.97093
0.98371
0.95809
0.82483
0.74333
0.73469
0.72201
0.8051
0.90501
0.98012
0.78581
0.66232
0.5745
0.49137
0.53209
0.65936
0.68858
0.65557
0.65926
0.60814
0.50512
0.45994
0.60037
0.73671
0.75
0.70406
0.69822
0.60414
0.49934
0.48789
0.81025
0.85203
0.77359
0.82664
0.76592
0.71449
0.55001
0.49086
0.47105
0.47318
0.45839
0.48409
0.47249
0.44066
0.44989
0.47924
0.77862
0.76701
0.9153
0.99992
0.87115
0.7444
0.63752
0.52596
0.52651
0.64449
0.83425
0.78513
0.82387
0.81087
0.68517
0.81814
0.79675
0.8912
0.87924
0.93059
0.85142
0.5761
0.42645
0.42584
0.546
0.79931
0.94721
1.0006
0.99823
0.87818
0.86481
0.91215
0.96527
0.79219
0.74499
0.68609
0.65985
0.61025
0.48324
0.51583
0.49907
0.54408
0.53465
0.46867
0.41757
0.36485
0.35478
0.36073
0.34478
0.48074
0.58497
0.61617
0.60564
0.53166
0.72489
0.8918
0.88695
0.99785
0.99694
0.9981
1.0001
0.99899
0.98573
0.99759
0.99539
0.97922
0.9914
0.98733
0.9322
0.93909
0.89766
0.90236
0.87368
0.86498
0.88776
0.81474
0.77212
0.57933
0.47789
0.31885
0.33156
0.52065
0.53554
0.46978
0.37003
0.31402
0.32505
0.3347
0.36425
0.45595
0.51008
0.45281
0.38112
0.36664
0.39145
0.4417
0.48357
0.51081
0.48804
0.4929
0.54989
0.56439
0.55622
0.51984
0.50114
0.58551
0.65097
0.63558
0.63705
0.65787
0.59823
0.48361
0.4872
0.53412
0.74132
0.86108
0.59968
0.5123
0.51319
0.46607
0.52877
0.63035
0.85841
0.86518
0.89021
0.90343
0.84582
0.97773
0.99579
0.99911
0.99023
0.98943
0.93483
0.64243
0.58203
0.55955
0.59312
0.8651
0.91242
0.9232
0.98515
0.99676
0.94101
0.82259
0.80267
0.90112
0.97262
0.84107
0.68634
0.52158
0.42812
0.35786
0.42378
0.61422
0.72491
0.77482
0.60812
0.41799
0.31625
0.29569
0.30949
0.40121
0.49632
0.6442
0.60367
0.62162
0.39258
0.4134
0.46174
0.49371
0.57815
0.69692
0.5686
0.46398
0.41724
0.45873
0.48627
0.58294
0.67181
0.62422
0.64382
0.51381
0.47324
0.48067
0.50655
0.59062
0.71565
0.73602
0.63234
0.46632
0.52248
0.48368
0.4816
0.45805
0.44585
0.45628
0.62828
0.58795
0.53579
0.42738
0.50695
0.70119
0.89914
0.9985
0.99837
0.95528
0.68682
0.51979
0.57501
0.64578
0.7786
0.83525
0.75579
0.71882
0.60604
0.61655
0.64031
0.88699
0.92274
0.93156
0.72447
0.48683
0.4205
0.40674
0.44084
0.60755
0.84386
0.85089
0.72592
0.53258
0.49848
0.52663
0.55799
0.66906
0.67948
0.66987
0.45768
0.41547
0.3929
0.38179
0.38459
0.41669
0.39851
0.38775
0.38224
0.37428
0.37529
0.38494
0.41188
0.44756
0.44307
0.46289
0.43001
0.37704
0.33187
0.30961
0.3045
0.34365
0.35746
0.36684
0.31183
0.30202
0.281
0.2535
0.26246
0.30633
0.35882
0.40139
0.43878
0.33954
0.31407
0.35951
0.38272
0.45208
0.48027
0.54031
0.40787
0.39793
0.4273
0.41784
0.43487
0.46634
0.49944
0.5237
0.46294
0.36942
0.34138
0.31859
0.32254
0.3548
0.37477
0.36384
0.28885
0.28546
0.2727
0.29195
0.3148
0.33737
0.3984
0.43596
0.35925
0.32694
0.35711
0.36982
0.44502
0.52626
0.64157
0.65259
0.54425
0.40513
0.43961
0.42377
0.47126
0.49471
0.47594
0.46142
0.4374
0.52033
0.45419
0.41078
0.41062
0.41023
0.458
0.49966
0.41377
0.37756
0.36399
0.36073
0.38739
0.40975
0.51781
0.53447
0.47316
0.43004
0.41139
0.37386
0.38894
0.40816
0.40252
0.49013
0.36906
0.34112
0.48398
0.52158
0.5163
0.55306
0.53053
0.55016
0.51704
0.56259
0.53942
0.593
0.71919
0.75916
0.8507
0.85063
0.81301
0.62696
0.53662
0.51486
0.53646
0.60223
0.60301
0.60314
0.48299
0.41559
0.429
0.41614
0.42586
0.57354
0.74098
0.80443
0.99954
0.77135
0.60737
0.55018
0.5432
0.7275
0.71769
0.70143
0.54331
0.57065
0.48151
0.55703
0.53507
0.51673
0.53019
0.54218
0.45365
0.45983
0.42078
0.40995
0.40569
0.38328
0.386
0.37144
0.32894
0.3132
0.30293
0.2992
0.30621
0.29815
0.32995
0.31933
0.25412
0.25277
0.27112
0.27841
0.28771
0.31547
0.43103
0.39365
0.37321
0.33543
0.3445
0.37814
0.35343
0.35631
0.32557
0.38441
0.41588
0.39173
0.39101
0.39607
0.32594
0.32088
0.28421
0.34081
0.29414
0.28221
0.28396
0.31386
0.31664
0.32884
0.33749
0.3044
0.29244
0.34467
0.37914
0.37112
0.33906
0.36693
0.33241
0.25488
0.21805
0.22637
0.20736
0.21073
0.1982
0.29623
0.29223
0.28714
0.2278
0.1834
0.17107
0.17333
0.27942
0.26418
0.30884
0.39941
0.46807
0.42706
0.43358
0.38554
0.58622
0.61267
0.46915
0.58064
0.49581
0.41885
0.47105
0.5116
0.43931
0.58097
0.56575
0.47779
0.41759
0.39598
0.40802
0.48048
0.54295
0.72288
0.93403
0.93641
0.94697
0.95394
0.95617
0.96424
0.97489
0.98246
0.89652
0.62868
0.52901
0.47218
0.47732
0.46067
0.43888
0.43093
0.41133
0.3239
0.28775
0.29966
0.37181
0.40204
0.45284
0.37402
0.42007
0.61975
0.61971
0.62929
0.74543
0.84031
0.89524
0.82887
0.80864
0.78228
0.73905
0.71841
0.7691
0.97359
0.99917
0.87976
0.99778
0.99066
0.99627
0.99223
0.99209
0.87204
0.96269
0.97528
0.99932
0.97724
0.9938
0.99961
0.99802
0.99956
0.99902
0.96302
0.92627
0.76907
0.76444
0.59536
0.54679
0.41536
0.43531
0.40294
0.40334
0.39038
0.3848
0.3977
0.40579
0.44236
0.44835
0.42621
0.4174
0.44724
0.4972
0.51958
0.68511
0.83787
0.78561
0.69801
0.84743
0.90625
0.69555
0.55026
0.53653
0.49275
0.45886
0.45533
0.4759
0.43492
0.48351
0.65188
0.62371
0.60801
0.89842
0.62489
0.5892
0.58764
0.56853
0.51152
0.49636
0.56978
0.88917
0.74463
0.84572
0.68284
0.58924
0.57582
0.53667
0.43465
0.39641
0.40837
0.41993
0.39426
0.3637
0.37333
0.38271
0.36157
0.33412
0.31288
0.34092
0.30914
0.31175
0.55739
0.87341
0.86199
0.82372
0.83262
0.80675
0.58573
0.49111
0.42142
0.4326
0.42851
0.42624
0.42262
0.45709
0.44523
0.52274
0.55438
0.52676
0.55891
0.51528
0.38936
0.36766
0.57332
0.60096
0.53161
0.55619
0.52727
0.47818
0.43619
0.40091
0.39348
0.37032
0.35093
0.36525
0.37795
0.34472
0.33708
0.29468
0.2614
0.24572
0.26031
0.28598
0.31385
0.35231
0.37135
0.3791
0.37165
0.38586
0.41842
0.3822
0.35815
0.31204
0.30289
0.44679
0.86046
0.89976
0.91528
0.88666
0.91501
0.9348
0.95152
0.95102
0.76614
0.74496
0.67403
0.66097
0.61841
0.67219
0.68452
0.78926
0.80136
0.83832
0.93022
0.70687
0.49452
0.48149
0.48368
0.47507
0.59386
0.61715
0.72736
0.85917
0.93257
0.96962
0.97507
0.97618
0.97389
0.97382
0.96872
0.97053
0.93415
0.89612
0.85889
0.64894
0.49001
0.45459
0.42249
0.3587
0.38121
0.38179
0.39176
0.41451
0.4574
0.69418
0.66723
0.83901
0.65711
0.67487
0.72159
0.58838
0.69083
0.74755
0.56247
0.55104
0.37886
0.22275
0.18374
0.16726
0.23336
0.22812
0.36772
0.31446
0.29615
0.23773
0.21618
0.17295
0.18201
0.1584
0.18476
0.2363
0.25184
0.24889
0.24688
0.23892
0.24493
0.25998
0.25478
0.21968
0.20901
0.21177
0.21982
0.21682
0.22856
0.22364
0.24062
0.26117
0.33623
0.34965
0.37365
0.36869
0.36047
0.32957
0.31484
0.32181
0.30516
0.29537
0.36553
0.35117
0.49463
0.49362
0.44087
0.2526
0.26784
0.26158
0.30677
0.37766
0.53818
0.48559
0.43302
0.42683
0.67945
0.85046
0.73862
0.87168
0.7515
0.617
0.57074
0.59332
0.47791
0.46772
0.46187
0.43817
0.44049
0.41534
0.39036
0.39402
0.43906
0.46418
0.49248
0.50731
0.5447
0.67825
0.83999
0.87097
0.88993
0.89611
0.90126
0.90497
0.85462
0.83969
0.87199
0.9178
0.91001
0.71145
0.74644
0.77004
0.84538
0.94159
0.95553
0.95526
0.95767
0.95016
0.65348
0.51199
0.47956
0.40311
0.34407
0.51316
0.62476
0.63591
0.59991
0.50534
0.51926
0.60143
0.64863
0.68923
0.9226
0.95725
0.95421
0.95311
0.73855
0.68074
0.61228
0.9325
0.88241
0.89924
0.83728
0.91523
0.94098
0.96966
0.95051
0.65117
0.89931
0.90633
0.70221
0.87281
0.92794
0.96713
0.95121
0.9519
0.94949
0.94267
0.96874
0.96284
0.67929
0.57238
0.77206
0.77752
0.88234
0.88871
0.92057
0.96201
0.96259
0.95562
0.97026
0.99908
0.99708
0.91459
0.68248
0.76601
0.94989
0.94925
0.92861
1.0003
0.99872
0.99891
0.99944
0.99206
0.93521
0.91622
0.90884
0.87972
0.90307
0.91136
0.91608
0.95033
0.8595
0.72948
0.53236
0.4761
0.37816
0.34162
0.3466
0.48189
0.49327
0.4824
0.48317
0.43025
0.35442
0.2823
0.25885
0.29051
0.26628
0.37065
0.49266
0.4812
0.44434
0.42658
0.40884
0.402
0.40872
0.38135
0.35958
0.32829
0.31842
0.32517
0.2945
0.36117
0.47099
0.51671
0.77161
0.73522
0.87099
0.86343
0.89189
0.89132
0.91748
0.91516
0.9324
0.93607
0.93418
0.93445
0.93781
0.93322
0.93167
0.92532
0.86275
0.72803
0.621
0.39825
0.30668
0.31896
0.36335
0.36949
0.35824
0.34715
0.33742
0.32645
0.31024
0.31202
0.37917
0.37985
0.35099
0.34412
0.33296
0.30376
0.27577
0.27909
0.28026
0.30328
0.27598
0.27011
0.28535
0.27596
0.28198
0.28798
0.28595
0.30916
0.48132
0.39963
0.37954
0.35277
0.33746
0.3258
0.34069
0.35777
0.33091
0.27924
0.27205
0.25136
0.30252
0.32346
0.30186
0.30072
0.26447
0.27446
0.30195
0.25822
0.25703
0.2284
0.20346
0.19212
0.16306
0.12554
0.10432
0.07961
0.11002
0.15551
0.30929
0.50702
0.75407
0.78445
0.72545
0.71015
0.61997
0.49265
0.39477
0.4176
0.37254
0.36827
0.32922
0.28862
0.26548
0.32773
0.50737
0.50935
0.41181
0.35451
0.41496
0.40908
0.43
0.43257
0.38888
0.32238
0.32585
0.42658
0.3694
0.34332
0.33228
0.32257
0.33034
0.34745
0.34736
0.31695
0.29747
0.20606
0.20226
0.71546
0.87361
0.89411
0.91069
0.91128
0.92436
0.93301
0.94015
0.94708
0.90917
0.86573
0.911
0.93615
0.91987
0.93413
0.97673
0.96136
0.95127
0.91658
0.84939
0.9216
0.65751
0.60419
0.46416
0.35649
0.3956
0.37919
0.36092
0.30997
0.2246
0.2265
0.38327
0.26686
0.2903
0.57493
0.82465
0.67959
0.66229
0.54054
0.45772
0.47863
0.53639
0.54705
0.69464
0.83637
0.95976
0.99872
1.0004
1
0.9974
0.94151
0.38607
0.36691
0.36067
0.34901
0.34214
0.3697
0.37816
0.37644
0.36732
0.3769
0.35339
0.33618
0.53728
0.49086
0.44614
0.42139
0.53284
0.60613
0.56322
0.51795
0.42025
0.43806
0.45809
0.44876
0.44408
0.44924
0.32529
0.45979
0.91062
0.89807
0.9319
0.8358
0.81186
0.66116
0.6417
0.85608
0.8904
0.87608
0.82893
0.87012
0.77898
0.87455
0.86918
0.70408
0.85208
0.87339
0.66966
0.87669
0.59951
0.43602
0.4541
0.34497
0.24711
0.21669
0.19655
0.23639
0.24007
0.2499
0.2084
0.24121
0.25548
0.19765
0.31573
0.2213
0.1941
0.22296
0.20054
0.25206
0.28578
0.39327
0.24474
0.35188
0.33971
0.41577
0.33079
0.34855
0.32052
0.38719
0.36489
0.36752
0.39924
0.44017
0.45904
0.51344
0.49202
0.4721
0.65179
0.73465
0.79468
0.83396
0.83794
0.5278
0.534
0.80568
0.8835
0.59727
0.56536
0.54512
0.60249
0.73685
0.67927
0.64958
0.54576
0.46685
0.40429
0.36991
0.34235
0.32682
0.31793
0.30578
0.30212
0.29369
0.32438
0.42708
0.49572
0.5713
0.73006
0.45535
0.62627
0.59499
0.84157
0.87464
0.88735
0.88567
0.8894
0.9002
0.9001
0.87482
0.77967
0.5179
0.44293
0.38439
0.33446
0.40884
0.45831
0.59243
0.63037
0.45295
0.52092
0.63948
0.69397
0.73833
0.7396
0.45363
0.56699
0.31564
0.24176
0.18498
0.22524
0.23534
0.166
0.17424
0.18758
0.11692
0.12676
0.18154
0.17338
0.17456
0.17561
0.1658
0.17024
0.18033
0.16083
0.15687
0.17659
0.17785
0.18437
0.17791
0.17529
0.1867
0.21423
0.31453
0.40316
0.39352
0.37514
0.41862
0.45958
0.42134
0.67248
0.84001
0.89702
0.77348
0.77706
0.83613
0.94733
0.93938
0.76515
0.64242
0.32397
0.31075
0.29375
0.28341
0.28699
0.29142
0.29711
0.28662
0.27412
0.26454
0.26381
0.26617
0.27854
0.3001
0.34837
0.29441
0.62573
0.71962
0.82021
0.58427
0.53894
0.63605
0.67089
0.65837
0.44389
0.3583
0.31006
0.29667
0.28118
0.27353
0.27154
0.27849
0.28201
0.28285
0.27739
0.27938
