0.54818
0.56809
0.57585
0.59031
0.56747
0.54483
0.39413
0.44486
0.48549
0.84744
0.59582
0.65446
0.76078
0.80788
0.73487
0.60959
0.65146
0.61023
0.58678
0.5336
0.44139
0.51269
0.50485
0.60496
0.73152
0.70174
0.61873
0.53969
0.49412
0.50835
0.5291
0.51782
0.46476
0.46034
0.48855
0.6036
0.64475
0.74715
0.87694
0.89282
0.90342
0.90773
0.73348
0.58506
0.58798
0.57203
0.57355
0.8543
0.70301
0.61302
0.61889
0.58097
0.5756
0.50797
0.54386
0.55732
0.54965
0.59342
0.52912
0.5355
0.52114
0.4467
0.44373
0.47254
0.51381
0.40539
0.34485
0.30954
0.36037
0.36467
0.44283
0.77847
0.87059
0.70033
0.6312
0.59379
0.55137
0.45229
0.37512
0.35888
0.44217
0.46748
0.51612
0.61327
0.60916
0.53501
0.47004
0.4419
0.46181
0.53078
0.52115
0.46031
0.47567
0.4655
0.46482
0.39939
0.40387
0.50393
0.55624
0.62216
0.83587
0.71644
0.8598
0.81816
0.70359
0.62157
0.36934
0.32031
0.3473
0.39914
0.42047
0.3814
0.36752
0.31248
0.28005
0.29516
0.54102
0.61544
0.67421
0.67091
0.93163
0.94554
0.94975
0.96337
0.95882
0.96218
0.96622
0.96982
0.93782
0.92603
0.95433
0.77941
0.85089
0.96693
0.92787
0.95639
0.97619
0.95937
0.95256
0.81265
0.91554
0.77994
0.72083
0.53777
0.48655
0.33444
0.58028
0.48986
0.704
0.79234
0.96927
0.98857
0.92825
0.67458
0.48425
0.54999
0.79121
0.86471
0.77768
0.70773
0.86121
0.84229
0.79983
0.89408
0.81667
0.6248
0.82452
0.93113
0.90609
0.90632
0.80075
0.84464
0.91072
0.67113
0.50412
0.43228
0.46921
0.85221
0.89989
0.89513
0.92846
0.95513
0.86112
0.92574
0.9435
0.9395
0.94012
0.93847
0.93603
0.93124
0.91698
0.92502
0.66819
0.83181
0.74187
0.81077
0.82472
0.68477
0.57908
0.63114
0.58056
0.55263
0.56396
0.45595
0.49613
0.75137
0.78621
0.83543
0.84464
0.88316
0.76697
0.47679
0.4745
0.88062
0.79706
0.62893
0.55582
0.55158
0.57466
0.5604
0.50993
0.55402
0.4816
0.45315
0.42811
0.42774
0.48032
0.47479
0.41718
0.3214
0.3205
0.86069
0.72847
0.90049
0.91227
0.93306
0.93542
0.93775
0.94118
0.8308
0.73285
0.66641
0.95168
0.95384
0.92464
0.94821
0.95627
0.9535
0.88558
0.96379
0.92455
0.94835
0.94031
0.91337
0.84372
0.94048
0.94542
0.91218
0.74187
0.73686
0.85267
0.79705
0.95318
0.93065
0.92866
0.91682
0.89786
0.83191
0.95727
0.94602
0.95045
0.95236
0.95562
0.94225
0.93282
0.84419
0.92564
0.81949
0.94274
0.98302
0.9972
0.9978
0.91802
0.78043
0.72093
0.69389
0.69591
0.67807
0.61055
0.59091
0.55673
0.57433
0.59765
0.60366
0.59767
0.55635
0.74998
0.96624
0.9356
0.72747
0.72581
0.76138
0.77676
0.80746
0.85876
0.85811
0.85113
0.88143
0.82638
0.8546
0.85313
0.97743
0.94621
0.95617
0.96328
0.98429
0.96809
0.96677
0.96124
0.96208
0.95516
0.94942
0.89683
0.40928
0.42296
0.92145
0.92881
0.7367
0.93885
0.7904
0.98354
0.95993
0.93871
0.89172
0.91723
0.94289
0.94499
0.91384
0.9434
0.82027
0.7152
0.59183
0.80576
0.93179
0.84975
0.64775
0.57743
0.55799
0.55082
0.78582
0.73086
0.83845
0.89225
0.87127
0.92326
0.88201
0.84232
0.89902
0.89726
0.86036
0.77471
0.71885
0.70689
0.66276
0.82269
0.79325
0.92254
0.93029
0.92921
0.9204
0.60231
0.47494
0.47181
0.42623
0.3686
0.37442
0.36442
0.40516
0.35683
0.32219
0.28135
0.48586
0.93787
0.94883
0.91454
0.93697
0.8716
0.60723
0.72465
0.79604
0.69474
0.66194
0.6146
0.57941
0.60867
0.82974
0.73791
0.79805
0.91452
0.99711
0.9984
1.0006
0.99966
1.0007
0.99952
0.99915
1.0004
1.0011
0.9679
0.98562
0.97643
0.976
0.90161
0.74667
0.65523
0.6561
0.65043
0.65174
0.50707
0.4212
0.37806
0.40221
0.61639
0.46124
0.6181
0.56991
0.76982
0.83955
0.77735
0.85626
0.90052
0.88866
0.76405
0.76343
0.78731
0.8095
0.84112
0.87686
0.92555
0.89426
0.88914
0.87084
0.83138
0.83887
0.79965
0.78746
0.77992
0.80786
0.76574
0.77359
0.79501
0.77078
0.75372
0.746
0.74256
0.78508
0.76614
0.75865
0.79395
0.85199
0.75542
0.71858
0.67999
0.62442
0.65327
0.54847
0.89585
0.94665
0.96502
0.97689
0.98815
0.98947
0.98611
0.99301
0.99763
1.0009
0.99711
1.0002
0.93644
0.75894
0.78671
0.90755
0.984
0.98662
0.98583
0.9822
0.97895
0.97672
0.97505
0.97354
0.94876
0.96712
0.9632
0.94541
0.94905
0.96289
0.99305
0.92567
0.98244
0.93052
0.89381
0.84355
0.66038
0.54084
0.51537
0.63518
0.87578
0.9473
0.96427
0.86139
0.94434
0.97525
0.97531
0.97382
0.9621
0.96853
0.8174
0.88022
0.62321
0.92963
0.92272
0.92649
0.88545
0.8465
0.95127
0.81531
0.5585
0.69627
0.55464
0.59727
0.62065
0.54262
0.46407
0.51011
0.63816
0.56013
0.52375
0.44617
0.39311
0.42939
0.4838
0.81467
0.94967
0.94141
0.94684
0.95062
0.94523
0.81815
0.64132
0.61284
0.78791
0.79166
0.7516
0.80546
0.78986
0.77721
0.70279
0.82589
0.91846
0.95133
0.94802
0.88786
0.7984
0.73303
0.60234
0.61473
0.48309
0.37321
0.56084
0.49716
0.65283
0.81584
0.64487
0.87287
0.90556
0.91204
0.80359
0.60026
0.65837
0.68417
0.64917
0.68356
0.73044
0.60228
0.57836
0.48144
0.3133
0.34663
0.30652
0.45754
0.46911
0.43074
0.38511
0.33152
0.3295
0.39154
0.5028
0.77097
0.88533
0.90285
0.78075
0.72322
0.64024
0.47331
0.36386
0.40026
0.43967
0.43422
0.39861
0.55078
0.89686
0.88889
0.90986
0.90801
0.92134
0.88062
0.91455
0.90679
0.74713
0.7007
0.70404
0.88996
0.9219
0.91371
0.92535
0.92813
0.92602
0.91643
0.76046
0.65778
0.86331
0.73626
0.7253
0.67617
0.61773
0.53871
0.47027
0.43699
0.36429
0.50202
0.41147
0.35177
0.32671
0.36023
0.34325
0.58534
0.50358
0.28514
0.37558
0.45963
0.41863
0.3908
0.4086
0.47857
0.66805
0.79235
0.76988
0.69072
0.68077
0.54769
0.55396
0.75503
0.68769
0.64656
0.55076
0.64903
0.56118
0.51658
0.6091
0.64367
0.74095
0.63533
0.49987
0.40154
0.87387
0.58343
0.6664
0.60823
0.60785
0.55286
0.42949
0.38084
0.46428
0.49363
0.55701
0.60293
0.79028
0.9187
0.88252
0.91341
0.60207
0.53567
0.64043
0.95424
0.9476
0.89681
0.84535
0.759
0.96494
0.96058
0.88873
0.77483
0.7303
0.8691
0.82823
0.94061
0.98679
0.91227
0.78445
0.98018
0.81588
0.84373
0.64264
0.85098
0.94127
0.94982
0.77258
0.58577
0.49981
0.39697
0.44042
0.6721
0.54812
0.4014
0.44428
0.51438
0.58144
0.62814
0.62997
0.73223
0.94544
0.96389
0.95805
0.95044
0.91457
0.92518
0.95021
0.94501
0.94423
0.91334
0.7163
0.7161
0.60644
0.58521
0.50533
0.44015
0.34397
0.36183
0.36064
0.42829
0.5171
0.39864
0.41844
0.4559
0.90915
0.65833
0.56817
0.71825
0.67554
0.58238
0.56332
0.51704
0.43322
0.47378
0.44725
0.47441
0.58873
0.69686
0.7445
0.97504
0.97706
0.98312
0.91868
0.76849
0.73653
0.56278
0.61923
0.54683
0.46373
0.51436
0.71033
0.70945
0.77332
0.79565
0.65206
0.94502
0.87746
0.53813
0.5504
0.76911
0.976
0.97213
0.87022
0.91355
0.73306
0.75911
0.63527
0.57783
0.4721
0.4726
0.48039
0.38119
0.28579
0.54363
0.56926
0.53207
0.53346
0.79399
0.75745
0.80554
0.90524
0.85009
0.88643
0.98547
0.99091
0.9964
0.99769
0.99852
1.0008
0.99845
0.99788
1.0004
0.99756
0.99737
1.0008
1.0007
0.99768
1
0.99847
0.99734
0.99942
1
0.99656
0.65591
0.44568
0.3926
0.57388
0.60519
0.71982
0.80691
0.93863
0.8634
0.77031
0.74944
0.81997
0.79852
0.8744
0.80946
0.67018
0.79782
0.81175
0.73487
0.64053
0.61516
0.5005
0.43792
0.4814
0.69658
0.73083
0.78274
0.81362
0.84675
0.79561
0.77705
0.87023
0.92032
0.87357
0.93742
0.96114
0.95888
0.98902
0.98649
0.98786
0.86688
0.40031
0.44875
0.45033
0.4352
0.39101
0.42086
0.42706
0.32563
0.48337
0.39896
0.37481
0.41257
0.51833
0.40559
0.50244
0.46423
0.49136
0.45092
0.62695
0.71183
0.75676
0.81079
0.85995
0.91822
0.91812
0.94808
0.95049
0.82483
0.88863
0.8843
0.8477
0.88158
0.76653
0.6768
0.74838
0.75696
0.93925
0.99384
0.9788
0.9714
0.96931
0.92617
0.96701
0.96086
0.9661
0.96519
0.92311
0.92912
0.93924
0.89492
0.81428
0.8027
0.80722
0.89251
0.90824
0.8711
0.94206
0.95362
0.90682
0.76727
0.81034
0.87204
0.88939
0.85582
0.89702
0.85602
0.84403
0.86676
0.77428
0.89229
0.92858
0.85513
0.85143
0.82797
0.777
0.74015
0.76092
0.77515
0.71236
0.72612
0.79344
0.74439
0.72054
0.72464
0.96942
1.0006
1.0008
1.0002
0.99763
1
1.0005
1.0003
0.99749
1.0001
0.99985
0.99973
0.99733
0.99709
1.0004
0.99799
0.99811
1.0008
0.99763
1.0003
1.0004
0.99882
0.99989
0.99284
0.9928
0.99908
0.99798
0.99861
0.99947
0.99735
0.99855
1.0008
0.99932
0.9804
0.96248
0.89024
0.98247
0.99204
0.91749
0.921
0.93971
0.86701
0.84455
0.80128
0.91701
0.92961
0.90005
0.90129
0.86531
0.87597
0.90003
0.70384
0.79693
0.83138
0.78669
0.77077
0.86495
0.77447
0.78478
0.75523
0.884
0.79501
0.91408
0.70498
0.77968
0.89048
0.83141
0.86417
0.8887
0.97109
1.0001
0.9978
0.99962
1.0009
0.99985
0.92789
0.92069
0.90664
0.91038
0.92454
0.93097
0.93049
0.81479
0.7186
0.71907
0.86155
0.76191
0.81695
0.82593
0.70563
0.61179
0.66148
0.89738
0.96178
0.89429
0.89319
0.8639
0.77004
0.58457
0.63384
0.73613
0.89066
0.90342
0.84783
0.78255
0.4574
0.5213
0.47884
0.42338
0.578
0.65736
0.63447
0.47676
0.39589
0.42931
0.41838
0.39462
0.42807
0.63166
0.42746
0.52933
0.61735
0.50585
0.52861
0.50249
0.51252
0.54468
0.67274
0.66833
0.45243
0.38552
0.41306
0.45884
0.54828
0.66053
0.56605
0.49567
0.42727
0.51375
0.56614
0.64253
0.75732
0.80203
0.82627
0.70057
0.70035
0.78448
0.91168
0.90653
0.88983
0.99865
0.99822
0.99902
1
0.9995
1.0001
1.0003
0.90343
0.8624
0.8689
1.0004
0.99806
1.0002
0.99862
0.98595
0.98256
0.9354
0.93049
0.93428
0.94734
0.96669
0.96322
0.96072
0.90875
0.9081
0.89673
0.91027
0.94667
0.97232
0.97318
1.0008
0.9978
0.98555
0.99421
0.99788
0.99752
0.99907
0.9997
0.9999
0.924
0.89081
0.90268
0.92055
0.94944
0.92696
0.99855
0.99714
0.9999
0.99955
0.9935
0.99786
1.0003
0.99931
0.99868
0.99825
0.99913
1.0004
0.99958
0.99792
0.96384
0.98858
0.98292
0.99783
0.99806
0.95252
0.9918
0.95544
0.99049
0.94968
0.9651
0.93538
0.94662
0.90194
0.9867
0.9819
0.98686
0.99845
0.99707
0.99829
0.9984
0.99337
0.99634
0.99778
0.99819
0.81112
0.41399
0.41999
0.42458
0.41029
0.40981
0.4136
0.49484
0.98842
0.99949
0.99838
0.96947
0.92646
0.86108
0.95329
0.98427
0.99738
0.99707
0.95274
0.90876
0.85963
0.79646
0.75365
0.75313
0.75019
0.71844
0.8229
0.78366
0.7407
0.61656
0.65984
0.71375
0.72006
0.67967
0.84163
0.81073
0.82464
0.94851
0.89829
0.89496
0.91389
0.94528
0.93324
0.80084
0.82358
0.78313
0.72371
0.91244
0.95654
0.96728
0.95713
0.82007
0.88694
0.88099
0.7925
0.98051
0.99736
0.97483
0.98197
0.99562
1.0009
0.98916
0.97437
0.99342
0.9971
0.99873
0.99624
0.93252
0.86118
0.76588
0.7877
0.81236
0.84241
0.81299
0.8709
0.90059
0.91681
0.91654
0.91295
0.91855
0.87563
0.72571
0.94432
0.90014
0.8903
0.90399
0.99802
0.99952
0.99801
1.0004
0.9977
0.9994
0.99808
0.97982
0.99752
0.98752
1.0002
1.0009
0.99736
0.96653
0.89751
0.90744
0.97028
0.96979
0.9999
0.99868
0.99754
0.99797
0.99742
0.92692
0.95819
0.99449
0.99077
0.99863
0.99952
0.95686
0.61526
0.49046
0.49974
0.44836
0.42388
0.37622
0.37605
0.57981
0.52605
0.50372
0.62058
0.47541
0.48407
0.42038
0.42584
0.50777
0.47668
0.55169
0.61337
0.47474
0.44274
0.50342
0.62035
0.75067
0.74778
0.88258
0.99793
0.99769
0.99722
1.0003
0.99941
1.0005
0.99762
0.99898
0.99732
0.99757
1.0003
0.98995
0.9653
0.94962
0.83211
0.81986
0.81071
0.8049
0.8556
0.87917
0.91336
0.88351
0.86743
0.83771
0.87013
0.91691
0.98417
0.97135
0.97024
0.95825
0.91171
0.8737
0.87876
0.93924
0.96642
0.99424
0.99773
1.0009
0.9641
0.97949
0.99794
0.99806
0.99728
0.99983
0.99773
0.99718
0.97006
0.93699
0.99105
0.9942
0.99982
1.0001
0.98233
0.96183
0.95284
0.9096
0.90703
0.86462
0.93575
0.88087
0.85497
0.8744
0.8199
0.79981
0.7848
0.76371
0.69673
0.59444
0.60174
0.75203
0.82644
0.71456
0.47917
0.37506
0.33142
0.47361
0.53237
0.75866
0.7557
0.67147
0.73196
0.56498
0.55396
0.53829
0.63614
0.78766
0.84027
0.88373
0.87073
0.878
0.91602
0.91002
0.88019
0.91354
0.9147
0.97844
0.99897
0.9983
0.99957
1.0009
0.97013
0.7938
0.67338
0.66417
0.66206
0.60446
0.45598
0.47514
0.3977
0.39004
0.39739
0.42657
0.4165
0.37015
0.32064
0.29974
0.29192
0.37803
0.43631
0.48994
0.46818
0.49052
0.66051
0.92528
0.9888
0.98869
1.0005
0.99919
0.99957
0.98039
0.93831
0.99896
0.8813
0.76468
0.77566
0.83879
0.80562
0.61249
0.57114
0.52462
0.46313
0.75502
0.75614
0.7278
0.68042
0.66394
0.69755
0.72939
0.83693
0.79304
0.8897
0.8735
0.8779
0.9323
0.88795
0.88585
0.83217
0.74893
0.74152
0.77425
0.64749
0.54778
0.5307
0.48725
0.46379
0.6275
0.68099
0.7061
0.73301
0.73319
0.79639
0.77729
0.74388
0.63618
0.72286
0.73822
0.76039
0.67655
0.70148
0.76711
0.75832
0.78857
0.73486
0.68684
0.60262
0.57185
0.54873
0.65395
0.64127
0.67
0.63721
0.52746
0.61724
0.61626
0.6795
0.64121
0.55316
0.51916
0.59731
0.69208
0.67676
0.66756
0.66486
0.70395
0.76721
0.7835
0.85589
0.90128
0.94914
0.97189
0.99584
1.0002
0.98195
0.80114
0.74127
0.81418
0.8033
0.80819
0.8277
0.84693
0.79434
0.70794
0.68596
0.77089
0.80723
0.81807
0.8177
0.71737
0.73862
0.70098
0.65422
0.61624
0.53817
0.42666
0.38112
0.34087
0.35088
0.48183
0.54766
0.52956
0.48064
0.44099
0.43812
0.53151
0.6306
0.59435
0.60382
0.60496
0.70227
0.68152
0.75675
0.67938
0.67573
0.54711
0.61176
0.71095
0.75972
0.77834
0.79744
0.91642
0.97327
0.92991
0.96881
0.88358
0.80994
0.71003
0.72109
0.73684
0.7343
0.73728
0.65143
0.66136
0.7024
0.77215
0.83192
0.88602
0.94226
0.8869
0.85659
0.87971
0.94175
0.99784
0.99099
0.9855
0.99178
0.91736
0.89101
0.82829
0.85051
0.94567
0.89939
0.88072
0.86768
0.7953
0.74702
0.73814
0.73838
0.68082
0.65466
0.64011
0.62771
0.65978
0.58333
0.55475
0.54555
0.46719
0.45874
0.56363
0.57142
0.60571
0.55484
0.50328
0.50815
0.56013
0.66076
0.5346
0.52439
0.57555
0.50371
0.51325
0.53513
0.53483
0.48751
0.41103
0.46534
0.54136
0.54874
0.55791
0.56411
0.62551
0.61664
0.63933
0.61793
0.65804
0.64635
0.63501
0.68913
0.73007
0.7842
0.81562
0.78468
0.73917
0.711
0.67237
0.69005
0.71372
0.78249
0.89279
0.89669
0.8308
0.69999
0.6627
0.62454
0.59945
0.65889
0.66077
0.59797
0.5878
0.61618
0.60352
0.68905
0.79611
0.90014
0.99985
0.99908
0.99257
0.91634
0.88518
0.87051
0.84921
0.93017
0.99086
0.97915
0.99059
0.99852
1.0006
1.0003
0.99731
0.9984
0.99816
0.9985
0.99973
0.99815
0.99716
1.0005
0.9992
1.0008
0.99943
0.99778
0.99758
0.9971
0.99795
0.99864
0.97279
0.97228
0.98094
0.89036
0.88913
0.95332
0.89851
0.88684
0.955
0.99917
0.99707
0.99729
0.99848
0.99789
1.0001
1
0.99923
0.9931
0.96765
0.97833
0.78157
0.71991
0.8175
0.77266
0.53655
0.50135
0.524
0.50053
0.79508
0.83271
0.86862
0.89111
0.87688
0.90971
0.95209
0.99792
0.98983
0.98544
0.9685
0.49369
0.44705
0.57067
0.51151
0.57231
0.58167
0.84599
0.91723
0.87235
0.90058
0.91621
0.95381
0.96018
0.85838
0.91476
0.89797
0.87928
0.91041
1.0002
0.99797
0.99996
0.99962
0.98496
0.98293
0.98931
0.95939
0.86939
0.76153
0.81038
0.8141
0.90186
0.88958
0.93038
0.97993
0.97961
0.9339
0.87382
0.84409
0.85238
0.77648
0.81038
0.82316
0.8317
0.92876
0.90055
0.92047
0.9181
0.93565
0.99361
0.99919
0.99595
0.98942
1.0004
0.99822
0.99931
0.9996
0.99726
1.0001
0.9983
1.0003
0.99968
1.0001
1.0002
0.99169
0.99487
0.98303
0.96755
0.97229
0.98998
0.98768
0.97202
0.96967
0.95849
0.94192
0.99691
0.99898
0.99957
0.9999
1.0007
0.9917
0.99906
0.99758
0.99972
0.99987
0.99481
0.99824
0.99574
0.99023
0.99992
0.99828
0.99914
0.99711
0.99793
0.99885
0.99208
0.99988
0.9991
1.0006
0.99705
0.99853
0.99979
0.99976
0.98411
0.97975
0.99227
0.99898
0.99981
0.99756
0.97738
0.95065
0.9407
0.9844
0.99904
0.9982
0.9993
1.0001
0.99836
0.9855
0.92189
0.88487
0.96197
0.91497
0.89199
0.87034
0.75658
0.63882
0.90854
0.88609
0.8347
0.89234
0.91257
0.90074
0.92266
0.94966
0.93663
0.90836
0.86367
0.7512
0.71321
0.60403
0.48435
0.49047
0.7216
0.86208
0.87205
0.70214
0.58475
0.59508
0.58876
0.61378
0.88665
0.92681
0.93576
0.70617
0.51555
0.49467
0.51407
0.57565
0.93359
0.9649
0.91105
0.76099
0.7581
0.81164
0.77719
0.81475
0.84562
0.81499
0.98658
0.99955
0.99895
0.99803
0.99885
0.98731
0.98408
0.96472
0.99742
1.0007
0.99893
0.99862
0.9738
0.95442
0.93465
0.95871
0.95027
0.98384
0.99398
1.001
0.99976
0.99874
0.99029
0.99995
0.99872
0.98493
0.99725
0.99951
0.999
0.99856
0.98999
0.98028
0.99922
0.99943
0.99926
0.99771
0.98155
0.94015
0.84463
0.9245
0.69647
0.66894
0.75192
0.68804
0.59006
0.72388
0.95578
0.93952
0.93508
0.97527
0.995
0.81909
0.85336
0.88749
0.74098
0.80443
0.76702
0.65286
0.58055
0.58305
0.57123
0.62469
0.8009
0.87848
0.81406
0.66219
0.69898
0.74153
0.79717
0.79316
0.79047
0.91016
0.97529
0.95422
0.9473
0.90408
0.99196
0.90802
0.8548
0.72461
0.57176
0.5434
0.73456
0.6096
0.39629
0.37629
0.58245
0.60695
0.4368
0.46673
0.49697
0.63312
0.61922
0.58179
0.75218
0.97533
0.85447
0.71316
0.56348
0.44611
0.39444
0.39936
0.49799
0.53282
0.46083
0.48338
0.41921
0.42589
0.42196
0.39293
0.69877
0.72774
0.64592
0.50815
0.48447
0.38786
0.31906
0.32953
0.41083
0.67136
0.48606
0.50409
0.74653
0.84658
0.99788
0.99898
0.99884
0.99374
0.99966
0.99769
1.0006
1.0005
0.99968
0.99868
0.93305
0.98755
1.0003
0.98468
0.99967
0.99869
0.99888
0.94522
0.93099
0.93328
0.93073
0.84162
0.80873
0.80927
0.8272
0.79709
0.99716
0.99953
0.97434
0.99436
0.99971
0.99824
0.99951
0.99708
0.99762
0.97416
0.99899
0.99464
0.99181
0.99789
0.99828
0.99763
0.99818
1
0.9971
0.99767
0.99824
1.0009
0.49946
0.49105
0.49877
0.50264
0.55437
0.51612
0.69174
0.85786
0.84087
0.67024
0.7364
0.73972
0.96288
0.9602
0.96969
0.94854
0.9974
1.0003
0.98588
0.94769
0.94214
0.99629
0.99864
0.9977
1.0003
0.99479
0.96944
0.94739
0.97446
0.99402
0.99913
0.5264
0.52225
0.56948
0.60182
0.60499
0.87126
0.79169
0.737
0.79527
0.71102
0.76231
0.66516
0.65537
0.81429
0.86554
0.84465
0.8197
0.67932
0.88904
0.99768
0.97137
0.87115
0.61048
0.39911
0.34444
0.26898
0.29844
0.3116
0.47236
0.50361
0.42263
0.41512
0.61804
0.5126
0.54704
0.60611
0.69185
0.64519
0.83535
0.89366
0.70939
0.50642
0.33339
0.33401
0.34553
0.29643
0.28898
0.39098
0.43054
0.42935
0.50383
0.4795
0.53175
0.73882
0.70559
0.84174
0.89444
0.96784
0.96342
0.97864
0.99976
0.99985
0.86023
0.8991
0.65701
0.59591
0.53967
0.55186
0.82029
0.97202
0.98131
0.98638
0.98149
0.96748
0.96526
0.97804
0.98134
0.80526
0.7441
0.82476
0.89749
0.96014
0.8922
0.95139
0.94838
0.79606
0.86313
0.75535
0.82627
0.65528
0.77552
0.84618
0.85313
0.92564
0.99357
0.83768
0.60798
0.63721
0.73008
0.99794
0.99722
0.92126
0.74946
0.60449
0.71565
0.70897
0.57468
0.94921
0.96207
0.73326
0.64903
0.49605
0.45445
0.38202
0.67633
0.73334
0.81834
0.82517
0.77307
0.94317
0.97023
0.93732
0.9726
0.90402
0.81113
0.68621
0.9367
0.97513
0.98823
0.97522
0.9376
0.95521
0.92531
0.82374
0.78862
0.46509
0.36513
0.34167
0.2731
0.7011
0.82585
0.81377
0.94508
0.92705
0.77818
0.78193
0.74434
0.69762
0.7358
0.72554
0.82
0.71655
0.69958
0.84797
0.67916
0.68875
0.9321
0.94923
0.69031
0.4945
0.40543
0.31587
0.83668
0.96025
0.96801
0.83431
0.93109
0.97186
0.94507
0.84834
0.7824
0.84843
0.86516
0.84441
0.84613
0.78806
0.69908
0.69307
0.66961
0.59011
0.52239
0.42217
0.44513
0.59123
0.66696
0.62096
0.6319
0.47233
0.57935
0.52399
0.49823
0.48987
0.4575
0.47329
0.52701
0.54234
0.69915
0.93454
0.94134
0.94916
0.95811
0.96103
0.82935
0.79625
0.81903
0.75628
0.79977
0.56713
0.44638
0.53387
0.52643
0.77448
0.74729
0.68461
0.73887
0.70552
0.51363
0.61536
0.73397
0.61941
0.61859
0.63487
0.46315
0.31232
0.41202
0.6948
0.3955
0.60362
0.84647
0.84189
0.89308
0.91275
0.87798
0.92137
0.92763
0.9185
0.94419
0.9513
0.94749
0.82272
0.82666
0.82727
0.83869
0.71808
0.77101
0.71061
0.79456
0.91611
0.93843
0.94252
0.943
0.95003
0.95476
0.95799
0.95736
0.95828
0.94987
0.95397
0.95685
0.95632
0.95479
0.95402
0.95389
0.94771
0.94389
0.94537
0.94032
0.73732
0.64507
0.56919
0.57
0.50084
0.37639
0.35274
0.33205
0.61212
0.67668
0.57819
0.60403
0.64058
0.54646
0.49123
0.43151
0.77023
0.66385
0.45835
0.44064
0.40611
0.40787
0.42414
0.46564
0.44983
0.41008
0.4057
0.41224
0.40913
0.39379
0.3517
0.34055
0.35408
0.32975
0.29195
0.33273
0.3242
0.29035
0.49594
0.67079
0.59799
0.58997
0.67383
0.68403
0.71321
0.62674
0.8069
0.8381
0.85005
0.86046
0.86476
0.8766
0.8814
0.84556
0.82803
0.86676
0.90808
0.91447
0.89291
0.862
0.87449
0.93063
0.93321
0.93795
0.95178
0.95312
0.93796
0.96071
0.97673
0.96531
0.97311
0.77025
0.65097
0.66368
0.67201
0.68527
0.84939
0.77955
0.44753
0.50362
0.49277
0.48469
0.53305
0.53586
0.54335
0.49107
0.54039
0.51634
0.56451
0.53197
0.53758
0.55567
0.43994
0.51084
0.63473
0.69488
0.68764
0.74984
0.77289
0.7532
0.75504
0.77036
0.78955
0.81631
0.78609
0.85619
0.79099
0.77324
0.84767
0.74582
0.71212
0.68617
0.7755
0.66485
0.85303
0.68429
0.72119
0.91389
0.90407
0.80562
0.91613
0.78061
0.68324
0.66571
0.86472
0.842
0.82178
0.69791
0.52645
0.61609
0.56527
0.63564
0.68312
0.70622
0.72401
0.8988
0.92665
0.93704
0.8841
0.91063
0.93868
0.94273
0.94457
0.94474
0.9537
0.92315
0.83934
0.78423
0.68023
0.64051
0.58478
0.63276
0.7684
0.78549
0.72499
0.71535
0.72349
0.65754
0.64334
0.62472
0.61764
0.5521
0.54478
0.54613
0.5149
0.46186
0.42915
0.39751
0.50923
0.44524
0.44329
0.45349
0.42074
0.38731
0.42056
0.39273
0.45127
0.44772
0.92632
0.95958
0.97432
0.97504
0.97377
0.97326
0.96483
0.97822
0.97812
0.96689
0.96645
0.70756
0.86894
0.85049
0.83502
0.89085
0.87778
0.64737
0.74142
0.76717
0.52993
0.51386
0.49773
0.53502
0.96029
0.96294
0.96671
0.96826
0.96498
0.97241
0.97316
0.9732
0.97597
0.93109
0.55552
0.49253
0.90917
0.97831
0.9914
0.99931
0.99749
0.99758
0.95834
0.72582
0.65532
0.68361
0.99472
0.97745
0.97693
0.98993
0.99166
0.98334
0.95972
0.96238
0.95481
0.93467
0.94064
0.99454
0.86358
0.90833
0.9781
0.98476
0.98325
0.97715
0.85552
0.97432
0.9478
0.96717
0.95994
0.86599
0.67985
0.94137
0.95806
0.95321
0.89842
0.61613
0.89517
0.90496
0.89978
0.65668
0.71181
0.57285
0.56413
0.60509
0.49461
0.76019
0.6668
0.75144
0.74562
0.71379
0.66865
0.84156
0.93447
0.95356
0.94682
0.8261
0.74108
0.89108
0.81671
0.72675
0.96088
0.93357
0.78143
0.89334
0.99717
0.98642
0.95232
0.96206
0.94561
0.97981
0.98227
0.97575
0.96834
0.95367
0.9349
0.91666
0.95991
0.8327
0.90986
0.95533
0.95803
0.93416
0.94978
0.83252
0.89375
0.8791
0.81451
0.73089
0.65744
0.7476
0.52614
0.73241
0.45408
0.85759
0.7744
0.68739
0.57029
0.59928
0.49006
0.53033
0.41012
0.32652
0.50264
0.45722
0.49007
0.49056
0.52512
0.54345
0.7633
0.88823
0.79015
0.6807
0.56173
0.46495
0.48546
0.47519
0.44769
0.52726
0.60756
0.68608
0.5234
0.59907
0.51853
0.51145
0.57933
0.7197
0.72797
0.66665
0.7866
0.95992
0.94402
0.91224
0.92796
0.94763
0.94998
0.95077
0.94284
0.68625
0.59827
0.61057
0.62778
0.68204
0.48639
0.39062
0.51194
0.75802
0.85712
0.93805
0.94773
0.95824
0.97181
0.97033
0.97903
0.98986
0.98633
0.98114
0.97916
0.97705
0.94232
0.93326
0.94234
0.74597
0.67665
0.62605
0.63455
0.64987
0.71185
0.77011
0.71511
0.85363
0.90085
0.89757
0.63838
0.57177
0.64804
0.75951
0.57027
0.7952
0.84079
0.68608
0.59132
0.59927
0.5351
0.561
0.56044
0.64708
0.5432
0.51631
0.49835
0.50457
0.46152
0.42934
0.50736
0.45511
0.39837
0.3748
0.3365
0.31434
0.31975
0.33093
0.47047
0.58305
0.65241
0.65203
0.60521
0.60002
0.6562
0.82119
0.91172
0.93611
0.95773
0.95744
0.97139
0.97532
0.98344
0.9907
0.99505
0.99854
0.99326
0.98967
0.96437
0.97431
0.93882
0.94265
0.7974
0.93866
0.96059
0.85238
0.77725
0.94756
0.6548
0.80856
0.89794
0.61997
0.50554
0.49543
0.61717
0.40241
0.45452
0.48611
0.38614
0.28663
0.43069
0.48999
0.55583
0.54776
0.62429
0.75768
0.80259
0.70758
0.65939
0.70696
0.65209
0.59485
0.54772
0.53471
0.39719
0.50484
0.51284
0.4762
0.48433
0.79134
0.89477
0.53771
0.66025
0.62482
0.53165
0.43479
0.39971
0.47606
0.34407
0.3534
0.28846
0.28307
0.32118
0.29767
0.2741
0.25509
0.25578
0.2342
0.2386
0.23043
0.26163
0.31239
0.2937
0.34841
0.35236
0.35281
0.34503
0.35684
0.35801
0.33884
0.33874
0.30872
0.68467
0.91178
0.7466
0.89965
