0.94962
0.80877
0.90496
0.50665
0.34836
0.41891
0.85074
0.75186
0.53825
0.59388
0.55811
0.5519
0.70303
0.93985
0.94316
0.94261
0.94421
0.91136
0.70204
0.72992
0.88562
0.63843
0.63537
0.43811
0.46749
0.45195
0.55011
0.57107
0.69778
0.5687
0.41229
0.45136
0.41274
0.52087
0.60453
0.58305
0.67609
0.58045
0.65433
0.57409
0.49507
0.50136
0.51185
0.58513
0.50652
0.51068
0.557
0.95077
0.94669
0.95094
0.95097
0.95001
0.94842
0.94786
0.94252
0.9158
0.77421
0.84508
0.69648
0.66465
0.64203
0.67174
0.63194
0.59442
0.52272
0.62782
0.60809
0.64205
0.79269
0.651
0.65221
0.81523
0.71424
0.6675
0.55994
0.53083
0.44701
0.50601
0.48389
0.39333
0.52582
0.34777
0.3937
0.41132
0.4235
0.39713
0.42114
0.43351
0.36643
0.3389
0.35748
0.33299
0.32071
0.31123
0.34915
0.44141
0.38923
0.34858
0.33823
0.30669
0.28954
0.26152
0.26117
0.22812
0.23048
0.57665
0.84393
0.85354
0.78011
0.85668
0.89353
0.90514
0.90444
0.90874
0.90828
0.89169
0.88223
0.80345
0.88774
0.88485
0.73852
0.82969
0.87657
0.71548
0.59434
0.85736
0.8762
0.68515
0.73677
0.73594
0.73283
0.72418
0.66229
0.70504
0.75011
0.59383
0.52339
0.51839
0.50811
0.49237
0.51761
0.39202
0.34936
0.28883
0.26345
0.18272
0.17193
0.30357
0.35323
0.4402
0.37344
0.42795
0.21358
0.18094
0.17315
0.16155
0.16997
0.20695
0.19069
0.15025
0.13512
0.1233
0.10149
0.11059
0.15221
0.16808
0.27038
0.23905
0.58214
0.7468
0.80614
0.84025
0.69961
0.69112
0.67504
0.59873
0.64924
0.70362
0.81098
0.91549
0.95745
0.96531
0.96224
0.95609
0.95807
0.96821
0.99163
1.0008
0.99907
0.99003
0.97774
0.32478
0.32559
0.34327
0.32846
0.24579
0.22897
0.25684
0.20655
0.28933
0.36466
0.36956
0.73678
0.93452
0.95434
0.96019
0.95924
0.96829
0.97679
0.98224
0.98589
0.98778
0.94555
0.97966
0.69662
0.3625
0.36871
0.61345
0.94706
0.97183
0.97202
0.97876
0.97875
0.98213
0.98922
0.99062
0.99982
0.99785
0.99739
0.99267
0.99367
0.98904
0.98483
0.98143
0.95192
0.87944
0.59947
0.39262
0.32967
0.27913
0.3456
0.71563
0.60593
0.81284
0.89316
0.94916
0.95463
0.95515
0.95873
0.94216
0.80585
0.67901
0.55679
0.42308
0.70342
0.95446
0.96123
0.95813
0.95636
0.92211
0.95675
0.87794
0.68401
0.97499
0.96715
0.96641
0.92242
0.84197
0.62009
0.81033
0.87671
0.93019
0.90507
0.84346
0.82388
0.66814
0.54834
0.54632
0.56727
0.68559
0.6538
0.72484
0.66102
0.60589
0.61681
0.63132
0.64734
0.58154
0.51216
0.52807
0.7206
0.89939
0.9321
0.96285
0.72406
0.6083
0.48952
0.4986
0.41236
0.38778
0.48069
0.701
0.4513
0.39906
0.49638
0.61902
0.66476
0.70677
0.73032
0.72061
0.90432
0.85308
0.69516
0.67891
0.72956
0.9134
0.71128
0.79325
0.85358
0.86745
0.561
0.54221
0.51435
0.49847
0.40502
0.44113
0.95432
0.95496
0.62067
0.62845
0.60136
0.64355
0.60492
0.61461
0.6255
0.56463
0.46656
0.53264
0.75414
0.55648
0.46616
0.54117
0.62037
0.60815
0.46892
0.53074
0.67628
0.55379
0.44939
0.40214
0.33041
0.33017
0.34537
0.46365
0.35421
0.35853
0.2719
0.22204
0.21247
0.19949
0.21265
0.18529
0.57639
0.6271
0.87459
0.91656
0.93482
0.88728
0.71709
0.5851
0.46947
0.42272
0.8368
0.80094
0.88129
0.93823
0.94616
0.95737
0.95069
0.96214
0.97362
0.74359
0.54649
0.56958
0.97801
0.98632
0.99211
0.98803
0.99133
0.93485
0.78047
0.83635
0.90027
0.77473
0.66494
0.6876
0.65561
0.57854
0.58423
0.63467
0.74791
0.81136
0.94916
0.76811
0.73726
0.76208
0.71126
0.80597
0.87758
0.93716
0.84374
0.70992
0.66333
0.65069
0.60253
0.55107
0.54009
0.51192
0.47064
0.46383
0.48407
0.46685
0.56028
0.55021
0.5506
0.49345
0.44862
0.44351
0.42812
0.36394
0.3759
0.39898
0.37324
0.4159
0.46849
0.44929
0.38734
0.46107
0.48098
0.38811
0.48172
0.45404
0.4138
0.40358
0.33356
0.27915
0.26283
0.4643
0.30524
0.37207
0.3614
0.30385
0.21738
0.23336
0.2587
0.24014
0.24751
0.18839
0.3376
0.27414
0.28904
0.43659
0.42169
0.30535
0.37526
0.34252
0.28165
0.3247
0.43438
0.46675
0.45795
0.53353
0.47228
0.45193
0.46545
0.6494
0.65015
0.64171
0.63337
0.56058
0.59741
0.50401
0.5921
0.76399
0.47719
0.4784
0.45117
0.37532
0.60064
0.60999
0.39708
0.52601
0.52045
0.41536
0.36023
0.29565
0.23748
0.2312
0.24246
0.58985
0.90737
0.91619
0.90542
0.76224
0.75259
0.77114
0.78633
0.49811
0.49485
0.39606
0.35183
0.34329
0.32494
0.35472
0.27003
0.24485
0.2508
0.18162
0.20233
0.22981
0.20643
0.25567
0.26053
0.25246
0.45852
0.97453
0.96604
0.93733
0.94214
0.87977
0.94304
0.90794
0.93568
0.76799
0.82635
0.73962
0.59059
0.58324
0.57248
0.77263
0.75321
0.72001
0.70932
0.54502
0.4163
0.49603
0.53475
0.85165
0.62159
0.53884
0.64456
0.47208
0.41066
0.23564
0.28647
0.23841
0.26084
0.27444
0.34855
0.33177
0.30376
0.28522
0.66068
0.73396
0.81847
0.9399
0.97461
0.97425
0.9721
0.97245
0.97516
0.97001
0.97483
0.97969
0.88402
0.72396
0.51041
0.46552
0.98683
0.93048
0.82787
0.67834
0.61475
0.48441
0.41651
0.33816
0.63816
0.77145
0.71777
0.80494
0.72453
0.75813
0.88411
0.94044
0.93538
0.91229
0.70735
0.69364
0.82903
0.80595
0.66056
0.7711
0.74273
0.44635
0.53098
0.53136
0.40828
0.41282
0.40693
0.41946
0.42706
0.44233
0.43129
0.41809
0.347
0.23515
0.19449
0.29259
0.53552
0.90588
0.90703
0.91055
0.91742
0.9274
0.935
0.9461
0.95269
0.95312
0.95145
0.95525
0.95124
0.91615
0.39949
0.34988
0.32706
0.32876
0.32742
0.32225
0.31772
0.31464
0.33729
0.3297
0.29616
0.5046
0.52766
0.78351
0.92132
0.86524
0.7059
0.93093
0.81494
0.72747
0.52764
0.64611
0.8225
0.91637
0.93256
0.93581
0.93505
0.93674
0.85069
0.93222
0.92219
0.92606
0.94831
0.88827
0.71733
0.94729
0.93538
0.96876
0.97514
0.97336
0.97406
0.9737
0.97728
0.97667
0.97829
0.98176
0.97637
0.97024
0.97109
0.91123
0.93424
0.97188
0.93418
0.94862
0.92192
0.9107
0.87806
0.86081
0.95013
0.95272
0.95962
0.95459
0.9071
0.76889
0.6771
0.49648
0.50987
0.50474
0.69504
0.71652
0.73326
0.95255
0.95988
0.96651
0.97221
0.9751
0.9819
0.96674
0.99155
0.99161
0.99019
0.99307
0.9975
0.99789
1.0003
1.0005
0.9975
0.99824
0.98408
0.8374
0.78078
0.67338
0.58106
0.59498
0.51799
0.48392
0.86844
0.97068
0.98296
0.99557
0.99953
1
0.99856
0.99879
1.0007
0.99924
0.99949
0.99728
1
1.0006
0.87147
0.31141
0.34157
0.32056
0.31712
0.3325
0.35257
0.36068
0.519
0.82593
0.59139
0.43945
0.40764
0.50101
0.55012
0.57585
0.63945
0.74283
0.78913
0.78708
0.81538
0.92372
0.74988
0.59529
0.85053
0.89945
0.78183
0.87265
0.92107
0.79582
0.75337
0.67446
0.62742
0.62052
0.62098
0.78797
0.79452
0.8014
0.78465
0.82565
0.48809
0.35653
0.42001
0.39575
0.44411
0.3729
0.27079
0.2666
0.48049
0.37911
0.32935
0.49402
0.53373
0.65093
0.54797
0.41091
0.4772
0.50547
0.39163
0.33414
0.27614
0.5424
0.48354
0.47503
0.46002
0.94199
0.96654
0.97362
0.96968
0.97515
0.98431
0.86493
0.87872
0.94527
0.92036
0.88819
0.91484
0.9684
0.97708
0.98532
0.84407
0.90727
0.77001
0.54269
0.55858
0.49073
0.49541
0.49191
0.86969
0.97823
0.9831
0.97176
0.96756
0.97151
0.92638
0.64191
0.65214
0.55178
0.73301
0.77077
0.64897
0.55282
0.42329
0.45001
0.37487
0.41117
0.39122
0.3618
0.35298
0.39488
0.37752
0.33583
0.32129
0.32702
0.34376
0.32159
0.29213
0.26001
0.32923
0.4485
0.42578
0.46236
0.46803
0.46823
0.58568
0.58257
0.84186
0.82227
0.83574
0.98481
0.98083
0.97224
0.56373
0.56512
0.44676
0.48692
0.50032
0.44981
0.31728
0.34107
0.38171
0.43703
0.51458
0.48033
0.50864
0.52184
0.49571
0.5446
0.66059
0.53668
0.52582
0.55199
0.54172
0.50821
0.93949
0.92515
0.89981
0.69597
0.66937
0.91106
0.9556
0.97241
0.98062
0.97284
0.94321
0.72904
0.60585
0.7424
0.77916
0.74064
0.74077
0.67894
0.6079
0.58011
0.64326
0.65214
0.62202
0.59969
0.6142
0.71263
0.65202
0.74832
0.99003
0.99735
0.99904
0.99821
1.0003
0.99945
1.0006
1.0009
0.99763
0.99837
1.0006
0.99955
1.0007
0.99938
0.99866
0.99982
0.99786
1.0002
1.0001
0.99721
0.99992
0.99996
0.99906
0.99931
0.99991
0.99769
1.0007
0.99908
1.0005
1.0001
0.9985
0.99173
0.82537
0.86297
0.93644
0.98461
0.949
0.89101
0.86482
0.77315
0.7468
0.79363
0.78048
0.72527
0.71712
0.78362
0.9004
0.93672
0.80031
0.92505
0.98603
0.98755
0.90436
0.84896
0.84471
0.87043
0.83087
0.73221
0.86874
0.61828
0.48933
0.55742
0.53071
0.79549
0.83117
0.92468
0.88017
0.85621
0.82904
0.76399
0.75504
0.80765
0.7772
0.88836
0.77596
0.87694
0.86804
0.82935
0.83723
0.83655
0.91454
0.92402
0.94909
0.94196
0.91966
0.94192
0.93683
0.93777
0.92892
0.94152
0.92928
0.95771
0.92078
0.88515
0.95891
0.92221
0.89513
0.91704
0.81115
0.64025
0.55832
0.54235
0.63818
0.81054
0.85232
0.81299
0.82229
0.66844
0.62114
0.66737
0.68304
0.76066
0.72843
0.83429
0.85902
0.72912
0.53229
0.48534
0.50808
0.65291
0.60748
0.69329
0.73004
0.68665
0.52703
0.52603
0.6005
0.64254
0.73158
0.73857
0.60611
0.48771
0.56006
0.75979
0.65856
0.70468
0.7084
0.77528
0.89662
0.89388
0.73212
0.77336
0.83301
0.81859
0.82657
0.7905
0.75396
0.75961
0.75206
0.7574
0.72432
0.70261
0.72736
0.77172
0.76837
0.77143
0.73309
0.6941
0.73375
0.76526
0.76257
0.64451
0.54613
0.58399
0.57758
0.66303
0.60446
0.50752
0.69403
0.71767
0.76951
0.72765
0.84893
0.75263
0.72098
0.65739
0.67118
0.53702
0.5463
0.57
0.49571
0.39986
0.44905
0.64655
0.67324
0.64648
0.87896
0.99789
1.0002
1.0005
0.98715
0.98079
0.90852
0.81025
0.80514
0.63305
0.68403
0.56533
0.56154
0.54548
0.66291
0.79898
0.86078
0.90145
0.82187
0.70854
0.69504
0.57106
0.35463
0.63644
0.64636
0.62252
0.47725
0.44806
0.40936
0.44607
0.33369
0.39441
0.52402
0.60113
0.60147
0.59579
0.59776
0.57322
0.54945
0.54331
0.55119
0.74024
0.82895
0.70101
0.69469
0.65935
0.82521
0.84162
1.0005
0.99831
0.99795
0.87558
0.74303
0.75957
0.78472
0.7209
0.70532
0.83835
0.81651
0.94877
0.86758
0.74862
0.76541
0.80269
0.78645
0.81604
0.84571
0.74214
0.75054
0.70722
0.72016
0.65878
0.67374
0.7319
0.74571
0.74615
0.7515
0.71593
0.70853
0.70805
0.75232
0.78815
0.76328
0.74357
0.64405
0.62657
0.62681
0.66582
0.66987
0.69265
0.67448
0.59546
0.5885
0.60802
0.54718
0.5614
0.62065
0.75812
0.67148
0.74923
0.95591
0.99651
0.98713
0.99851
0.99943
0.99762
0.99813
0.99918
1.0006
0.9993
0.96987
0.9757
0.93463
0.801
0.71166
0.66117
0.83049
0.95665
0.99993
0.98206
0.9805
0.96984
0.93751
0.90403
0.93331
0.98275
1
0.98931
0.96286
0.99939
0.99981
0.99806
0.99744
0.99975
1.0002
0.99919
0.99784
0.98286
0.90431
0.83655
0.95315
0.91419
0.94806
0.99913
0.99955
0.99824
0.999
1.0005
0.98039
0.97117
0.94711
0.93034
0.92436
0.97217
0.94328
0.96967
0.99912
0.9811
0.9641
0.97939
0.88965
0.8291
0.81192
0.67369
0.83316
0.92197
0.94739
0.94414
0.90562
0.83552
0.93587
0.92969
0.8815
0.93732
0.92706
0.92756
0.86613
0.87114
0.78797
0.78848
0.82619
0.84098
0.8175
0.74605
0.57495
0.60949
0.65101
0.6134
0.59614
0.7704
0.81685
0.7569
0.61827
0.59909
0.60071
0.6683
0.86879
0.91969
0.95351
0.88363
0.85023
0.9974
0.99894
0.98822
0.98418
0.94486
0.89871
0.91574
0.979
0.96736
0.88638
0.88356
0.9435
0.98634
0.99833
0.9934
0.9984
0.99839
0.9983
0.99994
1.0027
0.99979
0.99955
0.99922
1.0005
0.99972
0.99766
0.99492
0.99581
0.99647
0.99431
0.96711
0.98375
0.99808
0.99125
0.98997
0.99704
0.99944
0.96086
0.9742
0.99753
0.99786
0.99767
0.99871
0.99829
0.99895
0.98535
0.99744
1.0005
0.99916
0.98286
0.93295
0.99078
0.99929
0.9963
0.99361
0.95473
0.89969
0.83149
0.73812
0.70928
0.83538
0.89359
0.84141
0.63194
0.49184
0.457
0.38509
0.40765
0.49389
0.67664
0.72746
0.72608
0.62507
0.40062
0.36636
0.41506
0.51968
0.41338
0.31733
0.35932
0.33766
0.32482
0.36184
0.38811
0.50851
0.48907
0.52285
0.65693
0.61663
0.45592
0.55076
0.54573
0.68755
0.69425
0.68272
0.60743
0.47928
0.4466
0.48222
0.50691
0.64416
0.75935
0.72079
0.69367
0.61272
0.59913
0.51465
0.57158
0.65998
0.62792
0.56067
0.54753
0.50586
0.49882
0.46626
0.47052
0.61765
0.63554
0.64566
0.61489
0.51155
0.49069
0.51554
0.51235
0.54734
0.59907
0.59852
0.56334
0.55237
0.598
0.63598
0.66773
0.74124
0.76325
0.74844
0.72972
0.75224
0.85755
0.89651
0.92951
0.84809
0.82499
0.82994
0.85451
0.92057
0.895
0.79773
0.72125
0.70915
0.70927
0.64981
0.60767
0.58849
0.60858
0.61248
0.61201
0.60304
0.60651
0.64136
0.61543
0.58306
0.58405
0.57246
0.5611
0.58428
0.56667
0.4862
0.46821
0.45274
0.42546
0.41293
0.47761
0.49571
0.53282
0.68428
0.94515
0.99714
0.9974
0.94514
0.96049
0.96609
0.98101
0.86609
0.88699
0.96854
0.95345
0.96734
0.99169
0.95018
0.93639
0.92602
0.93793
0.98318
0.95885
0.94731
0.97366
0.98632
0.89247
0.92277
0.85623
0.76971
0.80946
0.77468
0.78033
0.8829
0.83249
0.8732
0.82439
0.81202
0.73386
0.67301
0.74638
0.80884
0.76189
0.84871
0.67321
0.62322
0.56923
0.57574
0.50921
0.58283
0.57804
0.60791
0.61347
0.54329
0.51231
0.46204
0.49161
0.64185
0.68234
0.73667
0.57912
0.483
0.41376
0.42498
0.49878
0.70229
0.67044
0.66966
0.62266
0.55143
0.54934
0.52776
0.51517
0.60257
0.61768
0.57639
0.53734
0.49197
0.49658
0.48067
0.49878
0.67314
0.69185
0.682
0.58637
0.5575
0.62235
0.62258
0.6376
0.705
0.78633
0.76005
0.76716
0.80638
0.87375
0.79076
0.82211
0.802
0.80283
0.89267
0.99807
1.0008
0.97729
0.86604
0.97757
0.9837
0.99707
0.99899
0.99552
0.98865
0.99328
1
0.97157
0.97307
0.94086
0.94686
0.98823
0.99393
0.99565
0.99302
0.99633
0.99816
1.0001
0.99802
0.99738
0.98357
0.93447
0.94633
0.93782
0.87887
0.79214
0.95173
0.94467
0.94445
0.95493
0.96263
0.97838
0.91745
0.89667
0.83377
0.91422
0.91355
0.91195
0.94278
0.93832
0.87752
0.81847
0.88503
0.97624
0.95517
0.99257
0.98505
0.95444
0.85458
0.91245
0.84119
0.92925
0.97781
0.99818
0.99838
1.0004
0.95177
0.9481
0.94209
0.95542
0.99066
0.99756
0.99777
0.99926
0.99967
0.96407
0.97146
0.99652
1.0006
0.99963
1.0006
0.99907
0.99819
0.99865
0.98828
0.99461
0.97186
0.99732
1.0004
0.9972
0.98771
0.96345
0.92193
0.9736
1.0001
0.99914
1.0002
0.99886
0.99922
1.0009
0.99804
0.99885
0.99991
0.99706
0.96411
0.92122
0.94582
0.94204
0.9665
0.96981
0.97843
0.92895
0.8256
0.84976
0.9691
0.90779
0.92636
0.98482
0.92056
0.87869
0.97212
0.96916
0.9836
0.98565
0.99687
0.98291
0.99815
0.99987
1.0002
1.0002
0.98224
0.9619
0.96474
0.99376
0.92952
0.80651
0.80061
0.63205
0.67177
0.52089
0.53382
0.53726
0.40108
0.59345
0.61669
0.69777
0.77235
0.79735
0.85333
0.83563
0.63923
0.57966
0.4598
0.43519
0.56611
0.49503
0.4589
0.73254
0.46796
0.45876
0.49938
0.57005
0.72559
0.77306
0.73428
0.73841
0.55991
0.61285
0.56739
0.58468
0.59127
0.75385
0.82061
0.74444
0.59715
0.56616
0.55049
0.53657
0.65591
0.78396
0.71763
0.73
0.73103
0.62534
0.61847
0.57158
0.64923
0.69665
0.62885
0.73422
0.77538
0.64846
0.63748
0.58676
0.69538
0.74542
0.76475
0.64051
0.51548
0.53862
0.53577
0.56234
0.7137
0.81601
0.77903
0.70674
0.53608
0.56127
0.56109
0.67284
0.75709
0.8133
0.83719
0.80624
0.74595
0.87824
0.88592
0.99945
0.89917
0.87604
0.87179
0.85903
0.92394
0.99395
0.99882
0.99936
0.95614
0.80398
0.76094
0.85561
0.83556
0.82769
0.92632
0.93529
0.88382
0.83223
0.81219
0.8241
0.80391
0.73852
0.80355
0.91599
0.78273
0.75006
0.61483
0.71281
0.76528
0.76769
0.82999
0.76748
0.83111
0.84165
0.86635
0.88159
0.84542
0.7631
0.74919
0.7103
0.72578
0.79208
0.78764
0.80446
0.8031
0.74601
0.81647
0.8069
0.79104
0.79237
0.77771
0.8543
0.91207
0.92509
0.93943
0.9968
1.0009
0.9975
1.0005
0.9995
0.99713
0.9982
0.9971
0.99724
0.99852
1.0003
0.99882
0.99809
0.99989
1.0004
1.0003
1.0002
0.99748
0.99723
0.99508
0.99967
0.99976
0.99809
0.99911
1.0007
0.96928
0.88321
0.93754
0.97896
0.9902
0.99757
1
0.99645
0.99773
0.99882
0.99966
1.0001
0.99735
1
0.73653
0.44601
0.66988
0.79786
0.90602
0.9366
0.75485
0.70688
0.44849
0.39271
0.37253
0.47093
0.45049
0.4317
0.45225
0.494
0.3878
0.40785
0.43414
0.51628
0.66578
0.5262
0.42747
0.40446
0.36953
0.37385
0.40063
0.57294
0.52709
0.53315
0.69445
0.81276
0.90126
0.99909
0.89527
0.96859
0.99168
0.99551
0.99637
1.0009
0.99158
0.9988
0.99959
1.0001
0.99864
0.99434
0.99877
0.99502
0.99976
0.99726
1.0007
0.98947
0.99885
0.99972
0.99858
1.0002
0.99986
0.99996
0.998
0.96578
0.96688
0.98377
0.99868
0.9981
0.99933
0.99812
0.99811
0.9989
0.97264
1.0008
0.94891
0.99971
1.0004
0.99953
1
1.0001
0.99857
1.0004
1.0003
0.7986
0.93259
0.73713
0.67627
0.73572
0.82463
0.94259
0.62239
0.69187
0.70104
0.66707
0.69942
0.7719
0.83697
0.80588
0.69296
0.68828
0.74369
0.68791
0.82256
0.90812
0.96577
0.97307
0.96621
0.86183
0.96689
0.94106
0.79336
0.78627
0.81411
0.99907
0.998
0.99808
0.99738
1.0009
0.99862
0.99816
0.99148
0.99943
0.46619
0.49205
0.4914
0.52906
0.4043
0.83311
0.68003
0.96767
1.0005
1.0001
0.99809
0.99803
0.99859
1.0006
0.99837
0.66115
0.52428
0.4974
0.42887
0.41239
0.41268
0.54875
0.74246
0.5854
0.58785
0.49518
0.57785
0.58066
0.50579
0.52484
0.67357
0.67039
0.52566
0.53548
0.42287
0.29578
0.25635
0.3822
0.50034
0.26777
0.40112
0.32836
0.36686
0.54464
0.73163
0.70794
0.66256
0.75246
0.64747
0.66542
0.65866
0.65843
0.73993
0.76299
0.74004
0.8164
0.84833
0.80739
0.84256
0.93516
0.88956
0.93279
0.92841
0.97721
0.99132
0.99186
0.9965
0.99931
0.99979
0.99759
1.0001
0.99861
0.99798
0.5868
0.62935
0.4876
0.48328
0.5449
0.85396
0.92009
1.0007
0.99535
0.98879
0.99935
0.86407
0.81712
0.84904
0.87678
0.92507
0.88003
0.92403
1.0009
1.0008
0.98885
0.99876
0.94018
0.86396
0.82463
0.75977
0.77817
0.77823
0.84804
0.87464
0.96731
0.88788
0.8304
0.84488
0.84891
0.66407
0.72421
0.68094
0.82679
0.69942
0.77358
0.58478
0.58192
0.51065
0.59929
0.64135
0.55631
0.69804
0.67555
0.77508
0.75331
0.72388
0.72848
0.46865
0.40007
0.92301
0.9844
0.98618
0.99027
1.0004
0.99991
0.99852
0.99794
0.99843
0.99829
1.0003
0.99721
0.99984
1.0008
0.99801
0.99706
1.0009
1
0.99813
0.98402
0.99521
0.99688
0.99836
0.99967
0.99826
1.0008
0.99753
0.99795
0.99911
0.99967
0.99754
0.99862
0.99903
0.99744
0.9992
0.98796
0.99791
0.95581
0.9932
0.94409
0.88802
0.88519
0.90171
0.92667
0.95907
0.99478
0.99811
0.99833
0.998
0.82527
0.62933
0.50768
0.76634
0.81201
0.89092
0.88091
0.85708
0.91993
0.9251
0.91421
0.99971
0.99964
1.0003
0.99866
0.99714
0.99803
1.0006
1.0007
0.99754
0.99959
1.0004
0.99727
1.0002
1
0.99772
1.0001
0.9986
0.99952
0.93866
0.96333
0.91654
0.9204
0.84539
0.47362
0.50681
0.64217
0.76969
0.73467
0.78115
0.79915
0.80792
0.62408
0.51143
0.54038
0.57955
0.48754
0.6664
0.7563
0.57306
0.43019
0.41302
0.60207
0.55928
0.46425
0.48605
0.48079
0.56019
0.64662
0.77133
0.92808
0.99419
0.86799
0.80092
0.85592
0.85982
0.72525
0.74447
0.7052
0.82733
0.9269
0.93596
0.9816
0.98705
0.99125
0.9938
0.99742
0.99792
0.99709
0.87986
0.86437
0.92831
0.91856
0.8222
0.71796
0.69254
0.79535
0.7161
0.51729
0.64045
0.92476
0.8794
0.87931
0.79389
0.80023
0.84737
0.76595
0.7423
0.87446
0.93532
0.95414
0.95909
0.86858
0.97736
0.99699
1.0001
0.99152
0.99259
0.99204
0.97847
0.98246
0.70769
0.5541
0.40969
0.36063
0.42122
0.47787
0.52348
0.48856
0.44803
0.3654
0.36207
0.3292
0.32087
0.33538
0.36349
0.36441
0.3562
0.3329
0.3242
0.54951
0.44668
0.63566
0.7883
0.94477
0.98493
0.99789
0.9975
0.95159
0.99737
0.9974
1.0007
1
0.99826
1.0005
1.0005
1.0009
0.99995
1.0005
0.99733
0.99805
0.99904
0.9891
0.99154
0.9417
0.98052
0.88064
0.93336
0.96578
0.97402
0.95426
0.85502
0.95527
0.98496
0.9857
0.98711
0.98219
0.9804
0.97974
0.97431
0.977
0.97631
0.97457
0.96898
0.97284
0.97463
0.97726
0.9741
0.97767
0.78937
0.83546
0.89528
0.99882
1.0003
0.99897
0.96113
0.9774
0.89166
0.98102
0.91603
0.95653
0.95954
0.98118
0.98315
0.98801
0.94325
0.75969
0.73362
0.57429
0.59241
0.79491
0.92973
0.96293
0.98454
0.98767
0.98669
0.97092
0.86799
0.78156
0.929
0.9578
0.96582
0.9659
0.9699
0.97112
0.97145
0.97272
0.93717
0.76638
0.73074
0.68727
0.75198
0.73853
0.68189
0.70841
0.69063
0.65193
0.62257
0.55744
0.54855
0.5676
0.66666
0.9271
0.93975
0.94176
0.67217
0.56111
0.47009
0.74507
0.75436
0.85474
0.69656
0.65193
0.53766
0.49891
0.49525
0.46893
0.4756
0.60371
0.79571
0.82342
0.93709
0.94065
0.52553
0.50445
0.46186
0.56284
0.53749
0.73259
0.63987
0.66349
0.9316
0.87259
0.95554
0.96477
0.97988
0.99203
0.99838
0.99832
0.9946
0.97368
0.59579
0.448
0.43163
0.42965
0.4124
0.41691
0.41023
0.42597
0.46041
0.49274
0.39592
0.19959
0.76415
0.7313
0.90784
0.97056
0.97969
0.97313
0.95911
0.8485
0.95488
0.39242
0.38445
0.44261
0.47995
0.46152
0.54209
0.47011
0.40153
0.37354
0.50538
0.49841
0.394
0.37236
0.23232
0.1856
0.36761
0.3131
0.80272
0.86099
0.79751
0.74213
0.66712
0.58768
0.81374
0.78737
0.68115
0.71031
0.6769
0.92763
0.72768
0.43252
0.43913
0.56381
0.93582
0.94853
0.95741
0.83707
0.70436
0.74178
0.95615
0.96709
0.97776
0.97541
0.98578
0.98357
0.98291
0.88581
0.95954
0.82219
0.99329
0.9776
0.97554
0.97167
0.96721
0.95907
0.95462
0.93864
0.90561
0.90237
0.83173
0.82349
0.72973
0.94691
0.95334
0.95799
0.97098
0.97488
0.97532
0.97088
0.94686
0.86692
0.79637
0.80461
0.96682
0.96953
0.9715
0.9754
0.97516
0.97532
0.97223
0.96946
0.97143
0.96975
0.96249
0.93721
0.76729
0.6655
0.65958
0.75907
0.92948
0.92978
0.75496
0.71822
0.63442
0.55506
0.6716
0.84161
0.91504
0.94213
0.98026
0.97773
0.99104
0.9956
1.0003
0.99773
0.99793
0.79181
0.41428
0.40757
0.36654
0.36269
0.34491
0.33395
0.53118
0.56929
0.42424
0.33467
0.34047
0.35042
0.35915
0.35055
0.3401
0.34402
0.40228
0.43548
0.74613
0.9178
0.94425
0.94013
0.94997
0.96307
0.97348
0.97519
0.95824
0.92984
0.54296
0.65938
1.0006
0.98714
0.83671
0.58389
0.50552
0.54351
0.65123
0.72253
0.77316
0.83374
0.93044
0.9433
0.9505
0.9569
0.95714
0.95283
0.95082
0.95091
0.95408
0.96051
0.96565
0.97221
0.97428
0.97891
0.89994
0.72442
0.83046
0.77379
0.96949
0.72136
0.96658
0.91403
0.77094
0.96235
0.96389
0.96381
0.93312
0.97073
0.9684
0.97164
0.9636
0.97474
0.9633
0.9231
0.84355
0.89452
0.8239
0.72939
0.78968
0.754
0.62302
0.55139
0.47242
0.56784
0.6251
0.65933
0.54293
0.48125
0.42515
0.44092
0.47864
0.43887
0.42091
0.41196
0.40542
0.39298
0.37951
0.38579
0.32561
0.27507
0.295
0.27137
0.25824
0.2485
0.25005
0.28471
0.38344
0.318
0.26522
0.31651
0.33943
0.34032
0.41002
0.41539
0.49951
0.42928
0.35074
0.39705
0.35906
0.40311
0.33283
0.41064
0.39803
0.33698
0.33675
0.48315
0.66222
0.77868
0.909
0.92661
0.93825
0.93609
0.91421
0.91932
0.92179
0.93577
0.94276
0.9422
0.93909
0.94039
0.9406
0.94189
0.94453
0.94179
0.947
0.93506
0.69343
0.67601
0.55895
0.5511
0.54342
0.53468
0.5155
0.55926
0.57515
0.47151
0.51974
0.64333
0.55785
0.49872
0.48096
0.57986
0.54542
0.55708
0.59648
0.51006
0.62448
0.73205
0.68284
0.8702
0.94765
0.96886
0.97935
0.98902
0.98932
0.85751
0.92747
0.9661
0.9552
0.93136
0.9517
0.91478
0.88089
0.95658
0.77379
0.94053
0.9821
0.98182
0.93875
0.8362
0.95704
0.95966
0.96403
0.95405
0.91528
0.9554
0.81724
0.67068
0.8965
0.96727
0.99296
0.98982
0.73489
0.97372
0.93375
0.97414
0.88742
0.97053
0.97039
0.9667
0.96858
0.9677
0.66089
0.9569
0.76932
0.77174
0.99715
0.99734
0.95267
0.78381
0.97214
0.9716
0.9721
0.96964
0.96995
0.96505
0.96067
0.78159
0.7388
0.59478
0.31442
0.28934
0.41218
0.867
0.96793
0.97997
0.97946
0.98009
0.98096
0.98303
0.97985
0.98444
0.99235
0.99221
0.9911
0.98891
0.98174
0.98372
0.98167
0.98059
0.98378
0.98725
0.98577
0.97533
0.98067
0.97352
0.97192
0.97023
0.97267
0.97415
0.92311
0.72998
0.58373
0.44404
0.37961
0.36518
0.36074
0.31253
0.31296
0.31507
0.37895
0.38966
0.36607
0.45189
0.45399
0.43836
0.89179
0.83705
0.82603
0.90273
0.90643
0.8689
0.83583
0.78252
0.68637
0.6137
0.61077
0.46494
0.41656
0.84073
0.91104
0.88176
0.91887
0.85588
0.83956
0.62346
0.51713
0.43985
0.43826
0.47179
0.44807
0.44905
0.52649
0.62313
0.56084
0.60993
0.6654
0.64981
0.863
0.44876
0.56316
0.491
0.48364
0.75556
0.90973
0.92848
0.61654
0.89255
0.83462
0.92425
0.82714
0.90623
0.93843
0.69792
0.67868
0.59027
0.59207
0.55992
0.87809
0.98944
0.90013
0.94273
0.95114
0.95693
0.8523
0.94861
0.95609
