0.59619
0.6145
0.61866
0.61315
0.6398
0.6153
0.63782
0.64164
0.62966
0.59503
0.55143
0.57915
0.57064
0.55502
0.53143
0.5677
0.58999
0.57991
0.52752
0.5313
0.55625
0.56434
0.54345
0.57003
0.56096
0.44651
0.30064
0.24736
0.18299
0.13955
0.11603
0.14811
0.28646
0.55087
0.64257
0.66791
0.64984
0.58701
0.51696
0.49466
0.41586
0.50059
0.61656
0.41952
0.37874
0.40274
0.49582
0.59018
0.63349
0.63325
0.61477
0.57667
0.52907
0.51174
0.48958
0.46377
0.45151
0.47677
0.48618
0.46519
0.42231
0.38759
0.42912
0.56682
0.57882
0.56686
0.54077
0.51044
0.49772
0.52438
0.52382
0.51463
0.52708
0.5181
0.54254
0.53132
0.56789
0.57723
0.57662
0.50684
0.50848
0.50957
0.51716
0.51621
0.54389
0.61672
0.62059
0.62327
0.62832
0.62776
0.61017
0.59417
0.58525
0.57972
0.6043
0.60569
0.58743
0.56942
0.49891
0.58606
0.60232
0.71713
0.61168
0.51769
0.60359
0.64496
0.6468
0.63821
0.63959
0.63011
0.62594
0.63401
0.63772
0.63114
0.64562
0.6486
0.65222
0.65298
0.65776
0.65873
0.66477
0.67137
0.67217
0.67336
0.6742
0.67211
0.66996
0.66608
0.64723
0.61751
0.59391
0.59079
0.61137
0.59272
0.55526
0.54582
0.57557
0.60653
0.61421
0.63072
0.64285
0.6429
0.63562
0.61281
0.59364
0.58429
0.57106
0.56651
0.56104
0.55325
0.54988
0.54905
0.5438
0.54633
0.52319
0.49909
0.48498
0.485
0.48909
0.46934
0.48254
0.55776
0.53737
0.42052
0.31143
0.53793
0.66037
0.68323
0.67243
0.65436
0.65603
0.65998
0.66906
0.67716
0.68619
0.72414
0.72579
0.71648
0.7295
0.72697
0.72184
0.7316
0.71114
0.69571
0.6698
0.65017
0.70302
0.70866
0.74033
0.69726
0.64237
0.77336
0.73582
0.74508
0.75169
0.76368
0.7629
0.76493
0.75284
0.75365
0.73292
0.72698
0.73227
0.73585
0.72757
0.72616
0.69469
0.67943
0.66703
0.66166
0.68046
0.71395
0.73278
0.74429
0.74209
0.7429
0.7588
0.76186
0.75056
0.72625
0.71811
0.71707
0.67673
0.64597
0.64544
0.59124
0.57906
0.71807
0.71968
0.69891
0.69329
0.70405
0.70572
0.70786
0.67172
0.71002
0.70001
0.70085
0.66162
0.65568
0.64808
0.64647
0.64096
0.6323
0.62865
0.62304
0.62824
0.63331
0.63253
0.64885
0.65557
0.6639
0.66351
0.6644
0.66146
0.65661
0.65205
0.64826
0.64036
0.63281
0.61561
0.6133
0.6
0.5862
0.57041
0.53175
0.55517
0.57613
0.59545
0.60913
0.63241
0.61968
0.62025
0.63111
0.63625
0.62055
0.60825
0.64492
0.6782
0.64248
0.62234
0.61589
0.62762
0.6112
0.598
0.55793
0.57209
0.57364
0.57623
0.53817
0.72253
0.7299
0.66194
0.64617
0.6397
0.64067
0.63459
0.63092
0.61923
0.61135
0.61391
0.58493
0.58254
0.58742
0.6155
0.75577
0.70584
0.70242
0.73157
0.75575
0.56183
0.53597
0.52125
0.52482
0.52038
0.55799
0.57536
0.51458
0.51565
0.52262
0.52821
0.54321
0.56303
0.58483
0.60907
0.68099
0.71764
0.70439
0.72296
0.75369
0.7534
0.74834
0.75558
0.7194
0.64839
0.65186
0.65198
0.64726
0.61747
0.65004
0.72712
0.71172
0.73938
0.76151
0.68882
0.76372
0.77133
0.78643
0.79483
0.78594
0.78594
0.78689
0.77903
0.75729
0.74462
0.73723
0.73378
0.72273
0.58342
0.53172
0.49349
0.51245
0.51074
0.48652
0.56141
0.64455
0.70334
0.68033
0.59012
0.56429
0.55796
0.57258
0.60675
0.62684
0.61649
0.60051
0.59517
0.59764
0.65853
0.78504
0.73744
0.74851
0.72816
0.71701
0.62463
0.6163
0.60382
0.59322
0.58956
0.58863
0.58441
0.58185
0.5956
0.57682
0.57056
0.61803
0.63256
0.61556
0.64688
0.63471
0.61085
0.59017
0.61048
0.64609
0.68443
0.6955
0.60503
0.60434
0.5906
0.62358
0.72143
0.75382
0.71829
0.7418
0.70703
0.66846
0.63088
0.62638
0.62179
0.6178
0.61935
0.63499
0.73483
0.73057
0.75395
0.75204
0.75838
0.7575
0.74873
0.6152
0.70044
0.72439
0.70158
0.68986
0.6547
0.64273
0.64667
0.64523
0.60473
0.57709
0.55429
0.57227
0.56642
0.5605
0.44261
0.33159
0.72492
0.72323
0.75261
0.76034
0.75748
0.76351
0.76849
0.77129
0.78564
0.78461
0.78389
0.78217
0.81092
0.79724
0.78105
0.75553
0.74152
0.73874
0.7347
0.67576
0.67982
0.63346
0.52053
0.46289
0.5319
0.73135
0.78886
0.79603
0.8111
0.81092
0.81619
0.80254
0.8248
0.79606
0.83382
0.85482
0.86283
0.81702
0.78791
0.78771
0.55205
0.52018
0.50893
0.52862
0.54845
0.61246
0.66548
0.65094
0.61979
0.61949
0.64764
0.66532
0.65614
0.65719
0.65527
0.64467
0.62526
0.59921
0.56216
0.53677
0.55948
0.5498
0.56528
0.57352
0.58053
0.57983
0.58595
0.59125
0.59859
0.59352
0.59115
0.60054
0.59953
0.59549
0.59788
0.60867
0.60427
0.60684
0.61056
0.60957
0.61051
0.61076
0.6175
0.61828
0.61433
0.61545
0.62094
0.61375
0.61259
0.65953
0.68374
0.68583
0.66288
0.62647
0.60385
0.61429
0.60782
0.57114
0.55954
0.57094
0.60217
0.63041
0.63307
0.63786
0.64024
0.64712
0.63965
0.65764
0.66255
0.66108
0.676
0.68354
0.66762
0.68689
0.66001
0.64645
0.62952
0.61705
0.59879
0.60377
0.62201
0.62769
0.60554
0.61016
0.6107
0.60574
0.59555
0.62222
0.652
0.58493
0.56418
0.54989
0.55205
0.5446
0.53158
0.52968
0.55498
0.63147
0.61933
0.61114
0.59216
0.57769
0.56339
0.54042
0.52601
0.60032
0.69452
0.66179
0.63235
0.66994
0.6846
0.66072
0.66967
0.67958
0.68478
0.69575
0.69893
0.68909
0.69579
0.69249
0.69146
0.69209
0.68755
0.68156
0.67654
0.67456
0.65601
0.64672
0.63231
0.63248
0.61388
0.60986
0.58449
0.58271
0.58276
0.5933
0.58532
0.56363
0.54144
0.55294
0.49788
0.46934
0.42229
0.41141
0.42865
0.43818
0.48807
0.58284
0.63265
0.64399
0.62261
0.60512
0.57658
0.5646
0.51959
0.51261
0.50229
0.51967
0.59497
0.62308
0.61731
0.57834
0.58402
0.60169
0.60765
0.61545
0.6124
0.61526
0.62769
0.61894
0.59347
0.63775
0.63258
0.61656
0.60647
0.60782
0.5997
0.58695
0.58517
0.58694
0.5886
0.61127
0.6041
0.61585
0.62167
0.3299
0.58922
0.64383
0.639
0.61843
0.70041
0.69303
0.67503
0.70244
0.75628
0.74437
0.67767
0.67124
0.66803
0.68615
0.72049
0.71271
0.69541
0.68916
0.69776
0.7036
0.70424
0.7019
0.67665
0.66521
0.64908
0.64249
0.63793
0.63324
0.65156
0.64689
0.63718
0.634
0.63584
0.62759
0.61793
0.64072
0.64207
0.63187
0.58088
0.61339
0.60334
0.57732
0.59268
0.5942
0.59932
0.61471
0.63196
0.63304
0.63289
0.63557
0.63285
0.63106
0.63396
0.62246
0.6091
0.62094
0.63262
0.63367
0.65627
0.63405
0.63212
0.62308
0.62666
0.65041
0.6843
0.69037
0.66462
0.64678
0.62642
0.60355
0.5959
0.6314
0.62124
0.61896
0.61355
0.62503
0.62976
0.63492
0.62128
0.60216
0.59276
0.58486
0.58537
0.59677
0.61599
0.61979
0.60596
0.58738
0.57198
0.51778
0.53363
0.61461
0.62404
0.61299
0.59372
0.59216
0.59965
0.59883
0.58768
0.55771
0.54611
0.5442
0.59079
0.62563
0.64267
0.6265
0.63416
0.62546
0.59037
0.56888
0.57472
0.60095
0.62246
0.62008
0.60719
0.58648
0.55816
0.53858
0.53526
0.55458
0.57568
0.59088
0.58972
0.58232
0.57363
0.55426
0.55318
0.5466
0.55521
0.56327
0.56317
0.57272
0.57624
0.6537
0.68017
0.80322
0.72944
0.66557
0.80318
0.79976
0.80492
0.8234
0.81222
0.7984
0.80343
0.79358
0.79929
0.8231
0.84032
0.83451
0.829
0.81668
0.8042
0.79419
0.77974
0.81403
0.82234
0.83197
0.81275
0.78992
0.78288
0.77492
0.79064
0.79913
0.78179
0.78554
0.75686
0.74884
0.771
0.77239
0.7811
0.77478
0.76715
0.77004
0.76288
0.74886
0.67586
0.76191
0.76304
0.70107
0.69723
0.67989
0.65112
0.65163
0.66977
0.67112
0.64337
0.65533
0.67599
0.68171
0.68756
0.70492
0.70628
0.69717
0.69541
0.7048
0.70557
0.70273
0.7002
0.68536
0.67903
0.65027
0.64302
0.6345
0.59487
0.55809
0.53136
0.65632
0.69151
0.69088
0.67861
0.6693
0.67377
0.68503
0.69356
0.73404
0.73732
0.77099
0.75246
0.71767
0.6897
0.6972
0.72016
0.7377
0.75043
0.76693
0.77133
0.74588
0.721
0.71232
0.69687
0.72859
0.72097
0.81361
0.78532
0.74531
0.71585
0.69932
0.75089
0.7864
0.76017
0.76816
0.76379
0.73868
0.77806
0.70864
0.66907
0.69542
0.74259
0.75971
0.73703
0.74323
0.7634
0.85372
0.85529
0.85032
0.84984
0.85478
0.8523
0.79292
0.74042
0.74267
0.78696
0.81417
0.81772
0.80822
0.78026
0.71094
0.70852
0.76649
0.80306
0.76385
0.74272
0.74329
0.74092
0.72685
0.70101
0.70352
0.67706
0.67439
0.7291
0.73264
0.72808
0.70085
0.68339
0.63917
0.57855
0.56517
0.58553
0.6321
0.68375
0.68488
0.66683
0.67184
0.6563
0.72798
0.77948
0.80432
0.79969
0.82801
0.84173
0.84224
0.83655
0.82421
0.75912
0.66899
0.671
0.64871
0.58557
0.61355
0.66682
0.63969
0.64649
0.65332
0.65901
0.66573
0.66402
0.63329
0.54188
0.50637
0.5309
0.62458
0.64344
0.70445
0.66491
0.6748
0.68743
0.79379
0.77707
0.74901
0.71775
0.67872
0.67001
0.64032
0.57975
0.59465
0.73045
0.74547
0.71802
0.66747
0.64731
0.68803
0.66498
0.65851
0.68829
0.73167
0.75051
0.70173
0.69377
0.78466
0.72791
0.66286
0.64987
0.73043
0.78645
0.76892
0.7594
0.76847
0.74118
0.70146
0.7041
0.72603
0.76344
0.76077
0.75313
0.7473
0.72257
0.68067
0.7014
0.71927
0.72042
0.71877
0.67988
0.66912
0.65036
0.63372
0.65686
0.69621
0.72732
0.79257
0.83808
0.84325
0.68509
0.62927
0.59008
0.63558
0.6077
0.46962
0.50849
0.57856
0.62841
0.63409
0.66481
0.70706
0.71172
0.7156
0.68959
0.69022
0.66902
0.65666
0.61974
0.6668
0.69006
0.66361
0.59927
0.6049
0.6544
0.6857
0.70072
0.65646
0.65206
0.69475
0.72002
0.70199
0.78444
0.70461
0.66
0.66748
0.66709
0.56026
0.5293
0.56856
0.65946
0.68881
0.7383
0.78884
0.77134
0.73157
0.72324
0.7137
0.673
0.66382
0.65896
0.67164
0.79168
0.81861
0.82814
0.82641
0.73632
0.72441
0.69604
0.68823
0.6779
0.70374
0.72435
0.66096
0.62426
0.66602
0.68566
0.69467
0.69631
0.69649
0.70798
0.72242
0.72308
0.71009
0.69409
0.70237
0.71219
0.72717
0.78349
0.80747
0.77178
0.78482
0.77893
0.78955
0.87109
0.88796
0.90416
0.86152
0.8146
0.78491
0.78684
0.82829
0.85246
0.87278
0.85098
0.84316
0.83792
0.843
0.84651
0.85921
0.79205
0.75301
0.76825
0.78953
0.77446
0.73958
0.71865
0.7183
0.68612
0.63502
0.61545
0.5859
0.60188
0.60368
0.61633
0.60365
0.59214
0.59376
0.57471
0.54217
0.5695
0.56543
0.59556
0.68014
0.74717
0.76876
0.77107
0.75811
0.88827
0.8712
0.80968
0.83198
0.85525
0.8398
0.8261
0.80796
0.77067
0.79631
0.79781
0.82339
0.84483
0.75946
0.7586
0.76556
0.81507
0.82154
0.76404
0.7203
0.67296
0.62769
0.64655
0.67039
0.6673
0.65449
0.63945
0.66132
0.70576
0.74984
0.7621
0.72062
0.75515
0.8191
0.80924
0.81823
0.8186
0.77516
0.77225
0.74699
0.74551
0.80609
0.79285
0.80637
0.81525
0.801
0.72152
0.73269
0.70875
0.76026
0.78299
0.78006
0.78553
0.80128
0.78168
0.7664
0.71914
0.70227
0.70979
0.72058
0.80564
0.7433
0.74218
0.71826
0.71012
0.72034
0.75389
0.71552
0.70566
0.74909
0.72023
0.73549
0.86436
0.8563
0.80968
0.73068
0.73
0.7387
0.71744
0.67281
0.67237
0.71086
0.80929
0.79218
0.76082
0.74087
0.65323
0.59766
0.60083
0.61255
0.63457
0.64563
0.63264
0.62995
0.59277
0.57408
0.5698
0.57242
0.50792
0.41974
0.47096
0.66455
0.70382
0.67609
0.67736
0.66419
0.71054
0.75767
0.8081
0.82507
0.81872
0.79529
0.8385
0.85291
0.8409
0.82945
0.83089
0.80604
0.77451
0.68759
0.71055
0.75402
0.80088
0.801
0.77594
0.77272
0.7827
0.74873
0.75622
0.74723
0.72905
0.72852
0.74435
0.74788
0.73485
0.72858
0.70468
0.66119
0.64071
0.66174
0.68507
0.66466
0.71237
0.71623
0.80433
0.82571
0.76108
0.75787
0.79496
0.80229
0.7025
0.8308
0.87265
0.8688
0.83583
0.8508
0.83439
0.76815
0.85682
0.85251
0.85331
0.86165
0.83887
0.8331
0.81385
0.89458
0.86779
0.81459
0.81461
0.8925
0.86977
0.85157
0.85516
0.87029
0.79642
0.8143
0.78985
0.75392
0.74759
0.76088
0.72186
0.69322
0.68744
0.68261
0.67443
0.67704
0.6252
0.59667
0.60861
0.66341
0.73117
0.78943
0.78244
0.75751
0.75096
0.78424
0.751
0.77147
0.79329
0.78296
0.81554
0.83763
0.87728
0.89092
0.91536
0.94196
0.90061
0.82589
0.8806
0.82576
0.81926
0.7747
0.78104
0.81382
0.81204
0.81377
0.78347
0.78764
0.84453
0.87627
0.89175
0.88517
0.82521
0.79894
0.80832
0.79437
0.75382
0.73468
0.71209
0.68034
0.68143
0.69849
0.62186
0.72526
0.77217
0.79888
0.82304
0.81673
0.8096
0.79403
0.83091
0.84675
0.86403
0.95175
0.8469
0.80467
0.93192
0.9471
0.80214
0.83827
0.82402
0.76284
0.77352
0.77034
0.72596
0.69547
0.71911
0.72095
0.73826
0.75114
0.77411
0.80425
0.83316
0.86149
0.8117
0.73184
0.71813
0.72533
0.73212
0.75759
0.81636
0.80644
0.82685
0.87442
0.90553
0.91938
0.92502
0.87639
0.79972
0.80384
0.83084
0.84673
0.93718
0.90875
0.90137
0.81518
0.76663
0.74968
0.83158
0.80751
0.85202
0.8396
0.76568
0.7689
0.72427
0.72273
0.7808
0.88011
0.88472
0.93192
0.93357
0.87472
0.70924
0.72904
0.78173
0.85771
0.91373
0.88943
0.90652
0.81557
0.82113
0.71688
0.66441
0.68218
0.67756
0.7897
0.80781
0.79747
0.79308
0.73026
0.6914
0.73217
0.95055
0.94891
0.94201
0.93985
0.92952
0.92978
0.93992
0.93814
0.93166
0.93245
0.92624
0.9326
0.93201
0.91424
0.83197
0.77236
0.81215
0.85834
0.87216
0.87856
0.90248
0.79552
0.69544
0.69583
0.66162
0.69776
0.89962
0.91788
0.97711
0.98081
0.98835
0.9916
0.96326
0.90006
0.91561
0.82058
0.80096
0.83358
0.77012
0.78127
0.84237
0.86056
0.84462
0.85175
0.87779
0.87507
0.8667
0.80282
0.75135
0.88784
0.92532
0.95756
0.91025
0.91449
0.85926
0.88953
0.83491
0.8794
0.89995
0.86778
0.90081
0.81366
0.89933
0.87014
0.84447
0.78213
0.7839
0.81994
0.84861
0.82346
0.85466
0.86408
0.85884
0.84889
0.84837
0.82678
0.78521
0.7852
0.81363
0.83081
0.82785
0.85524
0.85837
0.84913
0.87729
0.87358
0.89912
0.89129
0.86927
0.84396
0.83844
0.84464
0.83249
0.815
0.82198
0.86162
0.85377
0.85106
0.82314
0.81348
0.80184
0.77718
0.76846
0.75146
0.75342
0.78304
0.77188
0.74538
0.85615
0.82771
0.94378
0.95041
0.94115
0.9204
0.92505
0.90894
0.85688
0.75136
0.70476
0.72624
0.73347
0.80031
0.86532
0.9415
0.88301
0.87921
0.95455
0.968
0.95475
0.94465
0.94312
0.90284
0.85893
0.84966
0.82583
0.9167
0.93024
0.89645
0.8376
0.82295
0.85195
0.86233
0.8126
0.79159
0.78706
0.73942
0.68553
0.69143
0.76006
0.84007
0.93855
0.92911
0.93229
0.93816
0.95043
0.96254
0.96405
0.95956
0.9631
0.96108
0.96157
0.9567
0.9531
0.94135
0.93597
0.94146
0.94407
0.95175
0.92125
0.82974
0.79928
0.79425
0.77815
0.7626
0.75138
0.82228
0.88153
0.89538
0.90728
0.90983
0.90599
0.88155
0.89389
0.85498
0.88211
0.81558
0.77719
0.78612
0.78749
0.77818
0.7503
0.73085
0.71952
0.74304
0.68506
0.70325
0.60201
0.56252
0.57897
0.68872
0.73548
0.79493
0.80778
0.81599
0.80266
0.77273
0.72492
0.6813
0.78535
0.77755
0.80842
0.78531
0.80089
0.75574
0.73334
0.73352
0.77217
0.79618
0.79313
0.8313
0.81341
0.79793
0.80589
0.82994
0.85932
0.88128
0.92223
0.90158
0.88776
0.91978
0.89758
0.87358
0.86925
0.87431
0.8794
0.90647
0.91512
0.92997
0.93354
0.93017
0.92689
0.92624
0.91945
0.90873
0.91158
0.90851
0.91161
0.89938
0.89192
0.89162
0.88344
0.86277
0.75089
0.86965
0.87149
0.77611
0.85142
0.84427
0.86359
0.88019
0.877
0.9018
0.88952
0.87148
0.8508
0.833
0.83847
0.86289
0.84981
0.84448
0.87882
0.8661
0.85941
0.85513
0.8553
0.83129
0.76032
0.77626
0.88856
0.89108
0.88906
0.89466
0.90202
0.90957
0.91646
0.91888
0.92555
0.90649
0.90794
0.90065
0.91303
0.91857
0.90186
0.88657
0.90509
0.8615
0.86004
0.8762
0.86684
0.86734
0.88017
0.85505
0.76497
0.74061
0.73191
0.70168
0.75128
0.86866
0.84519
0.77065
0.69739
0.67621
0.80975
0.8224
0.82592
0.84342
0.84445
0.82965
0.83054
0.80243
0.81152
0.82263
0.82026
0.80678
0.79164
0.76953
0.75195
0.78203
0.79733
0.81551
0.79135
0.81518
0.78477
0.7349
0.6954
0.76984
0.78197
0.73356
0.72494
0.73779
0.74362
0.76358
0.79764
0.78341
0.79248
0.79066
0.81515
0.82308
0.84888
0.81829
0.83331
0.80801
0.7939
0.79868
0.78895
0.78307
0.77635
0.79409
0.80286
0.78845
0.78493
0.78094
0.77484
0.76899
0.75638
0.73879
0.70073
0.69277
0.68177
0.68468
0.71412
0.68764
0.6116
0.68144
0.60922
0.60791
0.58084
0.52089
0.44666
0.73044
0.87872
0.89447
0.87949
0.75011
0.74085
0.78671
0.79316
0.78131
0.80448
0.80293
0.80414
0.83978
0.85896
0.86198
0.86636
0.86876
0.86331
0.87312
0.88911
0.88397
0.87136
0.85738
0.86458
0.86404
0.82476
0.84221
0.77749
0.82014
0.81727
0.81243
0.83585
0.85136
0.86924
0.88157
0.87793
0.87102
0.86965
0.86144
0.85905
0.82806
0.7682
0.75143
0.7216
0.72459
0.7261
0.75848
0.77271
0.78112
0.80643
0.82862
0.78943
0.78479
0.77867
0.77716
0.76708
0.76645
0.86375
0.87635
0.78919
0.81769
0.75894
0.77349
0.77264
0.76553
0.75294
0.7529
0.76607
0.76978
0.81003
0.76481
0.80377
0.80557
0.81633
0.81566
0.76435
0.68175
0.80173
0.80571
0.80926
0.80152
0.79457
0.80662
0.82808
0.83741
0.82106
0.82921
0.82114
0.84182
0.84882
0.85086
0.8531
0.85947
0.85724
0.82652
0.81455
0.78933
0.80716
0.7731
0.8233
0.83126
0.84989
0.85372
0.8408
0.64329
0.58941
0.57176
0.56165
0.60141
0.62971
0.65299
0.68721
0.65929
0.5971
0.68411
0.76231
0.79444
0.80525
0.78003
0.72328
0.66162
0.66061
0.65507
0.6405
0.63106
0.65805
0.76697
0.84234
0.77223
0.71389
0.73087
0.76648
0.80027
0.79096
0.79168
0.78258
0.77583
0.76415
0.74507
0.72983
0.74208
0.73969
0.77773
0.77203
0.76976
0.7671
0.72959
0.71314
0.72855
0.73305
0.71089
0.69465
0.68636
0.73511
0.66904
0.73198
0.74361
0.7062
0.69163
0.80979
0.84032
0.7289
0.69727
0.69966
0.73242
0.77801
0.7851
0.78757
0.77106
0.74207
0.71956
0.71845
0.73141
0.77985
0.79478
0.8033
0.7947
0.7905
0.87957
0.87806
0.84723
0.85465
0.84481
0.79423
0.72768
0.72147
0.72521
0.74354
0.7764
0.82702
0.84279
0.81141
0.7961
0.80685
0.80711
0.81286
0.81651
0.82096
0.82199
0.80527
0.73693
0.63705
0.55226
0.47968
0.41216
0.41036
0.70235
0.7534
0.7812
0.79587
0.7957
0.7822
0.77032
0.77153
0.72327
0.61543
0.60241
0.66105
0.75821
0.74392
0.739
0.74155
0.74422
0.73727
0.73838
0.73604
0.7297
0.71864
0.73921
0.72616
0.71276
0.7227
0.70225
0.69918
0.70957
0.70367
0.69677
0.69824
0.7119
0.71397
0.71012
0.71123
0.71474
0.66507
0.63588
0.6222
0.68018
0.71754
0.75526
0.76969
0.77698
0.75141
0.73103
0.72144
0.71633
0.71451
0.71336
0.71785
0.72868
0.73278
0.72986
0.73285
0.72247
0.72816
0.74724
0.77428
0.7805
0.76809
0.74932
0.73369
0.72736
0.73369
0.70277
0.67836
0.66923
0.68752
0.63717
0.5161
0.65749
0.69278
0.71844
0.71802
0.72119
0.72913
0.76023
0.75413
0.74781
0.73205
0.73858
0.68484
0.71293
0.74236
0.75195
0.74596
0.75236
0.74761
0.74553
0.73091
0.74349
0.76574
0.75913
0.72591
0.7329
0.73554
0.73331
0.73854
0.7452
0.77039
0.75915
0.71912
0.71418
0.72106
0.67909
0.68461
0.73248
0.76906
0.74935
0.73341
0.73048
0.74733
0.75871
0.74686
0.73882
0.74809
0.76377
0.76702
0.79423
0.79514
0.80585
0.77005
0.7537
0.73152
0.6479
0.70123
0.68968
0.69579
0.70588
0.70191
0.68783
0.69086
0.68136
0.70915
0.66367
0.59892
0.60328
0.651
0.64887
0.52676
0.50478
0.52568
0.52073
0.49606
0.50578
0.54228
0.52346
0.53452
0.4562
0.48909
0.51168
0.51483
0.51368
0.51481
0.55098
0.52984
0.52276
0.55268
0.60522
0.57162
0.5234
0.5763
0.65152
0.72101
0.74265
0.75788
0.77344
0.78969
0.79267
0.79257
0.78907
0.79094
0.77224
0.77023
0.76641
0.76589
0.76005
0.76275
0.75175
0.73691
0.7279
0.69518
0.67189
0.66379
0.67083
0.62671
0.61627
0.62085
0.62915
0.63266
0.6317
0.62917
0.62096
0.62013
0.62595
0.62665
0.62452
0.62096
0.61775
0.62098
0.61238
0.61885
0.62002
0.62472
0.62481
0.62614
0.6253
0.6247
0.6269
0.63308
0.63574
0.63635
0.64045
0.64484
0.64375
0.64069
0.63976
0.64084
0.63582
0.62655
0.61667
0.59598
0.58478
0.58296
0.59173
0.56874
0.55973
0.53455
0.59928
0.62657
0.62879
0.6294
0.63578
0.64747
0.66899
0.67056
0.66143
0.65686
0.65669
0.64675
0.64018
0.64307
0.6391
0.62964
0.61716
0.618
0.62604
0.56336
0.59925
0.61816
0.62526
0.61823
0.60348
0.56442
0.55878
0.56563
0.57105
0.58125
0.61104
0.6247
0.62308
0.62663
0.62968
0.6293
0.6417
0.65352
0.65715
0.64799
0.58426
0.48473
0.48951
0.60798
0.64645
0.64318
0.63761
0.63469
0.63023
0.69133
0.70634
0.71522
0.72113
0.71691
0.71312
0.69038
0.66688
0.65896
0.6503
0.66788
0.67224
0.68418
0.68718
0.69687
0.68438
0.68481
0.68769
0.68841
0.68518
0.68262
0.68135
0.70176
0.64174
0.62656
0.57119
0.53453
0.68364
0.6834
0.68843
0.68569
0.68101
0.69695
0.67498
0.68184
0.70502
0.72421
0.72731
0.69805
0.75574
0.73232
0.75769
0.72428
0.7236
0.71148
0.70898
0.76362
0.68829
0.69795
0.69296
0.69718
0.70565
0.68662
0.68111
0.68536
0.6932
0.69814
0.66288
0.64862
0.67919
0.65019
0.63686
0.64663
0.66073
0.68621
0.68086
0.64923
0.64611
0.64639
0.64803
0.64515
0.63866
0.6376
0.63785
0.6386
0.63385
0.63054
0.62292
0.62396
0.62022
0.62494
0.59865
0.59032
0.59518
0.59929
0.57453
0.56811
0.5799
0.58604
0.5954
0.58822
0.58926
0.5947
0.60391
0.60134
0.60115
0.60057
0.6015
0.59867
0.61686
0.60948
0.6045
0.60006
0.59025
0.58945
0.58811
0.58903
0.58999
0.59183
0.59208
0.59645
0.6003
0.6042
0.60892
0.61071
0.60862
0.61003
0.60027
0.57532
0.54366
0.58872
0.60246
0.61747
0.63241
0.63503
0.64844
0.66502
0.72191
0.69483
0.68819
0.70145
0.72111
0.73368
0.71282
0.70973
0.70512
0.72327
0.70018
0.6946
0.66686
0.6832
0.698
0.70712
0.7614
0.7488
0.74556
0.74574
0.74716
0.75203
0.72869
0.7248
0.73876
0.71377
0.72254
0.65945
0.66046
0.77896
0.69651
0.77534
0.84415
0.85049
0.84953
0.82349
0.83603
0.76588
0.64064
0.61119
0.58862
0.56412
0.51839
0.76317
0.74226
0.70233
0.66745
0.67288
0.66759
0.66968
0.68768
0.67152
0.67264
0.71088
0.72129
0.69289
0.69014
0.68447
0.71439
0.76071
0.66628
0.65422
0.65387
0.65265
0.65271
0.65768
0.65244
0.67377
0.6727
0.67339
0.67386
0.68185
0.71282
0.7198
0.76958
0.77603
0.7033
0.6699
0.65057
0.64751
0.641
0.64361
0.65545
0.64927
0.63478
0.64061
0.63901
0.63427
0.62868
0.62986
0.62656
0.62274
0.61597
0.61279
0.60949
0.60762
0.6049
0.60631
0.60829
0.6096
0.60759
0.6026
0.60538
0.60377
0.60339
0.60205
0.59578
0.59944
0.60199
0.5883
0.5891
0.669
0.75491
0.73837
0.64098
0.63834
0.61541
0.63135
0.64097
0.65692
0.6493
0.66833
0.67919
0.63888
0.63003
0.62414
0.61702
0.61945
0.62741
0.64249
0.63889
0.64448
0.6502
0.64887
0.65378
0.64751
0.64445
0.67266
0.67827
0.67403
0.67353
0.65171
0.62579
0.61199
0.60286
0.60782
0.60092
0.60091
0.60565
0.6111
0.61102
0.61285
0.61546
0.6136
0.60849
0.6076
0.60358
0.61419
0.63208
0.61858
0.59568
0.59304
0.59674
0.60125
0.59854
0.58806
0.58934
0.58586
0.5906
0.56807
0.55592
0.56827
0.71142
0.71446
0.7326
0.68489
0.62283
0.60252
0.60062
0.58744
0.53849
0.54663
0.79056
0.80473
0.81093
0.81354
0.81617
0.81904
0.81812
0.81748
0.81455
0.81156
0.80983
0.80892
0.81115
0.79805
0.78023
0.76852
0.77864
0.7772
0.74192
0.69936
0.68511
0.66553
0.70452
0.69705
0.67994
0.70802
0.70658
0.71409
0.7194
0.72628
0.71048
0.71683
0.73443
0.72632
0.70703
0.72715
0.76322
0.67008
0.65594
0.63948
0.62664
0.59831
0.5831
0.57837
0.58063
0.58033
0.57837
0.57599
0.57081
0.57302
0.60931
0.61444
0.59586
0.57577
0.6194
0.67257
0.6959
0.69098
0.65937
0.64424
0.62514
0.60939
0.59904
0.4953
0.4635
0.62667
0.65085
0.68153
0.69026
0.69472
0.70823
0.7191
0.71305
0.74137
0.76082
0.76589
0.76598
0.75555
0.74676
0.74369
0.71652
0.71648
0.69967
0.69978
0.69543
0.68801
0.67312
0.66341
0.65959
0.64778
0.64067
0.62628
0.60277
0.60436
0.62289
0.63921
0.65565
0.69758
0.65581
0.64544
0.64511
0.64546
0.6399
0.63473
0.63402
0.63614
0.63107
0.63131
0.63467
0.62678
0.61201
0.6079
0.61236
0.61673
0.61171
0.61422
0.61464
0.61312
0.6221
0.60989
0.61631
0.61547
0.59857
0.57894
0.58659
0.59739
0.58562
0.60118
0.61333
0.63369
0.61907
0.62148
0.642
0.63957
0.63124
0.64029
0.64055
0.55325
0.49828
0.49207
0.64277
0.64301
0.63707
0.63339
0.60512
0.60581
0.59052
0.59181
0.6276
0.63119
0.63458
0.63605
0.63992
0.63459
0.62888
0.63465
0.63383
0.63111
0.63202
0.612
0.61348
0.62039
0.55048
0.42126
0.39277
0.41493
0.46428
0.47543
0.55731
0.61279
0.63752
0.60598
0.62419
0.63599
0.62789
0.67376
0.63945
0.62587
0.62132
0.61708
0.62076
0.62258
0.62938
0.63228
0.63468
0.64296
0.64639
0.64401
0.64352
0.63033
0.61954
0.6021
0.58189
0.58205
0.5995
0.60751
0.60958
0.61301
0.61744
0.62397
0.61868
0.6467
0.68596
0.61685
0.5927
0.58095
0.62761
0.60846
0.64244
0.65382
0.66098
0.67005
0.6941
0.67466
0.65417
0.65265
0.65504
0.65211
0.6657
0.66443
0.69497
0.6982
0.69717
0.70577
0.70565
0.70694
0.71006
0.70374
0.70086
0.67728
0.64265
0.63876
0.68994
0.65967
0.70739
0.62047
0.60052
0.54439
0.56713
0.61918
0.5977
0.59577
0.60098
