0.56899
0.60678
0.6029
0.59663
0.57634
0.60239
0.61014
0.60417
0.60276
0.59959
0.59386
0.59262
0.59316
0.59018
0.58361
0.57926
0.58076
0.57908
0.57353
0.56532
0.56359
0.57204
0.57433
0.57892
0.58036
0.57767
0.57996
0.57799
0.57403
0.57708
0.58053
0.58055
0.58287
0.58224
0.58729
0.63387
0.64398
0.65716
0.65728
0.65804
0.667
0.6702
0.6771
0.68245
0.68006
0.68103
0.68056
0.67809
0.63068
0.59982
0.60739
0.59798
0.55212
0.52887
0.47891
0.56908
0.60064
0.584
0.62947
0.61054
0.60694
0.60014
0.59685
0.60637
0.61367
0.63741
0.64414
0.63546
0.62471
0.63184
0.60605
0.61235
0.61121
0.60665
0.6025
0.61012
0.60382
0.59688
0.63034
0.62432
0.62268
0.61597
0.61312
0.61756
0.63071
0.62661
0.61146
0.60501
0.60883
0.62021
0.61818
0.54255
0.53838
0.56849
0.59787
0.59977
0.57199
0.56971
0.61805
0.58006
0.45662
0.4568
0.6278
0.6314
0.58843
0.61887
0.60717
0.59564
0.61416
0.60996
0.60627
0.60251
0.58719
0.59067
0.51615
0.30954
0.55961
0.54533
0.56683
0.57652
0.59032
0.74409
0.64469
0.6524
0.76317
0.73171
0.77837
0.79072
0.82483
0.81983
0.8031
0.56575
0.58386
0.62148
0.6583
0.66956
0.67837
0.70737
0.7113
0.6677
0.65247
0.63942
0.62309
0.60891
0.65317
0.62419
0.59697
0.58763
0.58429
0.59081
0.59165
0.58811
0.58607
0.58517
0.5852
0.583
0.58433
0.57647
0.56912
0.56333
0.61318
0.56963
0.55671
0.55175
0.56628
0.51741
0.53506
0.6238
0.61789
0.61425
0.62043
0.61878
0.61717
0.51139
0.50426
0.55366
0.6061
0.60599
0.61156
0.61036
0.61167
0.61394
0.58885
0.51931
0.60126
0.61784
0.62612
0.63081
0.63659
0.63367
0.61807
0.60536
0.59175
0.58062
0.54736
0.49902
0.55532
0.62521
0.62205
0.61565
0.61593
0.61456
0.59689
0.59547
0.59086
0.58312
0.61361
0.61088
0.60732
0.59392
0.63556
0.63414
0.67561
0.70284
0.73896
0.60682
0.55955
0.53024
0.49867
0.51882
0.56219
0.67827
0.60188
0.58149
0.57456
0.58482
0.56452
0.58391
0.54912
0.60433
0.60906
0.63405
0.65043
0.62421
0.61555
0.60674
0.60079
0.60135
0.60282
0.61669
0.62452
0.62879
0.63748
0.63188
0.64605
0.63654
0.63945
0.64304
0.64009
0.63311
0.62133
0.62417
0.60194
0.58859
0.57887
0.57862
0.58785
0.56641
0.55521
0.54117
0.49827
0.59712
0.60849
0.61194
0.62901
0.63734
0.64715
0.64665
0.64293
0.61506
0.60857
0.59848
0.59495
0.5892
0.58274
0.58388
0.60788
0.59611
0.59655
0.59998
0.60565
0.61135
0.61959
0.62582
0.63533
0.63894
0.63858
0.63991
0.6388
0.63635
0.63751
0.63835
0.6383
0.63347
0.63011
0.6173
0.61966
0.605
0.56276
0.56588
0.56074
0.55211
0.56202
0.57763
0.61029
0.60902
0.60708
0.61202
0.61113
0.60686
0.60319
0.60034
0.604
0.60286
0.60444
0.60208
0.60408
0.59569
0.5939
0.57882
0.57639
0.55369
0.54816
0.53805
0.54711
0.54314
0.51232
0.44691
0.44001
0.45482
0.49965
0.58002
0.60622
0.57679
0.58389
0.54704
0.54934
0.54266
0.5286
0.52845
0.48922
0.49088
0.64036
0.65383
0.65456
0.66546
0.6695
0.66193
0.68188
0.65455
0.65791
0.66283
0.70004
0.71792
0.73355
0.74994
0.75831
0.7561
0.73609
0.72854
0.7073
0.6948
0.6917
0.68947
0.6927
0.69758
0.67009
0.64954
0.63533
0.58031
0.59645
0.60273
0.61308
0.6262
0.64178
0.63287
0.67005
0.63072
0.64505
0.67265
0.7235
0.71783
0.68121
0.65011
0.64792
0.66605
0.69165
0.67749
0.75276
0.75561
0.75283
0.74756
0.70858
0.67977
0.67489
0.63594
0.62529
0.63475
0.61555
0.58538
0.57877
0.58769
0.61456
0.65816
0.718
0.72183
0.66068
0.6553
0.65425
0.64851
0.65396
0.6611
0.65438
0.66754
0.6665
0.64757
0.64305
0.64852
0.63658
0.62416
0.59835
0.62889
0.70513
0.69956
0.62152
0.71604
0.61007
0.73321
0.76379
0.72219
0.80469
0.81821
0.81888
0.81304
0.83713
0.83167
0.81776
0.78434
0.75278
0.73778
0.72735
0.70104
0.68757
0.63899
0.61027
0.58252
0.62074
0.63927
0.66838
0.6733
0.66745
0.61305
0.6664
0.70778
0.72363
0.73009
0.70619
0.70229
0.68748
0.68533
0.69402
0.69373
0.68616
0.68507
0.69168
0.66898
0.64493
0.62964
0.63775
0.62662
0.66411
0.65607
0.67631
0.68315
0.67639
0.6947
0.72847
0.72873
0.72437
0.72099
0.68855
0.67693
0.67891
0.66845
0.67979
0.67295
0.67277
0.68828
0.69141
0.66849
0.65882
0.68867
0.71944
0.73394
0.72496
0.70931
0.70769
0.69411
0.71313
0.68411
0.67751
0.69891
0.70583
0.70912
0.7175
0.73774
0.74229
0.7544
0.74864
0.71971
0.7072
0.70158
0.71653
0.73484
0.77421
0.76976
0.76916
0.78468
0.77814
0.75845
0.74511
0.76502
0.76718
0.75539
0.67674
0.66375
0.61148
0.58679
0.59355
0.59873
0.60383
0.5949
0.59113
0.58649
0.72697
0.71635
0.74315
0.7584
0.73239
0.71763
0.76148
0.76834
0.76801
0.75673
0.74686
0.73825
0.7361
0.73574
0.73265
0.72836
0.72064
0.70343
0.71071
0.67687
0.65929
0.64778
0.65097
0.65191
0.64263
0.6382
0.63532
0.63406
0.63424
0.63582
0.64084
0.64293
0.63515
0.63224
0.62675
0.62637
0.62353
0.62148
0.63054
0.63284
0.63238
0.62437
0.60366
0.60516
0.60528
0.61097
0.61957
0.59693
0.55628
0.52548
0.49316
0.69031
0.69912
0.70361
0.70993
0.70787
0.70546
0.69947
0.67439
0.66003
0.63674
0.63648
0.639
0.64478
0.64296
0.64936
0.64611
0.63329
0.62042
0.64179
0.62788
0.62351
0.61279
0.59365
0.60471
0.62095
0.62254
0.61727
0.61457
0.61265
0.61953
0.62041
0.62945
0.631
0.63403
0.63858
0.64581
0.65
0.65729
0.65902
0.65815
0.63329
0.61955
0.6298
0.63554
0.63512
0.63729
0.66362
0.61469
0.50615
0.64929
0.66032
0.63266
0.59578
0.59883
0.61382
0.64331
0.63966
0.64587
0.63684
0.62203
0.61079
0.60854
0.63717
0.65716
0.65393
0.51492
0.42536
0.43495
0.45433
0.55639
0.63379
0.69032
0.72517
0.65711
0.59687
0.59794
0.58107
0.59615
0.61828
0.67822
0.72822
0.65269
0.64576
0.64476
0.65076
0.61811
0.61496
0.59648
0.56001
0.50324
0.42482
0.49502
0.50174
0.58533
0.63124
0.63229
0.63476
0.62965
0.6333
0.63328
0.62866
0.63921
0.67768
0.69694
0.65486
0.63133
0.64158
0.64853
0.64116
0.63832
0.6748
0.63939
0.63192
0.62057
0.62824
0.64227
0.63415
0.6306
0.62297
0.61408
0.59857
0.59809
0.62063
0.62827
0.635
0.61775
0.61741
0.61488
0.61628
0.62611
0.64245
0.64191
0.62358
0.61783
0.62087
0.61884
0.61315
0.60777
0.58987
0.57158
0.57798
0.58351
0.60917
0.61282
0.6194
0.61915
0.63064
0.65452
0.66982
0.69294
0.66816
0.68309
0.67623
0.63304
0.61661
0.58366
0.58035
0.60291
0.63809
0.65629
0.67052
0.62778
0.63903
0.64905
0.72063
0.68296
0.66959
0.65696
0.65873
0.64136
0.6536
0.70866
0.71957
0.53948
0.46977
0.50874
0.5403
0.59195
0.60349
0.62608
0.62094
0.60094
0.59419
0.59273
0.60286
0.60389
0.60819
0.60658
0.60412
0.60818
0.61176
0.5987
0.60763
0.60544
0.6135
0.62008
0.61939
0.62093
0.60161
0.59698
0.58859
0.58633
0.59912
0.61453
0.62466
0.62354
0.61912
0.60664
0.60457
0.60844
0.63285
0.64328
0.57344
0.51857
0.63496
0.65542
0.65944
0.67106
0.67897
0.69118
0.6895
0.69686
0.66015
0.65251
0.65246
0.65851
0.67216
0.67484
0.68216
0.67912
0.68299
0.65898
0.64367
0.63583
0.57836
0.50394
0.48375
0.4609
0.4324
0.43082
0.49129
0.60757
0.61421
0.52004
0.48121
0.47995
0.51555
0.55391
0.6708
0.67502
0.69099
0.69144
0.6892
0.7058
0.69049
0.68511
0.68146
0.67865
0.67822
0.68094
0.68722
0.68898
0.70107
0.70795
0.68859
0.69401
0.70245
0.68133
0.61472
0.53798
0.53922
0.60796
0.65959
0.6823
0.67354
0.69425
0.70576
0.71592
0.71679
0.7267
0.72128
0.72287
0.7319
0.68307
0.67912
0.70792
0.72298
0.72835
0.73474
0.75042
0.74385
0.72728
0.73012
0.718
0.72906
0.68231
0.63626
0.60323
0.58117
0.59914
0.60833
0.61861
0.63663
0.64243
0.63805
0.70089
0.7119
0.70108
0.71733
0.72042
0.73191
0.74731
0.73586
0.71477
0.69465
0.69661
0.69426
0.69518
0.70441
0.70656
0.6778
0.67339
0.6707
0.63669
0.62664
0.66998
0.7282
0.75693
0.73931
0.70976
0.70195
0.68567
0.66761
0.67323
0.7096
0.72569
0.77963
0.75532
0.68793
0.66221
0.65449
0.64866
0.64567
0.66905
0.65867
0.6643
0.64868
0.6534
0.66699
0.67184
0.86182
0.87673
0.87379
0.87785
0.87626
0.8739
0.79993
0.79314
0.76748
0.74111
0.68134
0.67956
0.66443
0.66366
0.6317
0.59438
0.63835
0.66668
0.67607
0.61954
0.63466
0.66272
0.64713
0.66153
0.67476
0.7069
0.69189
0.66232
0.64228
0.63128
0.59488
0.60142
0.74529
0.75356
0.75062
0.79779
0.82765
0.83786
0.66715
0.68397
0.70108
0.7119
0.70126
0.69447
0.70819
0.7293
0.77417
0.76237
0.78382
0.80404
0.80438
0.7707
0.79151
0.7902
0.78475
0.76903
0.76362
0.7509
0.79128
0.73822
0.69602
0.65225
0.65392
0.6668
0.6526
0.64953
0.67683
0.6495
0.58194
0.5623
0.54983
0.53782
0.56759
0.62992
0.71829
0.69922
0.70211
0.7005
0.68456
0.62258
0.58436
0.58834
0.62826
0.78126
0.79301
0.80561
0.82374
0.85969
0.86581
0.87097
0.8708
0.87136
0.8763
0.84715
0.84175
0.82863
0.80873
0.66
0.66164
0.66202
0.70365
0.64801
0.68072
0.69456
0.76564
0.77652
0.80583
0.81894
0.83151
0.82014
0.82051
0.83268
0.82448
0.81955
0.79693
0.75347
0.72218
0.71199
0.70326
0.67322
0.64325
0.59771
0.56966
0.52007
0.49537
0.66961
0.70511
0.77881
0.7437
0.76349
0.76266
0.75773
0.78258
0.74483
0.75673
0.75596
0.72952
0.74272
0.77991
0.72727
0.73698
0.71426
0.70254
0.70868
0.70975
0.74325
0.78075
0.74709
0.75512
0.75496
0.7567
0.7148
0.70588
0.67341
0.70847
0.69327
0.70707
0.62608
0.66334
0.76421
0.78467
0.79977
0.78404
0.78083
0.78991
0.77763
0.77814
0.84631
0.89089
0.89484
0.89515
0.90973
0.89914
0.88384
0.9049
0.9351
0.92951
0.90235
0.88658
0.86226
0.87607
0.87297
0.85524
0.86474
0.84508
0.84101
0.85307
0.8574
0.87411
0.81564
0.78074
0.78865
0.86394
0.85134
0.84074
0.85372
0.82726
0.81593
0.88194
0.89024
0.87492
0.85274
0.83887
0.84414
0.85827
0.76434
0.7399
0.7039
0.70197
0.68481
0.64436
0.63268
0.6464
0.63333
0.63944
0.68369
0.69548
0.70747
0.7184
0.73777
0.74542
0.77822
0.78455
0.76754
0.76543
0.75556
0.75253
0.75379
0.77413
0.78504
0.76387
0.74681
0.62435
0.70037
0.79015
0.77676
0.81023
0.80122
0.76684
0.74604
0.74471
0.75603
0.75957
0.76024
0.74099
0.73761
0.72772
0.74483
0.75972
0.81058
0.81522
0.81147
0.82254
0.80017
0.79481
0.76823
0.74339
0.75666
0.76213
0.788
0.78888
0.79977
0.79819
0.78432
0.80827
0.84408
0.82651
0.80471
0.80448
0.80775
0.80162
0.75118
0.85185
0.82124
0.70553
0.74526
0.73036
0.72779
0.72475
0.71814
0.73323
0.7612
0.78519
0.80211
0.80124
0.79332
0.77959
0.76294
0.7836
0.79992
0.82169
0.83429
0.88815
0.86953
0.86186
0.88558
0.88613
0.8699
0.8559
0.84263
0.83257
0.812
0.81629
0.82024
0.81338
0.80242
0.77889
0.81443
0.7686
0.75387
0.72604
0.78494
0.80916
0.8802
0.85718
0.79281
0.77731
0.77096
0.75002
0.74409
0.73919
0.71377
0.728
0.78615
0.8995
0.91753
0.91572
0.92839
0.92708
0.91654
0.91232
0.91752
0.89749
0.88949
0.88416
0.84896
0.90032
0.86707
0.84413
0.83521
0.82691
0.70499
0.70012
0.69866
0.68555
0.67286
0.70187
0.65498
0.62688
0.58916
0.60571
0.67997
0.68421
0.73197
0.82249
0.8713
0.78367
0.78209
0.80587
0.79608
0.98608
0.94674
0.96399
0.97031
0.86167
0.89697
0.88657
0.87905
0.91193
0.91005
0.89086
0.86894
0.89328
0.716
0.70625
0.7508
0.71555
0.88149
0.9074
0.9075
0.85539
0.81711
0.91657
0.92743
0.94351
0.94246
0.92784
0.92232
0.86341
0.91478
0.89212
0.92547
0.92276
0.90651
0.89606
0.87922
0.87227
0.82034
0.92879
0.92836
0.91854
0.92176
0.91165
0.88606
0.85575
0.87224
0.86607
0.65892
0.77386
0.85451
0.88844
0.88284
0.87048
0.80267
0.72072
0.72631
0.77533
0.8135
0.83254
0.82621
0.84279
0.83636
0.78979
0.88585
0.90644
0.91705
0.90411
0.88534
0.87779
0.86952
0.85049
0.79545
0.87361
0.86114
0.86199
0.85831
0.85991
0.78999
0.79506
0.78736
0.74093
0.72996
0.77937
0.81185
0.77806
0.85194
0.83689
0.8519
0.87698
0.87145
0.88733
0.89205
0.89819
0.89213
0.89734
0.89399
0.90011
0.88741
0.87766
0.88937
0.88965
0.87802
0.86193
0.88893
0.89291
0.88865
0.87761
0.80768
0.69688
0.67607
0.65065
0.74603
0.73234
0.73337
0.74835
0.74574
0.73845
0.74293
0.75114
0.89226
0.84013
0.86643
0.85208
0.86032
0.81468
0.79684
0.81492
0.85773
0.85517
0.86389
0.85159
0.83557
0.80647
0.77005
0.77946
0.77181
0.78483
0.81224
0.83285
0.89522
0.87131
0.91105
0.91431
0.8484
0.77883
0.81349
0.83056
0.82224
0.79047
0.7978
0.78745
0.89258
0.911
0.91433
0.89433
0.86486
0.83296
0.7828
0.76152
0.76984
0.83128
0.87266
0.84925
0.86948
0.87234
0.83511
0.81823
0.77497
0.87413
0.89885
0.91296
0.90523
0.87908
0.83035
0.83672
0.94304
0.94154
0.92854
0.92796
0.91407
0.80018
0.75834
0.79174
0.79543
0.81631
0.84941
0.82172
0.78195
0.72839
0.69251
0.71486
0.63958
0.64343
0.86603
0.85243
0.85103
0.83419
0.84389
0.82811
0.82264
0.75049
0.81576
0.866
0.83074
0.81991
0.78481
0.71521
0.76
0.73538
0.69435
0.73001
0.77502
0.81923
0.81933
0.86303
0.85983
0.8177
0.85119
0.85272
0.85306
0.93225
0.95581
0.97227
0.96437
0.96597
0.95927
0.94983
0.89521
0.8722
0.89784
0.90228
0.90002
0.90654
0.87684
0.90916
0.91078
0.91517
0.9398
0.92561
0.91758
0.897
0.95931
0.96916
0.96571
0.95473
0.95607
0.91509
0.80406
0.72981
0.74839
0.80275
0.78071
0.91695
0.86419
0.89956
0.90572
0.82723
0.91158
0.92658
0.92172
0.88653
0.89292
0.91727
0.9051
0.90721
0.87812
0.84938
0.90126
0.85575
0.82746
0.7291
0.73195
0.7472
0.76722
0.76287
0.83079
0.83145
0.81889
0.75283
0.72347
0.75996
0.75597
0.76898
0.75552
0.74424
0.75054
0.83702
0.79706
0.81101
0.93215
0.92458
0.90924
0.86892
0.75987
0.68725
0.57809
0.65764
0.72589
0.77532
0.77988
0.80257
0.81105
0.80852
0.81054
0.82704
0.81356
0.80572
0.8215
0.80883
0.79369
0.79475
0.77641
0.76418
0.77212
0.7442
0.71008
0.70347
0.75697
0.75695
0.68841
0.67889
0.64854
0.65587
0.65284
0.64784
0.68458
0.70058
0.65512
0.60098
0.56152
0.49806
0.54673
0.67273
0.73795
0.74205
0.73532
0.73258
0.73123
0.74096
0.7594
0.78885
0.81974
0.81808
0.79808
0.77427
0.72251
0.70187
0.70042
0.66317
0.68573
0.78525
0.74797
0.68403
0.82911
0.85029
0.88214
0.80381
0.77663
0.75297
0.7354
0.72509
0.73519
0.76456
0.78932
0.80555
0.80565
0.81422
0.81674
0.81756
0.81463
0.8359
0.84831
0.85738
0.86357
0.86884
0.87801
0.88433
0.87111
0.88029
0.88776
0.88581
0.88245
0.88628
0.89722
0.91019
0.90918
0.9096
0.92033
0.92762
0.92101
0.93177
0.93438
0.92943
0.92688
0.91892
0.89475
0.85631
0.8058
0.7974
0.81775
0.8743
0.85443
0.7816
0.76402
0.7766
0.78
0.76701
0.78219
0.78367
0.79389
0.82747
0.84887
0.83978
0.83345
0.80981
0.70978
0.79851
0.83489
0.86577
0.83216
0.85002
0.85048
0.85981
0.86597
0.87298
0.86721
0.85393
0.86886
0.87796
0.83738
0.88936
0.91868
0.91237
0.89283
0.87447
0.88956
0.89424
0.86926
0.76285
0.74321
0.80896
0.79708
0.78
0.77676
0.75966
0.79274
0.81567
0.81148
0.79715
0.81108
0.90137
0.89978
0.91451
0.91405
0.82509
0.80516
0.75567
0.73394
0.75206
0.76111
0.77885
0.80208
0.82589
0.85121
0.8575
0.86611
0.8892
0.89951
0.91119
0.8874
0.8393
0.82466
0.80657
0.80786
0.81586
0.81078
0.80479
0.77738
0.86506
0.88884
0.8715
0.89011
0.89377
0.85235
0.75481
0.72664
0.71529
0.70914
0.7234
0.74278
0.7452
0.75938
0.78644
0.74986
0.71009
0.65841
0.68002
0.71471
0.75147
0.81221
0.79976
0.78038
0.77554
0.76837
0.77937
0.79114
0.80604
0.80715
0.79573
0.79506
0.80881
0.79888
0.79843
0.81714
0.82462
0.81491
0.81775
0.77216
0.74011
0.72966
0.73472
0.74562
0.76998
0.76898
0.76833
0.76943
0.77069
0.7646
0.74797
0.72985
0.72089
0.72031
0.71188
0.67495
0.7147
0.73189
0.72013
0.72893
0.7471
0.75355
0.76843
0.77717
0.77197
0.75762
0.75068
0.7917
0.82888
0.82846
0.74425
0.74757
0.74165
0.74629
0.7529
0.78736
0.78951
0.77133
0.7546
0.75463
0.72963
0.74784
0.75314
0.77682
0.79508
0.79063
0.77382
0.78875
0.81946
0.82583
0.83811
0.83095
0.82705
0.79614
0.76031
0.72374
0.71951
0.73942
0.82662
0.85876
0.85971
0.84289
0.80986
0.77975
0.74894
0.70531
0.65939
0.65561
0.62741
0.62019
0.63975
0.69963
0.68785
0.67237
0.74183
0.76183
0.78244
0.80455
0.82557
0.84195
0.85597
0.86697
0.86523
0.86162
0.85775
0.85772
0.85236
0.83993
0.84759
0.8439
0.83373
0.84657
0.84527
0.8455
0.82193
0.8116
0.804
0.74961
0.67818
0.71068
0.73834
0.73679
0.73526
0.55066
0.48217
0.46882
0.50237
0.47834
0.43277
0.44494
0.497
0.50078
0.50849
0.78472
0.7876
0.78308
0.75296
0.76851
0.77021
0.74922
0.73219
0.7199
0.75172
0.78062
0.78701
0.78491
0.76658
0.75279
0.75939
0.71362
0.7125
0.70795
0.75222
0.69611
0.61755
0.68442
0.82294
0.84278
0.84876
0.84385
0.83897
0.83768
0.81459
0.67377
0.65394
0.62585
0.64636
0.6834
0.69834
0.68143
0.68989
0.63475
0.78345
0.78088
0.7939
0.79471
0.79154
0.80086
0.77635
0.76193
0.74078
0.74244
0.76201
0.77445
0.76604
0.78859
0.74489
0.75286
0.74855
0.75613
0.7672
0.80081
0.80867
0.83918
0.90979
0.92168
0.92874
0.91056
0.89987
0.88975
0.86819
0.81407
0.85542
0.7933
0.8064
0.82968
0.85411
0.86411
0.86745
0.83743
0.84907
0.83982
0.79024
0.72548
0.79423
0.79289
0.78652
0.78667
0.77836
0.71953
0.78678
0.77604
0.79156
0.81478
0.83148
0.82564
0.8112
0.79517
0.66605
0.66788
0.72223
0.80867
0.83832
0.83673
0.78224
0.78919
0.83812
0.84073
0.775
0.76419
0.77722
0.77754
0.76942
0.76374
0.76322
0.75038
0.74732
0.74719
0.75698
0.77281
0.75304
0.73117
0.72061
0.71828
0.71383
0.73653
0.7531
0.77319
0.7819
0.77214
0.77992
0.80734
0.8168
0.80279
0.80901
0.81115
0.79638
0.7719
0.78303
0.79441
0.81544
0.76012
0.70194
0.7112
0.72993
0.76122
0.76035
0.7577
0.75346
0.77676
0.78247
0.78292
0.759
0.75955
0.75882
0.74055
0.76141
0.72682
0.7639
0.75094
0.72075
0.69063
0.68912
0.68316
0.6903
0.68997
0.71382
0.73134
0.70222
0.66779
0.64999
0.74147
0.71901
0.70893
0.70034
0.72292
0.67527
0.66731
0.71358
0.71541
0.66894
0.68398
0.69751
0.66968
0.64659
0.58869
0.51612
0.4969
0.48553
0.48461
0.50084
0.65298
0.71574
0.70666
0.69501
0.68783
0.64836
0.65503
0.67366
0.71398
0.74861
0.74153
0.73687
0.75029
0.72058
0.72147
0.73601
0.71345
0.70127
0.72057
0.71211
0.72013
0.69878
0.69864
0.69318
0.68456
0.68116
0.69844
0.72396
0.73983
0.74875
0.74008
0.74123
0.75667
0.76189
0.76763
0.77113
0.78168
0.76194
0.76747
0.77983
0.74186
0.7624
0.7833
0.76584
0.76044
0.76366
0.75811
0.75179
0.75793
0.75458
0.76041
0.77434
0.78315
0.76716
0.75598
0.75708
0.74098
0.73509
0.73409
0.73108
0.72821
0.72595
0.71993
0.7115
0.70441
0.70345
0.70514
0.71305
0.71645
0.71909
0.74909
0.72585
0.73088
0.72551
0.7239
0.72862
0.73547
0.74207
0.76112
0.73593
0.73954
0.74181
0.75208
0.7523
0.74735
0.73618
0.73014
0.72811
0.72253
0.74013
0.74385
0.78805
0.76678
0.74986
0.71378
0.68825
0.66894
0.65112
0.61359
0.57825
0.5636
0.55538
0.58132
0.61398
0.6503
0.68176
0.7016
0.72206
0.69743
0.67869
0.64505
0.63274
0.60008
0.5958
0.6161
0.66843
0.65791
0.76801
0.72091
0.71481
0.69275
0.68227
0.68514
0.69033
0.69492
0.70045
0.71059
0.7051
0.70806
0.70446
0.70411
0.7047
0.70684
0.70984
0.68443
0.69581
0.68785
0.7284
0.71435
0.66098
0.69547
0.69211
0.69364
0.70338
0.71476
0.70304
0.70065
0.69147
0.71366
0.70731
0.70584
0.70088
0.70263
0.69228
0.68379
0.7179
0.72001
0.6403
0.70389
0.6507
0.67218
0.67637
0.67189
0.70403
0.70926
0.71392
0.69744
0.71933
0.67517
0.67771
0.66728
0.64695
0.68574
0.67009
0.64798
0.63144
0.62629
0.77181
0.69646
0.64511
0.76493
0.77504
0.7754
0.7707
0.71516
0.66916
0.67694
0.67419
0.75994
0.76721
0.76786
0.74458
0.78068
0.75334
0.7658
0.77196
0.7439
0.76594
0.7157
0.73355
0.78529
0.75873
0.75194
0.74732
0.73684
0.72171
0.70984
0.70359
0.70164
0.69687
0.69302
0.69467
0.69336
0.6974
0.69702
0.65814
0.63645
0.44647
0.44753
0.41552
0.37187
0.58802
0.52694
0.65873
0.78764
0.76083
0.78972
0.76923
0.76176
0.72801
0.70909
0.65199
0.60161
0.59251
0.58817
0.63291
0.67032
0.82071
0.79853
0.76537
0.72736
0.69155
0.66064
0.67665
0.6846
0.692
0.69229
0.70369
0.70661
0.73086
0.74833
0.76672
0.72941
0.65433
0.71662
0.70737
0.7209
0.73814
0.74774
0.74073
0.777
0.78443
0.76679
0.71279
0.77759
0.82077
0.8094
0.72246
0.70929
0.68871
0.72556
0.73307
0.72755
0.73553
0.73595
0.74785
0.79396
0.79089
0.78197
0.76795
0.73108
0.70923
0.70233
0.65473
0.70374
0.72795
0.7363
0.74554
0.73682
0.73649
0.7439
0.7428
0.75186
0.75084
0.7482
0.73723
0.61916
0.61835
0.69194
0.74853
0.75223
0.79171
0.79395
0.77418
0.72853
0.70958
0.69616
0.6995
0.70449
0.70531
0.70534
0.71492
0.76054
0.75639
0.77759
0.78089
0.79443
0.78411
0.78429
0.76889
0.781
0.75305
0.68492
0.60002
0.46298
0.43903
0.656
0.70765
0.72239
0.71277
0.69956
0.68699
0.68523
0.69766
0.72773
0.72955
0.69634
0.69713
0.71941
0.74628
0.72888
0.73752
0.727
0.79813
0.78747
0.80781
0.83731
0.81375
0.82025
0.82925
0.82435
0.81174
0.80418
0.79989
0.79558
0.79555
0.78989
0.78945
0.78595
0.78343
0.78224
0.77497
0.73174
0.69144
0.67979
0.49165
0.49016
0.64154
0.70614
0.70902
0.69309
0.70216
0.71447
0.72787
0.73473
0.71917
0.68956
0.75915
0.78544
0.74993
0.73231
0.71676
0.75308
0.75514
0.73443
0.74025
0.73493
0.73488
0.76504
0.76891
0.77522
0.76915
0.76356
0.75919
0.7228
0.72145
0.71989
0.68402
0.66231
0.65226
0.65731
0.62989
0.59076
0.5554
0.62887
0.61749
0.62218
0.61692
0.5705
0.51971
0.50076
0.54237
0.62674
0.62005
0.62389
0.6374
0.62381
0.6133
0.61397
0.61721
0.57784
0.57257
0.61966
0.60927
0.61057
0.6161
0.63661
0.62912
0.59613
0.58732
0.60925
0.61886
0.62674
0.69753
0.67416
0.66797
0.65232
0.64219
0.68988
0.65346
0.69261
0.6943
0.6499
0.63954
0.63651
0.63239
0.6312
0.62795
0.63106
0.63379
0.62821
0.60953
0.56578
0.58959
0.62112
0.63523
0.64288
0.63677
0.63319
0.62799
0.61879
0.59443
0.63669
0.62363
0.61444
0.62533
0.64509
0.65161
0.66001
0.65382
0.65163
0.64433
0.62834
0.64062
0.66221
0.76065
0.74434
0.78082
0.77047
0.68803
0.68154
0.68242
0.68299
0.68326
0.70839
0.69456
0.68443
0.68915
0.69465
0.69154
0.69721
0.69439
0.685
0.69235
0.67197
0.67602
0.66131
0.65878
0.67399
0.69423
0.68842
0.69569
0.70038
0.68473
0.66767
0.67126
0.66646
0.67471
0.68419
0.70515
0.7163
0.65393
0.61613
0.60902
0.59237
0.61325
0.61639
0.56517
0.67353
0.66924
0.678
0.66449
0.67578
0.69897
0.69381
0.68809
0.69202
0.69421
0.70295
0.71234
0.71605
0.71956
0.72021
0.71919
0.71977
0.71955
0.71486
0.70643
0.70716
0.64041
0.5815
0.57125
0.50658
0.75958
0.80914
0.78257
0.76423
0.74233
0.69596
0.68549
0.69259
0.7056
0.71129
0.73085
0.73771
0.7358
0.74437
0.73389
0.72127
0.69804
0.71906
0.71238
0.7179
0.71525
0.68904
0.65655
0.65686
0.67059
0.78789
0.77823
0.72612
0.67339
0.74921
0.74428
0.77102
0.78703
0.66038
0.72493
0.70616
0.69862
0.70376
0.68994
0.73794
0.70941
0.68442
0.67574
0.65932
0.65387
0.61685
0.59246
0.57134
0.5754
0.58149
0.59445
0.62403
0.61338
0.58824
0.60005
0.60334
0.60929
0.61095
0.57322
0.61337
0.55568
0.63502
0.5924
0.58345
0.56477
0.57531
0.5908
0.65641
0.72125
0.71766
0.68296
0.66681
0.66565
0.62994
0.63682
0.63688
0.68683
0.68987
0.69205
0.68716
0.6886
0.65144
0.60953
0.55202
0.58591
0.58084
0.57732
0.60835
0.61446
0.61624
0.65217
0.64377
0.6213
0.61815
0.62864
0.63039
0.62647
0.63956
0.62597
0.61771
0.61162
0.60485
0.59542
0.60606
0.37728
0.48283
0.57677
0.58075
0.57685
0.57335
0.58528
0.6175
0.58128
0.62124
0.62716
0.6348
0.63298
0.62809
0.63302
0.64256
0.64914
0.64672
0.64491
0.64024
0.64235
0.61132
0.70306
0.56957
0.5746
0.58254
0.57957
0.60596
0.62364
0.64292
0.6595
0.681
0.68189
0.65975
0.63715
0.64039
0.65661
0.66887
0.62164
0.66493
0.64712
0.63036
0.6342
0.63338
0.62713
0.61704
0.61786
0.61692
0.61776
0.57635
0.48026
0.54655
0.60842
0.62278
0.62833
0.63511
0.6401
0.65095
0.68539
0.68745
0.63535
0.57487
0.51347
0.51371
0.55677
0.63505
0.66766
0.65127
0.64696
0.63317
0.67038
0.64088
0.68863
0.71366
0.70797
0.70339
0.69472
0.68304
0.63633
0.61956
0.63807
0.66006
0.65735
0.65244
0.65311
0.65588
0.65762
0.66056
0.65642
0.65504
0.64854
0.64041
0.65297
0.64802
0.6418
0.6361
0.63202
0.63485
0.63164
0.6362
0.63259
0.63632
0.63422
0.63906
0.62873
0.62231
0.62552
0.62539
0.63135
0.63147
0.6474
0.62948
0.53816
0.5128
0.48542
0.5144
0.56528
0.60076
0.62035
0.62105
0.61525
0.61204
0.60579
0.61447
0.60753
0.61933
0.58058
0.60189
0.59757
0.62732
0.61789
0.57214
0.57379
0.58194
0.59648
0.60659
0.63379
0.64025
0.6327
0.61961
0.61071
0.61601
0.62242
0.61811
0.61704
0.60106
0.60368
0.61553
0.59982
0.56558
0.56988
0.6068
0.58359
0.6052
0.6256
0.61001
0.60833
0.60457
0.60824
0.63569
0.60555
0.54135
0.7248
0.7202
0.7336
0.76203
0.75252
