0.83816
0.84355
0.8408
0.83594
0.83921
0.83898
0.83496
0.82893
0.82708
0.82707
0.82272
0.82692
0.82279
0.8218
0.82569
0.83007
0.84239
0.85305
0.8519
0.85575
0.86268
0.84659
0.85052
0.84801
0.84069
0.83455
0.8362
0.83246
0.83032
0.81748
0.75003
0.69899
0.73216
0.72091
0.78721
0.79937
0.80317
0.81719
0.83271
0.84679
0.8591
0.86609
0.87335
0.8661
0.8597
0.84382
0.83296
0.84736
0.86477
0.86642
0.86586
0.86661
0.86517
0.86758
0.86405
0.86049
0.86236
0.86645
0.86982
0.8639
0.86155
0.85243
0.66354
0.5353
0.52507
0.49408
0.39549
0.77219
0.78942
0.8297
0.83846
0.83267
0.83762
0.83525
0.78604
0.74592
0.61558
0.61601
0.73439
0.72818
0.74621
0.73655
0.77673
0.79789
0.82306
0.84029
0.83952
0.83115
0.82733
0.82327
0.82843
0.82712
0.82302
0.8214
0.8166
0.82045
0.82092
0.823
0.8231
0.81695
0.80914
0.80718
0.76627
0.70336
0.60985
0.56186
0.72293
0.72338
0.76663
0.79315
0.80344
0.79741
0.80701
0.81571
0.83218
0.83595
0.83868
0.84189
0.84287
0.84591
0.84593
0.84738
0.84574
0.84693
0.86063
0.85939
0.85955
0.85573
0.87207
0.86182
0.81873
0.80943
0.80341
0.77094
0.7661
0.77659
0.78638
0.78539
0.7789
0.75278
0.69071
0.70307
0.70622
0.68838
0.67601
0.67711
0.66049
0.65806
0.67516
0.69013
0.71355
0.64737
0.65415
0.69004
0.69988
0.69773
0.71679
0.73452
0.74274
0.75475
0.79218
0.80896
0.81811
0.81611
0.81331
0.80477
0.81418
0.8167
0.73304
0.55709
0.52992
0.64883
0.70991
0.71645
0.72753
0.76452
0.78951
0.64612
0.49593
0.39038
0.72129
0.74812
0.76716
0.77735
0.79196
0.80029
0.82422
0.83784
0.83746
0.83604
0.83696
0.84296
0.8342
0.82498
0.79194
0.77177
0.76558
0.72569
0.76698
0.74423
0.69993
0.62636
0.61765
0.61775
0.61864
0.61078
0.59911
0.59703
0.59895
0.60221
0.59965
0.59633
0.59781
0.6086
0.61178
0.60678
0.59254
0.58085
0.58131
0.53094
0.44139
0.41464
0.37345
0.36895
0.32343
0.27598
0.62889
0.76085
0.7853
0.79496
0.79912
0.81833
0.83972
0.83412
0.82437
0.81567
0.80613
0.81342
0.81752
0.79767
0.77028
0.72961
0.70735
0.67851
0.70773
0.71805
0.7861
0.78617
0.82046
0.83008
0.84344
0.85937
0.88994
0.87766
0.86719
0.85752
0.8362
0.82476
0.79835
0.68258
0.68867
0.67844
0.65172
0.66126
0.62504
0.56245
0.72542
0.74575
0.75442
0.74895
0.69504
0.66868
0.66264
0.66193
0.65518
0.44122
0.3624
0.75966
0.78787
0.815
0.83396
0.84605
0.85391
0.8464
0.85576
0.86464
0.87165
0.86819
0.87113
0.87767
0.8771
0.86018
0.8427
0.82201
0.81482
0.82541
0.83071
0.83133
0.83336
0.83111
0.83616
0.84125
0.83614
0.84068
0.86041
0.87385
0.8728
0.86902
0.86953
0.86443
0.85966
0.85447
0.84734
0.84528
0.81744
0.8194
0.81281
0.8126
0.82014
0.81678
0.81156
0.79205
0.78497
0.78514
0.80144
0.81949
0.83244
0.85465
0.85828
0.84693
0.84396
0.84984
0.85633
0.85835
0.85147
0.85539
0.85848
0.86887
0.87215
0.85732
0.83605
0.85441
0.84573
0.84562
0.84672
0.8394
0.8428
0.83386
0.82855
0.8338
0.83621
0.84412
0.85747
0.85893
0.85633
0.85276
0.85396
0.86935
0.86887
0.86832
0.86368
0.86262
0.87657
0.87205
0.88075
0.87815
0.87727
0.86854
0.86672
0.8644
0.86053
0.85978
0.86245
0.86529
0.86347
0.86211
0.86528
0.86295
0.85538
0.84082
0.81796
0.63911
0.63018
0.79158
0.8044
0.80255
0.80415
0.80125
0.82221
0.82747
0.70253
0.5389
0.44737
0.40659
0.47048
0.52456
0.51254
0.47918
0.4122
0.34573
0.30004
0.25295
0.23896
0.30542
0.43603
0.42748
0.23535
0.20789
0.19854
0.20626
0.19973
0.18995
0.18022
0.18642
0.19352
0.19819
0.20466
0.21342
0.23143
0.25095
0.54829
0.62636
0.54416
0.41351
0.36185
0.34523
0.27436
0.23304
0.17123
0.17093
0.20519
0.30699
0.38419
0.44429
0.50657
0.5948
0.7815
0.81312
0.80585
0.79046
0.76079
0.55328
0.48939
0.48981
0.4868
0.51442
0.47858
0.48197
0.49227
0.5348
0.68284
0.71564
0.7418
0.7507
0.73303
0.71978
0.71857
0.72805
0.6758
0.58835
0.6119
0.50978
0.44936
0.7203
0.76076
0.74141
0.7319
0.77353
0.80347
0.66382
0.74963
0.81238
0.80599
0.81931
0.82401
0.82688
0.85383
0.86327
0.85932
0.84562
0.83861
0.8321
0.80653
0.83576
0.8595
0.85932
0.82256
0.79382
0.81012
0.82263
0.85007
0.84556
0.84271
0.83416
0.82496
0.81453
0.78911
0.74743
0.73598
0.70068
0.69974
0.69571
0.69975
0.68328
0.68867
0.66687
0.67604
0.68554
0.67976
0.61629
0.7274
0.71596
0.69406
0.66949
0.66129
0.69302
0.70472
0.60019
0.61471
0.60678
0.6018
0.56349
0.42054
0.38214
0.29861
0.285
0.26539
0.33326
0.2803
0.31863
0.36436
0.48549
0.6176
0.69906
0.71582
0.76033
0.78349
0.78755
0.78705
0.78839
0.80168
0.81523
0.82929
0.84198
0.84535
0.83275
0.80528
0.80846
0.7903
0.75112
0.7584
0.67385
0.69074
0.67861
0.67834
0.67413
0.67131
0.65197
0.73872
0.74192
0.7412
0.74124
0.74518
0.7489
0.76702
0.77525
0.76614
0.75253
0.74743
0.75084
0.74687
0.74709
0.77484
0.78214
0.78931
0.80926
0.81175
0.82437
0.82329
0.82562
0.83361
0.80142
0.79769
0.8025
0.78904
0.78284
0.78821
0.7833
0.7948
0.80651
0.81001
0.80046
0.8001
0.79742
0.79784
0.79987
0.78639
0.80607
0.81127
0.79671
0.78723
0.8071
0.77778
0.80891
0.79967
0.7908
0.771
0.75583
0.79274
0.78896
0.76492
0.65188
0.52275
0.57832
0.73442
0.73954
0.73831
0.75307
0.73648
0.74497
0.76234
0.75133
0.76302
0.74574
0.72111
0.63162
0.60883
0.7233
0.76559
0.79868
0.79128
0.79173
0.7941
0.80262
0.80386
0.80893
0.8219
0.83484
0.83371
0.83299
0.83211
0.82873
0.83108
0.83125
0.84277
0.85065
0.8444
0.84143
0.81596
0.82058
0.828
0.83096
0.8435
0.79596
0.80407
0.73246
0.70166
0.66467
0.66221
0.65593
0.66747
0.623
0.43222
0.46479
0.70967
0.71427
0.72883
0.76707
0.80504
0.82337
0.81523
0.81518
0.81624
0.81707
0.81946
0.8242
0.81666
0.75761
0.62473
0.65253
0.79875
0.81531
0.81815
0.82329
0.83714
0.84173
0.83552
0.82485
0.66058
0.68755
0.60982
0.53165
0.49332
0.4913
0.49194
0.40054
0.41581
0.37967
0.3058
0.24697
0.24907
0.24541
0.23992
0.25388
0.32325
0.39406
0.40724
0.37424
0.30497
0.26275
0.25801
0.3336
0.75486
0.7727
0.75907
0.76759
0.76955
0.70457
0.68816
0.70203
0.67964
0.66476
0.6664
0.68939
0.7534
0.65649
0.61563
0.79392
0.81143
0.81572
0.82653
0.8406
0.85564
0.8602
0.86035
0.86068
0.86035
0.86659
0.86936
0.87486
0.88218
0.88402
0.88239
0.87841
0.87594
0.87167
0.86535
0.85858
0.84239
0.85715
0.86101
0.86506
0.87587
0.89027
0.89107
0.87405
0.86997
0.86172
0.84793
0.8332
0.84024
0.81621
0.82199
0.82714
0.79998
0.80168
0.8306
0.79826
0.78982
0.78494
0.7863
0.71583
0.66506
0.64346
0.6483
0.56106
0.50678
0.74136
0.71933
0.78091
0.64811
0.65038
0.74396
0.83262
0.84723
0.84582
0.84654
0.86335
0.87541
0.87564
0.88006
0.87158
0.86474
0.85203
0.82691
0.74965
0.76037
0.76792
0.71466
0.79118
0.82178
0.83012
0.8474
0.80612
0.77091
0.73828
0.75756
0.77273
0.79456
0.78908
0.81235
0.5688
0.5673
0.80496
0.82333
0.81448
0.81118
0.79336
0.79562
0.79586
0.79538
0.79851
0.80824
0.80781
0.80885
0.82052
0.82237
0.8399
0.82906
0.86816
0.85196
0.83421
0.82551
0.82509
0.84717
0.85128
0.83282
0.86792
0.83105
0.82603
0.81872
0.88693
0.9086
0.91992
0.90798
0.8827
0.88113
0.80441
0.79965
0.7683
0.74328
0.71473
0.68229
0.65982
0.63972
0.65519
0.82436
0.83342
0.84179
0.81635
0.79036
0.73652
0.83878
0.81839
0.79456
0.79274
0.82381
0.84254
0.80881
0.82707
0.8528
0.84826
0.85991
0.86197
0.86161
0.87204
0.80936
0.81652
0.81754
0.74233
0.76363
0.80256
0.77055
0.6962
0.55182
0.59352
0.86573
0.85614
0.82717
0.77602
0.78807
0.81876
0.8128
0.78541
0.9024
0.88451
0.89539
0.91483
0.92077
0.93005
0.87794
0.88246
0.90345
0.85824
0.80601
0.82664
0.80931
0.83274
0.7806
0.84605
0.73946
0.72607
0.73386
0.71542
0.706
0.70397
0.68127
0.64664
0.69375
0.71111
0.71649
0.72172
0.7396
0.76273
0.82546
0.77613
0.85778
0.81954
0.81941
0.83165
0.85012
0.64199
0.64412
0.60099
0.61415
0.652
0.82346
0.8559
0.85993
0.86939
0.8771
0.87287
0.72142
0.77379
0.69688
0.86037
0.86157
0.85016
0.85336
0.86425
0.87685
0.87562
0.88068
0.78024
0.87445
0.88239
0.85972
0.84501
0.8767
0.84022
0.82682
0.80934
0.78264
0.80289
0.7615
0.75744
0.68984
0.65641
0.75532
0.78869
0.80765
0.8441
0.81331
0.85166
0.86445
0.85078
0.79772
0.75895
0.75963
0.74924
0.73018
0.73189
0.73146
0.72784
0.72999
0.61536
0.42112
0.36626
0.44264
0.49167
0.38222
0.29668
0.25603
0.21912
0.20695
0.21672
0.27478
0.43061
0.46758
0.37828
0.39622
0.63811
0.64231
0.64123
0.67125
0.68906
0.67194
0.65503
0.64822
0.65544
0.65908
0.65016
0.66268
0.65492
0.62753
0.6109
0.59595
0.5854
0.58848
0.65137
0.71654
0.74601
0.79426
0.81743
0.91938
0.83952
0.81162
0.82197
0.69774
0.90516
0.88796
0.8667
0.84906
0.8964
0.88388
0.86689
0.77941
0.78317
0.89008
0.91956
0.88053
0.87037
0.86323
0.84013
0.84678
0.8525
0.87425
0.87595
0.84988
0.79428
0.75654
0.71795
0.69805
0.66204
0.70597
0.72722
0.73659
0.75104
0.74003
0.75663
0.7715
0.78649
0.77126
0.73648
0.75548
0.79619
0.81501
0.83316
0.80181
0.71494
0.67324
0.78975
0.76056
0.80018
0.79332
0.84436
0.81518
0.68202
0.68967
0.84025
0.8557
0.8423
0.84334
0.83755
0.80615
0.79469
0.85567
0.84259
0.8501
0.83041
0.84931
0.87452
0.7789
0.79794
0.82539
0.87028
0.86749
0.87562
0.88103
0.87058
0.86973
0.87095
0.86785
0.85384
0.86236
0.87385
0.87355
0.85922
0.83252
0.86094
0.87093
0.8452
0.86435
0.86702
0.86737
0.7857
0.75017
0.70061
0.73817
0.90611
0.9212
0.88576
0.87413
0.86114
0.82436
0.77969
0.77441
0.74984
0.83904
0.83501
0.86903
0.90106
0.92109
0.93794
0.91341
0.91433
0.88473
0.86501
0.77482
0.84222
0.84941
0.77576
0.75021
0.73702
0.81304
0.8378
0.86893
0.87768
0.70733
0.7005
0.67594
0.67787
0.68025
0.70738
0.73874
0.7047
0.67771
0.64587
0.66502
0.63742
0.71181
0.84705
0.79524
0.86477
0.86989
0.88321
0.8995
0.89148
0.88847
0.89726
0.89689
0.89919
0.88214
0.88191
0.88374
0.88247
0.89037
0.88454
0.88634
0.85006
0.80076
0.86663
0.87017
0.79865
0.85198
0.79612
0.83858
0.84811
0.82741
0.84646
0.8011
0.8659
0.86833
0.83784
0.85832
0.82552
0.79786
0.77292
0.8834
0.86547
0.86201
0.86101
0.85852
0.82236
0.81406
0.8273
0.87241
0.86639
0.84612
0.84733
0.8689
0.8775
0.86884
0.82159
0.78267
0.74399
0.80127
0.84174
0.84739
0.86463
0.69423
0.60484
0.61574
0.7105
0.75131
0.76633
0.71427
0.63117
0.58072
0.5496
0.56602
0.58998
0.61929
0.67007
0.79349
0.88436
0.77172
0.75553
0.90085
0.88968
0.89049
0.8996
0.90047
0.92398
0.91247
0.91326
0.90575
0.90009
0.90153
0.89507
0.89801
0.87999
0.86818
0.8894
0.88639
0.89363
0.90832
0.86847
0.86836
0.81437
0.86526
0.8978
0.90355
0.91733
0.90354
0.8889
0.87036
0.71561
0.71542
0.68926
0.67932
0.80946
0.83331
0.87288
0.73137
0.68101
0.62448
0.59689
0.61803
0.66843
0.70689
0.72666
0.75566
0.76832
0.75903
0.91141
0.76087
0.93907
0.92816
0.90832
0.91961
0.90402
0.86984
0.75661
0.88571
0.78722
0.9429
0.88078
0.89666
0.86745
0.77495
0.65804
0.87092
0.76244
0.88939
0.90178
0.91195
0.78043
0.72662
0.70879
0.65811
0.70826
0.70405
0.7299
0.76097
0.8146
0.82159
0.79578
0.74116
0.70534
0.6977
0.77762
0.83185
0.88735
0.88691
0.81703
0.81481
0.79244
0.87465
0.87308
0.90316
0.91571
0.9759
0.85475
0.6532
0.61124
0.76649
0.7816
0.75338
0.84251
0.80599
0.77467
0.75376
0.76341
0.75323
0.70419
0.67551
0.66077
0.68187
0.6124
0.74298
0.85008
0.86928
0.91233
0.92316
0.92909
0.91034
0.92159
0.93262
0.92435
0.92153
0.916
0.9183
0.91068
0.88734
0.84533
0.85265
0.9217
0.90272
0.89124
0.92261
0.91236
0.89453
0.89468
0.91646
0.93955
0.93733
0.93504
0.93979
0.93195
0.88764
0.89632
0.91876
0.91518
0.91071
0.90883
0.91085
0.90772
0.89669
0.89281
0.91941
0.91668
0.91139
0.89553
0.86404
0.69912
0.81283
0.65168
0.67287
0.76877
0.79352
0.80614
0.76194
0.73724
0.73839
0.59932
0.85559
0.9337
0.94755
0.95746
0.97262
0.97736
0.96534
0.95161
0.91592
0.96893
0.96022
0.96311
0.97248
0.9449
0.94017
0.9436
0.95419
0.9642
0.96276
0.96075
0.96501
0.94815
0.88609
0.89999
0.8556
0.91323
0.92628
0.92675
0.92703
0.92572
0.72816
0.66821
0.67638
0.70356
0.77592
0.81912
0.78514
0.7409
0.62354
0.63906
0.61967
0.74637
0.89382
0.86169
0.93774
0.94894
0.95812
0.89059
0.74498
0.73329
0.75772
0.69969
0.56724
0.65408
0.75326
0.83017
0.84884
0.86105
0.80679
0.79576
0.81466
0.85768
0.8637
0.87249
0.86836
0.85134
0.86014
0.86925
0.83355
0.76662
0.6887
0.68684
0.66023
0.71893
0.79479
0.81634
0.8227
0.83607
0.7484
0.71398
0.69769
0.79931
0.94624
0.93197
0.91075
0.90777
0.93992
0.86844
0.76253
0.75263
0.93031
0.9417
0.9238
0.90165
0.92057
0.85441
0.81415
0.7725
0.74154
0.72822
0.79779
0.75439
0.74372
0.69154
0.64114
0.70534
0.79265
0.79141
0.72474
0.65664
0.63811
0.54958
0.62449
0.69955
0.74457
0.75377
0.65447
0.54901
0.53592
0.58675
0.64119
0.68437
0.63679
0.54571
0.47434
0.48061
0.49773
0.63068
0.75779
0.81452
0.83904
0.84111
0.79721
0.59514
0.64585
0.68582
0.65722
0.76494
0.71203
0.6216
0.53253
0.53113
0.52353
0.52486
0.55334
0.57755
0.59659
0.60081
0.58863
0.64013
0.73605
0.75021
0.76566
0.80822
0.85761
0.7735
0.73698
0.67739
0.58143
0.58
0.6407
0.58918
0.55779
0.71133
0.80262
0.82012
0.86865
0.85823
0.82619
0.79549
0.61063
0.91574
0.88971
0.85741
0.76047
0.91798
0.94612
0.8342
0.79949
0.87282
0.883
0.94787
0.95513
0.95013
0.89433
0.89975
0.83593
0.84206
0.80066
0.76417
0.7591
0.67528
0.67841
0.8316
0.84818
0.83545
0.85211
0.88827
0.88245
0.92318
0.91885
0.96039
0.96798
0.997
0.99745
0.99784
0.99993
0.99837
0.9851
0.94736
0.99678
0.99873
0.98513
0.86455
0.85959
0.8352
0.78262
0.80491
0.80529
0.77727
0.79828
0.69719
0.62327
0.5687
0.55136
0.59616
0.50412
0.46973
0.32676
0.3045
0.4523
0.61081
0.81209
0.98291
0.98036
0.96609
0.9589
0.87445
0.90649
0.88494
0.89423
0.86252
0.85268
0.84798
0.85134
0.82869
0.70903
0.72936
0.85621
0.86429
0.88604
0.9938
0.9407
0.95712
0.98709
0.99092
0.99441
0.97777
0.92761
0.88286
0.86017
0.87848
0.87197
0.8285
0.85956
0.94845
0.93667
0.91595
0.89314
0.75089
0.70604
0.63409
0.65726
0.75144
0.88687
0.85016
0.80379
0.77627
0.81792
0.73631
0.87357
0.95604
0.82769
0.8384
0.83193
0.79424
0.71006
0.71283
0.72496
0.76538
0.80854
0.78096
0.78305
0.76526
0.77957
0.70288
0.80933
0.82096
0.8396
0.85296
0.84001
0.8133
0.80461
0.78647
0.77335
0.73776
0.60445
0.6164
0.85138
0.90813
0.93183
0.9687
0.87288
0.85663
0.8741
0.91383
0.88119
0.84685
0.83192
0.84701
0.86531
0.86642
0.89361
0.89222
0.877
0.87381
0.72181
0.6848
0.63349
0.70095
0.81385
0.8471
0.77151
0.87944
0.89405
0.85199
0.79354
0.93998
0.944
0.93485
0.93663
0.93405
0.88938
0.8815
0.87957
0.86924
0.88033
0.88092
0.90546
0.94666
0.94662
0.94498
0.94758
0.93511
0.94291
0.93818
0.93426
0.70312
0.90879
0.64599
0.61007
0.71519
0.72429
0.7499
0.73299
0.74018
0.72217
0.71548
0.75464
0.76032
0.83644
0.82557
0.79166
0.79107
0.77186
0.75425
0.70388
0.66846
0.84347
0.90688
0.91608
0.92959
0.95321
0.95973
0.96824
0.96658
0.96034
0.94646
0.94961
0.9441
0.90426
0.89846
0.90926
0.92679
0.93797
0.9387
0.93414
0.79397
0.72077
0.65142
0.66582
0.76785
0.81292
0.77414
0.79793
0.81706
0.87361
0.8388
0.81072
0.92839
0.93819
0.92396
0.92749
0.9356
0.9505
0.78224
0.74351
0.80309
0.84501
0.81585
0.77666
0.72682
0.72244
0.7385
0.6673
0.58871
0.60016
0.57955
0.51386
0.46784
0.41183
0.38972
0.35564
0.35637
0.44666
0.56746
0.64747
0.66377
0.58798
0.52906
0.63027
0.92479
0.93565
0.93324
0.88853
0.86965
0.82178
0.80513
0.75306
0.72878
0.82249
0.87706
0.88871
0.90461
0.81888
0.73053
0.73822
0.68701
0.61777
0.59518
0.62541
0.619
0.60225
0.59202
0.61231
0.76369
0.8854
0.88325
0.90341
0.92429
0.89877
0.77967
0.83549
0.833
0.80956
0.80373
0.79618
0.77738
0.75691
0.72238
0.75198
0.76548
0.76533
0.7178
0.67296
0.64066
0.58813
0.52471
0.37699
0.28924
0.35905
0.51683
0.62473
0.71649
0.81947
0.80081
0.76355
0.72093
0.73935
0.70124
0.69582
0.66141
0.65358
0.78898
0.91058
0.7328
0.72663
0.89111
0.89011
0.79563
0.92585
0.91378
0.92817
0.92604
0.92243
0.91998
0.92076
0.92905
0.92203
0.92591
0.92906
0.93533
0.93352
0.93884
0.94078
0.94111
0.9325
0.91817
0.80853
0.86301
0.84212
0.8186
0.8502
0.84975
0.78468
0.82455
0.82657
0.80539
0.80965
0.82534
0.81554
0.83354
0.81013
0.75161
0.61936
0.61232
0.66155
0.81783
0.88472
0.91937
0.9247
0.89083
0.76787
0.78418
0.78355
0.80721
0.76163
0.75235
0.74066
0.72583
0.74721
0.74665
0.76126
0.77129
0.79319
0.79189
0.75361
0.85889
0.86979
0.83272
0.81004
0.799
0.78262
0.84204
0.89723
0.87519
0.91546
0.9133
0.91861
0.8991
0.87941
0.8812
0.91305
0.87795
0.88224
0.88063
0.90154
0.93428
0.94759
0.90552
0.91295
0.90755
0.8833
0.85898
0.81397
0.76986
0.71877
0.56097
0.52586
0.47435
0.37193
0.368
0.46703
0.44401
0.75359
0.953
0.99712
0.99985
0.9887
0.99879
0.93113
0.92902
0.80845
0.72483
0.69998
0.651
0.62905
0.6199
0.62111
0.62413
0.61914
0.57987
0.54559
0.48091
0.45823
0.45632
0.47335
0.49593
0.49762
0.56877
0.61661
0.58319
0.55608
0.559
0.54696
0.54952
0.55209
0.5652
0.58652
0.53984
0.50488
0.51462
0.55851
0.61247
0.54553
0.49229
0.47594
0.48545
0.44471
0.42833
0.42724
0.4437
0.47
0.43717
0.40393
0.37723
0.38194
0.42657
0.6002
0.87723
0.9202
0.92994
0.94142
0.93315
0.9395
0.93175
0.9373
0.95013
0.95343
0.96029
0.95893
0.90241
0.91655
0.9195
0.91155
0.85312
0.83569
0.81277
0.77692
0.76957
0.77475
0.77433
0.80596
0.79438
0.79639
0.7868
0.74798
0.71048
0.72238
0.74027
0.73095
0.73591
0.73007
0.77143
0.81476
0.86267
0.86765
0.87714
0.87336
0.86931
0.8626
0.85759
0.85792
0.8177
0.80065
0.8211
0.82268
0.81423
0.81776
0.8155
0.80365
0.79263
0.78062
0.7905
0.80047
0.80088
0.79024
0.7727
0.71739
0.69407
0.66243
0.54521
0.58214
0.67291
0.66094
0.6794
0.60734
0.55098
0.49438
0.51178
0.82624
0.86172
0.86973
0.8817
0.89799
0.9164
0.91626
0.92277
0.92779
0.9351
0.93833
0.93907
0.94485
0.94634
0.94175
0.92809
0.89195
0.86022
0.8537
0.85706
0.89098
0.91221
0.90551
0.89506
0.8896
0.89884
0.89005
0.89033
0.8697
0.87305
0.83465
0.81832
0.80773
0.80276
0.77208
0.73918
0.70442
0.6989
0.69265
0.71268
0.74379
0.69332
0.62082
0.56316
0.52389
0.52195
0.5316
0.56063
0.58416
0.59343
0.63255
0.64535
0.65402
0.69208
0.64966
0.59507
0.61616
0.721
0.70672
0.79466
0.81378
0.81659
0.84107
0.84549
0.85034
0.83824
0.82366
0.82407
0.8602
0.87419
0.86517
0.86851
0.86702
0.8446
0.78021
0.87336
0.8793
0.81777
0.75287
0.77141
0.82703
0.80963
0.77179
0.7697
0.79615
0.78408
0.75717
0.77022
0.75788
0.75625
0.776
0.79373
0.822
0.82818
0.83313
0.77351
0.78158
0.71522
0.73592
0.84259
0.86044
0.869
0.87201
0.87688
0.88719
0.89894
0.90797
0.91396
0.91291
0.91365
0.90639
0.89297
0.87898
0.87643
0.84631
0.87808
0.8581
0.85071
0.85276
0.86308
0.86953
0.86572
0.88325
0.89356
0.90355
0.90144
0.89464
0.88724
0.88111
0.80899
0.77585
0.84252
0.75035
0.7217
0.72111
0.71369
0.70055
0.69183
0.68243
0.66119
0.66709
0.67882
0.74173
0.76315
0.78266
0.79476
0.80695
0.80897
0.81274
0.80883
0.798
0.79346
0.79402
0.78945
0.80381
0.81262
0.82466
0.83203
0.83286
0.83279
0.83049
0.74363
0.72859
0.69627
0.69306
0.693
0.67789
0.66521
0.63689
0.73586
0.79752
0.83674
0.85135
0.84814
0.84676
0.85691
0.86303
0.86452
0.86319
0.86414
0.81644
0.86359
0.8551
0.82434
0.82383
0.7345
0.69876
0.70274
0.68798
0.67208
0.67118
0.66868
0.65596
0.57923
0.57764
0.60923
0.59922
0.61487
0.60264
0.64479
0.60048
0.52589
0.58737
0.62547
0.62274
0.62361
0.54778
0.65239
0.64029
0.66887
0.66952
0.67743
0.68644
0.70834
0.74476
0.83877
0.75229
0.75689
0.72774
0.71062
0.72131
0.72287
0.76144
0.70994
0.84606
0.7442
0.72841
0.72526
0.74938
0.74654
0.74753
0.75041
0.77035
0.79367
0.81568
0.8285
0.83222
0.84225
0.83434
0.83225
0.83098
0.83081
0.82798
0.82671
0.8271
0.82598
0.82589
0.82911
0.82826
0.82628
0.82577
0.82988
0.83651
0.83437
0.83208
0.83392
0.838
0.83221
0.81101
0.77564
0.67848
0.59356
0.81197
0.77935
0.78315
0.7951
0.81023
0.77691
0.76189
0.7461
0.73625
0.7459
0.72469
0.75593
0.76302
0.74796
0.7283
0.69832
0.70343
0.66015
0.58126
0.70115
0.74199
0.76458
0.78624
0.80604
0.81532
0.82606
0.82405
0.80285
0.72651
0.74832
0.78116
0.80089
0.81577
0.82612
0.8375
0.85246
0.85915
0.86617
0.8717
0.87397
0.87878
0.88468
0.88765
0.88614
0.88164
0.87513
0.87198
0.86711
0.85692
0.79454
0.75866
0.8119
0.81217
0.81814
0.83433
0.83521
0.83583
0.83226
0.80255
0.81683
0.81872
0.81778
0.808
0.77123
0.77889
0.74477
0.69636
0.70609
0.68505
0.68412
0.67364
0.67659
0.66207
0.65956
0.65562
0.69191
0.6749
0.70345
0.76996
0.76913
0.67658
0.65261
0.64699
0.7532
0.78369
0.75231
0.73554
0.60857
0.58024
0.5783
0.56843
0.55382
0.51213
0.43948
0.40827
0.39878
0.43387
0.43235
0.52424
0.71563
0.7255
0.71729
0.7519
0.76039
0.74949
0.73548
0.74787
0.74641
0.74773
0.73932
0.69412
0.57365
0.46921
0.43731
0.66044
0.6833
0.69659
0.69869
0.70022
0.70155
0.70831
0.72278
0.72072
0.71499
0.7231
0.71565
0.70869
0.7089
0.71374
0.72165
0.71071
0.67503
0.63714
0.58228
0.54698
0.48358
0.51903
0.58851
0.67744
0.67521
0.74438
0.74179
0.79367
0.81344
0.81921
0.82865
0.83566
0.84074
0.85372
0.85752
0.85125
0.84533
0.84416
0.8409
0.74943
0.62932
0.625
0.63158
0.75793
0.73843
0.67892
0.71707
0.75033
0.77034
0.74763
0.69878
0.65653
0.64866
0.64293
0.63531
0.62923
0.63251
0.63863
0.72804
0.72235
0.74122
0.75436
0.75507
0.77049
0.76921
0.77652
0.78865
0.79858
0.80572
0.80459
0.79997
0.78902
0.76193
0.73978
0.75248
0.77653
0.80009
0.81635
0.82351
0.81844
0.82334
0.82351
0.82162
0.82636
0.82425
0.82791
0.82751
0.81907
0.64018
0.71947
0.6188
0.47287
0.42336
0.38142
0.37073
0.65951
0.71276
0.71989
0.72876
0.75281
0.7245
0.69079
0.65205
0.63163
0.53405
0.49785
0.51056
0.45443
0.46573
0.49563
0.51051
0.52595
0.54158
0.47746
0.50454
0.68173
0.67167
0.65851
0.64736
0.64987
0.67279
0.68411
0.69082
0.70493
0.72529
0.73148
0.72351
0.70324
0.7142
0.64526
0.6367
0.64979
0.60554
0.61007
0.63876
0.57877
0.56397
0.6036
0.65194
0.64169
0.64448
0.64167
0.64319
0.64935
0.64841
0.64023
0.63665
0.64096
0.64398
0.64691
0.72952
0.75911
0.72539
0.66892
0.68592
0.68895
0.65364
0.52561
0.31061
0.33453
0.31604
0.19865
0.20092
0.27933
0.35904
0.42414
0.42148
0.40027
0.4012
0.40849
0.36837
0.42699
0.49876
0.46145
0.35842
0.34487
0.61922
0.62644
0.63162
0.64074
0.64296
0.64748
0.64407
0.66029
0.65556
0.69487
0.66537
0.68269
0.6945
0.67991
0.68441
0.73204
0.69722
0.65144
0.64192
0.66952
0.65688
0.64697
0.64917
0.61911
0.60941
0.60322
0.57942
0.58985
0.66048
0.71569
0.71839
0.66608
0.66412
0.63242
0.70288
0.57636
0.51426
0.45803
0.39646
0.35135
0.3067
0.67318
0.69953
0.69447
0.66997
0.68921
0.6974
0.72294
0.66303
0.68819
0.66345
0.68317
0.71972
0.74376
0.75844
0.77079
0.75083
0.57407
0.70941
0.77756
0.81305
0.81918
0.82109
0.82361
0.82509
0.80624
0.83313
0.83791
0.83211
0.83402
0.83289
0.83039
0.81228
0.82613
0.82475
0.82687
0.83516
0.83842
0.79567
0.60024
0.79042
0.8192
0.64142
0.7475
0.8232
0.83667
0.86315
0.84579
0.84393
0.83368
0.81639
0.81415
0.82397
0.83168
0.62128
0.69337
0.55063
0.54531
0.55237
0.56024
0.54103
0.55422
0.52825
0.56878
0.55426
0.58461
0.83777
0.85163
0.85476
0.84697
0.84139
0.71544
0.55492
0.5766
0.57078
0.56529
0.53659
0.52115
0.49991
0.54054
0.6746
0.72504
0.74782
0.70781
0.69523
0.71571
0.74673
0.74669
0.71942
0.67984
0.6643
0.65478
0.65879
0.66738
0.71598
0.66692
0.62361
0.44244
0.69731
0.71727
0.74091
0.75981
0.7394
0.78268
0.81193
0.79461
0.80056
0.82647
0.82758
0.83754
0.84561
0.85787
0.87053
0.87224
0.87628
0.87564
0.87479
0.88576
0.89069
0.88534
0.89115
0.8297
0.78054
0.73733
0.68161
0.6165
0.60438
0.61012
0.61468
0.62465
0.62917
0.63663
0.6363
0.65751
0.67705
0.66516
0.66792
0.62897
0.60795
0.58433
0.58145
0.57325
0.5883
0.57976
0.58569
0.59452
0.60236
0.61217
0.61236
0.61353
0.60737
0.56623
0.6005
0.61482
0.62749
0.631
0.63637
0.62986
0.63907
0.62565
0.60422
0.51899
0.46895
0.66502
0.65966
0.70893
0.73109
0.74097
0.74002
0.72825
0.71713
0.70836
0.70055
0.66524
0.71694
0.67249
0.6242
0.60199
0.54984
0.7064
0.72056
0.70787
0.71984
0.67993
0.68466
0.70477
0.70967
0.7314
0.75252
0.77657
0.80003
