0.77037
0.74851
0.75124
0.75056
0.72492
0.69629
0.73258
0.69913
0.70759
0.74094
0.74674
0.65218
0.63459
0.6185
0.61038
0.59733
0.55806
0.56897
0.61187
0.64996
0.64276
0.62788
0.6257
0.63886
0.63778
0.6323
0.63187
0.62838
0.62511
0.61941
0.61924
0.61674
0.61178
0.60967
0.60557
0.60802
0.6029
0.60403
0.60187
0.5977
0.59908
0.60096
0.59843
0.62305
0.60838
0.61184
0.62
0.61075
0.63488
0.62494
0.63556
0.639
0.65392
0.65629
0.65673
0.65502
0.6518
0.65101
0.65237
0.65524
0.64832
0.64208
0.66131
0.69409
0.71416
0.72628
0.73776
0.74155
0.74737
0.74549
0.7585
0.75571
0.73832
0.718
0.69767
0.67588
0.66303
0.6361
0.60437
0.62017
0.58978
0.5809
0.56143
0.57102
0.58142
0.58446
0.58883
0.59331
0.59586
0.59662
0.59534
0.59639
0.59147
0.59047
0.57953
0.58443
0.58314
0.57685
0.58014
0.57965
0.58755
0.63414
0.7231
0.73364
0.73327
0.73765
0.7091
0.74465
0.67103
0.59977
0.61481
0.64167
0.66375
0.65078
0.65774
0.60715
0.60936
0.62972
0.63828
0.63659
0.60353
0.56375
0.71311
0.72348
0.75616
0.75048
0.62647
0.57114
0.57324
0.60379
0.59762
0.54284
0.53748
0.5583
0.5965
0.60871
0.60936
0.60328
0.60234
0.61158
0.61569
0.61128
0.6273
0.59552
0.59472
0.587
0.59446
0.56666
0.559
0.58543
0.58993
0.59582
0.59237
0.57267
0.56391
0.54762
0.60206
0.59466
0.64458
0.6072
0.58947
0.59003
0.57593
0.59079
0.67626
0.70819
0.71451
0.678
0.72123
0.73002
0.73786
0.69479
0.67049
0.67966
0.66176
0.61644
0.58007
0.49755
0.7064
0.62858
0.58454
0.72988
0.61879
0.71791
0.68953
0.63314
0.74958
0.80048
0.76688
0.75397
0.75461
0.72542
0.71145
0.70548
0.66225
0.61789
0.72741
0.74809
0.73924
0.68445
0.65043
0.63784
0.6155
0.74698
0.71965
0.59199
0.59083
0.56014
0.56104
0.58007
0.59035
0.59188
0.61901
0.77555
0.78276
0.67498
0.79194
0.81146
0.83831
0.82538
0.79622
0.60728
0.59487
0.62416
0.63999
0.5839
0.56934
0.57602
0.59137
0.58862
0.60144
0.59784
0.59584
0.56805
0.54357
0.52528
0.51681
0.50208
0.52381
0.5475
0.5679
0.60691
0.58453
0.53094
0.57274
0.73956
0.75977
0.76795
0.76203
0.73905
0.73481
0.53045
0.60655
0.49074
0.49623
0.48409
0.69276
0.56674
0.75079
0.75323
0.78198
0.80867
0.82765
0.68019
0.57165
0.55827
0.518
0.51158
0.52165
0.54327
0.39853
0.76669
0.7729
0.80618
0.78919
0.77728
0.58765
0.61018
0.58241
0.61152
0.6806
0.65837
0.63498
0.63535
0.63446
0.62561
0.61735
0.61315
0.61123
0.61405
0.57019
0.56031
0.53988
0.57899
0.50583
0.56689
0.57932
0.60467
0.56304
0.57436
0.56972
0.58035
0.59132
0.58971
0.57301
0.72793
0.69362
0.65878
0.61842
0.61835
0.60813
0.57886
0.57462
0.57563
0.58901
0.59357
0.60721
0.61732
0.62751
0.64734
0.66159
0.65171
0.63747
0.64168
0.64244
0.63946
0.66942
0.67471
0.67688
0.66851
0.68299
0.68845
0.61299
0.61628
0.606
0.59915
0.58919
0.57725
0.61255
0.63757
0.6377
0.62778
0.63952
0.64226
0.62866
0.63936
0.6801
0.6791
0.66635
0.64972
0.65181
0.66137
0.66243
0.66108
0.68526
0.67791
0.67166
0.58808
0.59419
0.59634
0.62709
0.59346
0.58105
0.53101
0.46745
0.41895
0.4146
0.42137
0.51976
0.69615
0.74407
0.7556
0.7845
0.78054
0.75159
0.75277
0.75887
0.74688
0.76221
0.68004
0.67417
0.5986
0.56436
0.61201
0.69824
0.7044
0.76048
0.73929
0.70457
0.73009
0.72482
0.72114
0.68304
0.66021
0.61025
0.60353
0.59256
0.60032
0.62459
0.62565
0.62398
0.62428
0.6301
0.62905
0.60995
0.61582
0.61949
0.61927
0.61606
0.62563
0.62992
0.63747
0.64989
0.64758
0.63787
0.63038
0.63488
0.63641
0.61919
0.62213
0.61867
0.63919
0.64067
0.6372
0.63384
0.63057
0.63439
0.63837
0.65155
0.65565
0.61346
0.61032
0.60221
0.6291
0.62961
0.6151
0.57819
0.47475
0.462
0.48317
0.5737
0.5611
0.55891
0.55272
0.56088
0.57127
0.5684
0.57606
0.43037
0.4561
0.44704
0.44336
0.56845
0.77365
0.77787
0.72786
0.68132
0.66318
0.63407
0.64059
0.64881
0.65018
0.65861
0.68142
0.65418
0.6201
0.63542
0.67373
0.67402
0.6697
0.65541
0.7264
0.76176
0.63076
0.61086
0.59095
0.57989
0.55966
0.53625
0.47491
0.57397
0.64159
0.61911
0.5834
0.66941
0.65739
0.67417
0.64659
0.63212
0.63299
0.6242
0.60501
0.62155
0.64531
0.70425
0.72213
0.71278
0.67488
0.67443
0.63249
0.4485
0.33359
0.50286
0.62094
0.6192
0.62417
0.65002
0.63475
0.65865
0.65868
0.63979
0.64784
0.70295
0.68292
0.68485
0.6733
0.65581
0.62478
0.64935
0.63561
0.60059
0.68347
0.67497
0.66916
0.67186
0.6828
0.68739
0.69585
0.68313
0.64571
0.61694
0.53272
0.59065
0.57907
0.58014
0.52737
0.45739
0.41885
0.43525
0.73993
0.75304
0.72672
0.7171
0.72019
0.72801
0.72639
0.72377
0.73118
0.75498
0.77206
0.75759
0.73545
0.71553
0.69609
0.67358
0.71829
0.70085
0.63579
0.60539
0.59101
0.60073
0.61523
0.64287
0.66222
0.66884
0.6848
0.68654
0.70911
0.69717
0.65951
0.66059
0.65911
0.66053
0.67165
0.69643
0.70739
0.69229
0.71741
0.70346
0.70298
0.71379
0.69197
0.66049
0.64553
0.63348
0.6272
0.6199
0.62331
0.6206
0.61529
0.60343
0.59677
0.58638
0.58563
0.58514
0.60488
0.62966
0.61496
0.60598
0.58928
0.59991
0.5996
0.59079
0.58335
0.57298
0.56466
0.5489
0.58673
0.60147
0.61037
0.61059
0.61737
0.62363
0.62207
0.61457
0.61187
0.61401
0.61245
0.59667
0.58241
0.5501
0.61938
0.59959
0.58713
0.54365
0.55471
0.55935
0.57275
0.68306
0.69117
0.69051
0.69746
0.70852
0.70785
0.64867
0.6527
0.68113
0.65436
0.74043
0.72272
0.59174
0.60077
0.60525
0.59767
0.59333
0.57492
0.59466
0.63858
0.63654
0.63856
0.64381
0.64108
0.62569
0.61773
0.63494
0.64697
0.7145
0.75387
0.75632
0.76624
0.76634
0.73586
0.57298
0.58249
0.58305
0.62807
0.5865
0.61066
0.46782
0.62189
0.77289
0.77402
0.76789
0.76777
0.60945
0.64608
0.6803
0.65459
0.61526
0.59846
0.57926
0.56725
0.56945
0.57268
0.55841
0.54903
0.54946
0.566
0.57065
0.5705
0.56786
0.57918
0.56967
0.57511
0.56783
0.57745
0.58559
0.60718
0.61094
0.59197
0.57499
0.55643
0.53428
0.59374
0.63179
0.65127
0.68328
0.6869
0.67851
0.68246
0.69125
0.72171
0.68167
0.73812
0.75961
0.73217
0.73533
0.70918
0.68936
0.71017
0.74573
0.63763
0.61059
0.61517
0.61126
0.59955
0.61894
0.61498
0.60233
0.60908
0.60867
0.59593
0.58584
0.5856
0.58541
0.575
0.6323
0.64065
0.62892
0.63482
0.64225
0.6411
0.63535
0.62769
0.62458
0.6206
0.62149
0.63409
0.64558
0.63643
0.63092
0.62229
0.62443
0.62314
0.62047
0.60814
0.60925
0.57859
0.61597
0.61373
0.64467
0.64194
0.62732
0.60928
0.5996
0.58816
0.5942
0.63526
0.66608
0.63941
0.63592
0.63826
0.63446
0.6287
0.62765
0.6317
0.63262
0.6244
0.61865
0.62053
0.61518
0.60931
0.62164
0.61763
0.60985
0.60235
0.60717
0.63573
0.65009
0.65086
0.64489
0.62959
0.62329
0.62289
0.63453
0.67393
0.69341
0.68869
0.68205
0.68394
0.69725
0.70243
0.71363
0.69032
0.67
0.69777
0.70453
0.6683
0.62094
0.60951
0.60906
0.62521
0.61701
0.61964
0.66521
0.63607
0.60105
0.60648
0.56332
0.61055
0.59985
0.56935
0.553
0.60545
0.64058
0.64333
0.67782
0.64773
0.63251
0.63578
0.6505
0.66982
0.67231
0.67115
0.66316
0.64254
0.58116
0.58543
0.59488
0.57646
0.50876
0.69139
0.73358
0.68119
0.6622
0.82697
0.82376
0.7789
0.77052
0.78321
0.78911
0.71109
0.66893
0.64081
0.6257
0.65982
0.68115
0.69543
0.6966
0.73542
0.74915
0.74784
0.75375
0.74491
0.77538
0.77912
0.75521
0.75752
0.73838
0.80352
0.78553
0.75816
0.77981
0.73107
0.73545
0.70533
0.7002
0.69004
0.67468
0.68532
0.70511
0.70071
0.67205
0.66623
0.67506
0.67686
0.7453
0.74176
0.73961
0.72562
0.71287
0.70633
0.66887
0.62222
0.57735
0.60273
0.66205
0.71814
0.67477
0.70191
0.72142
0.72238
0.72459
0.72697
0.73029
0.68987
0.69633
0.71173
0.7103
0.70901
0.71315
0.71438
0.72031
0.65684
0.6618
0.6875
0.70448
0.71494
0.71946
0.74066
0.79533
0.77325
0.74659
0.71495
0.70596
0.70499
0.71842
0.70557
0.70031
0.67105
0.66276
0.67902
0.68701
0.68816
0.662
0.64028
0.63803
0.62974
0.65573
0.63818
0.61356
0.60389
0.65423
0.5313
0.77481
0.69135
0.74547
0.73907
0.73845
0.7055
0.67402
0.67057
0.69847
0.7308
0.70956
0.66287
0.62533
0.59978
0.59456
0.60199
0.63029
0.65188
0.68386
0.69844
0.67803
0.65284
0.61559
0.63647
0.65777
0.68813
0.69968
0.70579
0.67535
0.65996
0.64185
0.66132
0.68339
0.68331
0.67133
0.65637
0.64482
0.69168
0.69316
0.73025
0.76677
0.73181
0.7389
0.72155
0.72995
0.71324
0.68941
0.66961
0.7109
0.77356
0.80076
0.80677
0.71725
0.70483
0.69851
0.70285
0.69714
0.71564
0.71878
0.73647
0.75177
0.71203
0.69451
0.76254
0.79897
0.76163
0.77695
0.7653
0.74857
0.73534
0.73286
0.73834
0.74053
0.76925
0.80172
0.83525
0.81389
0.80575
0.77607
0.76631
0.78971
0.78524
0.78841
0.82173
0.81273
0.74162
0.72158
0.71366
0.70931
0.72589
0.72251
0.72534
0.71966
0.72949
0.73976
0.75204
0.75525
0.78398
0.75756
0.76595
0.78935
0.75667
0.72989
0.69527
0.71179
0.72567
0.7249
0.7328
0.75452
0.76356
0.80007
0.78565
0.75381
0.77005
0.7938
0.74387
0.74608
0.75012
0.72124
0.70574
0.73237
0.78667
0.73039
0.7548
0.76252
0.71181
0.64327
0.62655
0.62157
0.63474
0.66776
0.67338
0.66696
0.6305
0.6336
0.66574
0.69875
0.73363
0.76117
0.70202
0.57953
0.8172
0.89579
0.88614
0.84989
0.82351
0.84447
0.82605
0.81084
0.8841
0.90064
0.89064
0.89254
0.86406
0.84583
0.81846
0.82565
0.82779
0.84115
0.83862
0.78845
0.75823
0.7527
0.79099
0.80657
0.82511
0.84085
0.75198
0.70791
0.78047
0.76733
0.76794
0.75436
0.77113
0.82544
0.79631
0.80623
0.76399
0.75218
0.75723
0.76173
0.71725
0.76967
0.77297
0.77935
0.7617
0.82356
0.76003
0.73655
0.72531
0.73414
0.7697
0.77305
0.79811
0.78172
0.75363
0.74416
0.73513
0.79157
0.78305
0.77909
0.76933
0.77262
0.77216
0.77203
0.81393
0.84914
0.8417
0.78558
0.7805
0.76175
0.73301
0.70024
0.69026
0.69471
0.86012
0.84691
0.83616
0.84869
0.84191
0.85345
0.83178
0.93793
0.91513
0.90327
0.77112
0.74374
0.71656
0.6836
0.71903
0.7068
0.69171
0.69741
0.73832
0.76315
0.73774
0.68484
0.66722
0.67023
0.73167
0.75988
0.83451
0.86886
0.85879
0.87357
0.84053
0.86449
0.84537
0.8303
0.79475
0.75878
0.75691
0.75341
0.72714
0.69347
0.68275
0.75751
0.82696
0.84841
0.88876
0.80201
0.76232
0.80427
0.84689
0.8643
0.87052
0.87677
0.89066
0.82272
0.83204
0.83808
0.8357
0.8502
0.8464
0.8819
0.91331
0.90596
0.93345
0.93013
0.87862
0.83874
0.8681
0.7837
0.81894
0.79885
0.72519
0.70879
0.73974
0.70168
0.68647
0.67185
0.67132
0.70213
0.7664
0.83711
0.88283
0.89766
0.90209
0.90727
0.88805
0.8845
0.83021
0.75382
0.85492
0.91987
0.88611
0.89154
0.85554
0.7008
0.85116
0.83035
0.88959
0.87295
0.87174
0.9067
0.88957
0.86461
0.84964
0.83828
0.81479
0.8858
0.8308
0.8255
0.87522
0.86576
0.83278
0.76312
0.88557
0.90097
0.90245
0.87138
0.85299
0.83877
0.86432
0.90399
0.90286
0.87434
0.86941
0.8856
0.87834
0.82877
0.7
0.70724
0.73018
0.73907
0.73146
0.73141
0.71896
0.6938
0.69533
0.67186
0.67194
0.67375
0.67225
0.68435
0.70295
0.73513
0.75433
0.74351
0.7024
0.66413
0.66133
0.62967
0.77148
0.8195
0.80062
0.75523
0.74067
0.72967
0.7829
0.8048
0.81943
0.81258
0.79823
0.81074
0.81337
0.79346
0.77958
0.76986
0.76854
0.76525
0.7643
0.76411
0.73951
0.75926
0.78665
0.7873
0.75616
0.80357
0.81158
0.79254
0.74819
0.68206
0.73674
0.75867
0.7547
0.74489
0.73484
0.69672
0.82602
0.85531
0.84329
0.83816
0.83965
0.79105
0.78236
0.76642
0.71679
0.68444
0.69782
0.70061
0.70118
0.7044
0.69661
0.71805
0.69548
0.67271
0.72506
0.79895
0.82033
0.80584
0.75716
0.75772
0.78837
0.81202
0.82838
0.7893
0.77647
0.76071
0.72865
0.70673
0.67676
0.67934
0.77918
0.79244
0.80106
0.79094
0.74806
0.73655
0.73183
0.71895
0.75255
0.75265
0.75495
0.77532
0.74821
0.73459
0.71602
0.7069
0.77562
0.79291
0.76852
0.77881
0.79429
0.77736
0.74837
0.75494
0.80788
0.7758
0.78694
0.77666
0.71531
0.67729
0.6616
0.68135
0.71748
0.76981
0.76997
0.7656
0.726
0.6808
0.66989
0.70506
0.74061
0.75385
0.72993
0.69779
0.68954
0.66422
0.67721
0.91169
0.70491
0.7644
0.82768
0.8264
0.8782
0.82576
0.8918
0.90403
0.92283
0.9016
0.77836
0.72822
0.71355
0.74747
0.71804
0.73806
0.75038
0.80727
0.62751
0.68638
0.72134
0.73073
0.73667
0.73061
0.7227
0.69144
0.73527
0.71936
0.72889
0.69568
0.70314
0.71427
0.71483
0.7146
0.68621
0.68669
0.70455
0.73172
0.82051
0.71974
0.76236
0.7586
0.75158
0.73218
0.75877
0.88157
0.91932
0.90708
0.89078
0.90099
0.79273
0.70984
0.64502
0.67182
0.63757
0.70875
0.78389
0.76778
0.7774
0.77286
0.76084
0.71224
0.68885
0.77229
0.85049
0.78028
0.77106
0.76713
0.74826
0.71601
0.70868
0.74456
0.79858
0.80342
0.82174
0.82599
0.80117
0.77494
0.74064
0.69508
0.65984
0.69337
0.71809
0.78631
0.78678
0.7772
0.90712
0.90985
0.90882
0.92332
0.91974
0.88808
0.83146
0.86052
0.69305
0.69041
0.83099
0.85009
0.70351
0.70362
0.6858
0.67968
0.68382
0.66339
0.65847
0.79707
0.85916
0.80877
0.80168
0.73365
0.69651
0.65093
0.68441
0.73119
0.78281
0.79253
0.74825
0.72811
0.82205
0.93136
0.84358
0.90573
0.695
0.70984
0.70622
0.71721
0.72264
0.77765
0.81287
0.8403
0.8333
0.81104
0.82633
0.82541
0.84843
0.85085
0.83876
0.80967
0.79114
0.79207
0.78814
0.75369
0.76953
0.81029
0.83592
0.80981
0.74168
0.7379
0.75279
0.75299
0.723
0.70438
0.72807
0.75268
0.79848
0.80958
0.82602
0.84
0.84608
0.86571
0.9301
0.90723
0.90704
0.9095
0.82775
0.79155
0.7811
0.73441
0.72508
0.74273
0.76218
0.79941
0.82448
0.7996
0.75949
0.73043
0.73983
0.7234
0.72344
0.71383
0.68325
0.69974
0.71984
0.76902
0.80069
0.84003
0.87864
0.87469
0.81994
0.87162
0.86792
0.87015
0.86544
0.8816
0.92394
0.83311
0.79176
0.75633
0.75682
0.74802
0.79514
0.78683
0.79927
0.81272
0.83011
0.83915
0.83432
0.84865
0.86339
0.86655
0.88422
0.88873
0.90177
0.91311
0.91035
0.90452
0.87603
0.84375
0.81541
0.78331
0.77566
0.77096
0.77325
0.80961
0.82855
0.8592
0.86528
0.86905
0.86376
0.86599
0.82681
0.83236
0.85084
0.86994
0.88572
0.88394
0.89691
0.88285
0.83448
0.77793
0.7871
0.77605
0.74288
0.75521
0.76808
0.73015
0.68501
0.72087
0.77783
0.77063
0.77369
0.74852
0.72553
0.72627
0.74594
0.74438
0.76338
0.75834
0.74499
0.72706
0.73842
0.73375
0.73261
0.73539
0.77071
0.79988
0.80155
0.77308
0.76037
0.74101
0.74636
0.75935
0.7796
0.79865
0.79815
0.79087
0.77718
0.76218
0.74383
0.78635
0.81365
0.80668
0.79311
0.79065
0.76051
0.74007
0.73381
0.75176
0.76932
0.76879
0.7349
0.71505
0.73545
0.73292
0.70691
0.70305
0.79567
0.66913
0.72276
0.78456
0.8053
0.86107
0.8646
0.83756
0.82157
0.81577
0.81319
0.80412
0.82093
0.87537
0.88054
0.89451
0.8884
0.89325
0.88086
0.83266
0.82847
0.84597
0.75579
0.85354
0.8611
0.89404
0.89291
0.8887
0.85513
0.86569
0.80787
0.74875
0.78073
0.7848
0.80225
0.79186
0.80888
0.81924
0.83536
0.87103
0.86985
0.84168
0.88527
0.90442
0.90276
0.88375
0.81036
0.81469
0.82615
0.84796
0.83459
0.83938
0.87315
0.87337
0.85335
0.83549
0.83624
0.84257
0.85257
0.8118
0.80648
0.87531
0.85156
0.83253
0.86657
0.85017
0.83639
0.83193
0.87169
0.86604
0.84216
0.85933
0.83255
0.83192
0.86058
0.86041
0.86501
0.85213
0.83765
0.83974
0.85808
0.86168
0.85942
0.85374
0.83251
0.80358
0.76358
0.75802
0.76351
0.77745
0.76756
0.77542
0.79244
0.80858
0.80662
0.82776
0.82597
0.83665
0.84843
0.84188
0.84196
0.83653
0.82074
0.79959
0.81239
0.78616
0.78265
0.75621
0.73284
0.6812
0.71655
0.74552
0.77685
0.7871
0.7839
0.78639
0.78193
0.75484
0.68781
0.73027
0.79972
0.81055
0.79943
0.88239
0.89991
0.89534
0.89423
0.89681
0.90216
0.91108
0.92197
0.88959
0.88669
0.88101
0.84441
0.74769
0.77343
0.78822
0.78499
0.83244
0.83582
0.88094
0.8391
0.81308
0.76505
0.79927
0.80743
0.79677
0.78605
0.79789
0.8062
0.80436
0.83019
0.83155
0.81738
0.79741
0.78921
0.7748
0.72518
0.68456
0.72786
0.72748
0.73106
0.71485
0.69759
0.68193
0.6606
0.83241
0.85203
0.85457
0.86919
0.87166
0.88415
0.87551
0.86529
0.84967
0.82547
0.84861
0.86679
0.8793
0.86824
0.88991
0.8887
0.88124
0.84645
0.82787
0.83048
0.83636
0.85144
0.86709
0.86697
0.86333
0.858
0.85349
0.83041
0.80059
0.80243
0.79936
0.7951
0.78074
0.79797
0.80755
0.77592
0.76435
0.71264
0.56775
0.57848
0.61548
0.48943
0.50474
0.54622
0.58184
0.64033
0.64945
0.65618
0.67181
0.6941
0.69437
0.68356
0.66863
0.64461
0.63143
0.62243
0.61803
0.59211
0.58957
0.57802
0.56062
0.57139
0.63262
0.71118
0.71666
0.76187
0.78155
0.76792
0.75862
0.71976
0.66015
0.64042
0.70633
0.66847
0.65984
0.69361
0.75834
0.76914
0.78652
0.77414
0.79135
0.77019
0.70029
0.67449
0.67039
0.67642
0.65329
0.73364
0.78151
0.78003
0.73054
0.7733
0.88458
0.81104
0.82896
0.79248
0.80958
0.78694
0.81274
0.82253
0.82706
0.89161
0.85585
0.75162
0.81035
0.85845
0.88873
0.89292
0.89399
0.89203
0.87297
0.85381
0.84424
0.83987
0.86305
0.86897
0.87027
0.86824
0.86558
0.85861
0.86031
0.85718
0.83081
0.80914
0.79479
0.72136
0.72599
0.72504
0.71371
0.75076
0.72792
0.7387
0.74818
0.79494
0.75746
0.74718
0.7671
0.79789
0.78773
0.7929
0.79094
0.78344
0.76857
0.75179
0.74072
0.80356
0.7277
0.6836
0.73178
0.74515
0.74869
0.76083
0.77143
0.78276
0.76944
0.75916
0.75215
0.74631
0.75505
0.75034
0.71853
0.77859
0.72305
0.75201
0.7577
0.74159
0.74934
0.74843
0.76576
0.7643
0.7335
0.73029
0.728
0.73092
0.74472
0.76408
0.76917
0.77937
0.74259
0.77037
0.74157
0.72265
0.71662
0.74379
0.76475
0.76686
0.74389
0.73225
0.74876
0.72394
0.68365
0.74162
0.74482
0.77705
0.78581
0.82839
0.82332
0.83194
0.8327
0.82826
0.83016
0.831
0.75492
0.72197
0.75784
0.77856
0.78197
0.78285
0.7823
0.78918
0.79475
0.80209
0.81207
0.80975
0.75293
0.71022
0.70167
0.70585
0.76928
0.77504
0.81851
0.83145
0.84201
0.8491
0.8532
0.86514
0.87946
0.89011
0.90378
0.9101
0.90619
0.90233
0.89247
0.88182
0.86742
0.8405
0.85188
0.84771
0.83091
0.79099
0.73292
0.68276
0.66665
0.66875
0.68353
0.68909
0.70611
0.73818
0.74895
0.7819
0.80567
0.78848
0.77343
0.77389
0.74496
0.74741
0.72951
0.70302
0.77011
0.79401
0.77033
0.76632
0.77583
0.78601
0.77213
0.7703
0.78583
0.77749
0.76568
0.76156
0.76916
0.76853
0.77283
0.76765
0.77088
0.76802
0.7494
0.714
0.69196
0.7002
0.70403
0.70165
0.72852
0.72549
0.68797
0.67152
0.67742
0.70527
0.73718
0.7544
0.76521
0.76307
0.74928
0.74525
0.7559
0.76627
0.75428
0.75851
0.7549
0.76099
0.74312
0.73901
0.73108
0.75104
0.75618
0.75309
0.75268
0.72834
0.68175
0.65927
0.64994
0.65136
0.64136
0.62318
0.60939
0.60416
0.59747
0.60248
0.61078
0.62819
0.65551
0.63069
0.64653
0.64987
0.66687
0.66238
0.64682
0.63661
0.63612
0.64865
0.65803
0.67036
0.62402
0.61384
0.53955
0.57356
0.57482
0.5629
0.69461
0.6878
0.68366
0.69895
0.69085
0.70799
0.67239
0.62605
0.57315
0.60029
0.72054
0.69634
0.69552
0.68694
0.68369
0.67636
0.64997
0.63871
0.64223
0.59589
0.66845
0.65098
0.7045
0.74381
0.72318
0.69974
0.68798
0.70663
0.71821
0.74433
0.79015
0.80718
0.81085
0.81461
0.81528
0.81663
0.81441
0.80882
0.80924
0.81016
0.80999
0.8101
0.80977
0.80335
0.7462
0.7017
0.68188
0.65251
0.64092
0.67115
0.67918
0.69857
0.70637
0.71775
0.74864
0.76177
0.76959
0.77605
0.77348
0.77121
0.76736
0.76161
0.7564
0.74689
0.73732
0.72722
0.7222
0.69684
0.68536
0.6846
0.67656
0.6792
0.68974
0.67918
0.69692
0.75235
0.6972
0.69097
0.69257
0.69565
0.69776
0.70136
0.7214
0.71279
0.70838
0.75032
0.77572
0.79096
0.72448
0.65043
0.43536
0.72827
0.70857
0.73398
0.73701
0.74539
0.71346
0.69586
0.73957
0.71625
0.72668
0.71199
0.67929
0.69145
0.70741
0.69474
0.77342
0.75033
0.63287
0.67994
0.6524
0.65034
0.69295
0.70132
0.64601
0.71025
0.71363
0.67596
0.70385
0.64097
0.69113
0.67721
0.70592
0.71543
0.80925
0.7526
0.77471
0.81045
0.78501
0.86018
0.86454
0.83322
0.81402
0.76232
0.6747
0.68173
0.72815
0.7544
0.70847
0.66565
0.66449
0.71099
0.71534
0.77478
0.78478
0.79771
0.79068
0.77923
0.72339
0.70474
0.68493
0.67038
0.6529
0.64451
0.64102
0.64368
0.64455
0.63565
0.63554
0.62768
0.62544
0.62218
0.60692
0.6067
0.602
0.63674
0.61843
0.67915
0.64752
0.64108
0.59838
0.58175
0.59968
0.61571
0.63602
0.70804
0.73837
0.81362
0.80863
0.80027
0.79054
0.79513
0.78551
0.76581
0.78913
0.68179
0.62764
0.62567
0.61794
0.59062
0.57939
0.67825
0.6139
0.71406
0.69467
0.68085
0.706
0.7138
0.67983
0.69719
0.72254
0.74819
0.72183
0.75914
0.75587
0.7592
0.75683
0.78751
0.79937
0.7922
0.75063
0.75007
0.77181
0.77608
0.77719
0.77914
0.78001
0.7823
0.78519
0.77874
0.76299
0.76141
0.72088
0.70355
0.69692
0.73681
0.76742
0.71443
0.75009
0.75135
0.72002
0.70398
0.68006
0.67192
0.50213
0.48491
0.63625
0.70019
0.73581
0.75015
0.74058
0.75327
0.72519
0.70989
0.71603
0.72928
0.73174
0.73305
0.7307
0.72963
0.72167
0.71701
0.71161
0.71004
0.70353
0.69934
0.68395
0.68823
0.67309
0.65553
0.65367
0.67703
0.66702
0.68014
0.67157
0.66456
0.65446
0.64464
0.64046
0.6244
0.60389
0.60324
0.59874
0.60778
0.61619
0.6293
0.62982
0.63168
0.6248
0.62354
0.61072
0.60401
0.59159
0.58007
0.57853
0.58405
0.58464
0.58477
0.59436
0.60171
0.60431
0.58665
0.60636
0.60779
0.61837
0.62009
0.62232
0.63061
0.62872
0.6445
0.65292
0.65125
0.64922
0.64368
0.64181
0.6455
0.65174
0.65014
0.65109
0.65043
0.65319
0.65396
0.65139
0.65034
0.64666
0.64952
0.64955
0.65107
0.5416
0.50997
0.47103
0.43019
0.40652
0.3993
0.41053
0.42299
0.42405
0.43176
0.42038
0.401
0.37368
0.43806
0.66437
0.66368
0.67106
0.66687
0.67872
0.68687
0.6912
0.64864
0.6274
0.59581
0.58159
0.55769
0.65131
0.61316
0.62822
0.64443
0.67182
0.72497
0.75876
0.76374
0.74239
0.62286
0.61245
0.63628
0.64661
0.62226
0.60442
0.66833
0.68623
0.67918
0.66511
0.71923
0.72079
0.73765
0.73928
0.73544
0.70794
0.68435
0.66803
0.65343
0.63351
0.61983
0.62621
0.62558
0.65431
0.6703
0.68913
0.54881
0.57741
0.61402
0.61344
0.60576
0.59797
0.60079
0.58983
0.59579
0.6147
0.58335
0.60944
0.62175
0.62178
0.6255
0.62227
0.62148
0.62508
0.65975
0.66319
0.66214
0.61763
0.62693
0.5925
0.59584
0.57686
0.58581
0.58554
0.58763
0.60849
0.6727
0.70108
0.72431
0.72956
0.72914
0.7314
0.72825
0.72336
0.68824
0.62389
0.59647
0.6992
0.719
0.72654
0.73143
0.73302
0.73381
0.75066
0.77512
0.79095
0.79794
0.79892
0.7977
0.7968
0.79368
0.79542
0.79578
0.79093
0.78741
0.7868
0.78503
0.78502
0.78668
0.7807
0.77676
0.77327
0.76333
0.75346
0.71417
0.66732
0.65075
0.65406
0.64369
0.68783
0.66001
0.62683
0.6535
0.70996
0.7326
0.74584
0.70235
0.58713
0.57153
0.62218
0.65464
0.65795
0.66145
0.67482
0.68459
0.71284
0.71403
0.67976
0.70083
0.69976
0.67741
0.65401
0.65339
0.66168
0.646
0.62458
0.56196
0.56012
0.54017
0.56663
0.57499
0.52508
0.56002
0.59749
0.60856
0.62254
0.82782
0.68596
0.6883
0.70195
0.83389
0.84034
0.86827
0.86487
0.81591
0.79334
0.66599
0.65389
0.64795
0.71846
0.69046
0.59368
0.55381
0.56068
0.58593
0.65119
0.59854
0.57634
0.57717
0.58464
0.59929
0.57127
0.64947
0.65723
0.54001
0.76355
0.76002
0.71219
0.66951
0.68028
0.68308
0.66512
0.65041
0.62006
0.60786
0.57221
0.58784
0.60432
0.62932
0.64255
0.65259
0.6702
0.6385
0.63703
0.64062
0.62447
0.59763
0.60868
0.61437
0.61492
0.59926
0.59122
0.62379
0.61738
0.58985
0.59804
0.64322
0.60699
0.64377
0.61701
0.60042
0.57688
0.57107
0.56256
0.56354
0.58202
0.59595
0.60345
0.61766
0.63028
0.58825
0.57061
0.58704
0.58286
0.57853
0.59527
0.61085
0.6915
0.66898
0.68252
0.68941
0.66322
0.69142
0.67525
0.64511
0.63666
0.62464
0.57645
0.55968
0.45136
0.56616
0.62794
0.63777
0.63189
0.61979
0.60181
0.59133
0.58985
0.62541
0.60578
0.59923
0.60925
0.66514
0.68204
0.64874
0.58472
0.58669
0.58874
0.58847
0.58645
0.5839
0.58379
0.58432
0.57746
0.57282
0.56959
0.56966
0.57705
0.57425
0.57438
0.57134
0.5696
0.5708
0.56649
0.56931
0.56837
0.57056
0.57248
0.56875
0.5588
0.56938
0.5738
0.57709
0.58361
0.59928
0.6016
0.60311
0.59691
0.58939
0.62143
0.61572
0.60145
0.6222
0.60764
0.60863
0.61052
0.61057
0.61034
0.61138
0.6201
0.63035
0.64214
0.64244
0.65046
0.66423
0.6121
0.61179
0.62141
0.62906
0.65122
0.64332
0.72199
0.76398
0.81164
0.8091
0.74265
0.66198
0.64624
0.60701
0.66049
0.68055
0.69896
0.70078
0.68515
0.67996
0.66586
0.66197
0.65435
0.65312
0.63808
0.63711
0.62578
0.61729
0.62148
0.60114
0.52971
0.63926
0.70523
0.73451
0.7474
0.7469
0.75146
0.75324
0.70167
0.64248
0.64495
0.65191
0.69614
0.71331
0.72175
0.7205
