0.68812
0.69218
0.69855
0.70273
0.70776
0.71472
0.72616
0.73766
0.74654
0.74858
0.75067
0.75196
0.75342
0.75672
0.7534
0.75014
0.75114
0.74077
0.75343
0.76013
0.76929
0.77554
0.78237
0.78629
0.78454
0.7816
0.76082
0.71737
0.73063
0.70736
0.70712
0.69892
0.71062
0.68262
0.70857
0.70881
0.68584
0.71317
0.64498
0.60703
0.5495
0.59024
0.6112
0.63952
0.63571
0.68893
0.66202
0.68488
0.67586
0.66298
0.65363
0.63877
0.63625
0.62531
0.60369
0.62148
0.62261
0.63837
0.643
0.67637
0.7643
0.68392
0.75715
0.76855
0.75281
0.76545
0.77328
0.77948
0.77914
0.79295
0.78746
0.78776
0.78302
0.76802
0.74493
0.74142
0.72319
0.70319
0.70283
0.7054
0.66359
0.6218
0.60306
0.59933
0.57669
0.61133
0.62221
0.61315
0.60953
0.58871
0.54967
0.60494
0.6226
0.60657
0.59181
0.60187
0.61892
0.64634
0.63766
0.70051
0.6426
0.58221
0.60767
0.66526
0.67802
0.67129
0.70913
0.71704
0.73114
0.74099
0.71347
0.70827
0.70154
0.69214
0.67867
0.63721
0.6053
0.67285
0.68276
0.60408
0.61013
0.6165
0.62757
0.63287
0.66324
0.66126
0.67714
0.67108
0.68242
0.70307
0.67955
0.63311
0.69241
0.74246
0.62183
0.52882
0.48252
0.51701
0.59062
0.62396
0.68728
0.75791
0.75664
0.70683
0.70401
0.75982
0.73012
0.74319
0.75213
0.70934
0.7374
0.77177
0.76176
0.73583
0.75714
0.77295
0.7763
0.74488
0.72183
0.69613
0.68991
0.66774
0.6644
0.66435
0.72901
0.74275
0.74086
0.70637
0.6855
0.69094
0.67432
0.66391
0.65879
0.647
0.63697
0.63383
0.62558
0.6236
0.62103
0.62718
0.6277
0.62909
0.6312
0.63115
0.64201
0.63845
0.63865
0.63999
0.6366
0.6366
0.63858
0.63189
0.63558
0.63053
0.62984
0.6295
0.62462
0.61967
0.6182
0.61128
0.60752
0.5762
0.56452
0.6001
0.61287
0.61393
0.61934
0.62557
0.6185
0.60505
0.61565
0.58155
0.40002
0.59676
0.60703
0.60658
0.62985
0.62206
0.62789
0.68499
0.64215
0.63844
0.66082
0.64856
0.65271
0.66052
0.65262
0.68022
0.71688
0.73304
0.72834
0.73251
0.77506
0.77874
0.74945
0.69529
0.66737
0.65145
0.6344
0.62528
0.57366
0.62125
0.61843
0.61425
0.6391
0.67604
0.67746
0.67787
0.67386
0.67333
0.66109
0.66134
0.66421
0.64909
0.67138
0.66981
0.6822
0.64706
0.64016
0.66183
0.68224
0.6733
0.66704
0.65757
0.6448
0.67513
0.64545
0.66156
0.78373
0.72545
0.7546
0.77901
0.64164
0.76679
0.75493
0.70087
0.68958
0.73744
0.66513
0.67048
0.67074
0.67384
0.69964
0.67846
0.64986
0.63365
0.63935
0.62523
0.42297
0.61326
0.57378
0.62074
0.64603
0.73866
0.58689
0.7493
0.78349
0.80919
0.63212
0.60201
0.66865
0.62974
0.61861
0.63622
0.65609
0.69398
0.72048
0.73182
0.75337
0.70739
0.7259
0.69364
0.75422
0.77964
0.74517
0.76562
0.66045
0.62596
0.65672
0.67726
0.67623
0.70196
0.68729
0.69495
0.70525
0.70905
0.70833
0.70965
0.70626
0.69261
0.67265
0.65595
0.65266
0.62873
0.62074
0.61011
0.63096
0.63096
0.63641
0.62931
0.60919
0.60861
0.61241
0.65515
0.60411
0.57702
0.6436
0.64908
0.63466
0.59019
0.57493
0.58986
0.59519
0.60855
0.61692
0.64044
0.70964
0.74165
0.85231
0.75285
0.77641
0.79839
0.78874
0.79984
0.8066
0.8037
0.7813
0.65615
0.62601
0.64175
0.68117
0.67165
0.67739
0.66713
0.66446
0.65437
0.65587
0.6673
0.676
0.67646
0.67251
0.67415
0.67244
0.66563
0.65262
0.65486
0.64652
0.64218
0.64091
0.63895
0.6399
0.63855
0.6396
0.63826
0.63484
0.63276
0.63067
0.62321
0.61249
0.60184
0.59613
0.6025
0.62895
0.65029
0.65715
0.65821
0.65792
0.65524
0.65512
0.65296
0.6483
0.63869
0.60735
0.61711
0.57242
0.54402
0.52923
0.51345
0.50415
0.50616
0.51532
0.55297
0.58452
0.60544
0.6035
0.58489
0.58667
0.66122
0.609
0.62849
0.63392
0.56477
0.62236
0.6348
0.63509
0.61619
0.62663
0.62505
0.61603
0.60367
0.61452
0.62967
0.61926
0.60009
0.63057
0.62274
0.65307
0.6372
0.59537
0.59864
0.61347
0.61166
0.62042
0.5747
0.57781
0.57989
0.59126
0.61299
0.61421
0.60378
0.61485
0.59751
0.59385
0.66433
0.6838
0.70055
0.70917
0.71584
0.72396
0.72737
0.73673
0.74173
0.74527
0.74799
0.74986
0.75065
0.75345
0.75594
0.76002
0.76755
0.7699
0.77237
0.77145
0.76596
0.76331
0.75631
0.73721
0.68258
0.6574
0.56435
0.61051
0.57441
0.67185
0.72892
0.72376
0.72383
0.75792
0.73264
0.75264
0.77924
0.77607
0.77977
0.79143
0.81025
0.8161
0.81263
0.83189
0.8424
0.84288
0.84061
0.83624
0.8297
0.82551
0.79698
0.47388
0.46747
0.47647
0.49416
0.52548
0.59773
0.56101
0.47014
0.51201
0.63768
0.76305
0.79909
0.81092
0.81614
0.81794
0.80698
0.8022
0.79772
0.80261
0.81111
0.81805
0.82413
0.82858
0.83114
0.83099
0.828
0.824
0.80765
0.8032
0.80239
0.7931
0.782
0.77513
0.76101
0.76865
0.76321
0.759
0.75453
0.72242
0.68592
0.66585
0.65951
0.66024
0.6405
0.61085
0.62377
0.6315
0.64518
0.64678
0.6547
0.67709
0.70482
0.71041
0.71347
0.7125
0.70936
0.70469
0.70033
0.70128
0.66125
0.63329
0.58395
0.52355
0.43162
0.37027
0.65525
0.56451
0.56308
0.57618
0.60129
0.64567
0.72103
0.6761
0.7249
0.68283
0.73001
0.72903
0.67787
0.65892
0.66175
0.60759
0.55444
0.55758
0.56752
0.58584
0.59247
0.60625
0.61939
0.62227
0.62048
0.6307
0.63322
0.62624
0.6341
0.63842
0.63614
0.62469
0.60529
0.60312
0.61921
0.62363
0.62267
0.56225
0.58696
0.56323
0.63246
0.63874
0.64705
0.64021
0.62414
0.6456
0.63004
0.63159
0.66149
0.64988
0.63443
0.69725
0.71332
0.73145
0.74141
0.74867
0.74065
0.64044
0.60937
0.62181
0.67567
0.68617
0.6339
0.61169
0.59518
0.6372
0.64759
0.64173
0.63901
0.62417
0.63193
0.66388
0.67181
0.64358
0.60878
0.5807
0.61058
0.62908
0.62004
0.57855
0.61968
0.58395
0.65474
0.61726
0.64199
0.67934
0.71113
0.76744
0.72945
0.63443
0.63272
0.64889
0.661
0.67724
0.69742
0.717
0.72651
0.69597
0.70389
0.75298
0.72377
0.75549
0.75355
0.78231
0.72069
0.68648
0.66472
0.68014
0.69031
0.71096
0.727
0.73891
0.71793
0.69669
0.68188
0.67834
0.69428
0.73402
0.68482
0.6845
0.69709
0.76543
0.76882
0.75974
0.68443
0.6678
0.67525
0.66848
0.65843
0.65608
0.658
0.66311
0.63758
0.64225
0.63379
0.63227
0.6203
0.62476
0.61677
0.63229
0.65422
0.6591
0.64576
0.6488
0.6533
0.66644
0.66121
0.65324
0.64256
0.6283
0.53631
0.46041
0.50501
0.54136
0.57226
0.56622
0.52204
0.46291
0.42353
0.41992
0.59845
0.51765
0.4387
0.43522
0.58538
0.72636
0.75121
0.77509
0.77486
0.74782
0.72641
0.71203
0.70426
0.74316
0.73657
0.72305
0.7046
0.70244
0.70451
0.715
0.73585
0.72368
0.76698
0.76352
0.79295
0.78253
0.7689
0.76098
0.76221
0.77878
0.81917
0.77401
0.7375
0.67362
0.66738
0.66593
0.6497
0.63326
0.60041
0.63256
0.70222
0.70622
0.766
0.78936
0.76565
0.7464
0.74779
0.6521
0.6516
0.654
0.67358
0.69159
0.69537
0.73752
0.77084
0.77233
0.78303
0.79418
0.80746
0.78271
0.73399
0.737
0.72864
0.71206
0.68881
0.68019
0.66225
0.61757
0.58758
0.60288
0.63666
0.65177
0.66938
0.68444
0.6862
0.65298
0.61076
0.62246
0.63285
0.62491
0.62193
0.62941
0.61505
0.58905
0.62896
0.74078
0.6782
0.63489
0.6046
0.5969
0.59609
0.60998
0.64168
0.69839
0.74028
0.70444
0.68662
0.66312
0.6531
0.64929
0.64947
0.69695
0.69663
0.71456
0.71431
0.69652
0.656
0.7352
0.74879
0.78442
0.78068
0.73752
0.7264
0.73578
0.75522
0.76105
0.78606
0.81376
0.76218
0.77176
0.77851
0.72928
0.72857
0.73379
0.72558
0.6858
0.7159
0.75348
0.78624
0.74822
0.76043
0.73351
0.72049
0.67839
0.68521
0.70163
0.70556
0.72865
0.71475
0.74698
0.74699
0.71825
0.71893
0.70024
0.68027
0.69313
0.71223
0.70505
0.70932
0.73137
0.73193
0.7414
0.72111
0.69925
0.68867
0.65947
0.65935
0.66681
0.68023
0.70178
0.66538
0.64625
0.6466
0.64047
0.6435
0.66569
0.70407
0.7196
0.68816
0.69092
0.68046
0.66822
0.68157
0.71469
0.7314
0.72215
0.67072
0.56776
0.66078
0.64605
0.65473
0.6535
0.67641
0.69358
0.70227
0.71815
0.77551
0.7887
0.7357
0.75316
0.75969
0.74129
0.65743
0.6403
0.6007
0.53036
0.65893
0.71676
0.70416
0.70545
0.70323
0.67505
0.69699
0.66332
0.69505
0.72502
0.77608
0.7263
0.66477
0.61252
0.56769
0.55559
0.56846
0.58693
0.60165
0.6671
0.6517
0.65343
0.66071
0.65057
0.65953
0.65938
0.70306
0.72392
0.65828
0.61624
0.68687
0.72158
0.5391
0.55152
0.51327
0.61368
0.58844
0.52385
0.50221
0.55479
0.60829
0.70961
0.6974
0.71984
0.70876
0.71725
0.71848
0.73506
0.75228
0.75439
0.74969
0.74366
0.74012
0.75509
0.75236
0.78104
0.78384
0.77262
0.76389
0.80038
0.78719
0.82874
0.81559
0.8041
0.8109
0.78804
0.78099
0.76818
0.77056
0.76276
0.76123
0.75608
0.77961
0.75723
0.76328
0.81165
0.79368
0.80076
0.80766
0.83163
0.81019
0.79298
0.78808
0.79528
0.81485
0.8529
0.82398
0.82818
0.81509
0.80369
0.7858
0.75505
0.74716
0.73751
0.73568
0.71338
0.76173
0.78486
0.79431
0.73002
0.74369
0.70785
0.72277
0.71901
0.75568
0.76208
0.7377
0.7354
0.7465
0.78888
0.81311
0.81672
0.797
0.75732
0.7712
0.7402
0.75109
0.7488
0.74107
0.72274
0.70908
0.6826
0.67084
0.63878
0.57238
0.53541
0.52968
0.54776
0.59165
0.76618
0.77894
0.77319
0.76877
0.76593
0.79896
0.81453
0.77371
0.76912
0.76615
0.77503
0.79462
0.78236
0.77526
0.77445
0.79729
0.79417
0.75797
0.767
0.76043
0.75141
0.74412
0.70136
0.64331
0.61966
0.63246
0.61866
0.68172
0.70915
0.72885
0.71746
0.7132
0.73232
0.76019
0.70329
0.72087
0.72907
0.7308
0.6959
0.6388
0.61087
0.62135
0.67268
0.73788
0.7289
0.75022
0.72067
0.68908
0.70558
0.73976
0.73352
0.75561
0.76337
0.72422
0.67779
0.64602
0.67085
0.72366
0.72749
0.73788
0.69982
0.68622
0.66108
0.65082
0.6479
0.67007
0.7048
0.69704
0.72704
0.67618
0.67881
0.69684
0.71682
0.73785
0.84832
0.7517
0.64656
0.68231
0.68049
0.6623
0.67051
0.67573
0.6292
0.68907
0.72027
0.70233
0.61342
0.63238
0.6454
0.67737
0.69691
0.70904
0.72822
0.73251
0.72239
0.68559
0.65956
0.64653
0.71438
0.73438
0.80845
0.9038
0.90507
0.89844
0.89489
0.89215
0.87804
0.85571
0.8568
0.84809
0.85297
0.85436
0.82382
0.78364
0.77491
0.76714
0.75773
0.75018
0.73428
0.67991
0.75189
0.77998
0.77887
0.7883
0.72827
0.63081
0.51957
0.46325
0.77603
0.85225
0.86192
0.8409
0.88654
0.89547
0.86908
0.85375
0.87539
0.9271
0.93558
0.84758
0.81371
0.72367
0.74994
0.79738
0.904
0.85887
0.86176
0.87205
0.86093
0.85418
0.8026
0.8216
0.82861
0.85469
0.89975
0.86635
0.81624
0.76928
0.7488
0.74364
0.78879
0.81358
0.8279
0.82675
0.80636
0.78738
0.74425
0.77638
0.82528
0.85778
0.86468
0.88241
0.82428
0.80374
0.77044
0.74872
0.84958
0.94253
0.95581
0.8996
0.91022
0.92635
0.90228
0.89451
0.93144
0.90709
0.85711
0.8592
0.82548
0.91711
0.9307
0.92122
0.82378
0.88634
0.8933
0.92368
0.92629
0.88082
0.73054
0.74115
0.86531
0.86791
0.85718
0.84166
0.82888
0.76159
0.75484
0.75411
0.77549
0.75622
0.74754
0.77088
0.80797
0.83754
0.86552
0.91645
0.90873
0.90211
0.87272
0.86804
0.93442
0.91503
0.8061
0.76734
0.76668
0.83861
0.85251
0.87944
0.86623
0.55406
0.59669
0.68699
0.71147
0.79405
0.84994
0.86749
0.94698
0.7597
0.709
0.88128
0.91626
0.84142
0.83827
0.83648
0.8131
0.84456
0.77329
0.91697
0.79963
0.80059
0.8138
0.81435
0.83162
0.77382
0.87255
0.90937
0.90572
0.87728
0.81668
0.77263
0.73131
0.74954
0.75366
0.69472
0.67058
0.80769
0.90782
0.9345
0.94688
0.8328
0.82735
0.83456
0.86873
0.85627
0.87528
0.97869
0.9892
0.95221
0.97066
0.93685
0.86533
0.84203
0.85512
0.77074
0.81316
0.71128
0.69801
0.59276
0.88648
0.84603
0.83717
0.74061
0.69656
0.60975
0.69795
0.86844
0.94799
0.89575
0.89979
0.93619
0.90899
0.93238
0.9391
0.89482
0.93954
0.9632
0.92087
0.87523
0.83147
0.80798
0.73754
0.73597
0.80553
0.91997
0.8704
0.85221
0.85527
0.85935
0.91837
0.81721
0.92796
0.83977
0.79374
0.75464
0.65207
0.64719
0.78259
0.74154
0.70178
0.75705
0.84555
0.8069
0.77696
0.80138
0.84066
0.85123
0.85577
0.84961
0.8268
0.80792
0.75922
0.76513
0.74097
0.72974
0.77183
0.87852
0.87272
0.87977
0.78155
0.89366
0.77371
0.95238
0.85049
0.88058
0.93161
0.80255
0.75431
0.91333
0.92212
0.9422
0.90674
0.84307
0.92872
0.84656
0.77131
0.70457
0.66452
0.72076
0.89234
0.94072
0.94385
0.9226
0.82295
0.91465
0.86481
0.9238
0.87099
0.93956
0.851
0.81122
0.8834
0.8334
0.93971
0.92809
0.93822
0.92621
0.93278
0.91428
0.9091
0.91146
0.86953
0.90496
0.90306
0.90531
0.90665
0.88752
0.87224
0.75898
0.77209
0.80436
0.90841
0.91322
0.90362
0.87573
0.88151
0.88961
0.91451
0.91764
0.90567
0.90877
0.90421
0.89219
0.90158
0.87993
0.90962
0.92328
0.89504
0.91168
0.80089
0.90213
0.91321
0.87781
0.92639
0.94245
0.92342
0.92992
0.86979
0.82413
0.832
0.85223
0.81628
0.79612
0.80723
0.80723
0.85661
0.86857
0.87938
0.82389
0.82602
0.80841
0.75141
0.75075
0.76877
0.8606
0.9136
0.89273
0.89161
0.94552
0.95677
0.92596
0.92244
0.867
0.81698
0.77168
0.81714
0.86408
0.90871
0.93436
0.91672
0.87137
0.80687
0.77382
0.77984
0.76779
0.76828
0.76041
0.78403
0.80524
0.80033
0.81239
0.8422
0.85344
0.89584
0.91463
0.92595
0.92941
0.92563
0.92135
0.9135
0.9067
0.92251
0.9716
0.95458
0.94203
0.94633
0.91247
0.90804
0.86535
0.88201
0.88891
0.90662
0.92147
0.94315
0.97113
0.93616
0.96877
0.92604
0.92677
0.90088
0.88966
0.87904
0.86795
0.85047
0.90234
0.91856
0.9344
0.92709
0.91543
0.87886
0.90638
0.96548
0.90014
0.95764
0.96418
0.84653
0.80228
0.93762
0.8685
0.84105
0.80546
0.9551
0.91935
0.93686
0.85913
0.87724
0.86459
0.73768
0.79047
0.83837
0.86387
0.88163
0.93182
0.86501
0.94873
0.90784
0.85866
0.94944
0.92976
0.9207
0.88263
0.81348
0.71808
0.7073
0.71987
0.77766
0.82579
0.93905
0.93745
0.91281
0.92578
0.94221
0.92376
0.94313
0.94332
0.87023
0.76646
0.73922
0.7201
0.71613
0.70417
0.76592
0.81192
0.83014
0.82229
0.87784
0.70395
0.69603
0.77333
0.85401
0.93119
0.93091
0.90131
0.81002
0.66579
0.6605
0.7576
0.83742
0.88789
0.91901
0.89435
0.80481
0.86499
0.74929
0.72966
0.76276
0.82451
0.87026
0.91771
0.84574
0.87133
0.86967
0.89059
0.94034
0.884
0.93642
0.83711
0.82053
0.7722
0.85916
0.83723
0.8544
0.83037
0.80797
0.76868
0.70235
0.67534
0.64887
0.60243
0.66134
0.7223
0.79088
0.77392
0.77869
0.78231
0.80538
0.83322
0.86299
0.86838
0.88381
0.94885
0.98912
0.99635
0.92894
0.91251
0.84555
0.84256
0.85059
0.87818
0.89341
0.90943
0.91004
0.90909
0.87837
0.85881
0.86137
0.87295
0.85053
0.82996
0.85291
0.8564
0.8469
0.85488
0.83698
0.85168
0.84234
0.83853
0.82304
0.81393
0.85236
0.9092
0.9387
0.98043
0.98324
0.79259
0.83405
0.83932
0.83653
0.85071
0.84865
0.81918
0.83311
0.78319
0.77296
0.83574
0.86251
0.84272
0.78372
0.88387
0.89022
0.89178
0.90361
0.90734
0.87239
0.86452
0.87298
0.91213
0.96256
0.90077
0.93823
0.96062
0.93421
0.93724
0.95166
0.94333
0.92052
0.89807
0.91456
0.95024
0.90179
0.90828
0.93021
0.96891
0.98817
0.99674
0.90827
0.92606
0.92679
0.80568
0.86099
0.81871
0.75357
0.95504
0.94607
0.96228
0.9564
0.95068
0.92513
0.91927
0.93102
0.9385
0.9468
0.95558
0.92832
0.92562
0.91211
0.72423
0.7286
0.72479
0.7349
0.75853
0.79063
0.84519
0.91862
0.9414
0.95498
0.90697
0.95024
0.92052
0.93229
0.93027
0.92019
0.90113
0.77086
0.73773
0.81256
0.82735
0.8018
0.81061
0.77587
0.72448
0.69947
0.70166
0.66412
0.65026
0.65551
0.66286
0.661
0.66739
0.6766
0.72185
0.73427
0.74604
0.76674
0.78482
0.79311
0.78623
0.79019
0.79222
0.78904
0.76726
0.78729
0.78114
0.75059
0.74177
0.75866
0.697
0.61602
0.59172
0.58291
0.62148
0.67913
0.70112
0.70826
0.73268
0.71901
0.72958
0.69665
0.7666
0.76305
0.75046
0.73121
0.65918
0.6069
0.52413
0.48161
0.47794
0.47025
0.51282
0.54742
0.5876
0.71185
0.73895
0.79518
0.82757
0.8177
0.57716
0.61894
0.63595
0.82004
0.69883
0.81142
0.86776
0.85794
0.88568
0.89301
0.87376
0.8779
0.87245
0.84507
0.86217
0.88526
0.85515
0.86226
0.85468
0.84632
0.84206
0.84458
0.84447
0.84386
0.85486
0.86939
0.87765
0.87608
0.87504
0.87699
0.87142
0.88534
0.88001
0.86894
0.84029
0.86444
0.85364
0.83699
0.83925
0.83693
0.83448
0.79869
0.79244
0.77877
0.77758
0.80414
0.83976
0.85067
0.86036
0.86717
0.85631
0.86111
0.85441
0.85168
0.8527
0.85366
0.84944
0.83977
0.86758
0.86388
0.76834
0.7191
0.72366
0.77253
0.79465
0.79612
0.79002
0.77611
0.81655
0.81049
0.82044
0.82633
0.8446
0.83384
0.84998
0.83973
0.79992
0.77325
0.75618
0.75155
0.74818
0.74454
0.74803
0.73282
0.71445
0.69936
0.71521
0.71993
0.72365
0.7164
0.73003
0.73255
0.74137
0.75672
0.76171
0.75875
0.7323
0.70557
0.69043
0.706
0.74263
0.77461
0.78686
0.78405
0.78251
0.7685
0.72579
0.72068
0.65242
0.59958
0.60739
0.65048
0.74546
0.74157
0.74393
0.75513
0.77639
0.73929
0.80124
0.7796
0.7802
0.77851
0.80005
0.8019
0.79263
0.79607
0.79681
0.78783
0.7605
0.74019
0.72769
0.70416
0.6567
0.67694
0.72905
0.7518
0.76713
0.76302
0.77274
0.77885
0.77633
0.78746
0.79463
0.79285
0.79465
0.78082
0.73928
0.71065
0.70575
0.71814
0.73231
0.72775
0.71804
0.72252
0.73668
0.75123
0.7395
0.74574
0.75254
0.75633
0.75895
0.76927
0.78954
0.80258
0.80647
0.7991
0.80018
0.79465
0.78296
0.78368
0.7083
0.62041
0.62122
0.62696
0.62272
0.59763
0.52874
0.4921
0.66383
0.71924
0.76134
0.77175
0.79469
0.80689
0.79599
0.77966
0.75567
0.75074
0.72005
0.7919
0.75175
0.73885
0.74342
0.72741
0.73534
0.73663
0.74721
0.75013
0.73339
0.76807
0.74391
0.78949
0.7897
0.78877
0.80805
0.81878
0.82622
0.83688
0.82168
0.83005
0.82171
0.82151
0.83471
0.83107
0.83258
0.83985
0.84532
0.83851
0.83774
0.84439
0.85106
0.85316
0.86244
0.86277
0.84837
0.85051
0.85504
0.84912
0.84256
0.8388
0.8373
0.83886
0.83989
0.82484
0.79736
0.81706
0.80409
0.77834
0.74419
0.74567
0.71944
0.67197
0.62797
0.59318
0.57471
0.57795
0.62392
0.70651
0.76926
0.75272
0.75634
0.76466
0.7857
0.79099
0.77889
0.78615
0.80783
0.83839
0.79116
0.82496
0.85624
0.82121
0.75952
0.75106
0.75497
0.70145
0.72125
0.71422
0.71403
0.71983
0.70751
0.70137
0.70628
0.71965
0.71104
0.72761
0.72235
0.73254
0.71815
0.76227
0.7564
0.75211
0.74354
0.72612
0.72121
0.7221
0.68822
0.67872
0.69148
0.69616
0.71077
0.70559
0.69838
0.64348
0.59253
0.64
0.64687
0.62645
0.62266
0.62803
0.65361
0.67777
0.70904
0.66612
0.5946
0.55675
0.49105
0.74472
0.76198
0.77359
0.79084
0.80977
0.76929
0.78693
0.80369
0.80351
0.79671
0.7922
0.78702
0.78159
0.79306
0.79489
0.76727
0.77887
0.79942
0.78782
0.80854
0.79105
0.75377
0.75253
0.75361
0.75536
0.76125
0.77041
0.74803
0.72472
0.71926
0.70727
0.70585
0.7005
0.71105
0.72194
0.76851
0.7669
0.70658
0.66244
0.64828
0.63902
0.64097
0.6443
0.56351
0.4315
0.70577
0.69714
0.71785
0.74111
0.76304
0.7241
0.69264
0.70026
0.69398
0.70619
0.72222
0.7273
0.73254
0.7264
0.78601
0.81054
0.80407
0.82092
0.8165
0.79644
0.78096
0.73398
0.68192
0.65705
0.66603
0.66862
0.71412
0.71301
0.69856
0.70368
0.78104
0.78696
0.77056
0.76202
0.70389
0.68255
0.66049
0.67683
0.69573
0.5848
0.60478
0.61587
0.61347
0.63684
0.68257
0.68307
0.56833
0.57349
0.57038
0.63046
0.6486
0.65274
0.63712
0.58046
0.53627
0.72431
0.68076
0.62837
0.60984
0.64951
0.62578
0.6678
0.66203
0.65361
0.70991
0.7218
0.71849
0.74559
0.74819
0.7416
0.71872
0.67787
0.67089
0.72582
0.70681
0.73179
0.75847
0.75692
0.72058
0.66886
0.65433
0.67514
0.68187
0.74
0.76779
0.80779
0.76214
0.75123
0.74371
0.68611
0.67136
0.65665
0.65632
0.66885
0.66701
0.67492
0.70519
0.71861
0.71955
0.729
0.71688
0.71207
0.7031
0.70412
0.6117
0.64794
0.68063
0.69542
0.72674
0.75165
0.74669
0.74598
0.75308
0.72597
0.69834
0.71776
0.77905
0.80024
0.8082
0.72361
0.69653
0.65232
0.57322
0.59706
0.62359
0.68835
0.69555
0.70723
0.70266
0.70993
0.69611
0.69763
0.69391
0.69844
0.6996
0.69429
0.69086
0.72915
0.73871
0.75453
0.75418
0.74833
0.71081
0.71242
0.74468
0.75333
0.76047
0.75848
0.73718
0.71548
0.70237
0.69297
0.69103
0.68257
0.68025
0.68037
0.67669
0.6723
0.67359
0.6775
0.67931
0.67816
0.69132
0.67919
0.69136
0.70633
0.7366
0.69881
0.69855
0.69083
0.68837
0.69001
0.68859
0.68409
0.71883
0.70886
0.67118
0.64477
0.61401
0.63184
0.73956
0.79803
0.74651
0.76558
0.78481
0.78633
0.78884
0.80955
0.79815
0.79056
0.7852
0.77712
0.76634
0.70769
0.70494
0.69948
0.70484
0.71464
0.78596
0.65722
0.63353
0.64409
0.78594
0.73422
0.67414
0.66865
0.67089
0.77267
0.76653
0.76704
0.76609
0.75801
0.74958
0.74328
0.73904
0.72642
0.72666
0.72139
0.71958
0.71725
0.72052
0.72331
0.7261
0.711
0.70369
0.71163
0.71158
0.71148
0.7108
0.70769
0.69535
0.71337
0.69956
0.68783
0.69584
0.69186
0.69378
0.68189
0.6417
0.57718
0.54947
0.61126
0.64456
0.64746
0.64856
0.66901
0.66541
0.67139
0.67071
0.67642
0.68024
0.71458
0.63787
0.62715
0.65293
0.7067
0.75176
0.69115
0.74356
0.74478
0.67216
0.68005
0.66121
0.67504
0.67731
0.67419
0.65559
0.65135
0.64398
0.62716
0.63363
0.6428
0.6395
0.63864
0.64825
0.66485
0.65892
0.65656
0.65671
0.6549
0.64578
0.64516
0.63605
0.63204
0.60746
0.64938
0.6079
0.64746
0.68071
0.69111
0.68831
0.69005
0.68951
0.6545
0.64049
0.63116
0.62677
0.63241
0.65181
0.66983
0.66585
0.65573
0.63459
0.62125
0.62263
0.62303
0.61907
0.61957
0.61863
0.62307
0.6248
0.59635
0.61446
0.61051
0.61946
0.62421
0.63199
0.63816
0.6701
0.67352
0.65984
0.64387
0.64559
0.63845
0.63137
0.64034
0.63207
0.65507
0.66402
0.6555
0.63723
0.64
0.63531
0.70885
0.66609
0.65428
0.63703
0.67666
0.68719
0.72502
0.7347
0.72329
0.71812
0.75188
0.75219
0.7419
0.72177
0.71801
0.71639
0.73492
0.7362
0.73804
0.7415
0.7423
0.74656
0.74211
0.74188
0.73305
0.72597
0.68465
0.67011
0.66647
0.65895
0.62934
0.62478
0.62321
0.64123
0.63256
0.64055
0.64455
0.64285
0.64037
0.6512
0.64835
0.64699
0.65118
0.63294
0.6228
0.62331
0.62806
0.63225
0.63333
0.63237
0.61016
0.6254
0.63462
0.63442
0.63424
0.63067
0.62992
0.62194
0.62256
0.62268
0.62124
0.61919
0.61767
0.61992
0.61674
0.61415
0.61011
0.61079
0.60383
0.49036
0.52565
0.51247
0.4018
0.25994
0.34996
0.44257
0.26388
0.19722
0.17871
0.19618
0.28705
0.70018
0.68999
0.68997
0.67832
0.69437
0.69232
0.71611
0.7279
0.7297
0.73759
0.73891
0.73679
0.74004
0.7423
0.74446
0.74259
0.7383
0.73094
0.70073
0.68145
0.64846
0.64732
0.64549
0.78006
0.79693
0.75836
0.75663
0.75888
0.71623
0.67637
0.69028
0.67609
0.67717
0.67808
0.6801
0.71641
0.70584
0.68088
0.5282
0.43932
0.52994
0.74439
0.76182
0.77827
0.64065
0.72798
0.70384
0.70609
0.81544
0.81945
0.81744
0.81034
0.79235
0.74912
0.70536
0.6996
0.63729
0.56714
0.61433
0.64368
0.65534
0.66749
0.67556
0.6896
0.70948
0.73974
0.76861
0.78434
0.78794
0.78754
0.77848
0.77201
0.73868
0.75571
0.71544
0.65176
0.60753
0.65113
0.63152
0.64784
0.66909
0.65722
0.64053
0.65137
0.64608
0.57169
0.69817
0.72948
0.67969
0.66519
0.67924
0.65213
0.64671
0.66658
0.67362
0.66599
0.66424
0.66802
0.60621
0.66299
0.64954
0.63629
0.55603
0.68192
0.6489
0.64018
0.66451
0.67063
0.65183
0.64992
0.64814
0.70703
0.71654
0.71614
0.71074
0.65617
0.63095
0.63454
0.57927
0.42413
0.63289
0.67715
0.6587
0.62777
0.62162
0.61667
0.63514
0.66498
0.68587
0.68365
0.6683
0.65202
0.66672
0.56713
0.74187
0.66498
0.70241
0.71641
0.65906
0.65177
0.64249
0.6196
0.63795
0.64375
0.66008
0.67132
0.72754
0.6808
0.66324
0.67041
0.68217
0.69266
0.71726
0.72947
0.76909
0.75896
0.73418
0.74738
0.7604
0.76562
0.77177
0.75639
0.73618
0.75363
0.74076
0.75613
0.76676
0.62589
0.58446
0.63296
0.67736
0.70786
0.73822
0.76126
0.76981
0.77194
0.75182
0.75158
0.73579
0.69886
0.69579
0.69748
0.70437
0.71883
0.70876
0.71935
0.72409
0.72179
0.68814
0.69183
0.67959
0.64386
0.66508
0.6594
0.65552
0.63491
0.63044
0.62838
0.62078
0.62533
0.63335
0.63221
0.62734
0.63911
0.64914
0.6614
0.67878
0.66433
0.6658
0.65489
0.6678
0.66439
0.66265
0.67855
0.63013
0.62071
0.63204
0.53022
0.60468
0.62726
0.64383
0.68864
0.70246
0.7392
0.69781
0.73775
0.76574
0.68865
0.76963
0.73958
0.7252
0.70618
0.70635
0.65328
0.62783
0.62795
0.63033
0.6372
0.65875
0.64962
0.65221
0.66394
0.67684
0.66928
0.66676
0.66572
0.65946
0.65199
0.6611
0.66252
0.67336
0.65306
0.65461
0.66048
0.65201
0.64784
0.63595
0.64434
0.63646
0.63195
0.63115
0.6185
0.61509
0.61061
0.61099
0.60931
0.60635
0.61056
0.60184
0.60065
0.60222
0.61653
0.61317
0.62705
0.63139
0.62991
0.63949
0.62881
0.64358
0.63083
0.6259
0.62072
0.61965
0.62018
0.61288
0.61368
0.61361
0.61614
0.6182
0.61983
0.62185
0.61908
0.61665
0.61637
0.61373
0.60836
0.60504
0.60699
0.60537
0.60408
0.58508
0.57753
0.56365
