0.63477
0.63208
0.63577
0.55133
0.51388
0.47633
0.43515
0.4256
0.42493
0.54293
0.64809
0.71298
0.73514
0.72787
0.69229
0.64869
0.64014
0.62277
0.61508
0.60875
0.60858
0.58489
0.57643
0.46754
0.40162
0.42673
0.64434
0.70923
0.67374
0.66635
0.68077
0.69569
0.67343
0.64862
0.81973
0.80447
0.81635
0.81597
0.8077
0.80156
0.747
0.66806
0.6484
0.68394
0.71741
0.72525
0.70431
0.69422
0.68269
0.6864
0.68333
0.67618
0.5856
0.67085
0.7102
0.55637
0.50093
0.57181
0.69642
0.72614
0.67453
0.66796
0.49447
0.49559
0.46708
0.53678
0.57085
0.56863
0.65825
0.67039
0.66431
0.79061
0.63252
0.70868
0.74494
0.81095
0.81597
0.82135
0.8205
0.73158
0.79379
0.76954
0.71389
0.701
0.65527
0.69544
0.72153
0.71405
0.70301
0.69741
0.69538
0.68343
0.67649
0.68648
0.67735
0.65047
0.64944
0.64779
0.64362
0.64573
0.63488
0.6121
0.61215
0.61673
0.59378
0.56072
0.44198
0.38989
0.40245
0.53969
0.57798
0.57116
0.64467
0.76522
0.76385
0.74096
0.69717
0.67355
0.59748
0.56895
0.63845
0.63757
0.61955
0.65243
0.65356
0.63608
0.63718
0.64352
0.66638
0.69828
0.67395
0.66236
0.64703
0.63446
0.62778
0.66294
0.66702
0.59121
0.56745
0.56167
0.52548
0.63792
0.51463
0.50888
0.51441
0.50352
0.51041
0.53045
0.57035
0.61119
0.53688
0.57529
0.61336
0.61213
0.60313
0.6049
0.65094
0.54893
0.50371
0.51881
0.51452
0.51265
0.48542
0.51284
0.55149
0.53139
0.53062
0.53333
0.54065
0.55794
0.561
0.54997
0.54688
0.54964
0.54809
0.53732
0.51881
0.52706
0.53328
0.51043
0.52078
0.52799
0.51347
0.51905
0.52055
0.55959
0.56146
0.59939
0.64498
0.52752
0.51171
0.50227
0.50299
0.49534
0.50685
0.51465
0.52315
0.5384
0.54635
0.5632
0.63376
0.7226
0.75133
0.76649
0.74877
0.71997
0.70392
0.68926
0.65459
0.63459
0.72817
0.76976
0.76687
0.76961
0.76039
0.77368
0.57263
0.56549
0.578
0.78086
0.77952
0.77978
0.77975
0.7762
0.76527
0.76179
0.61132
0.60883
0.69828
0.74752
0.74715
0.752
0.75547
0.75627
0.76178
0.75896
0.7571
0.75046
0.74931
0.75196
0.73611
0.74772
0.75545
0.75989
0.75838
0.71567
0.70106
0.64685
0.68795
0.6855
0.68439
0.68216
0.65794
0.63837
0.63644
0.79541
0.8312
0.84346
0.84247
0.83481
0.74379
0.67522
0.61716
0.63514
0.68573
0.67571
0.59954
0.54931
0.54717
0.54711
0.58285
0.55669
0.58774
0.58749
0.61144
0.66091
0.70007
0.72741
0.73821
0.73646
0.7214
0.68068
0.65401
0.63292
0.60993
0.58481
0.40406
0.28353
0.712
0.76888
0.77036
0.83524
0.73255
0.73827
0.79085
0.66261
0.63
0.6424
0.72999
0.78144
0.7326
0.69675
0.67027
0.68804
0.69441
0.66746
0.6663
0.66932
0.65853
0.61183
0.5972
0.5943
0.62483
0.60791
0.65242
0.67939
0.7946
0.84278
0.80883
0.61225
0.70475
0.67638
0.63905
0.62921
0.75724
0.72313
0.8007
0.7664
0.68751
0.71208
0.65888
0.57105
0.62011
0.60572
0.56266
0.58779
0.66068
0.67299
0.77543
0.75412
0.73368
0.69505
0.68395
0.69316
0.68348
0.68781
0.6841
0.73932
0.76282
0.78024
0.79781
0.77656
0.77234
0.77002
0.74992
0.72795
0.70084
0.70074
0.71256
0.71678
0.70154
0.68082
0.65072
0.64378
0.63047
0.60736
0.53388
0.4833
0.48073
0.48736
0.50805
0.66788
0.79262
0.80715
0.81066
0.80761
0.80485
0.80404
0.80011
0.79646
0.79151
0.79107
0.76567
0.75501
0.74247
0.72372
0.71244
0.70289
0.62715
0.5068
0.75071
0.79347
0.82092
0.81494
0.80401
0.7912
0.75641
0.73705
0.78393
0.6909
0.66812
0.64488
0.62278
0.73284
0.56831
0.80546
0.81273
0.81422
0.81087
0.79864
0.78469
0.77031
0.75671
0.74006
0.72266
0.67636
0.66499
0.63463
0.5906
0.58152
0.57974
0.56405
0.54032
0.52829
0.50356
0.49505
0.57193
0.56573
0.52642
0.5165
0.4247
0.16457
0.12204
0.14223
0.16053
0.17499
0.19615
0.24344
0.35522
0.4374
0.50022
0.51389
0.49644
0.47584
0.42748
0.46644
0.48273
0.51976
0.55471
0.54048
0.50037
0.52385
0.58955
0.51067
0.57222
0.70205
0.72581
0.73636
0.74117
0.73172
0.7358
0.73847
0.74344
0.74855
0.75764
0.76276
0.7697
0.76717
0.77073
0.7738
0.76608
0.77289
0.77952
0.78468
0.76828
0.76471
0.76325
0.74724
0.72528
0.72868
0.71556
0.70396
0.69291
0.68274
0.67345
0.666
0.62742
0.60247
0.58989
0.55412
0.54622
0.54364
0.53698
0.52766
0.52562
0.62054
0.63149
0.65757
0.66557
0.66635
0.63233
0.58223
0.53809
0.49875
0.4555
0.46578
0.46491
0.45838
0.44167
0.42195
0.4007
0.39787
0.39494
0.40558
0.40174
0.39244
0.38647
0.40126
0.72399
0.73954
0.75693
0.7376
0.73226
0.7269
0.73462
0.74391
0.71622
0.69635
0.68524
0.62107
0.61586
0.61436
0.61543
0.62025
0.64681
0.62954
0.5811
0.52131
0.65964
0.68576
0.75762
0.7309
0.79041
0.79629
0.7739
0.68859
0.64544
0.62696
0.74732
0.76442
0.76913
0.78518
0.79849
0.80902
0.81611
0.83829
0.85375
0.8592
0.86688
0.86646
0.85595
0.8309
0.75076
0.69463
0.68033
0.64669
0.67169
0.68905
0.6848
0.68575
0.69007
0.69474
0.68966
0.68021
0.67296
0.71639
0.69641
0.71609
0.73748
0.74512
0.75554
0.7631
0.75016
0.68577
0.68907
0.65755
0.68201
0.61526
0.48024
0.46111
0.45627
0.46664
0.77577
0.81635
0.85545
0.88071
0.90679
0.92526
0.92149
0.92159
0.91839
0.91997
0.91997
0.91655
0.9227
0.90459
0.82555
0.79899
0.75908
0.70751
0.63613
0.61509
0.59729
0.59591
0.62684
0.65995
0.68482
0.7052
0.72613
0.69036
0.74818
0.81769
0.82968
0.8312
0.83973
0.84392
0.84366
0.84323
0.85092
0.83571
0.60942
0.47796
0.42544
0.41421
0.42374
0.42969
0.43717
0.57549
0.62489
0.62181
0.61223
0.58758
0.57465
0.53654
0.53444
0.52982
0.54487
0.53895
0.53478
0.54346
0.5476
0.56338
0.58128
0.60773
0.60671
0.60347
0.62796
0.65239
0.66926
0.67334
0.66323
0.6406
0.63598
0.66032
0.59555
0.58818
0.63736
0.66508
0.66442
0.65618
0.66269
0.68239
0.69495
0.74573
0.75559
0.72836
0.71087
0.6986
0.77868
0.7749
0.77772
0.77454
0.77718
0.76033
0.7634
0.79031
0.78972
0.7655
0.72715
0.72548
0.74193
0.74719
0.71208
0.6498
0.5969
0.57834
0.5508
0.52239
0.50914
0.53203
0.53996
0.55913
0.58585
0.60563
0.6125
0.79016
0.80479
0.8039
0.78954
0.79759
0.77705
0.76921
0.77921
0.78954
0.78713
0.78032
0.75517
0.79264
0.79475
0.81832
0.82337
0.82835
0.8237
0.82214
0.81383
0.79752
0.80032
0.77137
0.75742
0.72325
0.76355
0.80544
0.83283
0.85031
0.85723
0.86002
0.85772
0.85005
0.84722
0.8527
0.86339
0.86971
0.87283
0.87185
0.8591
0.73314
0.60923
0.52031
0.51756
0.55648
0.55772
0.53473
0.53138
0.60301
0.64339
0.61571
0.5687
0.52956
0.55546
0.60697
0.65424
0.71361
0.66881
0.6394
0.59727
0.61457
0.64685
0.69764
0.71563
0.85747
0.87205
0.87535
0.8801
0.88418
0.87623
0.86961
0.85097
0.85831
0.85613
0.86071
0.87007
0.85201
0.84408
0.81109
0.78016
0.75138
0.75377
0.75587
0.76005
0.736
0.72901
0.75044
0.74372
0.79941
0.76296
0.78472
0.72862
0.69305
0.66226
0.61803
0.61722
0.60711
0.56615
0.55911
0.58817
0.60199
0.53349
0.47359
0.51132
0.63775
0.6306
0.63484
0.63307
0.57201
0.58233
0.6201
0.61921
0.61735
0.59941
0.58609
0.58529
0.54558
0.52534
0.49052
0.46578
0.44684
0.44018
0.47433
0.52334
0.6342
0.83258
0.83122
0.82935
0.82842
0.82256
0.82871
0.8168
0.81745
0.8219
0.8107
0.8035
0.81
0.80511
0.80854
0.75439
0.77944
0.79144
0.78142
0.76506
0.75419
0.74144
0.701
0.67545
0.68616
0.77228
0.75599
0.70147
0.6487
0.64033
0.65406
0.66471
0.75129
0.80568
0.79446
0.79189
0.77527
0.77873
0.78708
0.79627
0.79834
0.79702
0.79884
0.79598
0.79901
0.80179
0.8126
0.83252
0.83337
0.82966
0.82384
0.80605
0.79859
0.7786
0.75844
0.67105
0.64551
0.73945
0.7701
0.76525
0.77313
0.76545
0.77294
0.73241
0.71059
0.73302
0.75826
0.73772
0.7318
0.705
0.70396
0.68017
0.6367
0.66381
0.67159
0.65037
0.63241
0.58925
0.54346
0.56934
0.62162
0.77301
0.76187
0.71683
0.68675
0.66346
0.63321
0.60334
0.56552
0.51578
0.60857
0.81158
0.84299
0.87299
0.84847
0.84321
0.85275
0.8336
0.81159
0.78795
0.7818
0.76785
0.74344
0.69152
0.62179
0.61759
0.64323
0.68457
0.7548
0.75848
0.77435
0.79724
0.8203
0.82885
0.83449
0.84005
0.83838
0.84008
0.84607
0.86071
0.86713
0.86354
0.85913
0.85604
0.85384
0.85609
0.86594
0.87254
0.86309
0.86713
0.7659
0.71506
0.63841
0.60564
0.73569
0.85943
0.88381
0.88082
0.86195
0.85136
0.84362
0.78808
0.86802
0.87487
0.8824
0.88061
0.85982
0.82518
0.80891
0.79391
0.76857
0.74095
0.71242
0.72923
0.76258
0.72384
0.67564
0.68968
0.70634
0.74885
0.76234
0.74282
0.66855
0.73592
0.72701
0.71964
0.83326
0.741
0.63208
0.57623
0.50612
0.61183
0.62281
0.68751
0.7325
0.67759
0.6461
0.80774
0.79095
0.79258
0.79118
0.80638
0.76858
0.84306
0.85127
0.85722
0.8488
0.84525
0.84455
0.85253
0.83801
0.80858
0.81072
0.81754
0.82736
0.7874
0.75145
0.74081
0.72549
0.73165
0.80064
0.8591
0.83908
0.84367
0.8578
0.82638
0.86768
0.84761
0.82299
0.83595
0.83299
0.84573
0.84217
0.83538
0.81154
0.78051
0.81328
0.8407
0.82504
0.81677
0.809
0.80044
0.78226
0.72828
0.78025
0.802
0.81441
0.80056
0.79222
0.7808
0.81328
0.81249
0.81771
0.84194
0.83999
0.81185
0.77678
0.62616
0.55678
0.67017
0.85912
0.85702
0.84808
0.84438
0.83001
0.83063
0.79497
0.78513
0.80318
0.81698
0.82076
0.81941
0.78705
0.77695
0.69705
0.65979
0.62889
0.68061
0.83527
0.84052
0.83042
0.80784
0.85809
0.83629
0.77939
0.79922
0.85236
0.7868
0.81163
0.82629
0.85587
0.84188
0.74839
0.87392
0.8785
0.86584
0.84928
0.83855
0.8492
0.84091
0.76004
0.7746
0.753
0.77616
0.8208
0.80478
0.84395
0.83384
0.6572
0.58452
0.53896
0.52173
0.54091
0.5879
0.59427
0.56766
0.57029
0.59689
0.54918
0.57288
0.65196
0.71238
0.59846
0.65055
0.7675
0.89158
0.88267
0.8693
0.86244
0.85865
0.84779
0.78848
0.74279
0.74205
0.77305
0.82146
0.83791
0.81315
0.82959
0.75471
0.79672
0.79652
0.7837
0.77644
0.79946
0.78441
0.74023
0.71892
0.67504
0.67743
0.6614
0.6951
0.76231
0.80055
0.74778
0.77446
0.86194
0.87111
0.8672
0.84496
0.80539
0.7641
0.72994
0.71654
0.65598
0.65518
0.61165
0.58547
0.59889
0.70464
0.73067
0.70338
0.72296
0.71568
0.70946
0.71125
0.73346
0.71548
0.70657
0.7113
0.67206
0.69298
0.67796
0.62278
0.61803
0.60942
0.64875
0.68603
0.71011
0.72908
0.73394
0.74145
0.77066
0.75153
0.72569
0.73306
0.74862
0.75318
0.72812
0.70066
0.69347
0.68721
0.71168
0.73341
0.74857
0.75851
0.77498
0.79396
0.81863
0.78675
0.7693
0.76019
0.91556
0.82691
0.89321
0.83162
0.83296
0.86952
0.90203
0.74247
0.78903
0.78153
0.91685
0.91823
0.91826
0.92157
0.91062
0.85715
0.8186
0.7754
0.92441
0.92707
0.91364
0.91579
0.9109
0.894
0.83945
0.79319
0.91289
0.91506
0.91767
0.91928
0.90721
0.85373
0.80194
0.75294
0.67338
0.76626
0.77329
0.75255
0.73825
0.75106
0.73646
0.74592
0.73664
0.73822
0.73101
0.71073
0.72396
0.7038
0.67938
0.71099
0.71725
0.60967
0.60987
0.57281
0.61916
0.6738
0.66839
0.6548
0.68604
0.69583
0.60103
0.40198
0.48403
0.58674
0.61423
0.69199
0.7783
0.85554
0.84452
0.75925
0.56142
0.56725
0.61677
0.63718
0.65328
0.63448
0.61617
0.65553
0.6967
0.73888
0.744
0.78257
0.81608
0.83692
0.85118
0.81567
0.78814
0.80735
0.83886
0.84416
0.82408
0.86337
0.90284
0.89219
0.9367
0.91939
0.8604
0.74575
0.79061
0.75188
0.86364
0.8799
0.95405
0.91502
0.94683
0.94151
0.92097
0.95289
0.94461
0.94616
0.92021
0.89182
0.7987
0.77458
0.71485
0.70181
0.7009
0.76305
0.8087
0.86837
0.70671
0.68487
0.85854
0.92511
0.93077
0.92046
0.92071
0.8806
0.89763
0.86003
0.87996
0.92969
0.92055
0.91215
0.80625
0.75379
0.68859
0.72776
0.79248
0.77939
0.78915
0.77523
0.80856
0.81178
0.80037
0.79251
0.81061
0.92229
0.91504
0.85699
0.83417
0.77396
0.77863
0.81962
0.75513
0.92684
0.83271
0.78731
0.76467
0.7596
0.75212
0.74571
0.73864
0.73524
0.73761
0.74227
0.73242
0.73533
0.75509
0.75094
0.73112
0.70318
0.68779
0.78463
0.79176
0.84685
0.86435
0.8231
0.79078
0.7227
0.84032
0.76933
0.77083
0.77035
0.79126
0.73175
0.72491
0.80731
0.7907
0.60198
0.55495
0.55981
0.59058
0.62111
0.62333
0.6267
0.68371
0.71586
0.74499
0.81707
0.81111
0.94622
0.94841
0.94485
0.93638
0.9394
0.92599
0.91992
0.91829
0.89027
0.90174
0.82957
0.79312
0.77522
0.76803
0.70428
0.65611
0.65924
0.64306
0.71787
0.67889
0.62674
0.655
0.6667
0.61388
0.68833
0.71245
0.64288
0.68532
0.74846
0.71034
0.69842
0.7208
0.72255
0.72494
0.71154
0.72181
0.71437
0.69489
0.69002
0.67068
0.67093
0.66887
0.65497
0.65198
0.64467
0.62746
0.63036
0.63293
0.65819
0.6664
0.66791
0.67361
0.66753
0.68178
0.68529
0.72464
0.76339
0.76719
0.75642
0.73897
0.78501
0.80586
0.77894
0.71346
0.73124
0.75506
0.79293
0.76414
0.74127
0.73588
0.74675
0.72349
0.77148
0.758
0.7602
0.77124
0.76594
0.72829
0.67147
0.68298
0.69096
0.6704
0.63118
0.61979
0.69842
0.91044
0.76758
0.72158
0.68677
0.72661
0.77778
0.82104
0.94329
0.93108
0.81847
0.94999
0.92296
0.947
0.97713
0.97797
0.95845
0.92413
0.83002
0.85134
0.88538
0.92295
0.92352
0.9617
0.97715
0.94067
0.93055
0.90944
0.88992
0.9325
0.93735
0.90889
0.89496
0.80283
0.80523
0.82101
0.79957
0.78159
0.81324
0.77084
0.76955
0.77947
0.72213
0.75732
0.78824
0.80105
0.77598
0.76901
0.80789
0.76094
0.70421
0.77251
0.76808
0.75705
0.72224
0.68082
0.68722
0.69604
0.71923
0.75429
0.78835
0.81088
0.80163
0.80097
0.83494
0.84107
0.8822
0.91792
0.8289
0.81539
0.80737
0.82099
0.82032
0.74255
0.6725
0.71187
0.76008
0.74938
0.76335
0.7224
0.7129
0.7139
0.70969
0.69733
0.70595
0.76093
0.79775
0.78548
0.79541
0.80539
0.80005
0.7571
0.76489
0.7878
0.81391
0.88168
0.87548
0.85867
0.8221
0.801
0.76871
0.77378
0.76792
0.75624
0.64285
0.62718
0.71878
0.75791
0.72704
0.79907
0.86229
0.79466
0.7401
0.70122
0.70367
0.70434
0.71146
0.77033
0.79403
0.75397
0.71067
0.73073
0.74903
0.8116
0.80884
0.81875
0.86134
0.85191
0.78479
0.79012
0.80004
0.80298
0.78506
0.78774
0.91721
0.94472
0.9558
0.94093
0.83288
0.95488
0.97344
0.93159
0.82076
0.96543
0.97545
0.98435
0.97804
0.97346
0.97591
0.97351
0.97268
0.97105
0.96504
0.90621
0.91068
0.91395
0.90915
0.89786
0.95802
0.95439
0.95357
0.95321
0.94725
0.87952
0.83165
0.95457
0.94338
0.94263
0.94531
0.93965
0.93898
0.92978
0.91791
0.93952
0.93593
0.9378
0.93409
0.92693
0.89938
0.93663
0.95939
0.97844
0.98018
0.98093
0.98278
0.98528
0.99001
0.98483
0.97993
0.96498
0.98327
0.97794
0.97149
0.9612
0.95992
0.94664
0.96337
0.96991
0.96537
0.96259
0.96341
0.92365
0.88682
0.88255
0.88924
0.9102
0.93366
0.92518
0.93571
0.92595
0.88366
0.78555
0.77881
0.82421
0.89257
0.90634
0.94626
0.93719
0.86791
0.96115
0.9625
0.959
0.95278
0.94235
0.91829
0.84894
0.68663
0.64986
0.63671
0.62512
0.62541
0.62696
0.62934
0.62981
0.6343
0.66834
0.67921
0.63836
0.67002
0.70692
0.74797
0.74099
0.73486
0.72064
0.69108
0.64276
0.57237
0.56323
0.60801
0.62083
0.63174
0.64431
0.64315
0.6589
0.68547
0.70613
0.7102
0.7247
0.72059
0.72859
0.72269
0.7237
0.7221
0.71301
0.71223
0.71009
0.68039
0.69754
0.70006
0.61899
0.57854
0.55024
0.50817
0.45542
0.48247
0.72077
0.93147
0.93268
0.9055
0.88221
0.83191
0.84546
0.80616
0.79206
0.75509
0.73332
0.73856
0.74995
0.77937
0.82546
0.91746
0.93715
0.93557
0.92943
0.9265
0.92531
0.91803
0.91029
0.89994
0.88813
0.86354
0.88486
0.88518
0.87362
0.87599
0.8734
0.88645
0.8858
0.89003
0.87295
0.67896
0.63548
0.59796
0.6037
0.89328
0.90369
0.91172
0.90715
0.90727
0.91186
0.90244
0.89202
0.88756
0.86881
0.83724
0.87417
0.87473
0.8714
0.87284
0.84727
0.87788
0.81984
0.80954
0.75376
0.79024
0.8314
0.81303
0.84459
0.83056
0.78276
0.7584
0.71882
0.70573
0.72375
0.67038
0.65322
0.66263
0.67182
0.68205
0.68501
0.68638
0.69964
0.74077
0.72675
0.71844
0.70966
0.68992
0.68021
0.66685
0.68259
0.72335
0.74007
0.74096
0.74409
0.74685
0.75081
0.76744
0.78064
0.80061
0.77856
0.75632
0.714
0.69375
0.6805
0.68105
0.68582
0.6455
0.61414
0.60279
0.64583
0.67002
0.69399
0.75105
0.76566
0.76915
0.77996
0.88627
0.89965
0.90677
0.86573
0.89146
0.89478
0.89498
0.89862
0.90237
0.90095
0.90277
0.89417
0.8924
0.88782
0.76179
0.70966
0.80534
0.87975
0.86545
0.76778
0.71741
0.71772
0.68763
0.69318
0.72475
0.68203
0.67763
0.67247
0.66428
0.6603
0.65223
0.64659
0.6547
0.65845
0.67314
0.67536
0.71745
0.74818
0.79093
0.80234
0.72518
0.71036
0.69705
0.70022
0.6619
0.56765
0.58042
0.56414
0.49497
0.62221
0.64998
0.59624
0.65121
0.70198
0.72378
0.7198
0.69991
0.8752
0.78043
0.78291
0.77109
0.82464
0.81644
0.81898
0.81824
0.81374
0.83718
0.80563
0.83609
0.82758
0.80023
0.74665
0.70319
0.71293
0.8707
0.87304
0.87652
0.88379
0.89609
0.90798
0.93731
0.85483
0.84173
0.83909
0.91428
0.91704
0.9188
0.91477
0.92264
0.92275
0.92484
0.92127
0.92933
0.93667
0.94586
0.95388
0.95443
0.95723
0.95365
0.95105
0.9455
0.92371
0.92037
0.87606
0.74033
0.91168
0.90868
0.90327
0.89058
0.87385
0.85986
0.73595
0.71415
0.68775
0.65154
0.65043
0.70832
0.78962
0.81506
0.79126
0.79751
0.7553
0.73834
0.72962
0.72187
0.6574
0.61477
0.75214
0.80091
0.81746
0.81866
0.82736
0.75828
0.79116
0.81887
0.7659
0.75922
0.87863
0.87086
0.85558
0.8779
0.88591
0.88831
0.8934
0.89667
0.87494
0.87387
0.86495
0.86362
0.86498
0.86429
0.8647
0.85949
0.86029
0.86389
0.84219
0.69696
0.64534
0.64983
0.64877
0.64422
0.677
0.65998
0.65164
0.64373
0.64826
0.6355
0.6917
0.68227
0.66747
0.65105
0.62807
0.64461
0.60057
0.54667
0.52124
0.49973
0.5027
0.68948
0.71221
0.76917
0.80232
0.83908
0.86464
0.83411
0.7685
0.74109
0.73043
0.69702
0.6879
0.65656
0.64481
0.59774
0.61082
0.59434
0.50283
0.59028
0.6339
0.64243
0.61109
0.62517
0.59789
0.60761
0.64418
0.65242
0.6316
0.61039
0.64423
0.62012
0.61629
0.61543
0.63012
0.65389
0.66702
0.69195
0.70286
0.71111
0.70776
0.70393
0.69885
0.70834
0.73061
0.70668
0.68107
0.65861
0.64519
0.6451
0.63863
0.62281
0.63252
0.64883
0.68646
0.7306
0.73811
0.74807
0.85979
0.87552
0.88569
0.88798
0.88943
0.89299
0.89632
0.90247
0.893
0.89014
0.8873
0.88256
0.87684
0.88262
0.88473
0.85966
0.84485
0.81118
0.78734
0.7645
0.7602
0.80128
0.82103
0.8314
0.82322
0.82508
0.80507
0.77329
0.74082
0.7006
0.66448
0.61337
0.58405
0.57583
0.57001
0.57028
0.59369
0.59399
0.59665
0.5853
0.58061
0.57153
0.56883
0.57663
0.5776
0.58255
0.58863
0.59724
0.60491
0.6165
0.62835
0.63349
0.63673
0.61634
0.59321
0.54981
0.47027
0.41527
0.41676
0.52349
0.65394
0.72099
0.74502
0.77013
0.74239
0.70853
0.70913
0.71297
0.76916
0.74722
0.7859
0.81144
0.82632
0.83381
0.84642
0.85292
0.85647
0.85774
0.86083
0.85919
0.85497
0.85311
0.84906
0.84181
0.83672
0.83868
0.8296
0.81562
0.81214
0.77975
0.77901
0.76689
0.76417
0.77106
0.76929
0.76998
0.76897
0.77322
0.77375
0.78751
0.7945
0.79471
0.79691
0.78894
0.7258
0.69013
0.67638
0.64033
0.61261
0.61049
0.59696
0.60528
0.61181
0.56771
0.67422
0.66017
0.65183
0.63721
0.6262
0.59552
0.49144
0.39551
0.6169
0.80836
0.85533
0.88182
0.89834
0.90003
0.90108
0.89567
0.88911
0.88348
0.87693
0.87344
0.87245
0.86644
0.86057
0.82881
0.8102
0.79631
0.79238
0.81379
0.78407
0.72012
0.69146
0.56749
0.49284
0.35967
0.3358
0.44944
0.60007
0.781
0.80679
0.82733
0.8262
0.84959
0.87544
0.8751
0.87567
0.87999
0.88023
0.88624
0.88815
0.89606
0.90514
0.9092
0.91496
0.9214
0.92499
0.93176
0.93332
0.93313
0.9342
0.9341
0.93262
0.92998
0.7285
0.68927
0.70088
0.63916
0.64774
0.64758
0.65315
0.67573
0.70373
0.72823
0.74482
0.75535
0.76548
0.75763
0.73487
0.72197
0.73085
0.76293
0.76996
0.75399
0.86799
0.8727
0.87316
0.87474
0.88351
0.88223
0.88222
0.87686
0.87
0.86083
0.82717
0.78171
0.74623
0.7277
0.71505
0.7044
0.72012
0.69195
0.65667
0.64929
0.7834
0.79886
0.81929
0.82479
0.82718
0.75507
0.71694
0.7004
0.69174
0.69803
0.68968
0.65578
0.64682
0.63081
0.6059
0.59357
0.57371
0.5734
0.58357
0.5893
0.59988
0.61709
0.63847
0.62342
0.60789
0.59248
0.61676
0.64077
0.64302
0.64462
0.63962
0.6284
0.61913
0.61361
0.60035
0.59221
0.57621
0.53703
0.55505
0.55536
0.55531
0.56218
0.54788
0.54655
0.56075
0.5585
0.55614
0.52466
0.50731
0.52256
0.53401
0.53209
0.54589
0.77005
0.80654
0.8213
0.82201
0.81732
0.80315
0.76388
0.69784
0.67173
0.68847
0.68737
0.66912
0.66016
0.71828
0.69754
0.74557
0.75266
0.7104
0.75784
0.75858
0.78593
0.81191
0.81851
0.82135
0.81517
0.80839
0.78501
0.69678
0.68478
0.70371
0.69616
0.72816
0.7006
0.70315
0.69476
0.68291
0.66942
0.65415
0.63838
0.65087
0.66735
0.69572
0.71093
0.69173
0.69551
0.69695
0.69743
0.6897
0.6854
0.6781
0.6829
0.6761
0.66112
0.67389
0.66509
0.64393
0.61762
0.63411
0.6798
0.75412
0.72204
0.73057
0.75961
0.6787
0.64269
0.59781
0.56628
0.51056
0.49468
0.50289
0.49611
0.58886
0.70213
0.6937
0.70054
0.68892
0.66333
0.62701
0.61042
0.59195
0.56357
0.53775
0.55047
0.52611
0.53346
0.54471
0.58865
0.59295
0.58382
0.57539
0.58943
0.59072
0.63849
0.66595
0.69577
0.71639
0.72117
0.71686
0.73146
0.738
0.7501
0.75384
0.75052
0.73574
0.75566
0.7575
0.75527
0.75713
0.75345
0.74653
0.72389
0.70044
0.6794
0.68192
0.69328
0.70573
0.73604
0.72267
0.72724
0.7211
0.70603
0.7012
0.69248
0.67632
0.66339
0.69045
0.66708
0.65513
0.63856
0.64544
0.64196
0.64329
0.64022
0.64896
0.63788
0.65502
0.64153
0.70645
0.73559
0.64629
0.62699
0.62528
0.52558
0.55759
0.7372
0.7754
0.79921
0.79558
0.78873
0.79594
0.79177
0.77472
0.76044
0.74617
0.74162
0.73621
0.73551
0.71787
0.7117
0.7051
0.67409
0.66722
0.66984
0.6766
0.69965
0.73323
0.74256
0.73287
0.74944
0.74395
0.68459
0.66229
0.63464
0.62183
0.63992
0.73501
0.79233
0.80296
0.79713
0.77867
0.74223
0.72293
0.66941
0.59795
0.53294
0.41807
0.78
0.82568
0.85532
0.86216
0.86972
0.87013
0.86318
0.85046
0.84172
0.823
0.80212
0.7548
0.7489
0.74628
0.74049
0.72053
0.70252
0.602
0.58603
0.53155
0.45123
0.48621
0.57197
0.71774
0.67321
0.71012
0.73811
0.7585
0.76661
0.78345
0.7758
0.71236
0.66653
0.68209
0.60841
0.56999
0.61912
0.69872
0.78475
0.80742
0.82934
0.86054
0.87995
0.88873
0.89656
0.89555
0.85557
0.8387
0.83577
0.85204
0.8587
0.85713
0.85675
0.85125
0.84808
0.83344
0.83117
0.83077
0.83164
0.82334
0.78569
0.78391
0.77907
0.77823
0.78078
0.78148
0.78044
0.77928
0.776
0.7734
0.76482
0.73096
0.66336
0.6375
0.60597
0.56948
0.56202
0.62907
0.74041
0.77552
0.81634
0.82396
0.82805
0.83259
0.83219
0.8279
0.78714
0.76938
0.74768
0.69619
0.63419
0.61028
0.59901
0.57086
0.58729
0.67384
0.70667
0.71314
0.73498
0.73678
0.73934
0.73916
0.73462
0.73188
0.73493
0.73311
0.72775
0.71738
0.69823
0.6463
0.60302
0.57838
0.57418
0.56917
0.55799
0.55483
0.54469
0.52875
0.67461
0.69085
0.69921
0.70936
0.71758
0.71772
0.6982
0.63625
0.59799
0.55092
0.5267
0.51127
0.45806
0.40985
0.38141
0.40036
0.40788
0.41425
0.43912
0.70224
0.68645
0.72093
0.69968
0.63981
0.57488
0.62461
0.69939
0.68422
0.72662
0.73145
0.74766
0.75947
0.76456
0.76709
0.77367
0.78465
0.78506
0.78815
0.78554
0.77891
0.75782
0.75624
0.74739
0.77211
0.75926
0.76679
0.76266
0.7499
0.74024
0.74031
0.66231
0.64855
0.64429
0.64396
0.63954
0.61481
0.55466
0.52774
0.59679
0.66096
0.66409
0.62333
0.61428
0.65012
0.61898
0.57153
0.52371
0.51164
0.58824
0.51236
0.52244
0.49411
0.48819
0.48882
0.51683
0.51997
0.61344
0.51138
0.51621
0.53762
0.59278
0.5879
0.59114
0.65898
0.67655
0.65197
0.64415
0.63883
0.59657
0.69301
0.70696
0.75266
0.7557
0.76193
0.76012
0.74537
0.7141
0.64385
0.62177
0.60993
0.59362
0.54559
0.53218
0.53371
0.53492
0.52811
0.53757
0.54842
0.55987
0.54671
0.58154
0.58982
0.58756
0.57338
0.53891
0.59811
0.5896
0.59138
0.62172
0.6271
0.61716
0.60305
0.58753
0.54174
0.51627
0.5928
0.50323
0.48737
0.49091
0.48512
0.50465
0.50544
0.51253
0.54443
0.60234
0.554
0.55971
0.55562
0.55795
0.57681
0.58297
0.60059
0.60491
0.58354
0.52576
0.50379
0.50428
0.52264
0.55095
0.51224
0.49986
0.49407
0.49125
0.49018
0.4855
0.49274
0.52073
0.56762
0.62711
0.63632
0.6355
0.60755
0.59301
0.56759
0.50694
0.50307
0.49405
0.50211
0.5503
0.55544
0.58506
0.584
0.53549
0.57938
0.63359
0.6123
0.68218
0.73032
0.74207
0.75119
0.66107
0.64113
0.6264
0.61982
0.62697
0.63088
0.61208
0.59779
0.58966
0.59459
0.60297
0.5979
0.58853
0.56112
0.52662
0.51301
0.52552
0.53897
0.5607
0.57208
0.57515
0.57827
0.58351
0.57844
0.56558
0.55699
0.6272
0.63202
0.63235
0.6021
0.59687
0.57079
0.55108
0.53002
0.53422
0.56074
0.65595
0.70922
0.69284
0.74983
