0.55049
0.50837
0.53189
0.52874
0.55373
0.55065
0.53299
0.5248
0.51369
0.47701
0.4965
0.59979
0.58005
0.57612
0.56385
0.53324
0.54878
0.50608
0.51568
0.52217
0.49318
0.46891
0.46636
0.46982
0.4711
0.46833
0.45457
0.38301
0.35791
0.38609
0.54237
0.6557
0.70229
0.71575
0.75569
0.74712
0.74055
0.74279
0.75292
0.75872
0.74764
0.73469
0.67747
0.5572
0.52119
0.7344
0.785
0.81861
0.82331
0.8241
0.8241
0.82125
0.81726
0.80474
0.77818
0.7547
0.75976
0.75206
0.74828
0.74362
0.74021
0.74294
0.74838
0.76017
0.75972
0.7013
0.6532
0.6628
0.80742
0.83719
0.85632
0.8784
0.88139
0.86079
0.82287
0.81057
0.79971
0.79125
0.79714
0.79894
0.78973
0.78666
0.77885
0.77206
0.76731
0.76528
0.76262
0.75927
0.75856
0.74353
0.6238
0.58219
0.5086
0.46239
0.47158
0.65419
0.76882
0.72454
0.73234
0.74279
0.75634
0.74395
0.74967
0.7729
0.77905
0.78034
0.78173
0.78211
0.78023
0.7842
0.78136
0.77845
0.77861
0.77982
0.7756
0.77833
0.7741
0.76865
0.76473
0.75904
0.74842
0.72904
0.7175
0.71144
0.70361
0.69772
0.68585
0.65499
0.62071
0.60606
0.59626
0.58152
0.5572
0.56033
0.5387
0.52624
0.53111
0.53292
0.53875
0.56235
0.56861
0.60868
0.62065
0.62377
0.63072
0.62868
0.60009
0.58404
0.54791
0.5298
0.4664
0.38539
0.35527
0.66475
0.68475
0.69253
0.73701
0.77839
0.79689
0.80132
0.80273
0.80481
0.80804
0.80207
0.80204
0.80442
0.80531
0.80061
0.79675
0.79519
0.78611
0.76187
0.73641
0.63804
0.72342
0.71365
0.71756
0.69632
0.6782
0.66342
0.65579
0.64644
0.63964
0.65226
0.64053
0.64012
0.63667
0.63145
0.62666
0.62071
0.6287
0.59491
0.58983
0.56213
0.38785
0.46294
0.49917
0.48706
0.45284
0.51646
0.6547
0.67194
0.67112
0.66329
0.66422
0.65999
0.66178
0.66196
0.64316
0.65483
0.66995
0.65844
0.70294
0.72452
0.728
0.73655
0.73777
0.74994
0.75063
0.7471
0.7441
0.76111
0.72689
0.72978
0.73239
0.7393
0.7439
0.7434
0.74679
0.76731
0.76451
0.75324
0.74686
0.71692
0.71872
0.70458
0.7204
0.74061
0.739
0.75018
0.77229
0.69598
0.64622
0.57406
0.56581
0.6753
0.6889
0.7259
0.74043
0.7343
0.74261
0.75356
0.72479
0.70142
0.70711
0.66706
0.70398
0.71798
0.74756
0.74967
0.76865
0.76931
0.76689
0.76408
0.76164
0.76263
0.76356
0.76359
0.76494
0.76233
0.76163
0.75885
0.68255
0.60566
0.55957
0.5154
0.49363
0.45864
0.53725
0.69024
0.73363
0.70664
0.69766
0.73664
0.75758
0.76418
0.65017
0.6214
0.6092
0.5838
0.59224
0.61071
0.63454
0.63061
0.60661
0.61391
0.61868
0.60275
0.59477
0.57986
0.57682
0.58711
0.59345
0.61911
0.62743
0.65982
0.66254
0.56569
0.57143
0.57352
0.57228
0.58298
0.66312
0.59908
0.65363
0.69638
0.71912
0.72586
0.72054
0.71078
0.68568
0.6578
0.63414
0.60808
0.58138
0.59712
0.7015
0.72311
0.74837
0.78109
0.7936
0.7987
0.79774
0.76983
0.77063
0.78391
0.78158
0.77368
0.76895
0.76161
0.72819
0.63178
0.61321
0.55075
0.39879
0.56729
0.71958
0.74773
0.78684
0.75053
0.6522
0.5951
0.58086
0.58049
0.60785
0.62293
0.74373
0.78547
0.78396
0.76665
0.73994
0.73316
0.71683
0.71503
0.70655
0.70272
0.70039
0.70393
0.69634
0.69119
0.68842
0.68595
0.68099
0.67985
0.68002
0.67776
0.64299
0.56353
0.56901
0.57195
0.59811
0.62396
0.61738
0.61938
0.59455
0.57747
0.57512
0.52961
0.68635
0.62844
0.65972
0.73136
0.73459
0.71815
0.70611
0.6967
0.68703
0.65573
0.62594
0.67262
0.66383
0.68628
0.69815
0.69997
0.70407
0.69819
0.68794
0.65978
0.6531
0.65039
0.63699
0.67059
0.69243
0.72099
0.72439
0.72706
0.71832
0.71917
0.72465
0.63253
0.63617
0.62383
0.58803
0.58155
0.56334
0.47712
0.46014
0.41527
0.43478
0.46322
0.47941
0.50878
0.54272
0.55774
0.60972
0.61666
0.61479
0.62313
0.61942
0.59592
0.58267
0.52623
0.57777
0.59302
0.47664
0.479
0.49275
0.50261
0.5369
0.55006
0.56252
0.57117
0.55432
0.5571
0.56633
0.57474
0.5635
0.56577
0.57119
0.57702
0.55949
0.52752
0.51265
0.48894
0.4618
0.42761
0.38451
0.37363
0.41216
0.47905
0.80933
0.82757
0.82474
0.7951
0.79317
0.80186
0.80145
0.81555
0.82002
0.82783
0.83018
0.83766
0.83963
0.84004
0.83782
0.83935
0.83665
0.83854
0.83715
0.83569
0.83823
0.83715
0.83788
0.83478
0.8243
0.80722
0.78829
0.74831
0.76559
0.76115
0.7633
0.77965
0.74064
0.74167
0.71789
0.69133
0.70107
0.72157
0.7517
0.76351
0.76005
0.73784
0.74305
0.7409
0.7055
0.67448
0.66851
0.64641
0.63271
0.61459
0.59546
0.58063
0.54346
0.5082
0.47913
0.45923
0.42551
0.43326
0.48258
0.73434
0.74669
0.75872
0.77158
0.77877
0.77593
0.7748
0.77092
0.76401
0.7597
0.75018
0.73015
0.73618
0.7376
0.72845
0.73782
0.73986
0.74366
0.6846
0.61524
0.62082
0.70478
0.67922
0.74662
0.68975
0.64332
0.64429
0.63575
0.63304
0.62596
0.62686
0.56074
0.51564
0.48486
0.61449
0.64782
0.64678
0.69655
0.69884
0.67675
0.72311
0.72023
0.70725
0.64241
0.55831
0.71061
0.75466
0.74346
0.69389
0.68581
0.72914
0.74501
0.75015
0.73815
0.71305
0.6673
0.64305
0.6005
0.56482
0.5311
0.49693
0.49165
0.4978
0.48405
0.4505
0.46907
0.43373
0.42461
0.436
0.45608
0.45796
0.48151
0.53105
0.47141
0.44118
0.39749
0.35913
0.34129
0.34472
0.27988
0.21379
0.19005
0.21375
0.31284
0.4442
0.51274
0.50905
0.51757
0.51765
0.53329
0.52583
0.51791
0.56371
0.54534
0.53928
0.4771
0.40009
0.40946
0.51684
0.55994
0.54057
0.53283
0.52259
0.53335
0.70028
0.74964
0.74876
0.62152
0.5602
0.55588
0.54426
0.51286
0.49903
0.51492
0.56681
0.52755
0.51634
0.49989
0.49766
0.49794
0.51781
0.54436
0.56296
0.57514
0.58224
0.65286
0.67855
0.71636
0.66296
0.65786
0.65714
0.66815
0.64049
0.63874
0.66447
0.67469
0.6774
0.67036
0.60564
0.58462
0.56735
0.57026
0.58052
0.60407
0.58762
0.59019
0.58353
0.58136
0.57165
0.5716
0.58778
0.59461
0.59433
0.58987
0.56582
0.54186
0.53548
0.54149
0.56117
0.57637
0.5757
0.58729
0.63272
0.67381
0.65204
0.70857
0.72047
0.73196
0.61637
0.56024
0.53591
0.6399
0.68726
0.72948
0.76455
0.69184
0.62882
0.6893
0.66092
0.6541
0.65404
0.64153
0.635
0.63184
0.60702
0.6001
0.60321
0.59981
0.58887
0.60498
0.74754
0.726
0.70135
0.65422
0.66005
0.63811
0.61163
0.58803
0.56311
0.65058
0.56336
0.57447
0.6015
0.6119
0.61876
0.62944
0.59874
0.73284
0.80359
0.79328
0.78415
0.79986
0.76456
0.75863
0.75202
0.73916
0.62556
0.42913
0.39073
0.67286
0.82886
0.86209
0.86376
0.85926
0.85105
0.84506
0.84686
0.85178
0.8373
0.82725
0.80033
0.76914
0.74279
0.74705
0.74202
0.75798
0.77493
0.74102
0.70225
0.6772
0.6445
0.61787
0.6387
0.64371
0.5902
0.53406
0.57791
0.72288
0.69138
0.65027
0.62388
0.61042
0.61152
0.60411
0.62046
0.69363
0.59357
0.64557
0.64997
0.69415
0.73316
0.73088
0.70951
0.69481
0.68526
0.65084
0.64543
0.62703
0.61305
0.5805
0.54264
0.52606
0.5259
0.54066
0.54861
0.56046
0.56255
0.53452
0.54698
0.67791
0.65882
0.65462
0.65118
0.7241
0.73259
0.67957
0.65573
0.69824
0.62391
0.61227
0.58093
0.54169
0.52199
0.51794
0.52823
0.64667
0.68862
0.69953
0.60806
0.48226
0.50158
0.7244
0.79278
0.85709
0.87612
0.88283
0.89306
0.8964
0.89434
0.82423
0.80765
0.86695
0.83219
0.77311
0.7547
0.71784
0.67471
0.81415
0.84408
0.82544
0.87798
0.84197
0.78831
0.86918
0.8814
0.79333
0.83654
0.86089
0.88436
0.8772
0.80563
0.808
0.79629
0.77283
0.81254
0.80576
0.81431
0.79708
0.79593
0.77921
0.77261
0.78064
0.77732
0.77829
0.77314
0.77389
0.77672
0.82848
0.85253
0.85676
0.86191
0.87154
0.87764
0.88797
0.90301
0.91771
0.92971
0.91512
0.90605
0.83718
0.74264
0.65898
0.71713
0.68501
0.67549
0.69541
0.70864
0.74798
0.81217
0.87446
0.88649
0.89978
0.89293
0.89361
0.87003
0.86118
0.85514
0.85938
0.84403
0.87527
0.88054
0.87494
0.86716
0.86269
0.85515
0.85091
0.82358
0.81136
0.77615
0.80197
0.79402
0.79351
0.77327
0.76684
0.68127
0.65666
0.61723
0.5818
0.55109
0.54535
0.50918
0.43087
0.40496
0.37617
0.37263
0.32059
0.26358
0.26123
0.33511
0.36809
0.35746
0.38827
0.38335
0.4006
0.47065
0.67469
0.79102
0.70286
0.83072
0.86479
0.87661
0.88237
0.8717
0.85057
0.82662
0.84171
0.85453
0.86522
0.87329
0.88079
0.87129
0.85237
0.83252
0.81806
0.76398
0.67213
0.82332
0.67646
0.6321
0.67138
0.76725
0.80167
0.82452
0.83314
0.84238
0.84319
0.84494
0.85017
0.84089
0.83544
0.82501
0.78686
0.78966
0.81643
0.79155
0.72815
0.67693
0.68395
0.66175
0.65219
0.62604
0.61812
0.6058
0.58459
0.56663
0.59435
0.623
0.65017
0.65863
0.62376
0.59416
0.58923
0.58841
0.58085
0.58855
0.552
0.54215
0.54389
0.53729
0.53735
0.5485
0.58537
0.61333
0.61222
0.61622
0.63618
0.69644
0.77852
0.7992
0.83234
0.8076
0.71454
0.7472
0.72575
0.87826
0.9037
0.90827
0.90316
0.88739
0.79277
0.80075
0.77154
0.71656
0.79558
0.84541
0.84302
0.84551
0.8183
0.76976
0.66823
0.80226
0.79338
0.79736
0.81072
0.83255
0.79748
0.78705
0.81333
0.8189
0.76873
0.72351
0.69092
0.68114
0.6378
0.61635
0.58111
0.5313
0.49664
0.53094
0.65115
0.6737
0.67202
0.65475
0.67787
0.68573
0.72555
0.75474
0.7238
0.71555
0.68159
0.64443
0.65628
0.73207
0.87699
0.88166
0.86792
0.75334
0.74386
0.77537
0.76834
0.83091
0.77725
0.82593
0.83165
0.82032
0.82615
0.83342
0.82758
0.82473
0.81493
0.81015
0.81737
0.80363
0.76814
0.73079
0.73944
0.64907
0.61911
0.62185
0.56848
0.54331
0.5309
0.52515
0.55621
0.79147
0.84457
0.85295
0.85003
0.82172
0.8119
0.7821
0.81868
0.84257
0.81467
0.81525
0.82131
0.83337
0.77928
0.76988
0.7966
0.8094
0.76799
0.69561
0.65781
0.56421
0.55172
0.51966
0.5048
0.49152
0.45301
0.49102
0.73997
0.79231
0.81548
0.71418
0.6644
0.91151
0.9136
0.89496
0.8977
0.89316
0.89184
0.89315
0.90291
0.90461
0.90475
0.90827
0.90821
0.7719
0.72879
0.6773
0.6196
0.68199
0.77735
0.76055
0.74743
0.7405
0.70446
0.68289
0.69314
0.75707
0.86972
0.82787
0.89293
0.81271
0.75124
0.72623
0.74134
0.71205
0.67432
0.67718
0.68626
0.6774
0.6696
0.6464
0.6428
0.676
0.70376
0.72322
0.75797
0.76988
0.77331
0.75721
0.72542
0.66045
0.64035
0.6176
0.63744
0.6742
0.71059
0.77706
0.81087
0.79014
0.79252
0.79201
0.77309
0.76623
0.7375
0.70449
0.72138
0.73453
0.81683
0.83478
0.8775
0.89826
0.87766
0.65913
0.71993
0.72567
0.73002
0.74619
0.68376
0.62441
0.58195
0.56903
0.54258
0.52525
0.48912
0.43076
0.39365
0.38253
0.41055
0.43618
0.48285
0.54215
0.54797
0.5197
0.58127
0.52482
0.54922
0.53616
0.58603
0.61666
0.52228
0.4493
0.43445
0.52281
0.60444
0.64736
0.65573
0.65735
0.68539
0.67858
0.62418
0.62331
0.70653
0.75849
0.77456
0.79225
0.82991
0.80034
0.75766
0.77261
0.79855
0.69694
0.69956
0.68967
0.81238
0.86843
0.90161
0.91684
0.86945
0.8977
0.70579
0.52073
0.69961
0.71176
0.71986
0.69074
0.68963
0.74188
0.75402
0.75329
0.79406
0.86128
0.84606
0.90339
0.89781
0.90767
0.8843
0.92178
0.91671
0.91428
0.91195
0.91123
0.90407
0.87944
0.90991
0.9085
0.88646
0.85532
0.76819
0.69656
0.65612
0.62925
0.61379
0.6038
0.65033
0.70363
0.69664
0.7501
0.77195
0.90065
0.91882
0.83946
0.90375
0.90243
0.84314
0.7454
0.66775
0.67828
0.88821
0.67378
0.74531
0.76632
0.76311
0.76748
0.79068
0.79039
0.74662
0.75093
0.75319
0.76491
0.76352
0.7846
0.7938
0.83212
0.78463
0.80046
0.91012
0.85169
0.75376
0.77717
0.82852
0.90082
0.84118
0.79272
0.82724
0.82982
0.88204
0.89141
0.75022
0.70579
0.73259
0.70322
0.70768
0.86835
0.83823
0.82484
0.7248
0.75317
0.73929
0.66483
0.68693
0.73138
0.76596
0.78752
0.84511
0.8529
0.83163
0.79597
0.77578
0.7657
0.75733
0.72938
0.7808
0.79392
0.79071
0.80488
0.86598
0.86714
0.88227
0.88962
0.91062
0.7437
0.78325
0.77791
0.75444
0.73144
0.69162
0.56579
0.59307
0.77095
0.92336
0.92122
0.92565
0.9345
0.93836
0.92205
0.86928
0.87028
0.83033
0.77339
0.79257
0.82623
0.83718
0.79756
0.71912
0.71756
0.71679
0.6561
0.77403
0.97015
0.95666
0.92386
0.88702
0.96808
0.9681
0.96952
0.95138
0.8385
0.9717
0.9775
0.97109
0.96686
0.97098
0.96196
0.97047
0.9675
0.957
0.92377
0.87477
0.8699
0.86192
0.7814
0.76271
0.8241
0.81406
0.95325
0.95389
0.94765
0.95848
0.94816
0.94581
0.94038
0.91152
0.87493
0.79612
0.76825
0.76458
0.75655
0.7632
0.72227
0.74502
0.71897
0.71395
0.73575
0.72622
0.73631
0.84714
0.9312
0.85137
0.76634
0.67678
0.72694
0.74107
0.68115
0.71316
0.76102
0.78706
0.74422
0.71959
0.6945
0.68241
0.67076
0.68184
0.74753
0.75315
0.73928
0.75895
0.80631
0.7845
0.72797
0.9781
0.96556
0.96405
0.94192
0.88118
0.74216
0.78299
0.79105
0.79076
0.86313
0.84048
0.81693
0.83668
0.79702
0.76252
0.75094
0.87697
0.89474
0.92556
0.95644
0.9517
0.94724
0.95231
0.98361
0.97544
0.96829
0.81245
0.8691
0.77056
0.77956
0.80133
0.80051
0.78263
0.86855
0.81403
0.75232
0.72506
0.76028
0.78821
0.78842
0.80685
0.79591
0.71345
0.71697
0.74884
0.73956
0.70015
0.93165
0.94704
0.85996
0.8258
0.74081
0.75621
0.74476
0.86936
0.93848
0.86028
0.75627
0.79254
0.80488
0.74894
0.7357
0.74443
0.76065
0.79926
0.8661
0.86218
0.84262
0.79679
0.73732
0.72469
0.73083
0.74734
0.7363
0.79782
0.79643
0.76683
0.76726
0.80079
0.81645
0.79252
0.76814
0.7247
0.76483
0.83214
0.86943
0.85899
0.85968
0.8867
0.97809
0.96654
0.92354
0.96914
0.9376
0.88886
0.89451
0.94008
0.91793
0.8872
0.85272
0.76116
0.68985
0.68111
0.69513
0.70207
0.74484
0.71691
0.66796
0.67697
0.75407
0.82174
0.79645
0.79433
0.92618
0.95267
0.83
0.97417
0.8277
0.81103
0.76469
0.736
0.75366
0.80282
0.86851
0.82054
0.79984
0.81477
0.79952
0.75884
0.7528
0.77241
0.90185
0.93685
0.95909
0.94938
0.93783
0.95881
0.88315
0.83608
0.77877
0.84768
0.94817
0.98064
0.97646
0.97443
0.97233
0.95569
0.91769
0.90821
0.83606
0.75702
0.83261
0.90239
0.90153
0.79057
0.7505
0.74412
0.71217
0.71038
0.70902
0.72721
0.76478
0.7998
0.7515
0.60427
0.58658
0.71504
0.87817
0.87842
0.89169
0.89851
0.88154
0.85649
0.82146
0.73099
0.74121
0.73757
0.72707
0.74074
0.74176
0.78236
0.76199
0.84056
0.89783
0.87745
0.89433
0.92446
0.94186
0.90758
0.90681
0.79071
0.72904
0.70847
0.67287
0.62725
0.62832
0.66443
0.95514
0.94543
0.93112
0.91754
0.91516
0.90587
0.84959
0.78562
0.7187
0.68249
0.90716
0.92957
0.94507
0.95773
0.9861
0.99853
0.96237
0.92969
0.93948
0.87836
0.86145
0.8177
0.77615
0.76094
0.73456
0.73938
0.76492
0.78502
0.80465
0.82922
0.95047
0.96179
0.97159
0.97408
0.97174
0.96788
0.97541
0.96371
0.96932
0.97531
0.97438
0.97117
0.97731
0.96408
0.97191
0.96906
0.94853
0.96839
0.96428
0.97551
0.97649
0.97502
0.96368
0.95695
0.94048
0.92624
0.88509
0.87588
0.89822
0.95766
0.95635
0.95537
0.9291
0.91826
0.91245
0.91883
0.92189
0.9213
0.90594
0.89334
0.86471
0.83452
0.81647
0.76456
0.68477
0.7754
0.75177
0.75508
0.77057
0.79026
0.79703
0.78373
0.76796
0.8197
0.8549
0.84145
0.79639
0.75913
0.76016
0.76031
0.75151
0.76092
0.7974
0.80052
0.77816
0.77646
0.77948
0.74951
0.68917
0.86845
0.86822
0.87256
0.89131
0.86151
0.91216
0.92497
0.92515
0.91905
0.92023
0.91819
0.92168
0.92724
0.92345
0.93081
0.93637
0.92117
0.80745
0.75122
0.69915
0.67345
0.69949
0.74555
0.9239
0.91989
0.92189
0.92514
0.93895
0.95349
0.9649
0.97028
0.97322
0.97353
0.97392
0.97637
0.9748
0.96965
0.96143
0.95878
0.96405
0.9522
0.95213
0.94055
0.91261
0.82905
0.79338
0.80309
0.91389
0.89773
0.88829
0.80096
0.86002
0.84967
0.81333
0.81839
0.81828
0.8409
0.84638
0.83519
0.78575
0.75372
0.75748
0.75058
0.72713
0.75476
0.81881
0.7749
0.76407
0.75963
0.75839
0.76262
0.75112
0.76208
0.78495
0.83037
0.78287
0.69258
0.60043
0.58356
0.8547
0.86584
0.76741
0.77073
0.89098
0.90005
0.90816
0.9139
0.85812
0.87177
0.81955
0.77322
0.74686
0.72828
0.70157
0.66456
0.62952
0.6439
0.69324
0.81815
0.86149
0.79079
0.76557
0.7426
0.73905
0.74242
0.69956
0.64637
0.68881
0.69087
0.70857
0.77036
0.79594
0.84751
0.83467
0.88221
0.90863
0.92708
0.92139
0.9019
0.89175
0.88068
0.872
0.87366
0.88044
0.76861
0.71551
0.70568
0.68375
0.699
0.71314
0.74749
0.84855
0.9069
0.9234
0.91905
0.85271
0.78764
0.78937
0.76455
0.73222
0.73021
0.73407
0.72029
0.72743
0.81744
0.87052
0.90788
0.91576
0.91813
0.91463
0.9194
0.89799
0.88621
0.8685
0.76484
0.77327
0.74482
0.72615
0.83113
0.87496
0.88299
0.87616
0.81669
0.87734
0.88933
0.87835
0.89565
0.88332
0.87758
0.88184
0.86149
0.83282
0.84333
0.85637
0.85271
0.85435
0.85447
0.85526
0.85701
0.84575
0.7554
0.62457
0.57037
0.49328
0.41424
0.78179
0.83162
0.90659
0.92738
0.89269
0.88706
0.89141
0.87561
0.87277
0.85783
0.8427
0.82181
0.80341
0.75316
0.70805
0.75751
0.83291
0.72673
0.62489
0.55566
0.56237
0.56314
0.53685
0.57982
0.57583
0.57252
0.57323
0.56713
0.54661
0.53149
0.54869
0.81872
0.83365
0.84237
0.84137
0.84797
0.83494
0.81907
0.82267
0.79973
0.82601
0.70638
0.67739
0.66521
0.64084
0.63009
0.60244
0.59718
0.61208
0.62002
0.6113
0.59146
0.57733
0.57248
0.57497
0.58088
0.58395
0.58194
0.57838
0.57544
0.57573
0.56697
0.55421
0.54103
0.53774
0.52822
0.51824
0.50379
0.49177
0.48252
0.46324
0.47751
0.89047
0.90255
0.91308
0.91501
0.83995
0.76843
0.65123
0.56156
0.47348
0.4475
0.48129
0.52638
0.65636
0.69176
0.68908
0.7066
0.77349
0.77153
0.7672
0.75758
0.74911
0.74131
0.73306
0.73237
0.72294
0.7275
0.71451
0.70949
0.71835
0.70938
0.76052
0.81972
0.82401
0.90153
0.91855
0.92075
0.7945
0.78406
0.77411
0.77403
0.76029
0.76722
0.80353
0.78078
0.78798
0.81619
0.84183
0.8506
0.87009
0.87679
0.87666
0.87832
0.86219
0.86314
0.8418
0.84475
0.83335
0.82403
0.83124
0.63874
0.57064
0.5214
0.4932
0.49598
0.53973
0.51877
0.5121
0.52942
0.52372
0.54
0.5753
0.64355
0.7022
0.82191
0.84837
0.81578
0.83893
0.84063
0.83884
0.83541
0.82466
0.81721
0.79719
0.8051
0.81569
0.79849
0.76268
0.74823
0.75895
0.79561
0.83123
0.86007
0.8695
0.86972
0.8576
0.8507
0.84215
0.83993
0.8604
0.86497
0.86573
0.85976
0.84702
0.8357
0.83419
0.81675
0.80172
0.7802
0.79419
0.79397
0.78136
0.77304
0.73984
0.7329
0.68121
0.58642
0.54063
0.51081
0.47387
0.45652
0.45011
0.44831
0.57489
0.80898
0.85231
0.86873
0.87605
0.87939
0.88158
0.81523
0.7577
0.759
0.72422
0.85443
0.86957
0.88925
0.89039
0.88817
0.89003
0.89382
0.89351
0.88503
0.88056
0.87927
0.87575
0.86331
0.86264
0.86571
0.87142
0.86864
0.86771
0.87407
0.87458
0.86342
0.85029
0.8538
0.86138
0.86152
0.8468
0.84592
0.85309
0.87551
0.88951
0.89888
0.90351
0.90979
0.91074
0.91658
0.91288
0.90064
0.86276
0.88322
0.89435
0.89315
0.89322
0.89836
0.9008
0.89918
0.89764
0.89597
0.89575
0.8918
0.87573
0.86833
0.87616
0.87286
0.79811
0.77704
0.74086
0.69875
0.61351
0.57163
0.54822
0.56696
0.54196
0.52723
0.53217
0.54738
0.55641
0.57932
0.56492
0.51652
0.43911
0.39906
0.3071
0.24441
0.27193
0.31017
0.26864
0.24997
0.25726
0.46602
0.63248
0.66262
0.841
0.8353
0.82454
0.8483
0.88698
0.90003
0.90453
0.8898
0.86647
0.84137
0.82218
0.77205
0.77409
0.80417
0.79386
0.81724
0.77453
0.78895
0.80546
0.83672
0.84991
0.85353
0.85248
0.84992
0.84399
0.84703
0.83853
0.83193
0.827
0.8193
0.81494
0.80981
0.79736
0.79771
0.78215
0.77781
0.78882
0.76818
0.76903
0.74758
0.77587
0.8041
0.73284
0.72436
0.74872
0.75551
0.7633
0.8046
0.7997
0.78868
0.77271
0.75589
0.75381
0.73096
0.72346
0.69707
0.74381
0.72076
0.70332
0.6908
0.63575
0.59954
0.59489
0.57283
0.52786
0.51224
0.69409
0.69973
0.73947
0.7842
0.81379
0.83979
0.86503
0.86598
0.8538
0.84246
0.82975
0.80727
0.77893
0.73988
0.73755
0.76291
0.78459
0.78821
0.78842
0.76358
0.73365
0.72645
0.69702
0.66943
0.6549
0.60642
0.54333
0.51211
0.46533
0.39069
0.47561
0.71941
0.83922
0.8738
0.86532
0.85172
0.8718
0.87649
0.87418
0.80162
0.90543
0.92106
0.90857
0.84475
0.82402
0.85378
0.8411
0.82407
0.81966
0.81953
0.76989
0.74573
0.77641
0.78795
0.80028
0.81193
0.81497
0.81341
0.81081
0.8096
0.80707
0.79363
0.78247
0.74086
0.70757
0.68218
0.62595
0.60154
0.6249
0.63844
0.65781
0.63878
0.60495
0.563
0.54811
0.53327
0.54859
0.56864
0.60082
0.71157
0.75601
0.77105
0.78158
0.78399
0.78619
0.7773
0.74786
0.674
0.64744
0.58923
0.53973
0.53106
0.55692
0.61976
0.64902
0.64091
0.65474
0.65293
0.62416
0.60254
0.57223
0.58328
0.56027
0.57755
0.5846
0.58326
0.5712
0.545
0.53555
0.54351
0.54219
0.55044
0.57332
0.57161
0.56573
0.54961
0.54264
0.54875
0.54935
0.62191
0.64384
0.56738
0.54161
0.59026
0.63145
0.63103
0.66046
0.67814
0.67606
0.66729
0.65363
0.63955
0.56964
0.5311
0.50473
0.49358
0.48088
0.48611
0.50212
0.52416
0.51582
0.55999
0.53916
0.55075
0.52918
0.53404
0.57495
0.66344
0.65642
0.63491
0.61141
0.62437
0.61775
0.59109
0.48053
0.50204
0.58019
0.65741
0.67313
0.66442
0.61849
0.65395
0.68741
0.73083
0.80281
0.87975
0.76019
0.73591
0.79794
0.8244
0.64475
0.77589
0.87064
0.75172
0.8277
0.84126
0.83307
0.70979
0.66985
0.67875
0.70975
0.69813
0.68875
0.73169
0.77005
0.75934
0.74637
0.7343
0.72618
0.74794
0.76952
0.73938
0.74157
0.75199
0.76131
0.7161
0.70116
0.68186
0.61172
0.67523
0.77977
0.8137
0.8279
0.73805
0.82612
0.84558
0.8597
0.84953
0.81609
0.82031
0.82186
0.8142
0.81015
0.80512
0.79831
0.7938
0.79085
0.7652
0.67007
0.63979
0.63084
0.62291
0.59421
0.53197
0.63475
0.56039
0.55296
0.65435
0.67235
0.63233
0.63363
0.63871
0.64527
0.64672
0.63073
0.61644
0.64589
0.73204
0.74052
0.74572
0.74611
0.74099
0.72727
0.71139
0.6927
0.66698
0.65889
0.64309
0.60192
0.59752
0.58202
0.57971
0.58581
0.59732
0.60119
0.59847
0.5932
0.59177
0.58994
0.59097
0.58757
0.59522
0.59774
0.60047
0.64744
0.6213
0.60058
0.58503
0.55495
0.53851
0.52252
0.51592
0.51729
0.4994
0.50029
0.52124
0.54289
0.53511
0.53293
0.52547
0.50042
0.51895
0.50262
0.53597
0.5332
0.5379
0.54025
0.54014
0.53675
0.53095
0.54718
0.54627
0.54537
0.53457
0.50931
0.49632
0.48225
0.49223
0.48814
0.52123
0.57061
0.57218
0.57006
0.57134
0.57258
0.55574
0.54922
0.55278
0.54322
0.53166
0.50942
0.47941
0.4315
0.40631
0.39325
0.35603
0.34481
0.39639
0.44037
0.58639
0.76331
0.77122
0.77139
0.77226
0.77096
0.76222
0.73133
0.68476
0.66309
0.6844
0.72494
0.65733
0.62248
0.62989
0.62385
0.64053
0.70219
0.71602
0.71949
0.62877
0.51548
0.46832
0.43138
0.40069
0.38441
0.38037
0.37748
0.37237
0.36948
0.36567
0.35412
0.35924
0.35307
0.43207
0.80268
0.79694
0.77032
0.74413
0.72025
0.71585
0.73971
0.75219
0.75581
0.75693
0.75542
0.74974
0.75555
0.78293
0.82864
0.85204
0.85677
0.85952
0.8608
0.86049
0.86122
0.85447
0.84683
0.83429
0.82736
0.82532
0.82711
0.82253
0.82326
0.8185
0.82197
0.8247
0.83032
0.83526
0.84245
0.85583
0.85877
0.85701
0.85707
0.8562
0.86242
0.86579
0.86514
0.85856
0.84975
0.83545
0.82794
0.81754
0.79308
0.7726
0.75202
0.75579
0.77389
0.7504
0.73625
0.78918
0.76473
0.70585
0.69018
0.69343
0.70265
0.65703
0.69081
0.70031
0.72538
0.73837
0.76386
0.75753
0.72398
0.63713
0.54506
0.50319
0.49943
0.53921
0.5738
0.56631
0.51304
0.51396
0.63626
0.62799
0.65151
0.62567
0.61194
0.59154
0.5517
0.51225
0.51355
0.47529
0.46752
0.45946
0.48265
0.49033
0.47479
0.51075
0.57369
0.5674
0.55205
0.53509
0.57336
0.545
0.55105
0.52102
0.55143
0.54063
0.5952
0.58898
0.58064
0.56511
0.56593
0.58618
0.5818
0.55821
0.56105
0.55024
0.5233
0.52396
0.50614
0.50939
0.50825
0.51538
0.50794
0.50411
0.51075
0.51998
0.53394
0.57032
0.60763
0.608
0.60975
0.61567
0.61261
0.60804
0.61456
0.64095
0.64751
0.66321
0.68996
0.63699
0.60682
0.61423
0.59707
0.59823
0.59935
0.60019
0.60625
0.6079
0.58857
0.55587
0.51673
0.47644
0.62464
0.61574
0.61009
0.61472
0.63724
0.66815
0.67647
0.66465
0.64869
0.63677
0.62251
0.61675
0.61451
0.61162
0.60836
0.60623
0.5926
0.60091
0.64491
0.65612
0.65789
0.6559
0.64345
0.65177
0.68567
0.70283
0.64017
0.63242
0.62275
0.68043
0.73887
0.77196
0.77028
0.64389
0.65206
0.65534
0.66065
0.63523
0.56895
0.47913
0.48891
0.53346
0.60071
0.58969
0.58681
0.58503
0.59897
0.60858
0.57225
0.51489
0.48224
0.49097
0.54325
0.56909
0.56301
0.5874
0.62848
0.6429
0.61402
0.56387
0.54466
0.57623
0.56225
0.53811
0.48339
0.49811
0.58435
0.55483
0.48424
0.5
0.50391
0.51284
0.48702
0.4821
0.50717
0.50657
0.50686
0.50153
0.48156
0.4255
0.36898
0.3565
0.39494
0.4368
0.45065
0.55477
0.56626
0.55877
0.56465
0.53139
0.49968
0.45914
0.51199
0.48525
0.4926
0.46
0.35134
0.39391
0.41824
0.42289
0.43683
0.43714
0.46121
0.49829
0.49673
0.45907
0.39723
0.38567
0.37004
0.36015
0.35523
