0.84976
0.84832
0.86775
0.87572
0.86791
0.86451
0.86472
0.87229
0.88076
0.87195
0.87293
0.88332
0.89809
0.87489
0.84088
0.82441
0.81066
0.82231
0.82299
0.82695
0.83686
0.82127
0.84
0.8473
0.85519
0.87128
0.87438
0.88704
0.89548
0.89531
0.89543
0.89541
0.87799
0.80844
0.79508
0.80621
0.82964
0.85564
0.86883
0.86068
0.84294
0.84306
0.82787
0.82025
0.82248
0.80826
0.7716
0.76594
0.71524
0.71247
0.70937
0.69602
0.69173
0.67934
0.71427
0.69662
0.72217
0.76164
0.78805
0.80013
0.79864
0.80793
0.81884
0.80025
0.75596
0.67031
0.63512
0.64261
0.63641
0.62017
0.6241
0.61554
0.61188
0.61163
0.59903
0.54466
0.58125
0.64873
0.63901
0.64418
0.65996
0.62029
0.61603
0.61466
0.60515
0.60045
0.59984
0.60988
0.61197
0.60975
0.60519
0.6014
0.59194
0.52011
0.47156
0.44027
0.3468
0.7487
0.7875
0.81877
0.84026
0.84984
0.85088
0.84699
0.84694
0.84229
0.83958
0.83636
0.82976
0.82177
0.81243
0.80891
0.81393
0.80621
0.80656
0.81846
0.82643
0.82717
0.81986
0.82641
0.83008
0.84575
0.85327
0.85698
0.85582
0.85736
0.86092
0.86452
0.86464
0.86084
0.85936
0.8613
0.85998
0.8549
0.84963
0.84779
0.84469
0.83921
0.83793
0.83604
0.83848
0.83216
0.83193
0.82621
0.678
0.66553
0.60842
0.58259
0.60174
0.61106
0.80821
0.8207
0.82899
0.81952
0.82103
0.81782
0.81481
0.8008
0.80381
0.75504
0.63807
0.7998
0.80818
0.81438
0.82451
0.83346
0.84001
0.83622
0.8309
0.82873
0.81997
0.81203
0.80519
0.79905
0.79116
0.79017
0.78101
0.77334
0.74769
0.73939
0.74059
0.77887
0.79254
0.76534
0.62124
0.59735
0.60061
0.64144
0.46419
0.38101
0.58187
0.5902
0.57817
0.55176
0.48121
0.53933
0.34499
0.28753
0.29077
0.30237
0.2883
0.29418
0.27213
0.23969
0.21605
0.20155
0.20057
0.20236
0.19507
0.19132
0.19119
0.17529
0.16469
0.15042
0.14814
0.16349
0.19698
0.25609
0.37743
0.48539
0.45641
0.37716
0.3274
0.3269
0.46662
0.66964
0.70054
0.73012
0.74735
0.70853
0.69323
0.69832
0.72318
0.65405
0.60106
0.47831
0.40604
0.77761
0.80688
0.81789
0.82428
0.82748
0.82396
0.82155
0.82489
0.81294
0.56575
0.56323
0.54422
0.52452
0.54165
0.55582
0.53455
0.51868
0.53061
0.54694
0.5491
0.43693
0.49074
0.35845
0.31237
0.33682
0.44928
0.62451
0.67087
0.61559
0.56458
0.55315
0.53832
0.53091
0.55815
0.54277
0.57372
0.57933
0.528
0.44359
0.36361
0.3123
0.31732
0.25926
0.30136
0.28777
0.4705
0.56304
0.57099
0.67146
0.66589
0.61799
0.64696
0.60246
0.62821
0.62924
0.52465
0.44691
0.64303
0.62629
0.63333
0.66253
0.6064
0.51965
0.30055
0.23706
0.24386
0.28636
0.29814
0.32663
0.63379
0.64666
0.65565
0.6582
0.66046
0.66552
0.71409
0.69038
0.77597
0.76116
0.75598
0.74507
0.7576
0.73116
0.67201
0.61572
0.64451
0.66396
0.68762
0.70756
0.718
0.71841
0.71409
0.69469
0.69422
0.67825
0.68464
0.66481
0.71822
0.74291
0.74871
0.75101
0.77003
0.78606
0.80223
0.81071
0.81822
0.81938
0.83336
0.82494
0.80309
0.7727
0.6967
0.66945
0.67406
0.67111
0.68966
0.69077
0.70535
0.70492
0.6982
0.62298
0.5299
0.46026
0.39991
0.70248
0.75838
0.76561
0.77086
0.73033
0.6995
0.69755
0.71516
0.6655
0.7031
0.70487
0.71131
0.73936
0.74756
0.74208
0.7055
0.63854
0.65906
0.62412
0.62021
0.60897
0.5066
0.4116
0.66336
0.70879
0.73725
0.75473
0.76806
0.77361
0.76996
0.77499
0.78115
0.77293
0.75618
0.7449
0.68972
0.57808
0.58878
0.64161
0.65691
0.63963
0.6874
0.68547
0.66753
0.60678
0.63952
0.60734
0.58442
0.57071
0.54333
0.53392
0.54338
0.54315
0.53146
0.52728
0.53019
0.53091
0.53614
0.53644
0.53478
0.53857
0.55865
0.56811
0.56937
0.56277
0.55948
0.52372
0.39393
0.43282
0.64922
0.65638
0.68648
0.71893
0.74563
0.75118
0.75211
0.74812
0.74617
0.74143
0.7522
0.76069
0.76028
0.75824
0.76255
0.73823
0.74352
0.75938
0.75876
0.76276
0.77235
0.78164
0.7893
0.79436
0.79227
0.7938
0.79691
0.79504
0.79568
0.79987
0.79869
0.56457
0.65085
0.64115
0.63454
0.5992
0.51291
0.45278
0.39364
0.74308
0.78602
0.80831
0.8284
0.82849
0.84602
0.85482
0.87275
0.8756
0.86981
0.86534
0.83711
0.70294
0.74452
0.67791
0.64809
0.637
0.63667
0.63009
0.61906
0.61506
0.67187
0.69415
0.70564
0.69782
0.70953
0.71891
0.75553
0.76065
0.74851
0.72117
0.65608
0.72121
0.70884
0.72826
0.74224
0.75035
0.75265
0.75893
0.76885
0.77157
0.7622
0.73714
0.75825
0.7669
0.76628
0.77673
0.73299
0.77474
0.76825
0.7414
0.72893
0.64278
0.61523
0.60662
0.61486
0.60239
0.57175
0.54096
0.45384
0.38612
0.33869
0.34499
0.65975
0.68219
0.67667
0.67272
0.66105
0.59807
0.5983
0.61137
0.59924
0.57549
0.5952
0.59096
0.54572
0.49533
0.43239
0.38945
0.40461
0.48764
0.64283
0.64973
0.53764
0.54111
0.633
0.66923
0.75835
0.77337
0.73078
0.74254
0.75562
0.76912
0.76296
0.77149
0.79669
0.81818
0.83355
0.84401
0.82901
0.81466
0.80312
0.79012
0.79497
0.78392
0.71599
0.68106
0.68055
0.67048
0.68672
0.68524
0.69559
0.72667
0.69288
0.67138
0.66561
0.65546
0.66231
0.66733
0.70679
0.73471
0.73043
0.72361
0.72868
0.75007
0.75664
0.76287
0.76992
0.54553
0.42811
0.36583
0.32188
0.29543
0.27723
0.2789
0.30244
0.31347
0.30368
0.30226
0.31829
0.33934
0.35049
0.3626
0.38644
0.38345
0.34887
0.35653
0.32923
0.31137
0.30064
0.3151
0.34248
0.38783
0.39027
0.41228
0.50482
0.54822
0.60729
0.78799
0.82251
0.84031
0.84154
0.84253
0.84033
0.84045
0.8342
0.83609
0.84866
0.85327
0.84593
0.84046
0.8552
0.86786
0.87403
0.87575
0.87947
0.88114
0.87729
0.87976
0.87466
0.8722
0.87488
0.87643
0.87546
0.72947
0.848
0.8728
0.87399
0.87615
0.87716
0.8777
0.86132
0.86908
0.86031
0.84473
0.84588
0.85136
0.83944
0.81008
0.77606
0.77967
0.75008
0.777
0.77032
0.78413
0.78315
0.77181
0.77606
0.75189
0.759
0.76201
0.76956
0.7721
0.76957
0.72959
0.71232
0.70349
0.72068
0.74826
0.76639
0.80353
0.69639
0.76946
0.78005
0.80275
0.80959
0.82286
0.83696
0.83923
0.78314
0.80661
0.80326
0.73655
0.70908
0.68463
0.63002
0.62428
0.67438
0.64103
0.52257
0.44778
0.42968
0.47108
0.49706
0.499
0.45819
0.53827
0.57042
0.44471
0.52038
0.53924
0.54536
0.56051
0.5739
0.61723
0.60484
0.58892
0.5775
0.59437
0.61419
0.63422
0.64546
0.63724
0.609
0.59631
0.59232
0.58073
0.60128
0.60107
0.58976
0.59777
0.62919
0.65077
0.66757
0.69596
0.69251
0.68389
0.42866
0.3925
0.43172
0.46792
0.43746
0.37197
0.35716
0.35068
0.5288
0.76988
0.82676
0.84904
0.85291
0.85525
0.85213
0.85373
0.85764
0.87038
0.88307
0.88122
0.8756
0.85571
0.8097
0.78452
0.79188
0.7034
0.68739
0.67763
0.69602
0.68363
0.67851
0.64748
0.60396
0.53397
0.49526
0.60366
0.83622
0.83433
0.8273
0.80974
0.75769
0.68168
0.66885
0.64787
0.64665
0.65128
0.65068
0.64374
0.63514
0.60113
0.53085
0.50031
0.54379
0.49148
0.62982
0.74856
0.79243
0.83641
0.84277
0.84311
0.83347
0.8256
0.82402
0.82927
0.83224
0.84532
0.86223
0.84917
0.84818
0.85046
0.83942
0.79947
0.76053
0.76762
0.75316
0.71124
0.70915
0.7072
0.70975
0.72706
0.71156
0.74942
0.75274
0.76217
0.71697
0.72849
0.75333
0.66498
0.71343
0.73419
0.72549
0.71319
0.68201
0.57805
0.46431
0.32392
0.23046
0.24322
0.23971
0.29278
0.3109
0.29736
0.69065
0.85481
0.87934
0.88935
0.88497
0.89267
0.89916
0.9049
0.90327
0.90122
0.90115
0.89515
0.89577
0.89548
0.90578
0.88855
0.89396
0.87319
0.87931
0.88241
0.88864
0.89554
0.87614
0.8462
0.8486
0.84584
0.85027
0.87911
0.68325
0.6091
0.58209
0.54467
0.53953
0.53883
0.43413
0.41523
0.53032
0.72651
0.56641
0.60643
0.69187
0.74997
0.75801
0.79943
0.81751
0.8451
0.87382
0.87834
0.8657
0.85687
0.79855
0.74686
0.70555
0.69881
0.66892
0.6613
0.64502
0.64902
0.66152
0.64951
0.63762
0.63102
0.64273
0.66974
0.66754
0.6026
0.53269
0.69342
0.72287
0.66832
0.78728
0.76639
0.73698
0.71838
0.71754
0.70651
0.64189
0.61248
0.64076
0.65936
0.58315
0.54297
0.51508
0.52441
0.50257
0.48926
0.50318
0.48926
0.47832
0.4682
0.44312
0.43645
0.44551
0.45205
0.42244
0.40748
0.42738
0.49821
0.48775
0.54083
0.52672
0.55456
0.51121
0.39553
0.32466
0.32841
0.32464
0.44758
0.6151
0.71557
0.70977
0.62475
0.50741
0.4753
0.62546
0.75976
0.84673
0.85785
0.8527
0.86142
0.85621
0.8576
0.8305
0.84312
0.84724
0.85637
0.85883
0.85436
0.85138
0.84478
0.85245
0.8747
0.87548
0.88324
0.88331
0.88693
0.88382
0.884
0.88914
0.90842
0.9016
0.90678
0.90725
0.89541
0.8904
0.88349
0.88481
0.8905
0.88344
0.8817
0.89225
0.90284
0.90074
0.89624
0.89319
0.86992
0.85833
0.87966
0.89268
0.75803
0.74855
0.73829
0.73587
0.73667
0.74965
0.74823
0.7216
0.84739
0.87508
0.87501
0.8778
0.85574
0.79827
0.75751
0.88571
0.83803
0.78381
0.73073
0.7053
0.67283
0.64657
0.65275
0.65299
0.57246
0.53867
0.46697
0.40738
0.38088
0.49624
0.57781
0.64169
0.64322
0.62234
0.62208
0.62082
0.63731
0.70889
0.75451
0.73423
0.59957
0.51779
0.51682
0.50802
0.52145
0.57804
0.63589
0.5111
0.50902
0.53662
0.52218
0.53066
0.558
0.60701
0.61627
0.55359
0.484
0.44433
0.42494
0.42673
0.41987
0.44163
0.48711
0.46681
0.46429
0.47188
0.50117
0.48527
0.40576
0.39315
0.39494
0.36757
0.3619
0.35383
0.36251
0.35441
0.34927
0.40269
0.44766
0.40385
0.50591
0.60388
0.45422
0.4078
0.45364
0.54221
0.64627
0.63417
0.6416
0.61878
0.51719
0.43688
0.41981
0.43266
0.5759
0.45249
0.37807
0.3792
0.46849
0.87909
0.92578
0.9373
0.92584
0.93909
0.92946
0.9191
0.91665
0.92149
0.92202
0.9023
0.88903
0.92068
0.90799
0.89885
0.89145
0.88741
0.87153
0.80642
0.87913
0.88009
0.93489
0.86043
0.80661
0.73965
0.60436
0.87867
0.90102
0.89756
0.91248
0.87366
0.8692
0.84849
0.87922
0.70546
0.66945
0.6615
0.92649
0.92559
0.92102
0.92027
0.9329
0.93037
0.93288
0.93724
0.93578
0.93073
0.92888
0.93926
0.9321
0.93009
0.91949
0.94143
0.94319
0.93749
0.93632
0.93053
0.939
0.93684
0.92375
0.91987
0.91222
0.89889
0.91501
0.91949
0.86501
0.86643
0.94005
0.93806
0.92898
0.8896
0.80884
0.87394
0.79365
0.92548
0.90875
0.83033
0.84197
0.8771
0.88082
0.90355
0.91596
0.8342
0.87499
0.83253
0.83495
0.88509
0.86287
0.87121
0.92006
0.86725
0.81263
0.80811
0.89207
0.90041
0.90038
0.90992
0.90536
0.87089
0.81936
0.85233
0.92827
0.9506
0.93161
0.94402
0.93974
0.88555
0.80529
0.86973
0.89516
0.83659
0.81691
0.76285
0.76235
0.7319
0.75336
0.78404
0.91484
0.9154
0.92216
0.91884
0.89428
0.89509
0.88432
0.89033
0.88607
0.92641
0.88774
0.76035
0.7022
0.72345
0.71319
0.73902
0.81675
0.8845
0.91406
0.91704
0.9263
0.91853
0.91458
0.91364
0.93056
0.92314
0.92978
0.93934
0.94121
0.9342
0.92722
0.93138
0.94015
0.93112
0.93482
0.93579
0.90306
0.87637
0.90515
0.88018
0.92704
0.91124
0.90726
0.90478
0.88251
0.8511
0.79229
0.85299
0.84303
0.92893
0.87904
0.93518
0.96418
0.9574
0.96381
0.96954
0.96643
0.96955
0.96495
0.96679
0.97241
0.95763
0.96211
0.97262
0.97063
0.9656
0.97165
0.97449
0.96739
0.96506
0.96925
0.98553
0.96708
0.98342
0.9789
0.97739
0.97053
0.98482
0.98482
0.97829
0.9641
0.9724
0.94688
0.96502
0.98982
0.96803
0.9621
0.96202
0.93807
0.8689
0.88073
0.88478
0.85445
0.77774
0.78625
0.74304
0.83787
0.8311
0.86193
0.92223
0.9726
0.98106
0.98332
0.95114
0.95505
0.90297
0.86169
0.83426
0.8433
0.85048
0.82987
0.91794
0.76389
0.93267
0.93672
0.94461
0.95657
0.91451
0.9012
0.89214
0.84167
0.76607
0.82442
0.86083
0.86566
0.942
0.82664
0.70923
0.72303
0.8251
0.81497
0.79553
0.7328
0.62383
0.68324
0.66218
0.69988
0.79152
0.78472
0.81401
0.79277
0.73862
0.7849
0.77411
0.8466
0.96965
0.93766
0.91239
0.91544
0.92486
0.90328
0.93085
0.9324
0.9226
0.91312
0.90405
0.89532
0.89301
0.89572
0.91358
0.9103
0.9154
0.91284
0.91227
0.90628
0.88258
0.89693
0.90785
0.94687
0.92213
0.8599
0.85881
0.87692
0.86241
0.86894
0.82681
0.86155
0.87469
0.81347
0.80566
0.80115
0.75938
0.74169
0.74861
0.74064
0.73241
0.79765
0.90549
0.99948
0.87842
0.94487
0.77653
0.82214
0.85592
0.93586
0.94826
0.98771
0.99978
0.99941
0.99771
0.99752
1.0007
0.9993
0.99946
0.9952
0.99474
0.98346
0.9713
0.9822
0.96511
0.95973
0.95724
0.92048
0.94361
0.94441
0.90288
0.9386
0.9351
0.81775
0.77384
0.77474
0.64472
0.6241
0.77797
0.94799
0.95106
0.95008
0.94554
0.86912
0.93262
0.85247
0.89868
0.94896
0.94765
0.94489
0.94011
0.87436
0.82491
0.87105
0.85813
0.95651
0.85903
0.92281
0.93527
0.92473
0.84787
0.90448
0.94209
0.94326
0.93859
0.93887
0.93591
0.93543
0.918
0.91707
0.93154
0.93883
0.93995
0.93876
0.93665
0.94573
0.93508
0.96516
0.96734
0.96805
0.71382
0.65962
0.70969
0.73105
0.80631
0.79483
0.82591
0.7977
0.79821
0.81012
0.83503
0.80792
0.80705
0.85639
0.91841
0.99456
0.99936
0.99843
0.99886
1.0001
0.99958
0.81195
0.81736
0.80312
0.73775
0.68803
0.59853
0.47022
0.5075
0.55074
0.58146
0.53001
0.50254
0.50458
0.53181
0.51689
0.42953
0.51488
0.5284
0.54603
0.52983
0.54009
0.55119
0.54652
0.72022
0.77249
0.80392
0.77122
0.76068
0.86357
0.94793
0.94989
0.90563
0.86165
0.85068
0.83761
0.83678
0.79078
0.76338
0.85116
0.83922
0.81064
0.82675
0.97427
0.93389
0.95704
0.92893
0.78493
0.7162
0.73037
0.96429
0.83543
0.9326
0.88856
0.89931
0.85879
0.74476
0.82818
0.8641
0.83775
0.85768
0.847
0.85294
0.84531
0.83705
0.70225
0.61697
0.72651
0.77364
0.83441
0.83534
0.82301
0.81265
0.76896
0.73567
0.8542
0.92323
0.94189
0.95953
0.99819
0.99316
0.96484
0.91177
0.99047
0.98648
0.98018
0.97022
0.95443
0.94693
0.96222
0.95854
0.97185
0.97064
0.96967
0.97259
0.96826
0.95724
0.93099
0.91895
0.88483
0.91202
0.85754
0.83507
0.8108
0.78016
0.80175
0.80724
0.85598
0.86431
0.91014
0.89488
0.90038
0.91662
0.89714
0.9088
0.94183
0.94251
0.9465
0.94683
0.92421
0.88274
0.90313
0.90686
0.94154
0.94344
0.94257
0.93979
0.9341
0.91279
0.9056
0.92673
0.94675
0.93492
0.93737
0.94664
0.89795
0.90506
0.72768
0.65828
0.95593
0.81124
0.8374
0.84209
0.85524
0.78566
0.93106
0.83045
0.86193
0.90653
0.85567
0.85087
0.84593
0.81298
0.7534
0.71219
0.84569
0.81651
0.83545
0.85161
0.83253
0.84642
0.84161
0.88779
0.91896
0.84469
0.87627
0.78737
0.834
0.76531
0.68861
0.71517
0.80546
0.83247
0.83422
0.86724
0.87931
0.8265
0.93805
0.94248
0.94898
0.95058
0.92204
0.92056
0.8733
0.83199
0.68076
0.68916
0.794
0.82112
0.84508
0.92172
0.94233
0.92083
0.88298
0.93843
0.9484
0.94526
0.93476
0.93829
0.94777
0.93087
0.91754
0.9355
0.93899
0.94335
0.94304
0.94625
0.95424
0.94406
0.92705
0.93273
0.95567
0.94284
0.95264
0.95299
0.95674
0.85442
0.88996
0.7776
0.8164
0.85166
0.8395
0.83875
0.83811
0.80934
0.77768
0.76978
0.74599
0.74947
0.74179
0.72546
0.69652
0.70774
0.67703
0.64987
0.64417
0.61017
0.59506
0.58791
0.58898
0.60877
0.62087
0.63553
0.6647
0.67895
0.70713
0.67604
0.67979
0.63461
0.6273
0.72838
0.70118
0.7309
0.76314
0.7328
0.63345
0.59593
0.59428
0.57798
0.56002
0.53828
0.55962
0.57146
0.62868
0.68491
0.76689
0.85593
0.90504
0.94187
0.99884
0.99744
0.99962
1
0.99194
0.73258
0.68569
0.6704
0.68827
0.68685
0.71117
0.71026
0.74454
0.74866
0.72823
0.73374
0.7893
0.78443
0.82706
0.81555
0.76104
0.78803
0.77834
0.78015
0.79128
0.82094
0.80366
0.70277
0.70315
0.69966
0.6917
0.69575
0.70365
0.68738
0.67513
0.67271
0.67543
0.63722
0.62259
0.60393
0.61689
0.73304
0.86036
0.86901
0.88838
0.89803
0.89676
0.89788
0.89156
0.89506
0.92629
0.94796
0.95606
0.93583
0.94343
0.94144
0.95209
0.94266
0.94689
0.9236
0.90422
0.9319
0.95976
0.92837
0.89691
0.92515
0.92352
0.91974
0.87977
0.82066
0.80184
0.84074
0.89853
0.88741
0.90113
0.90908
0.90826
0.88401
0.83736
0.80314
0.80173
0.84413
0.84016
0.8313
0.76215
0.80804
0.7748
0.80112
0.8066
0.82672
0.85307
0.89566
0.89519
0.90386
0.8698
0.86363
0.8648
0.87692
0.90442
0.92396
0.8994
0.84546
0.90081
0.91746
0.92474
0.91305
0.92867
0.95289
0.90947
0.94468
0.94502
0.94527
0.94674
0.94634
0.95373
0.93156
0.91814
0.88157
0.87766
0.88271
0.92396
0.92591
0.86277
0.81297
0.7791
0.81901
0.83048
0.82373
0.80173
0.77023
0.78412
0.76818
0.75111
0.77794
0.85595
0.86164
0.87279
0.86383
0.86579
0.84869
0.79744
0.79774
0.79932
0.8049
0.81818
0.82082
0.80784
0.80205
0.78677
0.70017
0.60586
0.60435
0.67173
0.85214
0.87447
0.8953
0.88357
0.88344
0.88714
0.88271
0.88615
0.87911
0.88409
0.86199
0.86133
0.89447
0.76518
0.83633
0.84624
0.80866
0.79174
0.69878
0.73026
0.77394
0.76957
0.79385
0.78998
0.78674
0.77652
0.73971
0.68101
0.68553
0.79949
0.79202
0.82449
0.83845
0.86405
0.88845
0.85927
0.80214
0.73117
0.74819
0.6775
0.56752
0.53671
0.53171
0.6155
0.61459
0.57331
0.47311
0.42316
0.42125
0.42876
0.45775
0.44675
0.40752
0.32625
0.31471
0.29408
0.69417
0.85764
0.89112
0.88403
0.93934
0.93639
0.93603
0.93798
0.94389
0.94068
0.93763
0.94011
0.9335
0.93131
0.9317
0.93554
0.93553
0.94332
0.94638
0.96028
0.95645
0.95903
0.96311
0.95836
0.93435
0.91203
0.87297
0.89804
0.9175
0.93169
0.93561
0.94171
0.9437
0.93271
0.92256
0.93599
0.93231
0.9091
0.91137
0.91033
0.90257
0.90483
0.93049
0.85526
0.85696
0.84412
0.76709
0.68837
0.72181
0.8029
0.93689
0.94758
0.94285
0.94977
0.95445
0.9526
0.959
0.95375
0.95321
0.95659
0.95505
0.95917
0.95687
0.9607
0.9635
0.9722
0.98356
0.96437
0.95443
0.9555
0.95282
0.96103
0.95026
0.91647
0.8933
0.93659
0.92158
0.8722
0.87795
0.90332
0.87272
0.88796
0.80784
0.75734
0.64878
0.59024
0.76309
0.87559
0.89417
0.91768
0.91734
0.91948
0.90828
0.89039
0.90955
0.90967
0.91206
0.91836
0.93022
0.90883
0.91454
0.91087
0.90959
0.91275
0.91405
0.91557
0.91716
0.91785
0.92044
0.9169
0.91495
0.91751
0.91862
0.92204
0.92711
0.92339
0.92507
0.92716
0.94707
0.95941
0.96142
0.96087
0.93622
0.92449
0.90109
0.87317
0.87043
0.87433
0.8887
0.90423
0.89237
0.89833
0.85108
0.84242
0.86818
0.86541
0.84979
0.81618
0.81069
0.78218
0.82031
0.80994
0.70508
0.64751
0.6896
0.89056
0.9113
0.91361
0.9162
0.84911
0.83765
0.80898
0.8446
0.77314
0.73835
0.75364
0.75974
0.73697
0.74538
0.73676
0.73057
0.73155
0.72913
0.72963
0.82088
0.77329
0.76789
0.79678
0.78559
0.75928
0.73035
0.77499
0.83425
0.85905
0.86567
0.873
0.87577
0.87898
0.88324
0.87404
0.87981
0.87261
0.82592
0.78492
0.75026
0.79209
0.81332
0.81434
0.82237
0.85583
0.87254
0.87759
0.88099
0.88678
0.89606
0.90629
0.91622
0.92314
0.92987
0.93212
0.92155
0.92358
0.93133
0.93553
0.93651
0.93496
0.93438
0.93433
0.93098
0.92306
0.9078
0.90604
0.90239
0.89208
0.88798
0.87571
0.87363
0.88381
0.87809
0.8894
0.89062
0.88832
0.89054
0.90466
0.90737
0.90763
0.90948
0.91358
0.90957
0.9104
0.91204
0.90642
0.89348
0.89979
0.87353
0.88993
0.90002
0.89909
0.90093
0.90169
0.87535
0.8662
0.86865
0.86662
0.86898
0.86539
0.85812
0.87071
0.87975
0.88585
0.88197
0.87194
0.87235
0.86265
0.80005
0.75761
0.79218
0.80601
0.8508
0.87058
0.88293
0.90331
0.90595
0.90411
0.91125
0.90062
0.89664
0.87304
0.86795
0.86049
0.86154
0.84743
0.85692
0.86515
0.86296
0.71363
0.75849
0.864
0.86866
0.88197
0.87892
0.90558
0.91216
0.90828
0.90439
0.8655
0.77931
0.87838
0.91375
0.91337
0.92071
0.91438
0.90963
0.8404
0.85358
0.8727
0.87917
0.88852
0.74527
0.6852
0.65902
0.67109
0.65435
0.65646
0.56065
0.52394
0.51083
0.49478
0.47652
0.52397
0.53985
0.55828
0.55558
0.5598
0.52567
0.50668
0.50948
0.54941
0.5695
0.56694
0.53497
0.54699
0.5916
0.61462
0.59506
0.55996
0.50541
0.43945
0.39057
0.36679
0.32769
0.31073
0.28896
0.27105
0.27198
0.29651
0.36239
0.46462
0.56294
0.56715
0.55435
0.77498
0.76618
0.75262
0.75939
0.75236
0.78473
0.79806
0.78485
0.77165
0.76556
0.76921
0.7994
0.82583
0.83394
0.82792
0.80931
0.81041
0.79865
0.78239
0.77207
0.77583
0.68206
0.59892
0.56719
0.57211
0.59936
0.56284
0.50088
0.47761
0.51341
0.50457
0.47905
0.47103
0.48312
0.48621
0.52261
0.57397
0.52371
0.48946
0.48175
0.47236
0.458
0.42973
0.41068
0.39614
0.41658
0.4538
0.53866
0.66688
0.66585
0.74589
0.75861
0.76451
0.74118
0.72567
0.70838
0.6419
0.59656
0.54001
0.48938
0.47168
0.45795
0.44107
0.43192
0.45201
0.49355
0.85257
0.7819
0.75695
0.72579
0.73495
0.73939
0.72765
0.6289
0.44039
0.534
0.5689
0.55534
0.55119
0.55822
0.5485
0.55159
0.61913
0.57254
0.55277
0.52375
0.49092
0.50493
0.47871
0.45131
0.44486
0.46778
0.50423
0.55166
0.54092
0.53734
0.53594
0.50443
0.41742
0.38257
0.33573
0.32865
0.31778
0.34191
0.36313
0.37694
0.42645
0.45235
0.50521
0.78288
0.79927
0.81668
0.85044
0.86761
0.87519
0.88346
0.90014
0.90355
0.90402
0.90554
0.90647
0.90115
0.90202
0.89703
0.89501
0.89905
0.90216
0.90701
0.9085
0.90266
0.86669
0.86015
0.83312
0.8247
0.86286
0.89714
0.90289
0.90454
0.9016
0.89776
0.89853
0.89565
0.89197
0.87544
0.82698
0.80481
0.76585
0.82822
0.80979
0.84042
0.82255
0.8337
0.67056
0.60425
0.53877
0.7751
0.83729
0.85033
0.85806
0.86564
0.87453
0.87561
0.86994
0.87419
0.8709
0.87077
0.87599
0.87452
0.87135
0.87969
0.87837
0.88053
0.88002
0.88064
0.77183
0.69958
0.6427
0.63339
0.60038
0.54552
0.39363
0.35347
0.33486
0.33092
0.23696
0.26341
0.29117
0.26411
0.311
0.32897
0.30281
0.31196
0.33185
0.35579
0.24285
0.22039
0.23316
0.26182
0.24089
0.29185
0.3307
0.31396
0.36041
0.75106
0.65368
0.61218
0.62321
0.77373
0.80743
0.81912
0.81795
0.81475
0.75719
0.76494
0.7467
0.77132
0.76234
0.75443
0.7486
0.72334
0.7089
0.73067
0.75772
0.78242
0.7632
0.77413
0.80529
0.81687
0.82085
0.82416
0.82466
0.82742
0.83004
0.82906
0.83215
0.83522
0.83664
0.86147
0.88083
0.88017
0.87989
0.88182
0.88334
0.8865
0.88687
0.8879
0.88585
0.88529
0.88444
0.8842
0.87216
0.86844
0.86472
0.86443
0.84761
0.81581
0.86215
0.86136
0.85178
0.82092
0.82824
0.79246
0.80382
0.76722
0.75647
0.77653
0.77255
0.74634
0.71708
0.70856
0.69653
0.75309
0.74949
0.71193
0.76887
0.74899
0.68427
0.74349
0.8099
0.83896
0.86218
0.86982
0.87703
0.87961
0.87978
0.87586
0.87487
0.87444
0.87947
0.87856
0.87698
0.87513
0.87544
0.88051
0.88459
0.88582
0.88363
0.88436
0.88117
0.8827
0.87647
0.88204
0.87973
0.87778
0.87617
0.87269
0.84229
0.78565
0.78486
0.76523
0.768
0.777
0.79197
0.8162
0.83872
0.85301
0.86324
0.86918
0.86905
0.87061
0.86204
0.80936
0.75201
0.679
0.82972
0.87853
0.89907
0.90241
0.90957
0.91337
0.91427
0.90485
0.90028
0.91123
0.91703
0.91256
0.91186
0.91242
0.91116
0.90785
0.88836
0.90166
0.88647
0.77534
0.65375
0.68105
0.84232
0.86718
0.88238
0.86249
0.87136
0.86655
0.84841
0.86136
0.86099
0.87219
0.87399
0.87687
0.87661
0.86946
0.87357
0.87077
0.87751
0.88172
0.85969
0.66946
0.83296
0.7961
0.79775
0.79701
0.75269
0.72858
0.71555
0.71503
0.72843
0.7647
0.82921
0.8516
0.85355
0.85748
0.87367
0.88911
0.88968
0.89862
0.90556
0.89612
0.89574
0.87101
0.86357
0.85306
0.84068
0.81173
0.74863
0.64542
0.62886
0.58206
0.57192
0.67643
0.71353
0.73498
0.75027
0.76503
0.78075
0.79606
0.81006
0.82794
0.84245
0.84506
0.85104
0.87625
0.88959
0.89213
0.89046
0.88698
0.88942
0.8952
0.88591
0.84843
0.85967
0.87226
0.88227
0.88236
0.88709
0.8866
0.88493
0.87572
0.87547
0.84867
0.81987
0.83974
0.81108
0.81089
0.7876
0.80206
0.8219
0.83126
0.83677
0.83804
0.82761
0.70074
0.65921
0.46321
0.73665
0.78983
0.80953
0.81345
0.82121
0.82845
0.83747
0.84373
0.84946
0.85221
0.86483
0.867
0.8749
0.86613
0.84498
0.78842
0.72783
0.72461
0.77268
0.79547
0.79103
0.79376
0.77922
0.77566
0.76425
0.70847
0.75721
0.75552
0.75175
0.79043
0.81035
0.8204
0.83034
0.83514
0.84982
0.86223
0.86789
0.86966
0.86863
0.86811
0.86359
0.81078
0.76103
0.73898
0.73588
0.728
0.79558
0.80545
0.79245
0.7445
0.74045
0.75484
0.772
0.78394
0.82374
0.85728
0.87161
0.86815
0.86717
0.87322
0.86613
0.85516
0.84829
0.84832
0.84827
0.84947
0.81009
0.75939
0.74916
0.73946
0.76297
0.71314
0.67577
0.6763
0.64103
0.70158
0.65591
0.63735
0.6531
0.7537
0.7983
0.82239
0.83004
0.83006
0.78751
0.78594
0.7886
0.78465
0.79529
0.77641
0.79748
0.79914
0.75969
0.74998
0.6905
0.67752
0.72003
0.75623
0.70081
0.69121
0.66686
0.66354
0.6364
0.75197
0.76119
0.77874
0.79361
0.80627
0.80909
0.81188
0.80764
0.81415
0.81935
0.82048
0.82435
0.8247
0.84031
0.85004
0.85722
0.85958
0.85518
0.85407
0.85167
0.8539
0.85657
0.85445
0.86398
0.87011
0.86844
0.86739
0.8632
0.86872
0.86897
0.86488
0.8631
0.86312
0.82331
0.83169
0.82836
0.82371
0.83367
0.76808
0.72266
0.67241
0.6353
0.75355
0.76153
0.80373
0.82808
0.84003
0.84817
