0.66036
0.71077
0.7406
0.8453
0.66027
0.63485
0.63973
0.64642
0.64397
0.6272
0.79708
0.85859
0.75647
0.80769
0.73502
0.7169
0.73759
0.70594
0.72275
0.68294
0.72115
0.66946
0.66895
0.81343
0.72183
0.66253
0.64137
0.70375
0.73959
0.82234
0.75225
0.72769
0.83211
0.85452
0.85345
0.84693
0.83889
0.8335
0.82937
0.8288
0.82936
0.82561
0.81783
0.79461
0.80441
0.80559
0.80652
0.81727
0.83001
0.83658
0.83285
0.82829
0.81637
0.81016
0.79417
0.77303
0.73543
0.72641
0.6524
0.56192
0.46868
0.38283
0.31286
0.25013
0.23843
0.2121
0.23017
0.24521
0.28661
0.267
0.2985
0.3189
0.32408
0.36538
0.44824
0.51725
0.55313
0.56435
0.58328
0.59471
0.61943
0.68035
0.77205
0.77716
0.77722
0.7735
0.76804
0.75613
0.73493
0.70945
0.69241
0.68149
0.68572
0.65466
0.72155
0.65985
0.62935
0.73763
0.74217
0.74807
0.75215
0.74983
0.74874
0.74539
0.74069
0.742
0.74085
0.73526
0.73542
0.72167
0.73524
0.73443
0.73866
0.74425
0.74635
0.66569
0.63259
0.6296
0.63283
0.61977
0.61644
0.66209
0.70753
0.71874
0.72909
0.72117
0.73675
0.73669
0.68811
0.61547
0.60446
0.54283
0.4724
0.46365
0.48487
0.62438
0.79085
0.78399
0.79991
0.82619
0.85921
0.87905
0.89105
0.86946
0.85974
0.79203
0.6854
0.83202
0.81938
0.76834
0.61351
0.6206
0.67693
0.66864
0.70702
0.71643
0.74449
0.73239
0.75662
0.77393
0.799
0.8038
0.79626
0.78692
0.76488
0.76711
0.65326
0.60719
0.62338
0.71575
0.74381
0.66398
0.73776
0.7271
0.65258
0.63646
0.57678
0.58234
0.51213
0.57549
0.65563
0.63411
0.56183
0.55683
0.55193
0.56916
0.69328
0.70357
0.69925
0.69568
0.69138
0.69063
0.69171
0.69339
0.68888
0.68651
0.68772
0.68582
0.67706
0.66342
0.64932
0.64241
0.59716
0.58102
0.5801
0.58365
0.57726
0.57409
0.54037
0.5075
0.44974
0.36679
0.31524
0.67539
0.76704
0.83183
0.82057
0.80726
0.78153
0.77174
0.76101
0.7514
0.72176
0.70686
0.68567
0.69137
0.69111
0.6907
0.68174
0.64708
0.59823
0.59385
0.5852
0.56096
0.44868
0.32897
0.51526
0.73779
0.76344
0.74903
0.63795
0.65723
0.76715
0.78945
0.70957
0.67739
0.666
0.65303
0.63156
0.61366
0.59393
0.60384
0.59754
0.59092
0.57314
0.57041
0.57973
0.57965
0.53615
0.55578
0.52722
0.54528
0.5438
0.54021
0.5428
0.55169
0.55163
0.56871
0.56861
0.54723
0.54367
0.54094
0.54205
0.5436
0.54729
0.53537
0.53396
0.51048
0.51694
0.49907
0.47346
0.5226
0.53459
0.54811
0.54739
0.56458
0.55217
0.51582
0.49142
0.47815
0.54481
0.5366
0.49755
0.46762
0.43848
0.42919
0.37414
0.39833
0.4191
0.54826
0.60496
0.62557
0.62872
0.61701
0.62284
0.63745
0.64411
0.75205
0.69618
0.72769
0.75341
0.76378
0.7328
0.72888
0.74187
0.73062
0.72643
0.63405
0.62625
0.61172
0.59686
0.55938
0.55067
0.57903
0.56798
0.54592
0.52035
0.35406
0.40318
0.61324
0.65087
0.65983
0.60688
0.51989
0.49936
0.49372
0.48814
0.54929
0.58696
0.50751
0.49316
0.49172
0.4962
0.49373
0.4985
0.52132
0.52641
0.52967
0.53736
0.53268
0.54302
0.60439
0.60149
0.59856
0.61505
0.60935
0.57339
0.58934
0.57575
0.62225
0.62611
0.61454
0.60566
0.69214
0.7053
0.71238
0.69491
0.672
0.63589
0.6237
0.64151
0.61261
0.60726
0.61452
0.61779
0.5968
0.56867
0.54728
0.53578
0.61938
0.63095
0.49836
0.57496
0.49276
0.48858
0.49344
0.50133
0.49541
0.49645
0.49378
0.48389
0.48193
0.48445
0.47493
0.47069
0.48474
0.47899
0.48523
0.5007
0.51811
0.50346
0.50611
0.5102
0.52379
0.52951
0.53794
0.54064
0.73637
0.49955
0.51712
0.4896
0.51866
0.55066
0.5063
0.49259
0.49293
0.49853
0.50155
0.50391
0.50489
0.50475
0.53337
0.52381
0.51267
0.52819
0.54784
0.54077
0.51701
0.4719
0.50955
0.45269
0.38171
0.41449
0.50169
0.58964
0.65147
0.73
0.73676
0.72946
0.72826
0.72597
0.71879
0.71065
0.69807
0.68087
0.69667
0.71203
0.71347
0.71229
0.71019
0.71086
0.71551
0.71667
0.72237
0.71933
0.7232
0.72172
0.70068
0.69502
0.6841
0.62313
0.61891
0.62412
0.62225
0.60293
0.58341
0.56852
0.65494
0.67985
0.56471
0.52657
0.51256
0.47547
0.47873
0.47133
0.50537
0.6576
0.61352
0.59101
0.60076
0.55009
0.57857
0.58257
0.59349
0.56741
0.52223
0.57482
0.58265
0.43301
0.38436
0.35281
0.32958
0.34657
0.36374
0.3749
0.41431
0.49399
0.489
0.42128
0.37293
0.4512
0.42951
0.42209
0.46532
0.45601
0.57015
0.55089
0.51506
0.48272
0.47179
0.47829
0.49035
0.49262
0.53941
0.49499
0.48786
0.48029
0.47202
0.47149
0.47703
0.48658
0.4887
0.50002
0.50886
0.5363
0.55111
0.55788
0.51454
0.51802
0.53775
0.56449
0.58862
0.5565
0.50685
0.54668
0.66195
0.66384
0.66266
0.64956
0.60839
0.56812
0.63026
0.62928
0.61353
0.58858
0.5534
0.52438
0.50909
0.50517
0.49299
0.57671
0.60096
0.60065
0.60119
0.61027
0.61953
0.60486
0.59648
0.58383
0.57737
0.5428
0.51908
0.51521
0.53096
0.53076
0.48797
0.45157
0.43271
0.41683
0.40891
0.43061
0.45218
0.43855
0.4114
0.40356
0.41109
0.43414
0.48488
0.50191
0.48889
0.47657
0.4456
0.40324
0.36904
0.34977
0.33086
0.27213
0.2312
0.22347
0.22485
0.22303
0.27581
0.4086
0.51033
0.53304
0.57906
0.66494
0.74275
0.73782
0.77332
0.75852
0.72467
0.66769
0.61176
0.55219
0.51888
0.4968
0.47976
0.48236
0.49844
0.51362
0.52009
0.54284
0.53354
0.53548
0.52392
0.52938
0.55706
0.59367
0.63542
0.66086
0.63731
0.61188
0.57931
0.56982
0.57191
0.57395
0.59738
0.64869
0.66919
0.62924
0.62987
0.62573
0.60251
0.60784
0.61292
0.59527
0.56799
0.53254
0.49468
0.49805
0.6646
0.65673
0.68456
0.67379
0.67855
0.67282
0.64978
0.63386
0.62552
0.59747
0.58288
0.55444
0.54719
0.52954
0.58833
0.6346
0.67861
0.65323
0.6549
0.65638
0.66133
0.6732
0.58487
0.61968
0.61014
0.58448
0.62286
0.6245
0.63145
0.61802
0.65059
0.66547
0.75458
0.74341
0.66689
0.64958
0.5862
0.56536
0.54896
0.5721
0.59403
0.6006
0.62137
0.62315
0.62796
0.60029
0.58339
0.65573
0.66417
0.64193
0.67407
0.65618
0.66517
0.82797
0.68592
0.66232
0.66118
0.67159
0.68378
0.82877
0.83065
0.79339
0.73799
0.69856
0.67884
0.64772
0.6268
0.61486
0.64731
0.65744
0.73019
0.72685
0.71919
0.70652
0.68292
0.74305
0.72699
0.70905
0.68558
0.66189
0.61487
0.6064
0.63956
0.67231
0.68238
0.65551
0.63447
0.64197
0.64995
0.65994
0.68768
0.71019
0.72832
0.6939
0.65604
0.66958
0.63881
0.61964
0.6578
0.59349
0.57648
0.57912
0.56793
0.53048
0.65967
0.62767
0.652
0.73817
0.73965
0.73503
0.7256
0.72735
0.7174
0.70873
0.70913
0.7122
0.71244
0.70618
0.68397
0.66169
0.68888
0.67246
0.61641
0.57153
0.5679
0.66611
0.68289
0.68431
0.66982
0.71485
0.75673
0.78266
0.78122
0.76833
0.7629
0.61559
0.62307
0.62326
0.6026
0.58962
0.58454
0.56182
0.55318
0.56017
0.58347
0.58922
0.60134
0.77795
0.75188
0.75475
0.75407
0.73918
0.7017
0.51072
0.47205
0.53208
0.58408
0.59566
0.6242
0.60908
0.59138
0.58273
0.63775
0.69885
0.83717
0.84885
0.85343
0.84885
0.82464
0.78183
0.76898
0.77238
0.78132
0.78626
0.75715
0.78779
0.77612
0.64147
0.67035
0.85747
0.88458
0.89159
0.89455
0.90053
0.87402
0.86852
0.86294
0.84237
0.83551
0.83079
0.81475
0.80315
0.79531
0.79153
0.77717
0.76977
0.77239
0.78083
0.7814
0.78141
0.7623
0.68008
0.60561
0.55925
0.51439
0.46257
0.40475
0.48579
0.8186
0.79734
0.82951
0.88852
0.91775
0.93545
0.9378
0.93716
0.93711
0.93814
0.93797
0.91018
0.85637
0.83025
0.83062
0.83376
0.81881
0.80605
0.80402
0.74242
0.66097
0.62354
0.59408
0.55327
0.53172
0.5016
0.5354
0.51621
0.43216
0.34405
0.29393
0.28935
0.33396
0.41649
0.56236
0.56846
0.5756
0.53877
0.48133
0.42324
0.40556
0.40843
0.47744
0.86386
0.86488
0.85126
0.84176
0.83074
0.83031
0.83756
0.82952
0.82498
0.80746
0.83422
0.77349
0.73148
0.71944
0.71325
0.67847
0.64669
0.66182
0.66941
0.66212
0.71542
0.7413
0.70749
0.69522
0.69453
0.67599
0.66063
0.64468
0.64993
0.6355
0.65553
0.58467
0.59271
0.57859
0.59127
0.58757
0.60075
0.62124
0.63988
0.61044
0.58165
0.56367
0.58919
0.66961
0.72596
0.69962
0.61862
0.55187
0.58144
0.61636
0.62696
0.61124
0.65234
0.6796
0.68021
0.69044
0.70958
0.69353
0.69309
0.70131
0.73631
0.73811
0.77591
0.80124
0.82988
0.78557
0.75029
0.77687
0.74619
0.73376
0.79639
0.82525
0.78442
0.75765
0.83391
0.81399
0.7794
0.76
0.75687
0.72845
0.71802
0.83523
0.8542
0.84823
0.84598
0.84552
0.85717
0.86599
0.87749
0.86453
0.8678
0.8753
0.86938
0.86308
0.85861
0.78178
0.6359
0.73688
0.8084
0.86638
0.89826
0.89779
0.88165
0.78101
0.81716
0.84878
0.70766
0.63488
0.72668
0.72615
0.74732
0.9163
0.9357
0.93039
0.90527
0.88454
0.90505
0.88372
0.83562
0.79296
0.73597
0.69587
0.68899
0.68464
0.6844
0.75782
0.75118
0.72488
0.72327
0.72489
0.87563
0.81383
0.83067
0.84227
0.8422
0.83253
0.83808
0.82942
0.8474
0.84947
0.83027
0.82822
0.84923
0.86308
0.84291
0.84716
0.86179
0.86832
0.82069
0.78845
0.81462
0.81086
0.76181
0.73123
0.7058
0.6954
0.71002
0.68963
0.66662
0.64314
0.63165
0.64755
0.63121
0.58937
0.55942
0.54237
0.56735
0.61033
0.626
0.62496
0.59744
0.53885
0.47912
0.45088
0.43985
0.48312
0.5956
0.78044
0.91308
0.89647
0.85007
0.79455
0.77058
0.76202
0.73542
0.68786
0.66284
0.64031
0.63529
0.63227
0.58388
0.52384
0.53036
0.53285
0.52168
0.48411
0.47486
0.5014
0.49623
0.51155
0.64277
0.62237
0.65405
0.66794
0.69665
0.73983
0.61256
0.59934
0.76174
0.91245
0.92323
0.90845
0.89163
0.8946
0.90308
0.90638
0.90499
0.80058
0.76966
0.8633
0.88787
0.90679
0.90261
0.9175
0.91327
0.91629
0.91135
0.90492
0.90212
0.89016
0.89444
0.85401
0.89308
0.89502
0.90045
0.90547
0.91612
0.91472
0.91097
0.8788
0.81151
0.7922
0.76988
0.86502
0.83583
0.86513
0.85854
0.80487
0.83218
0.78851
0.79457
0.86419
0.87061
0.87348
0.86297
0.84968
0.82437
0.82204
0.85292
0.86112
0.84523
0.80895
0.79529
0.87419
0.87876
0.88914
0.89918
0.89813
0.89337
0.88183
0.86802
0.86227
0.85278
0.71552
0.7064
0.78549
0.77086
0.80738
0.77909
0.75852
0.73436
0.70849
0.70933
0.73869
0.78712
0.80497
0.82132
0.81609
0.72671
0.66227
0.69733
0.7567
0.86172
0.87741
0.892
0.88049
0.85339
0.86182
0.88406
0.88696
0.87587
0.86063
0.86208
0.882
0.83212
0.826
0.85024
0.8504
0.78553
0.76071
0.74874
0.77713
0.75762
0.75058
0.89371
0.8947
0.89271
0.89709
0.87821
0.87977
0.87412
0.88006
0.89532
0.88319
0.88989
0.89274
0.90599
0.92812
0.92147
0.92473
0.9145
0.89852
0.88458
0.86998
0.85494
0.80911
0.69996
0.68986
0.63975
0.90832
0.79595
0.91055
0.73612
0.64017
0.59905
0.78722
0.88024
0.92767
0.92655
0.91788
0.91337
0.9282
0.80163
0.69727
0.69316
0.71459
0.74892
0.80741
0.78847
0.89236
0.85765
0.66695
0.76964
0.76057
0.84322
0.85834
0.77334
0.7308
0.72073
0.90899
0.78197
0.93787
0.92508
0.86846
0.83247
0.90995
0.8463
0.73454
0.69327
0.80425
0.79085
0.89372
0.90397
0.63827
0.7313
0.60088
0.5887
0.61543
0.63586
0.66116
0.74388
0.76048
0.75646
0.7251
0.73401
0.71922
0.68769
0.64498
0.61167
0.6183
0.66398
0.70085
0.73798
0.73781
0.7046
0.67057
0.6328
0.60776
0.63472
0.70846
0.7505
0.78847
0.77269
0.73691
0.68295
0.64908
0.6228
0.63411
0.6873
0.74404
0.78645
0.78672
0.71175
0.65708
0.75016
0.66476
0.6894
0.70783
0.7187
0.72402
0.68051
0.65286
0.65285
0.66387
0.65171
0.61779
0.53919
0.57253
0.62454
0.63556
0.63735
0.62517
0.64106
0.67002
0.65686
0.67355
0.68983
0.72702
0.73176
0.71567
0.69502
0.65824
0.67905
0.76281
0.73446
0.74089
0.75607
0.73887
0.7192
0.6226
0.601
0.62838
0.62567
0.60672
0.76274
0.69004
0.65345
0.67705
0.69276
0.74509
0.7561
0.77223
0.73935
0.70792
0.677
0.66382
0.6953
0.7558
0.7697
0.73382
0.71927
0.6292
0.62253
0.6342
0.70188
0.76424
0.7546
0.74826
0.74151
0.74307
0.76038
0.74519
0.73972
0.80949
0.81322
0.82886
0.84227
0.77671
0.7151
0.72375
0.76184
0.78263
0.85014
0.86687
0.78908
0.72012
0.70983
0.69031
0.77008
0.72931
0.72284
0.72772
0.73875
0.68213
0.90048
0.95884
0.91021
0.74685
0.90782
0.92994
0.89722
0.81451
0.82879
0.91345
0.9471
0.95026
0.9398
0.84235
0.69466
0.63723
0.67203
0.6998
0.7624
0.77948
0.75317
0.71075
0.83385
0.76447
0.74737
0.72818
0.74008
0.77469
0.71995
0.78423
0.84931
0.82648
0.71007
0.7041
0.76095
0.95906
0.96637
0.9767
0.97296
0.96508
0.96611
0.96675
0.95472
0.9306
0.90028
0.84816
0.79164
0.81062
0.76984
0.72508
0.74802
0.73949
0.75543
0.81822
0.93464
0.90316
0.89484
0.8903
0.91472
0.92192
0.91217
0.88914
0.86214
0.85457
0.83541
0.89209
0.89278
0.87802
0.90662
0.89881
0.77567
0.87343
0.94545
0.93603
0.92789
0.90312
0.90405
0.86689
0.82375
0.66451
0.65495
0.66692
0.75018
0.86994
0.79627
0.80426
0.7579
0.76824
0.74126
0.71729
0.68942
0.68934
0.72336
0.70101
0.71336
0.72554
0.75432
0.78651
0.77865
0.76177
0.95616
0.958
0.94417
0.93584
0.89147
0.88522
0.96033
0.95697
0.95084
0.9358
0.90834
0.90896
0.9095
0.90773
0.92765
0.91493
0.87501
0.84309
0.90366
0.86928
0.90205
0.90088
0.87746
0.89799
0.90632
0.80026
0.90088
0.91372
0.9374
0.94297
0.94402
0.91441
0.90932
0.85926
0.80323
0.78013
0.84743
0.9207
0.90973
0.85657
0.82088
0.8731
0.90295
0.89316
0.885
0.87138
0.8918
0.79615
0.73003
0.73408
0.71129
0.7322
0.91948
0.93519
0.92899
0.91272
0.92228
0.90522
0.91969
0.91253
0.93608
0.9411
0.93689
0.92947
0.92383
0.912
0.86496
0.84328
0.89373
0.92544
0.91867
0.90397
0.91409
0.88815
0.86439
0.68177
0.76125
0.75703
0.79478
0.82204
0.89126
0.90486
0.87497
0.84428
0.89246
0.84638
0.86885
0.78832
0.717
0.6821
0.67927
0.67514
0.67798
0.70051
0.70377
0.71067
0.72635
0.72941
0.72253
0.72591
0.73779
0.71256
0.69788
0.72971
0.70472
0.72287
0.76662
0.86745
0.90507
0.91665
0.89032
0.87914
0.89878
0.90246
0.87301
0.86165
0.85818
0.83991
0.82811
0.78338
0.7868
0.7757
0.71739
0.73643
0.73993
0.78265
0.83513
0.83131
0.80772
0.71763
0.68092
0.66718
0.66943
0.67131
0.69171
0.71611
0.7121
0.67965
0.68852
0.65457
0.61361
0.58545
0.74927
0.80556
0.79803
0.77927
0.78589
0.75301
0.94078
0.85553
0.77272
0.80999
0.80941
0.78927
0.81731
0.87878
0.80827
0.85642
0.74129
0.77221
0.76788
0.77945
0.76544
0.79284
0.77207
0.81918
0.81216
0.84231
0.92759
0.92355
0.92751
0.92485
0.80605
0.89157
0.80401
0.82611
0.77822
0.79502
0.79215
0.74302
0.69312
0.78364
0.83793
0.90814
0.76651
0.76108
0.71498
0.66228
0.73129
0.73099
0.98638
0.78066
0.75859
0.88601
0.80048
0.73252
0.71566
0.68511
0.7272
0.71555
0.6923
0.67985
0.69022
0.68099
0.66165
0.67892
0.73237
0.71994
0.74536
0.76732
0.80248
0.82104
0.85048
0.83481
0.91034
0.93546
0.93658
0.93324
0.92352
0.91877
0.93045
0.93113
0.92085
0.9179
0.90553
0.88913
0.8849
0.88181
0.86849
0.85125
0.91361
0.87066
0.88012
0.88993
0.86652
0.84676
0.82266
0.75671
0.74601
0.83203
0.81587
0.77838
0.73159
0.68622
0.67268
0.63635
0.62855
0.6169
0.63331
0.63943
0.63781
0.63566
0.62914
0.63522
0.61661
0.61819
0.61889
0.63247
0.64981
0.66298
0.66048
0.69037
0.84191
0.8676
0.87969
0.90093
0.91172
0.77369
0.70193
0.75805
0.71487
0.89722
0.93788
0.96263
0.97798
0.98308
0.98475
0.97459
0.97349
0.96947
0.97221
0.98006
0.98183
0.98597
0.98709
0.98397
0.97693
0.97353
0.97228
0.97453
0.96281
0.965
0.97481
0.97057
0.96146
0.95141
0.92911
0.90085
0.88132
0.85249
0.782
0.76078
0.72111
0.76039
0.74424
0.74848
0.77834
0.76664
0.74214
0.71351
0.75682
0.76802
0.74081
0.73142
0.70623
0.70064
0.68545
0.62373
0.55929
0.59736
0.69847
0.72589
0.78992
0.76643
0.69992
0.69627
0.70166
0.72043
0.71556
0.70654
0.69921
0.69729
0.68618
0.65619
0.65006
0.6701
0.81906
0.83535
0.88309
0.91103
0.91655
0.91137
0.91228
0.91287
0.93196
0.92376
0.92855
0.87344
0.73797
0.68124
0.65644
0.65327
0.63476
0.64873
0.64764
0.6526
0.65729
0.63218
0.6515
0.68053
0.71446
0.76146
0.8497
0.89979
0.90616
0.90119
0.89962
0.89235
0.8756
0.88417
0.84557
0.83849
0.76822
0.69776
0.56794
0.52688
0.62769
0.87594
0.91106
0.91334
0.91213
0.9183
0.91254
0.90133
0.78697
0.82918
0.81312
0.77488
0.81289
0.8193
0.77574
0.73931
0.72413
0.78161
0.81347
0.83535
0.83435
0.81725
0.80981
0.80243
0.79911
0.81409
0.82935
0.83303
0.80252
0.7657
0.75587
0.77974
0.78582
0.80882
0.83945
0.85507
0.86197
0.8599
0.86272
0.86314
0.86405
0.87058
0.87762
0.88553
0.88935
0.89331
0.89384
0.89251
0.89012
0.89128
0.85692
0.82066
0.84162
0.79445
0.76721
0.79635
0.81092
0.80473
0.69557
0.61566
0.54848
0.50092
0.46094
0.48797
0.86851
0.89066
0.90958
0.91868
0.9342
0.92906
0.92804
0.93044
0.93389
0.9345
0.93916
0.94764
0.94624
0.94471
0.9456
0.94459
0.94453
0.94454
0.94507
0.9365
0.92153
0.93298
0.93339
0.92351
0.90351
0.87541
0.78995
0.74865
0.72641
0.83023
0.85511
0.83949
0.8453
0.85808
0.84539
0.84875
0.85005
0.8525
0.83996
0.81594
0.81992
0.79768
0.77472
0.71766
0.68416
0.66463
0.76649
0.81399
0.82585
0.83867
0.85011
0.8497
0.85199
0.85466
0.85599
0.8584
0.86212
0.86914
0.87562
0.88166
0.87397
0.86686
0.86716
0.82654
0.8508
0.85175
0.85111
0.85
0.83262
0.79731
0.76106
0.74196
0.72714
0.731
0.72668
0.69978
0.64337
0.60561
0.57355
0.54747
0.54692
0.50464
0.48621
0.49227
0.4752
0.44873
0.44551
0.43634
0.47294
0.61566
0.71516
0.74207
0.83162
0.83987
0.84052
0.86486
0.80112
0.80926
0.83275
0.85744
0.85688
0.86209
0.84709
0.80442
0.77126
0.73294
0.73714
0.71619
0.68667
0.73463
0.76094
0.79414
0.8186
0.85113
0.86544
0.8771
0.88016
0.88035
0.87722
0.87298
0.87305
0.87235
0.87432
0.8609
0.84457
0.73682
0.6505
0.60543
0.56345
0.54579
0.55175
0.55394
0.55244
0.54207
0.54655
0.57587
0.76264
0.82265
0.84439
0.87442
0.88211
0.88264
0.86703
0.85429
0.84235
0.82627
0.83274
0.82804
0.79171
0.80282
0.79623
0.78868
0.77353
0.74775
0.66944
0.61492
0.63805
0.50639
0.46651
0.34155
0.27261
0.21346
0.19914
0.19665
0.21136
0.81855
0.77791
0.80798
0.83284
0.82148
0.84304
0.85377
0.74228
0.8583
0.89798
0.92254
0.92057
0.92453
0.92472
0.92445
0.91695
0.91405
0.90623
0.90243
0.89708
0.89183
0.87096
0.85836
0.83397
0.80914
0.78917
0.80248
0.82018
0.8207
0.71123
0.65542
0.8164
0.84341
0.89466
0.91347
0.9214
0.88739
0.87819
0.85208
0.82289
0.82494
0.82787
0.8066
0.79407
0.81462
0.73199
0.69086
0.60833
0.58617
0.57611
0.56204
0.55278
0.56435
0.59749
0.61941
0.63741
0.57837
0.5566
0.56675
0.56891
0.55906
0.61819
0.62639
0.64039
0.65049
0.65248
0.65183
0.64453
0.64531
0.63888
0.63425
0.63195
0.6413
0.67458
0.68163
0.65713
0.65459
0.6524
0.62883
0.58702
0.63878
0.81705
0.80737
0.80554
0.7787
0.77758
0.78453
0.78523
0.76115
0.73399
0.7501
0.76394
0.75219
0.68808
0.65477
0.63621
0.6059
0.6376
0.64344
0.6476
0.63085
0.61395
0.62747
0.6453
0.65344
0.65953
0.64968
0.6375
0.62181
0.60964
0.61091
0.57676
0.55949
0.51517
0.4967
0.49128
0.57016
0.8363
0.84623
0.84708
0.85691
0.85937
0.85755
0.85569
0.82911
0.78649
0.73463
0.743
0.73133
0.69758
0.65955
0.6371
0.61597
0.60952
0.60203
0.60636
0.69918
0.83978
0.84678
0.85625
0.86837
0.87061
0.74125
0.87879
0.88243
0.87979
0.87901
0.87477
0.87105
0.85225
0.84784
0.84118
0.817
0.77196
0.72776
0.70267
0.75279
0.71577
0.65389
0.59035
0.68654
0.7765
0.79767
0.83305
0.84529
0.86949
0.87333
0.86965
0.8375
0.83149
0.82318
0.8207
0.80862
0.80732
0.79864
0.78124
0.77392
0.76606
0.75779
0.7198
0.71258
0.71971
0.65082
0.60997
0.4873
0.46615
0.4005
0.53288
0.55911
0.66271
0.70681
0.85908
0.86175
0.8712
0.86952
0.87226
0.86286
0.85366
0.85399
0.84928
0.85197
0.84858
0.84524
0.83788
0.83586
0.83269
0.81702
0.81262
0.80836
0.80707
0.8108
0.82377
0.76548
0.69143
0.66766
0.79668
0.74484
0.81991
0.84799
0.87057
0.87948
0.87984
0.88368
0.88072
0.87982
0.87711
0.87632
0.87431
0.86441
0.8526
0.84482
0.84214
0.83902
0.83109
0.82294
0.82268
0.81799
0.82021
0.81458
0.80507
0.77549
0.72645
0.6876
0.67819
0.63764
0.66659
0.5646
0.46345
0.46793
0.47384
0.46608
0.478
0.47924
0.46643
0.47433
0.4726
0.49303
0.51449
0.50382
0.49893
0.69537
0.77692
0.7857
0.82039
0.85106
0.87175
0.88452
0.87382
0.88912
0.90844
0.91712
0.91481
0.91245
0.91111
0.87447
0.83711
0.87999
0.89578
0.90728
0.90939
0.9116
0.91499
0.91249
0.91216
0.91309
0.91569
0.92444
0.92482
0.92582
0.92312
0.91718
0.88744
0.87258
0.85675
0.85015
0.83945
0.81612
0.79144
0.78718
0.7766
0.7564
0.76487
0.76696
0.77586
0.75315
0.76306
0.763
0.7657
0.74805
0.65976
0.60496
0.55712
0.48971
0.42221
0.36423
0.35379
0.35592
0.36606
0.40172
0.48629
0.61011
0.71174
0.73228
0.79024
0.81938
0.78672
0.77107
0.76644
0.65802
0.47063
0.47526
0.60596
0.62856
0.65998
0.69989
0.7382
0.6703
0.62385
0.74745
0.72594
0.7475
0.76329
0.77192
0.75305
0.65677
0.65515
0.70346
0.79121
0.82442
0.85085
0.87111
0.88336
0.89181
0.88778
0.86927
0.85197
0.81035
0.77748
0.75383
0.78623
0.78525
0.76713
0.70519
0.6272
0.6153
0.59404
0.58517
0.7146
0.71857
0.73418
0.69356
0.71997
0.62096
0.64662
0.64025
0.64579
0.65325
0.68503
0.69223
0.71087
0.71921
0.72459
0.73247
0.73949
0.76111
0.76852
0.77734
0.78163
0.78557
0.79108
0.78943
0.78486
0.77863
0.75891
0.7592
0.77959
0.7898
0.79423
0.79651
0.78699
0.75741
0.77117
0.76907
0.76799
0.72318
0.70624
0.67802
0.6836
0.6576
0.62053
0.62017
0.62605
0.63266
0.64476
0.65669
0.65095
0.64302
0.61059
0.60075
0.59915
0.58568
0.587
0.58412
0.57268
0.56386
0.54918
0.51737
0.51065
0.48515
0.44162
0.48803
0.54448
0.53466
0.53158
0.51468
0.5012
0.64852
0.73427
0.72579
0.7279
0.73485
0.68058
0.64988
0.64867
0.67382
0.6568
0.65586
0.62117
0.56186
0.52925
0.67077
0.65703
0.64346
0.5936
0.6193
0.66054
0.65679
0.67209
0.68712
0.72365
0.71813
0.73464
0.72983
0.72055
0.71856
0.56921
0.52202
0.5069
0.47871
0.52863
0.69826
0.72245
0.71271
0.6452
0.63789
0.68936
0.76833
0.79083
0.7849
0.71539
0.65456
0.64968
0.72716
0.71352
0.71086
0.75047
0.76451
0.7662
0.79267
0.82122
0.83963
0.84989
0.86392
0.87174
0.87328
0.88201
0.7387
0.7263
0.7128
0.72494
0.61705
0.58692
0.56952
0.55655
0.58935
0.59042
0.57841
0.56462
0.58008
0.63198
0.5821
0.62595
0.53557
0.54794
0.54274
0.54765
0.54026
0.53874
0.53455
0.5481
0.54187
0.52878
0.52673
0.53489
0.55941
0.56647
0.57416
0.61437
0.56707
0.57818
0.6244
0.70008
0.71166
0.71386
0.71769
0.62887
0.61218
0.60741
0.60814
0.61123
0.62556
0.63588
0.62454
0.59479
0.56689
0.5011
0.56047
0.50159
0.48788
0.44049
0.38158
0.41504
0.63757
0.70563
0.72618
0.73227
0.72412
0.71482
0.73058
0.70991
0.67473
0.66094
0.64428
0.62868
0.62497
0.56893
0.48742
0.47831
0.48785
0.4486
0.50215
0.58038
0.64156
0.85587
0.84799
0.81609
0.78987
0.78816
0.71472
0.62486
0.45687
0.34793
0.2918
0.24232
0.21112
0.17325
0.14755
0.17027
0.24452
0.42484
0.83259
0.82825
0.82026
0.80037
0.78785
0.76929
0.75172
0.72929
0.72826
0.72206
0.71741
0.71095
0.70936
0.71357
0.72999
0.73982
0.74529
0.74082
0.73336
0.72996
0.72608
0.72745
0.72813
0.72391
0.70065
0.68919
0.67416
0.67618
0.66454
0.66834
0.66211
0.6621
0.66025
0.64935
0.63742
0.62927
0.62928
0.64036
0.69587
0.68218
0.69689
0.74508
0.76948
0.74707
0.69308
0.62171
0.60484
0.60007
0.57679
0.57284
0.57688
0.56951
0.5824
0.6076
0.61849
0.70002
0.67256
0.64614
0.66266
0.66601
0.63632
0.60988
0.49632
0.61741
0.64418
0.67879
0.72952
0.75012
0.7523
0.74673
0.75469
0.74441
0.76203
0.76693
0.7688
0.77193
0.77585
0.76195
0.71961
0.4632
0.36249
0.33809
0.49399
0.63661
0.79824
0.85923
0.90283
0.9045
0.90625
0.89902
0.90317
0.86817
0.8592
0.84197
0.84567
0.7844
0.62692
0.61442
0.582
0.70261
0.80085
0.88848
0.90557
0.89683
0.90186
0.81815
0.67305
0.66334
0.68832
0.72027
0.74269
0.70553
0.68798
0.6958
0.70094
0.7013
0.66869
0.62308
0.67281
0.75424
0.74059
0.72063
0.68988
0.66997
0.68377
0.72774
0.79264
0.77661
0.738
0.75521
0.74888
0.63906
0.79119
0.63234
0.68113
0.68541
0.62715
0.65825
0.6809
0.70386
0.73588
0.72431
0.72923
0.87269
0.86443
0.83802
0.83229
0.82501
0.81726
0.79365
0.69927
0.67764
0.66445
0.59803
0.51203
0.45965
0.44279
0.45934
0.75008
0.75903
0.69654
0.65761
0.62371
0.45427
0.64042
0.72251
0.70402
0.68347
0.68019
0.64227
0.58943
0.77484
0.71918
0.74089
0.70068
0.70489
0.67405
0.67679
0.67415
0.76032
0.75102
0.76554
0.74529
0.66303
0.65575
0.64345
0.60899
0.57971
0.56137
0.54145
0.50762
0.51121
0.61037
0.71546
0.73274
0.76141
0.74095
0.66313
0.63712
0.64327
0.65263
0.66027
0.65831
0.65533
0.64392
0.6297
0.61303
0.60657
0.63161
0.646
0.67713
0.68402
0.67195
0.67435
0.66414
0.62117
0.58121
0.58589
0.5246
