0.58879
0.5888
0.60768
0.61598
0.61152
0.61249
0.6129
0.61164
0.61155
0.62839
0.6139
0.61959
0.57846
0.59785
0.60878
0.61176
0.6134
0.60704
0.61091
0.61205
0.62985
0.64154
0.65873
0.66972
0.65292
0.5425
0.58827
0.60353
0.63306
0.6463
0.63716
0.6291
0.61766
0.58544
0.57173
0.56247
0.53532
0.57471
0.57051
0.62907
0.58225
0.55109
0.54554
0.55661
0.55344
0.55086
0.55244
0.5968
0.62135
0.61741
0.61198
0.63094
0.58767
0.56969
0.60597
0.60621
0.6055
0.61011
0.61404
0.61659
0.61048
0.60459
0.59617
0.59912
0.60345
0.61222
0.62952
0.61845
0.61424
0.60029
0.59597
0.59101
0.57513
0.60352
0.60772
0.66403
0.71849
0.72472
0.76551
0.73248
0.78084
0.63024
0.61019
0.55442
0.54373
0.54161
0.56489
0.58088
0.63528
0.62625
0.64256
0.60184
0.59514
0.59651
0.59842
0.60458
0.60954
0.77441
0.76324
0.7511
0.73688
0.71305
0.70064
0.66789
0.63692
0.58256
0.5581
0.578
0.58627
0.59219
0.62228
0.66718
0.69725
0.71337
0.70321
0.71259
0.71656
0.70216
0.67418
0.61332
0.59934
0.60312
0.59344
0.57821
0.54452
0.5435
0.54243
0.67313
0.69667
0.69895
0.71542
0.7243
0.70892
0.62956
0.62894
0.63863
0.64404
0.65214
0.64597
0.63139
0.60003
0.58783
0.59299
0.58489
0.58152
0.55778
0.56345
0.56572
0.61485
0.59619
0.583
0.72471
0.6987
0.72935
0.73959
0.72151
0.69839
0.68416
0.66155
0.66165
0.64034
0.65188
0.64093
0.6244
0.63177
0.68558
0.71595
0.73162
0.74328
0.76002
0.77416
0.78029
0.77132
0.73028
0.52809
0.52094
0.52837
0.52794
0.55971
0.59398
0.62278
0.6906
0.72742
0.7464
0.75256
0.73468
0.69872
0.66765
0.64056
0.71567
0.65379
0.7002
0.73109
0.66785
0.6734
0.69031
0.69813
0.6588
0.69696
0.71459
0.74504
0.70971
0.70766
0.71376
0.71356
0.69499
0.70085
0.71238
0.71574
0.74764
0.72651
0.76399
0.7819
0.65838
0.7094
0.6524
0.6451
0.64812
0.65579
0.65872
0.64678
0.63585
0.69503
0.62948
0.62335
0.61044
0.5759
0.5676
0.55483
0.56408
0.57998
0.60732
0.60475
0.61991
0.72162
0.73373
0.77112
0.76557
0.81375
0.70972
0.63658
0.61895
0.61929
0.61014
0.63692
0.67297
0.78688
0.79279
0.78477
0.81471
0.83026
0.82389
0.81183
0.80253
0.76683
0.74392
0.66818
0.6679
0.68355
0.67054
0.45196
0.59401
0.67574
0.79364
0.81241
0.8176
0.81923
0.8235
0.82637
0.81551
0.80372
0.77693
0.74821
0.64344
0.61564
0.60734
0.62769
0.63705
0.64184
0.69794
0.6582
0.62538
0.64551
0.62075
0.61711
0.61216
0.62001
0.6301
0.64511
0.6606
0.66445
0.66438
0.66569
0.67287
0.68129
0.69399
0.68916
0.68959
0.67616
0.66229
0.65923
0.64544
0.62908
0.62756
0.61472
0.6087
0.61128
0.62675
0.6278
0.62975
0.62995
0.62993
0.65216
0.63652
0.68209
0.6569
0.65144
0.62453
0.60633
0.58455
0.58907
0.57462
0.56623
0.57392
0.58396
0.57726
0.5543
0.56065
0.56361
0.56447
0.56181
0.5731
0.57022
0.58403
0.58598
0.58281
0.5771
0.56759
0.53381
0.51654
0.5298
0.51706
0.54934
0.56247
0.55803
0.64851
0.61369
0.7396
0.67622
0.57143
0.58701
0.59792
0.59522
0.58868
0.58729
0.58725
0.59263
0.59987
0.60343
0.60645
0.62619
0.61331
0.60358
0.56218
0.55992
0.57247
0.58677
0.5917
0.58825
0.5904
0.58017
0.569
0.56846
0.55485
0.55253
0.53949
0.51646
0.5953
0.59035
0.58592
0.48238
0.61514
0.61429
0.61828
0.6273
0.63689
0.62233
0.61881
0.6734
0.71473
0.74744
0.75194
0.68896
0.69149
0.65928
0.62744
0.63008
0.62516
0.65702
0.64498
0.63254
0.68408
0.75498
0.68987
0.72363
0.70334
0.59499
0.62512
0.73353
0.73579
0.73765
0.74021
0.74304
0.73489
0.72389
0.6819
0.66359
0.65659
0.63713
0.61083
0.59916
0.58941
0.57978
0.5735
0.58349
0.58624
0.58858
0.63462
0.63834
0.63439
0.64189
0.63771
0.65349
0.65793
0.62912
0.63021
0.63131
0.63279
0.62706
0.6338
0.62882
0.61452
0.60891
0.5948
0.58621
0.57872
0.57472
0.58212
0.62447
0.6096
0.61782
0.64231
0.65808
0.67388
0.6914
0.69718
0.68874
0.68585
0.67869
0.66218
0.64764
0.61536
0.62319
0.64895
0.67405
0.6874
0.68802
0.7148
0.73991
0.64623
0.64849
0.64711
0.64431
0.68633
0.78688
0.80395
0.79707
0.76853
0.75489
0.7511
0.77436
0.78588
0.7937
0.76479
0.74443
0.71368
0.72581
0.71358
0.70361
0.69016
0.67988
0.63521
0.62775
0.59662
0.62141
0.6092
0.63739
0.6426
0.63988
0.64562
0.65205
0.65006
0.63266
0.62151
0.61795
0.61683
0.61087
0.6104
0.61609
0.61464
0.59702
0.60328
0.60021
0.60264
0.60307
0.60692
0.60914
0.61075
0.6079
0.60487
0.60658
0.60234
0.59821
0.59546
0.59242
0.59171
0.59297
0.59266
0.59669
0.6011
0.60545
0.60887
0.60017
0.6023
0.62033
0.58574
0.60374
0.61525
0.61906
0.62582
0.62666
0.60756
0.6139
0.64543
0.65035
0.60814
0.61302
0.61934
0.60944
0.61219
0.63133
0.65833
0.69717
0.70487
0.71462
0.71818
0.70503
0.69604
0.71204
0.74424
0.77471
0.7227
0.70078
0.69564
0.67426
0.67288
0.68331
0.70654
0.71733
0.74471
0.62289
0.63317
0.65945
0.6742
0.7073
0.73945
0.72987
0.62338
0.69932
0.68138
0.76386
0.68162
0.68249
0.7082
0.71059
0.7101
0.69289
0.69579
0.69922
0.68315
0.68508
0.67684
0.62982
0.62525
0.6075
0.61975
0.61117
0.66088
0.62538
0.58777
0.55808
0.55493
0.69887
0.69555
0.69406
0.69824
0.70244
0.70643
0.71618
0.68862
0.73091
0.74462
0.67001
0.66251
0.67723
0.71082
0.69058
0.6898
0.73781
0.71886
0.69434
0.69092
0.65174
0.62321
0.6186
0.65083
0.69176
0.68329
0.67601
0.67695
0.69636
0.6681
0.66131
0.64872
0.64195
0.69906
0.71431
0.72163
0.68971
0.68139
0.6817
0.68323
0.67769
0.68703
0.68789
0.6471
0.53201
0.54246
0.59023
0.5872
0.58073
0.58964
0.60457
0.58713
0.58877
0.5805
0.57181
0.56595
0.56704
0.64766
0.66972
0.68302
0.68318
0.67465
0.67635
0.69326
0.69851
0.70275
0.7138
0.70895
0.68255
0.66484
0.6485
0.6122
0.58851
0.5816
0.57147
0.62115
0.64976
0.64278
0.65
0.66089
0.6588
0.6622
0.67743
0.68358
0.64541
0.62653
0.60887
0.61552
0.61385
0.63211
0.63751
0.56144
0.56279
0.57817
0.58404
0.61832
0.6208
0.63461
0.65096
0.65488
0.6496
0.64282
0.63903
0.63466
0.63478
0.64788
0.65595
0.66043
0.66877
0.66725
0.64635
0.63234
0.63426
0.63965
0.64289
0.64812
0.64563
0.63868
0.64539
0.62627
0.62099
0.63051
0.64869
0.64895
0.63514
0.61566
0.61255
0.60584
0.60775
0.61064
0.62767
0.63673
0.6291
0.61183
0.597
0.59492
0.59546
0.61346
0.61879
0.58862
0.57386
0.57932
0.58226
0.57559
0.52325
0.49042
0.47903
0.46747
0.46751
0.48797
0.49647
0.47721
0.48061
0.45539
0.42791
0.45419
0.55423
0.6762
0.66922
0.64549
0.63402
0.61858
0.60098
0.60349
0.65073
0.6657
0.67155
0.67408
0.67547
0.65053
0.62962
0.61636
0.66334
0.71054
0.72614
0.65393
0.62055
0.61998
0.61177
0.61682
0.62602
0.61269
0.59922
0.58741
0.58233
0.59652
0.59414
0.5796
0.56926
0.57393
0.55709
0.54305
0.55072
0.5848
0.61934
0.65135
0.65408
0.70949
0.70398
0.73759
0.70651
0.66383
0.67882
0.62533
0.63769
0.64718
0.734
0.68728
0.69253
0.66789
0.64273
0.6356
0.64111
0.69118
0.70517
0.74078
0.74841
0.71945
0.7273
0.70423
0.6829
0.6947
0.71054
0.70314
0.68341
0.67193
0.66084
0.67303
0.72729
0.7488
0.74022
0.74547
0.77906
0.73288
0.73258
0.6663
0.67011
0.67203
0.68076
0.7138
0.75405
0.72095
0.68327
0.66655
0.71463
0.74685
0.75197
0.80172
0.73127
0.70575
0.71086
0.66291
0.60817
0.60928
0.61473
0.60367
0.70132
0.6981
0.68743
0.68127
0.69447
0.72395
0.74337
0.82486
0.79799
0.79389
0.83238
0.7577
0.72599
0.7343
0.7553
0.76757
0.78284
0.77718
0.83293
0.84535
0.82306
0.78455
0.77505
0.78038
0.79819
0.7747
0.77918
0.81768
0.80534
0.78043
0.77716
0.78295
0.77829
0.76679
0.78471
0.77365
0.78037
0.78562
0.81247
0.73543
0.77221
0.7977
0.73622
0.73177
0.70781
0.67116
0.64501
0.66154
0.68931
0.69418
0.7137
0.729
0.7154
0.71036
0.73138
0.73389
0.73276
0.70637
0.67921
0.65919
0.62637
0.60803
0.51843
0.50217
0.5009
0.58595
0.61769
0.62142
0.62574
0.63391
0.65902
0.69421
0.71144
0.71197
0.71054
0.69676
0.70539
0.72484
0.73557
0.74578
0.73856
0.74563
0.77415
0.78288
0.78588
0.79553
0.77895
0.76586
0.77905
0.79246
0.75321
0.70316
0.67925
0.64487
0.61964
0.7076
0.6916
0.65436
0.65234
0.68191
0.70875
0.71082
0.72159
0.75509
0.77444
0.76301
0.74528
0.73176
0.71807
0.69844
0.69166
0.7016
0.73617
0.74378
0.70965
0.7151
0.74661
0.75495
0.76922
0.77462
0.77443
0.73967
0.71863
0.69253
0.66544
0.6492
0.71692
0.71925
0.74967
0.74835
0.69328
0.68775
0.67272
0.68432
0.69768
0.70116
0.68945
0.80181
0.79734
0.81331
0.80694
0.80979
0.7523
0.72878
0.72806
0.6706
0.64868
0.62819
0.62837
0.68172
0.71035
0.79208
0.82707
0.85866
0.8473
0.84297
0.86313
0.85612
0.84508
0.83028
0.8264
0.64762
0.56303
0.58657
0.58534
0.5552
0.58992
0.66412
0.78282
0.75962
0.68096
0.66999
0.64117
0.63003
0.62665
0.67953
0.73094
0.70095
0.66422
0.64445
0.65755
0.67131
0.71234
0.73732
0.73042
0.7273
0.7226
0.71442
0.70451
0.7244
0.73916
0.78275
0.76685
0.73858
0.70305
0.63847
0.60979
0.6711
0.63583
0.66287
0.65098
0.64315
0.61568
0.61981
0.60557
0.59003
0.59579
0.64175
0.73242
0.7916
0.7913
0.78202
0.80132
0.76353
0.72734
0.70696
0.73727
0.73457
0.63234
0.60997
0.70347
0.77637
0.74736
0.77433
0.80895
0.72332
0.66856
0.60751
0.66306
0.63276
0.6926
0.72256
0.67611
0.68968
0.6809
0.65783
0.6528
0.64781
0.6901
0.71429
0.69816
0.7298
0.80289
0.8103
0.81585
0.80802
0.79331
0.78682
0.78598
0.79089
0.72246
0.75225
0.80524
0.80399
0.76364
0.74656
0.75182
0.79036
0.82879
0.79733
0.82708
0.78888
0.78934
0.76252
0.70983
0.66611
0.74253
0.74271
0.72955
0.73618
0.81864
0.81482
0.78393
0.77729
0.79146
0.86886
0.85468
0.82933
0.83517
0.81041
0.80129
0.79157
0.77178
0.72622
0.69553
0.71411
0.69331
0.67852
0.63058
0.57336
0.62871
0.73563
0.73645
0.7458
0.80652
0.79104
0.79659
0.81234
0.81423
0.80566
0.89489
0.87816
0.86721
0.84926
0.82936
0.7812
0.74118
0.7702
0.7378
0.73341
0.72476
0.75952
0.78079
0.78253
0.77806
0.76108
0.74049
0.74641
0.77139
0.7874
0.75513
0.76122
0.74241
0.73394
0.91741
0.90398
0.85529
0.80813
0.84369
0.87043
0.86877
0.91708
0.89148
0.88322
0.87349
0.86266
0.85571
0.84204
0.80758
0.86846
0.83625
0.8056
0.74514
0.74619
0.74208
0.84465
0.8479
0.83137
0.80529
0.82887
0.79615
0.7591
0.76104
0.7559
0.73767
0.71099
0.68583
0.67957
0.65052
0.63336
0.62822
0.64672
0.67902
0.78935
0.79018
0.75902
0.8027
0.83414
0.83535
0.8085
0.76928
0.74883
0.86569
0.854
0.84276
0.83943
0.84023
0.79055
0.82334
0.81102
0.85287
0.83473
0.86379
0.84656
0.83238
0.83003
0.77182
0.75168
0.7621
0.83397
0.82622
0.83157
0.81318
0.79712
0.78842
0.76687
0.71828
0.70969
0.71583
0.72154
0.69948
0.67647
0.6548
0.66137
0.70235
0.74507
0.76867
0.82696
0.80287
0.81332
0.75447
0.70944
0.73388
0.74749
0.8145
0.81085
0.79999
0.79566
0.75042
0.72634
0.73599
0.74167
0.75959
0.76668
0.79909
0.75796
0.72883
0.74035
0.74785
0.7457
0.7573
0.7519
0.75917
0.74803
0.75011
0.73885
0.71014
0.78245
0.88804
0.88556
0.89216
0.89819
0.8581
0.85387
0.88386
0.87206
0.86939
0.85641
0.84123
0.82178
0.83015
0.84717
0.87779
0.86879
0.81691
0.8359
0.84356
0.82841
0.84262
0.86932
0.8775
0.87293
0.87555
0.88165
0.88257
0.86854
0.87508
0.88151
0.88751
0.88724
0.89126
0.89451
0.90485
0.90965
0.91601
0.92066
0.9166
0.91873
0.91668
0.92754
0.93783
0.9304
0.93323
0.91855
0.93656
0.93714
0.93501
0.93085
0.92858
0.9248
0.91393
0.90243
0.91612
0.91833
0.91061
0.91987
0.93372
0.91964
0.82676
0.76326
0.72971
0.7731
0.80474
0.78285
0.79877
0.81428
0.83311
0.76073
0.63138
0.58001
0.71057
0.73578
0.74967
0.80574
0.7909
0.77489
0.8377
0.88296
0.85827
0.84037
0.84006
0.77282
0.75576
0.75328
0.74273
0.69889
0.69852
0.71725
0.70278
0.66382
0.68657
0.6802
0.7037
0.76497
0.80905
0.80179
0.77587
0.77655
0.79664
0.79061
0.81238
0.82147
0.93668
0.94652
0.93617
0.84822
0.78696
0.77113
0.76899
0.79848
0.79838
0.88432
0.8793
0.85104
0.86852
0.88724
0.84977
0.87668
0.94659
0.932
0.86811
0.84059
0.77909
0.71374
0.86634
0.87272
0.80095
0.91675
0.92512
0.92633
0.89455
0.88644
0.87526
0.82513
0.74316
0.88246
0.88708
0.88681
0.87675
0.81504
0.71761
0.74979
0.87383
0.86342
0.89123
0.90689
0.81032
0.77717
0.751
0.73611
0.79722
0.88906
0.96513
0.85996
0.65787
0.6167
0.64046
0.67722
0.77059
0.80206
0.80263
0.75986
0.80225
0.82752
0.79625
0.78027
0.78466
0.78768
0.70715
0.71912
0.73591
0.76057
0.7731
0.78528
0.80208
0.75955
0.72669
0.73303
0.70691
0.72703
0.76911
0.76666
0.77924
0.80662
0.76994
0.78425
0.78126
0.75955
0.78246
0.79354
0.78439
0.78045
0.8724
0.83639
0.84032
0.75403
0.76184
0.78326
0.88068
0.86455
0.8545
0.85066
0.86868
0.83016
0.95271
0.94897
0.84039
0.83691
0.80859
0.88634
0.8589
0.75488
0.88584
0.88762
0.77903
0.85804
0.82581
0.78421
0.67813
0.68946
0.73283
0.76457
0.80099
0.80582
0.77703
0.77996
0.78376
0.84752
0.8207
0.80572
0.85524
0.87548
0.85036
0.82856
0.87388
0.80667
0.76478
0.77108
0.82001
0.80267
0.8329
0.80525
0.75743
0.72704
0.78685
0.9089
0.87838
0.78257
0.86081
0.72622
0.7635
0.79337
0.85229
0.87726
0.87825
0.86635
0.88302
0.88009
0.90726
0.92806
0.93156
0.93157
0.92069
0.91885
0.89743
0.8593
0.77239
0.70664
0.91937
0.92304
0.91612
0.91437
0.92698
0.90806
0.88001
0.9043
0.81401
0.90476
0.90808
0.89081
0.91537
0.8793
0.7972
0.82299
0.83938
0.85403
0.89545
0.87266
0.90846
0.92941
0.85754
0.84641
0.94152
0.9398
0.93275
0.93093
0.9305
0.91651
0.88463
0.87218
0.86017
0.93303
0.91955
0.92132
0.92308
0.91867
0.89944
0.91463
0.92359
0.9308
0.92961
0.9268
0.92275
0.90501
0.85887
0.85877
0.9264
0.87567
0.89709
0.86899
0.8694
0.87544
0.90289
0.83684
0.78068
0.76684
0.81694
0.78417
0.80972
0.76148
0.74218
0.72727
0.75664
0.80138
0.84373
0.81637
0.80452
0.81451
0.87476
0.77417
0.75164
0.81426
0.77638
0.80271
0.77988
0.7841
0.77267
0.76483
0.75538
0.74861
0.79748
0.80827
0.86028
0.87924
0.85844
0.83293
0.81895
0.78289
0.69146
0.64331
0.58972
0.56659
0.5964
0.63255
0.65969
0.63602
0.61638
0.64873
0.58431
0.62626
0.62407
0.61726
0.64678
0.80037
0.84448
0.84418
0.83721
0.83837
0.82622
0.7974
0.85128
0.91821
0.89271
0.89872
0.8898
0.90971
0.86118
0.83962
0.80786
0.78836
0.83039
0.831
0.828
0.83599
0.79623
0.73469
0.7268
0.76352
0.67412
0.67094
0.87463
0.78966
0.78043
0.85615
0.90124
0.87916
0.87412
0.90338
0.89986
0.9082
0.84924
0.85994
0.91752
0.90567
0.91277
0.89546
0.93496
0.90133
0.83875
0.82567
0.95052
0.91099
0.93089
0.9449
0.96449
0.85345
0.81953
0.70278
0.69649
0.78203
0.84761
0.84727
0.89263
0.92715
0.94245
0.92219
0.86548
0.79964
0.7848
0.76492
0.78982
0.80834
0.80134
0.79064
0.78463
0.76522
0.74381
0.73688
0.73117
0.72589
0.72416
0.71169
0.67454
0.62518
0.59276
0.61639
0.70145
0.70001
0.7126
0.74376
0.77038
0.78291
0.77379
0.75626
0.76963
0.77024
0.7848
0.82189
0.80063
0.76912
0.7664
0.75498
0.70998
0.65679
0.58965
0.55055
0.5588
0.56257
0.59395
0.62503
0.68411
0.74379
0.79399
0.81703
0.82887
0.84951
0.86403
0.85395
0.86146
0.854
0.84828
0.84695
0.84302
0.8496
0.79751
0.72947
0.64187
0.66776
0.81714
0.83795
0.88963
0.87124
0.87474
0.86553
0.86563
0.85443
0.82167
0.80049
0.80056
0.81722
0.8365
0.85534
0.87309
0.86358
0.83778
0.76379
0.67617
0.66068
0.6837
0.68227
0.69502
0.73692
0.74976
0.75695
0.77694
0.83688
0.86245
0.88387
0.90517
0.99712
0.99872
0.84996
0.78665
0.98057
0.86351
0.6886
0.63113
0.62409
0.6419
0.66109
0.66483
0.71012
0.72311
0.73156
0.73166
0.7268
0.73247
0.69048
0.65679
0.64303
0.62923
0.66552
0.65789
0.61369
0.61872
0.63656
0.65097
0.62568
0.53926
0.47789
0.41019
0.48104
0.53422
0.52989
0.66223
0.86643
0.85653
0.83602
0.82458
0.86446
0.89865
0.90719
0.91286
0.9127
0.88591
0.84915
0.8014
0.78172
0.79004
0.78878
0.78149
0.78281
0.78078
0.77154
0.75079
0.77945
0.8127
0.81939
0.83107
0.85033
0.84795
0.83082
0.8471
0.87201
0.87025
0.8769
0.87668
0.88019
0.87456
0.86578
0.86753
0.87745
0.88384
0.87528
0.85535
0.84094
0.81531
0.83652
0.87041
0.86055
0.85143
0.82889
0.80136
0.78441
0.79718
0.79897
0.79132
0.77112
0.76348
0.7717
0.75223
0.7367
0.77389
0.89575
0.89658
0.88697
0.89675
0.89936
0.89049
0.89311
0.88628
0.88146
0.8811
0.87856
0.8383
0.80787
0.78198
0.76659
0.75485
0.74168
0.74619
0.75503
0.69943
0.66924
0.69391
0.73579
0.76054
0.77488
0.78957
0.78197
0.79016
0.80068
0.80579
0.79347
0.78226
0.79951
0.82116
0.84856
0.85906
0.85431
0.86516
0.85404
0.84306
0.83842
0.83591
0.83873
0.84345
0.82387
0.73666
0.7903
0.76302
0.78488
0.7854
0.77425
0.79125
0.79418
0.77799
0.78556
0.8123
0.84693
0.84125
0.83768
0.83311
0.84827
0.85385
0.8428
0.84278
0.84797
0.84979
0.86222
0.84766
0.85527
0.85338
0.8458
0.83082
0.83462
0.82309
0.78819
0.76698
0.7532
0.71797
0.70771
0.71933
0.75751
0.77826
0.76354
0.74398
0.73233
0.73773
0.74069
0.75628
0.7424
0.7398
0.74908
0.76533
0.84481
0.86541
0.8551
0.75454
0.73123
0.78905
0.79702
0.79017
0.79215
0.81879
0.86574
0.84809
0.8572
0.85571
0.85077
0.84815
0.84739
0.84588
0.82596
0.80324
0.78397
0.77398
0.74737
0.72975
0.70855
0.6625
0.62991
0.66788
0.68982
0.68904
0.7119
0.69514
0.6984
0.73481
0.77273
0.7799
0.80763
0.82782
0.85027
0.86694
0.81254
0.84801
0.77841
0.83019
0.79737
0.81172
0.81185
0.80971
0.81097
0.81028
0.79457
0.7791
0.79805
0.73416
0.67019
0.66085
0.64675
0.61686
0.65045
0.65315
0.66768
0.68246
0.69347
0.71432
0.78236
0.76024
0.73967
0.73525
0.73443
0.73722
0.73194
0.71573
0.69254
0.69439
0.69896
0.6927
0.71728
0.7272
0.70633
0.67863
0.65946
0.66859
0.70777
0.72798
0.71737
0.7608
0.75058
0.74647
0.72891
0.72793
0.73974
0.75243
0.7743
0.7647
0.76144
0.75242
0.75508
0.74601
0.74666
0.7418
0.75479
0.76854
0.72008
0.72427
0.66747
0.66511
0.69833
0.67002
0.66914
0.7164
0.75212
0.63125
0.61076
0.7318
0.77876
0.77984
0.77239
0.70293
0.69164
0.68778
0.6197
0.60086
0.70652
0.7273
0.69957
0.6458
0.73354
0.75223
0.76446
0.7977
0.81772
0.82155
0.76924
0.71163
0.72051
0.71796
0.7172
0.74121
0.73536
0.61826
0.65042
0.75831
0.79136
0.74106
0.71566
0.72997
0.74784
0.77022
0.80122
0.80355
0.7811
0.76392
0.75503
0.76029
0.78391
0.77617
0.78189
0.78534
0.79947
0.76853
0.77704
0.78984
0.79365
0.79223
0.76005
0.76398
0.79202
0.73068
0.68784
0.68181
0.67336
0.69499
0.68207
0.66468
0.73688
0.69842
0.66199
0.75294
0.83172
0.83733
0.84004
0.77462
0.78019
0.79263
0.79214
0.8021
0.80259
0.79434
0.74109
0.75697
0.76212
0.77954
0.76957
0.75832
0.77954
0.78878
0.80444
0.77864
0.7605
0.74177
0.74052
0.74968
0.71523
0.70618
0.77232
0.75492
0.75469
0.74674
0.73602
0.73744
0.75343
0.75616
0.75531
0.7462
0.74718
0.73762
0.70113
0.68229
0.67852
0.71113
0.74825
0.74816
0.75202
0.73807
0.72359
0.68373
0.72478
0.76363
0.58476
0.73075
0.59914
0.5683
0.60648
0.61811
0.64444
0.65976
0.66999
0.67353
0.691
0.69059
0.6951
0.73174
0.7597
0.77236
0.78916
0.78579
0.77579
0.77449
0.80667
0.81836
0.82804
0.83398
0.84259
0.84444
0.84257
0.84263
0.83698
0.82789
0.82371
0.81667
0.8097
0.81319
0.79985
0.78896
0.74925
0.73428
0.77848
0.77614
0.77538
0.69341
0.74657
0.72182
0.7366
0.75612
0.77501
0.7837
0.78783
0.7966
0.79748
0.80615
0.80703
0.80454
0.80038
0.78646
0.74111
0.70259
0.69937
0.69843
0.71024
0.70719
0.68764
0.67929
0.67707
0.62847
0.5609
0.47254
0.43683
0.5003
0.73605
0.7597
0.75961
0.76363
0.75385
0.75435
0.76822
0.79609
0.79365
0.75663
0.66343
0.70881
0.64776
0.7144
0.69475
0.79373
0.76992
0.78216
0.77125
0.76023
0.74548
0.74821
0.73522
0.74949
0.76044
0.73352
0.72213
0.71995
0.70943
0.70061
0.73766
0.65636
0.52903
0.5579
0.54358
0.65255
0.70748
0.71646
0.72898
0.76227
0.77746
0.73188
0.73892
0.74128
0.73093
0.73388
0.72916
0.72525
0.73568
0.7339
0.75035
0.7842
0.79347
0.76863
0.77646
0.77023
0.78268
0.78708
0.7793
0.78671
0.78438
0.77966
0.79029
0.79021
0.76776
0.73465
0.72136
0.71862
0.71918
0.67486
0.70432
0.70484
0.69261
0.65958
0.64801
0.63716
0.63939
0.64644
0.64172
0.63485
0.61807
0.62229
0.63008
0.64776
0.65047
0.6405
0.63753
0.6331
0.63824
0.67346
0.6867
0.69149
0.71293
0.69034
0.67707
0.67122
0.68808
0.67465
0.64856
0.63394
0.63401
0.63515
0.62749
0.62637
0.62821
0.62617
0.62795
0.62401
0.62145
0.62055
0.61792
0.61547
0.60844
0.61194
0.61399
0.61235
0.61762
0.62311
0.63491
0.64041
0.63938
0.64016
0.64122
0.63621
0.63034
0.63254
0.62973
0.59032
0.54979
0.5573
0.58414
0.59278
0.6964
0.72262
0.65885
0.63842
0.64744
0.64567
0.64792
0.64281
0.64362
0.64067
0.6445
0.64731
0.65322
0.65451
0.65799
0.66246
0.66878
0.66577
0.658
0.65104
0.64854
0.64281
0.63754
0.63464
0.6245
0.60543
0.56749
0.51467
0.52771
0.65599
0.65287
0.65046
0.64776
0.64556
0.64151
0.64501
0.64581
0.64817
0.65225
0.6621
0.66029
0.64378
0.64048
0.58474
0.49016
0.59161
0.62944
0.65418
0.67437
0.68759
0.74353
0.75805
0.79923
0.77859
0.82724
0.80056
0.73718
0.83748
0.84505
0.78598
0.84416
0.67416
0.79696
0.77539
0.76761
0.75059
0.72834
0.72488
0.70209
0.6358
0.69982
0.66023
0.6997
0.69666
0.66064
0.6828
0.66781
0.65948
0.65155
0.64857
0.64573
0.63738
0.60893
0.59818
0.57687
0.62011
0.62233
0.68115
0.75293
0.69455
0.65999
0.66262
0.72628
0.73968
0.72838
0.71708
0.7295
0.71578
0.74367
0.72076
0.72456
0.71081
0.68904
0.69255
0.6856
0.69281
0.65971
0.67042
0.60364
0.73872
0.74122
0.75063
0.72284
0.64201
0.60042
0.64547
0.67487
0.68556
0.69311
0.67494
0.67657
0.69076
0.68005
0.68915
0.65446
0.68921
0.66879
0.67224
0.75261
0.72943
0.74785
0.72768
0.75039
0.77147
0.82638
0.84827
0.53124
0.63288
0.65512
0.66342
0.64926
0.64707
0.65425
0.65176
0.62942
0.64738
0.64519
0.64629
0.66478
0.6674
0.68062
0.70533
0.58539
0.5709
0.57836
0.59183
0.61306
0.6284
0.71827
0.71606
0.55857
0.63981
0.61541
0.56941
0.59741
0.62175
0.63585
0.64727
0.67327
0.72636
0.74636
0.75018
0.74638
0.74602
0.73953
0.73351
0.72475
0.72767
0.72528
0.72351
0.71954
0.71519
0.71002
0.66569
0.69658
0.68927
0.68873
0.69079
0.68707
0.69041
0.69252
0.69222
0.68925
0.68625
0.68516
0.68111
0.68082
0.68094
0.67794
0.67092
0.63522
0.61374
0.61409
0.59582
0.69726
0.73058
0.75228
0.76374
0.77404
0.77926
0.78681
0.79794
0.80586
0.80666
0.80744
0.80458
0.8128
0.81036
0.80957
0.80947
0.81626
0.81235
0.80903
0.80657
0.80584
0.80231
0.80097
0.79528
0.78275
0.77444
0.75899
0.75704
0.75904
0.75888
0.76229
0.77146
0.77771
0.78064
0.76804
0.77842
0.77554
0.77287
0.77131
0.76621
0.76231
0.7467
0.70623
0.7
0.69193
0.7013
0.73054
0.74133
0.74302
0.71654
0.71297
0.68665
0.69404
0.68474
0.68312
0.7256
0.75307
0.77609
0.79704
0.81194
0.82312
0.82796
0.82631
0.82373
0.81941
0.81571
0.80986
0.80466
0.80189
0.78522
0.74916
0.70626
0.73578
0.66676
0.58959
0.60023
0.60223
0.59946
0.62215
0.62689
0.57763
0.48826
0.52041
0.58986
0.681
0.65657
0.64088
0.67817
0.63485
0.58723
0.72118
0.57448
0.56451
0.57379
0.56874
0.61354
0.609
0.60017
0.59966
0.59998
0.73682
0.78077
0.82146
0.83622
0.60369
0.59975
0.57093
0.58878
0.62177
0.65828
0.68829
0.71226
0.69981
0.68797
0.67023
0.64406
0.62149
0.61786
0.63327
0.58843
0.58501
0.58366
0.59288
0.57731
0.69915
0.65487
0.63678
0.61722
0.60144
0.55269
0.5541
0.55015
0.54072
0.55254
0.55616
0.56596
0.57403
0.55571
0.56124
0.59037
0.77822
0.63022
0.57281
0.55411
0.56148
0.56581
0.57625
0.57798
0.71272
0.78723
0.68196
0.70611
0.70073
0.73124
0.74114
0.72778
0.74328
0.78771
0.7482
0.72761
0.57417
0.48615
0.44395
0.43192
0.4679
0.4554
0.62336
0.63803
0.71186
0.72576
0.75388
0.75445
0.75246
0.83109
0.80037
0.73025
0.72829
0.72432
0.72528
0.73779
0.70287
0.61058
0.59802
0.74515
0.77106
0.79267
0.8231
0.75899
0.75949
0.76555
0.78918
0.78783
0.72824
0.61129
0.73322
0.77086
0.68049
0.67486
0.69979
0.65232
0.63998
0.65474
0.66226
0.69176
0.70192
0.74264
0.74655
0.74514
0.72396
0.71297
0.73474
0.72493
0.72258
0.74861
0.7377
0.7071
0.70459
0.7379
0.75124
0.77086
0.7108
0.71507
0.70689
0.67884
0.69324
0.68007
0.67215
0.65792
0.68434
0.67717
0.69313
0.67237
0.66971
0.68759
0.67158
0.66271
0.67169
0.67698
0.67268
0.66908
0.68821
0.66048
0.63768
0.62369
0.60826
0.60301
0.59632
0.59251
0.58446
0.57046
0.57125
0.56056
0.56535
0.5564
0.62581
0.59477
0.54959
0.58715
0.58064
0.57237
0.54624
0.49779
0.4947
0.46763
0.43123
0.36116
0.31741
0.28752
0.32297
0.32619
0.38897
0.47886
0.45921
