0.5415
0.48169
0.51709
0.48424
0.49527
0.47077
0.48938
0.48539
0.62575
0.63409
0.64518
0.55962
0.57064
0.58236
0.61737
0.5638
0.56655
0.576
0.5158
0.48833
0.51328
0.49013
0.42235
0.39815
0.4594
0.4426
0.45298
0.4544
0.44471
0.45986
0.46759
0.44889
0.47005
0.48837
0.50976
0.50775
0.52484
0.44638
0.50524
0.53763
0.53305
0.47715
0.42515
0.50155
0.50374
0.49258
0.49192
0.49252
0.5202
0.5395
0.55618
0.54542
0.56032
0.55862
0.57551
0.58877
0.61557
0.6213
0.58384
0.58238
0.52387
0.56728
0.55412
0.53557
0.56319
0.60202
0.59545
0.58465
0.55632
0.55563
0.51991
0.50682
0.56223
0.56498
0.51129
0.57819
0.61477
0.63973
0.58052
0.60059
0.61395
0.61895
0.60309
0.60215
0.59467
0.59329
0.59324
0.59202
0.59707
0.58869
0.55939
0.52386
0.58916
0.55628
0.38555
0.36741
0.6304
0.72567
0.78798
0.76965
0.79763
0.78744
0.77574
0.76379
0.75203
0.72308
0.68977
0.66165
0.65521
0.63792
0.59078
0.61838
0.61428
0.64677
0.64953
0.66814
0.66394
0.66079
0.65385
0.64701
0.60227
0.5698
0.54327
0.51711
0.4867
0.50805
0.58793
0.60358
0.60817
0.62142
0.62126
0.62204
0.62309
0.62397
0.62557
0.62785
0.62244
0.57919
0.56343
0.52526
0.49442
0.45149
0.4364
0.42922
0.46083
0.47101
0.48513
0.49229
0.51807
0.53372
0.51472
0.41233
0.24302
0.28852
0.46851
0.58112
0.50451
0.39125
0.67269
0.68419
0.68176
0.66714
0.65065
0.64317
0.63174
0.59652
0.57052
0.56214
0.56306
0.56061
0.55447
0.59358
0.6964
0.73575
0.64712
0.61867
0.59688
0.59929
0.61622
0.47697
0.45231
0.45817
0.45333
0.48087
0.61121
0.6658
0.58974
0.53288
0.49424
0.52148
0.53299
0.55461
0.56004
0.53805
0.56809
0.54103
0.52853
0.52665
0.50675
0.50756
0.50245
0.50432
0.50961
0.52101
0.52053
0.52304
0.52282
0.51928
0.53422
0.53666
0.54374
0.54208
0.55309
0.55679
0.57021
0.59837
0.61427
0.62514
0.52009
0.51141
0.51107
0.47879
0.45798
0.48972
0.50872
0.54046
0.59078
0.60869
0.58687
0.67547
0.66204
0.66108
0.6315
0.59068
0.55453
0.49127
0.45392
0.45475
0.50928
0.62052
0.71839
0.67382
0.67611
0.56589
0.48021
0.46679
0.47199
0.50831
0.55441
0.56291
0.57744
0.56234
0.56195
0.55112
0.54036
0.55114
0.5583
0.56232
0.57005
0.57422
0.58046
0.60158
0.63906
0.69167
0.73447
0.76222
0.78173
0.79488
0.81029
0.78101
0.65194
0.63531
0.62025
0.59986
0.58938
0.60492
0.71762
0.70742
0.62741
0.57217
0.56375
0.58073
0.58465
0.52526
0.43784
0.4798
0.6385
0.75723
0.81061
0.83895
0.85144
0.85881
0.86116
0.86492
0.87798
0.89457
0.90412
0.89264
0.88095
0.86916
0.8561
0.84275
0.82863
0.81008
0.79128
0.7714
0.75662
0.73367
0.72376
0.71278
0.71027
0.71175
0.70875
0.70841
0.71179
0.71424
0.71989
0.72942
0.7344
0.74137
0.75086
0.75805
0.77006
0.77624
0.78485
0.79818
0.80749
0.82158
0.83624
0.85134
0.87059
0.87724
0.88058
0.87565
0.87105
0.8667
0.85511
0.83085
0.8245
0.8102
0.80134
0.78594
0.77453
0.71464
0.76695
0.77544
0.76742
0.75909
0.74795
0.74688
0.74688
0.74002
0.72825
0.71432
0.70946
0.70989
0.70253
0.69929
0.65764
0.56687
0.55208
0.57495
0.58496
0.62324
0.65516
0.71095
0.69553
0.73111
0.72684
0.72054
0.71812
0.71711
0.72003
0.71668
0.71414
0.7177
0.7397
0.71483
0.71712
0.71863
0.71791
0.71335
0.70863
0.70529
0.69885
0.66317
0.67414
0.65181
0.66378
0.60816
0.58832
0.49591
0.73623
0.76823
0.79321
0.80943
0.82397
0.67415
0.82657
0.84565
0.83741
0.82063
0.79798
0.77109
0.75474
0.758
0.76519
0.76449
0.76247
0.7603
0.75268
0.74211
0.73391
0.70664
0.71094
0.68018
0.65822
0.61466
0.59054
0.58655
0.57638
0.57249
0.56686
0.57432
0.48833
0.41611
0.41854
0.56218
0.60811
0.63083
0.62232
0.6033
0.58049
0.58049
0.55704
0.5568
0.63886
0.59055
0.5852
0.581
0.59726
0.61915
0.62892
0.65034
0.64574
0.65191
0.64289
0.62948
0.61589
0.58065
0.56608
0.55648
0.55755
0.54082
0.44189
0.36665
0.29561
0.24311
0.23279
0.69177
0.72246
0.65006
0.63215
0.60593
0.71517
0.69529
0.70717
0.71159
0.66897
0.5957
0.57487
0.59854
0.6912
0.70228
0.69782
0.72108
0.71854
0.7166
0.69198
0.62809
0.6971
0.70248
0.69486
0.69202
0.68634
0.68224
0.68096
0.68033
0.67299
0.66533
0.62267
0.5773
0.54048
0.51422
0.52213
0.47105
0.44061
0.44657
0.44911
0.47359
0.4834
0.46889
0.45339
0.44687
0.45278
0.47037
0.49308
0.66308
0.67856
0.69071
0.69772
0.70092
0.70704
0.70844
0.70797
0.67555
0.65756
0.64742
0.63859
0.63846
0.63695
0.62039
0.60427
0.59513
0.59884
0.59004
0.57926
0.56779
0.56281
0.54406
0.54011
0.52952
0.535
0.52782
0.56572
0.57359
0.56655
0.56474
0.5535
0.54444
0.56088
0.55179
0.52579
0.75864
0.77438
0.78578
0.79358
0.79447
0.79323
0.77849
0.76524
0.76041
0.75293
0.74358
0.73286
0.68842
0.68381
0.68354
0.67543
0.6908
0.70688
0.72848
0.73499
0.74596
0.75894
0.76783
0.77044
0.77613
0.77742
0.78985
0.79429
0.79715
0.77914
0.78237
0.78091
0.78415
0.77511
0.76083
0.74736
0.736
0.7308
0.7328
0.72295
0.70569
0.68183
0.66973
0.67419
0.68316
0.6923
0.69667
0.69789
0.69407
0.68281
0.66179
0.64797
0.66213
0.65335
0.61385
0.57983
0.5663
0.55587
0.58638
0.60518
0.61097
0.61767
0.59874
0.5938
0.57099
0.55864
0.55656
0.55154
0.53393
0.55836
0.58422
0.58934
0.63248
0.59044
0.5708
0.53761
0.52412
0.53589
0.55424
0.55407
0.57925
0.56488
0.50997
0.45882
0.46543
0.48089
0.47391
0.45209
0.43818
0.449
0.48128
0.50765
0.37446
0.43902
0.42543
0.42033
0.46304
0.50397
0.51261
0.54135
0.53139
0.5559
0.59573
0.56262
0.60178
0.72855
0.73841
0.74046
0.73655
0.7374
0.73635
0.69019
0.6619
0.65597
0.64947
0.63649
0.58921
0.59085
0.58828
0.57236
0.55179
0.51877
0.46975
0.37376
0.3222
0.32285
0.31116
0.33652
0.36115
0.33531
0.36648
0.35775
0.43875
0.54416
0.62662
0.69847
0.71806
0.71722
0.73656
0.74017
0.74546
0.75787
0.76818
0.75565
0.74787
0.74228
0.73995
0.73682
0.73876
0.72377
0.74096
0.73134
0.7238
0.71158
0.70109
0.65355
0.68402
0.71796
0.73283
0.68796
0.64181
0.59677
0.56509
0.56715
0.54697
0.51317
0.49515
0.51057
0.48839
0.6424
0.67497
0.67862
0.70748
0.72432
0.72799
0.714
0.69163
0.7032
0.7137
0.7305
0.76387
0.78631
0.80214
0.58175
0.55453
0.58965
0.7196
0.80861
0.81765
0.82352
0.8223
0.80635
0.78322
0.76633
0.75677
0.75056
0.75615
0.76704
0.77543
0.76778
0.75249
0.73843
0.73224
0.70339
0.70706
0.71569
0.72476
0.70331
0.66076
0.63963
0.63174
0.62834
0.63583
0.6824
0.69791
0.66455
0.58347
0.57979
0.59981
0.74066
0.75133
0.76466
0.76143
0.74606
0.73669
0.73247
0.72774
0.73612
0.74912
0.75705
0.76295
0.76657
0.77407
0.77939
0.79447
0.80604
0.80905
0.81303
0.81888
0.8169
0.8236
0.82559
0.82711
0.83375
0.82867
0.81597
0.80811
0.80479
0.79286
0.78272
0.77838
0.79285
0.80107
0.81191
0.81598
0.81099
0.80442
0.80131
0.80156
0.81317
0.83444
0.8614
0.82558
0.84423
0.85009
0.84662
0.82963
0.81881
0.81539
0.81664
0.80778
0.78878
0.77496
0.76436
0.7428
0.70945
0.67857
0.66063
0.64701
0.7079
0.7659
0.76513
0.73169
0.68599
0.64216
0.6075
0.68353
0.54713
0.5243
0.5446
0.56789
0.57189
0.56475
0.56694
0.5746
0.57327
0.58087
0.59912
0.61224
0.61703
0.64978
0.65387
0.64504
0.74335
0.74496
0.71492
0.73847
0.64976
0.58388
0.50192
0.52754
0.79956
0.81569
0.82212
0.82737
0.83087
0.83111
0.82834
0.79499
0.79303
0.78695
0.7805
0.74405
0.72275
0.71261
0.67432
0.6246
0.5752
0.5213
0.472
0.44714
0.4438
0.43137
0.45034
0.47997
0.44932
0.43367
0.46104
0.49947
0.62002
0.75523
0.79877
0.81784
0.77559
0.8317
0.83107
0.84911
0.84621
0.83486
0.84986
0.86517
0.87251
0.88223
0.88324
0.88412
0.8807
0.8865
0.86943
0.87248
0.88046
0.87702
0.87722
0.87611
0.87907
0.88984
0.89945
0.91025
0.91495
0.91921
0.92033
0.92051
0.92395
0.92618
0.92259
0.91957
0.90735
0.89464
0.88322
0.87299
0.86594
0.8487
0.80637
0.79904
0.78888
0.83469
0.8225
0.81181
0.81714
0.82417
0.78339
0.73486
0.67758
0.65402
0.62631
0.62463
0.61229
0.65234
0.85696
0.86806
0.87337
0.86151
0.86772
0.86438
0.86982
0.87919
0.87679
0.8793
0.87237
0.86579
0.8502
0.84592
0.84918
0.83366
0.71464
0.64308
0.65668
0.65892
0.56991
0.60475
0.78531
0.78253
0.78011
0.72262
0.62505
0.51314
0.44744
0.43713
0.39735
0.39051
0.39641
0.41645
0.43811
0.42968
0.4349
0.50883
0.64756
0.62136
0.45666
0.35574
0.35432
0.34281
0.38087
0.39551
0.38167
0.50166
0.7148
0.87548
0.87782
0.85012
0.82387
0.80818
0.79969
0.80601
0.80554
0.80762
0.82415
0.82113
0.78097
0.72948
0.56931
0.49904
0.5411
0.74188
0.8024
0.85637
0.79686
0.83141
0.86255
0.87841
0.89731
0.87944
0.87592
0.86945
0.86017
0.84885
0.82082
0.81501
0.80705
0.812
0.85681
0.85427
0.83346
0.82808
0.84504
0.86267
0.84533
0.8466
0.85446
0.8538
0.8291
0.80806
0.8025
0.80374
0.83516
0.84886
0.85928
0.85255
0.84594
0.84817
0.85714
0.85549
0.84004
0.83318
0.83786
0.84465
0.83655
0.82512
0.79373
0.77694
0.68183
0.60497
0.78274
0.84411
0.84398
0.74496
0.72879
0.80946
0.86787
0.82075
0.83935
0.85675
0.83278
0.76956
0.76641
0.70779
0.66616
0.8035
0.8409
0.82463
0.83458
0.82696
0.81115
0.80814
0.79068
0.7885
0.78331
0.80679
0.77884
0.66036
0.58956
0.49163
0.48564
0.47152
0.47194
0.45461
0.44906
0.51123
0.78037
0.79854
0.82227
0.82637
0.94071
0.82553
0.85548
0.83571
0.79869
0.77454
0.90683
0.92463
0.80581
0.86695
0.85427
0.83571
0.78777
0.72095
0.72658
0.72485
0.66991
0.61894
0.52026
0.43042
0.50993
0.54749
0.56029
0.91487
0.84691
0.79102
0.79503
0.87827
0.89553
0.8957
0.87986
0.83961
0.90277
0.9054
0.8855
0.83909
0.88798
0.89123
0.86552
0.7645
0.79522
0.87857
0.87658
0.8247
0.80468
0.88015
0.78307
0.75214
0.90445
0.88256
0.84543
0.78922
0.78215
0.81809
0.78067
0.76113
0.75198
0.75706
0.73323
0.81624
0.75298
0.69051
0.72528
0.72703
0.73539
0.73567
0.71084
0.66362
0.60799
0.55299
0.56076
0.55855
0.5511
0.52946
0.48352
0.46302
0.47885
0.52735
0.62549
0.71795
0.77263
0.81152
0.85728
0.88326
0.88779
0.9172
0.90389
0.90655
0.89608
0.83214
0.70031
0.63666
0.60135
0.46089
0.35344
0.31187
0.28629
0.2924
0.48921
0.69449
0.60654
0.5954
0.57891
0.58197
0.56898
0.55591
0.54138
0.54452
0.53624
0.54176
0.57624
0.65085
0.68684
0.69746
0.88164
0.8957
0.90107
0.91781
0.90663
0.90812
0.91531
0.92457
0.91471
0.9237
0.90063
0.88844
0.83084
0.83683
0.68692
0.67328
0.68739
0.73606
0.70197
0.71506
0.70199
0.65847
0.6775
0.70166
0.66971
0.70193
0.766
0.73097
0.80122
0.77031
0.75039
0.87023
0.87385
0.88073
0.91111
0.92299
0.88671
0.88233
0.92496
0.91956
0.91014
0.89911
0.88535
0.8819
0.86085
0.87221
0.89561
0.90317
0.90343
0.89864
0.89406
0.87151
0.86197
0.84468
0.8755
0.87492
0.84835
0.81172
0.77254
0.7604
0.73136
0.67188
0.65942
0.62427
0.64238
0.68469
0.72639
0.64948
0.62402
0.72252
0.69089
0.68961
0.71105
0.73615
0.77565
0.77392
0.78195
0.78547
0.79064
0.78528
0.76913
0.78892
0.76903
0.73913
0.73669
0.77967
0.85803
0.91541
0.86825
0.86851
0.88948
0.89979
0.78622
0.70712
0.65586
0.75011
0.8126
0.81272
0.84625
0.886
0.88035
0.89327
0.90075
0.89958
0.88921
0.88087
0.87326
0.84163
0.78563
0.83014
0.84921
0.70025
0.78915
0.78674
0.7007
0.6881
0.70846
0.64201
0.64027
0.63821
0.60483
0.50396
0.41214
0.41557
0.53453
0.63939
0.73202
0.72036
0.71864
0.7844
0.77579
0.71737
0.68885
0.70798
0.66972
0.62728
0.60059
0.60654
0.61854
0.60942
0.64123
0.62318
0.6232
0.66594
0.7018
0.73048
0.67157
0.66326
0.61674
0.64633
0.64532
0.63282
0.64212
0.63197
0.64373
0.65416
0.65619
0.63183
0.63146
0.66141
0.66426
0.70995
0.75705
0.78059
0.77023
0.71912
0.71603
0.71064
0.74706
0.76861
0.76272
0.791
0.76985
0.76343
0.76867
0.73216
0.75228
0.74248
0.80599
0.80524
0.74436
0.74386
0.73998
0.70076
0.69426
0.86455
0.92948
0.90757
0.8472
0.8919
0.85378
0.86577
0.91094
0.87627
0.88784
0.90471
0.7549
0.74816
0.79269
0.79046
0.70695
0.63312
0.62615
0.65691
0.93533
0.92115
0.96171
0.95182
0.95186
0.97076
0.97929
0.96517
0.94632
0.92685
0.94028
0.9444
0.94606
0.9244
0.92112
0.91404
0.86942
0.87288
0.92323
0.79139
0.6912
0.64175
0.67586
0.70394
0.67518
0.7111
0.74645
0.73658
0.97264
0.84489
0.8288
0.80035
0.77456
0.77555
0.76873
0.76309
0.78454
0.97923
0.904
0.78884
0.76167
0.80644
0.7331
0.72208
0.75709
0.76703
0.73752
0.73186
0.77628
0.74134
0.70975
0.72173
0.71061
0.59625
0.74903
0.83471
0.93069
0.94108
0.92923
0.94423
0.93796
0.94116
0.93364
0.82749
0.71255
0.67976
0.65971
0.63011
0.63081
0.61161
0.69529
0.71847
0.66237
0.68998
0.68407
0.68584
0.75357
0.81521
0.84402
0.78432
0.91488
0.93954
0.93784
0.95953
0.95099
0.94205
0.94062
0.93028
0.87901
0.93338
0.96094
0.96264
0.95836
0.95282
0.93811
0.92032
0.9139
0.91415
0.92039
0.92252
0.91994
0.91292
0.91061
0.90526
0.90076
0.91815
0.92182
0.92471
0.92934
0.90131
0.87607
0.85122
0.80482
0.71739
0.64075
0.66848
0.93506
0.9087
0.91524
0.94131
0.95758
0.83238
0.74226
0.75723
0.77967
0.80631
0.78279
0.74636
0.73846
0.73592
0.96543
0.98439
0.97518
0.93087
0.93446
0.80097
0.80357
0.79304
0.82763
0.84579
0.96229
0.92691
0.92141
0.91459
0.89462
0.87152
0.83192
0.79969
0.79975
0.79737
0.8062
0.83653
0.81487
0.80976
0.86026
0.85061
0.96557
0.95401
0.94015
0.92932
0.9033
0.89768
0.91716
0.94221
0.94087
0.94264
0.91087
0.86193
0.83599
0.70317
0.70816
0.7644
0.86301
0.85133
0.83494
0.80616
0.76401
0.7017
0.64522
0.66082
0.66614
0.76974
0.82281
0.70792
0.79733
0.69
0.66182
0.67803
0.75612
0.73778
0.58096
0.74708
0.81746
0.82406
0.79971
0.79443
0.8667
0.90414
0.89688
0.86647
0.91084
0.8824
0.87737
0.84885
0.9724
0.90868
0.88208
0.93628
0.89204
0.91151
0.91179
0.85905
0.80378
0.84328
0.90829
0.86338
0.8166
0.73859
0.6694
0.78832
0.80631
0.82746
0.84156
0.82081
0.84721
0.75591
0.73208
0.77998
0.81305
0.93161
0.95479
0.79952
0.80507
0.78421
0.76964
0.71737
0.76362
0.75504
0.85741
0.9219
0.91631
0.90648
0.88777
0.89396
0.85416
0.82488
0.79027
0.75551
0.83905
0.91659
0.92794
0.92593
0.89126
0.90592
0.91403
0.91401
0.88128
0.88286
0.86985
0.76816
0.79234
0.68521
0.63131
0.7005
0.77815
0.92667
0.93107
0.93556
0.93231
0.91882
0.9229
0.92937
0.93334
0.94014
0.95248
0.94091
0.9368
0.83902
0.82798
0.7705
0.70937
0.65709
0.60577
0.55116
0.52811
0.51257
0.75928
0.8595
0.95748
0.84377
0.89538
0.84497
0.84095
0.88477
0.83903
0.80036
0.74406
0.70242
0.69367
0.70084
0.64863
0.71115
0.69514
0.70719
0.73839
0.74012
0.76068
0.79602
0.79561
0.80399
0.7736
0.7649
0.76653
0.73934
0.73167
0.75181
0.7851
0.77972
0.73082
0.70627
0.69245
0.6815
0.69055
0.74858
0.79893
0.72978
0.6919
0.68772
0.68074
0.69169
0.74994
0.89892
0.89564
0.8989
0.89601
0.89311
0.88033
0.87335
0.89208
0.89938
0.88801
0.876
0.84438
0.79636
0.75479
0.7095
0.66055
0.67455
0.78892
0.85209
0.8675
0.88409
0.79106
0.69477
0.68249
0.67617
0.6672
0.65721
0.6705
0.65977
0.67012
0.71948
0.89835
0.89344
0.90238
0.90981
0.90999
0.87426
0.81501
0.77236
0.78309
0.70748
0.67031
0.66419
0.68327
0.69082
0.67818
0.68841
0.67945
0.67212
0.70873
0.73658
0.73334
0.73107
0.72999
0.73813
0.75274
0.75212
0.77019
0.77854
0.7809
0.73452
0.70439
0.70271
0.69465
0.86951
0.88426
0.89699
0.90362
0.75147
0.73972
0.77456
0.91224
0.91449
0.9074
0.90052
0.86107
0.78873
0.82492
0.8609
0.91257
0.91181
0.91699
0.92419
0.92573
0.92787
0.87368
0.85937
0.82226
0.78984
0.73874
0.78036
0.74838
0.7019
0.67149
0.66069
0.71103
0.84015
0.87963
0.882
0.889
0.90185
0.88034
0.87686
0.88748
0.78341
0.78076
0.80628
0.81515
0.84261
0.8567
0.8847
0.8841
0.88223
0.87984
0.8768
0.8827
0.88853
0.8701
0.86831
0.87318
0.85485
0.83961
0.79266
0.75531
0.69477
0.65873
0.6841
0.65776
0.65371
0.62708
0.52843
0.51099
0.58998
0.70144
0.75956
0.75375
0.87744
0.74099
0.77479
0.73572
0.75387
0.79278
0.79291
0.78965
0.86339
0.85023
0.81015
0.78144
0.76178
0.7537
0.76387
0.75336
0.8476
0.87458
0.8776
0.87808
0.86094
0.83206
0.88094
0.8813
0.89178
0.88698
0.88473
0.89583
0.8992
0.90679
0.89689
0.89468
0.89827
0.89539
0.88665
0.87882
0.86698
0.81455
0.79172
0.74511
0.71086
0.70168
0.83019
0.81608
0.75774
0.73695
0.7319
0.73332
0.74021
0.74173
0.72723
0.7063
0.69518
0.68925
0.69581
0.69959
0.76916
0.78648
0.78497
0.73583
0.70004
0.67625
0.64588
0.61341
0.61847
0.65347
0.64849
0.64764
0.63663
0.62013
0.62399
0.63325
0.63697
0.64597
0.65934
0.65923
0.62197
0.60539
0.5891
0.58466
0.57628
0.59861
0.62211
0.6491
0.65308
0.61098
0.55662
0.60933
0.60695
0.61403
0.61437
0.60629
0.59963
0.57538
0.56961
0.57575
0.60947
0.58771
0.5648
0.63486
0.6409
0.62747
0.62076
0.61627
0.58908
0.60379
0.63106
0.64939
0.63938
0.65191
0.64988
0.63587
0.62875
0.61799
0.60221
0.59737
0.57335
0.55023
0.52786
0.53185
0.54444
0.524
0.56128
0.87172
0.56006
0.54733
0.54569
0.58581
0.7834
0.78305
0.89197
0.89312
0.90114
0.79983
0.76212
0.74695
0.74559
0.75971
0.76043
0.74352
0.72895
0.729
0.74507
0.76498
0.77723
0.79438
0.80898
0.86578
0.88304
0.90382
0.91709
0.92017
0.89262
0.8893
0.87495
0.86262
0.76448
0.6648
0.68466
0.73198
0.77877
0.76089
0.75413
0.7551
0.7661
0.84999
0.9043
0.87935
0.89257
0.87567
0.86323
0.85397
0.85309
0.86317
0.85237
0.85126
0.87204
0.88532
0.89244
0.89705
0.90017
0.90769
0.90301
0.89369
0.85895
0.77653
0.80965
0.86064
0.87612
0.90897
0.90881
0.90369
0.8975
0.89733
0.88576
0.85438
0.7961
0.74435
0.71727
0.70349
0.69151
0.69987
0.71652
0.73105
0.73302
0.7308
0.72804
0.72187
0.73638
0.72286
0.69063
0.64793
0.57417
0.53415
0.58086
0.64548
0.63751
0.63872
0.64905
0.73262
0.83678
0.86417
0.8754
0.87673
0.87181
0.86265
0.85359
0.85055
0.85166
0.86104
0.86252
0.85927
0.85249
0.84725
0.82994
0.79301
0.796
0.75777
0.67832
0.60992
0.53661
0.50292
0.51268
0.52256
0.57731
0.72295
0.71474
0.70023
0.69838
0.71986
0.71924
0.79175
0.84511
0.83219
0.85901
0.85688
0.85603
0.85816
0.86087
0.85905
0.8618
0.86239
0.8654
0.86168
0.85486
0.85394
0.85138
0.82972
0.79021
0.81725
0.83128
0.82668
0.79229
0.68291
0.57111
0.53057
0.49183
0.48305
0.53642
0.66409
0.74264
0.83251
0.87234
0.88028
0.88641
0.88599
0.88916
0.88538
0.88132
0.87913
0.86891
0.82189
0.76202
0.72781
0.66996
0.63298
0.61132
0.60143
0.61174
0.69293
0.67522
0.55122
0.52474
0.53527
0.6732
0.76498
0.76415
0.80976
0.83097
0.84401
0.84677
0.84461
0.83337
0.84022
0.83528
0.84215
0.85878
0.85258
0.83404
0.80812
0.77669
0.80372
0.71485
0.65748
0.62981
0.61405
0.61382
0.63481
0.69737
0.6928
0.68486
0.69749
0.69648
0.6763
0.6951
0.71199
0.72603
0.71685
0.72483
0.71142
0.70979
0.71363
0.75424
0.83149
0.73605
0.7404
0.74571
0.67705
0.73218
0.72913
0.62544
0.59316
0.61025
0.68193
0.66526
0.66012
0.69719
0.60869
0.55861
0.51108
0.48745
0.47738
0.50387
0.54999
0.63087
0.67887
0.67598
0.68219
0.69464
0.70893
0.7146
0.78256
0.78903
0.78724
0.79996
0.80304
0.80905
0.80476
0.80078
0.7936
0.77314
0.76914
0.7422
0.69719
0.67849
0.66085
0.65313
0.65261
0.64287
0.63384
0.61503
0.6002
0.59509
0.59753
0.61721
0.62473
0.62396
0.62671
0.63581
0.64429
0.65259
0.67562
0.68248
0.67995
0.63268
0.69435
0.70799
0.70868
0.71437
0.73815
0.71541
0.69911
0.69441
0.68526
0.68252
0.70285
0.72247
0.74723
0.75421
0.76532
0.76753
0.7659
0.7373
0.64025
0.56623
0.555
0.60078
0.61725
0.59679
0.5549
0.53426
0.72421
0.74557
0.75614
0.75275
0.75093
0.74407
0.74452
0.73551
0.71815
0.70865
0.70079
0.69129
0.67627
0.66703
0.65919
0.65336
0.68228
0.65753
0.61389
0.60591
0.57644
0.55815
0.56104
0.52191
0.46558
0.36716
0.57893
0.71979
0.64539
0.57972
0.57519
0.55104
0.55963
0.6152
0.66208
0.66034
0.62423
0.61402
0.58906
0.63838
0.67157
0.61917
0.61491
0.60624
0.55899
0.48545
0.4504
0.43449
0.45658
0.47489
0.76598
0.78639
0.79548
0.8027
0.80724
0.78214
0.74406
0.73961
0.71086
0.66728
0.65663
0.59613
0.59582
0.55296
0.54194
0.56923
0.5613
0.57998
0.5546
0.53552
0.49668
0.50358
0.48593
0.46954
0.4934
0.5666
0.53606
0.52893
0.51465
0.47431
0.45176
0.70033
0.79453
0.81337
0.82359
0.83207
0.84356
0.84468
0.84976
0.84898
0.8532
0.85467
0.85762
0.85736
0.86093
0.86012
0.86211
0.86121
0.86122
0.86315
0.861
0.86032
0.85992
0.85742
0.85347
0.85235
0.84638
0.83359
0.82609
0.82284
0.81553
0.81001
0.7713
0.65023
0.59267
0.62382
0.64862
0.6831
0.75175
0.77749
0.77944
0.78183
0.77996
0.7707
0.77032
0.77111
0.76748
0.76912
0.76234
0.75194
0.72354
0.70425
0.6347
0.59088
0.55242
0.54089
0.51849
0.53819
0.60932
0.61428
0.60986
0.59127
0.56804
0.57453
0.57983
0.57209
0.55479
0.56415
0.56869
0.60098
0.64939
0.64688
0.66774
0.67537
0.69823
0.69916
0.59867
0.59732
0.59776
0.59278
0.59615
0.61759
0.58945
0.59202
0.58903
0.58608
0.58012
0.58036
0.57692
0.57686
0.55342
0.53079
0.5404
0.48362
0.48894
0.69793
0.76673
0.78976
0.80357
0.81339
0.8206
0.82382
0.83034
0.83985
0.84471
0.84691
0.84327
0.84053
0.84598
0.85001
0.85868
0.86907
0.8777
0.89652
0.90686
0.91502
0.90164
0.89342
0.89023
0.88941
0.87509
0.86296
0.86599
0.85884
0.76528
0.71982
0.69734
0.70916
0.69355
0.74267
0.78408
0.87098
0.86648
0.85577
0.88052
0.86057
0.84175
0.82462
0.81534
0.80656
0.79615
0.754
0.64479
0.56642
0.39634
0.67847
0.81802
0.87776
0.9077
0.91023
0.90546
0.90963
0.8721
0.9215
0.85718
0.8205
0.8434
0.79764
0.82416
0.82285
0.82571
0.82295
0.82119
0.82376
0.81931
0.81862
0.81047
0.80621
0.80499
0.80115
0.77096
0.754
0.74018
0.71958
0.71245
0.74417
0.74826
0.75969
0.75105
0.74614
0.74478
0.74627
0.74802
0.75213
0.74517
0.72694
0.74517
0.75311
0.75864
0.75978
0.75389
0.72494
0.67333
0.56618
0.56736
0.57969
0.55633
0.60034
0.56591
0.57433
0.55293
0.51506
0.55553
0.62392
0.69553
0.72087
0.7276
0.74601
0.76393
0.72058
0.71142
0.77547
0.73226
0.73871
0.74455
0.74535
0.75103
0.71194
0.72274
0.71911
0.72037
0.75994
0.75635
0.60972
0.55927
0.57898
0.57458
0.59716
0.59981
0.58707
0.57726
0.57796
0.57258
0.56882
0.51749
0.53733
0.53902
0.56036
0.57074
0.56785
0.55766
0.5546
0.56328
0.56108
0.57637
0.73993
0.74155
0.74689
0.7448
0.74348
0.73672
0.71029
0.69466
0.64472
0.61892
0.5993
0.58942
0.57249
0.55501
0.58505
0.60369
0.62702
0.64935
0.69067
0.70452
0.71287
0.72194
0.73346
0.69109
0.70401
0.74431
0.76122
0.76555
0.68044
0.6501
0.6692
0.65421
0.68017
0.68321
0.7326
0.66926
0.71658
0.68065
0.69437
0.6265
0.6088
0.55835
0.54056
0.61332
0.60781
0.59088
0.69507
0.7917
0.73609
0.61045
0.64658
0.74516
0.61843
0.62142
0.55334
0.59102
0.64742
0.66696
0.64973
0.62485
0.56223
0.53139
0.53667
0.55615
0.5678
0.61893
0.64869
0.64942
0.66361
0.65159
0.64128
0.65206
0.73001
0.73636
0.72662
0.65601
0.66406
0.6334
0.61869
0.65836
0.62859
0.62776
0.64617
0.63738
0.63388
0.62134
0.60407
0.59595
0.74634
0.75958
0.7505
0.72927
0.73822
0.69256
0.68961
0.72811
0.67018
0.66085
0.64122
0.5152
0.40546
0.35908
0.33607
0.66798
0.81779
0.84296
0.78382
0.7048
0.79929
0.7284
0.70198
0.68691
0.66526
0.64097
0.63883
0.63199
0.64754
0.66433
0.6527
0.65789
0.6452
0.64213
0.62668
0.61101
0.61373
0.62166
0.64465
0.65285
0.67312
0.6556
0.64788
0.64778
0.64848
0.60284
0.61058
0.62779
0.61508
0.63139
0.6244
0.62726
0.61675
0.60248
0.62167
0.66499
0.67115
0.65817
0.67308
0.6791
0.67795
0.68209
0.66202
0.62678
0.61592
0.61961
0.59673
0.60501
0.63124
0.65328
0.76307
0.75375
0.73147
0.78568
0.7921
0.79125
0.78998
0.78988
0.79753
0.7966
0.78875
0.76525
0.76568
0.77431
0.7675
0.76992
0.77091
0.76847
0.6703
0.76529
0.78508
0.71731
0.76
0.76941
0.77168
0.72114
0.75816
0.77792
0.75746
0.73863
0.68427
0.61134
0.57292
0.52962
0.49395
0.46808
0.46804
0.48224
0.45701
0.41981
0.4268
0.33815
0.33514
0.34246
0.35957
0.38602
0.43719
0.55016
0.60762
0.62977
0.67522
0.69418
0.71356
0.72998
0.66877
0.6841
0.74138
0.74927
0.75679
0.75579
0.75273
0.74305
0.7385
0.73818
0.73404
0.73196
0.73484
0.73384
0.70889
0.71327
0.7167
0.71823
0.72946
0.73189
0.73673
0.74273
0.76548
0.77346
0.787
0.79892
0.8088
0.69114
0.53541
0.63959
0.63822
0.60374
0.61565
0.66763
0.68255
0.65127
0.66276
0.79206
0.79087
0.78663
0.78207
0.75208
0.74878
0.73716
0.69323
0.64093
0.65504
0.63649
0.63445
0.59021
0.67544
0.68648
0.68545
0.68233
0.68221
0.65616
0.64365
0.69593
0.70477
0.57963
0.5489
0.51376
0.58447
0.71045
0.76207
0.77282
0.7802
0.76705
0.72728
0.67778
0.61723
0.61921
0.58926
