0.65986
0.6568
0.64517
0.65765
0.63186
0.61706
0.5994
0.59511
0.59182
0.59029
0.59025
0.59979
0.63864
0.65815
0.67714
0.68167
0.67769
0.67014
0.65239
0.63545
0.62599
0.61735
0.61089
0.60264
0.58828
0.5777
0.56394
0.55879
0.54541
0.53843
0.54628
0.57367
0.56557
0.50091
0.53694
0.56743
0.60383
0.61388
0.6201
0.62982
0.62655
0.62532
0.6306
0.63532
0.62275
0.61721
0.60922
0.68189
0.58503
0.62879
0.58582
0.59859
0.69226
0.67974
0.67661
0.64142
0.56054
0.53331
0.65844
0.6655
0.66208
0.64919
0.62338
0.60392
0.60738
0.60364
0.60242
0.59639
0.60039
0.61844
0.66101
0.69872
0.7017
0.64204
0.60803
0.61525
0.63956
0.74046
0.75026
0.74815
0.76629
0.7437
0.72807
0.70565
0.71653
0.7145
0.69621
0.69677
0.67653
0.6654
0.66287
0.66031
0.65703
0.63036
0.62393
0.62294
0.61648
0.60344
0.61516
0.60998
0.49853
0.49786
0.5778
0.61275
0.61108
0.61628
0.62157
0.63368
0.6396
0.64748
0.65245
0.65736
0.65752
0.65091
0.6467
0.6377
0.62957
0.62412
0.6202
0.62623
0.61952
0.65482
0.655
0.6216
0.62939
0.63913
0.60772
0.59639
0.58946
0.59044
0.59235
0.58933
0.58845
0.58377
0.58557
0.55749
0.57798
0.54854
0.57781
0.57407
0.57643
0.58524
0.57768
0.56127
0.56041
0.57008
0.58056
0.57623
0.57526
0.58058
0.57968
0.5807
0.5584
0.59835
0.58319
0.53628
0.60029
0.61824
0.63673
0.64507
0.65039
0.65637
0.6557
0.65363
0.65361
0.67551
0.66469
0.66389
0.6444
0.63503
0.63767
0.62124
0.5997
0.61851
0.62186
0.60427
0.61209
0.63773
0.62351
0.61264
0.60891
0.57613
0.60839
0.6132
0.621
0.45652
0.5312
0.66661
0.68916
0.69493
0.69901
0.68866
0.67967
0.67541
0.65738
0.66215
0.68667
0.68238
0.70674
0.62193
0.60392
0.58209
0.56955
0.59688
0.60563
0.60921
0.6071
0.61118
0.6041
0.60796
0.59964
0.59594
0.59747
0.61515
0.5991
0.60374
0.60886
0.5976
0.6061
0.61819
0.623
0.62439
0.62923
0.63603
0.63864
0.63774
0.63062
0.62621
0.62179
0.61888
0.62389
0.62824
0.62577
0.62317
0.62888
0.62646
0.62665
0.63514
0.63353
0.62909
0.63166
0.61786
0.60716
0.62093
0.6205
0.61671
0.62249
0.62434
0.61934
0.62492
0.62151
0.62075
0.61542
0.61939
0.56258
0.61628
0.5868
0.57736
0.68897
0.67936
0.66318
0.66384
0.64189
0.64299
0.64054
0.64935
0.64637
0.65031
0.65947
0.66858
0.66788
0.66119
0.66692
0.65644
0.65332
0.64431
0.63426
0.6227
0.60366
0.62384
0.63597
0.63242
0.67031
0.61945
0.60523
0.5923
0.62282
0.65655
0.65999
0.66974
0.67427
0.67712
0.68922
0.69311
0.68864
0.68422
0.64211
0.62228
0.61821
0.61111
0.61588
0.58711
0.60126
0.59567
0.58446
0.5856
0.58051
0.58522
0.61831
0.6243
0.62306
0.62986
0.60452
0.59126
0.59504
0.59482
0.5863
0.57352
0.58382
0.58968
0.59974
0.60312
0.60289
0.60026
0.60091
0.56977
0.52181
0.60202
0.5804
0.58578
0.59828
0.60729
0.62196
0.6253
0.6261
0.61984
0.62143
0.62134
0.60489
0.60146
0.611
0.61615
0.67181
0.62497
0.61754
0.59854
0.68442
0.70476
0.61106
0.73491
0.70689
0.66932
0.67071
0.67815
0.69379
0.70887
0.72029
0.7386
0.72146
0.7393
0.75166
0.7605
0.7637
0.7619
0.75733
0.74178
0.73555
0.73127
0.72759
0.71853
0.71576
0.7133
0.70833
0.70719
0.67221
0.6387
0.61955
0.59869
0.62369
0.69304
0.70358
0.70209
0.69551
0.64672
0.59455
0.60872
0.61028
0.61945
0.58088
0.58156
0.5894
0.57901
0.57834
0.62831
0.58501
0.5092
0.57375
0.57761
0.58688
0.56325
0.57399
0.58472
0.55752
0.54762
0.56345
0.56537
0.56684
0.56994
0.58279
0.57618
0.57449
0.57684
0.56743
0.55692
0.57204
0.58252
0.60895
0.62151
0.61918
0.55831
0.58539
0.58476
0.58022
0.58155
0.59068
0.59431
0.59295
0.59496
0.59493
0.59213
0.58488
0.5791
0.58178
0.56164
0.56675
0.56197
0.54057
0.54891
0.49833
0.37327
0.37954
0.65514
0.67542
0.70239
0.72664
0.75243
0.75838
0.76433
0.76737
0.76881
0.76955
0.77039
0.76135
0.71335
0.67961
0.64896
0.62991
0.59702
0.62587
0.64343
0.6298
0.57831
0.6064
0.56707
0.57898
0.59167
0.58373
0.56113
0.52154
0.50249
0.57886
0.6557
0.55131
0.65448
0.67598
0.66123
0.66082
0.67493
0.69111
0.6872
0.73252
0.7361
0.73807
0.73457
0.72454
0.70263
0.69602
0.70182
0.71215
0.7146
0.74448
0.71997
0.71288
0.70587
0.70712
0.69785
0.68282
0.65456
0.6484
0.64787
0.65392
0.64684
0.64298
0.6401
0.63977
0.63273
0.62685
0.62391
0.6267
0.62679
0.61943
0.61284
0.61414
0.62372
0.61566
0.61589
0.62164
0.62297
0.62099
0.6224
0.63062
0.61188
0.61377
0.61367
0.61194
0.60376
0.59348
0.5856
0.58414
0.58199
0.57091
0.55559
0.55283
0.58346
0.58061
0.60683
0.59123
0.63901
0.64251
0.65253
0.66374
0.66977
0.68291
0.70501
0.69876
0.7047
0.67725
0.65726
0.63477
0.62473
0.60322
0.58547
0.56302
0.54913
0.57301
0.59742
0.59668
0.58617
0.59081
0.60733
0.62324
0.6133
0.56689
0.59886
0.60485
0.5999
0.59109
0.63634
0.66113
0.66452
0.65773
0.65647
0.63851
0.62472
0.62467
0.65309
0.65752
0.62357
0.63503
0.63539
0.64345
0.64078
0.62096
0.61149
0.63605
0.61962
0.61222
0.61169
0.60141
0.6024
0.61275
0.60718
0.60905
0.58722
0.58626
0.59779
0.60039
0.58444
0.59671
0.64546
0.64948
0.65214
0.6511
0.6404
0.65531
0.65991
0.65769
0.65722
0.65879
0.6591
0.6588
0.66297
0.67612
0.68639
0.69633
0.6653
0.64257
0.60359
0.54501
0.49067
0.53744
0.79028
0.72894
0.71507
0.71928
0.71649
0.71415
0.71606
0.73572
0.73589
0.7008
0.68665
0.66616
0.65341
0.65198
0.6511
0.71136
0.71645
0.6926
0.68489
0.68864
0.71387
0.71023
0.70353
0.68771
0.68431
0.66396
0.65001
0.64247
0.64281
0.64983
0.65671
0.68061
0.6838
0.68411
0.68246
0.6812
0.67858
0.65786
0.65323
0.66815
0.66393
0.63874
0.6215
0.61219
0.60709
0.60396
0.60564
0.60806
0.5986
0.58588
0.56099
0.52204
0.50168
0.51206
0.53666
0.58918
0.6029
0.58332
0.57606
0.57899
0.60215
0.59378
0.58926
0.57701
0.57064
0.57665
0.58461
0.5959
0.60304
0.60291
0.60928
0.59959
0.59345
0.61873
0.65406
0.66946
0.68277
0.64227
0.657
0.636
0.67944
0.65135
0.67861
0.70356
0.70695
0.72055
0.72733
0.70488
0.68138
0.70403
0.71703
0.70997
0.74764
0.73682
0.73212
0.71309
0.64356
0.73779
0.76707
0.76897
0.75994
0.76359
0.74208
0.77483
0.75616
0.6974
0.66077
0.67401
0.70399
0.68384
0.62103
0.59628
0.56798
0.53178
0.54015
0.58831
0.66688
0.80891
0.79978
0.54986
0.79581
0.78988
0.79498
0.80166
0.78181
0.72601
0.61338
0.56739
0.54761
0.4949
0.69188
0.6991
0.69871
0.68881
0.69061
0.66428
0.67324
0.65147
0.62846
0.74961
0.76232
0.76267
0.76936
0.7658
0.77102
0.76836
0.76475
0.77877
0.76169
0.72334
0.74417
0.77262
0.78942
0.79187
0.78885
0.78538
0.78122
0.77918
0.78403
0.7823
0.77558
0.76426
0.72593
0.69754
0.67951
0.66901
0.68512
0.69025
0.69409
0.69573
0.68217
0.66747
0.7126
0.72897
0.74699
0.76765
0.77711
0.77972
0.77702
0.76825
0.76028
0.7516
0.75955
0.75968
0.75396
0.76499
0.75791
0.75213
0.74866
0.74837
0.74102
0.75144
0.6779
0.66004
0.60495
0.6084
0.60047
0.57712
0.56921
0.59248
0.56496
0.54529
0.57901
0.63105
0.66128
0.66047
0.53384
0.47835
0.46643
0.43143
0.35137
0.63834
0.6105
0.59768
0.57275
0.5839
0.57794
0.58204
0.5889
0.61304
0.63297
0.69889
0.6961
0.67096
0.6708
0.68525
0.68393
0.68091
0.73345
0.65837
0.62815
0.60356
0.60796
0.60974
0.6256
0.64214
0.64217
0.63501
0.61813
0.58144
0.58925
0.6908
0.7891
0.75107
0.66587
0.64864
0.55374
0.60342
0.5773
0.54236
0.60544
0.60251
0.58955
0.60592
0.58141
0.56676
0.56738
0.58723
0.61191
0.65669
0.69795
0.70047
0.62176
0.55052
0.51174
0.50106
0.6248
0.64968
0.6528
0.60038
0.60385
0.66938
0.76924
0.80478
0.83755
0.83392
0.84342
0.82758
0.80055
0.79822
0.80308
0.81549
0.80753
0.77915
0.77701
0.79688
0.76981
0.76199
0.71257
0.74603
0.78122
0.78847
0.76921
0.79623
0.81186
0.76058
0.77615
0.77463
0.77449
0.76617
0.75765
0.75512
0.75158
0.7426
0.75395
0.74977
0.73078
0.72504
0.72011
0.72775
0.74871
0.75117
0.76716
0.76199
0.72452
0.72217
0.68276
0.73137
0.73246
0.69296
0.65679
0.63888
0.63862
0.61609
0.60352
0.61302
0.42447
0.42729
0.4313
0.44877
0.63342
0.65135
0.74459
0.76359
0.73734
0.74022
0.7522
0.76751
0.75801
0.76252
0.79346
0.79072
0.78742
0.77369
0.76082
0.74677
0.74147
0.74169
0.77897
0.77433
0.75812
0.71595
0.6705
0.66741
0.65744
0.69783
0.7237
0.72216
0.73126
0.74389
0.7545
0.76565
0.76811
0.75159
0.75896
0.76208
0.78675
0.77719
0.77838
0.78218
0.76596
0.76819
0.75803
0.7506
0.748
0.73611
0.72113
0.69798
0.684
0.68689
0.69778
0.69804
0.6823
0.6809
0.6984
0.6728
0.64667
0.64281
0.66569
0.67912
0.67974
0.70207
0.69044
0.6518
0.63394
0.63399
0.63124
0.63703
0.66697
0.66767
0.66126
0.632
0.63217
0.63417
0.72468
0.71956
0.64911
0.64043
0.65231
0.65826
0.64625
0.64324
0.70088
0.7024
0.67363
0.63471
0.57055
0.56667
0.61866
0.64885
0.64892
0.62322
0.69193
0.8092
0.79096
0.81333
0.80718
0.78436
0.75867
0.75342
0.75536
0.73155
0.69447
0.66314
0.6563
0.6607
0.66766
0.66287
0.61901
0.46108
0.60787
0.64271
0.66619
0.76071
0.76255
0.69255
0.70774
0.70112
0.64834
0.65628
0.72426
0.82621
0.80744
0.82885
0.87053
0.88448
0.88084
0.89725
0.90513
0.91397
0.94312
0.9254
0.92969
0.8574
0.73577
0.66742
0.66067
0.63915
0.66172
0.67284
0.67863
0.67048
0.66439
0.68866
0.82485
0.77145
0.7781
0.75598
0.70737
0.81606
0.81421
0.83355
0.80709
0.77816
0.76701
0.75628
0.73969
0.6869
0.661
0.67024
0.6785
0.72873
0.73322
0.71584
0.73571
0.73632
0.69956
0.64817
0.63361
0.68596
0.7503
0.73984
0.73217
0.68063
0.62122
0.55949
0.54621
0.51941
0.46368
0.44309
0.44466
0.58111
0.64777
0.66049
0.66542
0.69485
0.75824
0.73364
0.70566
0.677
0.66268
0.64509
0.6468
0.66257
0.70905
0.7129
0.70158
0.6702
0.69683
0.71335
0.72496
0.73438
0.73321
0.70837
0.69362
0.70056
0.69851
0.69314
0.69847
0.7291
0.75365
0.74839
0.78146
0.76296
0.78873
0.78431
0.79018
0.77979
0.79046
0.81126
0.81022
0.7946
0.77531
0.77562
0.74241
0.72329
0.7115
0.72281
0.73473
0.73816
0.73377
0.73713
0.74638
0.76535
0.78948
0.80932
0.83826
0.8434
0.80831
0.79134
0.77451
0.74174
0.77638
0.80043
0.81701
0.81563
0.80996
0.79951
0.79312
0.80511
0.7879
0.79937
0.7967
0.79173
0.78022
0.78243
0.7413
0.75737
0.80869
0.78923
0.76504
0.74991
0.72918
0.79258
0.81822
0.7313
0.61045
0.57724
0.7341
0.73086
0.78775
0.73676
0.69059
0.62219
0.54314
0.51096
0.53264
0.54922
0.56351
0.49619
0.46041
0.4754
0.48836
0.50477
0.57359
0.59272
0.56923
0.59323
0.61829
0.65023
0.68639
0.74918
0.8655
0.88231
0.91474
0.88784
0.8821
0.91585
0.92143
0.91391
0.90542
0.84542
0.86882
0.89487
0.88498
0.87488
0.80203
0.83911
0.78793
0.72101
0.76098
0.8386
0.82933
0.84414
0.84457
0.83314
0.78058
0.83807
0.84735
0.83214
0.84313
0.85265
0.84175
0.84215
0.8487
0.82749
0.85689
0.83743
0.871
0.86593
0.85178
0.82601
0.80576
0.78689
0.65678
0.7185
0.74444
0.78099
0.80063
0.83069
0.84109
0.78112
0.80893
0.85598
0.86552
0.86127
0.84035
0.84899
0.80088
0.76804
0.73659
0.70788
0.68321
0.67718
0.71884
0.76501
0.77665
0.78103
0.78765
0.79446
0.80268
0.83125
0.84054
0.82561
0.80654
0.78677
0.75524
0.73099
0.7275
0.73366
0.71804
0.70102
0.70647
0.70005
0.71494
0.74947
0.77702
0.80856
0.82434
0.82016
0.89436
0.85196
0.79926
0.82946
0.81225
0.84677
0.84935
0.86641
0.84454
0.80882
0.79954
0.86541
0.89463
0.84049
0.84101
0.84213
0.83656
0.80293
0.77661
0.8096
0.82889
0.76505
0.75091
0.73861
0.76018
0.74746
0.77477
0.77694
0.77644
0.7875
0.80867
0.82764
0.83485
0.8433
0.83298
0.82196
0.78925
0.74098
0.7187
0.78462
0.85837
0.8989
0.83745
0.93559
0.92244
0.88335
0.8291
0.82053
0.8197
0.81573
0.76705
0.78664
0.76497
0.72253
0.77044
0.70789
0.7033
0.6974
0.70231
0.75221
0.7812
0.79648
0.79498
0.80203
0.80537
0.8285
0.83084
0.77148
0.76157
0.72716
0.77484
0.78088
0.79105
0.77765
0.87824
0.77669
0.81327
0.79513
0.81506
0.8467
0.8486
0.83047
0.82623
0.78348
0.88384
0.95485
0.77609
0.82419
0.87298
0.97243
0.93631
0.9791
0.95718
0.95803
0.95691
0.92344
0.922
0.91092
0.90077
0.90379
0.90519
0.91456
0.92085
0.91933
0.89837
0.81565
0.737
0.74115
0.74483
0.78273
0.95273
0.95596
0.94162
0.94833
0.94279
0.92934
0.94334
0.92917
0.81791
0.88652
0.864
0.80178
0.74647
0.76841
0.80225
0.84597
0.88602
0.84565
0.7325
0.61803
0.6984
0.78007
0.84263
0.91231
0.94674
0.93675
0.89162
0.78629
0.79068
0.76888
0.79828
0.92341
0.93431
0.90546
0.8052
0.80696
0.75778
0.74002
0.78714
0.88842
0.92172
0.91079
0.89115
0.80934
0.68764
0.62971
0.69235
0.73635
0.82052
0.87869
0.91737
0.90482
0.82224
0.83513
0.93283
0.92076
0.92532
0.91401
0.92379
0.90728
0.88894
0.93023
0.9177
0.93888
0.92714
0.93121
0.88904
0.7524
0.83841
0.79993
0.7142
0.75217
0.79982
0.85407
0.79509
0.79181
0.82159
0.76656
0.79884
0.88064
0.8834
0.90002
0.90097
0.92809
0.92836
0.92014
0.92676
0.872
0.77971
0.8316
0.82832
0.81925
0.76695
0.76006
0.74503
0.74067
0.76453
0.79187
0.81137
0.83194
0.7881
0.79109
0.87146
0.88406
0.87693
0.87985
0.898
0.88402
0.8571
0.86329
0.86333
0.85892
0.83064
0.89267
0.87811
0.85557
0.7874
0.73399
0.76983
0.77342
0.84137
0.822
0.81807
0.84414
0.77744
0.86152
0.95701
0.94008
0.94136
0.93798
0.89569
0.7846
0.70938
0.67329
0.69904
0.75285
0.79952
0.82238
0.83202
0.85275
0.72672
0.74752
0.74176
0.75137
0.75821
0.7808
0.81437
0.82573
0.8316
0.83838
0.84672
0.861
0.86694
0.8575
0.87241
0.86742
0.85062
0.84212
0.84249
0.84869
0.91295
0.92475
0.92138
0.9056
0.85362
0.82829
0.75033
0.74397
0.82065
0.83608
0.83346
0.82815
0.82317
0.80095
0.79286
0.79084
0.7692
0.79163
0.78879
0.74805
0.73841
0.78827
0.86386
0.74614
0.8234
0.73979
0.71925
0.89256
0.87232
0.91741
0.91214
0.90299
0.84681
0.81933
0.8179
0.79958
0.7858
0.73067
0.69067
0.89014
0.86434
0.86726
0.8581
0.84477
0.81755
0.8013
0.90918
0.95632
0.93801
0.92042
0.92145
0.9308
0.93387
0.93431
0.92908
0.92433
0.92167
0.91665
0.91843
0.90368
0.92244
0.92743
0.93997
0.93113
0.93068
0.92412
0.92911
0.8988
0.89654
0.87511
0.92331
0.89801
0.91516
0.91369
0.91209
0.8989
0.85542
0.84264
0.86419
0.83191
0.83569
0.85617
0.81032
0.73681
0.77487
0.85156
0.87307
0.81586
0.75207
0.76301
0.75662
0.74922
0.75409
0.75501
0.72586
0.72643
0.76168
0.79015
0.79031
0.78991
0.76065
0.69674
0.68267
0.70616
0.72932
0.73715
0.75448
0.76047
0.75953
0.76414
0.72731
0.70627
0.71801
0.75031
0.77666
0.79261
0.81194
0.79973
0.8007
0.79534
0.81915
0.81242
0.81548
0.81296
0.80306
0.80557
0.824
0.83266
0.83135
0.84599
0.84706
0.83623
0.80308
0.80554
0.87111
0.80411
0.81219
0.79959
0.77487
0.74858
0.72272
0.69034
0.7004
0.72071
0.74395
0.77851
0.80573
0.80979
0.79313
0.78373
0.76796
0.74548
0.72209
0.73208
0.74951
0.79038
0.81875
0.78765
0.77104
0.7531
0.75443
0.73411
0.85238
0.88583
0.89667
0.89014
0.88839
0.87236
0.87213
0.87256
0.8835
0.87714
0.83794
0.82732
0.80796
0.78624
0.75617
0.74631
0.76152
0.76709
0.88829
0.89565
0.88949
0.88601
0.87777
0.87231
0.87884
0.79845
0.75809
0.76117
0.89265
0.8652
0.82033
0.76108
0.70849
0.67615
0.6524
0.7984
0.80525
0.78603
0.79814
0.80449
0.7873
0.76262
0.76221
0.75174
0.76483
0.7608
0.7451
0.75696
0.75636
0.75484
0.74651
0.7445
0.76546
0.78835
0.79454
0.83221
0.87955
0.79108
0.75083
0.72464
0.65422
0.66512
0.71357
0.70238
0.68028
0.67169
0.65982
0.63339
0.65291
0.66101
0.59225
0.7085
0.82657
0.83776
0.80917
0.80558
0.79018
0.75818
0.71855
0.68975
0.74771
0.78633
0.78012
0.77497
0.77658
0.80334
0.81429
0.80979
0.79723
0.79067
0.79097
0.80453
0.8464
0.86787
0.86642
0.87088
0.86795
0.84937
0.86173
0.84034
0.80921
0.80796
0.80652
0.79862
0.77555
0.72048
0.70698
0.69572
0.69218
0.7268
0.74253
0.73231
0.70444
0.67525
0.64607
0.83676
0.76469
0.80845
0.81514
0.77674
0.77972
0.79036
0.78467
0.78081
0.79019
0.81428
0.85247
0.87757
0.84919
0.8233
0.81317
0.81896
0.82047
0.8201
0.8108
0.80218
0.78996
0.7858
0.77106
0.75108
0.75896
0.77202
0.78156
0.79189
0.77909
0.75365
0.73017
0.59138
0.82509
0.88384
0.90177
0.90397
0.92357
0.94156
0.9615
0.82175
0.76127
0.73777
0.73569
0.76094
0.85921
0.87764
0.88631
0.88582
0.87887
0.85564
0.79022
0.74248
0.68202
0.67839
0.64398
0.61049
0.64113
0.63539
0.64746
0.69352
0.74298
0.73395
0.73918
0.7238
0.74498
0.67869
0.69901
0.75935
0.74028
0.74368
0.74566
0.75787
0.70422
0.6994
0.74273
0.6988
0.70737
0.58363
0.79112
0.74643
0.86016
0.8092
0.83762
0.85393
0.8427
0.83353
0.83856
0.81957
0.81742
0.80439
0.79385
0.7736
0.77333
0.80566
0.828
0.83267
0.84544
0.85326
0.85708
0.85768
0.8662
0.84838
0.85521
0.84399
0.83384
0.83435
0.82193
0.81893
0.82184
0.82453
0.81931
0.83079
0.81096
0.81145
0.83382
0.83528
0.84927
0.86052
0.8674
0.87228
0.86807
0.86671
0.86208
0.86221
0.8574
0.84927
0.85077
0.84983
0.8484
0.8426
0.84567
0.84366
0.85182
0.84888
0.84526
0.82088
0.78468
0.76369
0.80337
0.81728
0.8034
0.81238
0.75349
0.67002
0.63902
0.63376
0.60531
0.59786
0.56542
0.54001
0.52354
0.70984
0.78014
0.79984
0.81723
0.8264
0.84457
0.85451
0.85167
0.85192
0.48986
0.74176
0.80084
0.80668
0.77111
0.76149
0.76473
0.76475
0.80727
0.8105
0.85966
0.80172
0.82388
0.81887
0.76132
0.76798
0.75271
0.73769
0.73026
0.73356
0.73496
0.74107
0.73981
0.7411
0.75848
0.77403
0.77592
0.7594
0.76056
0.73
0.70205
0.69119
0.6973
0.72169
0.73337
0.74007
0.74385
0.70645
0.69813
0.71471
0.74415
0.79397
0.76304
0.78106
0.81171
0.77937
0.78549
0.77922
0.7393
0.7577
0.73505
0.72189
0.71913
0.73255
0.69951
0.69235
0.73545
0.74511
0.78423
0.79456
0.79759
0.76109
0.7569
0.76641
0.76853
0.769
0.76606
0.7508
0.73078
0.72307
0.71022
0.72818
0.76268
0.72088
0.82535
0.76827
0.74139
0.7546
0.73278
0.7369
0.75213
0.70226
0.73278
0.76181
0.75103
0.75169
0.74463
0.7582
0.74936
0.79273
0.73654
0.76206
0.74703
0.7216
0.71997
0.70022
0.69542
0.691
0.70859
0.72118
0.69683
0.68798
0.68516
0.67488
0.68871
0.69089
0.63761
0.57331
0.54755
0.52383
0.52028
0.50155
0.68074
0.7036
0.71361
0.71367
0.70692
0.70431
0.70079
0.71771
0.72894
0.7369
0.74195
0.74364
0.72207
0.72976
0.73726
0.74049
0.72431
0.7113
0.71559
0.70706
0.70248
0.69383
0.68782
0.69285
0.70365
0.71782
0.72614
0.8478
0.69795
0.70145
0.69341
0.68574
0.69836
0.71701
0.68903
0.64113
0.61217
0.56295
0.54804
0.55432
0.62558
0.71346
0.77616
0.77173
0.78073
0.76994
0.78498
0.78378
0.78776
0.78508
0.79533
0.7898
0.79608
0.78659
0.78247
0.78242
0.77417
0.77849
0.78632
0.76348
0.74343
0.73798
0.74086
0.73781
0.73461
0.73178
0.72401
0.73493
0.74509
0.7538
0.71576
0.6216
0.55251
0.49729
0.48679
0.76652
0.77505
0.7975
0.8032
0.7991
0.79536
0.79845
0.80771
0.80857
0.80023
0.79805
0.79654
0.79152
0.76678
0.78452
0.79329
0.81705
0.84011
0.84925
0.84593
0.83512
0.83522
0.82965
0.82218
0.81893
0.81705
0.81198
0.80558
0.79771
0.79015
0.77332
0.73906
0.72735
0.70928
0.70118
0.69232
0.68977
0.69165
0.7025
0.70571
0.70693
0.702
0.6943
0.67822
0.66919
0.66064
0.65708
0.64543
0.64109
0.63647
0.63536
0.62841
0.63039
0.58837
0.54629
0.52191
0.55248
0.612
0.59535
0.58752
0.59367
0.60048
0.59728
0.5813
0.5801
0.57803
0.57471
0.55159
0.51738
0.51724
0.53326
0.55488
0.56189
0.56935
0.58391
0.60661
0.60017
0.59427
0.58645
0.56909
0.59036
0.59885
0.60451
0.57942
0.58979
0.68144
0.70582
0.7952
0.78777
0.79068
0.76821
0.73206
0.77504
0.73365
0.73557
0.726
0.57727
0.55795
0.55654
0.54615
0.55066
0.57202
0.55614
0.55334
0.69626
0.72302
0.70742
0.70362
0.72272
0.68654
0.6452
0.65562
0.51834
0.71298
0.74625
0.69212
0.6929
0.68668
0.68052
0.70231
0.72184
0.76794
0.75882
0.78886
0.82253
0.80985
0.8436
0.87044
0.86641
0.85973
0.8512
0.84673
0.84264
0.83153
0.81974
0.79544
0.76654
0.7444
0.75882
0.7602
0.77801
0.78638
0.79555
0.80132
0.80327
0.80564
0.80857
0.80849
0.81422
0.81797
0.81847
0.81588
0.813
0.80983
0.7989
0.78687
0.78739
0.78442
0.77407
0.72086
0.66949
0.63705
0.62774
0.65338
0.67574
0.69707
0.63494
0.65525
0.67126
0.7077
0.69121
0.68583
0.68226
0.69199
0.69169
0.66255
0.61777
0.55776
0.49707
0.62301
0.72781
0.74777
0.74162
0.74085
0.73561
0.75479
0.76375
0.7543
0.71539
0.77265
0.80826
0.79207
0.73568
0.77276
0.78399
0.72623
0.73234
0.72123
0.7391
0.75712
0.7666
0.74864
0.74261
0.77989
0.80681
0.66046
0.61955
0.62528
0.63213
0.64191
0.65127
0.64777
0.6561
0.64926
0.60686
0.49651
0.49001
0.58805
0.52026
0.45722
0.73967
0.71884
0.73044
0.73621
0.73716
0.7273
0.72985
0.72283
0.71695
0.71298
0.71422
0.70759
0.70046
0.69147
0.75595
0.72081
0.75507
0.68094
0.66442
0.55209
0.59536
0.66788
0.78161
0.78328
0.70788
0.59222
0.5992
0.61435
0.64471
0.66428
0.67433
0.69095
0.70484
0.72223
0.66157
0.64167
0.64338
0.65031
0.67875
0.64725
0.78798
0.82156
0.82935
0.83646
0.85309
0.85184
0.84758
0.83946
0.8495
0.83593
0.79797
0.78454
0.78324
0.77694
0.75907
0.74803
0.71702
0.70157
0.68695
0.6782
0.66917
0.66384
0.65212
0.6894
0.6737
0.68782
0.69719
0.71452
0.72656
0.75155
0.77514
0.75546
0.73871
0.73581
0.7313
0.7596
0.74176
0.7482
0.74526
0.74412
0.75182
0.72311
0.70385
0.70115
0.65805
0.62718
0.62701
0.61376
0.62452
0.59066
0.68168
0.71168
0.72875
0.7362
0.75315
0.75526
0.75938
0.76005
0.76525
0.75783
0.75661
0.75461
0.74654
0.74738
0.74511
0.74092
0.73293
0.73082
0.73033
0.73046
0.72815
0.72644
0.7106
0.70275
0.70003
0.69085
0.68943
0.6876
0.69253
0.67741
0.65381
0.64852
0.65126
0.65525
0.65255
0.65136
0.65143
0.6487
0.64788
0.64752
0.64482
0.63838
0.64003
0.64091
0.64233
0.64446
0.64449
0.64621
0.64656
0.64885
0.64395
0.63934
0.63753
0.63476
0.63555
0.64571
0.64561
0.64222
0.64424
0.64484
0.64783
0.65084
0.65176
0.65384
0.64867
0.65022
0.65239
0.66001
0.66186
0.65654
0.65812
0.66381
0.66509
0.67024
0.67684
0.67812
0.68168
0.66822
0.66838
0.64614
0.63176
0.619
0.60944
0.59638
0.58259
0.58699
0.5917
0.54975
0.53951
0.53675
0.49779
0.51357
0.56523
0.59518
0.60988
0.61415
0.62617
0.64747
0.69221
0.7054
0.71983
0.70451
0.67677
0.65901
0.65225
0.63969
0.64571
0.65308
0.66002
0.66783
0.67145
0.68138
0.67412
0.67348
0.66552
0.65873
0.58721
0.54135
0.5063
0.4674
0.42955
0.41167
0.40082
0.38081
0.36725
0.73516
0.6621
0.66557
0.66897
0.69674
0.69751
0.68941
0.68271
0.69682
0.69505
0.68524
0.69308
0.69192
0.66844
0.65755
0.68374
0.69673
0.70424
0.69326
0.69041
0.68277
0.68976
0.66721
0.67297
0.70211
0.70144
0.68263
0.6935
0.68134
0.66064
0.66235
0.69463
0.71745
0.72302
0.75721
0.73982
0.75551
0.74291
0.73351
0.72907
0.7206
0.72965
0.72475
0.73388
0.74981
0.77848
0.76964
0.69056
0.70124
0.7011
0.69186
0.68009
0.68157
0.67981
0.66707
0.65507
0.65111
0.64656
0.64796
0.64531
0.64784
0.64172
0.65116
0.64852
0.64667
0.64034
0.64195
0.64104
0.64662
0.64382
0.57755
0.47671
0.68318
0.70694
0.72398
0.71709
0.71439
0.72564
0.72182
0.71161
0.71351
0.70873
0.71576
0.68803
0.6698
0.65888
0.65502
0.65867
0.66234
0.68174
0.71307
0.72559
0.72994
0.72365
0.72783
0.77337
0.71399
0.72469
0.73464
0.6968
0.68034
0.73985
0.7202
0.7218
0.72517
0.79557
0.76905
0.71899
0.72243
0.72227
0.72121
0.72993
0.65612
0.59428
0.62723
0.66564
0.65278
0.64819
0.64465
0.63693
0.64356
0.63717
0.63941
0.63673
0.63497
0.62362
0.62146
0.61567
0.61652
0.61975
0.62237
0.62142
0.63189
0.62415
0.62356
0.62918
0.63026
0.63376
0.62441
0.62166
0.62669
0.61972
0.61797
0.6118
0.58466
0.56759
0.52063
0.50769
0.50746
0.52199
0.50462
0.50925
0.51224
0.5119
0.5085
0.51231
0.55494
0.55083
0.55611
0.56597
0.61061
0.60771
0.60836
0.60233
0.60042
0.59701
0.60194
0.60143
0.59929
0.5973
0.59658
0.58145
0.60754
0.63252
0.64798
0.66367
0.65791
0.64527
0.60606
0.6118
0.61403
0.62436
0.62472
0.628
0.6294
0.62742
0.6041
0.5807
0.52016
0.53736
0.51868
0.5311
0.51259
0.53034
0.53647
0.5578
0.57225
0.55005
0.55255
0.54956
0.56669
0.50268
0.52004
0.55615
0.58942
0.5804
0.58668
0.60293
0.59544
0.58013
0.55834
0.55374
0.57324
0.60357
0.65076
0.77358
0.60533
0.67969
0.67969
0.6769
0.60811
0.6071
0.61263
0.61986
0.63577
0.64215
0.6339
0.64034
0.64242
0.62604
0.50822
0.39774
0.31002
0.34774
0.35533
0.32831
0.33027
0.32827
0.37468
0.40836
0.48074
0.50478
0.57463
0.73735
0.84743
0.90172
0.74637
0.78226
0.80793
0.77308
0.7659
0.76001
0.70376
0.65829
0.65895
0.64739
0.60442
0.54374
0.60132
