0.82581
0.8263
0.82114
0.8031
0.77125
0.67549
0.70027
0.76964
0.84527
0.80764
0.81298
0.8028
0.81306
0.81373
0.81235
0.81275
0.80738
0.79651
0.7245
0.67286
0.58811
0.49598
0.40993
0.36638
0.26671
0.20637
0.18826
0.20436
0.23774
0.28937
0.28003
0.27174
0.31514
0.36221
0.38223
0.36394
0.36301
0.40263
0.42643
0.46567
0.50193
0.67201
0.76249
0.80831
0.81184
0.80404
0.54168
0.4675
0.45987
0.48692
0.51405
0.53838
0.47441
0.4798
0.49319
0.52034
0.55831
0.61674
0.6035
0.58736
0.59412
0.56661
0.55215
0.51612
0.50808
0.49386
0.54057
0.50374
0.42618
0.44758
0.4792
0.49486
0.50278
0.49128
0.49857
0.53819
0.57373
0.55733
0.54075
0.50362
0.36792
0.574
0.6285
0.61259
0.61386
0.61588
0.62173
0.60936
0.61285
0.63547
0.63025
0.6586
0.63793
0.66946
0.65438
0.68109
0.6486
0.63231
0.6325
0.63644
0.71134
0.75185
0.75621
0.74613
0.74701
0.74319
0.72859
0.72555
0.7262
0.66053
0.63647
0.63533
0.6225
0.59133
0.50473
0.43087
0.43083
0.44776
0.43712
0.57314
0.6165
0.62895
0.63641
0.64015
0.6381
0.65832
0.64886
0.63972
0.62763
0.63755
0.66008
0.68116
0.6003
0.70479
0.73985
0.75332
0.76486
0.76617
0.77633
0.77624
0.78727
0.78575
0.79081
0.80157
0.80347
0.80708
0.80437
0.77741
0.75726
0.76665
0.78464
0.78102
0.77959
0.77678
0.77405
0.76267
0.71904
0.76646
0.77831
0.7915
0.80992
0.81789
0.82097
0.82484
0.83924
0.85593
0.86781
0.87168
0.87509
0.87485
0.87367
0.87263
0.8762
0.87286
0.79631
0.74048
0.56478
0.33498
0.074221
0.15958
0.42028
0.82798
0.86885
0.86921
0.8691
0.86903
0.86823
0.55522
0.54947
0.57261
0.61852
0.79839
0.83923
0.86644
0.86937
0.87866
0.89326
0.90602
0.91218
0.87326
0.86283
0.84915
0.83402
0.84738
0.84753
0.84595
0.78009
0.74193
0.72864
0.72822
0.73814
0.75258
0.75875
0.7553
0.71441
0.69936
0.70015
0.70288
0.69288
0.66166
0.62427
0.65164
0.75628
0.77814
0.79082
0.79682
0.81136
0.83177
0.83301
0.82883
0.829
0.76373
0.69014
0.64101
0.62922
0.6314
0.61627
0.61786
0.61987
0.72309
0.74245
0.71331
0.74085
0.74397
0.74229
0.70531
0.71712
0.57945
0.67117
0.64402
0.59816
0.6707
0.72883
0.75323
0.7816
0.79448
0.80674
0.81339
0.80423
0.80922
0.80791
0.81184
0.817
0.82734
0.83095
0.82832
0.82642
0.82476
0.82256
0.79212
0.55807
0.55921
0.59054
0.65713
0.61835
0.57529
0.58832
0.60029
0.59548
0.63174
0.6736
0.56292
0.73763
0.75541
0.76165
0.75918
0.67089
0.73648
0.75224
0.75822
0.76791
0.76907
0.76684
0.77225
0.76583
0.76522
0.77034
0.77727
0.79364
0.80405
0.80747
0.80878
0.80968
0.81312
0.81546
0.81463
0.82639
0.84291
0.84261
0.83244
0.82831
0.82981
0.83537
0.84058
0.8278
0.83612
0.84498
0.85253
0.85371
0.86083
0.85357
0.8527
0.84664
0.84293
0.84192
0.85023
0.86811
0.871
0.86854
0.87302
0.87047
0.86796
0.8709
0.86795
0.84224
0.82046
0.82175
0.82784
0.84009
0.84962
0.84629
0.85443
0.8557
0.86667
0.86393
0.87479
0.87121
0.86049
0.8545
0.85459
0.85408
0.84685
0.83803
0.8416
0.84391
0.84841
0.85108
0.85569
0.85627
0.8546
0.85556
0.85441
0.85487
0.84908
0.84967
0.85064
0.85355
0.85244
0.84943
0.84679
0.84619
0.84525
0.84755
0.85407
0.84939
0.84065
0.83747
0.83203
0.82748
0.82884
0.83168
0.81964
0.72635
0.66778
0.62138
0.58081
0.55731
0.79608
0.8245
0.83958
0.83548
0.81333
0.78445
0.63904
0.54325
0.3931
0.28314
0.23741
0.2142
0.20344
0.23263
0.35134
0.53873
0.77124
0.7188
0.69465
0.73026
0.72987
0.74082
0.83553
0.62087
0.4785
0.42596
0.38614
0.60011
0.70437
0.73883
0.74175
0.74173
0.7513
0.76239
0.76474
0.75291
0.749
0.74906
0.75034
0.75574
0.77192
0.7766
0.78565
0.74273
0.77252
0.76438
0.75681
0.76117
0.78288
0.80383
0.80803
0.74768
0.71147
0.73854
0.69573
0.68678
0.65042
0.64526
0.64126
0.63756
0.66708
0.64621
0.64506
0.6431
0.63806
0.64137
0.66912
0.69361
0.68929
0.65966
0.58186
0.6752
0.77374
0.80076
0.82085
0.85395
0.85454
0.8512
0.84514
0.83537
0.83436
0.8177
0.70087
0.69043
0.65972
0.65676
0.63642
0.63914
0.62229
0.61217
0.62245
0.6313
0.62951
0.62678
0.56549
0.46892
0.64098
0.77912
0.80188
0.80447
0.81294
0.79956
0.6928
0.67987
0.65804
0.67594
0.6681
0.72842
0.69596
0.64652
0.61384
0.67439
0.73404
0.77477
0.80305
0.81223
0.82577
0.82364
0.80813
0.8119
0.81986
0.83975
0.8483
0.83535
0.69964
0.66952
0.65799
0.63604
0.62808
0.62849
0.62155
0.62825
0.65242
0.63055
0.63077
0.65202
0.63584
0.62443
0.60716
0.59277
0.59266
0.58588
0.58986
0.59608
0.59426
0.59608
0.59462
0.59363
0.58777
0.58365
0.58297
0.57906
0.57597
0.58443
0.59666
0.60173
0.60116
0.60451
0.60472
0.60669
0.60336
0.60317
0.60326
0.60554
0.60487
0.60449
0.6078
0.61568
0.63087
0.63749
0.6525
0.66366
0.65916
0.66962
0.61875
0.65912
0.69072
0.73014
0.74405
0.76766
0.78748
0.73552
0.79418
0.80293
0.81161
0.81881
0.81483
0.81749
0.82314
0.63749
0.58916
0.57725
0.54189
0.53826
0.5389
0.6159
0.57635
0.56823
0.56546
0.57546
0.57686
0.59986
0.59394
0.6097
0.60418
0.60259
0.6078
0.60145
0.58498
0.58335
0.58015
0.57879
0.58035
0.56286
0.53215
0.5039
0.48273
0.47977
0.54312
0.58804
0.59625
0.58979
0.57489
0.51767
0.50559
0.51625
0.48303
0.43417
0.38837
0.31184
0.25213
0.22241
0.22346
0.33948
0.45523
0.6601
0.66864
0.63682
0.61719
0.59615
0.60844
0.63779
0.63034
0.60607
0.60501
0.6036
0.60893
0.60953
0.61488
0.61139
0.60591
0.60794
0.60256
0.60346
0.60548
0.60441
0.6049
0.60784
0.61328
0.61956
0.61551
0.61064
0.60203
0.52042
0.36518
0.36726
0.39233
0.37081
0.3279
0.66087
0.73786
0.7691
0.78999
0.81451
0.82232
0.82372
0.80262
0.80478
0.80525
0.84558
0.84308
0.85304
0.69298
0.61753
0.60742
0.54878
0.6388
0.77421
0.80767
0.79705
0.57545
0.4843
0.44691
0.45449
0.50025
0.48371
0.49075
0.52142
0.58062
0.6241
0.67805
0.7553
0.77259
0.80272
0.80817
0.80852
0.77242
0.73975
0.81172
0.82812
0.83641
0.83949
0.82974
0.82174
0.8269
0.84247
0.83298
0.82712
0.82617
0.82347
0.82848
0.83605
0.84644
0.85005
0.84975
0.84596
0.8365
0.83565
0.84688
0.84817
0.86891
0.87739
0.86981
0.86391
0.86096
0.85646
0.79646
0.66119
0.65238
0.64015
0.65187
0.70316
0.72492
0.80434
0.76904
0.73565
0.70994
0.72147
0.71928
0.71189
0.65832
0.61122
0.75115
0.80264
0.82188
0.83304
0.83263
0.83524
0.82935
0.8325
0.83663
0.85077
0.85784
0.85533
0.85068
0.86296
0.87289
0.86834
0.87263
0.87594
0.87318
0.86823
0.86303
0.86255
0.8585
0.85284
0.86241
0.84711
0.85586
0.86376
0.85995
0.85052
0.85333
0.85296
0.84891
0.83671
0.67737
0.65208
0.68734
0.69979
0.65478
0.60449
0.3482
0.57181
0.84785
0.85637
0.86146
0.87502
0.88322
0.88715
0.8919
0.90874
0.90636
0.89775
0.88053
0.86494
0.85956
0.86669
0.8705
0.85042
0.83794
0.83815
0.75291
0.69195
0.67027
0.66297
0.6837
0.77239
0.78165
0.79305
0.79911
0.73637
0.74773
0.74017
0.77162
0.82049
0.82398
0.82287
0.81826
0.81617
0.81778
0.81638
0.82564
0.80692
0.80998
0.83734
0.83114
0.82468
0.77983
0.76031
0.75661
0.7743
0.75402
0.75164
0.75031
0.75267
0.7655
0.81989
0.82914
0.81551
0.81886
0.82098
0.81808
0.81937
0.82072
0.82742
0.82525
0.80485
0.80666
0.80802
0.80798
0.80962
0.81051
0.80907
0.81136
0.78615
0.8099
0.81152
0.78799
0.79484
0.79724
0.78623
0.80272
0.7952
0.77157
0.81622
0.77488
0.76745
0.72046
0.42588
0.42784
0.57494
0.55949
0.58823
0.66457
0.67625
0.65672
0.68227
0.652
0.60609
0.56624
0.58817
0.59312
0.6651
0.65149
0.35217
0.36219
0.41147
0.45412
0.46121
0.49513
0.80426
0.81789
0.84297
0.85548
0.88831
0.87231
0.85515
0.84295
0.83461
0.82134
0.83033
0.84662
0.82558
0.83529
0.84587
0.84566
0.86219
0.74055
0.604
0.50417
0.58283
0.59532
0.6274
0.68015
0.7521
0.75984
0.78682
0.82542
0.82915
0.84465
0.85806
0.86152
0.86182
0.86152
0.86609
0.8757
0.89615
0.89823
0.88325
0.87791
0.8757
0.86048
0.85142
0.85913
0.8673
0.82352
0.82909
0.83587
0.843
0.87378
0.88764
0.89391
0.89732
0.87779
0.88368
0.87444
0.88647
0.86786
0.86586
0.82842
0.82037
0.79315
0.83525
0.80781
0.81856
0.81192
0.81016
0.82587
0.79328
0.74418
0.69905
0.64795
0.61668
0.56115
0.50881
0.52096
0.5807
0.6005
0.48512
0.41329
0.3938
0.43685
0.5182
0.62825
0.62306
0.58064
0.43655
0.32696
0.25238
0.20329
0.20772
0.1734
0.15693
0.1974
0.28214
0.32133
0.3158
0.35098
0.42334
0.44412
0.45515
0.44181
0.54223
0.47348
0.4162
0.37614
0.38464
0.86593
0.86874
0.87926
0.88923
0.89559
0.89306
0.89419
0.90085
0.9102
0.83934
0.74989
0.73249
0.77588
0.77885
0.82075
0.68036
0.48493
0.44293
0.44502
0.43097
0.29033
0.22211
0.20234
0.23399
0.28459
0.35791
0.45192
0.40122
0.39378
0.46276
0.56856
0.6159
0.65547
0.6172
0.64125
0.629
0.59195
0.58991
0.58125
0.62199
0.65637
0.89389
0.91633
0.92827
0.91025
0.8913
0.88637
0.88271
0.86778
0.83566
0.79731
0.75907
0.77595
0.79792
0.78495
0.7567
0.79906
0.88962
0.92933
0.92436
0.91272
0.89867
0.9088
0.91417
0.93037
0.90952
0.90941
0.91024
0.89906
0.89522
0.90234
0.90094
0.88733
0.78584
0.85177
0.67417
0.7476
0.71423
0.83572
0.83193
0.86781
0.68891
0.62878
0.62
0.61548
0.67878
0.62488
0.76811
0.75646
0.86258
0.86329
0.87286
0.8696
0.87482
0.87084
0.87178
0.86849
0.84214
0.86883
0.89413
0.88469
0.83311
0.87521
0.74067
0.69694
0.82183
0.61114
0.64864
0.71237
0.69236
0.68026
0.70527
0.68993
0.72795
0.73625
0.75535
0.74352
0.77304
0.85415
0.8212
0.83794
0.83795
0.79945
0.75463
0.67793
0.65131
0.6191
0.61749
0.62805
0.64014
0.67826
0.71322
0.86904
0.84977
0.8096
0.79904
0.82773
0.83284
0.68371
0.68277
0.66519
0.73037
0.76629
0.81521
0.85411
0.76986
0.71774
0.72572
0.68932
0.76607
0.81375
0.8036
0.80005
0.7449
0.7025
0.69129
0.65533
0.6874
0.71831
0.52117
0.56464
0.77998
0.86754
0.88106
0.88396
0.88293
0.87839
0.88272
0.8693
0.85083
0.85798
0.88411
0.87912
0.8384
0.80239
0.80234
0.80827
0.76738
0.65378
0.65896
0.66042
0.70458
0.70205
0.67193
0.6768
0.66699
0.65221
0.65861
0.71378
0.73584
0.7299
0.68211
0.63127
0.64592
0.73766
0.77158
0.74154
0.7864
0.7522
0.80332
0.85607
0.80196
0.79115
0.8708
0.84145
0.83285
0.82932
0.85489
0.85237
0.74863
0.66164
0.64828
0.64407
0.65653
0.69146
0.73713
0.75392
0.74821
0.6584
0.69042
0.71556
0.70955
0.74752
0.75941
0.77688
0.73918
0.67457
0.69779
0.68886
0.76378
0.76884
0.82815
0.81674
0.80345
0.75633
0.7537
0.75481
0.72778
0.71003
0.58109
0.66144
0.77684
0.81179
0.84979
0.87852
0.88772
0.81208
0.781
0.75082
0.73519
0.72814
0.75676
0.76417
0.71754
0.60222
0.51692
0.60503
0.81942
0.79154
0.80908
0.72586
0.73314
0.86611
0.92171
0.94424
0.92361
0.92846
0.82277
0.84853
0.94437
0.91348
0.93279
0.91217
0.83384
0.82537
0.78358
0.82375
0.92571
0.90815
0.93215
0.91358
0.86097
0.78517
0.68548
0.71824
0.69786
0.66585
0.58452
0.57274
0.70555
0.68026
0.67983
0.69813
0.74646
0.68781
0.68183
0.71703
0.77784
0.7467
0.61544
0.63415
0.61554
0.59705
0.8492
0.78431
0.75976
0.73987
0.71571
0.93919
0.95445
0.95539
0.9718
0.97295
0.97914
0.98617
0.9867
0.98665
0.97622
0.97252
0.79237
0.71804
0.71079
0.62161
0.65383
0.66052
0.7535
0.88555
0.81938
0.77234
0.74007
0.71452
0.68625
0.75717
0.97288
0.93939
0.91563
0.89093
0.85292
0.637
0.69506
0.71919
0.75447
0.78763
0.85527
0.90381
0.88819
0.76826
0.74847
0.6885
0.70591
0.78772
0.82348
0.85682
0.83246
0.66009
0.62806
0.63601
0.66628
0.68024
0.73055
0.772
0.74125
0.70598
0.6563
0.66852
0.70313
0.77386
0.73626
0.70948
0.61274
0.5447
0.54583
0.631
0.73062
0.7328
0.72771
0.73278
0.74498
0.78207
0.77199
0.79673
0.80648
0.72004
0.62707
0.6861
0.68708
0.67264
0.7093
0.74819
0.73363
0.71489
0.70805
0.69228
0.68115
0.68322
0.73461
0.78132
0.78547
0.75914
0.78947
0.77582
0.77949
0.78772
0.79849
0.89487
0.89841
0.873
0.88343
0.88586
0.9404
0.82744
0.76695
0.80033
0.93327
0.92258
0.92928
0.9496
0.91433
0.87718
0.88469
0.8888
0.95442
0.9276
0.8777
0.87869
0.80289
0.77868
0.7806
0.83521
0.9063
0.90271
0.97201
0.94268
0.77783
0.76112
0.75214
0.77453
0.79362
0.71803
0.64762
0.66754
0.75882
0.68771
0.70962
0.68465
0.65672
0.63531
0.58457
0.57128
0.67426
0.63701
0.68019
0.62936
0.64926
0.64641
0.65113
0.71842
0.76503
0.71886
0.71588
0.76049
0.76034
0.73249
0.84464
0.83701
0.71104
0.65605
0.73139
0.779
0.80981
0.77623
0.77813
0.76742
0.81753
0.76588
0.8037
0.78889
0.93384
0.96298
0.95714
0.77222
0.78659
0.7729
0.79266
0.76945
0.78192
0.80149
0.81161
0.81135
0.78962
0.79138
0.8369
0.87828
0.90472
0.86463
0.77815
0.74478
0.71558
0.75391
0.71895
0.74735
0.72276
0.66312
0.63211
0.61738
0.70136
0.71209
0.7174
0.70096
0.681
0.65552
0.62422
0.67453
0.73156
0.75532
0.73692
0.79014
0.87369
0.86126
0.79173
0.80092
0.83857
0.7521
0.77497
0.80468
0.83487
0.83612
0.82552
0.79032
0.81124
0.89733
0.83707
0.88113
0.92478
0.88138
0.73945
0.65928
0.73885
0.75129
0.7591
0.81708
0.84125
0.79938
0.93406
0.94682
0.94876
0.95859
0.95946
0.96575
0.96782
0.96246
0.95891
0.95319
0.96391
0.97308
0.96301
0.92459
0.95516
0.95393
0.96065
0.93933
0.93279
0.92178
0.91282
0.93674
0.91802
0.9377
0.94893
0.96815
0.99155
0.99498
0.99556
0.98062
0.95499
0.95444
0.87902
0.913
0.87011
0.97679
0.96281
0.94598
0.8849
0.94541
0.88787
0.81751
0.78013
0.76123
0.72919
0.85802
0.95675
0.95178
0.95151
0.93562
0.82741
0.80928
0.85672
0.88264
0.95511
0.94262
0.94979
0.94577
0.88295
0.8779
0.85522
0.94397
0.94886
0.94652
0.94967
0.9269
0.93643
0.9552
0.95856
0.96334
0.93394
0.93147
0.94838
0.84495
0.81139
0.78455
0.80114
0.87666
0.93866
0.94521
0.94082
0.93606
0.91111
0.92392
0.95408
0.95958
0.95652
0.95627
0.96158
0.97381
0.97675
0.97067
0.9705
0.96849
0.96808
0.96435
0.96308
0.95986
0.94551
0.95003
0.94391
0.94107
0.93225
0.9224
0.9277
0.9025
0.86028
0.86474
0.85067
0.9312
0.92856
0.92753
0.93384
0.92807
0.88882
0.9356
0.92907
0.96015
0.96061
0.95356
0.94829
0.93068
0.79031
0.83553
0.7906
0.88293
0.85699
0.85398
0.85192
0.81135
0.76524
0.77706
0.7773
0.81004
0.82791
0.82356
0.81484
0.80594
0.77637
0.78169
0.81911
0.81549
0.81876
0.81472
0.79988
0.79372
0.79935
0.80419
0.76799
0.72999
0.7547
0.71579
0.68484
0.68175
0.70847
0.71208
0.77567
0.80271
0.81065
0.86597
0.76789
0.70079
0.7244
0.80226
0.72082
0.77228
0.75479
0.76077
0.77849
0.76887
0.76253
0.81452
0.77538
0.8067
0.82525
0.86532
0.87505
0.77573
0.73162
0.72771
0.76953
0.77573
0.78399
0.79428
0.80773
0.79891
0.7834
0.77436
0.80608
0.82608
0.81228
0.78046
0.78775
0.80739
0.81262
0.80465
0.81694
0.81719
0.83098
0.86436
0.91865
0.93838
0.95737
0.97615
0.99262
0.98222
0.97181
0.96567
0.87057
0.7843
0.73991
0.68203
0.71615
0.68319
0.65577
0.64627
0.62069
0.74407
0.8714
0.86578
0.86596
0.82619
0.83328
0.88017
0.89256
0.91208
0.88547
0.77268
0.71654
0.66146
0.61893
0.59831
0.56051
0.5419
0.63447
0.66544
0.62017
0.52441
0.53933
0.55503
0.54204
0.56778
0.61488
0.62705
0.65831
0.67882
0.72134
0.71976
0.71161
0.68641
0.70674
0.66729
0.64895
0.54927
0.53286
0.54712
0.56628
0.62692
0.66371
0.70786
0.71117
0.7893
0.99939
1.0009
1.0006
0.86243
0.82893
0.8172
0.82347
0.83173
0.83249
0.84157
0.84154
0.83255
0.79542
0.74561
0.70481
0.67793
0.6517
0.64339
0.67152
0.73188
0.72691
0.71553
0.69956
0.68393
0.68401
0.68689
0.6714
0.63138
0.62056
0.67869
0.70837
0.64379
0.64801
0.67668
0.68761
0.68096
0.67866
0.68017
0.70965
0.84983
0.86534
0.86511
0.86671
0.65173
0.69741
0.81437
0.91354
0.89272
0.84986
0.84526
0.84165
0.84511
0.81229
0.75497
0.77915
0.78316
0.85192
0.82607
0.853
0.89772
0.80472
0.74388
0.6953
0.68014
0.71725
0.72891
0.69765
0.73023
0.80863
0.74613
0.70801
0.71711
0.79139
0.81406
0.77731
0.79524
0.79334
0.77348
0.76156
0.69514
0.68664
0.67413
0.57655
0.59731
0.5921
0.61586
0.63721
0.65895
0.66371
0.64108
0.67286
0.89609
0.91415
0.90823
0.90713
0.89358
0.89989
0.90135
0.90173
0.90428
0.90756
0.92435
0.92942
0.92778
0.92236
0.92235
0.92817
0.92975
0.93449
0.94589
0.94199
0.91615
0.92261
0.91987
0.92139
0.9357
0.94965
0.89339
0.96864
0.96459
0.96401
0.96209
0.96558
0.96598
0.96198
0.95458
0.96186
0.95936
0.95883
0.95543
0.95332
0.95819
0.92745
0.91201
0.88654
0.83467
0.8734
0.88937
0.89831
0.89559
0.90837
0.92346
0.852
0.86178
0.81954
0.78561
0.83105
0.83097
0.78668
0.7586
0.72795
0.66503
0.7245
0.78081
0.81532
0.86978
0.88917
0.84868
0.91236
0.91038
0.91726
0.91308
0.91699
0.91309
0.89759
0.92314
0.91719
0.91866
0.9206
0.92534
0.92564
0.9268
0.92723
0.92798
0.93155
0.9247
0.92362
0.92279
0.91963
0.92887
0.91312
0.89998
0.84351
0.83153
0.91735
0.92249
0.85864
0.90584
0.86164
0.78382
0.87301
0.90422
0.90486
0.89159
0.8944
0.78875
0.80639
0.79254
0.77608
0.77983
0.74898
0.71149
0.77286
0.86491
0.9077
0.9218
0.92062
0.91858
0.91613
0.91476
0.92089
0.92485
0.93008
0.91479
0.90821
0.91084
0.90809
0.9074
0.91564
0.91502
0.91279
0.86169
0.81247
0.79391
0.78758
0.74795
0.72316
0.70088
0.68493
0.69805
0.69823
0.71459
0.70783
0.62669
0.6066
0.62218
0.67219
0.67798
0.65858
0.65042
0.65341
0.63583
0.6403
0.61821
0.63775
0.65017
0.64942
0.62524
0.61508
0.88411
0.88311
0.79811
0.807
0.73905
0.7084
0.68468
0.57934
0.53677
0.78586
0.87302
0.89171
0.90216
0.8842
0.86488
0.82384
0.78647
0.79381
0.7822
0.77089
0.7669
0.73174
0.676
0.69565
0.8013
0.84833
0.89347
0.94338
0.9481
0.92854
0.9395
0.93784
0.93822
0.93182
0.93407
0.94222
0.92764
0.90085
0.8423
0.87784
0.77721
0.75573
0.75959
0.81255
0.84179
0.84336
0.84712
0.857
0.85613
0.85322
0.85453
0.89002
0.73343
0.75776
0.76455
0.76434
0.72546
0.7085
0.69301
0.73267
0.90212
0.91392
0.91539
0.91168
0.90905
0.91421
0.91504
0.91787
0.91648
0.91596
0.91076
0.91109
0.90598
0.85805
0.76403
0.705
0.72981
0.78263
0.71504
0.66979
0.7356
0.83568
0.87317
0.90739
0.90009
0.87271
0.85246
0.85201
0.84979
0.83917
0.7953
0.69029
0.67322
0.68062
0.67765
0.64583
0.57995
0.59888
0.66104
0.65006
0.63533
0.58245
0.5676
0.57822
0.60253
0.60596
0.55707
0.78671
0.80713
0.80088
0.81347
0.82809
0.83411
0.83917
0.82679
0.67998
0.67184
0.65193
0.61183
0.62986
0.61085
0.59252
0.60695
0.63666
0.65535
0.66743
0.68455
0.76236
0.80814
0.77243
0.86825
0.81704
0.8145
0.81547
0.81543
0.83071
0.84995
0.84446
0.83215
0.80112
0.80046
0.79467
0.79764
0.79491
0.79112
0.77612
0.77382
0.74977
0.74227
0.75544
0.74855
0.76003
0.74848
0.73248
0.71589
0.65563
0.62041
0.61434
0.61252
0.61201
0.61244
0.64003
0.77639
0.78121
0.79902
0.78071
0.7393
0.70261
0.78563
0.75427
0.73067
0.6969
0.67205
0.68158
0.67881
0.66316
0.64266
0.6164
0.60698
0.55868
0.54492
0.57493
0.59507
0.51195
0.55304
0.75739
0.89955
0.80122
0.83258
0.84326
0.84675
0.84382
0.83669
0.83867
0.79123
0.78618
0.73433
0.74886
0.76725
0.74858
0.73816
0.72979
0.71026
0.70566
0.6974
0.70044
0.70248
0.69617
0.63275
0.57406
0.5567
0.45526
0.38652
0.36013
0.28712
0.26419
0.78389
0.81256
0.5664
0.66259
0.68071
0.81059
0.82668
0.83773
0.83843
0.84013
0.84094
0.84517
0.84666
0.84833
0.82999
0.81048
0.77221
0.74502
0.77534
0.80707
0.80267
0.79365
0.78877
0.73726
0.78631
0.77318
0.67151
0.65902
0.65608
0.65058
0.64602
0.64264
0.64286
0.63906
0.62983
0.59228
0.52928
0.50225
0.57764
0.65822
0.64453
0.62939
0.60746
0.5902
0.58324
0.57832
0.56923
0.5337
0.53437
0.5006
0.40264
0.33753
0.21656
0.28229
0.25403
0.30893
0.32914
0.32133
0.25557
0.24826
0.26168
0.32084
0.32014
0.41142
0.81738
0.66792
0.83548
0.85441
0.85573
0.84049
0.81334
0.82661
0.80553
0.77978
0.773
0.78026
0.77807
0.75118
0.72821
0.72655
0.70885
0.69994
0.78449
0.7658
0.78912
0.7516
0.71688
0.70524
0.70658
0.69064
0.68437
0.69345
0.68736
0.70455
0.70683
0.70368
0.6908
0.69375
0.41412
0.22682
0.23404
0.76356
0.77407
0.78645
0.80107
0.80393
0.81919
0.80246
0.81052
0.76038
0.79689
0.74133
0.73822
0.73602
0.74167
0.72832
0.70235
0.66059
0.62419
0.61526
0.64515
0.68648
0.71722
0.60007
0.71836
0.74
0.81812
0.85384
0.87852
0.87872
0.87917
0.8777
0.87396
0.8294
0.83459
0.8221
0.81927
0.77236
0.75392
0.78776
0.79745
0.77898
0.79064
0.80099
0.81103
0.81026
0.79339
0.77303
0.78736
0.78602
0.671
0.62212
0.57105
0.55647
0.4704
0.39842
0.38066
0.39346
0.37727
0.381
0.40619
0.427
0.45155
0.5288
0.59013
0.66817
0.71389
0.74334
0.76735
0.77045
0.77124
0.75627
0.74472
0.73577
0.73328
0.73472
0.6893
0.67898
0.70458
0.65908
0.66844
0.68036
0.69051
0.75445
0.73222
0.68758
0.82871
0.73178
0.70896
0.66684
0.69263
0.70314
0.72546
0.7674
0.79781
0.83249
0.8735
0.88335
0.88941
0.88676
0.87756
0.87101
0.86499
0.85888
0.85843
0.8497
0.83325
0.82718
0.8292
0.81392
0.78006
0.77514
0.76634
0.75724
0.65793
0.73019
0.68062
0.78066
0.79972
0.80265
0.79873
0.7682
0.63396
0.78807
0.83989
0.86675
0.87786
0.89287
0.89138
0.84273
0.84177
0.86015
0.86378
0.85973
0.86228
0.85751
0.8561
0.85549
0.85688
0.8609
0.86599
0.87336
0.89197
0.90609
0.90625
0.90537
0.88546
0.88933
0.8904
0.87267
0.84198
0.8476
0.84582
0.83932
0.83499
0.83092
0.83192
0.82124
0.80279
0.81115
0.75114
0.84182
0.86291
0.878
0.8854
0.88207
0.88331
0.88287
0.87652
0.86811
0.86704
0.79744
0.8144
0.83853
0.85995
0.83885
0.82545
0.82019
0.81214
0.81269
0.79172
0.80655
0.82312
0.85868
0.87842
0.87041
0.89743
0.92283
0.92526
0.92226
0.92002
0.9164
0.91125
0.9112
0.90702
0.87675
0.88556
0.9045
0.9267
0.93148
0.93192
0.92858
0.92624
0.92508
0.91775
0.91591
0.90918
0.90701
0.90029
0.8974
0.8919
0.88948
0.88785
0.88327
0.88476
0.88114
0.87872
0.87923
0.8838
0.88748
0.88729
0.88582
0.88222
0.88116
0.86348
0.85551
0.83324
0.80267
0.75514
0.76805
0.74886
0.76824
0.78615
0.84434
0.86033
0.86873
0.86516
0.82813
0.84179
0.84832
0.84448
0.81648
0.79113
0.77437
0.77622
0.75985
0.66821
0.67504
0.65453
0.69764
0.68256
0.59084
0.56204
0.57713
0.5206
0.54257
0.60505
0.76713
0.76408
0.72048
0.72983
0.72047
0.71424
0.71003
0.69903
0.69056
0.68671
0.68329
0.68984
0.66454
0.63087
0.62557
0.62389
0.61772
0.61607
0.61864
0.60716
0.61128
0.61606
0.6139
0.61926
0.61616
0.59068
0.59575
0.6516
0.62986
0.61698
0.61134
0.60293
0.6195
0.62014
0.61887
0.61742
0.61174
0.58861
0.58767
0.57469
0.56355
0.51893
0.52061
0.51686
0.4932
0.47023
0.40518
0.67993
0.68847
0.68438
0.67713
0.67408
0.66515
0.65488
0.66063
0.66302
0.53485
0.45314
0.74442
0.75561
0.73987
0.71098
0.73803
0.69276
0.67768
0.67765
0.68245
0.67203
0.6624
0.6548
0.66821
0.66285
0.65508
0.63752
0.53018
0.50889
0.47442
0.39024
0.37815
0.39224
0.39793
0.41882
0.39238
0.3742
0.33846
0.29278
0.25313
0.64685
0.67009
0.67584
0.69938
0.68229
0.69348
0.71421
0.70973
0.6597
0.63504
0.63103
0.63288
0.63077
0.62308
0.62016
0.61984
0.62779
0.63277
0.63976
0.641
0.63891
0.64147
0.63283
0.64857
0.6169
0.58961
0.46173
0.38558
0.30922
0.28972
0.48958
0.733
0.75199
0.76518
0.77192
0.77515
0.7772
0.77334
0.77098
0.66397
0.75563
0.7722
0.75814
0.72833
0.75361
0.77292
0.77759
0.78815
0.78876
0.81332
0.83794
0.82262
0.82913
0.79262
0.58377
0.54107
0.53916
0.63453
0.59428
0.57252
0.55311
0.63804
0.57173
0.52788
0.50728
0.40028
0.36864
0.39895
0.40945
0.4651
0.63446
0.77084
0.74828
0.76585
0.71241
0.72093
0.69299
0.71088
0.68833
0.67537
0.6954
0.67696
0.70776
0.7514
0.75862
0.74762
0.75803
0.75547
0.76009
0.73518
0.74238
0.65107
0.48993
0.40595
0.77544
0.79453
0.80546
0.81354
0.82311
0.83821
0.84618
0.8384
0.84916
0.84495
0.83796
0.82902
0.82795
0.81056
0.74072
0.6586
0.64834
0.65147
0.65187
0.64092
0.65072
0.64587
0.66134
0.66209
0.6587
0.64768
0.63788
0.62503
0.60627
0.57759
0.57586
0.683
0.66632
0.69397
0.71139
0.72628
0.72755
0.73165
0.59423
0.54488
0.60683
0.62426
0.61971
0.61622
0.61851
0.64168
0.74102
0.73637
0.73058
0.72732
0.65513
0.62813
0.63428
0.58417
0.52285
0.60359
0.6268
0.61582
0.61348
0.61213
0.60884
0.60486
0.6509
0.61095
0.60419
0.60799
0.60417
0.61071
0.60947
0.61677
0.63272
0.64704
0.64189
0.68242
0.72854
0.73832
0.65617
0.59115
0.72596
0.7435
0.75487
0.76076
0.7629
0.76276
0.76588
0.75885
0.75746
0.77475
0.77966
0.68712
0.66415
0.65465
0.64601
0.64611
0.63682
0.63883
0.64385
0.64557
0.63308
0.62122
0.55898
0.28069
0.57696
0.77808
0.8033
0.80913
0.80506
0.80335
0.77103
0.77942
0.78338
0.70666
0.47852
0.44813
0.50454
0.54225
0.56076
