0.63898
0.63411
0.64321
0.63527
0.69033
0.6405
0.62121
0.61224
0.59941
0.59772
0.59528
0.56891
0.59239
0.59334
0.61467
0.62131
0.69124
0.70902
0.78048
0.76253
0.6464
0.59788
0.58522
0.58945
0.58697
0.60589
0.62615
0.64673
0.67875
0.64384
0.62401
0.62207
0.61161
0.60601
0.59364
0.5975
0.59086
0.59617
0.59664
0.58896
0.58879
0.55195
0.52955
0.48022
0.4876
0.59508
0.58243
0.56583
0.60354
0.62264
0.56199
0.54407
0.54477
0.5438
0.52505
0.538
0.56779
0.59036
0.598
0.61622
0.65612
0.69315
0.68456
0.69645
0.71136
0.71826
0.71475
0.72153
0.72599
0.72732
0.7087
0.69916
0.686
0.68304
0.67512
0.70827
0.69514
0.65768
0.65098
0.64746
0.61488
0.59489
0.59896
0.6073
0.616
0.61575
0.61291
0.60647
0.60961
0.63
0.59678
0.42162
0.38079
0.69987
0.72242
0.73199
0.73313
0.73623
0.61399
0.73014
0.72248
0.72242
0.72825
0.73088
0.73383
0.73083
0.72858
0.70196
0.71871
0.71423
0.71097
0.69075
0.64615
0.64532
0.61949
0.61014
0.59871
0.59563
0.59458
0.59361
0.61952
0.60059
0.60649
0.5916
0.58016
0.57903
0.58131
0.58064
0.57739
0.58275
0.58151
0.58653
0.59123
0.58695
0.58865
0.57985
0.57263
0.57111
0.58335
0.56111
0.55548
0.56109
0.55663
0.55744
0.58396
0.60438
0.6286
0.62796
0.65354
0.72593
0.66774
0.66137
0.66774
0.66884
0.64109
0.58818
0.59139
0.60599
0.619
0.59887
0.60634
0.60042
0.59926
0.60364
0.59839
0.58674
0.59072
0.57216
0.57142
0.56536
0.56278
0.56124
0.56179
0.57405
0.57001
0.56662
0.55502
0.54694
0.54291
0.55262
0.56678
0.56634
0.57417
0.57353
0.57215
0.58126
0.60439
0.61459
0.61496
0.61329
0.61291
0.61228
0.61262
0.61328
0.61416
0.62108
0.6109
0.61033
0.60366
0.60273
0.60471
0.61753
0.61686
0.61871
0.62187
0.62136
0.61987
0.61104
0.6119
0.61824
0.62256
0.62165
0.62426
0.62165
0.62354
0.60026
0.62118
0.62117
0.60525
0.61557
0.59383
0.59085
0.567
0.56541
0.56649
0.56812
0.57571
0.57642
0.57599
0.57662
0.54966
0.54758
0.54808
0.54334
0.54311
0.54209
0.55989
0.58254
0.46074
0.41642
0.40214
0.39938
0.41579
0.39847
0.48063
0.53692
0.52801
0.45342
0.45372
0.58649
0.60126
0.60051
0.5907
0.5875
0.58348
0.5838
0.58088
0.56935
0.56433
0.56483
0.56303
0.56466
0.56603
0.56972
0.57523
0.57398
0.58202
0.61061
0.62449
0.62066
0.59443
0.58445
0.59873
0.60631
0.6206
0.61749
0.62589
0.63595
0.64828
0.65469
0.67612
0.67177
0.66714
0.68637
0.66594
0.65283
0.65132
0.64584
0.64107
0.6424
0.63065
0.63142
0.63078
0.60112
0.57279
0.58087
0.5931
0.61046
0.61227
0.61459
0.61606
0.61533
0.6121
0.60331
0.59446
0.5768
0.56775
0.55503
0.48728
0.48766
0.49107
0.50446
0.52305
0.5743
0.58676
0.59022
0.5769
0.57884
0.55133
0.57986
0.59657
0.6323
0.60963
0.60454
0.60409
0.6184
0.60415
0.60965
0.62899
0.65124
0.65895
0.75079
0.70811
0.70764
0.67325
0.62667
0.66463
0.61882
0.62048
0.64133
0.6567
0.66753
0.67309
0.6705
0.66198
0.65987
0.62289
0.60006
0.56851
0.61402
0.60926
0.6009
0.60461
0.61542
0.61625
0.6138
0.60395
0.52205
0.52028
0.51561
0.52249
0.518
0.51585
0.52786
0.52936
0.57255
0.57073
0.57611
0.57045
0.57715
0.59186
0.57837
0.57204
0.55285
0.56743
0.58045
0.61031
0.61594
0.59663
0.54686
0.55841
0.55628
0.56078
0.54987
0.49939
0.52609
0.56133
0.55538
0.57783
0.55531
0.59795
0.61105
0.5969
0.58856
0.57698
0.58164
0.5911
0.58673
0.55989
0.56093
0.55627
0.62652
0.63334
0.63635
0.63017
0.59782
0.56855
0.57136
0.60269
0.60994
0.61244
0.62503
0.62031
0.60933
0.60326
0.60414
0.56674
0.55349
0.50128
0.50637
0.58897
0.60529
0.60046
0.59248
0.60063
0.61958
0.59679
0.57429
0.57284
0.59069
0.60102
0.59308
0.59455
0.60146
0.61442
0.60172
0.61797
0.60747
0.57256
0.59076
0.62567
0.62879
0.63226
0.62619
0.6273
0.61939
0.61068
0.59587
0.5753
0.57391
0.58291
0.60645
0.61836
0.59177
0.59588
0.59068
0.60388
0.61048
0.61127
0.59721
0.52214
0.54814
0.54605
0.538
0.5312
0.54403
0.55578
0.56286
0.58391
0.59411
0.60073
0.58835
0.6113
0.63575
0.64591
0.6528
0.66443
0.66987
0.66834
0.64804
0.63013
0.55745
0.54949
0.51889
0.53699
0.50131
0.53934
0.61664
0.63565
0.65639
0.66574
0.66855
0.64216
0.61827
0.62964
0.58142
0.55761
0.53921
0.5641
0.56901
0.57658
0.57891
0.58457
0.58064
0.59051
0.58712
0.58049
0.5867
0.56082
0.3952
0.46538
0.55294
0.53913
0.56803
0.57881
0.56898
0.53109
0.53428
0.54535
0.55277
0.55674
0.56313
0.55173
0.54392
0.44723
0.3086
0.62564
0.6592
0.64994
0.63254
0.64692
0.65173
0.65242
0.64567
0.64939
0.67518
0.62977
0.61884
0.61434
0.66777
0.70399
0.68327
0.65996
0.6447
0.65731
0.66192
0.64363
0.60632
0.53674
0.50203
0.68236
0.69822
0.68807
0.69562
0.71534
0.73235
0.74203
0.74913
0.75088
0.75198
0.75453
0.75774
0.75971
0.76494
0.76385
0.76138
0.75895
0.74946
0.74419
0.73593
0.70839
0.707
0.72391
0.68927
0.66997
0.66172
0.6532
0.65469
0.64894
0.6097
0.47384
0.51561
0.55412
0.62546
0.61495
0.65597
0.68776
0.6951
0.68624
0.71272
0.68505
0.69174
0.69697
0.69662
0.69283
0.69251
0.70277
0.69676
0.64713
0.63095
0.62815
0.61906
0.62049
0.65032
0.68198
0.68554
0.68735
0.6851
0.66114
0.67366
0.64012
0.626
0.62384
0.62319
0.60373
0.61109
0.57703
0.56657
0.51467
0.57052
0.6129
0.625
0.62432
0.6263
0.62628
0.62001
0.61001
0.60962
0.61125
0.60941
0.58918
0.55878
0.5779
0.60054
0.58665
0.54892
0.59706
0.60055
0.67217
0.6639
0.72038
0.73033
0.70201
0.69655
0.70191
0.69517
0.72956
0.68318
0.69945
0.71557
0.7189
0.68874
0.6922
0.70039
0.70106
0.69799
0.70633
0.74127
0.68417
0.68739
0.74748
0.7242
0.73309
0.72268
0.7171
0.71
0.69857
0.68217
0.62562
0.60671
0.61175
0.61963
0.62236
0.62421
0.62995
0.63721
0.64514
0.65337
0.65811
0.64919
0.64023
0.63914
0.64454
0.6492
0.656
0.65044
0.67407
0.68703
0.70508
0.63191
0.60905
0.61755
0.60544
0.58761
0.58967
0.67374
0.65073
0.62626
0.62222
0.67192
0.6079
0.58316
0.69363
0.69865
0.70839
0.70455
0.70547
0.72556
0.73245
0.73067
0.7422
0.76813
0.77372
0.77134
0.77383
0.77529
0.78046
0.78382
0.78674
0.78562
0.78673
0.7882
0.78715
0.76185
0.73946
0.72916
0.82182
0.73022
0.72446
0.72534
0.69344
0.69658
0.68317
0.68314
0.6791
0.66173
0.65691
0.6534
0.65622
0.66288
0.66977
0.67727
0.69819
0.70178
0.72236
0.74629
0.75803
0.77197
0.78228
0.78453
0.75945
0.75832
0.76247
0.77152
0.77557
0.77476
0.78
0.77504
0.75587
0.73255
0.72174
0.71917
0.71523
0.73816
0.76386
0.77484
0.76978
0.73225
0.71778
0.68872
0.63166
0.62724
0.62565
0.63219
0.61758
0.61798
0.67836
0.67901
0.68388
0.74065
0.72527
0.71689
0.7387
0.79815
0.71353
0.69599
0.73628
0.76915
0.71366
0.72239
0.71527
0.77222
0.7617
0.80247
0.76996
0.76327
0.77656
0.78393
0.80201
0.80245
0.81864
0.77746
0.73082
0.73255
0.71651
0.70693
0.68924
0.66652
0.71428
0.7231
0.75978
0.69648
0.70596
0.6803
0.64116
0.66111
0.69929
0.68269
0.71939
0.70693
0.71667
0.80993
0.74919
0.74028
0.71985
0.7295
0.71458
0.7223
0.69767
0.65973
0.64673
0.63168
0.66045
0.68572
0.71116
0.69073
0.69536
0.69446
0.70347
0.70315
0.70317
0.71066
0.72338
0.7185
0.72364
0.72312
0.72137
0.7231
0.71511
0.71221
0.72146
0.72998
0.72451
0.70878
0.71781
0.72661
0.73026
0.71718
0.73003
0.73642
0.74636
0.7482
0.75074
0.74707
0.74492
0.75341
0.75663
0.63794
0.60296
0.60012
0.59625
0.60188
0.62131
0.60757
0.58985
0.57452
0.54479
0.53361
0.52857
0.48394
0.56153
0.59139
0.57591
0.61639
0.66209
0.76991
0.77725
0.78405
0.78697
0.79245
0.77727
0.76679
0.75681
0.75642
0.76983
0.77266
0.78177
0.79501
0.76662
0.73831
0.71913
0.70628
0.66894
0.68295
0.74289
0.81013
0.77358
0.79317
0.79371
0.81447
0.82402
0.81591
0.80235
0.80262
0.82672
0.85475
0.8113
0.81552
0.79981
0.83905
0.81941
0.81234
0.82026
0.81693
0.79849
0.80525
0.8421
0.81753
0.84032
0.75535
0.69009
0.72424
0.73148
0.72633
0.73409
0.8198
0.84345
0.84337
0.83657
0.8573
0.83977
0.84611
0.85702
0.79566
0.75251
0.7766
0.78655
0.80306
0.76412
0.72329
0.68159
0.66484
0.68007
0.75341
0.74349
0.75013
0.74931
0.73015
0.72019
0.75633
0.78524
0.76766
0.80504
0.80191
0.79782
0.80332
0.77674
0.74188
0.77651
0.79289
0.7723
0.75324
0.74895
0.72675
0.70206
0.6774
0.67303
0.76028
0.73497
0.64389
0.64627
0.67164
0.66493
0.61269
0.6288
0.7073
0.72228
0.74175
0.72887
0.69942
0.71534
0.67788
0.75327
0.73214
0.719
0.75963
0.75614
0.72466
0.74234
0.76597
0.76239
0.75395
0.6995
0.72123
0.74374
0.76738
0.76196
0.75681
0.77609
0.78617
0.6762
0.7326
0.62479
0.70527
0.69423
0.61855
0.57646
0.62426
0.70827
0.68812
0.68461
0.68704
0.68697
0.72618
0.76972
0.75813
0.76074
0.72022
0.71356
0.69546
0.70735
0.72806
0.7593
0.76923
0.80175
0.76191
0.72654
0.72133
0.71766
0.71825
0.77334
0.76269
0.8098
0.80808
0.80341
0.78456
0.83502
0.83712
0.82458
0.81816
0.82667
0.84306
0.82744
0.82061
0.93157
0.78943
0.74819
0.76736
0.77512
0.77592
0.78338
0.74149
0.75984
0.77444
0.79126
0.81432
0.81673
0.85331
0.89106
0.90271
0.74472
0.75985
0.80413
0.83426
0.83533
0.87085
0.74396
0.70531
0.72775
0.80379
0.82745
0.83454
0.73908
0.7195
0.68467
0.70664
0.73688
0.84079
0.8481
0.83279
0.83976
0.80349
0.65192
0.75058
0.75032
0.78198
0.77982
0.78703
0.8189
0.81446
0.68161
0.67295
0.77487
0.7796
0.75703
0.75596
0.75038
0.72861
0.74682
0.73912
0.78896
0.77804
0.76465
0.75936
0.78246
0.77221
0.75979
0.76974
0.79851
0.7862
0.7518
0.7282
0.72913
0.77324
0.69368
0.70625
0.7098
0.70222
0.67679
0.68246
0.65911
0.63732
0.61858
0.60232
0.62374
0.64757
0.64826
0.65334
0.66554
0.664
0.65332
0.66136
0.69512
0.71042
0.72984
0.7393
0.76102
0.76469
0.75544
0.75089
0.73136
0.71261
0.71527
0.70555
0.7055
0.72052
0.72581
0.74709
0.77567
0.75856
0.75164
0.76091
0.76951
0.77636
0.76509
0.73769
0.71894
0.65367
0.7109
0.65521
0.59919
0.561
0.569
0.59162
0.58161
0.5261
0.48013
0.4839
0.57427
0.68855
0.72452
0.6081
0.63009
0.68139
0.69957
0.69841
0.71733
0.71476
0.69027
0.69061
0.66059
0.63325
0.64408
0.66986
0.66093
0.67757
0.74343
0.72264
0.70082
0.67519
0.70341
0.74599
0.76508
0.75541
0.75287
0.76185
0.74013
0.70385
0.69869
0.74318
0.77445
0.79139
0.79898
0.76023
0.65992
0.62076
0.60311
0.64591
0.6406
0.66111
0.6782
0.68037
0.65281
0.52361
0.46824
0.50332
0.57808
0.64354
0.71534
0.71234
0.72928
0.64663
0.48622
0.46598
0.49504
0.67758
0.91361
0.93321
0.93467
0.91993
0.8903
0.8776
0.90479
0.90509
0.85344
0.77684
0.80086
0.87879
0.82512
0.77241
0.77752
0.80486
0.80515
0.75213
0.73117
0.74501
0.70476
0.72979
0.73031
0.70245
0.6909
0.71569
0.74926
0.74751
0.77136
0.80357
0.84197
0.81012
0.80128
0.81092
0.92087
0.89862
0.88578
0.86818
0.81575
0.76708
0.69181
0.67489
0.63442
0.59846
0.56166
0.50199
0.62884
0.81123
0.82735
0.78168
0.7787
0.72384
0.66053
0.79016
0.75297
0.76263
0.72226
0.92676
0.94428
0.78301
0.87094
0.8263
0.82974
0.80512
0.78862
0.83518
0.84724
0.89162
0.89362
0.89323
0.90334
0.91061
0.89884
0.89872
0.91857
0.90919
0.89134
0.84484
0.80802
0.81209
0.80624
0.79838
0.81255
0.73587
0.69475
0.6323
0.635
0.65352
0.66819
0.7043
0.76593
0.80754
0.83795
0.85559
0.84954
0.86794
0.86512
0.8431
0.8654
0.85915
0.80652
0.77337
0.71634
0.73666
0.74275
0.71586
0.69431
0.65943
0.70447
0.70412
0.71165
0.72143
0.68949
0.66971
0.66727
0.69277
0.72333
0.76204
0.78247
0.78481
0.78479
0.784
0.77962
0.76942
0.75918
0.74925
0.7843
0.80791
0.83116
0.836
0.7995
0.75237
0.7792
0.77483
0.71079
0.69368
0.71894
0.7274
0.71766
0.69899
0.71911
0.73437
0.73355
0.79441
0.84856
0.71942
0.7832
0.81239
0.80579
0.8193
0.79886
0.7776
0.80454
0.74295
0.72548
0.81618
0.73946
0.79224
0.75485
0.75125
0.71627
0.70519
0.68834
0.66094
0.71778
0.7683
0.7649
0.7867
0.73298
0.71546
0.67023
0.74558
0.75248
0.76201
0.80605
0.73832
0.74259
0.72203
0.70108
0.74416
0.82729
0.85089
0.82295
0.82835
0.7715
0.72329
0.72342
0.74428
0.76496
0.77575
0.82256
0.79169
0.67576
0.73766
0.80727
0.77713
0.79166
0.78038
0.84423
0.84179
0.77654
0.78033
0.83265
0.83362
0.86898
0.84405
0.83109
0.80457
0.78069
0.81884
0.70715
0.7986
0.92619
0.93803
0.87595
0.84
0.78321
0.73435
0.70658
0.85194
0.84947
0.9429
0.87759
0.91769
0.91439
0.9211
0.78463
0.80067
0.84097
0.8164
0.84735
0.81088
0.72016
0.88415
0.72159
0.878
0.84715
0.85997
0.87197
0.82945
0.84326
0.84201
0.86028
0.86471
0.86482
0.85619
0.84538
0.80274
0.74233
0.73242
0.77305
0.81415
0.84253
0.8653
0.86551
0.85372
0.87611
0.89325
0.89466
0.89724
0.89861
0.88921
0.89555
0.88129
0.89725
0.88464
0.88079
0.87769
0.87726
0.87221
0.88051
0.86409
0.75049
0.72172
0.79041
0.79614
0.81758
0.83231
0.82192
0.82306
0.77573
0.73129
0.78603
0.78179
0.79056
0.83475
0.84547
0.85935
0.84082
0.84909
0.85678
0.8624
0.85479
0.84296
0.81585
0.73479
0.75626
0.76647
0.76033
0.74983
0.76548
0.77712
0.79544
0.80533
0.7967
0.80073
0.75854
0.88971
0.86586
0.89621
0.93288
0.89351
0.86962
0.86964
0.781
0.82981
0.77343
0.89881
0.84919
0.76443
0.72691
0.80579
0.81903
0.73227
0.86119
0.91178
0.94391
0.94528
0.90866
0.8721
0.88673
0.95836
0.93988
0.93752
0.96585
0.95768
0.937
0.92467
0.9261
0.93661
0.95004
0.93599
0.9031
0.91477
0.91988
0.9233
0.89189
0.86901
0.89959
0.93013
0.93148
0.93316
0.90937
0.92389
0.93792
0.94105
0.93571
0.93434
0.93185
0.92785
0.92632
0.92576
0.92704
0.93015
0.92806
0.92512
0.9297
0.92976
0.92615
0.92404
0.83394
0.93561
0.9141
0.9278
0.92058
0.92296
0.87527
0.86582
0.948
0.94223
0.92942
0.92899
0.93119
0.92618
0.94783
0.93289
0.96179
0.95276
0.8753
0.85457
0.89794
0.90562
0.82507
0.67303
0.71422
0.82145
0.90615
0.9065
0.90574
0.83771
0.82401
0.76529
0.72264
0.70792
0.71151
0.78486
0.84812
0.90151
0.90318
0.86844
0.81422
0.79121
0.8012
0.85718
0.9109
0.92328
0.93044
0.94331
0.94043
0.91983
0.89264
0.88189
0.88912
0.91129
0.93215
0.94208
0.93618
0.91239
0.89022
0.88539
0.88829
0.92253
0.95097
0.90491
0.87013
0.83995
0.80116
0.84403
0.87327
0.93436
0.94352
0.94707
0.9495
0.93468
0.93175
0.93203
0.93486
0.9296
0.92635
0.88578
0.80862
0.83385
0.87363
0.87127
0.91596
0.89995
0.8291
0.78956
0.92215
0.90575
0.90935
0.94285
0.94538
0.91848
0.86304
0.84647
0.8404
0.88512
0.87811
0.87019
0.86187
0.88141
0.87255
0.87594
0.93324
0.91474
0.90325
0.90455
0.88
0.84233
0.8321
0.80225
0.78004
0.77405
0.70005
0.717
0.86248
0.91717
0.91838
0.89955
0.91513
0.8943
0.88317
0.89309
0.90104
0.90744
0.87833
0.90079
0.90821
0.88933
0.81951
0.78742
0.7982
0.77636
0.74747
0.77694
0.79294
0.77852
0.78761
0.86076
0.85196
0.84805
0.8217
0.86073
0.90553
0.88922
0.86598
0.8597
0.8589
0.83815
0.83094
0.80524
0.75132
0.71888
0.74641
0.73614
0.74965
0.76481
0.76857
0.75348
0.76684
0.76558
0.77231
0.81865
0.81695
0.80513
0.81192
0.7419
0.73967
0.75828
0.78307
0.82952
0.77993
0.78859
0.73735
0.72985
0.72179
0.7663
0.80237
0.82856
0.82428
0.81894
0.82589
0.80826
0.82803
0.91579
0.91826
0.91713
0.92926
0.92838
0.91411
0.93021
0.94393
0.9383
0.93394
0.91812
0.92399
0.9134
0.90375
0.92222
0.933
0.91799
0.91713
0.90875
0.90694
0.90762
0.90712
0.90164
0.90713
0.89667
0.88963
0.89222
0.88866
0.87379
0.85803
0.84108
0.82254
0.79167
0.81612
0.76858
0.78005
0.77735
0.78594
0.88488
0.85122
0.78727
0.77628
0.7846
0.82037
0.79193
0.78268
0.76643
0.75025
0.74319
0.76145
0.78548
0.80258
0.79384
0.78495
0.80019
0.83021
0.81564
0.81363
0.81615
0.82514
0.78445
0.69569
0.70044
0.71209
0.64982
0.64422
0.68859
0.66638
0.68026
0.61904
0.68855
0.71535
0.72453
0.78716
0.83229
0.86435
0.87141
0.87522
0.88332
0.8466
0.83912
0.86578
0.84873
0.84887
0.83522
0.83665
0.78209
0.72623
0.72677
0.74984
0.74307
0.73792
0.7385
0.73212
0.80097
0.78183
0.77096
0.78868
0.82053
0.8365
0.84688
0.85095
0.85102
0.85169
0.85538
0.83716
0.84207
0.8527
0.8657
0.86878
0.86346
0.85561
0.8463
0.84609
0.82936
0.82574
0.83139
0.79223
0.75792
0.73021
0.73368
0.7504
0.78864
0.79935
0.79184
0.77018
0.76425
0.7565
0.76125
0.7603
0.74865
0.75775
0.75361
0.75645
0.74464
0.79167
0.80769
0.76441
0.79142
0.82017
0.81631
0.81522
0.79076
0.81931
0.80033
0.79287
0.78997
0.77476
0.78625
0.79845
0.80128
0.79441
0.79205
0.80254
0.80442
0.79287
0.79631
0.78969
0.79011
0.81871
0.8133
0.81167
0.82782
0.78913
0.68056
0.70134
0.74017
0.76733
0.79854
0.80787
0.7908
0.80303
0.78743
0.76917
0.70378
0.69079
0.76948
0.76467
0.67811
0.74378
0.77333
0.77663
0.76908
0.7715
0.75239
0.67505
0.68845
0.62689
0.51494
0.50488
0.54093
0.60503
0.6283
0.64583
0.6819
0.6833
0.68132
0.68987
0.68977
0.68717
0.69697
0.67296
0.59401
0.57995
0.71947
0.75959
0.75284
0.74294
0.74324
0.74526
0.76014
0.77097
0.76372
0.7487
0.72299
0.67435
0.63246
0.61804
0.57778
0.59433
0.69517
0.78201
0.78262
0.76449
0.76307
0.78054
0.77966
0.80035
0.78407
0.74434
0.72111
0.68183
0.65762
0.67475
0.73271
0.75738
0.79406
0.78602
0.78204
0.75114
0.77821
0.81036
0.77884
0.71808
0.665
0.69622
0.6451
0.64083
0.6714
0.6505
0.68828
0.70716
0.74821
0.74929
0.73466
0.73397
0.73151
0.74914
0.74923
0.74784
0.72874
0.69806
0.69544
0.69851
0.68318
0.66753
0.66733
0.67594
0.68965
0.69017
0.70737
0.78099
0.78467
0.78452
0.78052
0.78286
0.78087
0.77575
0.76
0.74944
0.78371
0.84975
0.85296
0.85427
0.85554
0.8593
0.85922
0.8537
0.85063
0.84481
0.81983
0.7982
0.78005
0.75268
0.70562
0.66117
0.64011
0.70892
0.74083
0.79044
0.78381
0.75725
0.62377
0.68099
0.7258
0.72356
0.7251
0.72807
0.71731
0.7064
0.71219
0.7184
0.7238
0.73927
0.71727
0.73106
0.72909
0.72487
0.722
0.69525
0.70013
0.68638
0.68203
0.68676
0.69314
0.71898
0.73007
0.74946
0.7615
0.76268
0.76747
0.77079
0.78463
0.80055
0.7892
0.7896
0.79095
0.79724
0.79492
0.79051
0.79378
0.80916
0.78864
0.77695
0.76244
0.75267
0.74882
0.73908
0.73077
0.73088
0.72382
0.72416
0.72255
0.7152
0.70013
0.68956
0.70061
0.71124
0.72451
0.71965
0.71455
0.70432
0.68426
0.69028
0.69889
0.70475
0.70445
0.71407
0.6991
0.73696
0.76191
0.76852
0.7414
0.76782
0.75617
0.78228
0.75897
0.77195
0.78265
0.78608
0.79018
0.78921
0.7837
0.77129
0.76609
0.77134
0.77666
0.77295
0.77192
0.7832
0.75218
0.72748
0.70731
0.73673
0.68541
0.66871
0.55392
0.54217
0.5001
0.54398
0.6486
0.7159
0.74465
0.73466
0.74044
0.78243
0.79034
0.80653
0.80596
0.80724
0.76398
0.74155
0.74385
0.72407
0.7144
0.70655
0.7429
0.74095
0.74413
0.76399
0.76424
0.76072
0.72766
0.71054
0.70865
0.70978
0.70278
0.69191
0.6992
0.77416
0.6856
0.66845
0.67912
0.69956
0.72943
0.70799
0.73637
0.70893
0.68586
0.66409
0.62313
0.60618
0.59278
0.59253
0.58113
0.5911
0.5996
0.62559
0.6643
0.66069
0.63154
0.64255
0.69107
0.69749
0.68802
0.6856
0.67601
0.65465
0.64863
0.65113
0.64952
0.69705
0.71803
0.71611
0.7307
0.70415
0.71282
0.7189
0.70843
0.67579
0.66163
0.71102
0.69104
0.66904
0.66585
0.59033
0.54849
0.73687
0.76201
0.76611
0.78915
0.80055
0.73186
0.73888
0.7317
0.74426
0.73412
0.7391
0.75291
0.74868
0.75067
0.7482
0.73892
0.73275
0.73529
0.73678
0.76118
0.71883
0.76552
0.7261
0.72729
0.6987
0.6908
0.71167
0.71521
0.70772
0.64405
0.63941
0.62105
0.62865
0.62599
0.61229
0.62401
0.62305
0.59673
0.62239
0.63802
0.63482
0.63665
0.64228
0.63011
0.62468
0.6824
0.7289
0.7679
0.65535
0.63982
0.59936
0.58372
0.5814
0.58423
0.60142
0.64343
0.67858
0.65649
0.62245
0.58694
0.56878
0.55815
0.60311
0.61893
0.62772
0.63266
0.6467
0.64672
0.64491
0.66248
0.6685
0.60292
0.62749
0.63016
0.60849
0.59425
0.60509
0.60544
0.60527
0.60578
0.62674
0.59392
0.60311
0.60577
0.61075
0.61934
0.63157
0.62861
0.62356
0.6235
0.61779
0.62055
0.62243
0.63099
0.63635
0.63796
0.62002
0.63012
0.62323
0.62742
0.649
0.65098
0.64517
0.64317
0.64346
0.64503
0.64502
0.63875
0.63591
0.63689
0.63692
0.63425
0.64161
0.64199
0.63893
0.63469
0.61195
0.60744
0.59123
0.54327
0.57576
0.59437
0.68683
0.7185
0.68357
0.69534
0.70013
0.69877
0.70307
0.69871
0.702
0.68827
0.66853
0.61474
0.56724
0.54324
0.50762
0.491
0.48441
0.5044
0.53353
0.55109
0.55631
0.55232
0.58721
0.67427
0.6683
0.69692
0.64844
0.657
0.59589
0.59446
0.56815
0.68276
0.72656
0.70036
0.72252
0.72081
0.67985
0.69605
0.69797
0.69476
0.69884
0.70373
0.70416
0.7917
0.82525
0.67728
0.67445
0.69341
0.79921
0.7887
0.75738
0.73351
0.7215
0.66684
0.68434
0.68108
0.68792
0.70678
0.70821
0.71774
0.71021
0.70052
0.70176
0.69753
0.70413
0.72423
0.66273
0.71344
0.71183
0.67823
0.64673
0.61952
0.6203
0.56986
0.61011
0.63798
0.70923
0.73637
0.74686
0.75932
0.71282
0.67101
0.67319
0.58738
0.49732
0.45885
0.4624
0.47061
0.55645
0.57686
0.5959
0.63849
0.65813
0.69338
0.72886
0.71038
0.74378
0.72915
0.75595
0.6985
0.68847
0.71378
0.73512
0.74768
0.76435
0.75785
0.78117
0.77888
0.77336
0.77418
0.77708
0.77675
0.75367
0.72055
0.67893
0.60971
0.75099
0.76025
0.69882
0.6614
0.67023
0.68646
0.66814
0.68393
0.68168
0.67923
0.63333
0.68153
0.59745
0.6102
0.58171
0.63958
0.65431
0.60784
0.66539
0.73114
0.75819
0.73899
0.75794
0.74999
0.73091
0.70981
0.70164
0.67395
0.64958
0.74089
0.7575
0.72816
0.77373
0.79225
0.82519
0.85988
0.79702
0.81955
0.85705
0.86888
0.88539
0.88859
0.884
0.87674
0.82357
0.81422
0.81273
0.84939
0.86257
0.86587
0.86194
0.85066
0.83495
0.82653
0.74586
0.69898
0.67654
0.67592
0.68951
0.65518
0.74858
0.70282
0.73758
0.72456
0.71886
0.67548
0.69774
0.72304
0.724
0.72705
0.74316
0.72825
0.74883
0.73876
0.77621
0.79213
0.82982
0.70513
0.68067
0.6816
0.71846
0.69229
0.70161
0.70797
0.71168
0.70288
0.7061
0.69419
0.71743
0.74596
0.73077
0.64562
0.664
0.67329
0.69138
0.66726
0.6574
0.65359
0.65369
0.64225
0.64856
0.66384
0.67347
0.66821
0.6761
0.67978
0.67724
0.68057
0.68646
0.69511
0.73912
0.74612
0.74926
0.77357
0.72347
0.72788
0.7774
0.74611
0.74361
0.59596
0.64846
0.5815
0.66631
0.6959
0.72007
0.73363
0.72985
0.76874
0.78889
0.73245
0.75015
0.7382
0.766
0.68055
0.68984
0.68444
0.69104
0.66378
0.65327
0.68689
0.71669
0.7062
0.66579
0.64722
0.73813
0.77118
0.60192
0.60856
0.60078
0.59387
0.58636
0.62851
0.62422
0.68443
0.7757
0.57369
0.55243
0.55373
0.52587
0.50522
0.60941
0.6159
0.5244
0.55832
0.61728
0.62692
0.64747
0.78905
0.74988
0.66478
0.64682
0.67823
0.70642
0.74101
0.68081
0.7077
0.55926
0.46785
0.75038
0.76842
0.77756
0.75623
0.72099
0.7294
0.78164
0.80805
0.81985
0.81793
0.81123
0.7765
0.72474
0.70244
0.6531
0.58824
0.57172
0.58842
0.75975
0.75725
0.72535
0.80047
0.80669
0.81248
0.82122
0.82051
0.81095
0.78222
0.75325
0.75139
0.73975
0.70988
0.63328
0.61625
0.58375
0.56246
0.61927
0.49666
0.72475
0.68604
0.75516
0.75025
0.75379
0.75593
0.75843
0.77074
0.77662
0.77739
0.7863
0.79166
0.80821
0.8144
0.62338
0.62325
0.63455
0.65892
0.65174
0.6574
0.6468
0.64773
0.62295
0.71272
0.75205
0.69212
0.68358
0.63762
0.64672
0.6554
0.64685
0.65385
0.68779
0.69472
0.70098
0.70197
0.6944
0.60135
0.59207
0.5871
0.58022
0.57599
0.56754
0.47491
0.6562
0.60722
0.59635
0.61021
0.57426
0.58704
0.6237
0.66492
0.68334
0.71898
0.73433
0.69083
0.54096
0.53668
0.60521
0.6228
0.72586
0.80233
0.84166
0.83103
0.77512
0.75568
0.74757
0.68761
0.68228
0.66044
0.65135
0.64494
0.64127
0.63712
0.63104
0.61084
0.60685
0.60298
0.58734
0.58454
0.59006
0.59618
0.59954
0.59772
0.61314
0.63071
0.63129
0.62266
0.62274
0.61338
0.6132
0.61324
0.61751
0.62233
0.62719
0.62705
0.63142
0.63604
0.64346
0.66554
0.67017
0.6742
0.68086
0.68699
0.68605
0.67817
0.6737
0.67209
0.66876
0.66208
0.65864
0.65409
0.64894
0.64773
0.65639
0.66797
0.67612
0.69776
0.70338
0.702
0.70418
0.70567
0.67992
0.69654
0.70264
0.69133
0.67699
0.70005
0.71592
0.70533
0.69672
0.69301
0.69311
0.69193
0.69524
0.69915
0.70016
0.69962
0.69943
0.69901
0.72697
0.73172
0.73517
0.72139
0.71803
0.80709
0.71971
0.71968
0.71622
0.72269
0.70205
0.71877
0.67724
0.68539
0.69962
0.71641
0.72198
0.70911
0.70577
0.69441
0.68264
0.6807
0.67466
0.67573
0.68026
0.68253
0.69381
0.69162
0.67401
0.68001
0.67991
0.68131
0.68424
0.69321
0.63213
0.63455
0.64314
0.68382
0.68197
0.6591
0.62216
0.62213
0.61284
0.61525
0.58741
0.48969
0.55953
0.56089
0.55665
0.5706
0.70841
0.67949
0.5886
0.59454
0.68328
0.70171
0.7003
0.70002
