0.70393
0.72042
0.72588
0.7088
0.64599
0.67089
0.63439
0.60949
0.65924
0.73891
0.61516
0.62532
0.63791
0.65848
0.67562
0.67518
0.67652
0.68233
0.76361
0.75558
0.66034
0.68051
0.67546
0.66264
0.69158
0.68585
0.62103
0.58649
0.59948
0.62356
0.64013
0.64449
0.64694
0.66856
0.686
0.69442
0.7012
0.72984
0.75526
0.62463
0.61184
0.61863
0.58457
0.53
0.47076
0.47797
0.56434
0.73716
0.7668
0.71662
0.6636
0.64009
0.65021
0.67042
0.6896
0.7376
0.77026
0.68818
0.59629
0.60513
0.6138
0.71287
0.71737
0.69145
0.69724
0.71731
0.74458
0.66922
0.79456
0.81381
0.70323
0.68533
0.68091
0.67364
0.65055
0.68185
0.6736
0.68276
0.67178
0.65847
0.60484
0.61552
0.62678
0.72953
0.72136
0.66818
0.67842
0.72278
0.72381
0.69987
0.68304
0.68095
0.70719
0.76967
0.64823
0.60065
0.6093
0.62461
0.72435
0.77045
0.80482
0.81589
0.80531
0.79231
0.79961
0.79888
0.80471
0.80833
0.81136
0.8166
0.81745
0.81812
0.81735
0.8101
0.8038
0.79267
0.7884
0.79657
0.81741
0.84092
0.85239
0.85364
0.84465
0.83927
0.83377
0.78452
0.53668
0.55192
0.5163
0.55098
0.60225
0.53158
0.49978
0.75951
0.82012
0.83748
0.2977
0.41479
0.44409
0.54109
0.6113
0.60734
0.59177
0.58102
0.5775
0.5657
0.55216
0.54403
0.53171
0.54111
0.5402
0.52111
0.52472
0.53588
0.55377
0.54155
0.51017
0.50339
0.54115
0.56375
0.5809
0.60404
0.68787
0.62063
0.59618
0.60417
0.56571
0.5721
0.55474
0.5053
0.5558
0.53068
0.52608
0.5439
0.54834
0.55703
0.62002
0.70735
0.61239
0.715
0.72425
0.73405
0.73081
0.72486
0.72026
0.70094
0.67399
0.63809
0.60228
0.60231
0.58663
0.57154
0.59469
0.60002
0.60022
0.62326
0.64629
0.6496
0.64238
0.63407
0.61381
0.62685
0.61063
0.60241
0.55649
0.5488
0.54776
0.56979
0.57312
0.57995
0.59173
0.60793
0.63811
0.72558
0.68881
0.68395
0.73086
0.75663
0.76691
0.76907
0.73849
0.71743
0.6988
0.58313
0.54179
0.52212
0.52672
0.48131
0.59558
0.61403
0.60197
0.58233
0.5734
0.55531
0.54967
0.55468
0.56308
0.57952
0.58799
0.70149
0.54327
0.5495
0.57493
0.59038
0.6141
0.63303
0.62922
0.64444
0.77096
0.74686
0.72734
0.71169
0.70737
0.70397
0.6633
0.62111
0.63383
0.6545
0.66413
0.65134
0.62942
0.61952
0.61546
0.63802
0.64956
0.62815
0.63114
0.6135
0.58287
0.60911
0.64815
0.66576
0.66508
0.7193
0.77685
0.76031
0.76896
0.76788
0.77559
0.79677
0.79514
0.80237
0.80621
0.80956
0.81381
0.80836
0.80523
0.81708
0.8165
0.79445
0.77034
0.75359
0.75116
0.74232
0.76798
0.76027
0.75002
0.74888
0.7461
0.73488
0.71337
0.70158
0.67628
0.60405
0.5618
0.52949
0.496
0.51007
0.5628
0.63882
0.64012
0.62874
0.65272
0.64926
0.64322
0.64738
0.63843
0.63548
0.65009
0.64945
0.71239
0.66149
0.6746
0.6618
0.65197
0.6478
0.57724
0.65396
0.65094
0.65453
0.66357
0.66513
0.64206
0.63838
0.64046
0.63808
0.63715
0.62976
0.62415
0.61593
0.61872
0.62056
0.619
0.62026
0.62435
0.65038
0.69027
0.73349
0.69186
0.57966
0.72526
0.71297
0.79332
0.71987
0.66914
0.69531
0.67256
0.63649
0.58426
0.59331
0.637
0.64855
0.66627
0.66892
0.69117
0.69752
0.64757
0.66114
0.66129
0.67656
0.6949
0.68128
0.68209
0.66487
0.67122
0.66007
0.66665
0.67698
0.67695
0.66143
0.66072
0.66518
0.66411
0.6553
0.65589
0.65971
0.66462
0.67243
0.67678
0.67478
0.66267
0.64472
0.62027
0.65508
0.71517
0.74957
0.68922
0.64765
0.70861
0.64749
0.61137
0.5948
0.64506
0.63546
0.68573
0.60557
0.587
0.64896
0.782
0.77159
0.77264
0.74495
0.72153
0.6955
0.65818
0.62354
0.61907
0.60881
0.59734
0.59842
0.61061
0.62993
0.63746
0.65038
0.64753
0.6413
0.63213
0.6327
0.63456
0.6504
0.65908
0.70077
0.67958
0.69697
0.6598
0.66853
0.70877
0.67566
0.64549
0.67404
0.66233
0.68244
0.65621
0.63005
0.61837
0.6379
0.59326
0.62283
0.60413
0.60602
0.60987
0.61026
0.61402
0.61337
0.63247
0.63766
0.64189
0.65305
0.66499
0.66919
0.67545
0.68127
0.68362
0.68954
0.69113
0.69279
0.69295
0.68879
0.68967
0.68265
0.55126
0.47054
0.37789
0.42827
0.64855
0.73467
0.77798
0.68919
0.81097
0.65226
0.64887
0.65575
0.63735
0.6635
0.65672
0.68124
0.6786
0.67306
0.64773
0.61951
0.62197
0.65338
0.67535
0.65815
0.6938
0.72275
0.72815
0.69613
0.64927
0.66496
0.65041
0.70998
0.76331
0.77768
0.80734
0.80571
0.7838
0.76714
0.77819
0.74989
0.62731
0.6265
0.61108
0.55142
0.64826
0.64892
0.62384
0.6178
0.60096
0.64288
0.77601
0.79339
0.7657
0.63375
0.60464
0.59355
0.56153
0.55811
0.56254
0.56426
0.55822
0.72671
0.75252
0.77671
0.76588
0.77686
0.81142
0.79661
0.55709
0.54942
0.54333
0.52711
0.5129
0.78057
0.77726
0.79414
0.61519
0.57377
0.58303
0.62159
0.58755
0.58111
0.58953
0.62304
0.62344
0.64028
0.60591
0.59334
0.58701
0.51258
0.68115
0.7384
0.76315
0.76961
0.77507
0.77299
0.76296
0.74688
0.71838
0.74807
0.75552
0.76463
0.77294
0.77711
0.77691
0.74187
0.74925
0.71273
0.70751
0.70761
0.71836
0.71385
0.68669
0.71831
0.76166
0.69084
0.68122
0.68369
0.67417
0.70574
0.72953
0.72946
0.73398
0.74761
0.76478
0.77336
0.66465
0.60035
0.59119
0.59317
0.59673
0.60066
0.61628
0.63755
0.6324
0.63536
0.65329
0.65999
0.66391
0.62083
0.59004
0.57247
0.62647
0.6288
0.63344
0.60247
0.58029
0.58184
0.66135
0.66353
0.68216
0.68104
0.69608
0.63504
0.65336
0.66975
0.58073
0.44018
0.51271
0.60456
0.6138
0.62922
0.60855
0.59562
0.58902
0.58483
0.59487
0.59961
0.62874
0.6007
0.63286
0.60076
0.57792
0.57107
0.55387
0.54297
0.56982
0.75106
0.7285
0.76232
0.75807
0.75472
0.73999
0.72615
0.71234
0.70437
0.70301
0.70098
0.70322
0.71114
0.7162
0.71823
0.71502
0.71229
0.71174
0.70349
0.70681
0.71287
0.72281
0.72355
0.72079
0.72444
0.72704
0.72986
0.66439
0.63725
0.66984
0.68018
0.71567
0.73457
0.67929
0.66505
0.67153
0.66762
0.74049
0.70615
0.69186
0.79155
0.56868
0.59519
0.60695
0.64495
0.65051
0.66086
0.71176
0.74169
0.68462
0.65588
0.65524
0.6602
0.6669
0.66178
0.68132
0.69457
0.69987
0.67728
0.67012
0.65051
0.64465
0.6364
0.64281
0.66079
0.69024
0.71116
0.71826
0.61317
0.57887
0.58317
0.59147
0.61109
0.61381
0.68603
0.67668
0.657
0.64361
0.60735
0.55927
0.57392
0.60496
0.62549
0.66679
0.6741
0.66964
0.67357
0.65394
0.64455
0.64097
0.63925
0.64699
0.65872
0.66006
0.66203
0.66845
0.66411
0.66807
0.67697
0.69023
0.70445
0.68797
0.69956
0.7871
0.69824
0.6953
0.68296
0.68231
0.66309
0.63316
0.58505
0.54943
0.51337
0.49194
0.53313
0.65771
0.49981
0.64243
0.73585
0.72793
0.72828
0.74136
0.74598
0.74049
0.74499
0.73227
0.74873
0.76353
0.72399
0.71657
0.72447
0.71952
0.71794
0.70586
0.68654
0.65049
0.61854
0.66318
0.70548
0.69094
0.69202
0.67484
0.62257
0.60307
0.61563
0.61573
0.77129
0.77303
0.77556
0.78289
0.79778
0.78326
0.75505
0.73186
0.68614
0.6545
0.64909
0.6439
0.63594
0.63497
0.67293
0.71152
0.72687
0.72445
0.68135
0.66624
0.65439
0.66022
0.68945
0.73837
0.72686
0.73944
0.74251
0.74983
0.76907
0.75487
0.78959
0.76162
0.75145
0.76933
0.76204
0.75363
0.73697
0.71665
0.69902
0.7062
0.70929
0.70846
0.71496
0.722
0.71889
0.71037
0.7174
0.74129
0.78135
0.78467
0.7871
0.7796
0.77251
0.76441
0.77934
0.79816
0.78736
0.76289
0.73247
0.68183
0.62145
0.61053
0.62961
0.64635
0.68851
0.70849
0.73651
0.69812
0.69991
0.68914
0.69801
0.71811
0.70947
0.76243
0.72457
0.70303
0.70034
0.70767
0.71704
0.71489
0.70947
0.7084
0.69006
0.66642
0.6456
0.67801
0.69119
0.74332
0.79051
0.80143
0.79035
0.83139
0.80706
0.77799
0.77253
0.75677
0.75214
0.81124
0.78028
0.75396
0.7313
0.65176
0.61528
0.64291
0.74143
0.78798
0.71523
0.66067
0.65724
0.6485
0.65327
0.75783
0.77406
0.71841
0.69474
0.64819
0.6148
0.60084
0.62311
0.66529
0.66971
0.66143
0.64968
0.6406
0.6411
0.64313
0.63259
0.66423
0.68557
0.67748
0.6587
0.64594
0.65041
0.65164
0.65745
0.69088
0.76095
0.79172
0.72465
0.6878
0.65713
0.67195
0.67857
0.75837
0.77183
0.77636
0.78323
0.85686
0.85083
0.80884
0.79129
0.76395
0.75975
0.75713
0.76162
0.76819
0.77128
0.81154
0.78002
0.78022
0.73425
0.76579
0.79466
0.76247
0.76099
0.73438
0.69825
0.73695
0.74239
0.73475
0.71453
0.70089
0.69575
0.71405
0.71352
0.76047
0.72805
0.68113
0.67458
0.62561
0.60761
0.58658
0.58218
0.66446
0.68308
0.67526
0.63978
0.62182
0.60353
0.57545
0.56228
0.62197
0.68126
0.70535
0.70146
0.69962
0.68122
0.70504
0.72663
0.74436
0.74808
0.68776
0.69905
0.70235
0.67295
0.6419
0.6148
0.58899
0.57128
0.5792
0.61604
0.69975
0.69499
0.68082
0.66048
0.68346
0.71515
0.72386
0.6656
0.67678
0.64592
0.61801
0.60868
0.61607
0.64312
0.68822
0.73794
0.71701
0.66809
0.65862
0.73152
0.72064
0.73307
0.71642
0.68621
0.71143
0.66505
0.65953
0.65867
0.72579
0.74119
0.74816
0.72609
0.62626
0.82399
0.82691
0.6515
0.66683
0.68698
0.64753
0.65259
0.67058
0.70179
0.7114
0.79627
0.81489
0.80731
0.79016
0.77407
0.74103
0.69784
0.66826
0.62901
0.63337
0.64906
0.73387
0.72825
0.71719
0.69264
0.69119
0.6952
0.70104
0.70094
0.71017
0.72508
0.71635
0.71078
0.72213
0.72338
0.74285
0.80172
0.80714
0.76626
0.7617
0.757
0.7529
0.75346
0.79327
0.8558
0.79469
0.72268
0.72309
0.71815
0.70463
0.67213
0.69747
0.70458
0.75102
0.76732
0.77657
0.78182
0.78587
0.79799
0.80681
0.80127
0.86603
0.79294
0.74124
0.73379
0.71145
0.70927
0.715
0.70652
0.70128
0.65947
0.52872
0.51614
0.58504
0.69739
0.74918
0.77463
0.80641
0.76021
0.77126
0.76265
0.76856
0.75715
0.71862
0.73511
0.91946
0.83635
0.89436
0.90761
0.81787
0.8093
0.78151
0.79124
0.70625
0.71749
0.73524
0.74545
0.75209
0.76037
0.77223
0.78985
0.7832
0.73764
0.75103
0.71049
0.71274
0.70156
0.71748
0.77144
0.80903
0.8305
0.84807
0.8693
0.8345
0.80436
0.80376
0.78899
0.80495
0.79386
0.78952
0.79886
0.80434
0.80631
0.81317
0.80552
0.78704
0.77942
0.79482
0.78796
0.77077
0.72749
0.69882
0.73396
0.69762
0.68098
0.70257
0.71401
0.68832
0.83191
0.77716
0.81245
0.84235
0.87478
0.81441
0.80646
0.84946
0.84705
0.83402
0.79973
0.78339
0.756
0.68685
0.62519
0.83
0.84575
0.80672
0.76013
0.72645
0.71656
0.75082
0.81802
0.83737
0.84199
0.82401
0.82552
0.81368
0.78553
0.708
0.69441
0.73587
0.79688
0.78163
0.76718
0.63895
0.69638
0.73486
0.65269
0.58789
0.56797
0.6211
0.7254
0.71766
0.70409
0.69974
0.71594
0.72077
0.72236
0.70881
0.7041
0.73267
0.74695
0.75978
0.72993
0.70809
0.70277
0.68737
0.66171
0.66008
0.64986
0.73773
0.7341
0.69732
0.66742
0.70847
0.75179
0.75737
0.73456
0.69767
0.68495
0.74306
0.79098
0.81229
0.82243
0.80031
0.78365
0.78213
0.79309
0.80864
0.78149
0.67633
0.70239
0.77687
0.84522
0.85741
0.85915
0.88066
0.86665
0.84019
0.82827
0.83249
0.78729
0.65215
0.64004
0.5641
0.61023
0.61156
0.65706
0.65228
0.66173
0.63033
0.71114
0.74129
0.71806
0.76244
0.86352
0.87014
0.85988
0.84851
0.82461
0.71387
0.70735
0.7503
0.7863
0.76912
0.76137
0.78418
0.77924
0.7526
0.70594
0.69993
0.71457
0.76032
0.82677
0.82582
0.80513
0.75931
0.75515
0.76817
0.80458
0.81443
0.81316
0.79827
0.77938
0.82242
0.82341
0.82172
0.82473
0.79808
0.7812
0.75519
0.77165
0.74147
0.7197
0.72313
0.76042
0.74547
0.76696
0.78849
0.79001
0.7805
0.78428
0.84018
0.84923
0.8596
0.83984
0.8413
0.823
0.80781
0.80115
0.81801
0.82098
0.81152
0.79484
0.80705
0.75294
0.678
0.61304
0.62881
0.7339
0.78093
0.78747
0.79941
0.77433
0.87526
0.8537
0.90059
0.85363
0.83331
0.81666
0.83204
0.76446
0.75801
0.72339
0.74685
0.75157
0.81887
0.78458
0.77425
0.76506
0.76082
0.77227
0.72297
0.88736
0.73876
0.84222
0.79141
0.72098
0.77513
0.77401
0.82463
0.74712
0.78166
0.82812
0.80832
0.74989
0.71479
0.75973
0.76928
0.75807
0.82005
0.78694
0.76379
0.79828
0.82013
0.83308
0.85443
0.84208
0.85096
0.83188
0.80783
0.79299
0.78571
0.75139
0.77628
0.76988
0.76236
0.81737
0.84202
0.85345
0.87641
0.86821
0.84407
0.83076
0.89688
0.86321
0.7823
0.77244
0.78468
0.7503
0.74671
0.87387
0.88968
0.92116
0.9003
0.81982
0.89803
0.9313
0.93547
0.92115
0.89697
0.89967
0.76418
0.71055
0.69267
0.68849
0.69205
0.76762
0.7806
0.80066
0.81042
0.82274
0.78637
0.75608
0.76872
0.875
0.84432
0.857
0.91503
0.93364
0.90941
0.95233
0.93892
0.94774
0.93512
0.85755
0.90966
0.92613
0.90176
0.85097
0.8715
0.85552
0.85102
0.76457
0.63009
0.78345
0.71052
0.72725
0.7345
0.8088
0.88059
0.91859
0.79886
0.76287
0.95208
0.78095
0.86341
0.87983
0.89018
0.89401
0.78391
0.7287
0.72911
0.7797
0.77123
0.74811
0.80831
0.86648
0.89874
0.77543
0.71283
0.95345
0.82412
0.83287
0.84142
0.84017
0.84942
0.67026
0.81491
0.90326
0.88269
0.8796
0.87445
0.82084
0.7947
0.74048
0.72853
0.75234
0.78344
0.81515
0.82003
0.82026
0.80467
0.81075
0.80474
0.81267
0.82744
0.82398
0.80385
0.79533
0.81676
0.83492
0.84063
0.79471
0.75407
0.73139
0.72419
0.72887
0.77078
0.78604
0.89885
0.92158
0.91752
0.90563
0.91953
0.92212
0.84052
0.72312
0.8199
0.88643
0.90766
0.90396
0.88608
0.87266
0.82095
0.83289
0.80219
0.80032
0.76926
0.77563
0.80303
0.81061
0.80578
0.80494
0.78789
0.78702
0.79428
0.84935
0.85569
0.92364
0.89763
0.91037
0.91197
0.89869
0.87912
0.83808
0.82631
0.81331
0.80501
0.81996
0.8457
0.79963
0.76504
0.7613
0.79455
0.81464
0.80685
0.78989
0.77682
0.77227
0.80984
0.8161
0.80644
0.79629
0.78966
0.81568
0.78967
0.77881
0.76257
0.77612
0.79161
0.77601
0.7637
0.75793
0.75661
0.74522
0.75229
0.75605
0.75534
0.76742
0.82162
0.78246
0.71514
0.94439
0.94275
0.94227
0.93488
0.93848
0.85545
0.90449
0.86442
0.93425
0.91846
0.92923
0.92777
0.87374
0.8851
0.9384
0.94077
0.85797
0.85802
0.83212
0.80012
0.77757
0.76478
0.7532
0.75072
0.74275
0.75191
0.80762
0.78525
0.78646
0.79505
0.74482
0.76751
0.77052
0.77336
0.79267
0.781
0.76776
0.75738
0.74823
0.74307
0.87713
0.83495
0.83819
0.85638
0.87225
0.85748
0.81917
0.9463
0.90812
0.90012
0.88745
0.87692
0.87861
0.83724
0.81382
0.79325
0.78001
0.76657
0.85923
0.88809
0.89675
0.89044
0.91213
0.90658
0.85694
0.87944
0.88205
0.89825
0.90095
0.89303
0.83335
0.91305
0.90366
0.91811
0.91943
0.92908
0.93618
0.89457
0.86018
0.89851
0.92178
0.91818
0.92341
0.93097
0.89937
0.87743
0.8885
0.91126
0.93937
0.93062
0.89901
0.93075
0.93241
0.92789
0.83478
0.77763
0.74208
0.73081
0.74991
0.75902
0.77076
0.76247
0.77055
0.72413
0.70029
0.712
0.77946
0.78777
0.77451
0.79043
0.79316
0.7842
0.80893
0.81946
0.82674
0.81175
0.79658
0.77954
0.7646
0.72943
0.68876
0.65161
0.65643
0.67745
0.67562
0.65516
0.6621
0.65918
0.68003
0.74595
0.80295
0.81538
0.80486
0.76197
0.74222
0.71867
0.68978
0.7219
0.8121
0.81041
0.79501
0.79991
0.79529
0.75578
0.71811
0.70209
0.71904
0.80862
0.77697
0.78217
0.78017
0.77436
0.76836
0.77554
0.77893
0.77441
0.76981
0.76542
0.77821
0.76764
0.65545
0.7335
0.89165
0.8858
0.89233
0.91296
0.90549
0.76092
0.67288
0.69017
0.82234
0.78992
0.73
0.79289
0.83662
0.90753
0.90826
0.89369
0.89094
0.79423
0.76626
0.74838
0.7435
0.75992
0.78081
0.78147
0.76577
0.72135
0.72768
0.70194
0.6676
0.64841
0.63158
0.63464
0.64374
0.60115
0.61487
0.63556
0.64807
0.61451
0.59815
0.5664
0.54526
0.58408
0.61458
0.62947
0.62319
0.59812
0.59982
0.56554
0.58365
0.64418
0.66611
0.73219
0.79659
0.80257
0.80824
0.78679
0.69949
0.72901
0.76786
0.76027
0.66185
0.63613
0.62741
0.6715
0.70712
0.75075
0.75083
0.75752
0.75723
0.74941
0.72538
0.76509
0.75085
0.76456
0.77088
0.76232
0.756
0.72143
0.73341
0.75304
0.78519
0.80384
0.79018
0.75249
0.72832
0.71537
0.7321
0.80111
0.82515
0.80724
0.79406
0.74999
0.69257
0.68912
0.78377
0.76524
0.78217
0.76327
0.78882
0.75377
0.8197
0.84393
0.81209
0.81625
0.80784
0.70904
0.67386
0.6822
0.6683
0.6216
0.54807
0.58738
0.64791
0.69723
0.80563
0.84653
0.86911
0.87237
0.87527
0.86715
0.86076
0.84374
0.83941
0.84359
0.84198
0.82825
0.79038
0.7809
0.78153
0.80242
0.80818
0.78266
0.75276
0.73257
0.74478
0.73915
0.80105
0.7107
0.54811
0.56181
0.57637
0.53319
0.48948
0.46982
0.43664
0.48705
0.64213
0.683
0.74645
0.76306
0.74093
0.7059
0.47467
0.45531
0.73991
0.80376
0.8238
0.87113
0.80585
0.76406
0.77245
0.73774
0.68331
0.66707
0.69063
0.72713
0.73381
0.77002
0.79204
0.85282
0.85222
0.8585
0.87958
0.8727
0.87113
0.86614
0.86312
0.86338
0.86755
0.86325
0.87201
0.8647
0.83594
0.82506
0.8233
0.77329
0.77848
0.80631
0.82866
0.78526
0.71048
0.72145
0.71856
0.72401
0.69514
0.69038
0.69545
0.69773
0.68639
0.6995
0.71075
0.74307
0.75647
0.75381
0.75866
0.76622
0.78447
0.7914
0.7962
0.78412
0.79028
0.77801
0.75688
0.73565
0.7614
0.75758
0.76484
0.74725
0.75949
0.73771
0.76712
0.66223
0.72981
0.85288
0.86418
0.87759
0.88672
0.89412
0.88995
0.87649
0.86472
0.82717
0.83533
0.82443
0.82077
0.85555
0.8532
0.8496
0.83951
0.82913
0.82533
0.81013
0.77907
0.76899
0.76488
0.7434
0.63376
0.82174
0.76898
0.72196
0.726
0.69197
0.69194
0.69238
0.69885
0.69202
0.71639
0.67161
0.66534
0.69553
0.69123
0.7572
0.79136
0.79983
0.80401
0.81887
0.77136
0.74535
0.73392
0.74248
0.77096
0.81097
0.8367
0.83099
0.78452
0.8058
0.78342
0.77997
0.7729
0.79061
0.84865
0.86375
0.82005
0.79269
0.74312
0.68697
0.68313
0.73215
0.7437
0.71858
0.7331
0.71303
0.67699
0.67652
0.68403
0.69992
0.6965
0.70097
0.72527
0.67054
0.64253
0.76697
0.7386
0.72584
0.71303
0.69246
0.67277
0.65666
0.65076
0.65019
0.67345
0.69152
0.69893
0.66819
0.70299
0.70764
0.7322
0.73141
0.75852
0.73239
0.6799
0.71088
0.72051
0.68708
0.69267
0.61954
0.57575
0.76171
0.75211
0.78291
0.79551
0.82248
0.79073
0.6361
0.65703
0.70471
0.73022
0.74606
0.73286
0.72136
0.71166
0.71698
0.71253
0.73145
0.71098
0.7079
0.67259
0.71509
0.76506
0.77096
0.78181
0.78019
0.7988
0.78507
0.76835
0.76497
0.77103
0.78333
0.79937
0.80116
0.80372
0.79414
0.79545
0.80289
0.79648
0.80221
0.81101
0.80883
0.80696
0.79204
0.78664
0.77871
0.77765
0.78106
0.79126
0.75514
0.77077
0.76764
0.74706
0.72973
0.71789
0.71706
0.72096
0.7232
0.71984
0.71957
0.73417
0.71975
0.67606
0.66903
0.67456
0.73377
0.76042
0.80561
0.82486
0.83333
0.83496
0.83112
0.81715
0.79523
0.77703
0.73189
0.77037
0.72158
0.70968
0.71032
0.71762
0.7038
0.69435
0.78808
0.82753
0.83368
0.83725
0.83733
0.83683
0.83046
0.79178
0.81035
0.80152
0.84745
0.77013
0.79591
0.79303
0.79347
0.78905
0.78267
0.78237
0.76946
0.76252
0.75514
0.75263
0.72119
0.7089
0.76102
0.80831
0.80453
0.78313
0.78393
0.75678
0.77952
0.78241
0.75431
0.70792
0.73619
0.71346
0.71082
0.72177
0.73616
0.7308
0.7181
0.72166
0.73234
0.75573
0.73053
0.72936
0.73227
0.7459
0.73942
0.73414
0.72954
0.69498
0.67027
0.72838
0.71719
0.73064
0.71008
0.71761
0.73542
0.74867
0.76177
0.75976
0.74819
0.74981
0.74891
0.77171
0.77846
0.78201
0.78555
0.79205
0.79505
0.79432
0.79182
0.78865
0.79453
0.80435
0.81024
0.81762
0.83232
0.83875
0.82998
0.81129
0.80691
0.79373
0.78892
0.77851
0.75638
0.7656
0.74276
0.75194
0.74679
0.75438
0.7719
0.74743
0.74151
0.72954
0.70687
0.70645
0.71307
0.70618
0.71775
0.73347
0.73489
0.73864
0.73816
0.74119
0.74087
0.72995
0.73055
0.72682
0.71943
0.70722
0.68002
0.66167
0.6421
0.624
0.66686
0.70377
0.71936
0.70889
0.71302
0.72726
0.71018
0.7231
0.73144
0.74297
0.74827
0.7813
0.75419
0.77647
0.73143
0.77356
0.70687
0.57848
0.59711
0.6767
0.74992
0.77987
0.75023
0.59506
0.67947
0.77501
0.79821
0.77337
0.74342
0.75188
0.71338
0.71713
0.71502
0.74368
0.74382
0.74605
0.76112
0.77024
0.77278
0.74418
0.77763
0.74876
0.73195
0.7485
0.78172
0.80669
0.79239
0.77124
0.74933
0.73923
0.73091
0.74557
0.76671
0.71052
0.70357
0.68198
0.65147
0.6487
0.64954
0.64277
0.63956
0.63515
0.63042
0.6334
0.57814
0.52746
0.42473
0.38749
0.39999
0.46373
0.40356
0.40383
0.37504
0.38337
0.45588
0.45485
0.49785
0.51319
0.64174
0.73311
0.71616
0.69514
0.69268
0.71344
0.74352
0.73288
0.75826
0.76615
0.76969
0.75211
0.76882
0.76709
0.72494
0.73533
0.76163
0.76708
0.78273
0.79431
0.8067
0.77346
0.75908
0.7388
0.71434
0.80772
0.71051
0.68265
0.6739
0.73544
0.72869
0.68452
0.63443
0.61535
0.60795
0.65787
0.72687
0.73759
0.68989
0.7163
0.71937
0.72243
0.7255
0.73312
0.73229
0.73241
0.72901
0.7283
0.72632
0.72402
0.71833
0.70892
0.66735
0.66462
0.67624
0.66313
0.64914
0.64736
0.6498
0.65104
0.66786
0.66191
0.66347
0.66328
0.66893
0.67157
0.67453
0.65136
0.64628
0.64579
0.64495
0.64022
0.64502
0.64941
0.64577
0.64244
0.63686
0.63636
0.6371
0.63832
0.63451
0.635
0.63482
0.72547
0.73332
0.73655
0.74028
0.73688
0.71464
0.70729
0.69587
0.68401
0.68423
0.68489
0.69265
0.72052
0.73816
0.75663
0.76025
0.76016
0.7575
0.75665
0.75655
0.75036
0.74871
0.75262
0.75066
0.7434
0.72927
0.74223
0.74255
0.73689
0.75045
0.71532
0.68914
0.65912
0.66352
0.68708
0.69561
0.69437
0.69949
0.69913
0.69887
0.68882
0.68265
0.68408
0.67983
0.68092
0.68733
0.71318
0.70542
0.66791
0.66006
0.66068
0.66207
0.66107
0.66009
0.65811
0.64993
0.64999
0.64608
0.64559
0.6612
0.66972
0.68775
0.69931
0.70491
0.60647
0.61821
0.64964
0.75331
0.61271
0.61214
0.58502
0.58645
0.59202
0.60154
0.60478
0.60635
0.48788
0.6329
0.67482
0.69074
0.68733
0.69441
0.6983
0.6939
0.65905
0.65673
0.66831
0.69143
0.72651
0.7818
0.71093
0.63224
0.61783
0.59834
0.78957
0.79679
0.77575
0.76082
0.77372
0.75309
0.7676
0.59528
0.59162
0.59246
0.59386
0.61342
0.64187
0.73578
0.72622
0.72333
0.72373
0.7196
0.71746
0.6916
0.67439
0.66643
0.63697
0.62051
0.61211
0.61551
0.62872
0.64272
0.65859
0.66872
0.67217
0.66592
0.66729
0.64937
0.69417
0.72339
0.74016
0.73541
0.73209
0.71328
0.72382
0.72303
0.71522
0.71414
0.72585
0.73904
0.76349
0.77423
0.81344
0.7595
0.78984
0.77111
0.7747
0.75266
0.73955
0.7334
0.729
0.72114
0.72321
0.73566
0.73282
0.72821
0.70749
0.70555
0.69634
0.68637
0.67993
0.67868
0.70582
0.70858
0.68657
0.69568
0.68035
0.67805
0.66502
0.65261
0.63123
0.63284
0.6256
0.62377
0.62228
0.61837
0.60785
0.60729
0.60421
0.61659
0.65694
0.70268
0.62966
0.6196
0.61886
0.6269
0.63298
0.64225
0.64476
0.6477
0.64233
0.66121
0.6765
0.7064
0.70576
0.70485
0.71802
0.71605
0.71855
0.74549
0.76797
0.66666
0.6688
0.61604
0.61059
0.73271
0.73056
0.78181
0.69076
0.65399
0.70072
0.68586
0.69982
0.68635
0.68998
0.67152
0.65335
0.64334
0.68383
0.66176
0.6729
0.70594
0.70176
0.71379
0.7106
0.71303
0.71119
0.73112
0.73538
0.73793
0.7354
0.73069
0.72035
0.71649
0.71495
0.69235
0.71071
0.69742
0.6649
0.64966
0.64157
0.64068
0.64719
0.64441
0.63705
0.63299
0.62564
0.62247
0.62272
0.62569
0.62678
0.62834
0.62599
0.62059
0.61222
0.61106
0.61277
0.57754
0.60572
0.53715
0.6093
0.65969
0.69885
0.70487
0.69227
0.61651
0.64562
0.64509
0.65394
0.67924
0.71497
0.70341
0.7098
0.71812
0.7405
0.75957
0.75983
0.75587
0.66633
0.64268
0.6551
0.66554
0.66474
0.68508
0.64251
0.63445
0.64149
0.63436
0.61275
0.61883
0.63253
0.63113
0.62617
0.61315
0.61999
0.6209
0.6262
0.63479
0.64475
0.6467
0.64536
0.64249
0.64533
0.64429
0.64592
0.64274
0.64185
0.63817
0.63418
0.63587
0.63334
0.63771
0.64201
0.63816
0.53078
0.43198
0.46061
0.71457
0.72832
0.72416
0.73258
0.73755
0.73114
0.72822
0.74364
0.75366
0.74669
0.75862
0.76954
0.7545
0.77278
0.77347
0.76352
0.76876
0.76049
0.76456
0.74398
0.74445
0.74646
0.73853
0.72408
0.71009
0.70117
0.68828
0.68036
0.66985
0.66371
0.66102
0.66061
0.67789
0.67939
0.67142
0.66652
0.67194
0.67511
0.69296
0.73117
0.71068
0.70363
0.70698
0.71338
0.71642
0.72496
0.70819
0.64433
0.64654
0.57572
0.69994
0.74639
0.68486
0.69832
0.68776
0.67483
0.60947
0.5782
0.59256
0.59725
0.56046
0.63399
0.64703
0.68845
0.69948
0.69822
0.68414
0.72477
0.70738
0.71272
0.68614
0.67203
0.64257
0.65268
0.70691
0.68764
0.74564
0.75246
0.70446
0.69917
0.64883
0.63201
0.64952
0.67541
0.73094
0.72219
0.64883
0.64187
0.67569
0.69565
0.68478
0.75089
0.75214
0.69626
0.67852
0.60583
0.61022
0.59325
0.60626
0.61441
0.61795
0.64595
0.64708
0.6368
0.63004
0.65122
0.66542
0.6692
0.66218
0.66087
0.72544
0.70751
0.70489
0.69482
0.69558
0.65198
0.62313
0.61719
0.6249
0.58006
0.564
0.55394
0.59384
0.61582
0.57238
0.57775
0.6003
0.61955
0.63971
0.66521
0.65013
0.65251
0.64902
0.66172
0.78009
0.66928
0.6865
0.73757
0.67098
0.72587
0.83242
0.81994
0.82702
0.82759
0.84753
0.78771
0.77367
0.61956
0.61859
0.5804
0.55722
0.56285
0.56158
0.55735
0.56825
0.57749
0.61096
0.60468
0.6332
0.63111
0.64697
0.66005
0.6611
0.6645
