0.60218
0.59062
0.60871
0.64804
0.65307
0.65612
0.65976
0.65173
0.66841
0.65874
0.66082
0.66212
0.65576
0.65125
0.63621
0.64468
0.64177
0.63921
0.62843
0.62731
0.62866
0.65835
0.65737
0.66129
0.65173
0.64489
0.64363
0.64706
0.64469
0.6722
0.66025
0.64814
0.70672
0.69044
0.67341
0.64631
0.62724
0.63114
0.53951
0.61484
0.65888
0.67228
0.66198
0.73327
0.70993
0.67721
0.69327
0.68488
0.67196
0.67079
0.66535
0.6583
0.6675
0.66828
0.66619
0.66445
0.66558
0.67353
0.67034
0.67637
0.69399
0.71126
0.72981
0.74511
0.745
0.75373
0.76156
0.75214
0.73617
0.74607
0.72886
0.73698
0.73224
0.6938
0.68634
0.67111
0.64506
0.63679
0.63252
0.63118
0.62453
0.6218
0.63041
0.63449
0.62747
0.62305
0.62221
0.60925
0.64469
0.63949
0.59655
0.60103
0.60307
0.64563
0.61915
0.64484
0.70095
0.69712
0.70016
0.71613
0.71682
0.72674
0.73267
0.71214
0.69364
0.71036
0.69741
0.6897
0.69989
0.70583
0.70175
0.70046
0.64685
0.63355
0.63961
0.6958
0.71858
0.74316
0.76088
0.75251
0.74685
0.73369
0.71351
0.70318
0.71793
0.71594
0.72792
0.71405
0.71758
0.74995
0.7108
0.71514
0.66898
0.66434
0.64136
0.65773
0.77158
0.77091
0.77422
0.73724
0.71462
0.67588
0.65117
0.60917
0.49697
0.49419
0.46059
0.50491
0.47869
0.45934
0.50303
0.57255
0.67973
0.72802
0.69073
0.66749
0.67865
0.6941
0.7062
0.66879
0.65475
0.69508
0.62924
0.64482
0.63916
0.62166
0.61977
0.61653
0.63081
0.61672
0.604
0.59751
0.59629
0.59231
0.59791
0.61039
0.62167
0.64313
0.6679
0.67406
0.67067
0.66815
0.67026
0.66631
0.66154
0.68142
0.65819
0.65952
0.68348
0.67175
0.66592
0.65924
0.6473
0.65006
0.63766
0.62169
0.64805
0.65874
0.64555
0.63081
0.63487
0.63089
0.59186
0.59619
0.57771
0.61003
0.60763
0.57479
0.57553
0.58552
0.4594
0.39405
0.61096
0.62801
0.63047
0.65737
0.69625
0.73924
0.71774
0.6928
0.69684
0.70094
0.69988
0.69934
0.69177
0.68005
0.66043
0.72319
0.63876
0.7057
0.68928
0.67391
0.6774
0.68108
0.66742
0.63279
0.60878
0.60067
0.59143
0.60184
0.60882
0.63687
0.68093
0.68066
0.68207
0.67213
0.66965
0.6974
0.6348
0.64598
0.68844
0.69649
0.68764
0.68425
0.68701
0.68544
0.70173
0.70565
0.70266
0.69699
0.69787
0.70845
0.71001
0.70445
0.71902
0.74935
0.56733
0.70843
0.72514
0.6942
0.64522
0.7126
0.70024
0.71601
0.70806
0.69696
0.68567
0.67104
0.65732
0.64314
0.63949
0.63478
0.65667
0.7019
0.70064
0.70006
0.70576
0.69945
0.71203
0.72263
0.75737
0.74183
0.74759
0.72694
0.70408
0.77664
0.74833
0.72716
0.73759
0.76998
0.77021
0.73521
0.74751
0.76122
0.74984
0.73304
0.71267
0.67713
0.71821
0.7191
0.71809
0.72098
0.69172
0.65074
0.56549
0.71484
0.69561
0.71581
0.70751
0.7046
0.70357
0.71759
0.73417
0.73401
0.7365
0.72468
0.71224
0.69793
0.71407
0.72386
0.68437
0.70282
0.68782
0.66389
0.64418
0.68823
0.68955
0.70908
0.71453
0.71916
0.71465
0.70236
0.71006
0.69812
0.69395
0.69421
0.65922
0.64517
0.62295
0.60581
0.59056
0.58986
0.58738
0.60855
0.71848
0.76154
0.79167
0.82368
0.83668
0.83488
0.81938
0.79449
0.78093
0.79202
0.78316
0.77636
0.76568
0.73819
0.7393
0.71988
0.68898
0.69118
0.69302
0.67885
0.6918
0.70515
0.71837
0.72199
0.69553
0.70771
0.69595
0.68587
0.69587
0.7086
0.69168
0.67439
0.65824
0.67343
0.68387
0.67411
0.67897
0.66199
0.65913
0.65779
0.65047
0.64448
0.64239
0.63883
0.62812
0.64481
0.63128
0.61813
0.62114
0.60341
0.59856
0.59962
0.59151
0.58103
0.58872
0.57483
0.55455
0.55666
0.56439
0.57023
0.57242
0.57136
0.56829
0.53689
0.54321
0.56085
0.57392
0.635
0.6353
0.62888
0.62693
0.62395
0.61402
0.62607
0.64025
0.6363
0.6222
0.61556
0.61064
0.60746
0.60775
0.61229
0.61491
0.62505
0.61993
0.60758
0.59889
0.59061
0.61144
0.6079
0.61885
0.64227
0.61401
0.61376
0.61881
0.60254
0.59394
0.59603
0.61652
0.60205
0.58562
0.59161
0.57173
0.58174
0.59077
0.58425
0.58751
0.58189
0.57822
0.5784
0.56662
0.57165
0.56464
0.61037
0.60287
0.61409
0.60783
0.59329
0.58902
0.5644
0.57017
0.55924
0.58157
0.58797
0.59596
0.6113
0.62537
0.62003
0.65426
0.65268
0.66175
0.65084
0.63174
0.60836
0.60271
0.61513
0.61832
0.62128
0.67185
0.68205
0.70423
0.68867
0.64073
0.63498
0.65889
0.7519
0.62373
0.63914
0.71722
0.70869
0.67938
0.6681
0.69126
0.70177
0.68272
0.7078
0.71515
0.70861
0.67316
0.59385
0.6106
0.67841
0.6835
0.71291
0.6661
0.66804
0.68601
0.72796
0.61358
0.62986
0.64195
0.63894
0.76795
0.77317
0.78669
0.79136
0.79048
0.77038
0.77136
0.77205
0.76727
0.76163
0.76217
0.76083
0.76067
0.75378
0.7615
0.74906
0.72507
0.70864
0.67982
0.68825
0.67357
0.67507
0.671
0.67728
0.66134
0.64906
0.6482
0.61951
0.59163
0.60482
0.62508
0.66003
0.65772
0.66283
0.66275
0.66471
0.6585
0.6547
0.66537
0.66185
0.66353
0.6705
0.6461
0.66248
0.65001
0.64564
0.65441
0.60656
0.59813
0.52927
0.3673
0.40818
0.65933
0.69431
0.70904
0.72323
0.72462
0.72239
0.70817
0.68978
0.68001
0.69365
0.69064
0.69095
0.67825
0.65052
0.63158
0.61488
0.59977
0.59741
0.60836
0.61049
0.60928
0.60028
0.65704
0.67017
0.67696
0.64391
0.62289
0.6215
0.61452
0.60676
0.61889
0.60489
0.60516
0.60529
0.61093
0.62311
0.65878
0.66954
0.64428
0.63774
0.62964
0.65199
0.63484
0.65096
0.65584
0.65148
0.6456
0.64176
0.75659
0.6693
0.71238
0.69693
0.666
0.68598
0.68067
0.68282
0.68617
0.67815
0.63653
0.67578
0.67259
0.71473
0.6432
0.71203
0.76794
0.77487
0.68798
0.75697
0.65735
0.7601
0.72573
0.67099
0.69513
0.75384
0.68264
0.63222
0.65101
0.68479
0.68377
0.70207
0.69183
0.70952
0.68161
0.70943
0.70711
0.73965
0.76137
0.80097
0.83385
0.85835
0.8649
0.83975
0.8442
0.84069
0.82568
0.77555
0.74044
0.7773
0.78582
0.7703
0.78423
0.76283
0.74768
0.74574
0.77059
0.77929
0.79195
0.79362
0.77389
0.74109
0.76174
0.78559
0.75063
0.74527
0.75528
0.7561
0.75256
0.7685
0.74574
0.73951
0.76653
0.77131
0.78105
0.78444
0.74802
0.7313
0.71077
0.65963
0.64113
0.6389
0.65998
0.67362
0.71389
0.65711
0.63835
0.62207
0.61665
0.62421
0.66772
0.69489
0.67526
0.65031
0.62785
0.61842
0.61364
0.61815
0.63128
0.63777
0.65324
0.61913
0.59314
0.49725
0.40182
0.36829
0.40464
0.36132
0.31622
0.38923
0.68947
0.69306
0.70508
0.70783
0.70906
0.77464
0.7946
0.81585
0.82401
0.83325
0.83368
0.83736
0.84938
0.85141
0.84875
0.80582
0.79785
0.79517
0.79336
0.80616
0.82354
0.83342
0.82828
0.82569
0.82134
0.82558
0.81821
0.81639
0.8255
0.81968
0.80395
0.80127
0.81003
0.79964
0.78964
0.78828
0.75565
0.69863
0.68546
0.71611
0.73092
0.784
0.73412
0.76082
0.78434
0.80897
0.80499
0.78518
0.72297
0.7556
0.76929
0.7805
0.80244
0.8064
0.78924
0.7774
0.74924
0.73177
0.72937
0.72834
0.7395
0.74887
0.75146
0.7379
0.72919
0.70129
0.66909
0.69662
0.69191
0.70522
0.65663
0.69304
0.71226
0.71869
0.72989
0.66938
0.63756
0.61979
0.62563
0.70061
0.71231
0.70316
0.65616
0.6649
0.688
0.70098
0.70233
0.72271
0.7564
0.75633
0.74036
0.75303
0.76877
0.78359
0.76623
0.73934
0.72964
0.71684
0.69663
0.71006
0.72952
0.74294
0.73522
0.71588
0.70476
0.71616
0.73018
0.75337
0.79027
0.80834
0.80161
0.78785
0.7727
0.75725
0.74142
0.77718
0.76703
0.71226
0.63995
0.63372
0.64188
0.73874
0.72488
0.73554
0.70975
0.60357
0.58145
0.51855
0.51393
0.54402
0.54645
0.5753
0.59979
0.60028
0.60461
0.58377
0.70574
0.70474
0.70944
0.72509
0.75208
0.76944
0.76651
0.74308
0.74559
0.75018
0.74321
0.7584
0.77126
0.76692
0.75192
0.75228
0.76262
0.72802
0.66718
0.72111
0.73831
0.7043
0.73369
0.71013
0.70978
0.71148
0.7135
0.72007
0.74391
0.75988
0.75766
0.73334
0.77897
0.77048
0.76648
0.76629
0.76905
0.73906
0.67993
0.64642
0.64048
0.59468
0.71434
0.71759
0.74354
0.75063
0.73198
0.74067
0.69256
0.70375
0.71311
0.72961
0.76112
0.75207
0.74964
0.72398
0.69066
0.69329
0.73347
0.63399
0.73014
0.76086
0.77646
0.77222
0.77926
0.7901
0.78748
0.77354
0.77271
0.77511
0.76879
0.73411
0.72111
0.74874
0.74974
0.73899
0.63206
0.62629
0.61809
0.62705
0.71584
0.72274
0.7257
0.74545
0.74718
0.76228
0.77167
0.74937
0.69844
0.68353
0.67705
0.68953
0.62406
0.62828
0.5497
0.52348
0.56324
0.70468
0.73477
0.73688
0.7426
0.77175
0.76964
0.75673
0.75648
0.76771
0.79015
0.81423
0.82272
0.82785
0.83662
0.83041
0.82471
0.80829
0.81398
0.82996
0.84493
0.86564
0.86698
0.85415
0.83902
0.8303
0.82772
0.83407
0.83655
0.84293
0.84316
0.8109
0.78414
0.76146
0.7799
0.82916
0.86042
0.8706
0.87327
0.86554
0.85489
0.84922
0.85853
0.8679
0.87108
0.87016
0.87851
0.86878
0.86329
0.8584
0.85387
0.83829
0.78649
0.80054
0.85162
0.819
0.82322
0.81705
0.82927
0.81748
0.81954
0.83724
0.8501
0.83986
0.82392
0.80994
0.80034
0.77494
0.74301
0.7423
0.75026
0.84943
0.79333
0.80411
0.80962
0.79728
0.73029
0.68811
0.83235
0.83606
0.82763
0.81807
0.82223
0.81359
0.78396
0.78794
0.80867
0.77549
0.77244
0.7724
0.76378
0.73644
0.74635
0.74452
0.70791
0.67368
0.67633
0.68128
0.66772
0.79221
0.6839
0.79896
0.81063
0.80887
0.79255
0.77787
0.78284
0.77899
0.80189
0.74791
0.74711
0.73869
0.71213
0.69547
0.64591
0.60809
0.61469
0.64647
0.7287
0.77613
0.78373
0.76918
0.76319
0.78328
0.81462
0.77573
0.7409
0.7093
0.73622
0.71722
0.71891
0.79508
0.815
0.81674
0.81309
0.80677
0.79837
0.7815
0.79377
0.76522
0.78358
0.78537
0.81832
0.79064
0.79933
0.78272
0.79993
0.8103
0.7829
0.79844
0.81841
0.78665
0.76851
0.77834
0.77827
0.8082
0.80138
0.80732
0.70014
0.82661
0.79634
0.76382
0.78684
0.81423
0.80126
0.78556
0.73741
0.68512
0.70511
0.7652
0.82097
0.8142
0.795
0.70965
0.78205
0.79902
0.74863
0.76167
0.78545
0.80626
0.77886
0.86639
0.87514
0.85894
0.84852
0.82971
0.82972
0.8106
0.80244
0.77548
0.78099
0.83794
0.84706
0.82621
0.80422
0.79688
0.72642
0.79442
0.7957
0.82032
0.83239
0.82184
0.83116
0.82446
0.81774
0.82856
0.84906
0.82701
0.80038
0.81098
0.81007
0.81011
0.75383
0.86737
0.88663
0.88304
0.87689
0.88155
0.90778
0.9172
0.91577
0.93159
0.94535
0.932
0.93228
0.93428
0.92833
0.89949
0.91779
0.85641
0.85345
0.86937
0.92227
0.91148
0.94339
0.94914
0.93871
0.94242
0.92572
0.9302
0.94697
0.92919
0.93598
0.92283
0.86874
0.7995
0.77917
0.80207
0.85986
0.91328
0.93491
0.94447
0.8553
0.76928
0.6902
0.7163
0.82395
0.85264
0.78102
0.75253
0.73995
0.74832
0.79894
0.8506
0.9034
0.94762
0.92327
0.90585
0.91803
0.91703
0.90325
0.86591
0.90818
0.90738
0.93237
0.94648
0.86725
0.88338
0.90228
0.78904
0.783
0.92271
0.91571
0.89826
0.86454
0.87023
0.91117
0.92904
0.93315
0.91759
0.92846
0.89634
0.88723
0.89645
0.85554
0.7685
0.75593
0.91478
0.93531
0.92369
0.83669
0.87487
0.84859
0.65255
0.67002
0.64294
0.84129
0.86073
0.85094
0.86488
0.90458
0.77192
0.83842
0.89821
0.90007
0.93444
0.84849
0.81347
0.63032
0.65016
0.61824
0.63158
0.74704
0.7896
0.78029
0.765
0.79591
0.83933
0.89116
0.85264
0.88509
0.85968
0.86886
0.87689
0.88869
0.88909
0.87329
0.86095
0.86171
0.85992
0.85216
0.78987
0.80063
0.83103
0.86994
0.88652
0.89193
0.88075
0.86678
0.83241
0.91162
0.90937
0.85494
0.84994
0.8948
0.83904
0.76647
0.70266
0.68725
0.91347
0.92839
0.91316
0.93126
0.94232
0.93516
0.9617
0.96407
0.96737
0.95467
0.95002
0.92996
0.81853
0.77045
0.83893
0.90426
0.94466
0.93955
0.93578
0.88246
0.88012
0.87566
0.80894
0.89332
0.85839
0.89039
0.91244
0.9231
0.94373
0.94265
0.9535
0.90107
0.9661
0.96362
0.96215
0.95057
0.93619
0.9207
0.9402
0.93129
0.82841
0.81844
0.76398
0.76072
0.77367
0.71037
0.6986
0.94848
0.95862
0.96178
0.96294
0.95634
0.95768
0.82793
0.77732
0.77775
0.88752
0.93187
0.91789
0.86405
0.85621
0.83175
0.85032
0.7943
0.92123
0.89709
0.89377
0.89633
0.8655
0.84727
0.86388
0.91878
0.91764
0.90655
0.88477
0.90102
0.88995
0.82172
0.7495
0.92847
0.94067
0.93589
0.93711
0.93522
0.93836
0.94171
0.91319
0.92996
0.93675
0.93643
0.92745
0.9238
0.92755
0.89493
0.92505
0.92994
0.89923
0.93017
0.81182
0.87012
0.94031
0.93146
0.91551
0.80515
0.76764
0.8689
0.89385
0.92432
0.89135
0.84639
0.89512
0.93512
0.95114
0.93349
0.93956
0.94475
0.94012
0.8248
0.79434
0.84596
0.93591
0.9304
0.94183
0.92497
0.90256
0.9091
0.91927
0.87343
0.89324
0.89916
0.88578
0.87931
0.82893
0.82927
0.73945
0.8463
0.80436
0.86154
0.83509
0.86456
0.86401
0.82682
0.79976
0.82076
0.81998
0.79629
0.81893
0.81437
0.80625
0.7844
0.74711
0.74165
0.77484
0.83254
0.84528
0.86729
0.89041
0.87806
0.84656
0.88732
0.87604
0.86092
0.82836
0.86979
0.90226
0.86325
0.84442
0.85144
0.84299
0.84238
0.86973
0.85661
0.86857
0.8872
0.89811
0.93539
0.94122
0.90375
0.89919
0.90549
0.8606
0.9136
0.91617
0.92677
0.89865
0.87083
0.87909
0.89509
0.88653
0.85995
0.85371
0.81324
0.80549
0.86184
0.87576
0.85422
0.82059
0.76781
0.74257
0.79937
0.83811
0.87765
0.90494
0.91294
0.93805
0.9683
0.96864
0.95548
0.95109
0.97397
0.96932
0.94939
0.96847
0.9686
0.97604
0.97209
0.95748
0.95376
0.95988
0.92723
0.87563
0.91118
0.94372
0.9471
0.90442
0.92108
0.94751
0.95349
0.941
0.93925
0.9516
0.95569
0.97267
0.96901
0.95802
0.95947
0.96387
0.96498
0.96561
0.96375
0.96094
0.95372
0.94612
0.91928
0.91934
0.9062
0.91419
0.92251
0.92749
0.93811
0.92512
0.89731
0.88431
0.84387
0.84506
0.92699
0.93827
0.9551
0.93498
0.92905
0.86695
0.8499
0.89584
0.81971
0.86859
0.95165
0.94981
0.9246
0.93963
0.94314
0.88232
0.78674
0.886
0.95726
0.92195
0.92851
0.89435
0.86817
0.9134
0.78934
0.83706
0.93391
0.85314
0.84139
0.82807
0.80734
0.73438
0.75861
0.79485
0.78688
0.8066
0.90929
0.92661
0.89547
0.87244
0.90754
0.87995
0.92607
0.88613
0.91999
0.93167
0.90909
0.91879
0.90697
0.90614
0.91651
0.90775
0.90357
0.90521
0.88033
0.79079
0.77378
0.77713
0.82961
0.87617
0.87994
0.87873
0.92591
0.91577
0.89382
0.92106
0.89948
0.91045
0.90932
0.91771
0.91995
0.93383
0.93217
0.92184
0.913
0.89181
0.89736
0.90352
0.87131
0.81908
0.824
0.82942
0.78018
0.71319
0.64781
0.60853
0.58126
0.61675
0.70356
0.88759
0.92697
0.94105
0.97838
0.97314
0.974
0.97762
0.96554
0.884
0.92549
0.89572
0.876
0.92932
0.86022
0.7776
0.80394
0.98282
0.9393
0.94022
0.91309
0.90553
0.95591
0.89771
0.95692
0.94425
0.96041
0.92521
0.93168
0.88076
0.85834
0.83777
0.81385
0.86422
0.92502
0.92519
0.95417
0.95325
0.96734
0.93619
0.90507
0.92331
0.95002
0.93264
0.92307
0.78902
0.86605
0.85118
0.88093
0.71432
0.77012
0.83509
0.90725
0.92855
0.90342
0.90038
0.93702
0.94121
0.9172
0.92085
0.92044
0.94637
0.84334
0.76678
0.8333
0.98156
0.98177
0.96999
0.93158
0.79494
0.76724
0.7953
0.78979
0.78484
0.95374
0.95287
0.95947
0.95505
0.94005
0.94885
0.95363
0.95414
0.94866
0.93562
0.95364
0.93766
0.86317
0.94986
0.96296
0.9534
0.94632
0.93849
0.91959
0.89293
0.85514
0.82613
0.93435
0.95056
0.9603
0.93115
0.93685
0.8763
0.93493
0.91506
0.91946
0.95558
0.94395
0.94124
0.94336
0.91564
0.90828
0.90839
0.91068
0.89134
0.88438
0.89207
0.89909
0.88672
0.8417
0.80541
0.89165
0.89318
0.88151
0.83261
0.8616
0.85816
0.82555
0.81195
0.80475
0.79219
0.81742
0.77546
0.79931
0.81433
0.78931
0.73682
0.70709
0.71666
0.73363
0.73708
0.82897
0.8627
0.88363
0.8781
0.89834
0.89057
0.88784
0.88638
0.87905
0.91123
0.83316
0.78051
0.74998
0.86492
0.84197
0.86708
0.90294
0.75739
0.64538
0.59934
0.62384
0.67766
0.73916
0.78554
0.81195
0.80659
0.79029
0.77565
0.78542
0.76474
0.77087
0.74706
0.70836
0.66062
0.5359
0.48731
0.48971
0.47726
0.45817
0.49357
0.52103
0.54798
0.67242
0.9001
0.90717
0.91082
0.90065
0.5971
0.5638
0.56153
0.60331
0.7883
0.91379
0.90977
0.90908
0.91073
0.90872
0.91302
0.90473
0.92064
0.92087
0.91932
0.89585
0.90514
0.88135
0.87077
0.85835
0.84296
0.85803
0.84597
0.82895
0.82494
0.83214
0.82751
0.8147
0.81906
0.8253
0.81645
0.8184
0.82846
0.82675
0.82142
0.7791
0.77388
0.76678
0.80286
0.81356
0.82753
0.79005
0.77198
0.75181
0.74947
0.74752
0.73851
0.74164
0.75773
0.76473
0.78614
0.78123
0.75475
0.72829
0.7255
0.76183
0.77066
0.77944
0.79085
0.80852
0.7582
0.74669
0.75662
0.79332
0.82522
0.82331
0.79856
0.77268
0.75096
0.74096
0.74233
0.76752
0.72669
0.72086
0.77038
0.77915
0.78357
0.77723
0.79992
0.77325
0.77571
0.80233
0.75209
0.70157
0.74022
0.76407
0.7457
0.79311
0.7738
0.78243
0.79396
0.81405
0.80425
0.81067
0.80778
0.79969
0.79687
0.7939
0.80261
0.81885
0.82715
0.82709
0.81685
0.80586
0.78295
0.80749
0.75907
0.68257
0.65547
0.67771
0.79695
0.77146
0.74801
0.74033
0.74546
0.76891
0.78689
0.80201
0.80764
0.8096
0.82077
0.81866
0.81926
0.82539
0.82349
0.80971
0.81216
0.81169
0.78118
0.80736
0.74878
0.78706
0.80972
0.80963
0.80513
0.80585
0.78373
0.78696
0.79448
0.79818
0.81961
0.81792
0.81539
0.80699
0.79073
0.78114
0.82981
0.80036
0.79787
0.78096
0.77996
0.78455
0.79871
0.79807
0.80007
0.80455
0.77965
0.79811
0.75122
0.74574
0.75254
0.75242
0.74332
0.74973
0.75439
0.73617
0.72834
0.69753
0.72986
0.73606
0.72046
0.65868
0.59502
0.54619
0.58216
0.55665
0.48991
0.47263
0.75531
0.79288
0.81618
0.82081
0.81994
0.81082
0.79859
0.79908
0.79599
0.81482
0.82598
0.82887
0.80599
0.7919
0.79472
0.80525
0.79811
0.80944
0.82518
0.82647
0.83315
0.797
0.81542
0.7837
0.76735
0.76214
0.75845
0.74971
0.74555
0.77581
0.77934
0.7822
0.78653
0.7949
0.80218
0.79026
0.80736
0.81154
0.78961
0.8047
0.81017
0.79164
0.79477
0.76236
0.7534
0.75159
0.75307
0.74559
0.75462
0.77239
0.77301
0.76709
0.75272
0.74895
0.75136
0.75292
0.72661
0.79359
0.80517
0.78971
0.78456
0.77834
0.752
0.71051
0.65304
0.59775
0.585
0.65568
0.74268
0.77326
0.76845
0.79244
0.78488
0.79178
0.7915
0.81153
0.82086
0.82224
0.8453
0.86428
0.87424
0.87354
0.881
0.86402
0.84061
0.82512
0.80639
0.83309
0.82528
0.7952
0.80719
0.79625
0.77262
0.75499
0.78954
0.77559
0.78441
0.77433
0.76573
0.75104
0.7497
0.74035
0.74159
0.72321
0.73296
0.75211
0.75135
0.76909
0.68605
0.68694
0.74682
0.75294
0.75788
0.80554
0.81234
0.79934
0.79213
0.79191
0.79565
0.80016
0.79531
0.79442
0.77891
0.78037
0.73564
0.60355
0.45513
0.5294
0.71179
0.73253
0.74496
0.75644
0.76198
0.75015
0.77521
0.79805
0.76929
0.78303
0.78416
0.78007
0.77718
0.78048
0.7714
0.76596
0.7579
0.75583
0.75555
0.72418
0.70567
0.70188
0.71479
0.72073
0.72252
0.733
0.73408
0.73973
0.73781
0.75869
0.69335
0.7091
0.70754
0.73071
0.70585
0.68878
0.6798
0.67116
0.65523
0.6458
0.67923
0.73275
0.73031
0.71324
0.59409
0.53492
0.76663
0.78697
0.80343
0.82604
0.83504
0.85048
0.86069
0.86473
0.85279
0.83308
0.81898
0.80385
0.80425
0.78589
0.80285
0.81624
0.78601
0.79491
0.76501
0.75842
0.75009
0.73785
0.73409
0.74179
0.74052
0.75471
0.75196
0.73502
0.71022
0.69739
0.70638
0.7154
0.6912
0.71665
0.71587
0.70343
0.70389
0.74505
0.74253
0.73152
0.70745
0.73715
0.74541
0.68227
0.73456
0.74621
0.74116
0.73776
0.74021
0.73755
0.67585
0.68905
0.65251
0.66446
0.63321
0.63515
0.68471
0.63447
0.62607
0.62446
0.62547
0.65733
0.65312
0.61702
0.61125
0.60673
0.69037
0.71789
0.73802
0.72997
0.72476
0.71816
0.72653
0.68568
0.6787
0.71801
0.72634
0.66148
0.66863
0.68661
0.71668
0.73918
0.74027
0.72592
0.72093
0.82204
0.78732
0.7531
0.75823
0.74733
0.70465
0.71736
0.7612
0.7504
0.73835
0.73135
0.74123
0.73742
0.75207
0.73032
0.74689
0.7954
0.73251
0.68864
0.66013
0.70803
0.71717
0.7456
0.74704
0.76573
0.81268
0.82978
0.85997
0.90614
0.78824
0.75722
0.76866
0.76463
0.76733
0.7729
0.73398
0.70799
0.6731
0.61716
0.69041
0.75331
0.74468
0.73132
0.72289
0.71505
0.7261
0.749
0.7547
0.74451
0.73688
0.7375
0.74648
0.75289
0.76117
0.76431
0.75824
0.7389
0.77371
0.78349
0.78503
0.77882
0.77202
0.76505
0.76047
0.75067
0.745
0.73501
0.70237
0.68125
0.66759
0.65522
0.66072
0.65693
0.66106
0.66839
0.65015
0.68141
0.67149
0.67425
0.67569
0.65184
0.60543
0.52274
0.47879
0.43318
0.66339
0.65567
0.67274
0.52204
0.49328
0.49659
0.53524
0.52527
0.69462
0.69945
0.71948
0.74512
0.77081
0.7824
0.78948
0.80074
0.81997
0.8293
0.82791
0.81737
0.80596
0.78275
0.78129
0.77321
0.74681
0.72722
0.7401
0.76979
0.79077
0.83573
0.84846
0.83691
0.82884
0.81206
0.80156
0.79672
0.80305
0.79755
0.80761
0.80392
0.77825
0.75922
0.75437
0.74239
0.74568
0.75891
0.73904
0.7147
0.71494
0.70967
0.70005
0.68991
0.68536
0.69206
0.69095
0.67975
0.66853
0.66866
0.6647
0.6607
0.64049
0.62957
0.62113
0.61572
0.62534
0.6058
0.59428
0.5903
0.5844
0.58814
0.59482
0.61233
0.60807
0.61907
0.66409
0.70605
0.70716
0.73151
0.74744
0.74561
0.76055
0.76236
0.80524
0.79661
0.80974
0.81075
0.78183
0.75358
0.74004
0.7263
0.72793
0.72916
0.71122
0.66052
0.64168
0.64379
0.62653
0.6195
0.64777
0.6826
0.69477
0.70919
0.71957
0.72874
0.73716
0.71677
0.72638
0.72345
0.71751
0.71125
0.7153
0.70958
0.69656
0.69204
0.68684
0.6711
0.68559
0.68453
0.67821
0.68653
0.65727
0.65204
0.65706
0.6588
0.64654
0.64278
0.63659
0.62726
0.62286
0.61679
0.60884
0.61905
0.60726
0.61667
0.62287
0.62516
0.61872
0.59569
0.58001
0.59613
0.60692
0.58401
0.60136
0.61197
0.62618
0.64567
0.66243
0.66327
0.66715
0.70457
0.70135
0.69696
0.67937
0.67122
0.66512
0.65798
0.65871
0.62472
0.62035
0.63944
0.62886
0.63206
0.63332
0.64391
0.68219
0.70495
0.70906
0.68944
0.69562
0.70791
0.71454
0.71721
0.71517
0.71157
0.72593
0.72453
0.72485
0.72627
0.72958
0.72191
0.71248
0.71929
0.69323
0.65601
0.65166
0.65245
0.66062
0.67179
0.67547
0.67446
0.65566
0.65731
0.6623
0.66257
0.65505
0.70356
0.68728
0.66618
0.66467
0.74194
0.71867
0.63674
0.62332
0.65209
0.63948
0.64054
0.62746
0.63165
0.64466
0.65405
0.65846
0.63197
0.62834
0.62161
0.62065
0.61407
0.61758
0.64243
0.63442
0.63033
0.62285
0.6182
0.60631
0.59521
0.59534
0.59389
0.59575
0.59423
0.59258
0.5894
0.59071
0.59448
0.4936
0.47101
0.50989
0.62721
0.44215
0.37446
0.46697
0.67418
0.67695
0.66622
0.7441
0.71387
0.68836
0.72455
0.70799
0.68608
0.66653
0.67832
0.67874
0.69232
0.7083
0.69665
0.66329
0.63212
0.64516
0.62741
0.62285
0.6134
0.60774
0.61368
0.6172
0.59812
0.54448
0.51348
0.64846
0.71763
0.75486
0.78397
0.79693
0.81305
0.78007
0.74325
0.72795
0.73496
0.74887
0.74249
0.72014
0.70543
0.75822
0.61094
0.50271
0.46603
0.66492
0.744
0.69401
0.64283
0.65635
0.73921
0.77347
0.77095
0.7429
0.73343
0.74513
0.73352
0.70807
0.76346
0.76501
0.76084
0.61552
0.59414
0.66854
0.73511
0.77058
0.74524
0.76081
0.7378
0.74587
0.70132
0.73291
0.74756
0.76471
0.78825
0.77622
0.79145
0.71207
0.73294
0.78164
0.73618
0.817
0.72988
0.77159
0.77613
0.79558
0.74941
0.72378
0.73144
0.73428
0.76856
0.72421
0.72012
0.71771
0.72167
0.64453
0.63394
0.72611
0.63651
0.73265
0.72517
0.68534
0.70115
0.62518
0.66802
0.70777
0.71377
0.72376
0.7105
0.69665
0.70145
0.7075
0.69096
0.68794
0.69016
0.71823
0.68899
0.68721
0.69141
0.65795
0.63411
0.61699
0.6093
0.54501
0.39626
0.6613
0.61163
0.7032
0.72403
0.74074
0.74886
0.74271
0.73776
0.72498
0.69623
0.70931
0.72662
0.75033
0.76531
0.69406
0.73119
0.73016
0.72748
0.74538
0.73984
0.76062
0.7963
0.81436
0.79148
0.77857
0.78438
0.80461
0.79632
0.78613
0.80189
0.80778
0.7876
0.78764
0.79032
0.78367
0.78025
0.78081
0.79411
0.79277
0.79425
0.79946
0.79687
0.7913
0.79936
0.8104
0.71457
0.61967
0.62332
0.65738
0.70402
0.74852
0.78139
0.82971
0.88364
0.80072
0.74173
0.74247
0.73288
0.7401
0.73595
0.73579
0.75745
0.75048
0.74044
0.75124
0.74227
0.7361
0.72326
0.70455
0.67882
0.66861
0.73089
0.63272
0.63605
0.64555
0.66721
0.65552
0.66616
0.73591
0.72994
0.71453
0.70345
0.70366
0.74159
0.71718
0.73676
0.67258
0.67702
0.68268
0.66824
0.65798
0.63536
0.65608
0.66439
0.61578
0.72152
0.61841
0.60509
0.6086
0.62007
0.69843
0.7171
0.78055
0.73552
0.74152
0.75092
0.75249
0.75337
0.75012
0.74725
0.74619
0.73958
0.73301
0.72571
0.71807
0.71187
0.70596
0.67091
0.65377
0.64111
0.63141
0.62228
0.61315
0.61316
0.63778
0.63412
0.62379
0.62666
0.63602
0.62465
0.62985
0.62346
0.62258
0.62181
0.61165
0.59017
0.58169
0.56971
0.56954
0.56231
0.56224
0.57336
0.57256
0.58334
0.56822
0.58327
0.59536
0.6054
0.61807
0.62228
0.62528
0.6319
0.64128
0.60872
0.62879
0.62705
0.58843
0.58304
0.5887
0.56631
0.58499
0.56051
0.5634
0.55431
0.54933
0.54987
0.54647
0.54727
0.5433
0.54974
0.54398
0.5378
0.53982
0.53705
0.53852
0.53825
0.56294
0.54196
0.5191
0.54058
0.55068
0.54549
0.54602
0.53456
0.52068
