0.65921
0.62093
0.64611
0.64852
0.66663
0.67218
0.66073
0.65209
0.81257
0.74024
0.69812
0.6816
0.69066
0.70461
0.74659
0.72292
0.70321
0.68503
0.70735
0.67217
0.70839
0.68347
0.6864
0.6769
0.7205
0.69105
0.74299
0.68884
0.67244
0.71384
0.70981
0.70172
0.69595
0.69393
0.67771
0.66381
0.6599
0.72994
0.74442
0.73822
0.67198
0.68846
0.66417
0.64645
0.63563
0.68952
0.63201
0.63733
0.61679
0.61638
0.62399
0.61115
0.50823
0.52693
0.6584
0.65037
0.61398
0.66483
0.65748
0.66073
0.65075
0.68227
0.63798
0.63328
0.63402
0.62934
0.62957
0.63502
0.6389
0.64611
0.62499
0.64921
0.61671
0.59802
0.60166
0.60941
0.62213
0.63206
0.64818
0.65268
0.74713
0.70084
0.70124
0.73806
0.64532
0.63227
0.63134
0.62177
0.6214
0.61765
0.62109
0.62319
0.63851
0.62744
0.62931
0.63147
0.63255
0.63438
0.61522
0.62657
0.62682
0.63503
0.62914
0.59712
0.61292
0.66309
0.62498
0.6077
0.60275
0.59561
0.59527
0.60421
0.608
0.60758
0.62415
0.62422
0.63728
0.64404
0.63568
0.6396
0.63116
0.63123
0.63572
0.62121
0.62008
0.60076
0.58715
0.57829
0.57133
0.57012
0.5704
0.58798
0.5719
0.57029
0.56471
0.56664
0.5687
0.58321
0.57884
0.56931
0.57766
0.56118
0.56631
0.5703
0.56718
0.56408
0.56299
0.54998
0.56238
0.55956
0.5643
0.56102
0.57063
0.56051
0.56685
0.56895
0.57243
0.58198
0.5853
0.58073
0.58087
0.57638
0.57604
0.59035
0.5942
0.55529
0.61041
0.61013
0.59241
0.59235
0.65769
0.65158
0.6622
0.65192
0.68468
0.64787
0.64377
0.62436
0.6147
0.6027
0.59533
0.61317
0.61265
0.60921
0.59607
0.59113
0.58938
0.6005
0.61145
0.61264
0.62788
0.6222
0.63864
0.64637
0.64741
0.65384
0.6518
0.64343
0.62973
0.61686
0.62126
0.61132
0.61896
0.61549
0.61716
0.61764
0.61085
0.61355
0.60823
0.59269
0.60382
0.60592
0.59586
0.59682
0.5852
0.58534
0.5694
0.58081
0.59613
0.60374
0.61725
0.61876
0.61896
0.61686
0.60541
0.60099
0.59433
0.61438
0.62262
0.59056
0.59297
0.59227
0.5968
0.59941
0.59855
0.59712
0.60104
0.60305
0.60149
0.59876
0.59736
0.59431
0.58114
0.57696
0.58391
0.58593
0.58408
0.60491
0.60644
0.58062
0.60147
0.6087
0.61114
0.60902
0.6087
0.60562
0.6214
0.60729
0.59356
0.61649
0.60002
0.59511
0.59081
0.58293
0.58975
0.59251
0.59013
0.58875
0.60723
0.59507
0.58987
0.59804
0.59888
0.60317
0.60821
0.61978
0.61531
0.63471
0.63125
0.62431
0.61241
0.60718
0.60037
0.59415
0.60193
0.60381
0.60349
0.6054
0.61362
0.60966
0.6072
0.6094
0.59722
0.62703
0.62622
0.62728
0.62987
0.63198
0.64049
0.65403
0.67106
0.67568
0.65781
0.65468
0.64237
0.62673
0.61182
0.6017
0.58958
0.58979
0.585
0.5871
0.59504
0.59614
0.61001
0.61061
0.61805
0.61863
0.61085
0.61305
0.60357
0.6011
0.60701
0.59582
0.59767
0.59142
0.58539
0.57081
0.56265
0.55396
0.54722
0.56615
0.55551
0.56217
0.56369
0.55
0.55886
0.56144
0.55457
0.5579
0.57973
0.59416
0.6657
0.68205
0.68016
0.71158
0.7108
0.73956
0.74826
0.59224
0.60012
0.59549
0.5971
0.59512
0.59108
0.59297
0.58616
0.57545
0.56737
0.56648
0.58686
0.62829
0.6396
0.63591
0.62823
0.64821
0.6903
0.67069
0.66025
0.66689
0.67927
0.70786
0.64998
0.63286
0.61019
0.59651
0.59472
0.58581
0.58063
0.57742
0.58207
0.5675
0.61928
0.57479
0.47189
0.43209
0.37674
0.42774
0.5526
0.58544
0.58376
0.58224
0.57555
0.57494
0.56994
0.57725
0.5723
0.57734
0.59547
0.59931
0.58711
0.58545
0.56876
0.56426
0.57163
0.58029
0.5649
0.56383
0.55992
0.55327
0.56255
0.57866
0.58432
0.58312
0.58587
0.56744
0.56671
0.56042
0.54572
0.57788
0.5649
0.56261
0.56261
0.55803
0.56186
0.56706
0.57245
0.5654
0.56796
0.57283
0.57206
0.57865
0.58347
0.59129
0.59754
0.60567
0.60956
0.63302
0.63699
0.63862
0.63783
0.62623
0.61658
0.60689
0.60538
0.59075
0.58368
0.59385
0.57596
0.57695
0.57861
0.5706
0.57102
0.58154
0.58196
0.58433
0.58673
0.58905
0.62257
0.61702
0.62696
0.62817
0.62495
0.62679
0.62128
0.6138
0.6168
0.60553
0.60918
0.61555
0.6151
0.63306
0.60487
0.60101
0.59314
0.58377
0.58491
0.58902
0.59923
0.59061
0.59462
0.59644
0.5964
0.57819
0.58183
0.60122
0.62091
0.64797
0.65937
0.6574
0.66756
0.66901
0.66634
0.67606
0.65574
0.65152
0.64997
0.6468
0.63831
0.63918
0.62712
0.63747
0.61893
0.61336
0.62729
0.61694
0.61034
0.60347
0.60991
0.6004
0.58994
0.57366
0.56495
0.55831
0.55318
0.54991
0.55343
0.56041
0.5591
0.53574
0.53636
0.55395
0.56203
0.65174
0.67637
0.69487
0.68835
0.67862
0.65374
0.68206
0.68646
0.68489
0.66393
0.67542
0.65696
0.68021
0.68062
0.66822
0.67285
0.69057
0.67912
0.68316
0.68163
0.66884
0.66204
0.65616
0.64549
0.64407
0.64836
0.64913
0.65033
0.65736
0.65316
0.64977
0.65066
0.65593
0.65767
0.67124
0.67248
0.66147
0.66281
0.66028
0.65852
0.65401
0.66153
0.6565
0.64716
0.64108
0.63524
0.62835
0.62105
0.60839
0.59967
0.59551
0.58457
0.58609
0.57607
0.58605
0.56484
0.57094
0.58043
0.57263
0.56694
0.56555
0.56292
0.55651
0.55458
0.5513
0.56027
0.56961
0.57556
0.57548
0.57171
0.57929
0.56944
0.5694
0.56937
0.5747
0.56712
0.5628
0.55933
0.55517
0.56831
0.57822
0.59266
0.60012
0.59238
0.56734
0.56034
0.55482
0.57475
0.60382
0.6219
0.63599
0.64024
0.64477
0.65185
0.64501
0.64119
0.6439
0.65412
0.66088
0.66196
0.64927
0.64687
0.63674
0.62729
0.63308
0.65511
0.66244
0.65994
0.64148
0.63727
0.63196
0.62849
0.63961
0.65502
0.64496
0.63785
0.62471
0.65125
0.66752
0.60619
0.61764
0.62454
0.61636
0.61676
0.61701
0.60668
0.59737
0.60084
0.60414
0.60767
0.60943
0.60252
0.59022
0.58996
0.61492
0.58919
0.58524
0.59814
0.51658
0.67416
0.70608
0.72346
0.72627
0.71714
0.69711
0.73381
0.73537
0.73986
0.73706
0.72559
0.7125
0.70612
0.68969
0.69729
0.69492
0.69468
0.69036
0.68253
0.6721
0.66172
0.63027
0.64459
0.66025
0.64454
0.64162
0.64835
0.64058
0.6408
0.65198
0.64955
0.64548
0.63453
0.61301
0.60438
0.60149
0.59677
0.5993
0.61494
0.62359
0.61135
0.60852
0.62157
0.61335
0.60297
0.61284
0.62812
0.62763
0.61268
0.60078
0.59351
0.58107
0.58366
0.57871
0.59194
0.5902
0.59768
0.59211
0.58536
0.58517
0.59827
0.63983
0.687
0.71031
0.70892
0.71508
0.7239
0.71069
0.72369
0.69396
0.68539
0.71114
0.68902
0.72355
0.66824
0.68053
0.72704
0.75629
0.77166
0.70251
0.68684
0.69107
0.62762
0.65016
0.64244
0.64729
0.66317
0.67081
0.67572
0.65232
0.63896
0.68362
0.65166
0.67304
0.67275
0.66307
0.64534
0.61092
0.60251
0.59283
0.59141
0.60046
0.60893
0.61723
0.61636
0.6004
0.59665
0.58614
0.58534
0.54174
0.55301
0.64696
0.69486
0.71543
0.7154
0.72471
0.72535
0.71949
0.74587
0.77293
0.7522
0.7404
0.7443
0.71855
0.68964
0.68178
0.70746
0.73018
0.71777
0.65775
0.64384
0.66438
0.65058
0.73848
0.66687
0.72563
0.73116
0.72785
0.72346
0.71896
0.71946
0.73111
0.75265
0.76481
0.74049
0.73025
0.73926
0.73312
0.7512
0.75381
0.74684
0.75713
0.7454
0.71185
0.69474
0.68024
0.65239
0.6631
0.68737
0.69534
0.70225
0.71907
0.75462
0.67033
0.64952
0.65557
0.67438
0.67996
0.73742
0.7401
0.68243
0.66786
0.6521
0.66058
0.67564
0.72806
0.728
0.73582
0.73498
0.72014
0.71002
0.72047
0.73965
0.74702
0.724
0.7117
0.70384
0.64504
0.64395
0.67377
0.71754
0.71397
0.71414
0.69264
0.69125
0.72146
0.59349
0.40589
0.4082
0.43668
0.44267
0.48983
0.67633
0.69205
0.68662
0.69395
0.77629
0.80382
0.78959
0.76684
0.76462
0.74798
0.75973
0.74825
0.72807
0.72014
0.83044
0.71023
0.70505
0.69179
0.67747
0.69214
0.68995
0.6784
0.7099
0.682
0.66428
0.63616
0.62557
0.64045
0.65299
0.65062
0.639
0.63564
0.6276
0.62226
0.61805
0.6254
0.63796
0.64601
0.65931
0.69547
0.73415
0.62172
0.62764
0.64858
0.64936
0.65423
0.682
0.68601
0.66372
0.65817
0.63932
0.65727
0.69243
0.71335
0.70669
0.72147
0.71938
0.61163
0.60483
0.62506
0.65296
0.6546
0.63735
0.64409
0.63314
0.61542
0.62292
0.63868
0.67577
0.69185
0.71639
0.66895
0.64259
0.64972
0.73424
0.74664
0.73121
0.73987
0.74369
0.73954
0.7488
0.72868
0.73178
0.73461
0.74847
0.74713
0.75237
0.73277
0.71038
0.69037
0.69466
0.70935
0.72932
0.72831
0.71753
0.69714
0.68768
0.69148
0.68598
0.71584
0.656
0.60158
0.55621
0.58684
0.71828
0.76543
0.70609
0.78126
0.6632
0.55954
0.80286
0.81224
0.82309
0.82817
0.8358
0.85234
0.8686
0.8767
0.8716
0.85699
0.8458
0.83444
0.82672
0.80933
0.78914
0.81474
0.83266
0.84097
0.82367
0.80723
0.78874
0.75298
0.7241
0.74519
0.81574
0.79749
0.79957
0.81332
0.85287
0.88725
0.89132
0.8893
0.89369
0.89132
0.88968
0.88384
0.8815
0.88348
0.8723
0.87097
0.86865
0.85665
0.8594
0.88698
0.90631
0.89051
0.88111
0.91646
0.9138
0.89329
0.85472
0.8138
0.84518
0.86211
0.85013
0.8057
0.75439
0.77827
0.74804
0.74836
0.74215
0.74542
0.7096
0.84789
0.85639
0.76835
0.75294
0.7864
0.78171
0.80344
0.81618
0.81952
0.83393
0.83955
0.83799
0.83542
0.85286
0.8594
0.82904
0.78785
0.78281
0.82015
0.81406
0.83746
0.72656
0.58513
0.56275
0.86777
0.87444
0.87548
0.86901
0.87597
0.89786
0.90541
0.90935
0.92606
0.90728
0.88084
0.86453
0.83878
0.80499
0.81361
0.77842
0.79042
0.78786
0.83526
0.84659
0.85291
0.84712
0.81809
0.78371
0.76106
0.74376
0.75261
0.74707
0.66471
0.62692
0.63034
0.80567
0.78423
0.81087
0.82271
0.78994
0.78449
0.79506
0.81536
0.8313
0.84866
0.81275
0.84261
0.84014
0.81673
0.8387
0.83669
0.84791
0.72514
0.80476
0.78653
0.76395
0.76781
0.76881
0.76167
0.69014
0.60716
0.5907
0.65895
0.85646
0.84778
0.84511
0.85533
0.80743
0.8522
0.87131
0.86418
0.84331
0.82637
0.83953
0.86405
0.86707
0.8692
0.87701
0.85904
0.85951
0.84629
0.83738
0.83704
0.84159
0.84462
0.85816
0.86495
0.86834
0.87332
0.88026
0.88181
0.88394
0.88812
0.88456
0.88097
0.88318
0.86167
0.85165
0.8547
0.83064
0.81682
0.83722
0.84883
0.83206
0.8196
0.79818
0.77368
0.78938
0.70519
0.71303
0.77906
0.79408
0.78887
0.80855
0.81909
0.78692
0.57445
0.61042
0.82092
0.74479
0.7715
0.76708
0.76404
0.80382
0.78885
0.75577
0.72132
0.81004
0.83057
0.84502
0.85959
0.85796
0.87117
0.87299
0.86456
0.84795
0.76334
0.69103
0.75557
0.71501
0.62819
0.68714
0.67083
0.66273
0.67166
0.81198
0.79377
0.80481
0.74934
0.76314
0.82075
0.85
0.8417
0.84912
0.86819
0.838
0.75815
0.89655
0.89306
0.89017
0.88432
0.88606
0.88293
0.82835
0.75954
0.78297
0.76864
0.80142
0.82845
0.81678
0.80084
0.76084
0.73429
0.91264
0.90211
0.87437
0.86672
0.85838
0.84178
0.80029
0.69066
0.7033
0.71517
0.77411
0.79815
0.80178
0.87001
0.78008
0.91591
0.78044
0.76738
0.88519
0.88718
0.89223
0.87152
0.82507
0.87121
0.88195
0.88373
0.88281
0.85133
0.85084
0.82973
0.83462
0.84167
0.83995
0.81097
0.77427
0.83302
0.82905
0.83967
0.82205
0.90776
0.82146
0.83917
0.84216
0.84309
0.87378
0.88319
0.88795
0.89136
0.88627
0.8878
0.88031
0.88315
0.8495
0.8806
0.86648
0.86958
0.81227
0.88173
0.83328
0.82915
0.80649
0.80543
0.89859
0.9309
0.85688
0.93235
0.87588
0.86656
0.90289
0.88968
0.86019
0.66942
0.72077
0.77321
0.74511
0.78133
0.80728
0.77104
0.77779
0.818
0.83374
0.82307
0.88147
0.87272
0.90207
0.88174
0.83339
0.80646
0.79463
0.8102
0.87464
0.89017
0.89992
0.79322
0.75692
0.73316
0.65658
0.69876
0.70552
0.75307
0.79397
0.8077
0.78357
0.78195
0.8221
0.91309
0.9073
0.8666
0.76055
0.7663
0.66821
0.70473
0.73373
0.74068
0.74788
0.74131
0.72017
0.79787
0.76674
0.76486
0.80703
0.77434
0.78126
0.82552
0.82463
0.8377
0.79836
0.74883
0.74082
0.7505
0.80226
0.8597
0.89546
0.9186
0.92111
0.93071
0.94157
0.95055
0.9415
0.95079
0.93414
0.8877
0.83484
0.81457
0.736
0.77357
0.85761
0.90431
0.91596
0.92406
0.92518
0.92719
0.91767
0.90983
0.94349
0.92506
0.92406
0.93762
0.98571
0.9264
0.90387
0.87265
0.88307
0.92539
0.92139
0.91147
0.89142
0.87475
0.77027
0.72331
0.83804
0.87051
0.86749
0.84153
0.79131
0.75758
0.75832
0.73671
0.72157
0.74744
0.82251
0.87452
0.89116
0.85738
0.79254
0.78279
0.72127
0.6738
0.82811
0.88036
0.86901
0.79574
0.78972
0.82156
0.87833
0.88638
0.89929
0.91248
0.88257
0.88127
0.88123
0.8775
0.87399
0.86301
0.86882
0.89034
0.86906
0.83059
0.76895
0.73663
0.71558
0.78538
0.85689
0.89552
0.80849
0.77082
0.74214
0.75104
0.76596
0.83741
0.88214
0.8684
0.87087
0.89463
0.83134
0.81915
0.89294
0.89941
0.92178
0.88506
0.84698
0.8991
0.82975
0.91127
0.89182
0.88764
0.87696
0.85354
0.86161
0.86412
0.88555
0.89255
0.88114
0.88452
0.88034
0.85461
0.80564
0.83151
0.8492
0.86264
0.89793
0.86752
0.87195
0.88834
0.89042
0.87273
0.85884
0.88114
0.88856
0.85865
0.87133
0.90204
0.8289
0.77938
0.76823
0.78297
0.78975
0.85756
0.85444
0.88338
0.90768
0.81077
0.89508
0.87499
0.8667
0.86381
0.87645
0.89146
0.87099
0.87291
0.88064
0.89459
0.89748
0.90438
0.91829
0.91739
0.90909
0.92408
0.94276
0.95115
0.93904
0.9301
0.91501
0.92832
0.9341
0.88623
0.78139
0.92282
0.91042
0.90504
0.90358
0.92403
0.8929
0.92195
0.92932
0.91365
0.91518
0.90013
0.9024
0.8628
0.89699
0.86245
0.81658
0.9028
0.876
0.87036
0.88901
0.87009
0.77977
0.69294
0.7731
0.85891
0.90805
0.86872
0.88158
0.88451
0.75143
0.84424
0.80287
0.78444
0.82901
0.87384
0.88516
0.87845
0.79487
0.65728
0.94323
0.95416
0.89026
0.9424
0.95668
0.93495
0.95588
0.93478
0.72901
0.69577
0.8231
0.82532
0.82833
0.81226
0.78601
0.7768
0.78087
0.78078
0.81571
0.84059
0.82572
0.81349
0.78721
0.79647
0.77962
0.75795
0.73247
0.78471
0.7732
0.76347
0.76218
0.76462
0.76707
0.73764
0.76879
0.80813
0.8203
0.85578
0.86293
0.8589
0.8459
0.89533
0.89279
0.8943
0.90212
0.89774
0.87361
0.6848
0.82694
0.83002
0.80985
0.83952
0.87635
0.87949
0.86789
0.81358
0.80539
0.80301
0.81799
0.83333
0.83565
0.84088
0.85391
0.83224
0.8282
0.87704
0.85062
0.89404
0.88693
0.88387
0.80452
0.77084
0.76635
0.86044
0.83203
0.85155
0.86029
0.87707
0.79643
0.81071
0.89335
0.90719
0.86881
0.88375
0.89996
0.92123
0.94292
0.95433
0.95619
0.94773
0.92328
0.93515
0.9461
0.87109
0.79944
0.95603
0.92385
0.70951
0.78132
0.75053
0.77544
0.82084
0.82308
0.81456
0.81962
0.83229
0.86736
0.89548
0.92369
0.95022
0.89721
0.95847
0.94798
0.92419
0.92411
0.9282
0.9365
0.87403
0.82259
0.94576
0.76022
0.85881
0.82227
0.83327
0.84883
0.83949
0.78199
0.72228
0.6569
0.72489
0.73817
0.82893
0.85761
0.85593
0.86203
0.86219
0.85548
0.88583
0.91041
0.89797
0.93456
0.94361
0.92985
0.92803
0.81578
0.94924
0.81544
0.88481
0.91049
0.9257
0.88519
0.90683
0.86358
0.94051
0.9148
0.91397
0.91911
0.9003
0.87673
0.86088
0.80107
0.87976
0.83884
0.88243
0.90554
0.92999
0.94134
0.93967
0.93188
0.92662
0.90298
0.89102
0.87846
0.84329
0.81882
0.77961
0.76432
0.7817
0.82337
0.81231
0.80816
0.81701
0.85475
0.9288
0.92132
0.92966
0.92464
0.92194
0.92033
0.91391
0.89177
0.84789
0.84312
0.87313
0.83808
0.83248
0.86386
0.85643
0.85431
0.84348
0.83033
0.82782
0.83578
0.85355
0.88567
0.86098
0.91557
0.92078
0.91126
0.90363
0.89131
0.86457
0.86879
0.8761
0.84636
0.80388
0.78466
0.69042
0.82623
0.80951
0.8134
0.82914
0.88437
0.76303
0.69861
0.69159
0.75307
0.76772
0.80105
0.87301
0.88735
0.88547
0.88796
0.86499
0.8369
0.84652
0.83362
0.85167
0.8738
0.88473
0.8894
0.86544
0.85261
0.84147
0.84046
0.84284
0.82461
0.79905
0.77345
0.77124
0.78973
0.81539
0.80571
0.79034
0.77514
0.78368
0.7965
0.7998
0.84713
0.80161
0.82406
0.85412
0.86554
0.87081
0.87585
0.84339
0.85259
0.84149
0.84084
0.84907
0.82125
0.74567
0.77649
0.85881
0.85999
0.84554
0.84793
0.89185
0.88177
0.88566
0.89902
0.89795
0.88907
0.88974
0.88839
0.89104
0.81054
0.76942
0.76731
0.78056
0.80421
0.82625
0.83342
0.8483
0.81714
0.79382
0.76631
0.72677
0.70871
0.78542
0.79281
0.81993
0.86334
0.84157
0.83791
0.83235
0.81279
0.81458
0.81936
0.82879
0.8408
0.81875
0.80653
0.80136
0.74535
0.81721
0.80849
0.86067
0.78167
0.75219
0.73319
0.71726
0.74451
0.78864
0.76345
0.78437
0.77053
0.76246
0.72841
0.75422
0.7876
0.80602
0.8027
0.81421
0.82619
0.84395
0.79704
0.75279
0.7736
0.78907
0.7775
0.79859
0.80899
0.8391
0.82186
0.79522
0.78106
0.79718
0.80926
0.82006
0.81271
0.80543
0.79027
0.82243
0.79474
0.79109
0.78969
0.78739
0.8186
0.83922
0.84295
0.80632
0.7809
0.7571
0.77215
0.80559
0.81722
0.80803
0.80229
0.76692
0.78949
0.79361
0.79918
0.81325
0.82747
0.84693
0.86395
0.85328
0.83275
0.80908
0.81143
0.86791
0.83272
0.83656
0.82803
0.8414
0.83383
0.83744
0.83656
0.85055
0.85129
0.86107
0.85923
0.84374
0.8423
0.82286
0.83503
0.84049
0.83251
0.82129
0.79376
0.75778
0.7239
0.81937
0.82498
0.84305
0.87712
0.87892
0.87195
0.87455
0.86756
0.82476
0.84166
0.84477
0.79253
0.75333
0.76001
0.77923
0.77569
0.77555
0.77786
0.76664
0.78471
0.75714
0.82601
0.80438
0.78327
0.76583
0.80797
0.79732
0.82874
0.80664
0.77719
0.76952
0.80036
0.79769
0.72854
0.78951
0.7952
0.7693
0.76843
0.7841
0.71212
0.8158
0.7533
0.79902
0.7676
0.7722
0.80661
0.81006
0.81584
0.81954
0.77768
0.78747
0.82368
0.82209
0.81458
0.8072
0.80748
0.80546
0.78191
0.78335
0.79057
0.79488
0.77279
0.74301
0.73703
0.72792
0.71084
0.71712
0.7581
0.77447
0.73688
0.71524
0.71748
0.72177
0.71683
0.74249
0.7441
0.73743
0.72697
0.74185
0.74194
0.7399
0.70283
0.73882
0.76979
0.76889
0.76448
0.7256
0.70892
0.73871
0.74269
0.76128
0.76646
0.76678
0.7786
0.77141
0.76322
0.74483
0.73623
0.73048
0.74439
0.76424
0.73979
0.73719
0.72456
0.71466
0.70912
0.71113
0.74941
0.74674
0.7103
0.72836
0.73428
0.77357
0.6413
0.64228
0.6666
0.68785
0.66395
0.67882
0.66681
0.67476
0.7009
0.69556
0.72418
0.73171
0.72348
0.72024
0.71997
0.71219
0.71023
0.71053
0.72047
0.71543
0.57777
0.55883
0.4069
0.37553
0.31786
0.32062
0.34519
0.36377
0.40345
0.4763
0.54586
0.59806
0.61041
0.59891
0.63541
0.62045
0.62292
0.65433
0.55266
0.6423
0.44271
0.39374
0.50582
0.45703
0.54657
0.73306
0.7526
0.75976
0.75833
0.75142
0.76352
0.76691
0.76951
0.78052
0.78395
0.79154
0.80171
0.82989
0.84649
0.8597
0.84864
0.82774
0.82745
0.81639
0.81339
0.82547
0.85105
0.81155
0.78503
0.75524
0.74758
0.74797
0.7418
0.72235
0.73046
0.72927
0.68911
0.68136
0.67309
0.66871
0.69504
0.69762
0.71459
0.73316
0.7312
0.75249
0.74949
0.74823
0.73902
0.73175
0.73856
0.75861
0.76493
0.74191
0.67164
0.67967
0.70623
0.71485
0.70878
0.71226
0.7223
0.74813
0.75215
0.75975
0.78414
0.76857
0.749
0.74977
0.74715
0.73286
0.74663
0.72784
0.71137
0.71861
0.71834
0.72273
0.71074
0.69812
0.70014
0.67354
0.67076
0.66262
0.65464
0.73558
0.63011
0.6186
0.62034
0.63058
0.62821
0.54782
0.51758
0.67702
0.70483
0.72301
0.72508
0.71765
0.71084
0.70508
0.67344
0.67305
0.66402
0.65821
0.64997
0.64975
0.64632
0.64421
0.62801
0.62114
0.56495
0.53735
0.55011
0.52113
0.57883
0.60696
0.61383
0.57
0.69852
0.71884
0.74558
0.72993
0.71832
0.70372
0.73641
0.72797
0.71449
0.70307
0.68549
0.67644
0.66583
0.64587
0.61567
0.61598
0.60808
0.61616
0.60864
0.60298
0.6042
0.59547
0.61564
0.62835
0.64233
0.64939
0.6589
0.66478
0.66724
0.66573
0.66643
0.66069
0.65272
0.62222
0.59183
0.59523
0.60229
0.57131
0.65669
0.67837
0.71768
0.71899
0.72698
0.72076
0.71236
0.72569
0.72546
0.72737
0.73474
0.73479
0.7399
0.74165
0.73926
0.73986
0.73452
0.7035
0.72108
0.75573
0.71326
0.70785
0.70492
0.70235
0.69271
0.68865
0.69129
0.69839
0.69201
0.69271
0.69223
0.68851
0.68822
0.69263
0.69781
0.69568
0.69728
0.69798
0.70486
0.7131
0.72919
0.73884
0.74921
0.76496
0.76786
0.76868
0.7659
0.7713
0.7795
0.77101
0.7529
0.72928
0.71084
0.76798
0.75095
0.74112
0.75879
0.76169
0.76881
0.78744
0.81527
0.82489
0.81993
0.81801
0.81463
0.8075
0.7984
0.80158
0.78839
0.77227
0.75388
0.73991
0.72237
0.7217
0.71431
0.71823
0.75536
0.78177
0.78427
0.79168
0.76767
0.75342
0.77993
0.80459
0.7904
0.81147
0.7997
0.79225
0.78416
0.79949
0.80489
0.80307
0.82326
0.77408
0.82747
0.79236
0.79878
0.78734
0.78916
0.78165
0.77634
0.77866
0.77275
0.77024
0.7678
0.76435
0.76374
0.7621
0.75836
0.76416
0.76043
0.74932
0.74176
0.74253
0.74391
0.73432
0.75827
0.73209
0.7076
0.72597
0.7405
0.75508
0.75759
0.7626
0.78857
0.74267
0.73979
0.74849
0.80531
0.72449
0.77492
0.71885
0.71597
0.75162
0.6532
0.57394
0.56682
0.6488
0.67849
0.73315
0.77098
0.76833
0.73052
0.73102
0.73578
0.74138
0.74889
0.7501
0.73367
0.71275
0.67607
0.66074
0.65606
0.67959
0.68795
0.6954
0.68833
0.68601
0.67348
0.66845
0.66567
0.66758
0.67045
0.67855
0.7114
0.75184
0.78952
0.80818
0.81346
0.81967
0.82539
0.80378
0.8135
0.8172
0.81291
0.80752
0.81169
0.82708
0.83458
0.83558
0.84277
0.84831
0.85068
0.84752
0.84481
0.83334
0.82133
0.81984
0.80682
0.80766
0.81302
0.8263
0.83335
0.84712
0.86403
0.86968
0.85918
0.84175
0.82147
0.82334
0.81015
0.79891
0.77231
0.75406
0.72313
0.69998
0.74839
0.76543
0.71553
0.70855
0.7241
0.73551
0.71646
0.77131
0.78324
0.68579
0.72093
0.7493
0.75933
0.76548
0.68402
0.69687
0.6989
0.69967
0.70362
0.70793
0.76498
0.75954
0.77802
0.73246
0.75412
0.74704
0.7391
0.74178
0.73231
0.73075
0.73238
0.75417
0.64355
0.63136
0.72443
0.74494
0.71602
0.77022
0.75982
0.77117
0.7739
0.78224
0.79013
0.79415
0.81586
0.82481
0.81751
0.82515
0.82609
0.82827
0.83515
0.82677
0.82485
0.80497
0.79738
0.79546
0.79547
0.79248
0.78679
0.78192
0.78521
0.7772
0.77237
0.77799
0.78017
0.76854
0.75671
0.74259
0.73379
0.71579
0.72787
0.70852
0.71389
0.7175
0.71061
0.71505
0.73962
0.71285
0.68004
0.66367
0.65968
0.67467
0.69307
0.71828
0.70373
0.68162
0.66499
0.66437
0.66768
0.69612
0.67191
0.60734
0.60035
0.59948
0.59241
0.5931
0.59541
0.60838
0.59972
0.61012
0.60573
0.60812
0.61992
0.64519
0.67553
0.69243
0.69904
0.69924
0.70403
0.70673
0.71385
0.7204
0.72187
0.72908
0.72358
0.68116
0.66473
0.6633
0.64357
0.63724
0.6235
0.62436
0.60446
0.59031
0.59371
0.58922
0.5686
0.56456
0.5637
0.56707
0.55705
0.55239
0.56438
0.61167
0.6184
0.62371
0.6721
0.68973
0.70477
0.71851
0.7263
0.73289
0.72714
0.72262
0.71976
0.73108
0.73516
0.70652
0.67395
0.66655
0.67269
0.71931
0.72952
0.73573
0.6846
0.71315
0.76739
0.73396
0.74567
0.76922
0.76899
0.76686
0.77392
0.78212
0.78136
0.78616
0.7802
0.74825
0.78629
0.76745
0.76001
0.69751
0.53808
0.4639
0.78308
0.79905
0.79558
0.81622
0.81683
0.80979
0.78177
0.74742
0.73985
0.73946
0.74873
0.73833
0.73222
0.67937
0.69991
0.7516
0.77147
0.78348
0.79293
0.78489
0.78281
0.77233
0.75516
0.74777
0.73514
0.73414
0.73239
0.74129
0.72976
0.72242
0.71371
0.70566
0.69843
0.69158
0.68931
0.6746
0.67459
0.67526
0.68381
0.68399
0.67322
0.65441
0.67171
0.68036
0.6839
0.67829
0.66468
0.65498
0.64137
0.64514
0.647
0.66346
0.66256
0.66106
0.65467
0.65163
0.64749
0.64354
0.65086
0.67484
0.6742
0.67457
0.65918
0.65996
0.57876
0.43914
0.52988
0.73452
0.77453
0.7949
0.81087
0.80324
0.80843
0.82935
0.81495
0.81005
0.79477
0.7666
0.76711
0.7556
0.73921
0.74205
0.72623
0.72199
0.72485
0.71809
0.71918
0.70136
0.70317
0.70346
0.68897
0.68034
0.6849
0.67226
0.67522
0.6705
0.66781
0.67082
0.67137
0.66813
0.66129
0.65317
0.58388
0.51326
0.7168
0.74856
0.76573
0.79483
0.8139
0.8213
0.81216
0.80501
0.80083
0.78933
0.77459
0.74284
0.76922
0.80568
0.81088
0.79951
0.8127
0.75776
0.74894
0.72493
0.73071
0.74782
0.76785
0.76338
0.73631
0.71427
0.69957
0.68637
0.63649
0.69905
0.69182
0.70205
0.74785
0.77095
0.78181
0.79632
0.80654
0.79839
0.77982
0.74781
0.73182
0.71612
0.71285
0.71279
0.71027
0.71057
0.70309
0.69418
0.68596
0.67825
0.66788
0.64764
0.6471
0.65367
0.61674
0.58852
0.57868
0.57334
0.59008
0.56251
0.65538
0.66756
0.68143
0.7041
0.73714
0.75813
0.748
0.73799
0.7328
0.72282
0.70265
0.69306
0.70876
0.72648
0.70815
0.68186
0.65237
0.63496
0.63308
0.63682
0.65783
0.66702
0.65999
0.65545
0.63994
0.64732
0.65827
0.63809
0.62821
0.62869
0.64249
0.63233
0.63823
0.66313
0.66471
0.66476
0.64484
0.62778
0.62199
0.61358
0.59789
0.61304
0.61916
0.62454
0.59861
0.59787
0.61256
0.59082
0.58486
0.57144
0.58009
0.57652
0.57133
0.58886
0.57349
0.57851
0.64347
0.65992
0.68349
0.68861
0.68073
0.66763
0.67869
0.69299
0.69184
0.71428
0.69713
0.71316
0.68183
0.66322
0.65446
0.64804
0.63793
0.63381
0.62627
0.64638
0.70107
0.70518
0.6578
0.67146
0.66893
0.68406
0.69815
0.68896
0.70036
0.74281
0.77804
0.78366
0.79826
0.80953
0.80185
0.79405
0.75598
0.74349
0.72666
0.71739
0.71038
0.6947
0.69456
0.68126
