0.26003
0.33183
0.41893
0.26954
0.76499
0.7257
0.58496
0.5594
0.58099
0.4677
0.35788
0.42067
0.37748
0.35305
0.30225
0.26757
0.31895
0.36477
0.34799
0.29716
0.28065
0.29971
0.37396
0.30114
0.64538
0.50642
0.44167
0.3598
0.39673
0.48935
0.78519
0.87477
0.91575
0.92013
0.91221
0.81108
0.4438
0.35626
0.30146
0.24523
0.23019
0.29969
0.39678
0.4286
0.46517
0.48054
0.46187
0.42939
0.38039
0.37033
0.34242
0.32754
0.33392
0.29336
0.32499
0.30971
0.33501
0.33911
0.35029
0.30921
0.25998
0.30946
0.28854
0.27749
0.24772
0.3222
0.37986
0.33469
0.35973
0.34923
0.33065
0.36001
0.33762
0.36259
0.37198
0.39045
0.42027
0.4246
0.48049
0.49771
0.52355
0.53342
0.50329
0.4971
0.48322
0.49264
0.52311
0.63584
0.87811
0.88187
0.88312
0.6904
0.60036
0.64953
0.55488
0.45326
0.43811
0.56519
0.58873
0.74664
0.75055
0.86577
0.80142
0.5393
0.52782
0.3978
0.34402
0.31322
0.68069
0.8869
0.92844
0.9146
0.88123
0.94461
0.95327
0.81641
0.36212
0.3497
0.35458
0.38107
0.90452
0.69503
0.37699
0.36646
0.34109
0.33205
0.25017
0.23463
0.27051
0.38526
0.90857
0.93052
0.92841
0.9311
0.92235
0.9094
0.88403
0.88305
0.89218
0.8895
0.88602
0.86323
0.84685
0.84853
0.82836
0.80601
0.70346
0.60728
0.55407
0.64326
0.82293
0.84268
0.86899
0.87364
0.87175
0.83445
0.87304
0.87515
0.86774
0.86021
0.85078
0.84411
0.84154
0.83955
0.82894
0.81649
0.81418
0.71514
0.70569
0.61178
0.7018
0.59805
0.65131
0.58755
0.43457
0.35436
0.27779
0.27112
0.34358
0.87475
0.88144
0.75202
0.77888
0.69532
0.64743
0.91747
0.91015
0.67769
0.90778
0.89073
0.87993
0.8664
0.86154
0.85623
0.85835
0.85381
0.84761
0.84288
0.83339
0.81454
0.76243
0.82167
0.8364
0.8365
0.83739
0.83734
0.57176
0.61656
0.78254
0.76627
0.7559
0.76039
0.76578
0.74532
0.73287
0.61069
0.44801
0.40507
0.36256
0.28094
0.22264
0.20761
0.18985
0.2088
0.72968
0.88145
0.96483
0.98741
0.98843
0.86136
0.81474
0.41208
0.40613
0.93959
0.80093
0.8391
0.88816
0.91107
0.91909
0.91877
0.89918
0.9093
0.91438
0.91289
0.52023
0.4368
0.48532
0.84476
0.84781
0.91992
0.945
0.92187
0.929
0.83079
0.91015
0.89659
0.87917
0.85211
0.84523
0.79976
0.62617
0.85812
0.55016
0.80579
0.36723
0.41402
0.39339
0.41372
0.39114
0.38177
0.40988
0.40306
0.40092
0.38458
0.36612
0.37872
0.37803
0.32997
0.29569
0.28375
0.27146
0.28355
0.2875
0.31905
0.32842
0.45839
0.92634
0.46975
0.44926
0.43626
0.89663
0.40315
0.33489
0.32591
0.33045
0.33323
0.34242
0.35086
0.34898
0.33501
0.32835
0.33735
0.33224
0.33287
0.32916
0.33088
0.32984
0.32605
0.32266
0.34099
0.34404
0.34275
0.34734
0.34918
0.34087
0.33503
0.34406
0.33604
0.32796
0.3324
0.33109
0.33111
0.33575
0.35545
0.39128
0.39761
0.37541
0.3234
0.27624
0.30786
0.33224
0.33812
0.37586
0.54195
0.69913
0.75383
0.84285
0.86106
0.86433
0.86123
0.82043
0.663
0.58401
0.53312
0.44438
0.4605
0.4717
0.47839
0.49652
0.48615
0.42996
0.42225
0.45512
0.51908
0.52821
0.49729
0.35006
0.36153
0.37278
0.28238
0.3129
0.32355
0.3297
0.32908
0.33387
0.33908
0.32258
0.31775
0.31984
0.32534
0.32928
0.33243
0.3312
0.33404
0.33222
0.31524
0.32622
0.31998
0.32413
0.32519
0.32968
0.33052
0.33722
0.34236
0.34736
0.34943
0.34321
0.34813
0.34565
0.35091
0.34706
0.3514
0.34581
0.34409
0.34939
0.3605
0.39536
0.41668
0.29502
0.28714
0.28051
0.30764
0.33662
0.34058
0.35009
0.35717
0.37598
0.37976
0.38213
0.38595
0.37551
0.36963
0.38725
0.37002
0.33024
0.331
0.34919
0.36967
0.38768
0.40329
0.40767
0.3959
0.38009
0.44476
0.42826
0.44289
0.45405
0.48304
0.43295
0.46781
0.45519
0.69371
0.56387
0.74507
0.93626
0.80574
0.60181
0.49281
0.44648
0.4389
0.42095
0.40875
0.39954
0.39997
0.38133
0.38551
0.38874
0.39603
0.39071
0.37465
0.37034
0.36017
0.35898
0.35226
0.3971
0.37213
0.35138
0.37258
0.38674
0.38913
0.37752
0.38478
0.59389
0.7164
0.70216
0.74532
0.57175
0.63682
0.66285
0.64429
0.58948
0.56238
0.36068
0.57712
0.39823
0.41282
0.36555
0.5117
0.62885
0.68937
0.69798
0.75398
0.59169
0.62873
0.547
0.49995
0.50224
0.43835
0.44294
0.43201
0.42038
0.38072
0.33881
0.36541
0.44606
0.45125
0.46489
0.83337
0.89223
0.8999
0.89896
0.89884
0.89116
0.89031
0.8957
0.89734
0.9026
0.9082
0.89461
0.88972
0.87974
0.87221
0.86203
0.8609
0.8566
0.85317
0.66956
0.47519
0.56003
0.58725
0.42602
0.28224
0.21741
0.2337
0.24393
0.26156
0.24977
0.22389
0.2178
0.23269
0.25889
0.27455
0.309
0.46468
0.55957
0.35018
0.30303
0.29927
0.30658
0.28839
0.65325
0.9246
0.68085
0.9123
0.91567
0.76243
0.89512
0.89831
0.7942
0.72768
0.8834
0.88089
0.85871
0.82705
0.83459
0.80694
0.85099
0.859
0.85981
0.53879
0.58105
0.86624
0.86627
0.85828
0.77874
0.84556
0.81301
0.80721
0.82946
0.49303
0.57891
0.76662
0.79437
0.67276
0.469
0.52801
0.47581
0.41812
0.38189
0.36468
0.50939
0.51236
0.70394
0.49781
0.40232
0.42737
0.4054
0.38096
0.36121
0.35729
0.35688
0.36687
0.50323
0.46148
0.41893
0.35456
0.37233
0.38419
0.3933
0.64437
0.57239
0.72898
0.75435
0.77766
0.78014
0.75564
0.72413
0.66989
0.6404
0.62099
0.71023
0.66751
0.71416
0.69551
0.78129
0.70829
0.62893
0.75307
0.58804
0.48715
0.43031
0.42321
0.39192
0.38246
0.31876
0.28005
0.24165
0.20377
0.24606
0.29868
0.303
0.25267
0.26285
0.30653
0.35855
0.62924
0.75159
0.72937
0.78293
0.77049
0.46102
0.44982
0.4678
0.40938
0.4209
0.41315
0.37955
0.41955
0.39018
0.34011
0.28113
0.2919
0.72631
0.59283
0.6986
0.69731
0.34619
0.30139
0.30674
0.30827
0.31591
0.50191
0.90097
0.92573
0.92061
0.90958
0.90461
0.89988
0.90661
0.88197
0.88163
0.87377
0.87483
0.86785
0.85071
0.83983
0.86353
0.85527
0.84738
0.84394
0.8261
0.79187
0.80643
0.66314
0.63011
0.70111
0.67927
0.5436
0.56683
0.86724
0.87545
0.83243
0.82535
0.83505
0.83178
0.83804
0.82206
0.78592
0.69252
0.61026
0.41314
0.44072
0.44305
0.3867
0.32325
0.37453
0.40333
0.39767
0.4534
0.65338
0.91817
0.91953
0.92283
0.93285
0.92704
0.92384
0.92189
0.91161
0.91081
0.90515
0.91402
0.93429
0.90078
0.63861
0.54637
0.49634
0.52578
0.50486
0.65127
0.84697
0.89684
0.88747
0.91814
0.88364
0.75879
0.91928
0.9541
0.96034
0.96701
0.98033
0.99155
0.95043
0.93317
0.91747
0.9111
0.90292
0.8966
0.63593
0.52207
0.42356
0.3571
0.44318
0.38369
0.37464
0.7231
0.95217
0.92075
0.92032
0.90653
0.8957
0.90274
0.8709
0.87277
0.83105
0.69452
0.70012
0.88138
0.78654
0.57888
0.46854
0.46599
0.44239
0.4424
0.44033
0.3944
0.37356
0.36225
0.38589
0.34433
0.35122
0.36686
0.38475
0.40412
0.37168
0.40583
0.63488
0.40904
0.44147
0.62541
0.60221
0.56756
0.79736
0.48193
0.52781
0.59254
0.73011
0.52208
0.52573
0.61309
0.99821
0.99756
0.97075
0.79662
0.66549
0.62638
0.58593
0.57397
0.49929
0.40784
0.35158
0.32798
0.32661
0.3798
0.55886
0.38974
0.4551
0.3893
0.32461
0.36594
0.46383
0.52584
0.47429
0.48403
0.66718
0.67994
0.64474
0.64268
0.69537
0.75875
0.98925
1.0004
0.99827
0.99739
1.0009
0.99952
0.99971
1.0008
1.0007
0.99901
0.99791
0.99841
0.9924
0.99063
0.98632
0.95876
0.9452
0.93972
0.94113
0.92074
0.91674
0.91515
0.91395
0.88933
0.87857
0.91707
0.94425
0.88686
0.55999
0.60741
0.87104
0.90364
0.89668
0.9169
0.90823
0.90002
0.88258
0.85116
0.78785
0.91428
0.9091
0.92311
0.92247
0.89897
0.86978
0.74052
0.7236
0.61404
0.58605
0.55972
0.46889
0.37301
0.31818
0.32915
0.95011
0.96197
0.97242
0.98291
0.98114
0.98342
0.98695
0.999
0.99845
1.0003
1.0003
1.0001
0.99779
0.99304
0.98123
0.95983
0.95349
0.95215
0.96059
0.96204
0.9598
0.93883
0.91258
0.89524
0.84446
0.61654
0.92027
0.91914
0.92139
0.92527
0.91464
0.91303
0.911
0.87658
0.89274
0.90859
0.84001
0.74774
0.74516
0.70835
0.89554
0.88015
0.70192
0.50231
0.55782
0.753
0.8629
0.87356
0.87246
0.81599
0.64005
0.55946
0.55434
0.53831
0.74262
0.5904
0.5608
0.61538
0.58772
0.90111
0.55895
0.54844
0.48928
0.36939
0.27594
0.30258
0.38379
0.38857
0.37172
0.38068
0.36618
0.37445
0.42536
0.52769
0.53642
0.52513
0.96913
0.6276
0.46168
0.43889
0.54117
0.65994
0.96838
0.71327
0.51188
0.45454
0.50354
0.64749
0.96129
0.90706
0.94932
0.94258
0.93672
0.92662
0.65739
0.53307
0.4758
0.52705
0.49361
0.48537
0.37238
0.34327
0.40833
0.34299
0.35063
0.38405
0.41745
0.42909
0.44512
0.424
0.39881
0.40617
0.47844
0.63416
0.64936
0.77617
0.89
0.90794
0.92326
0.97044
0.57091
0.5775
0.57969
0.74616
0.78394
0.59353
0.54216
0.47548
0.3611
0.40877
0.52211
0.90878
0.857
0.67798
0.61274
0.47129
0.55372
0.48607
0.55069
0.86067
0.90728
0.84907
0.78484
0.79599
0.82197
0.96337
0.9911
0.95437
0.9292
0.86859
0.93156
0.93075
0.76142
0.63098
0.59958
0.60102
0.60315
0.59147
0.56177
0.53511
0.49638
0.4796
0.48141
0.50706
0.52048
0.53738
0.45443
0.36982
0.32733
0.37773
0.45892
0.45987
0.64909
0.77956
0.79401
0.96268
0.97147
0.9629
0.97399
0.97048
0.96695
0.95861
0.929
0.91266
0.76285
0.73541
0.84776
0.74355
0.95772
0.99884
0.99159
0.98472
0.98889
0.97143
0.93983
0.92013
1.0004
1.0002
0.99855
0.97225
0.97036
0.97022
0.97437
0.98457
0.9715
0.95948
0.95541
0.95087
0.93311
0.85702
0.89169
0.98164
0.98356
0.97686
0.97719
0.9826
0.99167
0.99473
0.99986
1.0007
0.99838
0.90924
0.92463
0.92823
0.95688
0.95752
0.9586
0.94124
0.93113
0.93857
0.94124
0.80097
0.65679
0.60954
0.58342
0.55848
0.55845
0.5501
0.55764
0.56945
0.54083
0.60561
0.56875
0.56738
0.62484
0.74139
0.77251
0.68934
0.63544
0.64765
0.60591
0.66732
0.69167
0.73239
0.65407
0.53264
0.59222
0.57988
0.49842
0.59006
0.83468
0.82476
0.74796
0.52909
0.53002
0.57452
0.513
0.54313
0.5763
0.524
0.62535
0.61374
0.72033
0.70115
0.64196
0.86815
0.91867
0.89541
0.89002
0.89289
0.93899
0.95583
0.96133
0.96982
0.95398
0.95097
0.94414
0.93986
0.94997
0.94073
0.91316
0.95014
0.94497
0.95287
0.95095
0.94493
0.93209
0.82029
0.67913
0.54595
0.59943
0.84026
0.95237
0.93233
0.92233
0.83523
0.90505
0.94173
0.90887
0.89958
0.59565
0.52629
0.53255
0.59083
0.5698
0.66075
0.97875
0.96358
0.89226
0.89368
0.92783
0.8414
0.78433
0.70834
0.85467
0.91253
0.9567
0.95875
0.96344
0.92353
0.99737
0.9897
0.99399
0.97706
0.97455
0.98021
0.96228
0.96376
0.92125
0.98683
0.97222
0.96615
0.94992
0.92521
0.83039
0.6276
0.6121
0.6168
0.59779
0.47085
0.38492
0.33255
0.33748
0.45141
0.45866
0.561
0.74905
0.76158
0.7707
0.95906
0.85757
0.9984
0.99138
0.98778
0.97431
0.96013
0.94195
0.85114
0.77452
0.73536
0.99487
0.83561
0.878
0.74425
0.78644
0.78633
0.7714
0.62698
0.6439
0.79418
0.88608
0.84495
0.52171
0.50318
0.46561
0.4537
0.42754
0.36682
0.39149
0.47003
0.41975
0.39934
0.45445
0.46432
0.37814
0.48522
0.40671
0.47642
0.52744
0.59941
0.54566
0.46997
0.56766
0.5968
0.5875
0.54144
0.5841
0.58368
0.48995
0.44406
0.40114
0.41306
0.42003
0.45071
0.43546
0.45525
0.51199
0.47808
0.45101
0.40998
0.52416
0.68626
0.70256
0.62289
0.51481
0.48443
0.57988
0.62686
0.64966
0.72749
0.74162
0.64769
0.58023
0.56769
0.51453
0.49897
0.73269
0.64692
0.6448
0.60529
0.59829
0.58613
0.57875
0.67418
0.67135
0.68324
0.69339
0.70394
0.63055
0.62824
0.636
0.60632
0.66202
0.71961
0.73863
0.75338
0.69408
0.64193
0.61451
0.60533
0.61888
0.65166
0.61044
0.49973
0.43811
0.40843
0.40536
0.42657
0.66649
0.79896
0.72483
0.69269
0.57753
0.62128
0.71456
0.83887
0.8267
0.80044
0.791
0.84799
0.71928
0.61781
0.70861
0.72374
0.72249
0.67225
0.72327
0.66089
0.60767
0.64844
0.89468
0.93599
0.97861
0.79279
0.79051
0.67026
0.55305
0.60639
0.90804
1.0008
0.99721
1.0005
0.99867
1.0007
0.97803
0.85763
0.97484
0.97019
0.97137
0.97389
0.96975
0.95779
0.77334
0.65658
0.53059
0.40724
0.49142
0.56306
0.43505
0.6721
0.79192
0.82043
0.88838
0.92591
0.95323
0.98271
0.98871
0.96481
0.95783
0.91456
0.89692
0.9667
0.95722
0.95241
0.94749
0.96467
0.93708
0.87767
0.90063
0.82919
0.86263
0.8651
0.96856
0.98454
0.9833
0.97984
0.97812
0.99232
0.98745
0.97315
0.95409
0.96219
0.85151
0.74379
0.63696
0.54357
0.46528
0.45952
0.40896
0.40623
0.39715
0.42432
0.45937
0.45951
0.44168
0.44069
0.43981
0.47289
0.59738
0.61046
0.582
0.54186
0.4911
0.4999
0.47313
0.46958
0.49002
0.51888
0.49033
0.45821
0.43527
0.4357
0.4442
0.467
0.52565
0.58636
0.66155
0.55977
0.53494
0.54764
0.5255
0.4898
0.4385
0.42307
0.38996
0.3907
0.3869
0.43151
0.55462
0.68598
0.64857
0.61558
0.58117
0.58441
0.41259
0.52046
0.73665
0.77403
0.79058
0.77195
0.75907
0.78596
0.83857
0.89906
0.91826
0.83396
0.80009
0.71744
0.60051
0.51727
0.72953
0.9056
0.9665
0.77826
0.64893
0.52888
0.52357
0.47708
0.49831
0.51921
0.49063
0.46693
0.46524
0.41155
0.3777
0.36668
0.36751
0.38129
0.43737
0.43182
0.53729
0.59451
0.58675
0.53572
0.52812
0.55086
0.5418
0.55637
0.60951
0.62663
0.60334
0.57419
0.60358
0.62029
0.58329
0.57846
0.55608
0.5521
0.56082
0.55175
0.4915
0.47375
0.4966
0.48174
0.45691
0.42197
0.37643
0.44787
0.42521
0.24112
0.32737
0.37378
0.41356
0.41964
0.41818
0.50784
0.56993
0.51386
0.33209
0.38152
0.36489
0.39393
0.43157
0.3907
0.46027
0.48748
0.53555
0.63856
0.60528
0.66162
0.92855
0.98244
0.9908
0.99344
0.99777
0.99909
0.99804
0.97922
0.94533
0.94612
0.99826
0.99871
0.99391
1.0002
0.99865
0.9981
1.0009
0.99199
0.99741
1
0.99831
0.99987
0.88526
0.98957
0.99168
0.99091
0.98394
0.96537
0.88623
0.76227
0.69296
0.92151
0.95443
0.93448
0.95258
0.96017
0.97357
0.98964
0.98222
0.9804
0.97493
0.98901
0.97861
0.99288
0.98702
0.9656
0.9583
0.84396
0.80395
0.65371
0.70725
0.56701
0.56633
0.42328
0.46282
0.56468
0.77573
0.68808
0.81881
0.87912
0.86817
0.88145
0.8045
0.68668
0.603
0.55037
0.58447
0.58192
0.66531
0.42765
0.56586
0.64087
0.5529
0.47236
0.88986
0.78237
0.68783
0.71072
0.68807
0.6895
0.66295
0.77027
0.87601
0.97197
0.90786
0.80398
0.85946
0.90115
0.90108
0.89676
0.89183
0.81823
0.6602
0.6922
0.80817
0.75478
0.7035
0.78924
0.93282
0.91323
0.8183
0.69392
0.79386
0.75682
0.80206
0.82132
0.89987
0.87515
0.85797
0.85457
0.98721
0.9937
0.99803
0.99857
0.97558
0.89019
0.88528
0.89443
0.98174
0.83506
0.62689
0.52183
0.66772
0.55072
0.42549
0.29868
0.32776
0.43191
0.61694
0.62964
0.66862
0.65992
0.67327
0.73064
0.75861
0.74211
0.75913
0.7421
0.77291
0.77632
0.75312
0.84357
0.87297
0.81074
0.78511
0.82991
0.84491
0.93269
0.94898
0.95541
0.93279
0.91395
0.87826
0.8575
0.82345
0.90142
0.86878
0.80279
0.8035
0.77649
0.71996
0.71161
0.70877
0.87635
0.95648
0.91995
0.92631
0.76124
0.99262
0.94198
0.99467
0.99869
0.97392
0.89366
0.76609
0.61985
0.78385
0.99285
0.75205
0.79439
0.72077
0.79609
0.59901
0.47787
0.51138
0.49445
0.50152
0.57963
0.61005
0.65301
0.59374
0.6041
0.63037
0.63351
0.63706
0.59148
0.58193
0.62752
0.66205
0.64405
0.62173
0.58667
0.61969
0.64113
0.61854
0.58853
0.50982
0.44373
0.43003
0.59451
0.7583
0.75363
0.65688
0.48249
0.46474
0.49227
0.51832
0.49168
0.47439
0.40175
0.32927
0.32852
0.34644
0.40816
0.46877
0.56942
0.54788
0.73875
0.66135
0.6607
0.6885
0.6778
0.74908
0.71269
0.72098
0.78948
0.86007
0.86825
0.89519
0.82674
0.80755
0.83416
0.85027
0.85616
0.87318
0.89624
0.86919
0.77472
0.77443
0.73961
0.85778
0.93095
0.81585
0.78447
0.68385
0.65994
0.6096
0.58918
0.62777
0.65485
0.58345
0.50995
0.47956
0.48214
0.52644
0.66814
0.70012
0.91541
0.91902
0.93654
0.97237
0.98642
0.99
0.99745
0.99901
0.99815
0.99964
0.98228
0.87355
0.79444
0.74263
0.96009
0.99831
0.99827
0.89268
0.71293
0.62336
0.59622
0.56646
0.49994
0.53076
0.54355
0.54049
0.54338
0.63853
0.76631
0.92015
0.99121
0.99806
0.99868
1.0004
0.99716
0.99851
0.99643
0.97889
0.85892
0.83691
0.63769
0.57326
0.50712
0.46097
0.37019
0.26535
0.24027
0.24986
0.15205
0.12405
0.12217
0.14456
0.26391
0.37627
0.33793
0.25408
0.31608
0.34495
0.37864
0.45087
0.47962
0.50393
0.63465
0.7053
0.71592
0.74421
0.77004
0.63406
0.70827
0.71476
0.53167
0.76796
0.69929
0.68798
0.75339
0.79563
0.74617
0.61691
0.54536
0.53151
0.49665
0.45123
0.61607
0.80015
0.73453
0.86341
0.92125
0.92751
0.95305
0.98571
0.99547
0.98799
0.97156
1.0002
0.99994
0.99973
0.99837
0.99829
0.99864
0.99819
0.99952
1.0003
0.99063
0.96164
0.79012
0.67691
0.64757
0.66557
0.78279
0.98208
0.93186
0.95216
0.97015
0.99752
0.998
0.9975
0.99892
0.97677
0.971
0.97168
0.95542
0.95955
0.96085
0.95157
0.9516
0.97973
1.0011
1.0006
0.99954
0.99786
1.0002
0.99892
0.9997
0.99951
0.9987
1.0007
0.99754
0.99431
0.98184
0.98657
0.98707
0.98065
0.97796
0.9758
0.88345
0.82097
0.82472
0.82652
0.87008
0.93264
0.92912
0.93141
0.91326
0.88741
0.85384
0.79615
0.78013
0.79036
0.71143
0.60117
0.46241
0.3558
0.32034
0.31097
0.33836
0.34154
0.3524
0.39534
0.54515
0.58854
0.67156
0.83972
0.87993
0.9061
0.84026
0.84254
0.81785
0.74542
0.82017
0.68576
0.69608
0.80334
0.9142
0.75662
0.63283
0.5421
0.60742
0.64627
0.59247
0.51216
0.60667
0.69851
0.57882
0.49593
0.45855
0.44767
0.58926
0.81366
0.8803
1.0004
1.0001
0.67452
0.57943
0.52614
0.55136
0.53984
0.51269
0.46775
0.44132
0.42497
0.41663
0.41417
0.43297
0.43858
0.42518
0.39317
0.44677
0.60776
0.73563
0.65983
0.58752
0.66629
0.7296
0.77813
0.76427
0.84989
0.95926
0.92213
0.82033
0.7769
0.9434
0.99816
0.9998
1.0009
0.98859
0.82357
0.64643
0.66022
0.66264
0.99762
0.99749
0.93124
0.98803
1.0003
0.99958
1
0.9974
1.0009
0.99737
0.97407
0.90576
0.68914
0.54876
0.50345
0.488
0.43168
0.41845
0.44294
0.41366
0.4433
0.64289
0.71424
0.77781
0.68183
0.70148
0.96306
0.93291
0.70525
0.68214
0.59505
0.49596
0.56719
0.60002
0.93923
0.96229
0.96784
0.97162
0.98013
0.97594
0.9155
0.71453
0.55479
0.43868
0.45239
0.50254
0.53001
0.49447
0.43192
0.40246
0.41119
0.40313
0.36299
0.36125
0.38692
0.47876
0.44147
0.47077
0.50234
0.50645
0.4481
0.44878
0.43593
0.47876
0.4423
0.41217
0.40776
0.40318
0.37657
0.40579
0.419
0.42222
0.4359
0.44273
0.46569
0.50995
0.49768
0.53552
0.62705
0.6477
0.87944
0.83491
0.98478
0.9838
0.98017
0.9908
0.99024
0.9909
0.99019
0.95226
0.87307
0.74083
0.55949
0.66146
0.72624
0.80593
0.77909
0.82582
0.72067
0.48801
0.38738
0.31686
0.32273
0.2816
0.27938
0.29901
0.28093
0.27708
0.28597
0.30245
0.34052
0.39966
0.4857
0.49116
0.55694
0.55047
0.62279
0.79034
0.89081
0.91529
0.9783
0.83081
0.96715
0.89397
0.99204
1.0008
0.97965
0.99017
0.98179
0.9764
0.9735
0.97161
0.97101
0.97305
0.97793
0.956
0.9511
0.95985
0.93853
0.92023
0.87517
0.73756
0.76065
0.76107
0.74678
0.76179
0.84219
0.88928
0.92264
0.68138
0.87115
0.96203
0.84773
0.55111
0.44178
0.40388
0.4129
0.43075
0.45494
0.40716
0.41204
0.40672
0.63332
0.46656
0.58974
0.80354
0.98787
0.96889
0.96718
0.96101
0.95456
0.94787
0.94839
0.92841
0.92493
0.93089
0.91777
0.92422
0.9165
0.82857
0.81934
0.90745
0.89363
0.77746
0.75443
0.68971
0.76993
0.6821
0.62377
0.58629
0.56154
0.54924
0.45587
0.43102
0.4223
0.39727
0.38775
0.39365
0.40929
0.35501
0.38815
0.39985
0.46273
0.56476
0.53944
0.61352
0.78149
0.77456
0.59815
0.47762
0.88711
0.92881
0.93371
0.79341
0.6875
0.89146
0.91482
0.89299
0.89597
0.90827
0.88377
0.82197
0.52112
0.67398
0.46599
0.39861
0.32961
0.30142
0.42268
0.6326
0.55907
0.60067
0.58347
0.66381
0.74343
0.75772
0.80554
0.84769
0.82453
0.86682
0.75793
0.64415
0.60168
0.55423
0.59336
0.57861
0.51974
0.47196
0.48508
0.45674
0.44642
0.44092
0.44908
0.44687
0.38049
0.3331
0.26198
0.25673
0.26808
0.29831
0.30906
0.32586
0.2994
0.30169
0.31255
0.32779
0.34856
0.2789
0.25165
0.26847
0.29818
0.35413
0.4247
0.49448
0.54205
0.59493
0.695
0.73303
0.56271
0.47628
0.46775
0.43591
0.38482
0.36513
0.34245
0.31579
0.32076
0.31003
0.31682
0.34066
0.48507
0.88989
0.90272
0.90644
0.90866
0.90465
0.90256
0.89739
0.78003
0.60142
0.46734
0.42085
0.38067
0.33761
0.36036
0.38685
0.38488
0.3414
0.31816
0.32088
0.33046
0.32036
0.32611
0.31456
0.31659
0.3657
0.38892
0.37379
0.51543
0.55806
0.86138
0.87299
0.86932
0.86101
0.8355
0.60564
0.45313
0.42375
0.41777
0.43172
0.4278
0.45052
0.50968
0.52518
0.49519
0.47296
0.4453
0.38594
0.33396
0.32792
0.85833
0.91514
0.93104
0.8661
0.91591
0.92952
0.93957
0.93354
0.91629
0.74209
0.66418
0.88999
0.88472
0.86484
0.80558
0.53884
0.4521
0.51623
0.50678
0.5116
0.52921
0.7353
0.81192
0.81914
0.64856
0.74307
0.92961
0.92332
0.91564
0.911
0.78065
0.88639
0.90408
0.88512
0.85474
0.87099
0.82054
0.65021
0.58637
0.82263
0.84512
0.81972
0.85326
0.86483
0.87368
0.87214
0.87015
0.87646
0.88334
0.88849
0.89143
0.88863
0.85878
0.78453
0.77003
0.80381
0.60189
0.52387
0.57382
0.66096
0.55886
0.4673
0.42508
0.40088
0.3695
0.34101
0.29997
0.28727
0.27752
0.2325
0.23741
0.2465
0.26761
0.29498
0.31675
0.35574
0.45579
0.52424
0.64923
0.69425
0.64698
0.65034
0.6393
0.60496
0.59485
0.5799
0.54719
0.57586
0.55182
0.52225
0.46427
0.4028
0.39434
0.35185
0.33174
0.32549
0.35885
0.38772
0.39686
0.40753
0.43372
0.459
0.47671
0.46529
0.4344
0.43134
0.4628
0.43249
0.42868
0.40992
0.39769
0.42229
0.44947
0.4962
0.4953
0.52294
0.52601
0.49385
0.47989
0.48657
0.55039
0.52024
0.46969
0.4364
0.41068
0.38254
0.36418
0.32637
0.31455
0.33562
0.84142
0.85979
0.76668
0.83146
0.78166
0.71875
0.75268
0.6759
0.61734
0.65158
0.80692
0.83627
0.85237
0.8531
0.81987
0.50419
0.41038
0.38512
0.40484
0.41829
0.38642
0.37301
0.38429
0.42157
0.44044
0.38326
0.35273
0.36033
0.41764
0.39761
0.35506
0.33374
0.31744
0.36318
0.46013
0.54683
0.82443
0.85306
0.72123
0.72966
0.84697
0.87494
0.87038
0.86531
0.85068
0.67508
0.84506
0.84589
0.84769
0.85526
0.85095
0.84251
0.60112
0.40697
0.25942
0.29709
0.31398
0.32283
0.32776
0.32748
0.32995
0.33708
0.36939
0.37
0.39247
0.39391
0.41377
0.38944
0.81921
0.86894
0.88556
0.88021
0.87589
0.80813
0.71364
0.59626
0.54158
0.48918
0.47329
0.4708
0.42949
0.39288
0.36221
0.34518
0.33685
0.3052
0.3041
0.35337
0.4167
0.46585
0.45398
0.42589
0.40951
0.36401
0.35154
0.30604
0.23836
0.1921
0.17392
0.18034
0.18507
0.20126
0.24569
0.25888
0.24213
0.25885
0.25257
0.25091
0.25778
0.27304
0.31243
0.37143
0.39398
0.43597
0.45999
0.48958
0.51445
0.48923
0.46327
0.45457
0.44661
0.45529
0.45124
0.42828
0.38244
0.3549
0.33764
0.33012
0.32779
0.32648
0.32382
0.33777
0.3426
0.34599
0.35274
0.3723
0.39329
0.41067
0.41701
0.4269
0.43953
0.52878
0.4949
0.82824
0.86171
0.90139
0.90189
0.89857
0.88993
0.85502
0.83334
0.80378
0.63591
0.49241
0.41488
0.3922
0.36519
0.34675
0.32552
0.31796
0.32875
0.29541
0.26245
0.26755
0.24223
0.20478
0.17708
0.16407
0.1722
0.18834
0.2262
0.3067
0.32427
0.36289
0.35132
0.33808
0.32286
0.34085
0.32615
0.37088
0.35748
0.42318
0.41046
0.3976
0.42778
0.41186
0.34974
0.387
0.37397
0.34053
0.34704
0.27692
0.25097
0.24376
0.235
0.25126
0.27427
0.30063
0.35394
0.56662
0.7818
0.81918
0.83281
0.84314
0.84462
0.8414
0.83703
0.834
0.83211
0.83012
0.83289
0.8343
0.83181
0.83004
0.75444
0.82297
0.78828
0.72514
0.59645
0.48696
0.41542
0.39341
0.40704
0.79828
0.80757
0.81323
0.82019
0.81454
0.82831
0.63837
0.33201
0.4704
0.44506
0.31605
0.26972
0.4004
0.36703
0.2875
0.2594
0.29462
0.3965
0.40188
0.27044
0.43596
0.31207
0.31508
0.36511
0.33991
0.67507
0.63994
0.41561
0.28185
0.24632
0.29145
0.24657
0.28795
0.34519
0.37662
0.37491
0.35694
0.39335
0.39301
0.43923
0.89531
0.89836
0.91883
0.90689
0.89903
0.85614
0.66812
0.90258
0.9165
0.92441
0.9291
0.88785
0.89349
0.91658
0.919
0.92387
0.9204
0.89716
0.89263
0.81362
0.728
0.92521
0.94305
0.93337
0.92413
0.91743
0.89614
0.86124
0.84615
0.851
0.86443
0.86847
0.86392
0.7537
0.69435
0.69538
0.79159
0.75444
0.80236
0.81569
0.82718
0.83005
0.83134
0.83485
0.83278
0.83343
0.64418
0.69558
0.85538
0.8824
0.86845
0.84501
0.6261
0.78511
0.68756
0.5767
0.52183
0.76114
0.7959
0.80705
0.81413
0.82397
0.82108
0.51643
0.47545
0.5147
0.51197
0.54877
0.64435
0.76066
0.74372
0.75249
0.60756
0.48793
0.37986
0.27578
0.23893
0.24485
0.26118
0.28535
0.29392
0.28857
0.29877
0.30921
0.31129
0.32206
0.3259
0.31479
0.30601
0.28649
0.2668
0.33413
0.35609
0.39374
0.44574
0.46781
0.4564
0.44712
0.42662
0.42296
0.41821
0.43856
0.43133
0.45186
0.5439
0.64705
0.88204
0.89768
