0.62975
0.65476
0.65749
0.43416
0.32257
0.25488
0.38492
0.47647
0.36384
0.54563
0.53189
0.62093
0.91974
0.92709
0.84866
0.85124
0.85494
0.85803
0.86187
0.8609
0.86542
0.86616
0.86398
0.86151
0.86434
0.86668
0.87406
0.87838
0.87121
0.6155
0.65049
0.43705
0.38132
0.57842
0.60167
0.70177
0.84899
0.59621
0.42218
0.25005
0.22798
0.24159
0.19999
0.19727
0.20995
0.28372
0.3036
0.32168
0.2716
0.29681
0.25665
0.20541
0.23205
0.2891
0.2661
0.28783
0.26117
0.41663
0.34768
0.3779
0.40222
0.43114
0.48553
0.573
0.58525
0.57784
0.56979
0.55796
0.5755
0.57752
0.62178
0.6229
0.64848
0.61254
0.72892
0.76182
0.80756
0.8236
0.82703
0.8272
0.82807
0.8309
0.82705
0.63352
0.58923
0.61962
0.55758
0.56987
0.61539
0.78803
0.83362
0.76826
0.72038
0.76235
0.72796
0.65474
0.63783
0.60029
0.60749
0.4859
0.32193
0.65367
0.83248
0.85473
0.86218
0.86265
0.79894
0.61184
0.66713
0.70915
0.82966
0.87605
0.8825
0.88125
0.86477
0.88058
0.8828
0.87582
0.72421
0.7733
0.74806
0.77469
0.75608
0.78207
0.80303
0.78954
0.75928
0.7977
0.77636
0.77957
0.78121
0.76549
0.78358
0.76533
0.75666
0.74152
0.7578
0.82203
0.93827
0.77955
0.61569
0.498
0.57652
0.60723
0.49707
0.37996
0.52414
0.46509
0.29728
0.48777
0.5079
0.36925
0.27987
0.51017
0.40375
0.56715
0.60987
0.71185
0.9024
0.87673
0.89415
0.89081
0.88062
0.86032
0.86376
0.88006
0.87076
0.8655
0.86577
0.86283
0.8199
0.60104
0.60408
0.72653
0.70082
0.86644
0.88475
0.89989
0.91734
0.91373
0.90095
0.87441
0.83754
0.81948
0.82234
0.80892
0.8199
0.83173
0.74344
0.77741
0.8054
0.72542
0.8677
0.81095
0.84584
0.84836
0.8407
0.80278
0.82518
0.83289
0.79886
0.66519
0.37722
0.26651
0.23136
0.25606
0.37208
0.27889
0.68995
0.87304
0.90285
0.91219
0.88854
0.88883
0.88823
0.8742
0.86615
0.87787
0.87737
0.87226
0.87044
0.86509
0.75502
0.74134
0.60093
0.50187
0.45605
0.39633
0.31012
0.32299
0.35535
0.58612
0.88881
0.86102
0.83654
0.79872
0.78635
0.78333
0.81287
0.80922
0.80228
0.77879
0.77203
0.72625
0.79149
0.79425
0.66602
0.6117
0.54328
0.6453
0.85591
0.80388
0.78623
0.60402
0.49623
0.49581
0.86464
0.8558
0.83282
0.81573
0.80932
0.79695
0.80812
0.8091
0.79821
0.74968
0.61566
0.62096
0.60759
0.63311
0.67196
0.70809
0.59321
0.73978
0.68763
0.70306
0.69312
0.66096
0.70741
0.65839
0.62591
0.49431
0.22483
0.2877
0.31024
0.60608
0.63688
0.68347
0.51748
0.46171
0.56238
0.31812
0.25863
0.32899
0.32614
0.35986
0.32932
0.49921
0.44976
0.50014
0.48378
0.52566
0.84132
0.85924
0.86989
0.87637
0.8694
0.86972
0.87232
0.86054
0.78
0.76245
0.73478
0.72407
0.66713
0.72639
0.60721
0.58607
0.36579
0.22156
0.19675
0.20249
0.18825
0.20027
0.21666
0.25274
0.20457
0.4794
0.43079
0.84429
0.89784
0.89548
0.89034
0.90144
0.82865
0.8843
0.64387
0.40537
0.35083
0.27429
0.66504
0.86997
0.8739
0.8571
0.89429
0.94405
0.91447
0.82363
0.89681
0.89581
0.72994
0.57934
0.27181
0.2392
0.36886
0.31072
0.46853
0.93574
0.96528
0.95962
0.93959
0.93721
0.94042
0.94507
0.94011
0.93457
0.91851
0.91746
0.90257
0.89147
0.77922
0.74389
0.44075
0.28444
0.27112
0.26058
0.5909
0.80157
0.87549
0.94176
0.93979
0.94235
0.93936
0.92451
0.91699
0.90753
0.88939
0.88773
0.89207
0.90196
0.90451
0.87348
0.86663
0.86334
0.86415
0.88087
0.88162
0.61595
0.84334
0.69206
0.87788
0.88991
0.89182
0.88686
0.85605
0.85801
0.83042
0.77942
0.70981
0.49673
0.30179
0.37966
0.41942
0.54602
0.67303
0.71241
0.73644
0.90595
0.91998
0.90338
0.89992
0.8931
0.88286
0.87548
0.87603
0.87666
0.87267
0.87275
0.8742
0.8744
0.87128
0.86422
0.86393
0.86738
0.86789
0.86901
0.87115
0.87318
0.87997
0.88161
0.88229
0.88922
0.88703
0.88084
0.8851
0.88377
0.87308
0.86122
0.85615
0.84282
0.81032
0.79883
0.7872
0.78537
0.80131
0.82161
0.81803
0.81943
0.81376
0.81246
0.78943
0.77127
0.76017
0.59939
0.53309
0.81541
0.84245
0.8417
0.83418
0.84158
0.839
0.84359
0.8477
0.84951
0.84914
0.84876
0.84942
0.85653
0.86047
0.86554
0.86303
0.84862
0.88082
0.88418
0.88816
0.89177
0.8812
0.86924
0.8743
0.87517
0.88201
0.88235
0.88327
0.84062
0.79019
0.80026
0.76357
0.76863
0.86193
0.95671
0.91335
0.91562
0.90911
0.89828
0.89264
0.88589
0.88049
0.87693
0.8774
0.87743
0.87417
0.85097
0.8592
0.8626
0.88407
0.83737
0.56987
0.70681
0.81732
0.71374
0.71387
0.72254
0.71013
0.63791
0.6328
0.60858
0.56629
0.50054
0.45657
0.42696
0.34741
0.31007
0.31721
0.29391
0.36139
0.41799
0.73083
0.7626
0.60712
0.57196
0.58116
0.67594
0.94757
0.49753
0.56786
0.89046
0.92689
0.91868
0.92295
0.9205
0.92556
0.91905
0.91475
0.91094
0.91577
0.92141
0.9196
0.90141
0.91789
0.91913
0.88979
0.86914
0.85772
0.88097
0.8915
0.89183
0.85841
0.83021
0.82217
0.83138
0.80121
0.76458
0.68006
0.75368
0.68862
0.61754
0.61025
0.60803
0.68393
0.7186
0.68254
0.68025
0.59409
0.64162
0.48113
0.45142
0.46365
0.50222
0.47997
0.53717
0.73624
0.85067
0.87154
0.90985
0.84296
0.85098
0.86794
0.88058
0.87942
0.87444
0.86945
0.86132
0.85641
0.84898
0.82298
0.82638
0.82234
0.78204
0.71476
0.76272
0.79419
0.80878
0.84628
0.8291
0.83722
0.78766
0.72338
0.79995
0.79589
0.78553
0.77276
0.79907
0.7324
0.80979
0.85615
0.83596
0.91092
0.88135
0.86665
0.90602
0.90144
0.91231
0.94289
0.9227
0.83226
0.8988
0.93895
0.98639
0.98652
0.96491
0.95111
0.95624
0.96853
0.96486
0.97223
0.96945
0.95794
0.94327
0.93341
0.92762
0.92115
0.91843
0.90694
0.89507
0.89276
0.90478
0.902
0.88277
0.8696
0.87171
0.84447
0.86476
0.85033
0.85593
0.87602
0.87026
0.82479
0.89191
0.90142
0.8797
0.88617
0.88339
0.86946
0.8459
0.85945
0.86092
0.73108
0.81474
0.90042
0.87971
0.87614
0.87975
0.88977
0.89299
0.89826
0.90059
0.90103
0.89803
0.89487
0.89081
0.89208
0.86824
0.80013
0.78604
0.90767
0.90558
0.76527
0.66968
0.60313
0.59588
0.69999
0.70096
0.70225
0.55468
0.59273
0.42471
0.41766
0.63221
0.88944
0.92074
0.99985
0.99905
0.99808
0.99593
0.96274
0.97045
0.97361
0.94356
0.97451
0.96408
0.96839
0.95794
0.95044
0.9472
0.91204
0.88471
0.87675
0.91185
0.90701
0.90205
0.88601
0.90843
0.91005
0.91373
0.92916
0.92265
0.91745
0.91409
0.91408
0.91216
0.89616
0.8872
0.87363
0.87379
0.8824
0.8745
0.85977
0.85675
0.86823
0.88643
0.77936
0.68479
0.77286
0.75595
0.765
0.72533
0.87488
0.87156
0.83863
0.77388
0.77358
0.78256
0.82263
0.82412
0.83007
0.93973
0.96529
0.9087
0.91218
0.91676
0.91717
0.91951
0.93134
0.93729
0.93234
0.92466
0.92169
0.91737
0.91553
0.91741
0.92768
0.91791
0.91852
0.92232
0.92235
0.91876
0.91967
0.92089
0.90791
0.89305
0.9066
0.90693
0.90454
0.90414
0.90406
0.90049
0.88482
0.83712
0.85001
0.84801
0.78709
0.75321
0.89331
0.88954
0.88484
0.68995
0.72797
0.90268
0.88266
0.88294
0.89421
0.90646
0.91389
0.85401
0.92302
0.91732
0.90965
0.90336
0.90317
0.90351
0.91626
0.89747
0.90066
0.8867
0.87495
0.8777
0.88876
0.84304
0.71454
0.72563
0.75207
0.72841
0.64106
0.28834
0.14363
0.21285
0.21397
0.79637
0.88784
0.87334
0.54001
0.57811
0.54999
0.79056
0.82626
0.90509
0.92532
0.95078
0.95411
0.79883
0.69927
0.48844
0.46189
0.42597
0.63352
0.7106
0.87256
0.9884
0.96613
0.95027
0.94056
0.95487
0.96079
0.94804
0.93553
0.93147
0.92318
0.90205
0.85166
0.84648
0.87928
0.87535
0.93215
0.93811
0.93076
0.9358
0.96192
0.94785
0.92468
0.91188
0.92386
0.90383
0.8869
0.85764
0.71803
0.79405
0.90155
0.94098
0.93883
0.93265
0.90428
0.89383
0.89543
0.88003
0.89766
0.90351
0.88861
0.84314
0.88571
0.90894
0.84642
0.7966
0.83006
0.91838
0.79669
0.73674
0.70805
0.55157
0.49155
0.75198
0.8108
0.7261
0.72031
0.73888
0.78289
0.78515
0.66542
0.61338
0.56321
0.643
0.68596
0.72637
0.63331
0.81652
0.82706
0.9003
0.86686
0.94776
0.93469
0.79214
0.8112
0.82355
0.83544
0.92253
0.85731
0.83559
0.81381
0.7899
0.72213
0.64209
0.47294
0.56873
0.67376
0.74615
0.66935
0.62103
0.56578
0.58282
0.59783
0.63518
0.61152
0.82291
0.88597
0.83627
0.83066
0.84647
0.84408
0.76775
0.76253
0.67231
0.55608
0.54641
0.4534
0.50704
0.51788
0.78175
0.9398
0.9685
0.96245
0.96157
0.82078
0.64329
0.6441
0.66778
0.70826
0.79023
0.76933
0.74581
0.97992
1.0001
0.96123
0.9573
0.98613
0.99197
0.85271
0.88415
0.90686
0.92858
0.92526
0.92417
0.93941
0.95477
0.9609
0.94934
0.8867
0.80286
0.85006
0.83765
0.85476
0.81614
0.71667
0.69611
0.64065
0.98256
0.97833
0.96984
0.96405
0.96176
0.95132
0.94522
0.94883
0.93717
0.92045
0.91893
0.92426
0.92193
0.92022
0.92159
0.91891
0.89775
0.84514
0.86434
0.82685
0.92646
0.88346
0.8243
0.86263
0.75532
0.86742
0.74162
0.9247
0.75272
0.8265
0.72198
0.80064
0.86206
0.9267
0.94434
0.88429
0.94735
0.94275
0.93633
0.94897
0.91048
0.90263
0.92464
0.91348
0.91792
0.91882
0.92489
0.90459
0.92421
0.87952
0.8495
0.78054
0.78956
0.92178
0.89896
0.89927
0.89231
0.80077
0.6759
0.70171
0.85418
0.73628
0.48198
0.32804
0.36417
0.53596
0.72743
0.69796
0.7789
0.85594
0.9863
0.99979
0.99759
0.98336
0.98597
0.99297
0.99777
0.99953
0.99926
0.97992
0.92859
0.90375
0.97736
0.97391
0.9877
0.9788
0.97195
0.96557
0.92371
0.84599
0.93879
0.92017
0.94923
0.95114
0.95781
0.9552
0.95518
0.91158
0.88248
0.8685
0.96752
0.95252
0.93401
0.93629
0.93943
0.91204
0.86417
0.86038
0.8926
0.91885
0.89375
0.86889
0.95544
0.88327
0.93909
0.93481
0.95647
0.95076
0.91242
0.9553
0.97598
0.87501
0.7446
0.9767
0.96829
0.96685
0.94138
0.90169
0.84987
0.73655
0.76046
0.8318
0.90252
0.97617
0.98561
0.98484
0.95285
0.87306
0.87966
0.90485
0.92758
0.96268
0.94511
0.94449
0.92059
0.82281
0.96628
0.98977
0.99405
1.0004
0.99925
0.9805
0.90879
0.93071
0.97151
0.9994
0.95387
0.80003
0.82054
0.99713
0.98254
0.85736
0.87865
0.96918
0.96592
0.99312
0.98597
0.97812
0.98609
0.91797
0.87919
0.9568
1.0003
0.97476
0.98441
0.9819
0.94086
0.85281
0.81566
0.83429
0.84104
0.81457
0.74076
0.7087
0.75722
0.75638
0.82881
0.75121
0.70084
0.60374
0.48616
0.59863
0.74128
0.71435
0.64511
0.72472
0.67884
0.67157
0.55743
0.48903
0.5997
0.66138
0.53576
0.5738
0.64767
0.63774
0.63224
0.56818
0.56254
0.51803
0.58204
0.52948
0.65992
0.5377
0.56125
0.58893
0.61643
0.52315
0.59361
0.59419
0.52315
0.5067
0.49701
0.4673
0.55331
0.56447
0.59238
0.66973
0.73193
0.69777
0.72553
0.71872
0.73382
0.70213
0.68828
0.69258
0.71095
0.7375
0.7849
0.77836
0.70445
0.66185
0.68568
0.87491
0.99946
0.99799
0.99939
0.99701
1.0001
0.98595
0.75741
0.76785
0.80756
0.91592
0.91471
0.93405
0.94426
0.7943
0.68558
0.67422
0.66635
0.66705
0.79565
0.77472
0.71506
0.74466
0.72341
0.74749
0.81135
0.91269
0.9376
0.9456
0.80221
0.70987
0.69635
0.7243
0.77786
0.81184
0.77566
0.81528
0.7299
0.69987
0.69609
0.73849
0.78096
0.84064
0.96975
0.93063
0.78146
0.77583
0.75002
0.75389
0.81257
0.955
0.9574
0.93435
0.82014
0.70388
0.69964
0.77085
0.82349
0.89851
0.93868
0.93436
0.83788
0.71012
0.71859
0.71617
0.8227
0.92889
0.99384
0.98839
0.89755
0.72273
0.70448
0.79902
0.87587
0.9419
0.97099
0.87923
0.70604
0.6129
0.5768
0.59224
0.63404
0.58739
0.51321
0.4709
0.56866
0.64341
0.81158
0.93316
0.92398
0.97503
0.97112
0.86414
0.86017
0.96364
0.82468
0.93109
0.92368
0.97641
0.94095
0.96316
0.89434
0.80277
0.77846
0.78205
0.81054
0.84459
0.73298
0.61858
0.59962
0.58721
0.54427
0.53445
0.51188
0.43052
0.49849
0.5841
0.6133
0.66522
0.69075
0.78116
0.89384
0.97217
0.98854
0.98852
0.95616
0.90914
0.85756
0.89033
0.94238
0.97231
0.99012
0.99556
0.99638
0.87297
0.84181
0.82248
0.91152
1.0002
0.98302
0.98312
0.9737
0.83001
0.80289
0.82834
0.89571
0.93346
0.97093
0.99604
0.89743
0.82178
0.78647
0.7422
0.80697
0.919
0.97585
0.96721
0.79085
0.68291
0.71141
0.79447
0.88816
0.93135
0.94795
0.94559
0.89888
0.7656
0.67132
0.63783
0.7363
0.93553
0.97108
0.98041
0.98384
0.97513
0.90829
0.79703
0.81393
0.7984
0.72054
0.66284
0.5894
0.52953
0.72195
0.48592
0.59884
0.90012
0.94236
0.96019
0.96586
0.97822
0.99089
0.97403
0.97976
0.98025
0.96913
0.97914
0.97908
0.8856
0.87759
0.82839
0.82261
0.76967
0.69926
0.66019
0.65324
0.64905
0.59998
0.63318
0.58986
0.84708
0.92968
0.98804
0.98699
0.96404
0.97018
0.97391
0.97676
0.93068
0.94205
0.97345
0.96642
0.97437
0.97361
0.97923
0.97791
0.99692
1.0002
0.99864
0.9607
0.92468
0.85596
0.87104
0.90711
0.95094
0.95967
0.94747
0.87897
0.81974
0.80381
0.82552
0.84119
0.83479
0.87002
0.78809
0.75544
0.71244
0.69748
0.75507
0.85321
0.90863
0.85718
0.86592
0.82565
0.72833
0.75039
0.70853
0.66642
0.60133
0.55437
0.56055
0.65559
0.71599
0.68522
0.63267
0.7079
0.73016
0.70179
0.71238
0.73224
0.7748
0.76505
0.75895
0.78289
0.9326
0.94037
0.87744
0.77773
0.78956
0.69361
0.68358
0.70335
0.64386
0.64284
0.77754
0.74588
0.73846
0.8134
0.79615
0.80198
0.85796
0.87582
0.91088
0.82968
0.79644
0.7756
0.77108
0.77517
0.84152
0.87092
0.8901
0.82
0.78797
0.757
0.71331
0.74998
0.88312
0.9574
0.94968
0.80986
0.79932
0.81461
0.85275
0.91874
0.9446
0.94813
0.9503
0.87708
0.80379
0.79595
0.77322
0.78515
0.84935
0.89451
0.84496
0.79246
0.74962
0.71372
0.67878
0.69956
0.73563
0.74369
0.74878
0.68911
0.62599
0.65023
0.67593
0.72108
0.76024
0.75041
0.71582
0.64532
0.59309
0.56213
0.61186
0.64829
0.70316
0.66648
0.75054
0.78561
0.64706
0.62917
0.69023
0.74778
0.79293
0.80624
0.79371
0.70391
0.6318
0.5934
0.58646
0.60656
0.58542
0.58194
0.62909
0.62473
0.59344
0.55041
0.55522
0.58667
0.61234
0.73263
0.80347
0.63097
0.62608
0.62379
0.61179
0.67479
0.69334
0.68967
0.65402
0.60005
0.51585
0.50198
0.52665
0.54526
0.48146
0.38292
0.33139
0.35688
0.32233
0.30412
0.30765
0.34394
0.38499
0.36431
0.34766
0.35838
0.40049
0.4241
0.41549
0.58575
0.77055
0.83637
0.82404
0.74419
0.70499
0.65673
0.70583
0.79165
0.82064
0.68288
0.76838
0.77244
0.90738
0.95941
0.96878
0.98682
1.0006
0.99804
0.99871
0.99679
0.98177
0.97902
0.96452
0.98579
0.99821
1.0005
0.99719
1.0003
0.9829
0.84663
0.91377
0.93344
0.99828
0.99775
1.0005
0.90514
0.688
0.63295
0.63609
0.68965
0.63383
0.66915
0.65144
0.62577
0.58949
0.69006
0.77617
0.82839
0.80231
0.75617
0.72443
0.70831
0.61899
0.6014
0.56296
0.62273
0.62619
0.63786
0.68949
0.67983
0.65003
0.6277
0.68929
0.71427
0.7166
0.79276
0.85864
0.96146
0.90255
0.77451
0.76026
0.85535
0.97258
0.97536
0.91523
0.84385
0.70253
0.66467
0.65794
0.82554
0.94694
0.8997
0.98374
0.84835
0.90959
0.9889
0.99647
0.95867
0.92185
0.91965
0.90888
0.83008
0.67641
0.64488
0.58425
0.75188
0.87307
0.82985
0.69091
0.65854
0.42776
0.38248
0.37741
0.46412
0.4089
0.36276
0.33167
0.36865
0.38952
0.39482
0.44034
0.50723
0.57415
0.67453
0.72059
0.71339
0.67004
0.66448
0.69234
0.79473
0.86156
0.90818
0.98077
0.87756
0.83157
0.82628
0.85774
0.86117
0.78471
0.87921
0.8582
0.96585
0.94071
0.95882
0.96125
0.98047
0.99659
0.99939
0.99861
1.0005
0.97647
0.81309
0.76839
0.8695
0.92574
0.97318
0.99988
0.94261
0.77447
0.7947
0.89901
0.98219
0.99209
0.98698
0.98277
1
0.97484
0.81689
0.7528
0.76748
0.78927
0.84945
0.77745
0.99413
0.98636
0.83541
0.8164
0.84959
0.86292
0.99785
1.0007
1.0008
0.99813
0.93962
0.94981
0.98089
0.99881
0.99598
0.9971
0.99749
0.99059
0.99065
0.99761
0.9978
0.99943
0.99951
0.99804
0.99875
0.99733
1.0007
1.0009
1.0003
0.96855
0.88957
0.93555
0.94005
0.91364
0.88428
0.95393
0.92548
0.97884
0.90216
0.81343
0.82822
0.81928
0.94528
0.96695
0.96941
0.97035
0.97265
0.97572
0.98421
0.9926
0.99988
0.99813
0.99926
0.98495
0.94865
0.86568
0.76056
0.66005
0.66105
0.71586
0.72026
0.59733
0.88879
0.96436
0.958
0.97319
0.98843
0.98965
0.99861
0.99706
0.99739
1.0009
0.98887
0.98829
0.91243
0.95927
0.99653
0.98476
0.93015
0.6827
0.9395
1.0006
0.98962
0.9966
0.9981
0.99421
0.98953
0.98142
0.98398
0.97696
0.99715
0.99928
0.98245
0.98671
0.9988
0.99974
0.99454
0.8598
0.83191
0.9374
0.97635
0.89458
0.81113
0.65427
0.46322
0.57793
0.77118
0.90483
0.94353
0.97215
0.98547
0.92474
0.88139
0.81513
0.9392
0.96619
0.94957
0.97095
0.9699
0.90318
0.9134
0.88653
0.90205
0.91898
0.99602
0.99212
0.90113
0.91312
0.91403
0.9616
0.98055
0.97128
0.99743
0.99694
0.99446
0.99973
0.99989
0.90827
0.91514
0.97247
0.94947
0.97447
1.0002
1.0003
0.99839
1.0008
0.9971
0.89843
0.93339
0.97586
0.98488
0.96062
0.91236
0.84818
0.79649
0.79824
0.65695
0.5687
0.43035
0.46201
0.61589
0.91258
0.98892
0.96579
0.96411
0.67604
0.58472
0.55085
0.59752
0.72833
0.80323
0.88756
0.9331
0.95412
0.93928
0.94946
0.96316
0.9755
0.99317
0.9496
0.96646
0.98222
0.98735
0.99029
0.97885
0.9682
0.94281
0.97063
0.98662
0.96143
0.82034
0.78883
0.84944
0.92496
0.92293
0.86949
0.76876
0.70406
0.61499
0.62377
0.60601
0.57604
0.79168
0.68302
0.72504
0.59652
0.63358
0.68104
0.6762
0.75209
0.81838
0.87855
0.90733
0.79054
0.69632
0.62758
0.6015
0.70501
0.76391
0.84669
0.68148
0.63916
0.61215
0.58317
0.6211
0.86459
0.88187
0.83463
0.7452
0.75971
0.83744
0.90225
0.96229
0.91231
0.91428
0.89958
0.83238
0.83181
0.74343
0.71133
0.70123
0.96473
0.92909
0.97981
0.94375
0.96497
0.98696
0.99913
0.99983
0.99753
0.99654
0.99863
0.99846
0.99963
0.99812
1.0004
1.0008
0.98376
1
0.99787
0.9977
0.99913
0.99733
0.98217
0.96272
0.93236
0.97394
0.92975
0.93302
0.83857
0.79268
0.75847
0.66043
0.73738
0.76162
0.88349
0.86732
0.9786
0.91303
0.91508
0.89384
0.84378
0.85669
0.89525
0.82582
0.73933
0.78527
0.826
0.75912
0.73395
0.72772
0.77246
0.886
0.88527
0.7371
0.87084
0.75942
0.97085
0.99942
0.99826
0.99753
0.99774
0.99795
0.99665
0.96042
0.94285
0.94916
0.98431
0.99999
0.99794
0.92869
0.94945
0.99675
1.0003
1.0001
0.99888
0.99802
0.99855
0.99917
0.99869
0.93047
0.8515
0.82581
0.71002
0.86318
0.89739
0.91081
0.96973
0.9838
0.99999
0.98483
0.98324
0.97006
0.97561
0.96084
0.95371
0.94636
0.90705
0.95382
0.97896
0.9696
0.97135
0.9617
0.9577
0.97281
0.87896
0.82797
0.67932
0.5615
0.6283
0.72078
0.77478
0.63911
0.74159
0.92885
0.93024
0.92676
0.90715
0.94774
0.93555
0.96377
0.98876
0.97621
0.9782
0.9748
0.97155
0.97706
0.97615
0.9701
0.96413
0.97963
0.98246
0.9733
0.97303
0.98507
0.96193
0.9563
0.94234
0.87963
0.94983
0.88776
0.8304
0.81168
0.69799
0.70881
0.63487
0.69443
0.76322
0.71776
0.59839
0.62708
0.70314
0.8776
0.87482
0.72357
0.65766
0.64773
0.65161
0.59163
0.83794
0.84518
0.87781
0.70925
0.84995
0.83974
0.8744
0.97677
0.97444
0.96333
0.82715
0.60994
0.8794
0.96028
0.95372
0.95353
0.96414
0.94561
0.92585
0.94505
0.96819
0.93846
0.88723
0.90339
0.81534
0.56513
0.4432
0.48931
0.48068
0.35491
0.94931
0.90683
0.82966
0.89262
0.95473
0.97089
0.99267
0.99864
0.99746
0.99771
1.0005
1.0005
0.99658
0.96835
0.97211
0.96698
0.97374
0.98686
0.98663
0.97868
0.99497
0.97288
0.97066
0.97679
0.9694
0.86094
0.95842
0.98979
0.98946
0.9596
0.96495
0.97513
0.96313
0.96892
0.96514
0.96803
0.96433
0.96029
0.95246
0.90134
0.95176
0.95317
0.94537
0.87761
0.82036
0.86105
0.90408
0.88661
0.86577
0.89142
0.88186
0.92253
0.91752
0.93122
0.84552
0.72757
0.87188
0.86279
0.72881
0.72996
0.69692
0.68595
0.75579
0.57769
0.23944
0.39487
0.36964
0.33027
0.39718
0.47451
0.55604
0.6136
0.5765
0.5683
0.71666
0.72855
0.8338
0.92749
0.93513
0.69102
0.88545
0.88992
0.90096
0.95368
0.98567
0.95454
0.99231
0.99715
0.98007
0.98442
0.99647
0.99943
0.99998
1.0003
1.0001
0.99244
0.9688
0.97456
0.98592
0.99038
0.99366
0.99931
0.99878
1.0002
1.0007
1.0003
0.97629
0.9858
0.99888
1.0006
1.0007
0.99869
0.99346
0.99404
0.94907
0.97346
0.98564
0.98947
0.98589
0.98497
0.9833
0.98642
0.98205
0.98096
0.978
0.96643
0.89105
0.95318
0.96143
0.95837
0.96837
0.96958
0.93911
0.91986
0.84839
0.84536
0.91149
0.90085
0.87946
0.78514
0.72305
0.72571
0.71486
0.70597
0.69413
0.64722
0.63325
0.68468
0.71239
0.73561
0.76216
0.76174
0.80593
0.74946
0.6319
0.66843
0.57495
0.57784
0.70125
0.79149
0.78446
0.73539
0.73837
0.70815
0.74613
0.74949
0.74757
0.73263
0.73472
0.73066
0.72663
0.73257
0.76046
0.71161
0.70778
0.42265
0.64579
0.67825
0.51233
0.51484
0.6478
0.68475
0.59272
0.63567
0.81264
0.97844
0.99207
0.99819
0.99917
0.97007
0.9629
0.95451
0.94433
0.94376
0.92047
0.92501
0.91859
0.92975
0.92416
0.94405
0.92954
0.92368
0.91673
0.88777
0.85941
0.74749
0.66533
0.76532
0.64666
0.5473
0.45863
0.36572
0.1932
0.48786
0.6954
0.93885
0.94659
0.95398
0.92224
0.89849
0.924
0.96538
0.98391
0.99316
0.96238
0.94546
0.9398
0.91734
0.88144
0.87395
0.93868
0.94021
0.91143
0.93227
0.92211
0.85463
0.79198
0.69358
0.67255
0.76863
0.83243
0.8673
0.64489
0.46557
0.38403
0.33131
0.41538
0.66531
0.67483
0.73092
0.82782
0.9419
0.93181
0.9298
0.83968
0.92518
0.88123
0.93136
0.88389
0.92809
0.89744
0.93008
0.93451
0.93246
0.94121
0.93604
0.93494
0.94776
0.94315
0.916
0.89103
0.76373
0.9323
0.92461
0.77795
0.67202
0.68244
0.67258
0.64933
0.52576
0.36056
0.55759
0.85669
0.84545
0.88263
0.8906
0.8912
0.88172
0.89141
0.89759
0.85275
0.86425
0.86658
0.73217
0.80343
0.78715
0.68835
0.53677
0.54983
0.5605
0.55291
0.55186
0.57533
0.53778
0.31113
0.17794
0.21712
0.19581
0.34792
0.37196
0.69178
0.54799
0.40452
0.38098
0.38523
0.43616
0.58462
0.45759
0.48468
0.47618
0.54997
0.62
0.61622
0.62046
0.60917
0.59786
0.59615
0.63096
0.56596
0.41707
0.36615
0.33972
0.32744
0.3163
0.30854
0.30309
0.30173
0.28327
0.29317
0.35724
0.36635
0.3394
0.35755
0.38788
0.48333
0.55114
0.56513
0.47215
0.28229
0.50438
0.34579
0.38999
0.42287
0.37607
0.40325
0.35232
0.32428
0.42297
0.87569
0.77217
0.88402
0.83652
0.79884
0.93202
0.8571
0.96288
0.95632
0.93824
0.96109
0.95342
0.94563
0.93282
0.92577
0.92392
0.91157
0.91148
0.85163
0.82097
0.86787
0.80519
0.88399
0.86367
0.63289
0.6285
0.79991
0.79886
0.54342
0.50584
0.57297
0.67787
0.68624
0.64831
0.57773
0.74778
0.76474
0.7352
0.7167
0.53681
0.49909
0.59242
0.70405
0.60716
0.84836
0.86402
0.8778
0.87772
0.85154
0.87525
0.85935
0.89158
0.83849
0.87444
0.87956
0.87668
0.86517
0.69247
0.64267
0.70786
0.78118
0.72727
0.71339
0.63953
0.57218
0.63116
0.35711
0.29284
0.26159
0.25543
0.25335
0.24551
0.2889
0.3102
0.32377
0.2962
0.25716
0.22887
0.20875
0.31557
0.5433
0.46469
0.46667
0.64178
0.80371
0.71307
0.71849
0.88985
0.91917
0.92309
0.87999
0.8773
0.90795
0.91145
0.92482
0.88381
0.59566
0.49919
0.55866
0.47818
0.60601
0.60319
0.50167
0.7823
0.75543
0.80225
0.77692
0.54633
0.59918
0.71205
0.8596
0.71952
0.57977
0.3569
0.2928
0.62419
0.42722
0.41766
0.59221
0.87189
0.82695
0.95889
0.92628
0.93467
0.92347
0.91748
0.91443
0.91599
0.89608
0.84716
0.79268
0.89749
0.91399
0.66319
0.48646
0.46484
0.26057
0.33682
0.42009
0.59279
0.72136
0.861
0.87596
0.86041
0.52833
0.44236
0.46667
0.66236
0.71609
0.68123
0.88731
0.92917
0.93075
0.92385
0.91303
0.89301
0.88862
0.90034
0.9051
0.90275
0.90427
0.89868
0.90848
0.80256
0.66047
0.55468
0.57369
0.64841
0.73368
0.87609
0.92742
0.90785
0.8959
0.85426
0.84003
0.82813
0.86366
0.73306
0.56793
0.64377
0.5506
0.75667
0.74876
0.78591
0.73053
0.64557
0.51171
0.4397
0.4472
0.48875
0.70059
0.93591
0.9417
0.93861
0.92271
0.89884
0.9273
0.86476
0.8165
0.69242
0.5458
0.84956
0.80775
0.89845
0.96822
0.90683
0.9101
0.9098
0.90848
0.89953
0.89277
0.8982
0.88185
0.86824
0.87017
0.85417
0.87525
0.83743
0.83985
0.86369
0.86359
0.84923
0.81238
0.63389
0.62736
0.6878
0.70972
0.69997
0.66686
0.61191
0.55911
0.7753
0.80254
0.6976
0.84309
0.79157
0.80006
0.75716
0.87393
0.8516
0.7736
0.77056
0.82741
0.80908
0.67195
0.50291
0.35353
0.44947
0.5842
0.56484
0.59396
0.80376
0.89802
0.92474
0.92345
0.91569
0.91801
0.93124
0.94457
0.94876
0.93393
0.9126
0.95692
0.94642
0.94748
0.93675
0.87614
0.71604
0.76659
0.96685
0.92869
0.9116
0.89995
0.91197
0.89265
0.87126
0.7996
0.86961
0.90656
0.94938
0.73716
0.89722
0.93683
0.92414
0.92882
0.91848
0.92234
0.90808
0.91187
0.91169
0.89877
0.89539
0.71458
0.76719
0.72031
0.64871
0.59554
0.47057
0.40826
0.42265
0.47792
0.71523
0.74297
0.54307
0.66835
0.45661
0.73674
0.87755
0.89273
0.89466
0.88802
0.87971
0.87646
0.87433
0.83448
0.81436
0.77385
0.75347
0.74301
0.76018
0.63191
0.82206
