0.29954
0.33183
0.32791
0.37317
0.36518
0.40589
0.44366
0.4116
0.42141
0.40313
0.39319
0.38451
0.40269
0.39574
0.4104
0.6189
0.45991
0.45852
0.49732
0.47987
0.43654
0.54471
0.91389
0.75122
0.9187
0.71234
0.55223
0.5764
0.64173
0.9071
0.71279
0.89683
0.83459
0.74907
0.46403
0.36551
0.35789
0.35751
0.35051
0.46558
0.3493
0.36043
0.34919
0.37014
0.36001
0.39019
0.61084
0.41193
0.33837
0.4268
0.43352
0.43299
0.46849
0.40774
0.38675
0.31473
0.31401
0.3355
0.41692
0.43782
0.80012
0.83333
0.80446
0.79689
0.80858
0.83397
0.84637
0.84384
0.62036
0.59009
0.55855
0.73732
0.69053
0.50005
0.52166
0.51188
0.61485
0.80611
0.83248
0.83984
0.84715
0.84936
0.84797
0.84068
0.8329
0.73985
0.50638
0.43837
0.39324
0.37057
0.33824
0.33831
0.39761
0.39466
0.31431
0.22494
0.24975
0.75189
0.84256
0.7517
0.52774
0.50321
0.48857
0.43772
0.47808
0.47306
0.71384
0.47306
0.59495
0.92693
0.82203
0.87957
0.82971
0.67818
0.65286
0.62952
0.54263
0.50784
0.4857
0.46281
0.46268
0.45658
0.4478
0.44123
0.46136
0.49632
0.58736
0.49952
0.45544
0.43414
0.42652
0.41782
0.41829
0.41324
0.40682
0.39308
0.39081
0.3908
0.45001
0.47735
0.47436
0.423
0.39246
0.41693
0.41961
0.39467
0.37494
0.32179
0.2753
0.21982
0.17581
0.14215
0.14439
0.1455
0.13127
0.13664
0.13034
0.13328
0.16304
0.23645
0.29765
0.29613
0.26289
0.25689
0.2509
0.25262
0.2474
0.25118
0.26472
0.26091
0.26935
0.2684
0.26593
0.27602
0.26987
0.26621
0.25044
0.25978
0.24363
0.29487
0.30464
0.27787
0.38773
0.4154
0.40067
0.41098
0.39236
0.36773
0.3274
0.34706
0.34934
0.34166
0.34386
0.33028
0.32618
0.31841
0.32271
0.32853
0.322
0.32299
0.32483
0.32202
0.33913
0.34007
0.35563
0.35856
0.37196
0.37592
0.37764
0.37867
0.37086
0.36942
0.35612
0.36593
0.34641
0.32802
0.34388
0.33708
0.34871
0.36025
0.34913
0.34752
0.34496
0.35458
0.35138
0.35523
0.35165
0.34996
0.34817
0.34528
0.35353
0.35625
0.36012
0.3646
0.34843
0.42315
0.39114
0.3596
0.38984
0.39755
0.42157
0.40474
0.37194
0.36359
0.36818
0.38359
0.38887
0.39144
0.38868
0.39039
0.39456
0.39967
0.40164
0.39718
0.39047
0.39662
0.39347
0.37362
0.37767
0.3803
0.37379
0.35544
0.3279
0.35945
0.33844
0.34275
0.32395
0.29108
0.28444
0.28454
0.27826
0.24773
0.21631
0.18543
0.16639
0.20543
0.25742
0.26379
0.2372
0.16281
0.158
0.19137
0.31409
0.70564
0.74089
0.68543
0.60492
0.69172
0.63125
0.48557
0.40627
0.32629
0.29562
0.28055
0.32999
0.31649
0.31745
0.32038
0.34138
0.36115
0.64049
0.81029
0.31964
0.32941
0.34031
0.35546
0.37832
0.37625
0.36981
0.37141
0.37467
0.38466
0.38589
0.40142
0.39914
0.3938
0.39199
0.38732
0.39048
0.3985
0.40019
0.3974
0.39863
0.39237
0.38617
0.39773
0.38132
0.37765
0.38378
0.38395
0.38904
0.39283
0.39366
0.3978
0.3942
0.39339
0.40511
0.41716
0.4286
0.44763
0.46321
0.44143
0.42353
0.41548
0.40355
0.40377
0.40355
0.4071
0.4103
0.41648
0.40602
0.38195
0.36884
0.37555
0.38078
0.38724
0.38957
0.376
0.38742
0.39391
0.3865
0.38465
0.37257
0.39581
0.39229
0.37176
0.3806
0.36527
0.38117
0.41581
0.42747
0.51329
0.61636
0.79301
0.91955
0.90946
0.91535
0.9019
0.65405
0.87741
0.92999
0.924
0.90576
0.71259
0.54248
0.44395
0.56395
0.68382
0.37528
0.34483
0.33653
0.77225
0.48864
0.5416
0.60018
0.72834
0.82448
0.75779
0.74726
0.87978
0.88658
0.85749
0.87719
0.56959
0.43132
0.37919
0.36219
0.4395
0.58961
0.80879
0.82326
0.8464
0.84951
0.8122
0.53229
0.44578
0.39568
0.35849
0.31177
0.32743
0.48938
0.50553
0.44421
0.47199
0.51886
0.44759
0.65031
0.76903
0.82232
0.84367
0.841
0.84079
0.83542
0.83119
0.82964
0.82322
0.83449
0.83442
0.80596
0.78582
0.79064
0.73708
0.65561
0.80126
0.82626
0.84159
0.8291
0.79748
0.58564
0.47669
0.42295
0.40815
0.3571
0.30884
0.21902
0.22022
0.24251
0.285
0.34699
0.38119
0.48471
0.44254
0.44458
0.39642
0.35208
0.53557
0.4502
0.74364
0.80051
0.78321
0.60788
0.91411
0.89131
0.877
0.80373
0.60235
0.39477
0.33555
0.8072
0.90229
0.91711
0.59965
0.36741
0.37513
0.54262
0.46998
0.39958
0.36638
0.32947
0.36483
0.36997
0.55412
0.93597
0.92198
0.84005
0.86799
0.62211
0.42085
0.35416
0.36879
0.36501
0.37579
0.48777
0.8496
0.89753
0.89345
0.8812
0.87401
0.85762
0.86383
0.8542
0.84372
0.84124
0.8413
0.83733
0.83433
0.81649
0.81091
0.82262
0.82033
0.81812
0.81545
0.80718
0.80205
0.71003
0.54907
0.48898
0.4302
0.3808
0.34905
0.35657
0.35532
0.42058
0.60945
0.59958
0.58719
0.66755
0.7823
0.83954
0.83648
0.83298
0.83719
0.83524
0.83055
0.82338
0.82512
0.82633
0.82434
0.82973
0.81817
0.83236
0.82405
0.82517
0.82334
0.82382
0.82114
0.82727
0.83189
0.82682
0.81988
0.79923
0.71071
0.66588
0.61774
0.5559
0.51519
0.44988
0.40741
0.33459
0.24577
0.20485
0.22881
0.41403
0.50884
0.40123
0.77256
0.65249
0.70452
0.38418
0.40036
0.48457
0.4338
0.5086
0.75801
0.88621
0.86589
0.84557
0.83766
0.83595
0.83619
0.83036
0.83082
0.83106
0.83451
0.83663
0.84173
0.85414
0.85801
0.71741
0.52765
0.44735
0.42223
0.45234
0.64427
0.68432
0.70241
0.87548
0.87403
0.93477
0.72091
0.55989
0.80565
0.95991
0.93659
0.7147
0.89767
0.93486
0.94571
0.94624
0.79585
0.76095
0.71262
0.53523
0.47484
0.39716
0.38038
0.54545
0.71379
0.7824
0.50044
0.98979
0.83565
0.75835
0.97317
0.8645
0.97678
0.98204
0.76243
0.70925
0.60375
0.55097
0.52326
0.5065
0.4582
0.43072
0.42548
0.36342
0.38154
0.34806
0.33087
0.31769
0.29746
0.28074
0.30232
0.42828
0.50417
0.4818
0.41058
0.36393
0.33225
0.35235
0.3409
0.32702
0.4069
0.4734
0.47991
0.47712
0.48687
0.45234
0.39887
0.35675
0.29905
0.36951
0.38884
0.38222
0.36918
0.37229
0.39508
0.38049
0.34654
0.28795
0.22549
0.18576
0.18634
0.23404
0.1749
0.15825
0.14834
0.36058
0.73693
0.70567
0.68109
0.63108
0.60791
0.54886
0.5345
0.90081
0.92628
0.92814
0.92349
0.92633
0.90577
0.90595
0.8302
0.77592
0.46735
0.42883
0.45584
0.49418
0.57791
0.55394
0.50882
0.49541
0.51744
0.5126
0.5081
0.542
0.58415
0.53437
0.51155
0.53794
0.52615
0.5132
0.51765
0.53279
0.56598
0.4858
0.46693
0.46868
0.47315
0.46297
0.47515
0.49965
0.5228
0.44387
0.40113
0.41216
0.42584
0.4062
0.3439
0.38826
0.39732
0.39835
0.37535
0.37536
0.37722
0.37714
0.38543
0.41474
0.4108
0.4308
0.44631
0.4294
0.4332
0.43492
0.44628
0.46721
0.47334
0.47551
0.80141
0.827
0.8166
0.88524
0.89133
0.87958
0.91669
0.90575
0.7478
0.52598
0.44852
0.40863
0.29464
0.30217
0.32524
0.47348
0.8185
0.69953
0.47287
0.50545
0.68881
0.61886
0.8088
0.72914
0.55045
0.65272
0.86326
0.88377
0.88908
0.89569
0.90196
0.89498
0.88843
0.88352
0.86876
0.8534
0.84994
0.75151
0.84438
0.80636
0.60009
0.48307
0.39096
0.80822
0.61488
0.61706
0.62776
0.60998
0.48143
0.34352
0.25501
0.25117
0.25167
0.27157
0.32219
0.41034
0.67735
0.82216
0.72664
0.82404
0.86476
0.85155
0.83752
0.85367
0.86374
0.8083
0.78051
0.74877
0.72476
0.73897
0.70056
0.6566
0.77959
0.8379
0.80523
0.85053
0.79693
0.65038
0.83833
0.65739
0.60532
0.75082
0.82367
0.84959
0.87706
0.91314
0.92673
0.93324
0.92362
0.93303
0.93525
0.93744
0.94588
0.93241
0.92453
0.91213
0.89846
0.88209
0.86918
0.86757
0.86979
0.80672
0.73781
0.85276
0.54596
0.31503
0.18861
0.24817
0.44069
0.95645
0.96804
0.97694
0.97338
0.94909
0.95241
0.92739
0.9372
0.94579
0.94587
0.96954
0.9453
0.93008
0.91762
0.91152
0.90563
0.85898
0.80895
0.81669
0.74376
0.71603
0.57677
0.47817
0.43576
0.43874
0.39946
0.38105
0.31029
0.29091
0.33016
0.37156
0.39957
0.4519
0.56475
0.70001
0.79688
0.94634
0.95132
0.95538
0.96775
0.96242
0.97008
0.98399
0.97942
0.97018
0.95698
0.93527
0.91436
0.90844
0.90606
0.89746
0.89496
0.88208
0.76226
0.61014
0.48606
0.48438
0.41304
0.40511
0.41373
0.41123
0.3532
0.31188
0.33128
0.41866
0.39577
0.39133
0.3574
0.38145
0.60082
0.58341
0.61819
0.58642
0.56491
0.55201
0.89141
0.85673
0.89235
0.87767
0.86447
0.76034
0.66189
0.68581
0.61021
0.90471
0.89234
0.7064
0.56575
0.76646
0.66143
0.66516
0.88319
0.78977
0.58595
0.47733
0.49789
0.45441
0.45515
0.38408
0.35678
0.36071
0.41133
0.49713
0.5071
0.54261
0.52407
0.48128
0.53844
0.5763
0.48452
0.50327
0.61363
0.53331
0.5343
0.55117
0.50912
0.45369
0.39858
0.3892
0.39127
0.44279
0.47352
0.50893
0.42215
0.40029
0.55611
0.92635
0.87447
0.62361
0.59998
0.57531
0.63133
0.53812
0.54492
0.51859
0.50622
0.52118
0.55879
0.44764
0.45412
0.45469
0.4239
0.42853
0.47886
0.5202
0.50418
0.41929
0.58038
0.63482
0.68044
0.62257
0.44457
0.47461
0.60352
0.58774
0.86076
0.67515
0.60109
0.43274
0.49794
0.56278
0.49001
0.53214
0.64976
0.53528
0.52089
0.50627
0.55515
0.60155
0.52776
0.47836
0.51104
0.7025
0.84759
0.96559
0.97321
0.92209
0.81273
0.59805
0.42127
0.41899
0.4022
0.42187
0.45523
0.54151
0.49922
0.52625
0.57992
0.45388
0.45099
0.44944
0.46737
0.51037
0.5083
0.49583
0.46069
0.45321
0.45915
0.461
0.38113
0.43886
0.47424
0.44906
0.50325
0.53375
0.54361
0.56947
0.5642
0.6956
0.57796
0.55538
0.69102
0.61439
0.66191
0.54962
0.55331
0.79554
0.67591
0.64325
0.82174
0.76764
0.59329
0.46176
0.47576
0.51938
0.5573
0.58808
0.98294
0.96632
0.95956
0.94053
0.75268
0.68615
0.70156
0.66068
0.72562
0.56903
0.52354
0.90977
0.95683
0.94297
0.81055
0.83258
0.84994
0.7962
0.71902
0.59702
0.62981
0.72146
0.65381
0.69501
0.96174
0.97335
0.9984
0.99309
0.99162
0.98331
0.80448
0.73698
0.90197
0.99765
0.96637
0.86694
0.64177
0.8331
0.97325
0.86072
1.0006
0.99368
0.99515
0.89197
0.82703
0.83834
0.79483
0.8924
0.94455
0.81128
0.88782
0.96384
0.99858
0.94206
0.94097
0.8944
0.89081
0.84299
0.75895
0.58763
0.52563
0.66409
0.76515
0.80333
0.88417
0.68986
0.69664
0.59884
0.60447
0.57975
0.56886
0.54761
0.54471
0.55398
0.56024
0.56665
0.57781
0.49015
0.4535
0.46089
0.44879
0.48545
0.55595
0.49484
0.49998
0.42277
0.38358
0.40065
0.5071
0.38893
0.36604
0.32853
0.36377
0.49687
0.62671
0.52138
0.65244
0.62135
0.48625
0.45524
0.45718
0.53008
0.42206
0.39956
0.52683
0.58235
0.48645
0.41446
0.43142
0.51927
0.49541
0.42579
0.45429
0.41959
0.41207
0.45741
0.42133
0.46973
0.48129
0.52625
0.4926
0.49388
0.54466
0.47253
0.44205
0.52086
0.64348
0.81175
0.99544
0.99969
0.9979
1.0017
0.99819
0.99714
1.0001
0.99856
0.98447
0.98186
0.99028
0.97381
0.99076
0.96986
0.93728
0.97153
0.9712
0.89596
0.92079
0.96117
0.95649
0.91115
0.80232
0.79071
0.81721
0.76595
0.73278
0.74559
0.74717
0.82381
0.76192
0.99577
0.99758
0.99751
0.97463
0.97066
0.96746
0.90234
0.81773
0.68515
0.60835
0.59041
0.60046
0.4533
0.39738
0.41316
0.50651
0.55876
0.58218
0.54914
0.51651
0.40985
0.35464
0.36519
0.4112
0.43726
0.4235
0.38619
0.43654
0.39938
0.39158
0.37884
0.38738
0.35002
0.38575
0.43567
0.44699
0.36423
0.35593
0.34146
0.39644
0.71291
0.81487
0.98311
0.85138
0.60683
0.52548
0.93802
0.82353
0.7251
0.86095
0.52386
0.59253
0.64387
0.75583
0.97279
0.82648
0.8313
0.93495
0.98598
0.99912
0.98423
0.99198
0.88831
0.79728
0.86502
0.98778
0.96776
0.93617
0.96553
0.95987
0.99198
0.99997
0.9974
1.0006
0.99378
0.98917
0.98967
0.97842
0.96957
0.97845
0.97644
0.99155
0.96581
0.96612
0.96461
0.94607
0.93686
0.93538
0.96983
0.97608
0.9694
0.95815
0.97565
0.95524
0.95944
0.97336
1.0001
0.99738
0.97216
0.97387
0.9833
0.95667
0.96394
0.96145
0.95697
0.94804
0.84108
0.70897
0.57439
0.58584
0.63331
0.51368
0.4771
0.44607
0.71402
0.96354
0.82776
0.77336
0.77155
0.84941
0.96768
0.79052
0.66446
0.61546
0.57813
0.73589
0.87527
0.9484
0.99873
1.0005
0.99921
0.99665
0.99726
0.99099
0.84545
0.78131
0.66446
0.67427
0.66155
0.68163
0.61295
0.59996
0.61814
0.59523
0.52374
0.52854
0.55362
0.68615
0.65981
0.68716
0.66553
0.64566
0.78573
0.99827
0.94638
0.68188
0.65328
0.69757
0.65404
0.83093
0.88937
0.82323
0.85269
0.88348
0.88578
0.80699
0.92048
0.99858
0.98983
0.98987
0.89263
0.85104
0.96334
0.93871
0.81451
0.75008
0.78623
0.99815
0.99927
0.99849
0.99544
1
1.0009
0.81093
0.69907
0.70208
0.60631
0.53435
0.50779
0.46675
0.50094
0.69101
0.7556
0.56732
0.62273
0.5138
0.63012
0.50219
0.47514
0.64112
0.67868
0.9339
0.99243
0.99867
0.99835
0.9981
0.99849
0.99823
0.95984
0.99425
0.99884
0.9989
0.99733
0.99788
0.99944
0.99138
0.87006
0.87819
0.78502
0.66493
0.6306
0.60791
0.61098
0.59291
0.5852
0.63623
0.6183
0.61668
0.56606
0.5711
0.74817
0.63741
0.8131
0.74894
0.7995
0.84256
0.68009
0.58515
0.75778
0.59618
0.63555
0.717
0.80222
0.83795
0.79564
0.88411
0.88893
0.75627
0.79448
0.89696
0.9555
0.96646
0.99852
0.99951
0.99832
0.99781
0.99767
0.86583
0.77774
0.87981
0.76166
0.5568
0.64427
0.63917
0.53592
0.48584
0.52308
0.5567
0.52332
0.60547
0.70047
0.73171
0.76545
0.91493
0.98864
1.0004
0.9988
0.99963
0.98275
0.85822
0.82166
0.80032
0.69388
0.63785
0.57614
0.55849
0.5243
0.48005
0.43498
0.44809
0.49584
0.48738
0.57652
0.58985
0.63315
0.69237
0.6699
0.63748
0.63999
0.75614
0.86133
0.96545
0.98669
0.98575
0.99278
0.99908
1.0001
1.0001
0.9981
0.9998
0.99816
0.92796
0.82356
0.71981
0.60998
0.57927
0.55891
0.53842
0.50823
0.43235
0.43324
0.4655
0.74045
0.56669
0.58903
0.63365
0.59686
0.59873
0.65947
0.69051
0.71752
0.73559
0.56931
0.48709
0.55702
0.5
0.44234
0.56541
0.47523
0.52669
0.4332
0.48212
0.54734
0.62906
0.54148
0.45733
0.58168
0.58126
0.47133
0.47105
0.47318
0.45448
0.38252
0.35139
0.37816
0.36005
0.36596
0.40362
0.42326
0.41921
0.41789
0.51958
0.57252
0.57893
0.58846
0.59682
0.60543
0.60769
0.95701
0.99574
0.99837
0.99767
0.99782
0.99988
1.0006
0.83627
0.7548
0.6561
0.59563
0.60223
0.60552
0.62021
0.63134
0.63471
0.59825
0.62714
0.67506
0.6734
0.65434
0.62543
0.58906
0.55359
0.49078
0.74579
0.75869
0.53793
0.5588
0.53032
0.47377
0.5034
0.5468
0.53085
0.59532
0.679
0.7787
0.82134
0.94949
0.97169
0.97945
0.97674
0.98869
0.97098
0.97383
0.95336
0.94707
1.0009
0.9981
1.0001
0.99899
0.99745
0.95463
0.83133
0.75266
0.68671
0.5967
0.58845
0.53284
0.49532
0.51954
0.52211
0.52904
0.49323
0.46318
0.4479
0.64183
0.56382
0.63526
0.58547
0.63784
0.77382
0.96197
0.96378
0.98199
0.98911
0.97923
0.81737
0.6747
0.60383
0.58171
0.56471
0.56195
0.5438
0.52373
0.49529
0.46002
0.45679
0.44603
0.48348
0.48626
0.48982
0.45734
0.46208
0.44488
0.45956
0.4598
0.5472
0.60709
0.61776
0.63205
0.57314
0.53021
0.48741
0.48218
0.58014
0.60215
0.63428
0.70825
0.64986
0.63035
0.65138
0.71284
0.85115
0.96203
0.97082
0.97382
0.90985
0.79598
0.81054
0.84881
0.7903
0.78697
0.82031
0.86424
0.99546
0.85338
0.68976
0.63804
0.53203
0.48113
0.51133
0.51791
0.54095
0.52612
0.49215
0.48561
0.49102
0.50986
0.51015
0.51411
0.54487
0.56735
0.53741
0.47013
0.47531
0.41799
0.41391
0.41287
0.41495
0.46371
0.48069
0.46842
0.45523
0.32865
0.32227
0.29622
0.31721
0.36871
0.37503
0.37661
0.4475
0.36242
0.34693
0.34154
0.33393
0.497
0.48822
0.4875
0.52273
0.66225
0.65293
0.62521
0.61984
0.62577
0.58284
0.54852
0.55031
0.55617
0.51467
0.51883
0.49723
0.64164
0.71929
0.86643
0.81969
0.84186
0.76235
0.70472
0.58117
0.62697
0.59054
0.58053
0.58822
0.61544
0.55401
0.5862
0.59454
0.63406
0.6575
0.76884
0.99797
1.0001
1.0006
0.99936
0.99968
0.92996
0.84852
0.79094
0.8065
0.78761
0.77987
0.53174
0.56975
0.63489
0.62511
0.61651
0.56967
0.45446
0.4477
0.44459
0.4408
0.47766
0.47245
0.47066
0.45378
0.41938
0.44759
0.53023
0.67365
0.69013
0.60945
0.57916
0.57364
0.58522
0.54716
0.54119
0.56032
0.54521
0.51338
0.50586
0.48861
0.47079
0.45687
0.48539
0.68731
0.8163
0.83403
0.87856
0.88605
0.90359
0.87866
0.83944
0.85621
0.82586
0.68695
0.68264
0.66925
0.60126
0.61485
0.71889
0.82412
0.88177
0.88261
0.88797
0.87271
0.83543
0.71636
0.55456
0.513
0.54056
0.48772
0.44558
0.48247
0.39677
0.36872
0.42796
0.51004
0.6634
0.63648
0.60212
0.60525
0.59015
0.50707
0.47164
0.44761
0.49752
0.51168
0.49455
0.46472
0.49881
0.34539
0.30341
0.31612
0.38173
0.415
0.44556
0.49347
0.4481
0.39664
0.37299
0.37751
0.4244
0.45641
0.4497
0.51944
0.5008
0.51278
0.485
0.47703
0.48445
0.46972
0.44497
0.44502
0.44787
0.45774
0.46229
0.46942
0.48007
0.47093
0.47978
0.48488
0.48472
0.4817
0.48323
0.4905
0.51363
0.50018
0.50185
0.50187
0.59112
0.6207
0.58017
0.63349
0.66634
0.636
0.62829
0.5522
0.5079
0.49645
0.48363
0.53169
0.61073
0.60461
0.61626
0.6802
0.73243
0.69287
0.73361
0.65756
0.6491
0.63035
0.58361
0.49471
0.49371
0.50713
0.47864
0.47664
0.49932
0.54176
0.54662
0.52688
0.56432
0.56831
0.56581
0.55492
0.52828
0.49112
0.43971
0.36753
0.32847
0.31745
0.34219
0.37882
0.38782
0.37784
0.34687
0.30912
0.29968
0.3036
0.32011
0.33928
0.35203
0.386
0.36754
0.29379
0.30539
0.33418
0.31873
0.36089
0.38018
0.45495
0.51074
0.50803
0.50277
0.5055
0.53232
0.55334
0.54984
0.56384
0.5499
0.49821
0.5073
0.45778
0.36642
0.25968
0.29381
0.35292
0.33363
0.28306
0.29017
0.29726
0.32185
0.39626
0.53182
0.52249
0.44628
0.38008
0.6494
0.58084
0.60682
0.56664
0.68821
0.58749
0.47628
0.39009
0.33685
0.33617
0.32033
0.30781
0.35912
0.40272
0.40722
0.3743
0.34355
0.30111
0.30058
0.29195
0.32357
0.35473
0.34964
0.32937
0.38262
0.34295
0.33348
0.36535
0.38136
0.37134
0.32519
0.44072
0.54425
0.47655
0.57694
0.83232
0.73377
0.60196
0.62361
0.49972
0.51651
0.49058
0.57019
0.54478
0.42863
0.38997
0.39575
0.6129
0.85301
0.78692
0.95313
0.96482
0.96117
0.96528
0.9911
0.99385
1.0008
0.99523
0.96034
0.95927
0.96683
0.97074
0.98415
0.97823
0.97608
0.97342
0.97239
0.95451
0.9114
0.90352
0.93718
0.96353
0.95982
0.95774
0.90204
0.74972
0.69824
0.79117
0.91663
0.70565
0.62148
0.42121
0.46921
0.47728
0.45777
0.54692
0.53619
0.39921
0.35513
0.40973
0.45015
0.4523
0.45007
0.4509
0.44769
0.43377
0.43755
0.44521
0.43454
0.45488
0.46747
0.47979
0.46553
0.46645
0.44883
0.43161
0.43706
0.44433
0.4513
0.45362
0.43704
0.43241
0.4313
0.4257
0.41927
0.52516
0.86778
0.97365
0.9607
0.9473
0.94067
0.93313
0.93064
0.92491
0.87152
0.6635
0.63865
0.57532
0.5274
0.54058
0.53318
0.48092
0.41285
0.50759
0.60157
0.69164
0.70651
0.85293
0.85993
0.84948
0.88502
0.89777
0.82164
0.85461
0.82766
0.62371
0.5377
0.49607
0.46864
0.44467
0.45873
0.47868
0.44121
0.40261
0.37446
0.37745
0.37354
0.43165
0.42893
0.46814
0.59144
0.63433
0.64559
0.63469
0.63493
0.59572
0.78879
0.71917
0.64677
0.5663
0.50219
0.4474
0.41053
0.39951
0.78571
0.88988
0.92458
0.90076
0.88934
0.72607
0.93027
0.90441
0.92948
0.92861
0.92532
0.92088
0.92069
0.85202
0.80543
0.7774
0.50382
0.44071
0.40203
0.39004
0.3675
0.402
0.43623
0.38328
0.31942
0.29628
0.28942
0.29056
0.30852
0.3024
0.31119
0.31888
0.31145
0.32344
0.33921
0.37697
0.42092
0.48144
0.55193
0.59546
0.54656
0.4801
0.46343
0.47348
0.48963
0.49684
0.50807
0.5041
0.50837
0.49914
0.49264
0.5072
0.5808
0.44485
0.46305
0.52492
0.48937
0.45445
0.46606
0.80853
0.82907
0.82152
0.74449
0.40805
0.39114
0.38168
0.38106
0.38753
0.39576
0.41047
0.39937
0.68379
0.53183
0.49066
0.43413
0.46078
0.91639
0.91899
0.78056
0.84225
0.94933
0.92575
0.95392
0.94511
0.95601
0.89931
0.47116
0.4254
0.43482
0.54023
0.78122
0.61506
0.60212
0.55627
0.56983
0.61769
0.49783
0.48584
0.49671
0.49932
0.51402
0.49507
0.50504
0.67622
0.75427
0.75668
0.47192
0.43666
0.41101
0.40534
0.42081
0.43604
0.46036
0.48583
0.53903
0.53541
0.56245
0.55088
0.48843
0.51101
0.49508
0.45469
0.48881
0.49024
0.45631
0.43305
0.43884
0.45029
0.43592
0.42012
0.41523
0.39255
0.39247
0.40123
0.39923
0.40689
0.409
0.41233
0.42665
0.44234
0.42776
0.36411
0.39169
0.38869
0.40434
0.39161
0.38124
0.34711
0.3792
0.41215
0.42053
0.41556
0.4425
0.44675
0.43984
0.44681
0.44579
0.4399
0.45147
0.46445
0.42823
0.40378
0.37446
0.3815
0.41627
0.39439
0.44349
0.53782
0.5499
0.54028
0.54239
0.5323
0.51148
0.51843
0.90268
0.92246
0.93509
0.9334
0.93012
0.92144
0.86463
0.70209
0.65328
0.62176
0.57721
0.56378
0.5427
0.53855
0.47421
0.39777
0.36748
0.37841
0.38064
0.34622
0.35562
0.55456
0.76493
0.84924
0.77235
0.79168
0.66712
0.41
0.38761
0.39436
0.39439
0.37551
0.37925
0.38332
0.39226
0.39863
0.40085
0.44354
0.89907
0.91501
0.91129
0.88308
0.87018
0.86405
0.84797
0.83347
0.84351
0.78044
0.57647
0.45066
0.4138
0.30456
0.26582
0.25955
0.28979
0.27756
0.25109
0.23046
0.21511
0.24324
0.24119
0.26843
0.30428
0.34065
0.55212
0.57929
0.62848
0.53216
0.54426
0.49882
0.46962
0.45711
0.49128
0.60328
0.87716
0.92807
0.92386
0.73706
0.53934
0.56767
0.80077
0.57612
0.47617
0.46691
0.43222
0.42596
0.42922
0.41996
0.42838
0.48935
0.45478
0.47125
0.46245
0.4483
0.49318
0.46537
0.53014
0.50038
0.48114
0.45706
0.44423
0.43003
0.42059
0.40906
0.40179
0.39831
0.39225
0.39278
0.39322
0.40707
0.47338
0.54808
0.58404
0.68861
0.78919
0.95995
0.97377
0.96829
0.95628
0.95491
0.9716
0.97407
0.82921
0.56833
0.53786
0.56306
0.56145
0.56355
0.57526
0.59519
0.59441
0.57377
0.55516
0.5437
0.53418
0.50471
0.45572
0.42544
0.42435
0.45556
0.44943
0.40251
0.40436
0.38767
0.36481
0.34164
0.31474
0.30187
0.29896
0.29382
0.42177
0.46108
0.42314
0.43429
0.35889
0.36047
0.38162
0.36576
0.33262
0.34851
0.37531
0.37853
0.37308
0.38626
0.394
0.41162
0.39444
0.38654
0.37309
0.36975
0.36726
0.34996
0.26839
0.30027
0.28664
0.27567
0.25165
0.22608
0.2112
0.19235
0.1713
0.2113
0.25483
0.33501
0.30312
0.26738
0.26073
0.3189
0.63145
0.6373
0.66426
0.90486
0.91089
0.91298
0.91095
0.90291
0.7821
0.65353
0.55142
0.46606
0.4234
0.39612
0.37975
0.36559
0.37388
0.37689
0.3658
0.36464
0.37284
0.31956
0.33702
0.37103
0.39337
0.40337
0.41133
0.41447
0.44063
0.45887
0.46908
0.47337
0.45994
0.46148
0.45979
0.46242
0.52408
0.52661
0.58273
0.53827
0.51969
0.51492
0.51842
0.72187
0.92075
0.86375
0.80492
0.64417
0.58738
0.78234
0.79797
0.86284
0.92173
0.94882
0.94487
0.93904
0.93134
0.92873
0.92668
0.92862
0.93
0.93257
0.93966
0.92785
0.91178
0.90705
0.90455
0.90582
0.90259
0.79913
0.69362
0.59355
0.84736
0.91461
0.91856
0.917
0.92101
0.91859
0.91267
0.90583
0.89897
0.89175
0.86577
0.85879
0.73702
0.71661
0.85449
0.87744
0.87584
0.87365
0.73237
0.63335
0.66814
0.69964
0.73643
0.7408
0.82986
0.63644
0.50907
0.43231
0.44462
0.46586
0.40732
0.34012
0.29061
0.28653
0.29491
0.61712
0.47312
0.48561
0.45827
0.54368
0.7934
0.82803
0.71307
0.7046
0.90303
0.5841
0.52467
0.92987
0.99542
0.99262
0.99101
0.987
0.95739
0.94536
0.9349
0.88291
0.71419
0.59738
0.51301
0.45057
0.36558
0.27986
0.22972
0.24753
0.27748
0.30268
0.27526
0.29712
0.6154
0.65882
0.77427
0.95264
0.95471
0.95379
0.94603
0.94373
0.94369
0.93806
0.93074
0.92923
0.92064
0.86331
0.837
0.7762
0.75047
0.71447
0.67408
0.74987
0.78452
0.84085
0.61436
0.64905
0.65602
0.61436
0.8094
0.85059
0.84538
0.7183
0.68949
0.61033
0.57474
0.49449
0.44701
0.41184
0.41592
0.39305
0.39941
0.39965
0.40336
0.40419
0.4153
0.39264
0.34554
0.3749
0.36465
0.40137
0.43126
0.45937
0.4212
0.41661
0.41285
0.39093
0.38414
0.36534
0.34438
0.38155
0.38146
0.37923
0.36315
0.3728
0.3972
0.39933
0.39084
0.395
0.3727
0.38314
0.88361
0.88939
0.79498
0.50953
0.48811
0.51898
0.53851
0.48856
0.45093
0.4199
0.39654
0.43014
0.39728
0.34864
0.39522
0.4918
0.50286
0.36152
0.43062
0.55716
0.53084
0.40739
0.35045
0.76763
0.87304
0.87772
0.87751
0.8776
0.87652
0.85266
0.79821
0.61009
0.48063
0.45442
0.37853
0.30959
0.28084
0.2991
0.3294
0.36843
0.37282
0.4098
0.44204
0.5302
0.44409
0.41583
0.35713
0.34357
0.32264
0.31087
0.31402
0.31408
0.30321
0.30727
0.31377
0.31118
0.31787
0.32014
0.32951
0.33479
0.3346
0.33208
0.35288
0.35988
0.35605
0.35861
0.36285
0.37639
0.37368
0.37596
0.37694
0.38127
0.37117
0.34348
0.35333
0.35342
0.32572
0.29956
0.2889
0.43923
0.65852
0.75064
0.81317
0.85609
0.86409
0.86925
0.86015
0.85759
0.85889
0.80389
0.84314
0.68562
0.58285
0.46383
0.37514
0.44987
0.42442
0.55806
0.43811
0.42595
0.51811
0.41801
0.79269
0.56269
0.76374
0.8886
0.90578
0.87289
0.86694
0.86544
0.86016
0.84982
0.84168
0.83439
0.82446
0.81787
0.81318
0.81141
0.81068
0.80524
0.55979
0.45635
0.48509
0.5405
0.7976
0.79775
0.55458
0.64677
0.50379
0.52667
0.63573
0.71306
0.7603
0.78018
0.78662
0.78495
0.76555
0.78134
0.8106
0.81756
0.82107
0.79457
0.51568
0.42782
