0.89362
0.89455
0.88524
0.87615
0.86827
0.86789
0.84747
0.70721
0.68745
0.60498
0.73632
0.75703
0.76706
0.77553
0.78789
0.80629
0.80988
0.72022
0.74962
0.67558
0.56079
0.81482
0.82665
0.83127
0.83451
0.48942
0.45143
0.42605
0.40743
0.47229
0.83802
0.83876
0.83638
0.83293
0.83365
0.58539
0.4305
0.32826
0.32629
0.52471
0.79466
0.47155
0.50907
0.61564
0.70861
0.80623
0.81972
0.82588
0.82492
0.82258
0.81351
0.78679
0.79476
0.8026
0.804
0.79305
0.76197
0.74977
0.68756
0.61932
0.5174
0.47145
0.43192
0.38568
0.3299
0.29154
0.25487
0.17888
0.1713
0.18184
0.18097
0.38224
0.40367
0.32478
0.32383
0.37385
0.38356
0.29083
0.21903
0.17565
0.14715
0.17051
0.22674
0.26407
0.28811
0.32687
0.40098
0.48492
0.44769
0.36587
0.29106
0.88021
0.89825
0.81903
0.94433
0.95018
0.94373
0.94156
0.93702
0.77127
0.94682
0.98319
0.98369
0.67605
0.72964
0.93758
0.96258
0.9605
0.94494
0.95896
0.97679
0.93912
0.91454
0.90704
0.91567
0.92757
0.93858
0.94169
0.9239
0.91162
0.90479
0.88069
0.87809
0.88473
0.83657
0.7957
0.79347
0.76651
0.76026
0.74791
0.50345
0.41262
0.37076
0.37442
0.53418
0.75424
0.84941
0.85776
0.92314
0.83433
0.98042
0.97613
0.97358
0.9817
0.97883
0.98666
0.98364
0.992
0.72837
0.59478
0.49185
0.59172
0.72204
0.58462
0.62702
0.66754
0.91923
0.81326
0.78203
0.7064
0.56524
0.39245
0.41004
0.31476
0.38035
0.39356
0.44624
0.51701
0.74996
0.76929
0.74543
0.53374
0.36503
0.39009
0.56811
0.7748
0.8971
0.75123
0.58488
0.68951
0.74888
0.79425
0.76265
0.7746
0.55979
0.59438
0.94957
0.95798
0.9446
0.9232
0.9048
0.89502
0.89117
0.8868
0.8844
0.88579
0.88424
0.8781
0.87908
0.85504
0.89594
0.90464
0.90156
0.90031
0.89965
0.90566
0.90984
0.91175
0.90783
0.89965
0.90189
0.89908
0.88829
0.84494
0.84626
0.83194
0.77807
0.58355
0.47517
0.35383
0.30932
0.31068
0.3192
0.77832
0.83479
0.85326
0.85899
0.86209
0.8672
0.87134
0.87191
0.87688
0.88183
0.88711
0.89504
0.90463
0.9081
0.91066
0.91246
0.91175
0.90408
0.8937
0.87997
0.86056
0.84898
0.8385
0.82231
0.80126
0.76574
0.71288
0.5396
0.45742
0.38526
0.35514
0.33105
0.30759
0.29334
0.22536
0.26278
0.35048
0.54943
0.84451
0.89437
0.89039
0.83857
0.70733
0.68368
0.52687
0.44699
0.38783
0.37533
0.35457
0.36562
0.47637
0.52164
0.46221
0.4172
0.46094
0.48186
0.49326
0.63156
0.82653
0.84637
0.84949
0.85536
0.85288
0.82431
0.82702
0.63949
0.51953
0.45314
0.46157
0.47198
0.44953
0.46426
0.50674
0.49552
0.51282
0.46914
0.4066
0.41402
0.45588
0.44304
0.40986
0.72996
0.82643
0.83978
0.57263
0.43125
0.36316
0.37629
0.37484
0.81994
0.83585
0.85118
0.84922
0.84917
0.57017
0.42539
0.36444
0.35268
0.32276
0.3255
0.36673
0.36493
0.36537
0.35469
0.42681
0.45893
0.67607
0.74957
0.76114
0.77774
0.73487
0.70916
0.76862
0.82385
0.77877
0.78078
0.76588
0.51459
0.43759
0.42361
0.3685
0.34755
0.36775
0.53637
0.47051
0.413
0.37365
0.35777
0.38583
0.37662
0.35884
0.79926
0.81666
0.82246
0.82468
0.82116
0.81406
0.80961
0.79451
0.77416
0.62637
0.45574
0.4061
0.43656
0.33052
0.39577
0.3734
0.34014
0.23875
0.25147
0.34692
0.32664
0.32479
0.33303
0.34555
0.37591
0.3581
0.39682
0.83812
0.93212
0.57608
0.63919
0.57181
0.40365
0.38358
0.58361
0.38659
0.33724
0.31319
0.30929
0.29568
0.29282
0.27801
0.28674
0.30353
0.30552
0.33861
0.29924
0.31518
0.41061
0.47311
0.46771
0.55854
0.55869
0.79681
0.86476
0.85852
0.85606
0.85453
0.61284
0.53761
0.44639
0.42622
0.41423
0.37251
0.34341
0.31609
0.30059
0.29943
0.29906
0.33055
0.59922
0.63212
0.57898
0.49482
0.40405
0.3632
0.36021
0.37674
0.38106
0.38085
0.41133
0.4065
0.40688
0.38086
0.38911
0.40686
0.42025
0.42232
0.40321
0.37489
0.37132
0.36201
0.36395
0.37311
0.42384
0.37226
0.29623
0.25049
0.30178
0.33105
0.32199
0.3192
0.31543
0.3359
0.34698
0.36024
0.4224
0.7743
0.87962
0.89218
0.88321
0.84454
0.72525
0.60833
0.58781
0.56595
0.51658
0.61534
0.89762
0.90804
0.88999
0.87875
0.88303
0.88672
0.88043
0.87755
0.87936
0.872
0.85899
0.8525
0.85265
0.8525
0.84026
0.67851
0.48897
0.4158
0.37618
0.36404
0.35927
0.39268
0.90893
0.922
0.9222
0.91626
0.9211
0.92543
0.92856
0.91583
0.9064
0.88964
0.85519
0.80983
0.77087
0.71508
0.58256
0.45689
0.42917
0.3257
0.20349
0.12944
0.094033
0.074242
0.087284
0.1119
0.1029
0.15009
0.29551
0.59308
0.66209
0.60291
0.54199
0.51047
0.49779
0.52426
0.61423
0.8265
0.82901
0.81329
0.83407
0.85514
0.85648
0.85233
0.83995
0.83686
0.83469
0.79039
0.63494
0.55456
0.5612
0.53014
0.50261
0.45367
0.41094
0.42754
0.39349
0.40375
0.39245
0.70153
0.39639
0.40224
0.46074
0.84172
0.88897
0.91409
0.89549
0.88382
0.87443
0.86809
0.85633
0.84942
0.82746
0.83485
0.83498
0.82792
0.82798
0.82473
0.82721
0.8338
0.84373
0.85238
0.85243
0.85648
0.85204
0.84861
0.84338
0.84094
0.85579
0.79689
0.69133
0.66851
0.60662
0.57063
0.49501
0.4966
0.67231
0.65655
0.59377
0.54343
0.5772
0.6324
0.64434
0.68165
0.68741
0.63592
0.58117
0.57874
0.58657
0.47404
0.4241
0.40508
0.40418
0.37208
0.30811
0.3644
0.61229
0.84567
0.66316
0.34847
0.43903
0.86083
0.85516
0.84681
0.84013
0.72975
0.55378
0.50327
0.47305
0.45792
0.63943
0.75417
0.62149
0.71805
0.71782
0.57904
0.52215
0.51535
0.82278
0.68669
0.81037
0.60532
0.5504
0.55587
0.63591
0.87367
0.88349
0.90057
0.8997
0.85952
0.86295
0.85899
0.8655
0.84334
0.73988
0.62459
0.3799
0.20015
0.11448
0.092989
0.11769
0.17731
0.17474
0.17216
0.18729
0.2635
0.43093
0.40397
0.69561
0.74175
0.5903
0.45186
0.44044
0.41286
0.43934
0.4425
0.4888
0.48992
0.44381
0.41261
0.38166
0.31838
0.32706
0.35142
0.38217
0.39992
0.3865
0.36177
0.37004
0.36547
0.36265
0.36683
0.38231
0.41413
0.44703
0.52315
0.489
0.4872
0.58489
0.66879
0.65927
0.7229
0.76848
0.78398
0.71098
0.58876
0.52068
0.48545
0.60105
0.70585
0.72164
0.74996
0.64228
0.54296
0.50518
0.45018
0.38051
0.42273
0.42477
0.41652
0.35255
0.26232
0.23697
0.24537
0.27809
0.33449
0.34741
0.33241
0.29467
0.33495
0.332
0.69925
0.87286
0.98239
0.98956
0.98474
0.97953
0.97484
0.97169
0.97303
0.97451
0.97929
0.97051
0.85287
0.56482
0.45439
0.55361
0.93912
0.96398
0.99952
0.68792
0.68153
0.45907
0.43229
0.41232
0.44603
0.46878
0.43476
0.72804
0.45558
0.49131
0.4911
0.48383
0.48583
0.54444
0.65567
0.92308
0.92088
0.91875
0.92361
0.92184
0.79641
0.62177
0.66764
0.73493
0.5394
0.47899
0.4729
0.44285
0.38509
0.36195
0.36042
0.42144
0.8408
0.83141
0.38265
0.37152
0.36147
0.3853
0.60761
0.67556
0.61762
0.6102
0.83313
0.93207
0.94122
0.92134
0.91335
0.90947
0.91221
0.92244
0.91966
0.91363
0.9064
0.87584
0.88499
0.89743
0.89948
0.88004
0.90123
0.90953
0.77069
0.66252
0.95515
0.71237
0.82522
0.75144
0.58797
0.61089
0.60382
0.61139
0.65749
0.66504
0.61758
0.58814
0.68996
0.83875
0.90501
0.91569
0.94147
0.95361
0.99807
0.97871
0.98885
0.97509
0.9537
0.87017
0.75508
0.74338
0.81799
0.58771
0.50566
0.46501
0.44142
0.51908
0.51174
0.57229
0.68473
0.52773
0.50224
0.50026
0.4805
0.59911
0.9138
0.92978
0.97246
0.78637
0.5459
0.40967
0.40726
0.4566
0.47704
0.63137
0.5801
0.38429
0.37974
0.39777
0.41878
0.40855
0.44208
0.43761
0.46
0.39055
0.3758
0.37854
0.41456
0.48016
0.46163
0.51813
0.37359
0.34061
0.34498
0.38185
0.39666
0.47766
0.51069
0.5264
0.48834
0.38091
0.41817
0.4356
0.45507
0.52947
0.60031
0.82765
0.90553
0.891
0.50852
0.55937
0.57676
0.63404
0.70135
0.96468
0.82135
0.81388
0.62528
0.73573
0.6647
0.61959
0.55983
0.66506
0.96475
0.78561
0.54429
0.46971
0.58553
0.6071
0.68592
0.77264
0.88553
0.69297
0.53469
0.52204
0.48147
0.88464
0.9668
0.93268
0.93702
0.69955
0.84679
0.80812
0.68809
0.61289
0.58623
0.58557
0.60646
0.7403
0.85383
0.93913
0.66666
0.54679
0.50148
0.49781
0.61067
0.651
0.63415
0.63139
0.63472
0.72223
0.68085
0.59937
0.65158
0.63445
0.73781
0.7491
0.77613
0.74168
0.89953
0.98401
0.97408
0.97573
0.96371
0.87665
0.86719
0.71339
0.77444
0.86678
0.88737
0.942
0.95373
0.96414
0.94639
0.93813
0.92551
0.93761
0.9398
0.92931
0.90308
0.78386
0.5415
0.5062
0.4925
0.41397
0.35694
0.38432
0.60508
0.80924
0.80559
0.80346
0.76231
0.96684
0.71038
0.95947
0.9603
0.9836
0.95833
0.93631
0.91958
0.93125
0.92492
0.86195
0.55923
0.45889
0.47754
0.62256
0.70341
0.90434
0.94596
0.94175
0.93753
0.93814
0.92891
0.91434
0.91259
0.95205
0.9365
0.94386
0.8359
0.57331
0.5125
0.48927
0.54051
0.84303
0.95566
0.94988
0.95985
0.77466
0.58603
0.7505
0.96773
0.79494
0.94534
0.93008
0.92744
0.91716
0.91304
0.88057
0.86143
0.92488
0.94116
0.84124
0.517
0.45217
0.48009
0.49333
0.42905
0.53164
0.46132
0.35752
0.44067
0.53658
0.59078
0.6356
0.76576
0.902
0.81069
0.8599
1.0005
1.0009
1
0.99721
1.0007
0.99976
0.99935
0.98874
0.95086
0.93453
0.90456
0.8389
0.82877
0.90704
0.95403
0.93545
0.80436
0.72305
0.71406
0.82848
0.96726
0.61382
0.63591
0.59149
0.58635
0.5827
0.59468
0.59586
0.59095
0.58647
0.56044
0.54127
0.58516
0.47618
0.45421
0.47833
0.51315
0.54536
0.58021
0.50496
0.63452
0.66955
0.63414
0.63813
0.64568
0.60141
0.73358
0.71874
0.58091
0.58421
0.39044
0.41108
0.53501
0.56731
0.53902
0.43759
0.42334
0.3967
0.88476
0.92923
0.89019
0.97568
0.87449
0.90091
0.8556
0.89301
0.73088
0.6816
0.56284
0.67073
0.4415
0.4019
0.43676
0.44613
0.52075
0.40879
0.55781
0.74757
0.86687
0.83754
0.84469
0.50498
0.40583
0.45048
0.51808
0.69335
0.99876
0.99798
0.96275
0.95864
0.96985
0.78457
0.66466
0.66712
0.79602
0.92546
0.91971
0.67141
0.61813
0.61015
0.61648
0.60637
0.64549
0.62108
0.6278
0.63455
0.75401
0.70347
0.53447
0.57319
0.82252
0.72177
0.66059
0.35436
0.3961
0.46687
0.52997
0.50787
0.40299
0.26685
0.23192
0.24083
0.28437
0.33914
0.31823
0.26504
0.33481
0.32543
0.29375
0.25323
0.28363
0.28503
0.24204
0.32834
0.49681
0.49772
0.48345
0.44763
0.44041
0.43234
0.43926
0.39036
0.4594
0.60079
0.58274
0.57912
0.57878
0.50455
0.40948
0.32297
0.20861
0.20324
0.25936
0.34348
0.36577
0.36449
0.35834
0.44716
0.4897
0.51232
0.49502
0.53257
0.5134
0.42201
0.37326
0.36611
0.49577
0.67076
0.67925
0.66923
0.58752
0.56779
0.51235
0.48736
0.48397
0.49768
0.65956
0.86645
0.88078
0.68542
0.65924
0.64677
0.72485
0.83519
0.74649
0.56712
0.59058
0.52669
0.52334
0.5565
0.5765
0.82866
0.53924
0.45794
0.45905
0.44671
0.41924
0.42299
0.42193
0.43715
0.44414
0.46238
0.44576
0.42606
0.37653
0.38319
0.40823
0.4163
0.44143
0.44835
0.45344
0.42276
0.34769
0.40035
0.4069
0.43198
0.44239
0.43709
0.43913
0.44711
0.4352
0.40133
0.41772
0.45599
0.58057
0.62605
0.47412
0.48729
0.4721
0.4422
0.44525
0.63844
0.43619
0.43136
0.42261
0.42344
0.39617
0.36142
0.45676
0.56933
0.50395
0.4643
0.47342
0.41632
0.40154
0.39104
0.40292
0.49321
0.41803
0.37456
0.37257
0.36165
0.36113
0.28308
0.38305
0.49199
0.47358
0.48295
0.44501
0.43096
0.38228
0.41441
0.56059
0.68585
0.75614
0.74377
0.70984
0.64094
0.51477
0.47034
0.53654
0.61068
0.527
0.49276
0.49439
0.48429
0.4757
0.47199
0.5611
0.68277
0.68096
0.68722
0.68272
0.62624
0.55733
0.53391
0.58512
0.62952
0.61064
0.56216
0.5479
0.51623
0.46463
0.42545
0.48632
0.49196
0.50835
0.43086
0.38332
0.39049
0.35638
0.36758
0.34623
0.39458
0.43265
0.43828
0.43275
0.46226
0.64602
0.70837
0.85325
0.91736
0.95372
0.96375
0.99984
1.0008
0.83368
0.65652
0.58065
0.54684
0.52152
0.57547
0.55575
0.50861
0.46697
0.4634
0.4961
0.55811
0.57992
0.49825
0.50174
0.49469
0.50089
0.51278
0.54317
0.55321
0.53231
0.48042
0.50699
0.49187
0.49594
0.48677
0.45856
0.47028
0.49234
0.50972
0.52448
0.48907
0.44243
0.40898
0.38814
0.3391
0.35717
0.37588
0.39829
0.3959
0.3748
0.4366
0.46317
0.46335
0.4409
0.44072
0.4399
0.40932
0.41059
0.36428
0.36122
0.38249
0.38258
0.46031
0.44365
0.40393
0.37333
0.33274
0.34112
0.39755
0.48188
0.45014
0.44398
0.44069
0.44441
0.42477
0.3271
0.32018
0.52113
0.47131
0.44867
0.42489
0.41397
0.42316
0.40349
0.42674
0.44566
0.57265
0.59992
0.52771
0.55509
0.59568
0.68142
0.73718
0.80019
0.82698
0.78331
0.71062
0.69354
0.67417
0.73328
0.71742
0.65939
0.69192
0.73806
0.60574
0.52671
0.49847
0.61544
0.65541
0.57304
0.57525
0.56473
0.56009
0.51085
0.48651
0.47893
0.53445
0.57902
0.5484
0.52401
0.4878
0.44735
0.42394
0.45771
0.46558
0.46089
0.47831
0.51076
0.5343
0.53869
0.52917
0.5593
0.66596
0.87817
0.90151
0.84425
0.74717
0.67027
0.75424
0.88415
0.89593
0.89106
0.81197
0.67157
0.57508
0.53565
0.5178
0.51547
0.5029
0.45517
0.45223
0.45604
0.54915
0.50467
0.50369
0.66635
0.84046
0.83386
0.86269
0.71112
0.68235
0.64906
0.62845
0.6238
0.57936
0.5581
0.51812
0.47969
0.45613
0.44931
0.44553
0.4508
0.46007
0.43112
0.4123
0.41485
0.44117
0.59637
0.6758
0.89688
0.9735
0.97648
0.9886
0.99019
0.99734
0.99687
0.99449
0.99888
0.99705
0.96897
0.79485
0.70092
0.62246
0.59134
0.56895
0.59878
0.61499
0.63178
0.67682
0.64245
0.60163
0.56387
0.55554
0.63277
0.65581
0.63899
0.65102
0.78097
0.76041
0.68541
0.60797
0.71883
0.90572
0.91723
0.94786
0.93958
0.83558
0.73152
0.56587
0.58091
0.79904
0.80291
0.73135
0.71146
0.58375
0.85958
0.96936
0.98367
0.99783
0.99924
0.99774
0.92346
0.76222
0.68149
0.64081
0.59304
0.67602
0.65659
0.5863
0.54841
0.49802
0.45771
0.46926
0.45191
0.38704
0.32493
0.24826
0.29492
0.37365
0.36022
0.36313
0.36111
0.38346
0.50473
0.52906
0.61331
0.68222
0.74133
0.64087
0.77498
0.84645
0.89679
0.90596
0.86937
0.74865
0.7374
0.88118
0.87538
0.91188
0.94893
0.99349
0.93641
0.97163
0.84706
0.91083
0.89182
0.92871
0.8434
0.72346
0.7009
0.64564
0.59606
0.54781
0.76248
0.8196
0.80549
0.83765
0.81133
0.73768
0.6849
0.64589
0.69607
0.73181
0.68969
0.65852
0.81027
0.87329
0.93826
0.92794
0.94779
0.96813
0.9734
0.97148
0.95451
0.90221
0.84272
0.74752
0.71661
0.73131
0.72596
0.66528
0.62751
0.60721
0.70179
0.71474
0.81645
0.93464
0.94335
0.94504
0.94157
0.95465
0.95778
0.95151
0.94011
0.94666
0.95503
0.96714
0.94873
0.93929
0.94488
0.9855
0.99763
0.99981
0.97972
0.88782
0.87936
0.93182
0.9491
0.95446
0.96886
0.96727
0.9699
0.97285
0.97309
0.97375
0.9731
0.96756
0.96745
0.96651
0.96491
0.96767
0.96627
0.97927
0.95485
0.93977
0.93911
0.95676
0.95499
0.98117
1.0009
0.99783
0.99771
0.99888
1.0001
0.99775
1.0009
0.99767
1.0006
0.94816
0.87522
0.87087
0.93669
0.851
0.60748
0.6046
0.55798
0.48782
0.42965
0.41604
0.39893
0.33048
0.31895
0.33822
0.50873
0.63889
0.68758
0.79357
0.78824
0.71568
0.84327
0.8343
0.82203
0.74325
0.68756
0.81762
0.87235
0.82729
0.82577
0.83958
0.84841
0.84199
0.75722
0.72259
0.973
0.99922
0.99911
0.99833
0.99081
0.94625
0.86661
0.78547
0.83021
0.96157
0.99289
0.98595
0.96746
0.94891
0.96325
0.95259
0.91114
0.86551
0.70583
0.84101
0.88495
0.80899
0.74558
0.90327
1.0005
1.0001
0.8682
0.90625
0.9402
0.84652
0.82675
0.96735
0.99854
0.79418
0.66984
0.6897
0.63841
0.64667
0.63807
0.57669
0.78956
0.58729
0.66841
0.65813
0.74313
0.73043
0.65846
0.77634
0.85962
0.88843
0.76834
0.6488
0.71993
0.65342
0.71578
0.68181
0.69418
0.66371
0.70732
0.68612
0.75718
0.74178
0.73422
0.81247
0.84792
0.87914
0.82245
0.83551
0.8332
0.80294
0.92146
0.94134
0.9537
0.95392
0.92227
0.7203
0.65156
0.62597
0.55888
0.50577
0.46275
0.44766
0.44554
0.42498
0.35963
0.36672
0.3818
0.52243
0.59664
0.64182
0.77187
0.90421
0.78298
0.77796
0.78351
0.75651
0.70414
0.70458
0.75643
0.80285
0.82725
0.84592
0.9045
0.87039
0.85992
0.82478
0.78613
0.77449
0.75355
0.76227
0.76845
0.80369
0.94037
0.85068
0.65958
0.58318
0.5253
0.54155
0.51442
0.5074
0.61783
0.5642
0.53907
0.57128
0.58761
0.57489
0.61407
0.78478
0.90775
0.84966
0.6413
0.61858
0.55733
0.61599
0.63681
0.63778
0.59311
0.50782
0.45209
0.62119
0.62494
0.62135
0.60885
0.63187
0.70283
0.50971
0.46702
0.44453
0.42897
0.42121
0.43088
0.43155
0.43109
0.54881
0.6138
0.6701
0.57831
0.60721
0.58127
0.51415
0.53972
0.57304
0.45547
0.45256
0.6342
0.75639
0.72738
0.90615
0.88518
0.98262
0.99232
0.98692
0.91964
0.93495
0.96619
0.99087
0.98761
0.98619
0.91596
0.75654
0.66487
0.64287
0.63915
0.60273
0.59313
0.63998
0.63642
0.61659
0.63011
0.73697
0.80468
0.87546
0.90031
0.96643
0.96293
0.98939
0.99564
1
0.98606
0.96809
0.90612
0.92203
0.8712
0.8049
0.79213
0.84025
0.85653
0.88675
0.89799
0.81019
0.97517
0.5308
0.4478
0.39892
0.5275
0.48735
0.35217
0.41903
0.41152
0.38688
0.36463
0.41101
0.51895
0.96629
0.99911
0.99797
0.99867
0.9997
0.9993
0.99951
0.99843
1.0001
0.99754
0.99
0.97903
0.96035
0.90876
0.98081
0.99992
0.9996
0.99922
0.9994
0.9998
0.98455
0.87005
0.77101
0.72971
0.69826
0.80366
0.97044
0.71135
0.52099
0.55577
0.53673
0.49377
0.47329
0.42544
0.40021
0.41254
0.45712
0.42097
0.46866
0.66076
0.86465
0.91015
0.88623
0.97048
0.98242
0.9988
0.99928
0.9975
0.99473
0.99166
0.98137
0.98042
0.97987
0.9733
0.96676
0.98074
0.91786
0.8358
0.65557
0.58528
0.48719
0.49337
0.64418
0.63517
0.55767
0.39811
0.33535
0.31161
0.42062
0.85433
0.86187
0.97202
0.9726
0.97605
0.99983
0.99979
0.99808
0.99727
1.0002
0.99829
0.99714
1.0003
0.99629
0.9984
0.99757
1.0003
0.99946
0.99764
1.0004
0.99379
0.99386
0.98438
0.96205
0.95175
0.88792
0.78346
0.79883
0.69674
0.54575
0.37534
0.31072
0.27679
0.29096
0.29344
0.32962
0.25824
0.29071
0.55896
0.80364
0.79378
0.8345
0.90174
0.93255
0.89468
0.89761
0.91483
0.91107
0.92975
0.93343
0.87602
0.82325
0.86173
0.85104
0.62174
0.54603
0.64757
0.66181
0.81558
0.81738
0.72998
0.6135
0.46916
0.44668
0.45108
0.47658
0.54779
0.47251
0.43809
0.43221
0.41177
0.37826
0.32636
0.31648
0.31813
0.56284
0.85142
0.87254
0.87491
0.94684
0.94715
0.91877
0.899
0.93151
0.91805
0.8794
0.89534
0.92344
0.9243
0.90702
0.90225
0.88835
0.96097
0.87333
0.67577
0.618
0.56963
0.57028
0.66306
0.75725
0.74156
0.72397
0.67236
0.95549
0.83604
0.70584
0.63877
0.83213
0.73335
0.80249
0.96961
0.9759
0.99785
0.9988
0.96487
0.81795
0.9698
0.96935
0.96916
0.63675
0.48228
0.88584
0.54068
0.65474
0.81435
0.77051
0.93156
0.95622
0.95521
0.94436
0.9449
0.93671
0.92849
0.91879
0.91275
0.90546
0.9184
0.9081
0.85131
0.90698
0.79813
0.77053
0.85547
0.71573
0.57706
0.54048
0.58311
0.67184
0.67199
0.69028
0.64664
0.55978
0.60539
0.69393
0.80174
0.78219
0.76434
0.62217
0.55965
0.5492
0.53095
0.48707
0.46428
0.50231
0.45353
0.38416
0.37005
0.37459
0.40494
0.40579
0.40113
0.39994
0.68489
0.86264
0.84585
0.86064
0.75475
0.42161
0.38995
0.36654
0.38901
0.51329
0.70718
0.66326
0.57586
0.9924
0.99909
0.98353
0.98125
0.97612
0.96611
0.96697
0.96396
0.93095
0.93428
0.92597
0.90218
0.84413
0.82699
0.90826
0.91977
0.8881
0.93209
0.77759
0.92937
0.94104
0.95014
0.95373
0.95558
0.95784
0.9628
0.96018
0.96284
0.96158
0.95766
0.92476
0.91266
0.93378
0.92839
0.87529
0.6674
0.53422
0.44524
0.44201
0.39886
0.40629
0.43353
0.38503
0.48041
0.62536
0.93963
0.97055
0.97775
0.98511
0.75273
0.62069
0.52064
0.3962
0.39222
0.38427
0.4064
0.44893
0.53668
0.66431
0.73262
0.93026
0.86946
0.64753
0.57292
0.54423
0.55995
0.596
0.62205
0.76837
0.84537
0.5598
0.4844
0.47215
0.48344
0.44973
0.47359
0.49158
0.49041
0.47047
0.45457
0.45737
0.4896
0.49478
0.45606
0.42466
0.41954
0.40827
0.4259
0.44329
0.51252
0.50087
0.4857
0.4826
0.46352
0.474
0.47893
0.47845
0.49506
0.46245
0.44189
0.44473
0.45536
0.43472
0.45226
0.44238
0.42397
0.39169
0.36471
0.35128
0.33556
0.31862
0.32926
0.35568
0.37322
0.38826
0.46653
0.43365
0.39139
0.39667
0.41147
0.4374
0.43939
0.41575
0.77114
0.94572
0.96624
0.97105
0.95234
0.95639
0.96021
0.96003
0.96355
0.95845
0.9614
0.95252
0.93921
0.93433
0.91186
0.91314
0.92348
0.93028
0.91844
0.9044
0.79176
0.7551
0.73281
0.65927
0.55377
0.50515
0.51973
0.57412
0.57161
0.71215
0.7104
0.9003
0.61477
0.47165
0.51433
0.56228
0.56663
0.57978
0.54191
0.48179
0.43355
0.38893
0.37608
0.37481
0.36735
0.32872
0.39523
0.3995
0.4343
0.44041
0.51096
0.47108
0.43658
0.39227
0.41223
0.3835
0.35998
0.376
0.36082
0.4032
0.47678
0.5146
0.65372
0.92263
0.93469
0.93701
0.94416
0.93695
0.93518
0.93456
0.93438
0.93012
0.92469
0.85425
0.66781
0.53816
0.47793
0.4429
0.42866
0.47875
0.46191
0.42448
0.37216
0.32915
0.30755
0.2839
0.28734
0.32809
0.73911
0.94838
0.95891
0.96438
0.96888
0.96806
0.96703
0.95715
0.94987
0.92285
0.91403
0.87513
0.60728
0.51613
0.53196
0.50148
0.44419
0.38793
0.34679
0.31372
0.29472
0.28327
0.28534
0.27266
0.27282
0.28173
0.29709
0.3085
0.32679
0.34374
0.37827
0.38825
0.39622
0.44505
0.48923
0.66899
0.94772
0.96245
0.94925
0.79014
0.92388
0.43386
0.39004
0.39736
0.40449
0.44886
0.50915
0.66483
0.93697
0.95042
0.9615
0.95719
0.95253
0.94539
0.91718
0.91013
0.84159
0.60436
0.47868
0.45483
0.42353
0.41618
0.44053
0.45163
0.44194
0.41452
0.3298
0.29139
0.23418
0.2283
0.23864
0.27503
0.29635
0.29866
0.46716
0.48018
0.95494
0.9532
0.95756
0.95938
0.96418
0.97494
0.97483
0.97573
0.97896
0.9822
0.981
0.98124
0.97486
0.96329
0.96559
0.96739
0.96617
0.96709
0.95796
0.91511
0.90066
0.90355
0.90954
0.90719
0.9076
0.91118
0.91266
0.92088
0.90637
0.88237
0.87906
0.88935
0.89498
0.89664
0.89859
0.90292
0.90811
0.91359
0.87488
0.83427
0.79175
0.76281
0.89162
0.9269
0.93828
0.77263
0.66202
0.56993
0.53402
0.85857
0.79345
0.80237
0.6117
0.52989
0.44103
0.48908
0.44656
0.44144
0.44664
0.44741
0.45065
0.37759
0.54321
0.55756
0.45198
0.39229
0.36307
0.86959
0.8596
0.95561
0.95977
0.94983
0.94313
0.91561
0.92204
0.91344
0.91129
0.90521
0.90444
0.90492
0.91464
0.9158
0.89124
0.8376
0.77223
0.82591
0.71466
0.62967
0.62074
0.63058
0.58975
0.40501
0.3992
0.40908
0.40915
0.39089
0.38612
0.36466
0.36108
0.32073
0.32049
0.33719
0.3765
0.45842
0.41785
0.3852
0.38625
0.38877
0.36435
0.37217
0.36868
0.36968
0.37105
0.38269
0.38757
0.3693
0.34724
0.33706
0.34373
0.34746
0.34702
0.34808
0.35053
0.3554
0.37653
0.39873
0.41656
0.43561
0.44946
0.47872
0.5246
0.53887
0.53295
0.52082
0.47105
0.45188
0.44223
0.42325
0.40918
0.38527
0.37057
0.35772
0.36102
0.37637
0.37247
0.37735
0.3743
0.36723
0.36753
0.37433
0.37823
0.39604
0.44506
0.49318
0.484
0.66041
0.7506
0.90027
0.91265
0.92364
0.91797
0.90736
0.89298
0.85796
0.84259
0.83555
0.78693
0.66066
0.56302
0.71434
0.80816
0.81636
0.82241
0.72909
0.48581
0.43166
0.42721
0.30487
0.25256
0.25357
0.26268
0.27949
0.29127
0.28776
0.28859
0.34299
0.40011
0.3916
0.4123
0.43169
0.44941
0.48715
0.58206
0.65704
0.69814
0.65798
0.88405
0.81782
0.60094
0.56654
0.58059
0.6122
0.62618
0.58141
0.54286
0.49938
0.43902
0.41296
0.47233
0.46585
0.4365
0.42447
0.44043
0.47354
0.61542
0.65552
0.54898
0.4519
0.48256
0.40653
0.37012
0.38881
0.35501
0.35103
0.34939
0.35552
0.36049
0.34866
0.3506
0.35569
0.35949
0.35299
0.34762
0.34517
0.32257
0.31942
0.30528
0.27613
0.23882
0.2198
0.21679
0.21615
0.22399
0.25659
0.30211
0.33531
0.36452
0.36139
0.32659
0.36491
0.42268
0.47425
0.89494
0.75073
0.84657
0.61273
0.4773
0.84598
0.84623
0.37716
0.33336
0.30335
0.28836
0.27824
0.29471
0.37135
0.34303
0.44152
0.73288
0.78602
0.67421
0.56037
0.48866
0.48034
0.36701
0.37942
0.34326
0.3805
0.38334
0.3661
0.4059
0.3891
0.36239
0.37898
0.4607
0.48655
0.45803
0.39313
0.36513
0.32408
0.33506
0.33256
0.33134
0.33761
0.32675
0.36577
0.38174
0.35891
0.34926
0.34566
0.39636
0.41336
0.39876
0.38866
0.38063
0.38696
0.37798
0.35514
0.393
0.47786
0.41681
0.37508
0.41357
0.36931
0.36931
0.36633
0.37705
0.36169
0.44332
0.42934
0.33538
0.36723
0.34334
0.38359
0.37211
0.38629
0.32323
0.3281
0.30522
0.30901
0.30463
0.35855
0.37669
0.40287
0.38195
0.37869
0.37382
0.37282
0.36937
0.36772
0.36315
0.36316
0.38371
0.38617
0.39408
0.37781
0.37801
0.37859
0.34847
0.32136
0.30211
0.29876
0.28782
0.2804
0.27282
0.29771
0.29162
0.27772
0.29175
0.31754
0.30613
0.31574
0.30871
0.28766
0.28221
0.27281
0.2681
0.26148
0.26004
0.22946
0.20091
0.17168
0.14348
0.12271
0.11798
0.10894
0.099195
0.1049
0.10152
0.11642
0.15114
0.17892
0.1942
0.22878
0.2292
0.23159
0.2526
0.3619
0.43167
0.51005
0.59575
0.66779
0.50923
0.40658
0.36881
0.34802
0.33803
0.31707
0.34384
0.36096
0.37425
0.41157
0.4487
0.47276
0.47459
