0.83039
0.77474
0.67837
0.58448
0.76065
0.72643
0.53527
0.70989
0.53301
0.42584
0.34919
0.31501
0.31895
0.37849
0.51701
0.56662
0.6053
0.64261
0.62032
0.57503
0.54484
0.45725
0.31569
0.31601
0.31744
0.31683
0.35271
0.42798
0.46782
0.44852
0.46776
0.45801
0.52958
0.58257
0.56239
0.38657
0.35258
0.37351
0.38179
0.2999
0.27629
0.4543
0.19361
0.19116
0.18682
0.18493
0.15274
0.1713
0.27933
0.50154
0.87449
0.8722
0.86508
0.84459
0.79067
0.72941
0.45841
0.33255
0.34409
0.292
0.24987
0.2283
0.21581
0.21598
0.21526
0.21435
0.20304
0.19418
0.23771
0.23514
0.23214
0.19135
0.22897
0.46819
0.59699
0.48561
0.60139
0.68502
0.58067
0.48339
0.47035
0.53239
0.40365
0.32605
0.48709
0.85794
0.87463
0.81741
0.55102
0.46594
0.53428
0.56225
0.81047
0.85612
0.86305
0.85699
0.84641
0.83389
0.84837
0.84733
0.83576
0.83571
0.822
0.78557
0.69477
0.62537
0.56842
0.49102
0.30855
0.27673
0.25784
0.23372
0.20475
0.18829
0.1859
0.21952
0.23543
0.22454
0.2274
0.20689
0.18202
0.15137
0.15337
0.17754
0.22079
0.26263
0.29616
0.45564
0.59692
0.75071
0.73776
0.71153
0.54436
0.37992
0.34255
0.27126
0.23278
0.22345
0.22007
0.21345
0.24688
0.26421
0.26757
0.30744
0.26756
0.23328
0.19501
0.19046
0.18089
0.22984
0.23805
0.26293
0.24587
0.30946
0.24266
0.30693
0.18124
0.16849
0.21275
0.27856
0.31337
0.30354
0.29066
0.2677
0.27027
0.26252
0.25478
0.24403
0.23939
0.25286
0.26591
0.27218
0.30007
0.31233
0.33173
0.33615
0.32455
0.32038
0.30072
0.31434
0.34412
0.414
0.39058
0.36259
0.35731
0.34688
0.32704
0.30209
0.28293
0.26954
0.24573
0.24119
0.25325
0.26172
0.27432
0.28124
0.27496
0.25486
0.31459
0.40742
0.42893
0.46518
0.47624
0.59918
0.43827
0.35964
0.28394
0.2751
0.27205
0.23152
0.21241
0.2779
0.2766
0.26227
0.27198
0.29948
0.32039
0.60555
0.83181
0.84994
0.82039
0.81351
0.65685
0.63572
0.61727
0.52125
0.40774
0.34986
0.30646
0.27975
0.2606
0.25071
0.26292
0.27772
0.2853
0.30772
0.34895
0.40676
0.45293
0.81876
0.8162
0.80563
0.81814
0.793
0.75017
0.65411
0.51238
0.4417
0.39513
0.38727
0.3747
0.35442
0.5243
0.53281
0.59911
0.60333
0.5965
0.6006
0.53699
0.65858
0.76225
0.7717
0.77306
0.78847
0.78617
0.78492
0.77342
0.75905
0.74949
0.76519
0.74677
0.7407
0.73936
0.75085
0.75342
0.74639
0.76651
0.55002
0.36313
0.30704
0.28549
0.2499
0.29995
0.34653
0.37297
0.46923
0.65913
0.681
0.74654
0.75569
0.70096
0.7447
0.78312
0.41362
0.31107
0.27228
0.25326
0.23155
0.21383
0.23178
0.54966
0.64267
0.69804
0.48222
0.45774
0.48696
0.45447
0.39878
0.3154
0.29625
0.29186
0.29352
0.28868
0.28915
0.29379
0.28943
0.27611
0.22337
0.20368
0.17361
0.18251
0.17527
0.19556
0.23735
0.26815
0.20433
0.20181
0.18777
0.22665
0.26843
0.27223
0.27813
0.28233
0.27795
0.28653
0.31417
0.28963
0.28289
0.26892
0.27805
0.29732
0.33159
0.51684
0.38534
0.4237
0.51534
0.55648
0.53756
0.42789
0.37964
0.33582
0.32746
0.31945
0.30292
0.31547
0.30911
0.30316
0.28767
0.29372
0.40233
0.60061
0.5844
0.57835
0.62161
0.72467
0.76005
0.78167
0.77142
0.79311
0.82324
0.79499
0.7854
0.7986
0.7091
0.6143
0.44373
0.3564
0.33079
0.331
0.27733
0.27716
0.22815
0.2014
0.22956
0.28064
0.31515
0.45976
0.78194
0.82392
0.82875
0.79326
0.78293
0.76877
0.76043
0.72933
0.73399
0.76297
0.71564
0.52864
0.33437
0.29065
0.31011
0.34818
0.34338
0.34501
0.30876
0.26386
0.2823
0.30581
0.31306
0.33119
0.31253
0.32734
0.66402
0.82591
0.82289
0.81674
0.78395
0.7591
0.63528
0.42491
0.36701
0.28015
0.19014
0.14751
0.11177
0.15539
0.16022
0.15097
0.19225
0.24165
0.34699
0.38361
0.41006
0.41911
0.40641
0.3836
0.4395
0.52568
0.55951
0.60614
0.43739
0.4018
0.3215
0.24058
0.21705
0.30989
0.73649
0.71202
0.81219
0.5126
0.86426
0.85664
0.84177
0.81854
0.79381
0.79919
0.78626
0.76752
0.75346
0.78777
0.79033
0.76089
0.7255
0.44136
0.50887
0.66906
0.67614
0.56828
0.56286
0.54995
0.51804
0.46677
0.417
0.43888
0.41842
0.41443
0.36909
0.33241
0.31601
0.29419
0.28402
0.29949
0.30014
0.26746
0.26694
0.23466
0.2143
0.20596
0.19936
0.21261
0.41074
0.38825
0.41515
0.39527
0.3822
0.32714
0.33218
0.39613
0.4401
0.36955
0.33281
0.31113
0.3033
0.30926
0.41915
0.41643
0.37576
0.33035
0.35614
0.43022
0.3381
0.30476
0.22819
0.25069
0.27991
0.56234
0.68272
0.64691
0.55277
0.57236
0.51626
0.76266
0.75876
0.76754
0.77344
0.71548
0.57327
0.50541
0.46847
0.45551
0.41345
0.3907
0.37223
0.34861
0.33924
0.31337
0.28681
0.25887
0.20293
0.18055
0.19498
0.1873
0.16032
0.20809
0.25176
0.26082
0.32116
0.47424
0.74031
0.67845
0.55759
0.46151
0.39093
0.3794
0.35344
0.36703
0.40147
0.44229
0.50979
0.50844
0.46087
0.35737
0.30401
0.26775
0.26138
0.21989
0.20258
0.33013
0.67734
0.56386
0.35543
0.28641
0.23614
0.21684
0.19688
0.19617
0.12344
0.12941
0.18782
0.86837
0.78905
0.87834
0.80124
0.65401
0.64035
0.63307
0.46072
0.29561
0.27913
0.25146
0.26596
0.23603
0.1888
0.15377
0.13391
0.13637
0.18113
0.13151
0.095798
0.081272
0.07609
0.081431
0.10344
0.21714
0.71289
0.8436
0.80619
0.73536
0.74788
0.88621
0.86037
0.86603
0.86929
0.83419
0.82594
0.81531
0.49235
0.42874
0.38693
0.38243
0.42188
0.43682
0.40364
0.37237
0.35829
0.33267
0.29321
0.29875
0.25003
0.2259
0.17206
0.2068
0.31538
0.36009
0.3497
0.3744
0.59664
0.78935
0.81624
0.82585
0.82018
0.80748
0.77077
0.78003
0.78892
0.77253
0.74177
0.67601
0.68432
0.58219
0.52077
0.5008
0.52071
0.51356
0.44408
0.28836
0.28424
0.28964
0.30849
0.30998
0.31013
0.2995
0.25393
0.22882
0.20609
0.17513
0.18217
0.21937
0.23953
0.22894
0.23682
0.28642
0.31952
0.30182
0.37939
0.42639
0.38775
0.33389
0.282
0.27695
0.25632
0.25782
0.32498
0.38256
0.54887
0.65845
0.62453
0.6543
0.74128
0.77702
0.75036
0.81247
0.80246
0.7967
0.7714
0.68979
0.68876
0.64565
0.64067
0.66649
0.66519
0.57253
0.46037
0.40761
0.70064
0.61563
0.60447
0.75589
0.80879
0.8047
0.78375
0.77372
0.76352
0.78555
0.57998
0.51875
0.51429
0.6344
0.84031
0.8336
0.82726
0.81058
0.49622
0.43868
0.43619
0.39995
0.37865
0.37681
0.36988
0.34578
0.34111
0.35504
0.52689
0.71816
0.80626
0.91082
0.88777
0.85934
0.79569
0.72055
0.68118
0.63178
0.37756
0.23799
0.19942
0.15256
0.11963
0.16509
0.22594
0.23211
0.098167
0.078872
0.13089
0.15838
0.22788
0.31125
0.3141
0.27931
0.22474
0.21393
0.21917
0.28163
0.29285
0.30683
0.32562
0.30885
0.29475
0.2959
0.31763
0.33088
0.4124
0.33659
0.39391
0.6293
0.33673
0.29164
0.28839
0.29325
0.2719
0.62762
0.33798
0.4887
0.36456
0.32681
0.30146
0.29878
0.31602
0.41678
0.6052
0.75824
0.70972
0.66795
0.51732
0.4809
0.45467
0.48359
0.44799
0.40748
0.41964
0.39286
0.31653
0.34019
0.33021
0.42354
0.51552
0.44315
0.72902
0.85881
0.85981
0.71291
0.39961
0.6669
0.85217
0.53959
0.50486
0.44148
0.44441
0.52017
0.51943
0.59948
0.66931
0.64372
0.66215
0.9386
0.917
0.90208
0.90199
0.92423
0.94489
0.94751
0.91684
0.89874
0.75994
0.51585
0.46026
0.44146
0.42102
0.38707
0.35158
0.40629
0.53097
0.55932
0.57006
0.58692
0.45358
0.50262
0.75435
0.79324
0.82939
0.7449
0.90186
0.70888
0.65409
0.65531
0.80083
0.69511
0.78359
0.92144
0.9083
0.63699
0.56461
0.57105
0.59082
0.58086
0.56591
0.66288
0.7981
0.88421
0.82278
0.83063
0.82453
0.85959
0.85366
0.82423
0.83234
0.82995
0.82267
0.93482
0.95269
0.90528
0.71248
0.52904
0.54607
0.58396
0.66834
0.67568
0.76843
0.90806
0.96432
0.9218
0.97772
0.99509
0.97126
0.8128
0.80782
0.8013
0.43954
0.43459
0.4766
0.48866
0.51878
0.583
0.52279
0.54758
0.42341
0.52358
0.60567
0.68043
0.79493
0.78496
0.72998
0.72422
0.70496
0.61969
0.56568
0.86208
0.88973
0.84277
0.83905
0.85457
0.62875
0.44135
0.47318
0.4938
0.53572
0.55695
0.47769
0.38719
0.38426
0.3854
0.41565
0.43851
0.42554
0.46456
0.5698
0.32392
0.26134
0.26235
0.27527
0.2968
0.30315
0.41952
0.67847
0.70173
0.69066
0.79436
0.93978
0.70553
0.68032
0.78706
0.83672
0.82851
0.85887
0.8138
0.8556
0.84306
0.7614
0.853
0.87352
0.84774
0.61532
0.44957
0.46988
0.56344
0.84238
0.95643
0.87469
0.6476
0.46086
0.44417
0.44074
0.4716
0.40254
0.4755
0.49771
0.51288
0.36575
0.35216
0.42123
0.65408
0.79664
0.96181
0.88612
0.85537
0.88308
0.83557
0.64409
0.70543
0.76973
0.67628
0.57632
0.49155
0.36886
0.41822
0.44713
0.50224
0.45122
0.51968
0.44566
0.36395
0.33598
0.34794
0.38138
0.44296
0.39238
0.48461
0.64744
0.64328
0.45414
0.4301
0.43572
0.44901
0.43183
0.43251
0.51308
0.58818
0.40551
0.36843
0.37952
0.41117
0.42923
0.51119
0.55431
0.48065
0.35188
0.35839
0.36866
0.34247
0.36734
0.37923
0.42337
0.43899
0.32783
0.27441
0.37128
0.31248
0.33071
0.41297
0.65966
0.73427
0.76269
0.63792
0.78855
0.80341
0.78847
0.81159
0.81368
0.78942
0.69706
0.70167
0.66728
0.69854
0.63701
0.58001
0.73084
0.73648
0.65408
0.5095
0.60405
0.6076
0.59696
0.6075
0.68851
0.72485
0.7362
0.43783
0.50566
0.58246
0.59021
0.55331
0.67391
0.44475
0.29519
0.26892
0.2771
0.29083
0.27172
0.35275
0.35067
0.36652
0.19782
0.18439
0.22732
0.2667
0.31211
0.38922
0.60251
0.32075
0.23123
0.24601
0.29177
0.35114
0.33652
0.34797
0.35229
0.36185
0.38078
0.3814
0.40821
0.41989
0.48935
0.52487
0.63898
0.68672
0.67783
0.68398
0.63876
0.58275
0.57115
0.55068
0.61788
0.6709
0.67342
0.68871
0.67064
0.61526
0.57833
0.5368
0.59088
0.68539
0.67351
0.66663
0.51543
0.50618
0.41328
0.42855
0.61628
0.60647
0.60043
0.53801
0.5631
0.53264
0.45388
0.5378
0.546
0.51545
0.51271
0.50539
0.43744
0.40722
0.42308
0.44903
0.52682
0.5775
0.58695
0.55789
0.50297
0.49763
0.42667
0.40323
0.42355
0.71136
0.65087
0.59612
0.53302
0.48752
0.47756
0.50614
0.59449
0.60711
0.62419
0.62888
0.62401
0.55806
0.4955
0.4494
0.49351
0.49215
0.37787
0.34138
0.311
0.31509
0.3924
0.43317
0.48703
0.54654
0.56593
0.37896
0.34089
0.35343
0.29951
0.36056
0.54858
0.34019
0.27654
0.29546
0.39054
0.41292
0.39764
0.40668
0.43403
0.4058
0.40423
0.38359
0.36507
0.34499
0.30857
0.34926
0.35488
0.35575
0.32802
0.28851
0.28666
0.30755
0.29701
0.30654
0.32885
0.38229
0.36818
0.38774
0.34999
0.41617
0.41257
0.44117
0.52701
0.5953
0.3842
0.42575
0.56345
0.75633
0.80537
0.8364
0.83611
0.73777
0.8666
0.98433
0.99901
0.97706
0.97015
0.90897
0.73648
0.74794
0.7277
0.7216
0.68149
0.52298
0.76134
0.54795
0.53321
0.48405
0.42838
0.43213
0.44806
0.3886
0.36668
0.35945
0.34364
0.37981
0.37788
0.37127
0.37127
0.38327
0.40057
0.40695
0.37391
0.43523
0.35088
0.32015
0.79229
0.58543
0.41882
0.4016
0.45845
0.51355
0.46764
0.45525
0.38824
0.61769
0.60389
0.51462
0.51971
0.5889
0.72365
0.69075
0.64599
0.62541
0.57333
0.4977
0.52424
0.73744
0.59183
0.37493
0.34248
0.43672
0.39496
0.49355
0.59493
0.67225
0.65344
0.6436
0.62982
0.65585
0.68458
0.76069
0.91192
0.83578
0.65443
0.65005
0.68403
0.66362
0.76877
0.73787
0.64553
0.57331
0.4987
0.4424
0.41061
0.39103
0.39482
0.65295
0.79981
0.8015
0.63781
0.75724
0.76131
0.77109
0.75931
0.91021
0.99759
0.99163
0.87059
0.88109
0.80977
0.64866
0.56368
0.71905
0.83879
0.97467
0.9884
0.93158
0.84841
0.70106
0.82357
0.90837
0.90603
0.87683
0.87493
0.86478
0.80697
0.62947
0.53617
0.61228
0.59693
0.66541
0.626
0.4304
0.44018
0.3887
0.4158
0.38212
0.38418
0.37177
0.38704
0.39575
0.37465
0.37073
0.3465
0.33822
0.33973
0.35684
0.3469
0.33899
0.33526
0.34678
0.34381
0.33856
0.33831
0.3456
0.34124
0.34361
0.34603
0.33613
0.32896
0.35828
0.36305
0.41833
0.58203
0.62417
0.59128
0.56341
0.59442
0.7207
0.66004
0.65344
0.60836
0.55277
0.50026
0.45688
0.48123
0.51063
0.65993
0.75509
0.7024
0.67672
0.65359
0.59517
0.62707
0.79771
0.87187
0.86622
0.80737
0.77662
0.77108
0.73689
0.71937
0.69366
0.76511
0.85795
0.84013
0.84121
0.79301
0.74649
0.65172
0.56827
0.71291
0.83119
0.5462
0.45186
0.46116
0.47853
0.42641
0.41873
0.4435
0.46809
0.46325
0.47881
0.49091
0.47654
0.46032
0.45571
0.55057
0.56119
0.58897
0.56689
0.45117
0.45232
0.41314
0.4303
0.45081
0.57211
0.52373
0.47953
0.43347
0.43694
0.39697
0.41027
0.44704
0.53947
0.56303
0.4072
0.38687
0.37696
0.34372
0.35502
0.30506
0.32603
0.32961
0.43227
0.38644
0.30111
0.2922
0.31588
0.39442
0.34878
0.33202
0.33954
0.34213
0.33344
0.61462
0.70206
0.84284
0.90184
0.88731
0.87197
0.83336
0.72216
0.6506
0.65716
0.71236
0.75154
0.62962
0.2985
0.2793
0.23843
0.16992
0.1754
0.19305
0.31128
0.24811
0.25614
0.31465
0.27454
0.22918
0.22669
0.35818
0.44549
0.4478
0.48148
0.45551
0.43241
0.41589
0.39251
0.47926
0.68586
0.56752
0.4977
0.53987
0.51612
0.45609
0.42322
0.42505
0.46211
0.48856
0.48989
0.43634
0.36948
0.32504
0.28603
0.3482
0.45853
0.38553
0.34547
0.32029
0.59863
0.6694
0.69663
0.65537
0.63995
0.63202
0.62445
0.6176
0.51017
0.45788
0.66268
0.69905
0.72642
0.71071
0.76028
0.80533
0.87092
0.81245
0.72338
0.72175
0.79555
0.69309
0.37429
0.32319
0.28369
0.29151
0.28882
0.28294
0.3828
0.36756
0.31794
0.29178
0.26597
0.26282
0.26044
0.54087
0.59556
0.5446
0.52594
0.44528
0.45162
0.42288
0.35939
0.52086
0.53754
0.58986
0.44632
0.38737
0.39403
0.39732
0.36751
0.38974
0.45395
0.38521
0.36013
0.32493
0.29097
0.27876
0.29814
0.40026
0.54803
0.63716
0.58773
0.57379
0.51874
0.45124
0.46917
0.51527
0.57243
0.57496
0.5256
0.50988
0.45757
0.39842
0.36063
0.3325
0.33431
0.33527
0.34376
0.3946
0.35193
0.31857
0.40425
0.37702
0.49223
0.52936
0.60808
0.55968
0.5159
0.4791
0.55738
0.6727
0.74583
0.76493
0.80228
0.80508
0.77987
0.79617
0.92663
0.83166
0.82842
0.75692
0.6831
0.73765
0.62976
0.48553
0.42125
0.40348
0.38662
0.45338
0.46434
0.52911
0.45292
0.42154
0.40233
0.67276
0.7076
0.6833
0.59812
0.66714
0.62584
0.77859
0.70875
0.80293
0.83636
0.8689
0.87575
0.87641
0.83669
0.78706
0.74121
0.68155
0.63092
0.65142
0.65865
0.75504
0.7798
0.85615
0.90102
0.94364
0.95272
0.94789
0.9586
0.9616
0.93144
0.90491
0.94825
0.9298
0.87538
0.83622
0.61155
0.62967
0.56462
0.4705
0.39872
0.43077
0.37706
0.37343
0.40361
0.42179
0.39119
0.38969
0.36331
0.31431
0.42441
0.62127
0.52143
0.45464
0.41503
0.41847
0.43387
0.58153
0.47575
0.52488
0.4532
0.43801
0.3982
0.44413
0.61775
0.69372
0.72186
0.75691
0.69781
0.70954
0.68114
0.68454
0.77699
0.79365
0.78216
0.79908
0.80578
0.7603
0.71882
0.72803
0.81519
0.88342
0.90708
0.90059
0.88983
0.8156
0.66057
0.58314
0.5206
0.58962
0.7152
0.8345
0.71354
0.66135
0.55802
0.69766
0.79493
0.82683
0.81561
0.76789
0.75914
0.76464
0.77091
0.77304
0.77731
0.73555
0.74074
0.72404
0.66055
0.76993
0.77483
0.73183
0.66725
0.64313
0.59255
0.58627
0.58156
0.61158
0.62391
0.65289
0.58726
0.64076
0.63704
0.60333
0.63637
0.53434
0.63575
0.68317
0.77856
0.9062
0.92075
0.88115
0.82867
0.80513
0.86661
0.90205
0.91936
0.94969
0.9901
0.98968
0.99477
0.92531
0.8311
0.80797
0.80773
0.8288
0.89612
0.93012
0.97272
0.99862
1.0017
0.99576
0.93741
0.94313
0.8792
0.92494
0.93708
0.92448
0.97271
0.94193
0.95174
0.96955
0.94957
0.965
0.97086
0.93684
0.82562
0.75034
0.72206
0.75784
0.54213
0.42047
0.37569
0.46231
0.66884
0.6907
0.66885
0.58026
0.46385
0.45081
0.41991
0.47926
0.67444
0.6653
0.72879
0.71355
0.64815
0.57326
0.39723
0.48438
0.53594
0.56066
0.68716
0.84196
0.79191
0.53851
0.49615
0.54584
0.58346
0.56721
0.53541
0.39944
0.45676
0.47689
0.51351
0.49697
0.48026
0.45253
0.45521
0.40939
0.44645
0.46459
0.40327
0.42117
0.41444
0.44653
0.46209
0.67716
0.74578
0.84875
0.78357
0.83651
0.89248
0.87996
0.87551
0.91593
0.93169
0.93385
0.81747
0.65656
0.58226
0.57863
0.60051
0.78834
0.86188
0.88389
0.90356
0.8821
0.84447
0.9149
0.94107
0.98848
0.98031
1.0009
0.99964
0.99631
0.98993
1.0002
0.98495
0.98581
0.96837
0.97288
0.94197
0.95625
0.83142
0.75337
0.74232
0.77335
0.77075
0.51785
0.40739
0.43211
0.47034
0.46502
0.50014
0.42052
0.44375
0.42311
0.46636
0.63998
0.70239
0.70323
0.73412
0.72587
0.69961
0.69098
0.55326
0.48715
0.51237
0.56113
0.60415
0.65968
0.74467
0.81506
0.81635
0.85908
0.87755
0.8423
0.76432
0.82722
0.97144
0.86563
0.9022
0.90225
0.84647
0.78686
0.74119
0.74564
0.8163
0.85638
0.80991
0.93078
0.91173
0.76613
0.6616
0.60064
0.49395
0.4177
0.39052
0.38616
0.38735
0.39167
0.34605
0.32502
0.29995
0.29267
0.29303
0.33291
0.3654
0.36908
0.38842
0.39229
0.37818
0.41189
0.38897
0.38118
0.4098
0.39909
0.38219
0.38667
0.37014
0.38514
0.39612
0.42177
0.43288
0.42533
0.43947
0.47505
0.48365
0.45016
0.45892
0.46416
0.48925
0.50187
0.50347
0.54627
0.54426
0.62331
0.65986
0.68523
0.73674
0.74836
0.75748
0.79072
0.8253
0.85573
0.7987
0.64135
0.53694
0.51847
0.61012
0.70808
0.45229
0.40467
0.39207
0.377
0.3698
0.35581
0.35794
0.60121
0.42273
0.33559
0.35605
0.37877
0.42264
0.53262
0.69808
0.70839
0.69851
0.62341
0.85504
0.77235
0.7209
0.65861
0.61152
0.60684
0.55366
0.60771
0.49957
0.44641
0.45008
0.50469
0.40739
0.32508
0.35723
0.42728
0.31574
0.31735
0.32513
0.30916
0.38302
0.39015
0.3966
0.37968
0.39466
0.42399
0.74929
0.76591
0.69491
0.77448
0.75695
0.83516
0.82597
0.86937
0.86603
0.97669
0.98757
0.97615
0.86285
0.7103
0.59
0.60371
0.70579
0.70346
0.67162
0.87452
0.90171
0.90942
0.9274
0.95274
0.95544
0.9514
0.96819
0.95167
0.89663
0.91937
0.9363
0.86335
0.89837
0.85141
0.86152
0.79985
0.712
0.69093
0.68883
0.66677
0.72924
0.83452
0.88774
0.98777
0.99407
0.99473
0.91153
0.83849
0.82757
0.81908
0.96224
0.99143
0.98528
0.98681
0.92729
0.96341
0.84312
0.75906
0.74574
0.95427
0.95802
0.94774
0.942
0.94003
0.94362
0.94466
0.94525
0.94622
0.94419
0.93594
0.93285
0.93142
0.91429
0.88241
0.95258
0.90603
0.88768
0.90419
0.92314
0.92526
0.91383
0.76186
0.5357
0.43157
0.61364
0.85351
0.82957
0.51643
0.94588
0.91754
0.98008
0.93822
0.96361
0.95194
0.93439
0.91046
0.91838
0.8996
0.91166
0.8788
0.70738
0.71967
0.80674
0.81779
0.84796
0.78311
0.79777
0.87861
0.93088
0.94598
0.93637
0.88639
0.83366
0.80992
0.78439
0.76551
0.76431
0.73066
0.66696
0.45624
0.46314
0.49836
0.46978
0.44647
0.50242
0.48578
0.55171
0.52065
0.60952
0.56885
0.68145
0.77
0.60728
0.57354
0.39013
0.34223
0.32227
0.40453
0.34466
0.39481
0.40469
0.37291
0.35621
0.32346
0.38983
0.41416
0.41508
0.44938
0.4034
0.397
0.45732
0.63106
0.64961
0.72784
0.58778
0.47783
0.51818
0.49835
0.79624
0.91963
0.97017
0.99174
0.96436
0.90306
0.83861
0.74413
0.40852
0.40487
0.40916
0.39953
0.33944
0.3024
0.25275
0.24965
0.26223
0.26952
0.27416
0.45122
0.35986
0.27677
0.29722
0.31146
0.29002
0.26762
0.28705
0.29914
0.34378
0.45907
0.86009
0.91309
0.90894
0.90534
0.89578
0.89647
0.88731
0.86352
0.856
0.82685
0.7402
0.63639
0.39671
0.46146
0.40044
0.39085
0.43981
0.3791
0.35816
0.30577
0.31033
0.30397
0.25517
0.21898
0.18461
0.17766
0.26187
0.33734
0.44142
0.67335
0.89461
0.90588
0.83701
0.52132
0.42626
0.38443
0.3814
0.45342
0.41064
0.39071
0.3943
0.37639
0.35607
0.31373
0.32629
0.30834
0.28988
0.27634
0.28774
0.28583
0.29117
0.27798
0.31478
0.31732
0.26412
0.22603
0.21883
0.22255
0.23391
0.24682
0.26901
0.27283
0.22339
0.18005
0.16085
0.14015
0.1316
0.12105
0.14037
0.17677
0.16308
0.1787
0.18555
0.21392
0.23176
0.22396
0.27154
0.73821
0.64228
0.62229
0.38249
0.35037
0.33046
0.34212
0.36629
0.41716
0.48608
0.47044
0.49156
0.51782
0.59752
0.67078
0.90124
0.96509
0.91151
0.78225
0.72503
0.60893
0.51327
0.47831
0.50272
0.73813
0.61545
0.5725
0.62147
0.58045
0.55132
0.47401
0.8853
0.88407
0.93271
0.94581
0.94103
0.93357
0.91386
0.92218
0.9158
0.86736
0.86092
0.6878
0.42325
0.4084
0.40501
0.40205
0.38918
0.3735
0.36388
0.32759
0.29822
0.26771
0.25745
0.36452
0.2919
0.27466
0.25214
0.25242
0.24275
0.26426
0.39127
0.51817
0.50675
0.55909
0.46534
0.42
0.37419
0.34392
0.39082
0.48581
0.47754
0.44277
0.41628
0.40422
0.40102
0.40041
0.42326
0.41827
0.39998
0.35999
0.29621
0.31616
0.35935
0.39065
0.39935
0.42534
0.48432
0.47996
0.47935
0.52812
0.50447
0.50927
0.49693
0.78933
0.89434
0.72147
0.58597
0.49659
0.47494
0.42609
0.39615
0.38826
0.34502
0.42818
0.69564
0.82192
0.6875
0.69997
0.74042
0.80931
0.86502
0.91323
0.92188
0.7902
0.80455
0.66612
0.61344
0.66871
0.77609
0.4721
0.47618
0.57092
0.71197
0.85029
0.81744
0.6265
0.54945
0.52153
0.54531
0.59729
0.84722
0.91711
0.85822
0.88559
0.89528
0.82561
0.69574
0.69506
0.56758
0.56149
0.52271
0.52083
0.48692
0.44753
0.36428
0.16564
0.11195
0.12359
0.14543
0.17041
0.20533
0.22889
0.21796
0.24565
0.28199
0.32158
0.22486
0.252
0.3367
0.38432
0.38469
0.33898
0.34507
0.34519
0.34107
0.34166
0.34131
0.34561
0.30255
0.33467
0.842
0.88849
0.96282
0.93948
0.85777
0.42522
0.3766
0.40102
0.44345
0.49538
0.77832
0.94425
0.93824
0.75159
0.65107
0.49222
0.37883
0.36482
0.41789
0.65309
0.67161
0.56191
0.57788
0.72836
0.83908
0.83627
0.84864
0.7915
0.86288
0.93874
0.89289
0.95208
0.92204
0.89096
0.89652
0.84329
0.77786
0.73231
0.7537
0.81333
0.77311
0.73333
0.74025
0.67815
0.57554
0.5202
0.49647
0.52415
0.52356
0.53905
0.50435
0.47153
0.45945
0.45911
0.43473
0.40886
0.39422
0.40785
0.41826
0.48756
0.58691
0.73878
0.68374
0.63595
0.70861
0.8181
0.83461
0.97844
0.98166
0.95096
0.91732
0.84938
0.75804
0.52517
0.37819
0.3815
0.33459
0.26472
0.24511
0.21325
0.20289
0.36304
0.83669
0.89467
0.91998
0.92862
0.90874
0.91376
0.90946
0.81831
0.84386
0.78876
0.74852
0.66054
0.64979
0.84424
0.97363
0.95872
0.94414
0.93408
0.93637
0.91713
0.91576
0.90826
0.89161
0.85347
0.79658
0.69229
0.3852
0.3486
0.3484
0.37085
0.41313
0.40513
0.30727
0.23034
0.21124
0.20421
0.20306
0.20845
0.21873
0.24539
0.26677
0.23953
0.24354
0.25163
0.22278
0.19509
0.20472
0.2229
0.25032
0.23838
0.23974
0.24698
0.26849
0.27323
0.28209
0.25784
0.25707
0.26185
0.27426
0.37241
0.37115
0.45314
0.70845
0.79909
0.69924
0.644
0.60381
0.58652
0.58725
0.56957
0.69079
0.63202
0.55061
0.60355
0.51968
0.41398
0.36365
0.38758
0.43203
0.41101
0.37463
0.34737
0.60249
0.83924
0.66591
0.71791
0.39235
0.37379
0.37094
0.68915
0.76207
0.9445
0.88984
0.78137
0.78948
0.76523
0.51875
0.38365
0.3382
0.5151
0.61884
0.55373
0.55321
0.56772
0.55082
0.51824
0.49706
0.45285
0.33212
0.27535
0.26466
0.24608
0.24988
0.24681
0.3265
0.29932
0.26111
0.24101
0.22769
0.25067
0.25848
0.26082
0.32851
0.35435
0.3635
0.4828
0.72099
0.91299
0.91836
0.8979
0.89407
0.86871
0.86592
0.87416
0.84974
0.81572
0.82888
0.83824
0.84906
0.87358
0.87303
0.87053
0.85816
0.84734
0.82231
0.80076
0.77435
0.51582
0.35783
0.38768
0.40169
0.32561
0.32179
0.31926
0.35984
0.32718
0.29078
0.2773
0.25208
0.24276
0.27944
0.6665
0.75907
0.67603
0.64051
0.52156
0.37952
0.35277
0.29224
0.36333
0.50115
0.52604
0.53478
0.55658
0.6351
0.76778
0.74784
0.5847
0.44471
0.4074
0.42414
0.39382
0.38076
0.37678
0.41221
0.37571
0.36327
0.34074
0.34984
0.3429
0.34607
0.33354
0.29717
0.28066
0.26739
0.2215
0.17878
0.18338
0.51785
0.43085
0.43569
0.80255
0.75113
0.72491
0.69136
0.59941
0.63541
0.65318
0.56645
0.48547
0.45573
0.54773
0.36694
0.32054
0.24605
0.27287
0.2558
0.25152
0.27318
0.52905
0.84696
0.39998
0.4276
0.45603
0.47434
0.52912
0.5796
0.3634
0.32681
0.30497
0.38573
0.32853
0.34049
0.33633
0.33026
0.31396
0.34513
0.41548
0.51312
0.56891
0.54318
0.45165
0.45501
0.49616
0.44127
0.40025
0.42035
0.40781
0.36493
0.35166
0.34367
0.35152
0.34798
0.35279
0.36547
0.36143
0.3658
0.35479
0.33877
0.32569
0.32642
0.29139
0.27461
0.25339
0.24464
0.2563
0.27916
0.28537
0.28595
0.26364
0.26801
0.2869
0.28566
0.28054
0.29701
0.29297
0.29722
0.29933
0.32838
0.35044
0.29012
0.27989
0.26586
0.26294
0.26123
0.25773
0.27074
0.26646
0.23155
0.2483
0.29047
0.27895
0.27905
0.28177
0.33586
0.63665
0.7861
0.88322
0.5549
0.87479
0.80509
0.55203
0.4422
0.41279
0.386
0.37349
0.35643
0.34468
0.3334
0.30863
0.28799
0.28908
0.27099
0.28695
0.27775
0.26328
0.2337
0.2013
0.19015
0.19832
0.22171
0.2393
0.25279
0.25776
0.25057
0.24894
0.26803
0.27365
0.27557
0.26204
0.27757
0.31022
0.4069
0.38852
0.39385
0.70095
0.67049
0.36351
0.34994
0.3427
0.35653
0.81354
0.83159
0.82619
0.42335
0.77876
0.86031
0.53354
0.35353
0.36748
0.36856
0.36699
0.35032
0.34063
0.33172
0.31109
0.32921
0.32893
