0.3138
0.35625
0.41483
0.46056
0.44839
0.43748
0.81181
0.8578
0.87369
0.84675
0.84081
0.79268
0.76902
0.82097
0.82549
0.81767
0.81611
0.82686
0.84098
0.66578
0.49103
0.48646
0.483
0.46578
0.44201
0.36593
0.30205
0.3299
0.40959
0.37609
0.40644
0.45134
0.33707
0.32028
0.24135
0.26741
0.3319
0.35749
0.29629
0.25296
0.2812
0.25578
0.22159
0.23166
0.21415
0.24522
0.26104
0.29444
0.33891
0.3552
0.34006
0.33571
0.3149
0.30585
0.2902
0.27307
0.28804
0.29464
0.28931
0.29316
0.30899
0.3272
0.36332
0.364
0.36133
0.37022
0.4017
0.44815
0.46527
0.44345
0.43644
0.43107
0.43579
0.43568
0.43007
0.4247
0.42884
0.4334
0.42218
0.42076
0.41433
0.4016
0.39467
0.41649
0.42676
0.43435
0.43177
0.42254
0.42531
0.41693
0.49021
0.48224
0.55416
0.54683
0.47848
0.44153
0.43299
0.39121
0.35044
0.4028
0.4232
0.41416
0.37497
0.29744
0.26781
0.27206
0.26189
0.21969
0.20622
0.22095
0.23173
0.27223
0.28977
0.28749
0.26572
0.22934
0.23797
0.21624
0.222
0.22421
0.22418
0.21442
0.21415
0.21167
0.21405
0.20547
0.20445
0.20085
0.19349
0.196
0.20776
0.1976
0.20228
0.20743
0.23948
0.25712
0.31248
0.33452
0.39318
0.71089
0.85389
0.87168
0.88466
0.87847
0.86818
0.85891
0.82362
0.77708
0.5312
0.42879
0.39814
0.35587
0.31221
0.27669
0.30481
0.29876
0.81492
0.84651
0.85919
0.86438
0.86031
0.85675
0.85916
0.86716
0.87336
0.87855
0.88602
0.89768
0.91148
0.89317
0.56877
0.66857
0.43815
0.40724
0.39121
0.42586
0.35085
0.35098
0.34681
0.34166
0.29497
0.266
0.26029
0.62722
0.78143
0.44703
0.34257
0.4249
0.45582
0.94674
0.91916
0.88327
0.86064
0.79602
0.69163
0.6153
0.54502
0.48721
0.42018
0.42355
0.5956
0.69356
0.74468
0.9275
0.95502
0.97116
0.49524
0.43567
0.41201
0.38822
0.40374
0.40566
0.38455
0.37333
0.39445
0.60132
0.80493
0.79555
0.83834
0.90921
0.9104
0.88372
0.885
0.90553
0.89084
0.87615
0.8703
0.86462
0.86534
0.87353
0.84297
0.71755
0.67874
0.89473
0.92288
0.92465
0.92896
0.93221
0.93744
0.93394
0.93197
0.93439
0.94082
0.94303
0.94449
0.95479
0.95523
0.95487
0.91865
0.93975
0.96744
0.97241
0.9539
0.96462
0.92108
0.90197
0.8798
0.86718
0.86482
0.86319
0.86772
0.86863
0.86657
0.86428
0.85863
0.85018
0.83864
0.8235
0.82121
0.81522
0.79573
0.74548
0.68078
0.58101
0.70808
0.6781
0.59451
0.57483
0.51745
0.49007
0.44674
0.391
0.38848
0.32141
0.25858
0.24307
0.21598
0.18467
0.2089
0.20868
0.22325
0.23956
0.2536
0.28138
0.32153
0.35177
0.36556
0.47525
0.32059
0.24842
0.26826
0.24183
0.29266
0.2958
0.34303
0.34661
0.32156
0.33018
0.3823
0.24975
0.28819
0.32028
0.34875
0.33923
0.26565
0.25178
0.25573
0.244
0.24656
0.26468
0.28681
0.35143
0.79949
0.61648
0.82529
0.85279
0.85381
0.85694
0.81581
0.56261
0.69658
0.72807
0.773
0.85433
0.83444
0.82412
0.81444
0.80902
0.80504
0.80664
0.69054
0.49898
0.49583
0.50646
0.42448
0.39019
0.38407
0.34808
0.29695
0.26862
0.2619
0.27807
0.38819
0.54774
0.61949
0.63321
0.81686
0.90546
0.92897
0.94232
0.93608
0.84186
0.52657
0.42609
0.38964
0.44678
0.45531
0.46702
0.58994
0.67654
0.74597
0.68714
0.84472
0.86971
0.84711
0.82466
0.73899
0.86848
0.87546
0.87082
0.8692
0.867
0.85036
0.83477
0.8133
0.76803
0.68977
0.62364
0.48587
0.43302
0.37355
0.37669
0.36105
0.32943
0.23198
0.3088
0.35614
0.37727
0.39068
0.42776
0.88412
0.90222
0.9095
0.91441
0.89323
0.86833
0.84838
0.83667
0.82784
0.82183
0.81431
0.80737
0.80786
0.81026
0.79747
0.80559
0.79498
0.72489
0.53586
0.48166
0.43858
0.60276
0.56855
0.39908
0.34192
0.32359
0.32944
0.55433
0.73941
0.66968
0.66775
0.6775
0.65506
0.62367
0.67151
0.69216
0.70367
0.74596
0.70072
0.67124
0.67947
0.67712
0.67318
0.65413
0.64992
0.67663
0.6255
0.54992
0.6016
0.5117
0.41143
0.37183
0.38175
0.369
0.31516
0.33971
0.34982
0.29788
0.2261
0.19571
0.17799
0.18173
0.22844
0.29565
0.74906
0.78953
0.76831
0.64328
0.47475
0.41842
0.36233
0.30183
0.29645
0.28878
0.26079
0.26395
0.2261
0.21348
0.1912
0.17964
0.20379
0.29091
0.34009
0.35394
0.36839
0.36131
0.31894
0.26359
0.21262
0.18146
0.18451
0.20432
0.26859
0.35034
0.36326
0.36301
0.35938
0.83077
0.83915
0.81968
0.74972
0.72417
0.64148
0.57895
0.49478
0.50438
0.47749
0.46788
0.46714
0.46692
0.48564
0.73193
0.84475
0.86393
0.86865
0.87208
0.8803
0.8838
0.88378
0.88087
0.87487
0.87157
0.86579
0.86424
0.87588
0.85633
0.86145
0.85228
0.83981
0.82761
0.82512
0.82294
0.83733
0.83844
0.82148
0.81098
0.82381
0.84003
0.83809
0.8347
0.84171
0.84398
0.83671
0.84893
0.85631
0.77189
0.90327
0.92452
0.93619
0.94466
0.94511
0.94672
0.94045
0.92954
0.92227
0.89212
0.89657
0.92985
0.92972
0.92661
0.9265
0.93427
0.94595
0.95384
0.96592
0.97209
0.97861
0.98131
0.98484
0.9861
0.98038
0.97903
0.97452
0.94428
0.94463
0.90071
0.93677
0.92821
0.88423
0.90753
0.90856
0.8864
0.70843
0.7026
0.86613
0.85432
0.83507
0.8252
0.82096
0.80554
0.80756
0.82491
0.83127
0.82443
0.82687
0.83585
0.85123
0.86326
0.86829
0.87194
0.87925
0.88636
0.8855
0.88938
0.90045
0.90935
0.9143
0.9175
0.91906
0.9265
0.92729
0.87453
0.53246
0.43147
0.35852
0.59498
0.85482
0.66719
0.75086
0.91867
0.95768
0.90225
0.73147
0.74839
0.71386
0.55992
0.53699
0.56685
0.90645
0.86897
0.85946
0.85169
0.85344
0.84376
0.83649
0.80995
0.8402
0.54817
0.44595
0.39045
0.33363
0.35653
0.28801
0.27544
0.38776
0.46936
0.49277
0.60669
0.47996
0.56156
0.61295
0.48973
0.45593
0.43
0.38275
0.38192
0.35863
0.29372
0.26567
0.28658
0.32917
0.32068
0.30922
0.41161
0.73532
0.8078
0.78306
0.87451
0.90112
0.93159
0.81782
0.72767
0.53674
0.67818
0.67299
0.8926
0.9089
0.90421
0.89948
0.89799
0.90968
0.91011
0.91601
0.91545
0.65964
0.60774
0.60552
0.64663
0.61919
0.66754
0.74275
0.91233
0.88943
0.87122
0.86955
0.85275
0.84579
0.80255
0.74168
0.83329
0.57175
0.45141
0.42736
0.45405
0.43833
0.53338
0.50416
0.50571
0.62137
0.84649
0.87146
0.65443
0.48399
0.50754
0.60142
0.88057
0.88744
0.8837
0.81988
0.73359
0.46648
0.51898
0.37193
0.27643
0.27865
0.29612
0.33951
0.34172
0.32978
0.25767
0.29166
0.36269
0.37183
0.40059
0.40238
0.40403
0.41556
0.43551
0.39949
0.37809
0.43529
0.50518
0.82362
0.70144
0.51706
0.51733
0.51116
0.54783
0.63274
0.75587
0.77714
0.77794
0.47595
0.41065
0.39962
0.40834
0.45906
0.54981
0.64376
0.54523
0.49555
0.52908
0.55451
0.58997
0.57739
0.54554
0.44582
0.27242
0.19875
0.1876
0.19399
0.23919
0.30832
0.36477
0.35843
0.44449
0.63133
0.70511
0.66529
0.92968
0.90995
0.96541
0.92706
0.99064
0.98164
0.86136
0.74193
0.70935
0.82142
0.86965
0.85622
0.74422
0.8012
0.68486
0.66005
0.69345
0.62926
0.6246
0.74077
0.53327
0.6399
0.61055
0.66138
0.98217
0.91104
0.97703
0.79503
0.91534
0.60816
0.81591
0.85578
0.65969
0.74267
0.83106
0.61271
0.61791
0.61481
0.98059
0.99983
0.99724
0.97825
0.96723
0.95499
0.94312
0.93786
0.91569
0.9219
0.8885
0.79927
0.72089
0.79315
0.78294
0.62509
0.56732
0.84067
0.98509
1.0002
1.0006
0.99875
0.98345
0.97765
0.96999
0.95946
0.92766
0.88763
0.91581
0.84057
0.9154
0.87743
0.67437
0.58937
0.5278
0.51408
0.50176
0.5211
0.50725
0.51567
0.38975
0.34423
0.38949
0.39177
0.42246
0.42039
0.40181
0.38794
0.4394
0.44311
0.4744
0.5407
0.55084
0.67672
0.7132
0.77108
0.80074
0.64285
0.64656
0.75312
0.91955
0.95631
0.95271
0.93735
0.49525
0.44946
0.47958
0.56733
0.63868
0.75183
0.86687
0.43302
0.3813
0.39708
0.41514
0.46808
0.59063
0.74351
0.77799
0.41609
0.38627
0.3966
0.47043
0.69755
0.84228
0.97517
0.95296
0.94323
0.90434
0.48224
0.51038
0.69686
0.77087
0.79943
0.84799
0.55306
0.49437
0.51515
0.48971
0.52553
0.63389
0.70284
0.8372
0.49763
0.415
0.38808
0.44537
0.54241
0.6327
0.79083
0.75977
0.95514
0.96663
0.96683
0.88449
0.67994
0.58387
0.59134
0.75683
0.69558
0.58401
0.56809
0.53483
0.57565
0.67062
0.7237
0.76186
0.5827
0.50612
0.48413
0.45888
0.51046
0.48319
0.47634
0.41347
0.38588
0.39579
0.38182
0.40247
0.41657
0.46847
0.89464
0.96555
0.96473
0.96991
0.96301
0.96559
0.97252
0.97778
0.90369
0.63291
0.50522
0.74708
0.95354
0.86457
0.78576
0.96153
0.92907
0.96887
0.95264
0.91272
0.91056
0.91591
0.90967
0.90538
0.93011
0.93922
0.94747
0.93888
0.92166
0.80368
0.57769
0.49407
0.41665
0.5119
0.44545
0.40377
0.40415
0.46711
0.45252
0.49952
0.59493
0.55702
0.40658
0.29428
0.31382
0.34657
0.40899
0.43176
0.4639
0.42306
0.35599
0.41049
0.37851
0.42459
0.51281
0.55407
0.68849
0.72493
0.69745
0.5385
0.93078
0.99815
0.9977
0.99725
0.99979
0.97085
0.94979
0.927
0.90378
0.87314
0.92482
0.82568
0.71674
0.59299
0.66747
0.82497
0.75107
0.67867
0.64429
0.50662
0.53101
0.5066
0.4998
0.48891
0.48648
0.51328
0.52824
0.56172
0.59352
0.58537
0.57825
0.58344
0.56391
0.58119
0.63901
0.61528
0.5881
0.52466
0.8643
0.88196
0.77951
0.68782
0.56521
0.51556
0.58826
0.79397
0.9176
0.91438
0.64255
0.61151
0.61794
0.58026
0.58723
0.56752
0.55993
0.6009
0.54211
0.85814
0.73529
0.6744
0.48086
0.77092
0.86747
0.75563
0.72229
0.66609
0.65999
0.71862
0.95903
0.96846
0.95262
0.9226
0.63011
0.52523
0.59087
0.46234
0.51422
0.4354
0.44628
0.41021
0.39076
0.40844
0.45133
0.443
0.44589
0.34202
0.28502
0.24812
0.21405
0.24754
0.33111
0.37606
0.40952
0.36633
0.3445
0.31637
0.33378
0.61007
0.62824
0.57325
0.54899
0.57939
0.60329
0.75913
0.77153
0.85328
0.67428
0.79844
0.80046
0.91989
0.94913
0.99095
0.99321
0.98975
0.90395
0.87784
0.96558
0.99737
0.99883
0.9961
0.98267
0.95356
0.8961
0.89362
0.95251
0.89535
0.85377
0.81667
0.80673
0.73982
0.64314
0.56373
0.53926
0.58015
0.57563
0.57537
0.56458
0.5625
0.70389
0.87661
0.91562
0.86896
0.8561
0.78325
0.70944
0.77986
0.85347
0.95074
1.0003
0.98842
0.98179
0.96735
0.95426
0.89571
0.79168
0.71839
0.67384
0.66827
0.63828
0.64806
0.53363
0.54388
0.55384
0.58748
0.62822
0.69207
0.73782
0.82228
0.74921
0.64587
0.57352
0.55559
0.46823
0.42393
0.46354
0.4879
0.45354
0.44301
0.45599
0.42592
0.38777
0.41087
0.46191
0.42284
0.42214
0.4352
0.43512
0.44103
0.44642
0.52015
0.48708
0.47295
0.44499
0.44607
0.45086
0.45736
0.48131
0.57761
0.54194
0.45973
0.4387
0.41204
0.43996
0.3647
0.38213
0.53466
0.77752
0.59736
0.51883
0.53751
0.50878
0.71957
0.77775
0.77157
0.767
0.68566
0.65681
0.67652
0.72308
0.72401
0.63801
0.59171
0.56721
0.58386
0.58427
0.57516
0.56563
0.5304
0.51058
0.43227
0.41734
0.68228
0.66491
0.69083
0.65382
0.60167
0.58993
0.63906
0.63551
0.60957
0.686
0.75569
0.65641
0.58283
0.61961
0.69794
0.75248
0.78543
0.68009
0.68177
0.7369
0.77594
0.72425
0.76143
0.81697
0.95805
0.99895
1.0009
0.88959
0.82018
0.97855
0.92539
0.93997
0.9444
0.97593
0.98864
0.98702
0.86767
0.75343
0.99986
0.99949
0.84627
0.99949
0.9432
0.52348
0.43589
0.38287
0.43071
0.44753
0.4585
0.447
0.44326
0.39865
0.35657
0.41914
0.61804
0.66767
0.6556
0.5292
0.49956
0.43378
0.48438
0.63748
0.662
0.65683
0.50472
0.48957
0.427
0.39135
0.36135
0.33067
0.44171
0.47362
0.43669
0.37257
0.36874
0.37507
0.35134
0.40406
0.42665
0.3958
0.63582
0.85251
0.94148
0.96229
0.98924
1.0005
0.99965
1.0008
1.0003
0.99937
0.9291
0.84532
0.73895
0.65418
0.64134
0.60886
0.56853
0.55277
0.64796
0.69133
0.6884
0.6783
0.71142
0.75238
0.78696
0.82979
0.88106
0.98637
0.99818
0.99859
0.9988
0.99757
0.99854
0.99846
0.9991
0.99899
0.99715
0.99981
0.99764
0.99917
1.0004
0.98862
0.96595
0.7687
0.65031
0.70054
0.89162
0.98216
0.95675
0.9002
0.82946
0.7374
0.79301
0.79462
0.88999
0.8488
0.56596
0.45488
0.55218
0.5183
0.47808
0.44918
0.50107
0.48636
0.454
0.59544
0.53376
0.48807
0.49845
0.45913
0.48868
0.7267
0.51593
0.75911
0.73002
0.76628
0.68159
0.5863
0.5583
0.53332
0.58504
0.50933
0.46383
0.46487
0.45926
0.42567
0.39274
0.39442
0.41232
0.44391
0.49686
0.51552
0.51031
0.58762
0.65348
0.68953
0.70857
0.73403
0.7587
0.7394
0.64608
0.57669
0.56398
0.5773
0.50863
0.51394
0.51457
0.44754
0.4081
0.40104
0.42918
0.41403
0.41023
0.49629
0.52315
0.52411
0.6498
0.70354
0.70299
0.72498
0.90413
0.87248
0.78351
0.81977
0.82155
0.75793
0.89459
0.99865
0.99873
0.99846
0.96934
0.81703
0.69364
0.60937
0.57544
0.69756
0.62865
0.51117
0.51823
0.52351
0.5704
0.55747
0.62082
0.70414
0.74479
0.61548
0.59712
0.63421
0.70601
0.84961
0.96506
0.91498
0.90423
0.90427
0.866
0.78855
0.77496
0.77622
0.94432
0.98498
0.99103
0.98457
0.97268
0.9605
0.99415
0.994
1
0.99792
0.99706
0.9976
0.99898
0.99762
0.99766
1.0008
0.97748
0.90813
0.70144
0.57809
0.56984
0.51178
0.49624
0.52821
0.55077
0.53591
0.51878
0.5111
0.53187
0.57753
0.593
0.6165
0.76634
0.89843
0.81892
0.86474
0.78841
0.70023
0.63198
0.61562
0.60111
0.66416
0.71115
0.67767
0.6575
0.68509
0.91027
0.98213
1.0012
0.99789
1.0008
0.99999
1.0007
0.98857
0.87398
0.83581
0.76915
0.71992
0.68346
0.66901
0.73247
0.69856
0.65162
0.61335
0.60547
0.52472
0.49665
0.52369
0.5232
0.46465
0.39286
0.35123
0.32769
0.43862
0.48281
0.53162
0.55051
0.48421
0.48121
0.47847
0.48362
0.49148
0.46361
0.46834
0.47694
0.48202
0.44879
0.41683
0.41719
0.49228
0.41259
0.45074
0.47698
0.5107
0.56072
0.59156
0.64427
0.65137
0.61348
0.62192
0.61157
0.57697
0.53436
0.51921
0.52469
0.44822
0.42145
0.42051
0.42143
0.40768
0.40188
0.47067
0.49885
0.47266
0.50093
0.51048
0.52521
0.55531
0.58814
0.59115
0.64445
0.80031
0.95149
0.99194
0.97428
0.88836
0.82945
0.79804
0.88925
0.90959
0.98006
0.99049
0.9839
0.83333
0.67026
0.70561
0.76237
0.88825
0.98655
1
0.99815
0.93835
0.72871
0.62622
0.57642
0.57672
0.76076
0.80622
0.81787
0.76794
0.70421
0.72967
0.70457
0.763
0.80525
0.86767
0.87404
0.84507
0.82447
0.81821
0.79397
0.78326
0.78966
0.75401
0.70813
0.69393
0.64395
0.69079
0.84291
0.94742
0.98937
0.89344
0.82674
0.74542
0.78787
0.82853
0.95556
0.92815
0.93202
0.8786
0.88391
0.94861
0.94151
0.94075
0.87857
0.72601
0.63261
0.59452
0.46986
0.4421
0.68925
0.74056
0.62587
0.59506
0.75717
0.77601
0.86468
0.80041
0.75097
0.68833
0.77533
0.85797
0.80769
0.83547
0.80727
0.78818
0.75278
0.79504
0.887
0.87797
0.8956
0.84629
0.83396
0.83619
0.78579
0.79817
0.81851
0.8104
0.83494
0.86578
0.92772
0.94123
0.96532
0.98853
0.99783
0.9184
0.76539
0.79217
0.77494
0.82969
0.84176
0.97973
0.9927
0.96276
0.84934
0.85233
0.90496
0.89081
0.83236
0.89146
0.89709
0.88439
0.89513
0.92938
0.8598
0.72264
0.65881
0.63883
0.74331
0.8083
0.79709
0.62413
0.62235
0.73229
0.85659
0.93384
0.94685
0.95593
0.97177
0.98181
0.97651
0.96235
0.99599
1.0011
0.89938
0.64836
0.5772
0.97362
0.99792
0.86963
0.73545
0.48316
0.4976
0.49327
0.8916
0.75453
0.53073
0.47376
0.47426
0.44449
0.43066
0.35374
0.43221
0.46903
0.51245
0.62661
0.64744
0.57597
0.48836
0.51406
0.44098
0.37365
0.38396
0.42362
0.54851
0.4511
0.71901
0.77354
0.85161
0.96851
0.97379
0.94585
0.9141
0.84524
0.84964
0.98099
0.96934
0.75822
0.73859
0.83307
0.91686
0.98334
0.92296
0.85825
0.90983
0.9488
0.9409
0.93394
0.96731
0.96835
0.87061
0.82604
0.7571
0.7513
0.67134
0.71509
0.69779
0.65955
0.73514
0.81594
0.79392
0.73594
0.71142
0.71027
0.74075
0.78057
0.8552
0.96115
0.9885
0.98738
0.99471
0.98555
0.98175
0.98733
0.97773
0.984
0.99971
1.0006
1.0005
1.0003
0.99891
0.98017
0.91162
0.84348
0.72568
0.85468
0.78046
0.78407
0.64678
0.65443
0.80359
0.6021
0.52427
0.50711
0.47162
0.47071
0.44727
0.39159
0.34827
0.32782
0.30725
0.30879
0.31471
0.3459
0.36627
0.34696
0.34658
0.37841
0.37199
0.36209
0.4102
0.47875
0.52485
0.47964
0.54201
0.51504
0.50734
0.49249
0.50903
0.50812
0.50651
0.54741
0.83055
0.61479
0.50895
0.47384
0.53919
0.65436
0.72787
0.87654
0.82928
0.85205
0.8678
0.68427
0.7845
0.76082
0.79713
0.82995
0.88523
0.96005
0.99039
0.99979
0.99888
0.99852
1
0.99807
0.99988
0.99888
0.99741
0.99972
0.99934
0.9912
0.96016
0.92004
0.93402
0.98375
0.95979
0.87127
0.67486
0.64553
0.59057
0.54389
0.67292
0.68113
0.87185
0.67506
0.60318
0.70525
0.61246
0.85662
0.99895
0.99875
0.84974
0.58457
0.56037
0.52741
0.48715
0.50106
0.50567
0.45578
0.40764
0.36955
0.36175
0.38879
0.39081
0.37637
0.50983
0.33936
0.29454
0.34954
0.64832
0.62674
0.53113
0.64159
0.69138
0.57106
0.55261
0.56056
0.55036
0.58672
0.64326
0.85755
0.88895
0.75378
0.592
0.59189
0.61897
0.70818
0.78978
0.89452
0.93783
0.87784
0.77501
0.69775
0.75112
0.71112
0.60188
0.59201
0.67103
0.56349
0.45365
0.4138
0.40058
0.4347
0.49838
0.66226
0.69556
0.42037
0.39933
0.41463
0.41077
0.43403
0.47073
0.594
0.72213
0.72256
0.74177
0.66557
0.69245
0.70862
0.74874
0.7739
0.82853
0.82765
0.83727
0.86246
0.88248
0.85932
0.81914
0.75757
0.72301
0.72463
0.71643
0.72416
0.72485
0.67117
0.67076
0.67128
0.81265
0.85813
0.74924
0.5286
0.47864
0.44417
0.4017
0.37364
0.33001
0.46919
0.77575
0.69978
0.56106
0.46353
0.45359
0.5315
0.42806
0.41318
0.39983
0.39293
0.35102
0.36041
0.43908
0.48272
0.39004
0.42128
0.46615
0.49196
0.47516
0.47087
0.45478
0.44589
0.43942
0.391
0.35872
0.30243
0.32239
0.32345
0.34739
0.35167
0.33186
0.30187
0.30442
0.29728
0.30004
0.32394
0.34141
0.33498
0.31563
0.30391
0.27115
0.26467
0.27188
0.30755
0.35287
0.34846
0.33505
0.31256
0.30843
0.30096
0.30959
0.32623
0.35999
0.3561
0.34521
0.33758
0.30587
0.30316
0.31361
0.32454
0.37895
0.39078
0.37011
0.38639
0.36307
0.37172
0.39545
0.43329
0.49838
0.62118
0.55918
0.40301
0.35987
0.37911
0.37837
0.38227
0.38324
0.39545
0.38365
0.3921
0.39554
0.3796
0.35863
0.36903
0.37399
0.34575
0.33571
0.33671
0.33461
0.34088
0.32459
0.31606
0.335
0.35871
0.41389
0.43279
0.44538
0.43689
0.41961
0.42088
0.4313
0.42047
0.368
0.28067
0.30256
0.3583
0.36693
0.403
0.49961
0.40958
0.40885
0.37347
0.43825
0.34198
0.32961
0.35229
0.36994
0.58971
0.72502
0.96548
0.99833
1.0002
0.9269
0.6826
0.54016
0.5577
0.45987
0.42554
0.45325
0.48407
0.50849
0.49394
0.53331
0.57418
0.70917
0.95263
0.99985
0.9797
0.97262
0.99958
0.97436
0.99094
0.85834
0.69842
0.56431
0.48124
0.45662
0.43893
0.41162
0.40951
0.40195
0.37111
0.36662
0.3727
0.55925
0.95745
0.99827
0.84338
0.67796
0.86961
0.77774
0.72972
0.63915
0.5127
0.46771
0.46718
0.52483
0.54013
0.58459
0.62653
0.61942
0.59351
0.53931
0.50402
0.47398
0.46152
0.43575
0.9203
0.82417
0.62357
0.8087
0.49127
0.35615
0.36495
0.32871
0.3248
0.34658
0.36699
0.38858
0.40853
0.46778
0.54434
0.53609
0.57343
0.61907
0.63609
0.7413
0.98016
0.97799
0.96373
0.61756
0.52003
0.4698
0.46197
0.46936
0.46969
0.477
0.53493
0.56369
0.61563
0.67545
0.5964
0.51267
0.47669
0.45116
0.41744
0.38217
0.36736
0.38842
0.87057
0.84662
0.96431
0.96342
0.96144
0.97124
0.9791
0.97527
0.96238
0.9465
0.94642
0.95372
0.95433
0.94887
0.94903
0.94872
0.9517
0.95363
0.95376
0.95624
0.96154
0.96353
0.96374
0.94593
0.94086
0.94196
0.94206
0.94792
0.94836
0.95068
0.95157
0.95147
0.95252
0.9101
0.9444
0.791
0.65058
0.47875
0.41751
0.46243
0.42838
0.39057
0.36798
0.37476
0.3698
0.39069
0.40368
0.4085
0.41706
0.41022
0.39095
0.38219
0.38672
0.39461
0.41977
0.51197
0.89705
0.92102
0.91976
0.92254
0.92931
0.93172
0.9459
0.94895
0.94962
0.95276
0.95604
0.95964
0.95955
0.95817
0.95787
0.95754
0.95729
0.94141
0.93854
0.94285
0.94693
0.94834
0.95058
0.95014
0.94982
0.95661
0.95496
0.95471
0.95237
0.94944
0.91235
0.63517
0.53449
0.47355
0.43185
0.44462
0.39982
0.32494
0.2628
0.21815
0.23951
0.23732
0.19237
0.17401
0.18143
0.1734
0.17084
0.20347
0.29391
0.34177
0.51476
0.55579
0.51651
0.47842
0.51101
0.51168
0.50436
0.48156
0.47211
0.45503
0.44586
0.41449
0.37897
0.36711
0.41446
0.37249
0.50067
0.54061
0.61893
0.67701
0.9194
0.9278
0.90176
0.86526
0.79263
0.5925
0.49927
0.47391
0.43759
0.40795
0.37933
0.36626
0.36551
0.35985
0.35985
0.34596
0.32729
0.32393
0.30616
0.28116
0.24023
0.22179
0.20429
0.19733
0.20759
0.2413
0.35081
0.52704
0.63825
0.72867
0.64912
0.53234
0.39035
0.36552
0.31555
0.3481
0.31204
0.28999
0.30565
0.37455
0.5701
0.6881
0.66314
0.74916
0.91097
0.92686
0.94037
0.95026
0.95031
0.95127
0.94459
0.83147
0.69437
0.59699
0.52066
0.47353
0.45219
0.45998
0.46441
0.46648
0.44523
0.42053
0.39837
0.36106
0.30547
0.27647
0.26237
0.22854
0.22277
0.20942
0.18541
0.16712
0.19627
0.21442
0.2115
0.34886
0.34074
0.29662
0.24567
0.19873
0.16343
0.13587
0.125
0.13763
0.1453
0.14706
0.14877
0.14368
0.13953
0.12748
0.12111
0.12653
0.13885
0.17996
0.2344
0.23144
0.24639
0.1961
0.18528
0.16824
0.17962
0.20547
0.28354
0.30921
0.7062
0.47445
0.67989
0.88922
0.86296
0.86187
0.86759
0.84676
0.74943
0.55797
0.46031
0.46164
0.50641
0.57619
0.6239
0.60709
0.66835
0.65418
0.70138
0.83316
0.8632
0.86783
0.87325
0.87916
0.88173
0.88279
0.78844
0.52733
0.49483
0.45805
0.43066
0.48941
0.50426
0.8327
0.85943
0.85138
0.85883
0.67946
0.57367
0.55692
0.55172
0.52239
0.34998
0.38253
0.40109
0.38349
0.37339
0.34639
0.34646
0.34009
0.33508
0.33138
0.33003
0.32037
0.31603
0.31228
0.30355
0.30102
0.30217
0.30146
0.31659
0.32169
0.31612
0.30919
0.30422
0.29911
0.29666
0.28378
0.28595
0.25046
0.26125
0.26679
0.28029
0.31724
0.3385
0.35844
0.38534
0.41159
0.46413
0.46016
0.46542
0.42968
0.42358
0.49895
0.31319
0.25054
0.31053
0.35279
0.35661
0.35772
0.36012
0.36638
0.35191
0.34605
0.35295
0.3652
0.36497
0.36208
0.36773
0.36401
0.36411
0.31472
0.37286
0.36619
0.36865
0.36264
0.37822
0.37671
0.38238
0.38243
0.38863
0.38642
0.38221
0.39302
0.39425
0.39983
0.44535
0.86899
0.90028
0.91602
0.91295
0.91491
0.90903
0.86763
0.61484
0.48862
0.43186
0.39263
0.39241
0.40079
0.39767
0.38508
0.33995
0.33772
0.32917
0.36279
0.35662
0.36763
0.37234
0.40448
0.41548
0.40764
0.41119
0.40155
0.39966
0.37192
0.3684
0.38383
0.38645
0.38467
0.36228
0.31838
0.28386
0.2554
0.28322
0.36996
0.55417
0.64733
0.77236
0.67585
0.4808
0.39922
0.34126
0.30916
0.32021
0.31139
0.31287
0.33543
0.33054
0.32648
0.33249
0.39114
0.46411
0.48489
0.47407
0.46065
0.43051
0.40737
0.40337
0.3611
0.3702
0.40052
0.37941
0.30096
0.28364
0.26439
0.27876
0.34196
0.37032
0.36572
0.32699
0.29531
0.33075
0.40943
0.46268
0.44378
0.4494
0.44109
0.36617
0.30175
0.27804
0.28424
0.31482
0.38451
0.39376
0.35079
0.31233
0.26605
0.24249
0.22606
0.23311
0.35206
0.34349
0.33691
0.26613
0.31057
0.38881
0.37585
0.39331
0.35765
0.36792
0.37788
0.40748
0.36401
0.3708
0.37291
0.38914
0.37698
0.34314
0.33526
0.30841
0.30959
0.31517
0.3306
0.37105
0.39397
0.37507
0.37652
0.37639
0.40008
0.45023
0.44213
0.42203
0.40419
0.42939
0.40739
0.37313
0.32087
0.39102
0.40318
0.43555
0.48819
0.54557
0.60745
0.61922
0.91533
0.91721
0.90904
0.88755
0.90332
0.88532
0.879
0.84196
0.87507
0.78059
0.76984
0.78208
0.79281
0.82444
0.83252
0.81744
0.82818
0.65164
0.52943
0.50128
0.48205
0.44691
0.41853
0.36633
0.32513
0.31079
0.37338
0.39486
0.37231
0.39154
0.38503
0.4038
0.41826
0.38943
0.40979
0.40296
0.41145
0.38203
0.35473
0.36436
0.38565
0.3887
0.3834
0.36251
0.37131
0.39101
0.41933
0.40819
0.41281
0.38222
0.39429
0.45532
0.50536
0.61437
0.88033
0.92473
0.90707
0.90296
0.86077
0.92419
0.73106
0.43005
0.46158
0.56001
0.62667
0.56509
0.63227
0.67107
0.55036
0.50093
0.50779
0.50103
0.48197
0.46827
0.61872
0.77043
0.87172
0.51437
0.92198
0.90692
0.90001
0.86469
0.58214
0.50926
0.53291
0.86858
0.74204
0.77514
0.45887
0.40401
0.36144
0.3421
0.37935
0.61488
0.39076
0.37883
0.34046
0.33375
0.30764
0.32515
0.33548
0.35279
0.37351
0.56334
0.88757
0.91947
0.90413
0.89762
0.8898
0.86917
0.86573
0.86165
0.86915
0.87183
0.87209
0.8696
0.86899
0.84952
0.75573
0.56769
0.44897
0.4149
0.37937
0.27963
0.26434
0.26125
0.31552
0.28248
0.2719
0.25406
0.22715
0.24187
0.2581
0.27483
0.29335
0.31096
0.33222
0.2982
0.31414
0.31712
0.69301
0.87245
0.84448
0.87377
0.87256
0.84562
0.80898
0.73367
0.66344
0.67566
0.76993
0.79799
0.83006
0.84526
0.83243
0.84983
0.84994
0.8494
0.81765
0.78224
0.80224
0.76526
0.76686
0.74175
0.67869
0.66075
0.51173
0.49467
0.42954
0.39263
0.36235
0.31952
0.28441
0.2938
0.29974
0.30664
0.30665
0.30193
0.30673
0.39197
0.81038
0.6164
0.51406
0.45286
0.32952
0.23856
0.22678
0.22
0.31155
0.3266
0.34504
