0.58655
0.55546
0.57355
0.56601
0.57104
0.56237
0.56991
0.5697
0.5317
0.56499
0.57098
0.52931
0.52686
0.48719
0.49559
0.54311
0.50114
0.53765
0.65968
0.66247
0.66382
0.78726
0.76283
0.50894
0.44469
0.79723
0.86238
0.8619
0.85954
0.85189
0.8204
0.8083
0.80828
0.69434
0.64998
0.53303
0.43974
0.40849
0.43404
0.47421
0.86591
0.88321
0.88464
0.8778
0.85055
0.82955
0.81436
0.8216
0.80868
0.82704
0.86066
0.69346
0.57766
0.75813
0.88884
0.89882
0.89605
0.89228
0.88519
0.88341
0.88539
0.88313
0.88215
0.87011
0.85047
0.82795
0.82406
0.8498
0.86117
0.86717
0.88121
0.8737
0.87677
0.88521
0.89728
0.89767
0.91069
0.91022
0.89814
0.92024
0.91359
0.86008
0.82962
0.84933
0.79153
0.8418
0.81752
0.80065
0.73063
0.67074
0.64342
0.74166
0.71635
0.91516
0.86915
0.95343
0.93924
0.92368
0.9072
0.87238
0.87698
0.88299
0.89282
0.68479
0.6077
0.69082
0.72085
0.73657
0.77411
0.80739
0.90487
0.87233
0.66639
0.4148
0.63961
0.65284
0.90218
0.90332
0.87807
0.89314
0.91091
0.90557
0.82679
0.86724
0.86246
0.88001
0.87246
0.91717
0.9207
0.92182
0.92174
0.92217
0.92288
0.92606
0.92261
0.92335
0.92393
0.92326
0.91875
0.91302
0.90994
0.91025
0.90508
0.89433
0.81729
0.77935
0.47231
0.62209
0.71697
0.75621
0.44834
0.51786
0.8516
0.88817
0.89386
0.89014
0.88568
0.88551
0.87417
0.79379
0.78366
0.7068
0.64096
0.61357
0.65869
0.48885
0.30727
0.29621
0.248
0.16359
0.1665
0.1522
0.19394
0.32278
0.14478
0.18461
0.34823
0.34235
0.21087
0.17015
0.21755
0.23846
0.26791
0.18194
0.19279
0.24782
0.2285
0.2103
0.18738
0.18347
0.30264
0.34674
0.29965
0.32584
0.28219
0.23497
0.34337
0.45171
0.48539
0.63472
0.65049
0.49026
0.39655
0.5376
0.62068
0.64518
0.60372
0.66463
0.64193
0.6363
0.56877
0.74952
0.87658
0.88192
0.9039
0.90737
0.9111
0.90721
0.90914
0.90374
0.89996
0.89234
0.89519
0.90637
0.91052
0.91052
0.91434
0.9146
0.9161
0.90882
0.85725
0.89266
0.66178
0.54046
0.50726
0.4531
0.34315
0.26864
0.28283
0.1995
0.17913
0.23844
0.23172
0.2041
0.2016
0.2151
0.22043
0.23646
0.46683
0.45067
0.665
0.77071
0.82436
0.8444
0.71826
0.77138
0.67829
0.50253
0.34328
0.19308
0.20177
0.18502
0.18657
0.1732
0.18386
0.25325
0.23139
0.36859
0.49858
0.5067
0.5671
0.57588
0.6182
0.65742
0.69243
0.7165
0.68177
0.6515
0.61435
0.54939
0.44418
0.34572
0.30511
0.24878
0.26704
0.31334
0.80341
0.63305
0.56359
0.4531
0.44096
0.44886
0.42728
0.37148
0.57126
0.5657
0.65849
0.86778
0.87431
0.87154
0.86396
0.85631
0.85298
0.83153
0.74202
0.57679
0.53689
0.46229
0.41353
0.3441
0.30403
0.27958
0.32062
0.60386
0.86627
0.85937
0.89482
0.87206
0.89891
0.8921
0.8442
0.77618
0.71854
0.87464
0.89275
0.89265
0.88021
0.75653
0.63204
0.55589
0.38359
0.27704
0.62141
0.89045
0.91371
0.90698
0.89658
0.88877
0.8825
0.86759
0.85528
0.87033
0.88194
0.91296
0.92052
0.90514
0.87406
0.85611
0.83388
0.82066
0.83665
0.87502
0.9116
0.99136
0.97239
0.96857
0.94011
0.92134
0.86403
0.85051
0.90532
0.89214
0.8903
0.88577
0.89253
0.88183
0.82818
0.78115
0.7432
0.76675
0.79055
0.71852
0.70083
0.67495
0.78946
0.72468
0.59337
0.53058
0.34788
0.41083
0.32485
0.44369
0.42244
0.82579
0.87527
0.90095
0.86918
0.87655
0.67216
0.68582
0.90943
0.9159
0.90523
0.88826
0.87312
0.82026
0.7127
0.72087
0.71796
0.63309
0.52191
0.45797
0.40629
0.36904
0.32512
0.30665
0.31026
0.31149
0.80747
0.82874
0.82017
0.8301
0.88079
0.87102
0.85367
0.86824
0.87688
0.79861
0.68383
0.90069
0.89813
0.88109
0.8892
0.88669
0.87303
0.9013
0.89917
0.89951
0.86291
0.87458
0.88392
0.73665
0.67704
0.74417
0.75618
0.82713
0.81804
0.81646
0.80743
0.76383
0.66139
0.64139
0.62707
0.39696
0.3337
0.45086
0.46948
0.43017
0.35318
0.28223
0.27753
0.27181
0.30011
0.33642
0.40594
0.41973
0.46626
0.51143
0.5478
0.61941
0.68516
0.76157
0.74619
0.73855
0.70724
0.64586
0.59589
0.5674
0.59896
0.70002
0.70548
0.62454
0.53433
0.51752
0.51158
0.50065
0.55813
0.67391
0.71315
0.77537
0.75818
0.66691
0.63863
0.5394
0.47034
0.40865
0.49893
0.50289
0.45818
0.49404
0.46988
0.48847
0.48045
0.57267
0.54798
0.48555
0.39854
0.32639
0.26826
0.29487
0.31513
0.80711
0.78753
0.76338
0.74969
0.74232
0.74986
0.64318
0.57725
0.67264
0.7503
0.75939
0.81379
0.80479
0.77466
0.76825
0.75381
0.73635
0.75985
0.75398
0.74461
0.74358
0.74639
0.74705
0.75133
0.76003
0.75623
0.72629
0.69294
0.61167
0.58736
0.57507
0.55261
0.51814
0.60712
0.58975
0.52779
0.48739
0.47942
0.49597
0.49197
0.48343
0.50632
0.48208
0.42591
0.44216
0.43919
0.41335
0.41318
0.3804
0.41134
0.38344
0.42945
0.59607
0.78304
0.94466
0.73446
0.72644
0.70069
0.68627
0.62369
0.5944
0.59209
0.58048
0.52084
0.48216
0.44478
0.4205
0.4
0.28748
0.23204
0.22377
0.22863
0.24718
0.21923
0.20895
0.21886
0.26365
0.40933
0.54197
0.77545
0.77792
0.7793
0.78489
0.7863
0.74447
0.71907
0.81474
0.7922
0.81204
0.77981
0.71693
0.63548
0.57972
0.53727
0.39428
0.33102
0.28627
0.26944
0.26044
0.24688
0.24829
0.25899
0.35485
0.84164
0.83244
0.89187
0.91926
0.93139
0.92911
0.93719
0.94122
0.93124
0.90827
0.88925
0.87267
0.85913
0.83696
0.82104
0.8434
0.83406
0.83846
0.84724
0.83898
0.78623
0.76676
0.72925
0.77086
0.79051
0.79068
0.79882
0.79535
0.78614
0.78048
0.78382
0.79143
0.78497
0.64062
0.55931
0.33973
0.2643
0.21984
0.1781
0.16159
0.19579
0.44056
0.5636
0.45542
0.46011
0.45224
0.33966
0.33978
0.36233
0.44081
0.44788
0.34886
0.29705
0.26457
0.21136
0.17827
0.3027
0.32662
0.42586
0.49746
0.40199
0.38691
0.31432
0.29585
0.25162
0.25772
0.22701
0.24303
0.25927
0.23648
0.31075
0.35542
0.53191
0.62576
0.67095
0.54017
0.45471
0.44496
0.64949
0.89257
0.91305
0.91472
0.91061
0.90906
0.90236
0.89887
0.89125
0.87418
0.84512
0.83032
0.84631
0.86616
0.85512
0.84498
0.87591
0.86506
0.78496
0.83913
0.82224
0.78208
0.82405
0.84713
0.77785
0.66625
0.68733
0.88456
0.89748
0.87977
0.66569
0.58301
0.45258
0.69843
0.93726
0.99958
0.99557
0.99797
0.99504
0.94654
0.98083
0.95018
0.91644
0.93465
0.95402
0.916
0.85096
0.88397
0.94479
0.91517
0.9398
0.96289
0.96466
0.95954
0.93166
0.94306
0.85742
0.79376
0.74421
0.82932
0.77507
0.84319
0.72245
0.89575
0.9704
0.99361
0.99391
0.99984
0.99328
0.99723
0.87207
0.72876
0.78164
0.76319
0.77666
0.79826
0.7775
0.67726
0.70806
0.93495
0.94321
0.98826
0.97394
0.96422
0.96411
0.93799
0.92722
0.97542
1.0006
0.99141
0.82597
0.80801
0.96671
1.0013
0.95748
0.92072
0.94897
0.91707
0.90153
0.98475
1.0003
0.98049
0.96906
0.96654
0.94898
0.93285
0.88838
0.87671
0.86737
0.89459
0.9133
0.9388
0.95202
0.95881
0.92309
0.88559
0.91552
0.91368
0.90888
0.91614
0.90737
0.90365
0.89894
0.90834
0.90663
0.90789
0.90366
0.9101
0.90568
0.88422
0.79772
0.86979
0.91079
0.91936
0.93106
0.93363
0.93741
0.93834
0.90675
0.90411
0.89374
0.89068
0.90484
0.90867
0.92005
0.86631
0.81955
0.86171
0.90686
0.92684
0.92105
0.93168
0.93882
0.84287
0.73343
0.75466
0.77429
0.56744
0.47039
0.34898
0.34737
0.34322
0.4973
0.46459
0.50083
0.8816
0.94848
0.93693
0.92892
0.90609
0.8686
0.87241
0.87042
0.91106
0.95829
0.6528
0.67019
0.68476
0.79569
0.92388
0.9291
0.9248
0.92799
0.91902
0.91754
0.89561
0.84979
0.83075
0.87023
0.9119
0.90105
0.90396
0.91256
0.87353
0.87318
0.871
0.89151
0.89152
0.89012
0.89081
0.87211
0.85996
0.82204
0.6927
0.62692
0.91635
0.91106
0.91161
0.95624
0.91251
0.8594
0.93086
0.93682
0.94451
0.94415
0.94194
0.94006
0.93882
0.93531
0.91613
0.9061
0.90131
0.90006
0.9072
0.9032
0.8991
0.85498
0.82109
0.85962
0.89251
0.89829
0.89546
0.89403
0.87775
0.86463
0.84047
0.88042
0.90864
0.89569
0.91079
0.88108
0.57336
0.38222
0.52551
0.73401
0.94663
0.94847
0.93157
0.99129
0.99727
0.99967
0.99914
0.9874
0.96753
0.93942
0.96588
0.95545
0.92979
0.97583
0.99777
0.98363
0.95286
0.94377
0.94014
0.94114
0.94212
0.90159
0.91535
0.91106
0.80283
0.5674
0.39071
0.3507
0.41342
0.68859
0.97321
0.99823
0.99937
0.99922
0.98822
0.97392
0.95125
0.9014
0.88609
0.93642
0.93754
0.85621
0.72811
0.92227
0.95172
0.84807
0.7444
0.82432
0.95985
0.86976
0.80678
0.83703
0.77907
0.73678
0.84348
0.98506
0.96322
0.85596
0.80438
0.81398
0.7909
0.86056
0.87736
0.89433
0.81509
0.61246
0.57248
0.54257
0.50985
0.83655
0.78434
0.78457
0.6234
0.4521
0.38646
0.39318
0.52447
0.58307
0.7456
0.90061
0.92414
0.95645
0.95078
0.95228
0.96556
0.96873
0.97954
0.99569
0.99769
1
0.99902
0.9984
0.99844
0.98571
0.93335
0.98052
0.99869
0.999
1.0006
0.99724
0.99716
0.97969
0.97005
0.99072
0.9922
0.9997
0.98962
0.97612
0.91947
0.96957
0.90636
0.9026
0.87287
0.75427
0.83145
0.97759
0.934
0.86701
0.81311
0.83626
0.89465
0.94872
0.96651
0.95895
0.93859
0.85818
0.83872
0.87117
0.74033
0.97166
0.97943
0.98253
0.98253
0.92603
0.89686
0.85635
0.84555
0.8443
0.76722
0.7146
0.63987
0.51984
0.53724
0.6036
0.57449
0.58162
0.62552
0.58362
0.72431
0.63393
0.64245
0.98539
0.86369
0.83323
0.76578
0.78653
0.92059
0.94672
0.96287
0.97089
0.95191
0.94779
0.9723
0.97803
0.99813
0.99821
0.99838
0.99871
0.99836
0.98622
0.95941
0.96891
0.99821
0.9986
1.0003
1.0006
0.99818
0.99759
0.91041
0.8133
0.7535
0.91249
0.95725
0.98238
0.99767
0.99855
0.99757
0.99915
0.9978
0.9704
0.99375
0.99029
0.99759
0.99898
0.99709
1.0009
0.98788
0.98888
0.96747
0.9892
0.97895
0.97602
0.97475
0.97043
0.93923
0.93407
0.93009
0.921
0.9859
0.95511
0.94879
0.93035
0.9353
0.9161
0.91668
0.92659
0.96308
0.97129
0.9687
0.97685
0.98985
0.97808
0.95624
0.96108
0.97222
0.96571
0.96252
0.96644
0.95123
0.93134
0.93954
0.93333
0.92778
0.94862
0.94731
0.94875
0.92579
0.86704
0.7827
0.86991
0.92579
0.93005
0.75543
0.65148
0.57446
0.72399
0.97699
0.94672
0.79576
0.87851
0.91254
0.8335
0.81792
0.88664
0.95331
0.94131
0.9221
0.86127
0.85811
0.81793
0.79611
0.86889
0.91206
0.94145
0.98278
0.85025
0.73506
0.75255
0.8448
0.88263
0.89547
0.88861
0.88109
0.74258
0.71226
0.67777
0.73039
0.83715
0.8018
0.86322
0.77004
0.66572
0.71434
0.80707
0.85642
0.82968
0.89715
0.95885
0.91535
0.93799
0.96016
0.91928
0.90151
0.88655
0.89038
0.88551
0.80223
0.64426
0.57139
0.57399
0.63925
0.73214
0.76785
0.68956
0.69044
0.53622
0.44762
0.49749
0.691
0.69538
0.66703
0.747
0.69404
0.66599
0.65738
0.59644
0.60273
0.67975
0.69979
0.66009
0.68748
0.63066
0.66881
0.65008
0.70686
0.68095
0.67492
0.73929
0.75716
0.72222
0.74962
0.78393
0.76743
0.76223
0.8066
0.86726
0.80756
0.80671
0.84837
0.83374
0.78697
0.78982
0.81628
0.82515
0.85567
0.96689
0.99841
0.99754
0.98963
0.88219
0.84926
0.80692
0.84614
0.92826
0.97243
0.95085
0.82116
0.78989
0.80956
0.84907
0.94312
0.99324
0.99877
1.0009
0.99663
0.88186
0.87437
0.87013
0.87449
0.91069
0.84483
0.83431
0.83624
0.75948
0.68548
0.63869
0.69768
0.79517
0.81017
0.84999
0.76617
0.73888
0.75471
0.75767
0.69822
0.70588
0.60527
0.6849
0.63466
0.691
0.69569
0.7124
0.67109
0.6401
0.67806
0.69949
0.67498
0.64147
0.61673
0.69897
0.8705
0.91277
0.92488
0.90782
0.92278
0.91954
0.92655
0.96797
0.98299
0.9742
0.98518
0.99637
0.90447
0.76654
0.73346
0.73238
0.7142
0.68174
0.64281
0.5934
0.63402
0.72332
0.64878
0.66676
0.70605
0.70289
0.72494
0.72388
0.6703
0.69656
0.62928
0.49873
0.57157
0.52221
0.45434
0.4662
0.54556
0.58086
0.5691
0.51332
0.51591
0.44344
0.43195
0.4404
0.52758
0.54241
0.4486
0.43285
0.53675
0.49303
0.502
0.53837
0.57487
0.59746
0.6406
0.6254
0.69221
0.73265
0.81243
0.83671
0.80542
0.7341
0.73313
0.68493
0.69076
0.72131
0.69455
0.65805
0.60769
0.60899
0.62169
0.61019
0.63639
0.69952
0.75586
0.73695
0.64776
0.63031
0.68309
0.66285
0.69067
0.74058
0.70664
0.6696
0.63367
0.60187
0.62413
0.59793
0.64378
0.63565
0.57589
0.53317
0.52911
0.5004
0.55005
0.57056
0.60236
0.6958
0.71416
0.69825
0.58875
0.55256
0.55223
0.59811
0.69732
0.77906
0.82744
0.81104
0.69994
0.59639
0.58652
0.607
0.58786
0.55849
0.51769
0.48772
0.53778
0.5123
0.5209
0.4944
0.49841
0.58665
0.58636
0.58513
0.5549
0.55754
0.60287
0.61171
0.70574
0.81322
0.84671
0.84025
0.74689
0.70036
0.69648
0.74865
0.84343
0.97873
0.98744
0.96222
0.78979
0.68229
0.66304
0.75436
0.87077
0.96426
0.97127
0.91202
0.84532
0.81565
0.77446
0.80024
0.79437
0.82082
0.83746
0.80089
0.72244
0.8429
0.79188
0.90295
0.96198
0.95857
0.96899
0.95964
0.91788
0.92575
0.93426
0.93737
0.96409
0.97129
0.97911
0.97771
0.97795
0.9536
0.96842
0.95883
0.93731
0.96235
0.98122
0.98752
0.9817
0.94094
0.83023
0.86427
0.84787
0.7927
0.64471
0.4615
0.48419
0.46542
0.77168
0.80152
0.99299
0.91262
0.80545
0.8425
0.93387
0.92015
0.81679
0.815
0.89279
0.63937
0.68619
0.78794
0.73883
0.71439
0.59364
0.81485
0.90813
0.95053
0.81697
0.81267
0.87863
0.88266
0.87448
0.90178
0.85201
0.84439
0.84269
0.76708
0.70375
0.60649
0.72107
0.78695
0.8966
0.87811
0.86938
0.87927
0.8785
0.91972
0.87347
0.92444
0.90236
0.89869
0.92677
0.88525
0.83497
0.80482
0.79373
0.78406
0.78125
0.74669
0.8094
0.79037
0.75918
0.76167
0.68372
0.63735
0.6853
0.66468
0.71027
0.74496
0.75931
0.80481
0.81381
0.79808
0.78202
0.71682
0.71232
0.66342
0.7146
0.76396
0.73959
0.6869
0.72797
0.78759
0.83653
0.81913
0.7365
0.74392
0.72607
0.70862
0.72584
0.78929
0.82429
0.82695
0.742
0.70801
0.71027
0.71121
0.7394
0.79719
0.78673
0.65389
0.66791
0.65109
0.71875
0.71955
0.69329
0.70876
0.6191
0.62414
0.59849
0.62594
0.6576
0.68879
0.75104
0.91436
0.99551
0.98639
0.79886
0.8505
0.87582
0.85228
0.85927
0.9126
0.97806
0.96216
0.74115
0.64986
0.70095
0.7269
0.74588
0.71242
0.68086
0.64166
0.63654
0.57435
0.56421
0.59695
0.61638
0.5948
0.59013
0.58901
0.52708
0.50199
0.4807
0.50639
0.55075
0.5419
0.52463
0.51846
0.57539
0.64475
0.60033
0.59744
0.58723
0.6669
0.69756
0.78453
0.87415
0.96798
0.93316
0.97309
0.97353
0.96994
0.98011
0.97838
0.96532
0.97791
0.96981
0.98116
0.98947
0.96846
0.98166
0.98928
0.99182
0.98912
0.98463
0.98363
0.96329
0.96665
0.991
0.99903
0.93678
0.89341
0.91333
0.92176
0.9755
0.98775
0.9799
0.95903
0.89639
0.80366
0.78699
0.82166
0.90718
0.88986
0.87832
0.87214
0.83997
0.84625
0.83072
0.82304
0.82956
0.86408
0.95608
0.96604
0.92965
0.90902
0.90196
0.88483
0.87838
0.88731
0.89759
0.89944
0.93637
0.95029
0.95507
0.93312
0.94121
0.94845
0.90913
0.88138
0.82137
0.90584
0.92303
0.95439
0.96984
0.89974
0.92702
0.98236
0.99807
0.9899
0.99062
0.99292
0.99187
0.98499
0.88646
0.75244
0.70896
0.8463
0.95666
0.96144
0.92289
0.92132
0.92781
0.95755
0.97282
0.97254
0.98502
0.99812
1.0003
0.9971
0.99708
0.99771
0.99059
0.98014
0.96285
0.98122
0.99353
0.99155
0.98193
0.92513
0.92318
0.92321
0.94241
0.95462
0.98293
0.99863
0.9764
0.95508
0.97032
0.92391
0.90057
0.96146
0.989
0.99767
0.99754
0.98503
0.95312
0.97061
0.96166
0.96977
0.98302
0.9987
1.0006
0.99831
0.99097
0.90758
0.92132
0.94147
0.92891
0.77836
0.73639
0.65478
0.59558
0.9065
0.76807
0.66412
0.68541
0.67895
0.71755
0.70787
0.76505
0.89144
0.83513
0.90224
0.7851
0.82534
0.75747
0.75405
0.72373
0.71988
0.80394
0.90232
0.76726
0.84979
0.79286
0.74278
0.77692
0.78991
0.86887
0.88946
0.90422
0.90712
0.89882
0.88616
0.90424
0.9231
0.92409
0.92214
0.94833
0.95446
0.90722
0.84899
0.91062
0.90309
0.85059
0.88034
0.91476
0.92301
0.96232
0.99368
0.98157
0.95758
0.93135
0.96967
0.98114
0.97096
0.95257
0.94661
0.92481
0.9041
0.89377
0.91379
0.93321
0.9872
0.98104
0.97903
0.96771
0.89692
0.85814
0.88962
0.87245
0.89975
0.9442
0.96338
0.96843
0.93257
0.94453
0.9596
0.95534
0.96176
0.97338
0.96886
0.96033
0.90064
0.92453
0.95812
0.96098
0.98246
0.94564
0.99081
0.98548
0.93535
0.88325
0.88397
0.93567
0.98153
0.99159
0.98927
0.94386
0.82603
0.85104
0.87642
0.95336
0.9643
0.97258
0.98739
0.98927
0.92967
0.89147
0.90408
0.9755
1.0001
0.99723
0.99819
0.99006
0.90618
0.82461
0.80138
0.90897
0.85972
0.8135
0.88581
0.96653
0.8469
0.80565
0.88549
0.88296
0.8808
0.74622
0.73258
0.77038
0.6893
0.65857
0.63661
0.59679
0.58185
0.59602
0.58358
0.47475
0.47501
0.53319
0.68203
0.80039
0.85561
0.98474
0.98556
0.98536
0.97811
0.94097
0.93176
0.92497
0.94813
0.98046
1.0009
0.97839
0.98682
0.88184
0.7724
0.83247
0.82929
0.90014
0.94421
0.98563
0.93647
0.94844
0.88865
0.96883
0.97849
0.99411
0.99814
0.99937
0.89782
0.97439
0.97779
0.92482
0.86039
0.85202
0.69366
0.7177
0.81367
0.8274
0.8019
0.96841
0.96013
0.95306
0.92455
0.90112
0.86128
0.77066
0.78228
0.94576
0.95038
0.96733
0.96665
0.97417
0.97396
0.89383
0.95463
0.92476
0.94762
0.94307
0.83582
0.95871
0.75739
0.8135
0.80049
0.85809
0.82361
0.71278
0.70041
0.62429
0.64439
0.65465
0.6692
0.66919
0.59339
0.51816
0.70555
0.68082
0.6013
0.72314
0.74789
0.65022
0.53738
0.72596
0.85715
0.81811
0.91258
0.97393
0.95244
0.95325
0.95508
0.97037
0.96872
0.96624
0.94131
0.91383
0.97706
0.97619
0.97488
0.96265
0.9397
0.97959
0.97888
0.99395
0.92652
0.91927
0.95986
0.95878
0.98494
0.83717
0.86803
0.90331
0.98272
0.97768
0.97278
0.97948
0.97901
0.99001
0.98089
1.0006
0.99971
0.99946
0.99847
0.99809
1.0009
0.99747
0.93161
0.97405
0.96604
0.99877
0.99904
1.0005
1
0.99767
0.99867
0.95102
0.93423
0.98778
0.99769
0.90541
0.58152
0.37572
0.51067
0.73004
0.85693
0.56912
0.42864
0.53261
0.41307
0.43364
0.52797
0.68017
0.86002
0.92518
0.97366
0.97075
0.96833
0.95773
0.90244
0.95609
0.94084
0.8794
0.89435
0.85439
0.85104
0.91769
0.94803
0.94775
0.9795
0.99664
0.95896
0.98201
0.98928
0.99924
0.99854
0.97866
0.9773
0.99295
0.99699
0.92749
0.92684
0.87216
0.82645
0.74469
0.90562
0.92887
0.87218
0.81689
0.77559
0.69847
0.67668
0.80479
0.78229
0.69501
0.60363
0.55409
0.54352
0.78374
0.91617
0.91541
0.91753
0.93214
0.95257
0.95775
0.96388
0.97273
0.97351
0.96859
0.9634
0.97572
0.79191
0.69409
0.56579
0.80703
0.89598
0.99375
0.99912
0.99736
0.99808
0.9981
0.99815
1.0009
0.99815
0.99105
0.99863
1.0003
1.0001
0.99005
0.87617
0.83179
0.83771
0.94432
0.99101
0.99984
0.99923
0.99796
0.99643
1.0001
0.95505
0.7868
0.89606
0.9752
0.97923
0.97651
0.99808
0.99986
0.99862
0.99971
0.99755
0.99953
1.0009
0.99803
0.99816
1.0005
1.0002
0.99882
0.99737
1.0001
0.99928
0.91304
0.7044
0.80423
0.70541
0.82797
0.69371
0.64487
0.56227
0.61429
0.64244
0.69015
0.72448
0.66707
0.75673
0.95835
0.99754
0.99733
0.99714
0.99867
0.96791
0.92535
0.94605
0.9591
0.95296
0.94617
0.95507
0.90564
0.90296
0.80088
0.9605
0.94893
0.94492
0.94755
0.9383
0.9004
0.83659
0.79616
0.82629
0.79622
0.62946
0.39823
0.34165
0.60259
0.69171
0.79374
0.85443
0.80112
0.95808
0.97698
0.99887
0.9915
0.99087
0.93378
0.97277
0.95991
0.96042
0.97458
0.97583
0.961
0.74374
0.87126
0.85196
0.89493
0.81874
0.79018
0.76728
0.75888
0.77681
0.73484
0.74326
0.70781
0.6717
0.62688
0.6497
0.581
0.52258
0.52318
0.37059
0.30288
0.2416
0.2695
0.23646
0.26074
0.27661
0.28884
0.31382
0.29363
0.31552
0.25965
0.40324
0.35355
0.36654
0.40843
0.43922
0.81076
0.58123
0.32854
0.39967
0.3648
0.33064
0.33152
0.36759
0.47663
0.44229
0.35842
0.33117
0.36925
0.34361
0.26251
0.22509
0.28329
0.36442
0.56638
0.59084
0.56873
0.59716
0.665
0.78135
0.84783
0.81415
0.69591
0.74598
0.64761
0.4955
0.47959
0.46385
0.41577
0.38618
0.40585
0.47752
0.50903
0.49216
0.69431
0.79628
0.71734
0.73132
0.75023
0.95723
0.96829
0.99118
0.97345
0.90076
0.90876
0.88203
0.93007
0.89742
0.87836
0.91665
0.88715
0.87172
0.77371
0.6624
0.57019
0.57961
0.59624
0.56192
0.51828
0.46551
0.38953
0.57095
0.62424
0.78282
0.83947
0.87007
0.92244
0.84443
0.83294
0.85199
0.86499
0.83375
0.88243
0.87347
0.85929
0.87059
0.82418
0.81961
0.78738
0.80427
0.85089
0.84708
0.88368
0.91657
0.95422
0.96534
0.9493
0.95105
0.95634
0.96899
0.97339
0.9834
0.99737
0.99725
0.98479
0.98824
0.98794
0.99336
0.99197
0.99705
0.99737
0.99759
0.99614
0.96852
0.95775
0.9616
0.95885
0.97292
0.97827
0.99979
1.0008
0.99706
1.0007
0.99956
1.0008
0.97641
0.99055
0.98896
0.9873
0.99532
1.0009
0.9975
0.97312
0.95723
0.95271
0.95422
0.95779
0.94908
0.95713
0.94014
0.93051
0.91257
0.84161
0.79753
0.80032
0.83209
0.82088
0.74678
0.74283
0.70367
0.65221
0.63347
0.62113
0.61962
0.62534
0.62143
0.60209
0.50045
0.37346
0.22876
0.20811
0.17093
0.33463
0.48626
0.56643
0.65136
0.64856
0.67682
0.67322
0.69092
0.6629
0.65298
0.88336
0.88255
0.93474
0.92403
0.92636
0.96452
0.9627
0.94896
0.97403
0.97916
0.9495
0.97692
0.87996
0.87816
0.93903
0.90856
0.95246
0.95603
0.93695
0.97482
0.98519
0.99046
0.99887
0.97458
0.93732
0.95782
0.95579
0.94953
0.94577
0.95177
0.96218
0.96157
0.95637
0.95626
0.91996
0.81344
0.91259
0.90137
0.87993
0.78486
0.77034
0.81896
0.81841
0.61544
0.7069
0.65069
0.56818
0.8746
0.78071
0.78311
0.86898
0.71042
0.41974
0.25797
0.20466
0.38084
0.38469
0.58832
0.71629
0.74416
0.73417
0.67447
0.91525
0.84879
0.8343
0.60468
0.90152
0.96238
0.96697
0.79462
0.79265
0.77669
0.81356
0.82204
0.83059
0.80831
0.60082
0.65898
0.5898
0.80784
0.80129
0.90172
0.95562
0.95885
0.95124
0.95506
0.94953
0.94228
0.93329
0.92034
0.68001
0.90688
0.86265
0.90422
0.91625
0.91377
0.92099
0.92504
0.93514
0.88726
0.88855
0.91382
0.89384
0.85948
0.75046
0.76554
0.77703
0.71352
0.6205
0.44246
0.34198
0.29929
0.42458
0.68012
0.65994
0.68962
0.81701
0.87866
0.85539
0.87502
0.6741
0.70678
0.5887
0.57413
0.58059
0.62774
0.62903
0.30248
0.47877
0.34681
0.24163
0.18021
0.18315
0.22344
0.18399
0.5565
0.55629
0.74361
0.89629
0.91117
0.91881
0.91553
0.91174
0.88296
0.88872
0.83642
0.75274
0.80815
0.79384
0.80933
0.73969
0.70148
0.65442
0.58425
0.49293
0.36274
0.37322
0.38511
0.47382
0.81466
0.85347
0.85449
0.84071
0.88471
0.88768
0.8892
0.81106
0.71348
0.57327
0.59076
0.7083
0.67712
0.72189
0.76884
0.68813
0.52976
0.29473
0.24621
0.71321
0.78165
0.82814
0.78172
0.73589
0.93536
0.98049
0.89342
0.80955
0.88943
0.88287
0.94195
0.97147
0.96981
0.97014
0.95762
0.94418
0.96124
0.97014
0.96715
0.95744
0.95078
0.94803
0.95041
0.95398
0.95104
0.93229
0.93189
0.93369
0.94234
0.94144
0.92329
0.94212
0.93656
0.90919
0.92102
0.82135
0.73221
0.61267
0.52256
0.33427
0.34414
0.44198
0.45386
0.43464
0.42493
0.35065
0.39405
0.53494
0.76382
0.93995
0.95459
0.95611
0.95231
0.94809
0.93598
0.90738
0.91263
0.92227
0.80649
0.66075
0.75723
0.69737
0.90113
0.90496
0.84316
0.91909
0.93066
0.84756
0.93262
0.86092
0.91544
0.85833
0.75292
0.60547
0.73941
0.7144
0.86307
0.76781
0.85017
0.76737
0.61912
0.6408
0.61333
0.58668
0.63564
0.78626
0.83941
0.84899
0.86161
0.85203
0.81205
0.82076
0.75266
0.66355
0.31399
0.42158
0.48438
0.51342
0.23176
0.57012
0.89055
0.93173
0.95485
0.93865
0.94366
0.94539
0.9545
0.94777
0.93246
0.89896
0.92526
0.89295
0.82123
0.82649
0.78912
0.78939
0.73406
0.68234
0.70385
0.67937
0.76263
0.93288
0.95469
0.94812
0.95646
0.9628
0.95945
0.95435
0.93281
0.90618
0.9057
0.87598
0.89564
0.87809
0.83447
0.80717
0.69657
0.62742
0.44822
0.35112
0.25114
0.21465
0.23566
0.24477
0.26562
0.22099
0.22514
0.22446
0.2341
0.24076
0.26785
0.30973
0.34464
0.38133
0.50014
0.51721
0.61411
0.71478
0.81986
0.86356
0.88913
0.90026
0.91173
0.92329
0.92933
0.93407
0.93576
0.93874
0.93758
0.93923
0.94201
0.94284
0.94445
0.94595
0.94573
0.94522
0.94074
0.93852
0.92893
0.90552
0.89272
0.88826
0.89791
0.89812
0.89876
0.89116
0.77675
0.85
0.71723
0.71164
0.79421
0.76471
0.69167
0.59548
0.57286
0.36702
0.2972
0.2564
0.2059
0.18872
0.19102
0.18282
0.19819
0.22578
0.2132
0.19852
0.21599
0.23761
0.22748
0.29937
0.34321
0.34387
0.32147
0.29698
0.30208
0.2916
0.31556
0.32745
0.28609
0.44033
0.46779
0.41939
0.34814
0.33844
0.49337
0.43346
0.30066
0.33309
0.41146
0.44411
0.41963
0.43681
0.78871
0.915
0.69768
0.65774
0.68822
0.57258
0.58626
0.56607
0.7494
0.83907
0.85138
0.85521
0.85852
0.76006
0.63022
0.8729
0.88796
0.88443
0.89056
0.75088
0.71994
0.66825
0.6905
0.70378
0.69465
0.69129
0.67783
0.61186
0.59866
0.56136
0.51943
0.54202
0.55661
0.61418
0.69103
0.74465
0.70222
0.72616
0.65664
0.67221
0.71771
0.62211
0.63546
0.57498
0.5683
0.57368
0.80387
0.84419
0.84664
0.81207
0.80621
0.53896
0.26033
0.23742
0.19471
0.12615
