0.2379
0.25341
0.21384
0.65012
0.58308
0.45563
0.543
0.54322
0.48342
0.32982
0.2911
0.32481
0.44707
0.46697
0.36839
0.32949
0.32122
0.32445
0.2843
0.31463
0.33695
0.38751
0.39529
0.82497
0.87627
0.88472
0.88225
0.87904
0.87585
0.87244
0.85903
0.84096
0.81633
0.77737
0.63673
0.59914
0.6538
0.59273
0.45465
0.44464
0.44414
0.54252
0.56718
0.54549
0.60842
0.6719
0.63937
0.5927
0.61546
0.60552
0.63034
0.58565
0.55
0.5876
0.63645
0.69728
0.7996
0.79223
0.69737
0.68288
0.59365
0.49131
0.52989
0.49893
0.45511
0.44272
0.39864
0.27424
0.21127
0.18379
0.17743
0.18839
0.18496
0.2066
0.24215
0.29329
0.34672
0.45497
0.36571
0.28122
0.30856
0.42187
0.34166
0.71055
0.58373
0.49703
0.28955
0.87077
0.41933
0.38427
0.62272
0.64192
0.60272
0.631
0.66158
0.62759
0.70345
0.93546
0.91099
0.89585
0.88356
0.8956
0.88271
0.8673
0.86549
0.86479
0.86327
0.85982
0.84092
0.84391
0.8644
0.8647
0.86126
0.86713
0.6421
0.54333
0.56275
0.49559
0.40304
0.4243
0.51555
0.51439
0.61347
0.62126
0.56681
0.67586
0.66998
0.58604
0.54034
0.42523
0.27206
0.24763
0.27722
0.34736
0.2692
0.16254
0.27565
0.3066
0.25532
0.25028
0.53262
0.43203
0.34735
0.35531
0.19748
0.13222
0.17064
0.29584
0.24446
0.21999
0.27341
0.30757
0.27817
0.3084
0.27703
0.24307
0.20757
0.40918
0.79336
0.44167
0.2873
0.2572
0.2916
0.28478
0.24001
0.25567
0.25487
0.27045
0.23843
0.27157
0.27644
0.31946
0.34052
0.3721
0.30417
0.44105
0.40314
0.70687
0.55687
0.57124
0.50884
0.66239
0.79994
0.68282
0.62852
0.37986
0.30222
0.37829
0.41625
0.53038
0.67863
0.81833
0.82266
0.72242
0.84669
0.69509
0.55873
0.38918
0.45327
0.47448
0.61075
0.80436
0.75876
0.88219
0.96089
0.93424
0.93868
0.89671
0.9174
0.93009
0.92161
0.91754
0.91306
0.908
0.9195
0.91918
0.91909
0.92319
0.9173
0.9175
0.9229
0.91322
0.92887
0.90351
0.92299
0.89046
0.81858
0.78065
0.75861
0.6744
0.65647
0.62493
0.69698
0.707
0.7185
0.70742
0.73942
0.66554
0.81432
0.75492
0.71618
0.60379
0.5331
0.57902
0.56908
0.59305
0.6291
0.64189
0.63175
0.83044
0.88086
0.87239
0.90487
0.90665
0.90207
0.90075
0.89254
0.76067
0.72373
0.74837
0.81709
0.83555
0.84279
0.81948
0.74348
0.70887
0.6049
0.54951
0.45397
0.3989
0.34775
0.33791
0.33804
0.33203
0.31597
0.4464
0.56334
0.68506
0.75691
0.79242
0.79929
0.75662
0.64669
0.6754
0.7103
0.73892
0.74084
0.76878
0.74431
0.77748
0.77592
0.81035
0.76118
0.7627
0.76128
0.76146
0.74645
0.73826
0.72882
0.70399
0.69623
0.69999
0.74233
0.72212
0.78222
0.74875
0.75182
0.73573
0.72136
0.67184
0.55006
0.47351
0.45177
0.44045
0.41691
0.40683
0.41869
0.51554
0.55683
0.71885
0.72234
0.75353
0.74613
0.74555
0.74887
0.7189
0.62518
0.4709
0.43598
0.45422
0.43717
0.43263
0.43335
0.48734
0.5358
0.62651
0.63333
0.56284
0.61785
0.69411
0.75374
0.77921
0.76453
0.76966
0.81348
0.86517
0.75715
0.75876
0.76258
0.76247
0.76375
0.76373
0.76068
0.7568
0.72484
0.62993
0.55441
0.48692
0.45072
0.44419
0.42049
0.4101
0.38318
0.35483
0.35326
0.3397
0.33459
0.31585
0.37367
0.44201
0.46531
0.56332
0.61651
0.58613
0.50823
0.48995
0.42872
0.36065
0.41939
0.53698
0.69162
0.7707
0.79507
0.83029
0.83096
0.83008
0.8394
0.80687
0.72277
0.64403
0.5667
0.46241
0.37094
0.33688
0.3166
0.22926
0.21336
0.44411
0.55026
0.69556
0.43689
0.46295
0.42133
0.42226
0.42455
0.50519
0.51986
0.64157
0.66275
0.73477
0.76062
0.7759
0.79176
0.81529
0.78825
0.78605
0.79204
0.78061
0.78619
0.80096
0.80782
0.79298
0.79571
0.76298
0.75515
0.77133
0.65344
0.59879
0.68551
0.66597
0.6343
0.55169
0.49103
0.45116
0.40419
0.35068
0.28645
0.23671
0.17385
0.12915
0.25948
0.551
0.30306
0.16756
0.12351
0.17404
0.1234
0.13517
0.14307
0.20144
0.16468
0.17283
0.14805
0.15134
0.16407
0.15448
0.22626
0.17175
0.19306
0.23668
0.20205
0.23542
0.20033
0.1741
0.17991
0.14838
0.15828
0.15461
0.19793
0.20017
0.18376
0.19866
0.19389
0.2329
0.36039
0.46366
0.60459
0.70596
0.75718
0.76079
0.79322
0.79417
0.78005
0.77349
0.7659
0.75682
0.74599
0.6874
0.75449
0.74761
0.67021
0.58291
0.60964
0.49648
0.60091
0.59741
0.46737
0.35528
0.30286
0.26218
0.21218
0.18471
0.2187
0.30665
0.27391
0.24476
0.85873
0.8241
0.80819
0.80589
0.84351
0.83796
0.811
0.76219
0.82563
0.75635
0.754
0.76362
0.87991
0.84458
0.83204
0.82247
0.83408
0.82766
0.81364
0.80268
0.80076
0.80094
0.80681
0.78555
0.79078
0.78678
0.78935
0.79041
0.78716
0.7818
0.77176
0.76841
0.76406
0.75767
0.76235
0.76792
0.76668
0.75948
0.75697
0.75287
0.75156
0.75063
0.74083
0.74984
0.76049
0.75698
0.75526
0.75789
0.76098
0.76249
0.76225
0.76898
0.74716
0.69156
0.56585
0.51459
0.41228
0.33682
0.38226
0.4781
0.65052
0.70695
0.77692
0.83212
0.76205
0.76041
0.76329
0.7706
0.77051
0.73855
0.60347
0.4771
0.38518
0.27334
0.23075
0.20632
0.19837
0.19991
0.19883
0.15071
0.21888
0.325
0.27429
0.2522
0.22047
0.22239
0.18687
0.1544
0.1553
0.17725
0.18759
0.20086
0.18485
0.19133
0.16736
0.25013
0.33637
0.30952
0.25344
0.27715
0.26804
0.30255
0.28637
0.4779
0.59596
0.52396
0.52161
0.65414
0.92869
0.96602
0.96213
0.93479
0.92256
0.91908
0.91686
0.90657
0.90288
0.89177
0.87713
0.86493
0.82141
0.81808
0.81833
0.79749
0.81998
0.84438
0.85049
0.84906
0.8364
0.82997
0.82239
0.81508
0.83921
0.84495
0.84197
0.84219
0.83203
0.82866
0.83044
0.83248
0.84292
0.85011
0.83951
0.82864
0.8218
0.80874
0.77998
0.78422
0.8165
0.78828
0.77342
0.80051
0.81823
0.7668
0.74738
0.76125
0.75343
0.77307
0.68175
0.62539
0.54846
0.47189
0.42972
0.53247
0.51561
0.49724
0.38309
0.35668
0.6544
0.73514
0.87473
0.87015
0.8446
0.81946
0.80084
0.78718
0.77723
0.77524
0.78711
0.61749
0.79378
0.83343
0.84539
0.8603
0.88004
0.89814
0.88641
0.97369
0.95897
0.94821
0.93196
0.93181
0.9188
0.9222
0.93761
0.94684
0.81611
0.80311
0.74457
0.69481
0.68495
0.7411
0.8325
0.81795
0.79267
0.76447
0.78185
0.77089
0.77643
0.72919
0.73881
0.70175
0.68745
0.75174
0.71483
0.68503
0.72094
0.65521
0.58142
0.45944
0.45855
0.84833
0.85521
0.88889
0.89942
0.91403
0.93144
0.9258
0.87976
0.92859
0.93201
0.93678
0.93848
0.92551
0.93983
0.98148
0.9489
0.93392
0.92281
0.92178
0.92212
0.91546
0.89405
0.87598
0.86088
0.79556
0.83307
0.88449
0.86919
0.76242
0.68483
0.67909
0.66308
0.53722
0.91515
0.92757
0.94187
0.92773
0.86711
0.9596
0.99753
0.99303
0.99045
0.99021
0.99011
0.9829
0.99757
0.98081
0.97883
0.97264
0.96053
0.95427
0.93407
0.84127
0.90196
0.76521
0.88329
0.8783
0.80906
0.6805
0.66665
0.56647
0.39697
0.43595
0.43096
0.44206
0.87511
0.82888
0.89173
0.66523
0.55983
0.47175
0.44112
0.9425
0.98586
0.80727
0.70182
0.79171
0.72441
0.52229
0.46004
0.36757
0.49624
0.64875
0.7363
0.68502
0.66537
0.68195
0.71526
0.9377
0.95953
0.96661
0.9677
0.95731
0.92914
0.91134
0.94767
0.94123
0.93656
0.90714
0.89578
0.87027
0.85202
0.85348
0.84837
0.88253
0.86436
0.87285
0.87426
0.75109
0.60816
0.69181
0.59058
0.73377
0.64923
0.46445
0.86706
0.92212
0.90469
0.90169
0.90426
0.90371
0.90479
0.90324
0.89174
0.88725
0.86153
0.88255
0.82849
0.93501
0.93107
0.93205
0.91468
0.91655
0.66251
0.87259
0.82784
0.9235
0.9189
0.91072
0.8943
0.88371
0.87484
0.94316
0.93985
0.92113
0.93321
0.93053
0.9232
0.92809
0.90508
0.94252
0.91135
0.93062
0.90496
0.91671
0.91832
0.91658
0.86729
0.87481
0.89157
0.8859
0.88721
0.88479
0.89332
0.89098
0.88016
0.74818
0.76032
0.87054
0.89617
0.85683
0.86229
0.86552
0.89895
0.90311
0.67878
0.90155
0.86902
0.84383
0.77909
0.82931
0.81982
0.73358
0.67443
0.66715
0.71506
0.57009
0.46775
0.5487
0.54382
0.53649
0.69279
0.73089
0.79674
0.73065
0.95414
0.94105
0.86889
0.79989
0.93516
0.93977
0.93212
0.85172
0.72284
0.78271
0.92695
0.87844
0.90368
0.90915
0.90581
0.89777
0.65908
0.73296
0.64273
0.52532
0.58977
0.78662
0.77368
0.72887
0.96355
0.94245
0.90951
0.88693
0.91668
0.9343
0.91643
0.89918
0.83487
0.90848
0.90017
0.91373
0.93354
0.9402
0.93472
0.94254
0.92469
0.91261
0.9455
0.91767
0.84045
0.90534
0.93945
0.91485
0.78043
0.74217
0.64745
0.57205
0.53716
0.52854
0.47721
0.59067
0.71081
0.86002
0.97282
0.96606
0.95546
0.94395
0.95917
0.97301
0.98328
0.99515
0.99782
0.99403
0.96188
0.95755
0.96439
0.96203
0.95771
0.89598
0.887
0.83588
0.85913
0.89898
0.92936
0.94375
0.91665
0.92185
0.83566
0.77279
0.81741
0.78686
0.6825
0.97502
0.98456
0.99387
0.92068
0.94655
0.945
0.96195
0.95802
0.91321
0.94267
0.94607
0.96642
0.97003
0.9764
0.96958
0.97128
0.97645
0.98945
0.99317
0.9974
0.98016
0.96865
0.96573
0.95863
0.94921
0.96791
0.96929
0.93842
0.92084
0.89964
0.89331
0.94954
0.9582
0.95453
0.94115
0.93171
0.89634
0.95637
0.96702
0.96613
0.89164
0.78778
0.69387
0.60106
0.57341
0.72602
0.7528
0.69607
0.58693
0.45273
0.3828
0.48312
0.43408
0.8329
0.92255
0.93795
0.82051
0.87199
0.82653
0.81816
0.82631
0.82129
0.88638
0.96063
0.97434
0.98571
0.95993
0.8921
0.85488
0.85874
0.87474
0.82745
0.74295
0.70996
0.82932
0.83741
0.83378
0.81508
0.83039
0.86088
0.8821
0.91415
0.85885
0.8144
0.76732
0.71576
0.75427
0.88185
0.95744
0.9595
0.94992
0.9561
0.95394
0.96446
0.96454
0.96559
0.96413
0.96439
0.95285
0.87413
0.83318
0.8395
0.89628
0.91883
0.92611
0.9283
0.895
0.83929
0.78077
0.75339
0.78776
0.8785
0.89651
0.91966
0.81407
0.82384
0.87529
0.95527
0.90367
0.94642
0.92041
0.90295
0.82128
0.77812
0.80495
0.81939
0.85459
0.95606
0.99752
0.96572
0.94811
0.87162
0.88888
0.86647
0.89353
0.91153
0.92714
0.788
0.83047
0.74282
0.77264
0.79479
0.83311
0.92515
0.90007
0.71689
0.57443
0.57256
0.4808
0.60935
0.57381
0.53025
0.51951
0.3285
0.38743
0.41588
0.35159
0.48338
0.54147
0.46308
0.34957
0.42563
0.45478
0.45117
0.40175
0.55233
0.53148
0.51323
0.61039
0.70536
0.72878
0.73386
0.7796
0.80854
0.89801
0.93297
0.93056
0.91659
0.82193
0.75149
0.76228
0.7494
0.79039
0.88147
0.93617
0.91881
0.82714
0.72996
0.66451
0.63479
0.67212
0.79009
0.84834
0.96844
0.74146
0.68353
0.67973
0.66066
0.75547
0.84209
0.92492
0.99582
0.92712
0.74774
0.75751
0.78496
0.91712
0.96895
0.96754
0.96519
0.92288
0.69812
0.66123
0.64421
0.64489
0.72526
0.74696
0.68976
0.7997
0.86886
0.94313
0.92154
0.86504
0.63002
0.91678
0.86743
0.95128
0.9779
0.98681
0.98994
0.9789
0.97179
0.96621
0.96968
0.89627
0.72369
0.71892
0.73765
0.81255
0.8276
0.83953
0.85526
0.79097
0.66187
0.55968
0.81368
0.82399
0.78297
0.86604
0.93523
0.92665
0.85206
0.76835
0.81943
0.73573
0.61806
0.59281
0.52455
0.64934
0.6434
0.71986
0.62666
0.64728
0.65664
0.64981
0.66148
0.75035
0.73861
0.73772
0.74595
0.78392
0.77542
0.82023
0.77173
0.74615
0.76249
0.79463
0.7804
0.79076
0.81334
0.80466
0.81031
0.77746
0.80749
0.82429
0.778
0.73333
0.64558
0.60505
0.57529
0.67182
0.69319
0.66871
0.70165
0.71173
0.72813
0.74286
0.75901
0.7446
0.75709
0.78351
0.77721
0.73372
0.7496
0.83905
0.82375
0.73704
0.72339
0.78808
0.74598
0.74463
0.79258
0.77843
0.72689
0.66302
0.69858
0.74639
0.73397
0.71013
0.69673
0.68187
0.70618
0.68006
0.64264
0.60851
0.61595
0.6477
0.71564
0.70255
0.75702
0.70066
0.70264
0.6981
0.68576
0.7093
0.75133
0.7843
0.84125
0.80324
0.74068
0.77294
0.80859
0.85633
0.96618
0.95815
0.88934
0.79041
0.78541
0.77862
0.72911
0.7199
0.6822
0.60723
0.63077
0.60494
0.60192
0.60165
0.6176
0.60727
0.58973
0.57825
0.58826
0.55975
0.50008
0.56522
0.58271
0.66886
0.65703
0.65768
0.60148
0.57183
0.59703
0.5973
0.6252
0.67166
0.7411
0.9333
0.90183
0.76478
0.67201
0.68887
0.71179
0.71421
0.65112
0.55307
0.60164
0.51547
0.54615
0.56382
0.58009
0.53955
0.46178
0.47039
0.52888
0.63814
0.63188
0.61324
0.62633
0.6594
0.72953
0.77061
0.79716
0.68811
0.66423
0.62014
0.65168
0.76451
0.92707
0.96727
0.88771
0.73174
0.63436
0.63494
0.6492
0.8225
0.93751
0.72885
0.73037
0.63978
0.6319
0.63644
0.61791
0.65916
0.75957
0.85695
0.8953
0.70703
0.61963
0.55851
0.57366
0.64943
0.73728
0.76161
0.76163
0.66449
0.62465
0.61241
0.63041
0.68756
0.66496
0.57811
0.55512
0.46147
0.38522
0.51829
0.53346
0.50185
0.56572
0.6584
0.59397
0.67576
0.66348
0.709
0.83519
0.7804
0.81616
0.87867
0.85143
0.81372
0.61351
0.92434
0.93101
0.92296
0.92272
0.93676
0.84731
0.78441
0.76631
0.7741
0.72112
0.74156
0.70252
0.77405
0.80083
0.81046
0.76362
0.70363
0.73441
0.82637
0.89209
0.99689
0.998
0.81769
0.71555
0.67388
0.69712
0.76801
0.85185
0.93335
0.93762
0.78808
0.73068
0.66054
0.66138
0.77781
0.89838
0.97443
0.9867
0.78724
0.63076
0.61856
0.66596
0.74096
0.83703
0.85308
0.87757
0.72088
0.68743
0.86743
0.90767
0.93822
0.93777
0.93297
0.92337
0.95303
0.98992
0.95604
0.83586
0.79573
0.83692
0.8565
0.76756
0.83508
0.85357
0.81032
0.95556
0.98093
0.97734
0.97099
0.96358
0.91666
0.9788
0.97183
0.96089
0.96593
0.97338
0.98551
0.99171
0.97243
0.91448
0.85368
0.82674
0.91144
0.99322
0.99665
0.97909
0.99301
0.9856
0.95543
0.91938
0.94315
0.95591
0.99246
0.99735
0.98815
0.93162
0.87664
0.90504
0.88437
0.99877
0.99919
1.0002
1.0006
0.96623
0.98482
0.95341
0.99307
0.98426
1.0011
0.99357
0.99757
0.98452
0.95233
0.97232
0.97747
0.96774
0.97754
0.95292
0.85097
0.81469
0.81598
0.75855
0.76013
0.80769
0.90566
0.88517
0.90727
0.93264
0.94601
0.95068
0.9748
0.97503
0.97595
0.99049
0.99784
0.99801
0.99686
0.98936
0.98287
0.96719
0.97338
0.98007
0.98114
0.98574
0.99035
0.93262
0.9422
0.97254
0.98242
0.92926
0.90425
0.90547
0.88993
0.92466
0.85884
0.75247
0.77171
0.80632
0.85871
0.94868
0.94794
0.96413
0.96147
0.95474
0.91925
0.91008
0.97777
0.98026
0.99973
0.99943
0.99443
0.96087
0.96243
0.95987
0.99491
0.97989
0.97504
0.97807
0.98062
0.96629
0.97954
1.0009
1.0017
0.97553
0.94522
0.9251
0.95073
0.95962
0.94537
0.95895
0.95924
0.94401
0.93675
0.89813
0.86703
0.86449
0.91147
0.97473
0.9957
0.99772
0.98828
0.96784
0.98853
0.98091
0.99083
0.98684
0.98691
0.9611
0.91593
0.94108
0.98122
0.98864
0.99648
0.98757
0.9533
0.91156
0.89778
0.91296
0.96036
0.98103
0.99163
0.99301
0.98352
0.96397
0.97103
0.95547
0.89906
0.90405
0.80014
0.75722
0.78328
0.77926
0.74237
0.76023
0.7706
0.71852
0.83662
0.869
0.90932
0.92521
0.93272
0.94507
0.96943
0.97608
0.97526
0.8498
0.76731
0.6973
0.72027
0.67064
0.77212
0.74837
0.70624
0.81374
0.87755
0.89004
0.91231
0.91507
0.95678
0.86177
0.90654
0.97817
0.88374
0.90082
0.9091
0.93817
0.98104
0.99476
0.99976
0.99809
0.99174
0.9158
0.91941
0.9583
0.95638
0.94791
0.89406
0.93995
0.91152
0.89999
0.9063
0.86845
0.89503
0.86237
0.91726
0.94287
0.92425
0.94053
0.9126
0.89225
0.90828
0.94537
0.97194
0.96176
0.9678
0.93801
0.96315
0.9611
0.96746
0.99012
0.99764
0.98927
1.0006
0.9866
0.909
0.89331
0.86692
0.78987
0.80905
0.88191
0.87447
0.90049
0.94878
0.93939
0.79147
0.86808
0.90847
0.92862
0.96262
0.96442
0.97096
0.9965
0.99802
0.99922
0.9703
0.9674
0.94808
0.89542
0.83242
0.89494
0.99795
0.99755
0.90963
0.82518
0.84071
0.7909
0.91855
0.93282
0.95061
0.83551
0.75559
0.84244
0.8217
0.76704
0.78112
0.77446
0.89328
0.82109
0.82098
0.80799
0.77969
0.70099
0.65281
0.72018
0.8621
0.7487
0.89998
0.85595
0.84884
0.77507
0.81579
0.84435
0.83471
0.76848
0.72091
0.65394
0.39735
0.40296
0.59576
0.76796
0.91185
0.91587
0.93302
0.9497
0.93941
0.94127
0.88387
0.91692
0.92165
0.89338
0.85712
0.85898
0.95853
0.9574
0.92542
0.95665
0.95857
0.97489
0.98112
0.99651
0.97258
0.88881
0.82905
0.86412
0.91556
0.86445
0.85645
0.75955
0.68714
0.68335
0.84673
0.85638
0.8902
0.89247
0.97186
0.98469
0.98281
0.95223
0.91492
0.93758
0.99771
0.99746
0.99732
0.99832
0.99726
0.9862
0.98005
0.98571
0.99238
0.99339
0.98627
0.99465
0.99875
0.98403
0.97989
0.94413
0.93345
0.91433
0.90519
0.86445
0.90411
0.9483
0.96236
0.96997
0.97831
0.97915
0.94513
0.93024
0.87704
0.87598
0.87103
0.96517
0.99909
0.98466
0.95461
0.99096
0.99804
0.95589
0.92929
0.94091
0.81827
0.88074
0.9897
0.89488
0.85705
0.93681
0.83454
0.92319
0.86168
0.87602
0.71348
0.80276
0.90446
0.91946
0.89042
0.92811
0.99058
0.99916
0.99905
0.99876
0.96665
0.88974
0.88533
0.98932
0.99868
1.0005
1.0002
0.98822
0.97289
0.99878
0.97235
0.94361
0.98717
0.97339
0.88533
0.70503
0.59593
0.66882
0.69637
0.88163
0.86385
0.93168
0.98942
0.9995
0.98876
0.93299
0.9298
0.94967
0.94937
0.96944
0.95989
0.96229
0.98246
0.96458
0.9012
0.9492
0.96151
0.82372
0.74627
0.72443
0.64796
0.67459
0.66207
0.77116
0.79145
0.99195
0.95784
0.95253
0.93528
0.95528
0.97372
0.98702
0.99912
1.0004
1.0007
0.9997
1.0005
0.98686
0.93791
0.99768
0.98736
1.0003
0.97618
0.97216
0.96329
0.942
0.92768
0.9661
0.97393
0.96831
0.9567
0.95051
0.95899
0.88225
0.94653
0.93416
0.95926
0.97326
0.96062
0.90447
0.8956
0.86363
0.7367
0.76169
0.92132
0.8523
0.78579
0.75471
0.72349
0.68588
0.61086
0.74183
0.87103
0.80714
0.77878
0.78069
0.67616
0.71111
0.81145
0.9166
0.93196
0.96758
0.93474
0.90302
0.94326
0.96806
0.96529
0.98756
0.99424
0.99959
0.99837
0.99787
0.99912
1
0.9913
0.95829
0.95507
0.95724
0.94297
0.9005
0.95935
0.94478
0.97318
0.85923
0.90903
0.80199
0.73609
0.863
0.97257
0.86661
0.90569
0.95842
0.95747
0.90882
0.93926
0.93562
0.95853
0.97046
0.96331
0.8878
0.9164
0.94345
0.92934
0.80116
0.66942
0.69569
0.77897
0.80822
0.67375
0.35673
0.32838
0.28378
0.29166
0.46401
0.65711
0.89743
0.621
0.65067
0.75804
0.82434
0.59513
0.71709
0.62376
0.76853
0.81554
0.75088
0.94995
0.97397
0.97594
0.89522
0.98111
0.98559
0.98508
0.97927
0.96872
0.96277
0.94719
0.92134
0.85604
0.86385
0.86438
0.89303
0.9001
0.86684
0.8993
0.8671
0.82391
0.77186
0.87061
0.67042
0.65207
0.82874
0.91144
0.95765
0.98043
0.99061
0.98779
0.97619
0.97699
0.97915
0.97207
0.95631
0.94771
0.9587
0.95786
0.94205
0.92791
0.90403
0.76643
0.9558
0.85939
0.82994
0.76914
0.76233
0.7141
0.65354
0.6582
0.78682
0.7483
0.75248
0.57034
0.41693
0.47241
0.48007
0.72811
0.78347
0.69435
0.58567
0.43697
0.31416
0.33382
0.39485
0.40049
0.46101
0.52365
0.49635
0.4051
0.32169
0.33054
0.33553
0.32493
0.50298
0.78841
0.75938
0.66593
0.6261
0.67047
0.62437
0.72289
0.71545
0.94117
0.97093
0.98822
0.97734
0.9745
0.97378
0.97559
0.98212
0.98302
0.96366
0.96021
0.96035
0.94432
0.9448
0.94427
0.94521
0.94106
0.94299
0.90694
0.75923
0.66105
0.64878
0.36328
0.92281
0.6724
0.73846
0.84841
0.80341
0.76216
0.95357
0.94928
0.98447
0.99909
0.9184
0.85734
0.89966
0.97471
0.91814
0.84016
0.87267
0.88196
0.91511
0.8756
0.86999
0.87626
0.97893
0.96137
0.95922
0.96763
0.92975
0.81609
0.92421
0.96305
0.99852
0.98752
0.99936
0.99865
0.99803
1.0004
0.99746
0.97544
0.77487
0.72236
0.65635
0.66805
0.6443
0.47275
0.36176
0.32857
0.40763
0.48385
0.51742
0.6565
0.70747
0.55216
0.43075
0.35957
0.39251
0.43629
0.49428
0.5874
0.60236
0.62903
0.94144
0.97532
0.9782
0.98222
0.99708
0.96548
0.97326
0.97487
0.96408
0.96647
0.97425
0.97098
0.97786
0.98544
0.98091
0.97926
0.97584
0.96807
0.92168
0.92962
0.84542
0.73621
0.66376
0.54216
0.50347
0.47292
0.56501
0.66245
0.70245
0.70414
0.64648
0.61106
0.64325
0.58881
0.53757
0.47897
0.55385
0.66197
0.79235
0.8258
0.77665
0.7769
0.80509
0.81332
0.83952
0.65181
0.47188
0.41763
0.35592
0.31846
0.35146
0.34811
0.5013
0.75033
0.94969
0.93445
0.94079
0.94901
0.9618
0.96609
0.93975
0.93023
0.92053
0.9346
0.92829
0.84272
0.88234
0.78966
0.88616
0.91856
0.91068
0.92077
0.91405
0.91196
0.91436
0.91346
0.93909
0.89727
0.74241
0.70661
0.57933
0.65425
0.80285
0.87295
0.8567
0.74243
0.74678
0.57519
0.65497
0.70599
0.66059
0.58795
0.6643
0.65812
0.92098
0.92279
0.68503
0.57068
0.49192
0.40713
0.32374
0.63988
0.74555
0.82669
0.93503
0.90471
0.94999
0.95782
0.95519
0.95652
0.95337
0.95501
0.95138
0.59396
0.38763
0.37459
0.40241
0.38878
0.33734
0.27395
0.37897
0.40059
0.32075
0.33237
0.27824
0.26242
0.28604
0.25293
0.28049
0.24022
0.4159
0.41339
0.4319
0.52
0.58515
0.58445
0.73791
0.78581
0.88108
0.88166
0.7705
0.70151
0.73788
0.7452
0.90189
0.91584
0.92039
0.92583
0.86038
0.87527
0.79054
0.75579
0.73802
0.65351
0.6107
0.37545
0.40461
0.33676
0.44584
0.35246
0.41689
0.40065
0.30836
0.30996
0.32743
0.36062
0.44391
0.3018
0.32158
0.3179
0.29647
0.27673
0.35117
0.45902
0.44757
0.33319
0.29969
0.31616
0.33318
0.4524
0.37552
0.49388
0.54813
0.66003
0.78509
0.82568
0.84542
0.85824
0.86749
0.64389
0.72196
0.84463
0.87859
0.749
0.6972
0.69491
0.67589
0.66747
0.68043
0.64546
0.65795
0.64478
0.66945
0.5528
0.566
0.58195
0.49896
0.25011
0.262
0.32347
0.36352
0.53355
0.6132
0.60837
0.59074
0.69074
0.72409
0.85911
0.85195
0.87787
0.89284
0.86231
0.86023
0.85228
0.84836
0.88695
0.90302
0.91792
0.90986
0.90631
0.81957
0.81993
0.72265
0.73877
0.73663
0.85338
0.67539
0.65975
0.52726
0.57198
0.58164
0.63049
0.57706
0.4793
0.46079
0.44423
0.43864
0.42363
0.50175
0.70262
0.70283
0.57888
0.58942
0.6163
0.87171
0.90265
0.9143
0.91921
0.92147
0.90443
0.88855
0.90381
0.91633
0.90696
0.94405
0.97225
0.95227
0.94632
0.93141
0.91453
0.89312
0.91102
0.91684
0.87638
0.74778
0.74853
0.90291
0.90862
0.80004
0.80721
0.92898
0.89497
0.88439
0.86388
0.8975
0.77366
0.86991
0.86083
0.87292
0.72956
0.61179
0.48672
0.46147
0.42456
0.42176
0.36697
0.34414
0.34933
0.33944
0.31726
0.51708
0.67511
0.64313
0.566
0.49906
0.48837
0.49093
0.52176
0.52063
0.52338
0.55782
0.52024
0.41949
0.52013
0.8151
0.84749
0.66493
0.75801
0.93035
0.91578
0.89145
0.86544
0.64546
0.61563
0.91173
0.83204
0.42426
0.26024
0.21506
0.1829
0.22123
0.30945
0.37174
0.73278
0.84043
0.82113
0.90533
0.86297
0.86047
0.84792
0.95091
0.94373
0.95073
0.94239
0.95035
0.95828
0.96365
0.93122
0.86134
0.79644
0.72718
0.5401
0.82134
0.89376
0.9044
0.92463
0.92939
0.931
0.92551
0.93204
0.94037
0.95512
0.93263
0.91892
0.91146
0.90617
0.90263
0.89242
0.73756
0.71369
0.77967
0.81636
0.63461
0.65324
0.89154
0.79954
0.60604
0.5602
0.51962
0.49476
0.6039
0.60985
0.51031
0.38872
0.38822
0.31803
0.25446
0.33464
0.4678
0.53499
0.43083
0.57127
0.72225
0.59941
0.80319
0.86681
0.89467
0.90427
0.90992
0.90822
0.88441
0.75373
0.74192
0.66154
0.59824
0.64512
0.75055
0.65973
0.64186
0.76442
0.76696
0.77398
0.71196
0.62189
0.69035
0.76012
0.74528
0.71382
0.70155
0.68308
0.61621
0.63399
0.62977
0.58433
0.6682
0.53327
0.20233
0.17168
0.27239
0.2194
0.16047
0.1602
0.31326
0.45759
0.38756
0.3554
0.33364
0.34184
0.33567
0.3803
0.40684
0.28506
0.24172
0.27757
0.40013
0.59774
0.86418
0.90668
0.92012
0.92445
0.92132
0.92027
0.91871
0.90952
0.78425
0.66813
0.55287
0.5069
0.4211
0.47603
0.43758
0.35936
0.24671
0.23328
0.24905
0.25525
0.39052
0.47838
0.54134
0.52164
0.74168
0.84984
0.83162
0.75369
0.60831
0.72822
0.7123
0.80011
0.86869
0.87382
0.88261
0.88829
0.89541
0.89588
0.91526
0.91063
0.88069
0.90668
0.87239
0.86641
0.82091
0.79406
0.58458
0.76047
0.7913
0.85527
0.84415
0.8195
0.78374
0.68789
0.55756
0.46323
0.54812
0.7118
0.82686
0.85021
0.89022
0.89613
0.90047
0.8998
0.89969
0.9001
0.9009
0.90179
0.89957
0.89691
0.89717
0.89399
0.89095
0.8852
0.88223
0.84715
0.716
0.62829
0.59051
0.47095
0.40192
0.41101
0.4625
0.44597
0.40396
0.41035
0.58787
0.80749
0.79746
0.73591
0.72887
0.65448
0.75647
0.70777
0.4247
0.7538
0.52472
0.88742
0.84171
0.84739
0.8204
0.8067
0.84807
0.87188
0.88141
0.87606
0.891
0.90044
0.89895
0.91387
0.92295
0.92544
0.93096
0.93145
0.93481
0.93908
0.94078
0.94096
0.94201
0.93685
0.78038
0.86447
0.65808
0.74478
0.92555
0.94208
0.94873
0.94068
0.92781
0.91504
0.88915
0.88082
0.87762
0.87028
0.87934
0.87265
0.84102
0.83426
0.84049
0.8586
0.74038
0.75432
0.68885
0.66567
0.70904
0.70897
0.67157
0.51726
0.46821
0.42069
0.45289
0.43866
0.72852
0.42822
0.47238
0.81665
0.78964
0.72657
0.80859
0.85646
0.86128
0.85412
0.82789
0.81523
0.82554
0.82174
0.82225
0.81578
0.81404
0.8143
0.80625
0.7803
0.77364
0.7668
0.76485
0.76381
0.76268
0.76696
0.76104
0.76212
0.76188
0.76216
0.75888
0.67682
0.54111
0.4084
0.32032
0.32255
0.33822
0.36723
0.38561
0.37448
0.33028
0.36271
0.37327
0.38083
0.34686
0.33014
0.41798
0.4761
0.50582
0.58964
