0.7635
0.72852
0.73907
0.56293
0.77093
0.77545
0.72665
0.67628
0.785
0.76762
0.77822
0.74694
0.47483
0.81011
0.83378
0.82491
0.71243
0.85814
0.87655
0.87706
0.88204
0.87571
0.86411
0.84576
0.82977
0.8041
0.7717
0.60352
0.59698
0.66627
0.51576
0.42599
0.35647
0.28475
0.22799
0.22614
0.58091
0.59309
0.78105
0.88125
0.83958
0.76946
0.4818
0.47848
0.4605
0.82864
0.86265
0.87004
0.88522
0.88984
0.87955
0.88201
0.87912
0.87985
0.88238
0.8724
0.8621
0.8559
0.84931
0.82063
0.7966
0.77492
0.74141
0.7565
0.75614
0.75291
0.6892
0.5286
0.41315
0.35309
0.28068
0.25302
0.2916
0.26112
0.26479
0.26701
0.27078
0.26535
0.25565
0.27086
0.25819
0.2528
0.2549
0.26101
0.26501
0.27963
0.29831
0.33101
0.39891
0.36326
0.31234
0.30112
0.29882
0.30744
0.58354
0.69125
0.70843
0.71697
0.69632
0.71779
0.69527
0.62119
0.64768
0.54657
0.55328
0.50262
0.45913
0.41194
0.4074
0.42163
0.42268
0.41089
0.43341
0.44073
0.32549
0.24699
0.21742
0.20083
0.21897
0.18143
0.16025
0.19358
0.25774
0.37573
0.54519
0.82374
0.836
0.82862
0.82624
0.84115
0.8464
0.84742
0.84526
0.84573
0.854
0.8664
0.86035
0.88535
0.88136
0.85781
0.84444
0.82712
0.81316
0.76947
0.74106
0.67103
0.54103
0.50097
0.47783
0.44418
0.43532
0.44136
0.45616
0.46402
0.45993
0.46007
0.48581
0.51414
0.5711
0.59534
0.60592
0.6026
0.59485
0.59628
0.65695
0.69736
0.70667
0.70069
0.71584
0.60418
0.51783
0.48139
0.43203
0.37849
0.36914
0.36735
0.36581
0.37345
0.38441
0.38263
0.48744
0.35476
0.4626
0.37424
0.4045
0.38788
0.40138
0.44776
0.45463
0.36429
0.35013
0.35262
0.39317
0.37236
0.37118
0.34407
0.36952
0.35558
0.33081
0.3165
0.29957
0.32699
0.32541
0.31273
0.32686
0.30154
0.30001
0.30398
0.29298
0.30819
0.32413
0.33129
0.33521
0.39457
0.37623
0.35395
0.39009
0.37421
0.38668
0.38031
0.36062
0.37006
0.51818
0.81049
0.51032
0.4144
0.37677
0.3431
0.34744
0.47128
0.73974
0.86565
0.9202
0.70868
0.68928
0.87876
0.85835
0.83182
0.82885
0.82088
0.80731
0.79509
0.75391
0.73661
0.73207
0.7253
0.7203
0.69367
0.62129
0.48167
0.41953
0.41767
0.41192
0.41681
0.41536
0.40954
0.37588
0.38623
0.38593
0.35851
0.33725
0.31203
0.30409
0.47229
0.47303
0.40811
0.52043
0.64774
0.74785
0.73887
0.74065
0.74282
0.74171
0.70784
0.4338
0.35917
0.32205
0.31781
0.31173
0.32532
0.33855
0.7127
0.71988
0.72435
0.72358
0.67557
0.46942
0.37455
0.32928
0.30217
0.29411
0.2912
0.29533
0.2955
0.30252
0.30697
0.29744
0.30146
0.3071
0.32174
0.36301
0.34275
0.30528
0.28494
0.24453
0.20347
0.18167
0.21686
0.27737
0.51903
0.85793
0.81393
0.83193
0.82818
0.81838
0.78105
0.73944
0.63898
0.62775
0.575
0.49134
0.50018
0.54079
0.5741
0.68875
0.70552
0.71077
0.7072
0.59513
0.51675
0.77047
0.79882
0.80183
0.79841
0.60703
0.61511
0.60432
0.73638
0.77849
0.78096
0.75689
0.72755
0.6549
0.60547
0.43392
0.38267
0.36438
0.32133
0.28346
0.2445
0.19286
0.2226
0.3021
0.29698
0.28167
0.23671
0.15607
0.1621
0.1404
0.11998
0.12303
0.17702
0.2249
0.48078
0.53452
0.53899
0.50385
0.48921
0.54062
0.55443
0.56809
0.58065
0.46933
0.44084
0.42853
0.35921
0.36447
0.46454
0.41641
0.34092
0.39617
0.39089
0.3655
0.40835
0.46058
0.52082
0.44113
0.38155
0.43606
0.44606
0.41713
0.32662
0.30079
0.31683
0.31131
0.30785
0.37836
0.4102
0.42183
0.42355
0.41383
0.38818
0.37557
0.37147
0.37683
0.37004
0.32338
0.26626
0.25572
0.26474
0.28951
0.33435
0.39484
0.43407
0.43008
0.43385
0.57252
0.64261
0.6454
0.67679
0.71302
0.6578
0.55432
0.44204
0.38074
0.47679
0.54387
0.41314
0.3741
0.38515
0.3908
0.27188
0.368
0.40293
0.36516
0.37491
0.3743
0.4101
0.43445
0.41651
0.40779
0.41188
0.41693
0.43122
0.43092
0.43089
0.50291
0.53294
0.52928
0.49315
0.44052
0.38564
0.33076
0.32308
0.29254
0.28467
0.27164
0.27357
0.25024
0.21969
0.23569
0.22789
0.20671
0.21837
0.21831
0.28251
0.28445
0.22459
0.20755
0.20439
0.20172
0.21294
0.17843
0.16356
0.17529
0.18672
0.20049
0.20871
0.19365
0.1909
0.18889
0.19938
0.22597
0.26037
0.30571
0.33057
0.30345
0.39881
0.70234
0.86605
0.89728
0.93223
0.9442
0.94554
0.91105
0.7713
0.90383
0.95069
0.94515
0.92137
0.9374
0.92032
0.91838
0.92598
0.92315
0.91793
0.90235
0.86935
0.86978
0.86269
0.78722
0.72218
0.68574
0.68424
0.69004
0.64709
0.57523
0.57021
0.56649
0.56358
0.57853
0.54523
0.52816
0.49364
0.59344
0.67732
0.65014
0.52866
0.53811
0.64027
0.67424
0.65788
0.87384
0.88856
0.85459
0.92327
0.91386
0.95739
0.97311
0.96793
0.71214
0.74694
0.68725
0.73646
0.57495
0.59092
0.69277
0.77326
0.88058
0.86642
0.85392
0.83598
0.81633
0.81043
0.804
0.80479
0.81613
0.7872
0.59039
0.4522
0.37029
0.29411
0.22891
0.33544
0.5762
0.58451
0.39573
0.34063
0.37305
0.41905
0.40224
0.44288
0.71529
0.7118
0.84713
0.63503
0.51599
0.45015
0.39094
0.40488
0.42123
0.41272
0.43296
0.94419
0.62627
0.76859
0.70623
0.88999
0.8848
0.8462
0.84035
0.81203
0.78454
0.76896
0.62014
0.53373
0.50277
0.86762
0.85567
0.85166
0.85252
0.84852
0.84666
0.85318
0.87459
0.88788
0.89677
0.90996
0.91892
0.92069
0.91512
0.90271
0.89379
0.87196
0.83481
0.8198
0.82972
0.78614
0.79566
0.80348
0.82838
0.81859
0.83259
0.83252
0.8279
0.82274
0.73512
0.76132
0.79211
0.5302
0.46541
0.52584
0.53964
0.49823
0.49706
0.4628
0.45442
0.44355
0.41417
0.41382
0.40993
0.36844
0.35283
0.35085
0.31659
0.33057
0.3324
0.3232
0.32285
0.29559
0.27785
0.31189
0.31024
0.3407
0.30768
0.22457
0.2708
0.35289
0.31885
0.38904
0.38448
0.39606
0.37845
0.34736
0.33743
0.36162
0.37428
0.4036
0.476
0.45374
0.4315
0.42888
0.43163
0.4158
0.41174
0.39986
0.39461
0.39658
0.35312
0.33343
0.33126
0.332
0.34941
0.35313
0.39482
0.51698
0.67687
0.61844
0.73144
0.79154
0.81929
0.81324
0.63148
0.56054
0.53728
0.39159
0.42692
0.55766
0.68775
0.59738
0.54769
0.48227
0.40618
0.34957
0.35894
0.59616
0.88378
0.90873
0.921
0.92057
0.91162
0.89206
0.87336
0.87996
0.88422
0.88887
0.90437
0.89118
0.8817
0.82427
0.59127
0.48283
0.46358
0.46984
0.46165
0.41478
0.37993
0.32286
0.24417
0.24699
0.31183
0.38728
0.42548
0.42052
0.48273
0.52762
0.59787
0.53367
0.62226
0.74339
0.81636
0.80265
0.85437
0.83203
0.8032
0.51357
0.35558
0.28729
0.30633
0.27042
0.29415
0.67286
0.44354
0.33257
0.37922
0.38637
0.39354
0.52507
0.62834
0.52411
0.45529
0.42605
0.81848
0.8239
0.8821
0.8859
0.8915
0.88319
0.86888
0.80158
0.83228
0.67636
0.55918
0.50318
0.5148
0.8412
0.87525
0.86192
0.85737
0.51851
0.51477
0.82763
0.85082
0.83677
0.77701
0.78692
0.77456
0.8161
0.83838
0.7267
0.81178
0.80731
0.81169
0.80034
0.77868
0.73092
0.64212
0.56014
0.63973
0.77025
0.47835
0.38821
0.38868
0.81436
0.87803
0.89998
0.91933
0.91839
0.91327
0.90543
0.89425
0.90133
0.77356
0.51569
0.4518
0.47495
0.71171
0.58783
0.41929
0.32924
0.34087
0.29302
0.28128
0.2949
0.18417
0.17442
0.16821
0.28838
0.38309
0.41138
0.55435
0.94914
0.95316
0.94942
0.94457
0.94772
0.95441
0.94451
0.92935
0.91365
0.90736
0.89711
0.88574
0.88031
0.87757
0.81291
0.78293
0.77295
0.79746
0.60305
0.53982
0.49177
0.5596
0.67013
0.8551
0.85402
0.79292
0.58662
0.54244
0.4812
0.4325
0.42289
0.41828
0.75508
0.36724
0.40903
0.38113
0.38666
0.39692
0.4495
0.42779
0.38378
0.41419
0.38486
0.44164
0.89658
0.91454
0.92018
0.9192
0.91712
0.91957
0.91996
0.91259
0.9165
0.81967
0.93192
0.93655
0.93553
0.93004
0.84042
0.76668
0.74223
0.91001
0.90258
0.9153
0.91253
0.90644
0.89095
0.86548
0.88615
0.88527
0.8854
0.89586
0.90793
0.90803
0.90695
0.90842
0.91333
0.89052
0.75632
0.69367
0.61715
0.49343
0.41012
0.47117
0.60151
0.69644
0.73835
0.77055
0.59843
0.86323
0.85366
0.76378
0.72563
0.68679
0.67202
0.64828
0.76788
0.67551
0.50881
0.4725
0.45953
0.40486
0.48995
0.6187
0.84651
0.94999
0.98451
0.8865
0.89239
0.87159
0.87279
0.83397
0.61945
0.6087
0.5482
0.55267
0.48606
0.46003
0.67142
0.54356
0.39255
0.28138
0.29061
0.28687
0.38091
0.45851
0.42585
0.35616
0.27485
0.25858
0.26481
0.28851
0.92206
0.98205
0.97407
0.98114
0.97271
0.97351
0.97858
0.9694
0.96887
0.946
0.93847
0.89262
0.89263
0.80466
0.65635
0.57392
0.52821
0.52496
0.54457
0.55418
0.67577
0.70622
0.97483
0.9519
0.83214
0.70901
0.62731
0.58205
0.61187
0.59641
0.63675
0.74228
0.82447
0.91291
0.99823
0.99099
0.99908
0.99808
0.99986
0.99915
0.97191
0.88747
0.87563
0.99752
0.99085
0.99146
0.99115
0.9982
0.99894
1.0007
0.99835
0.99817
1.0002
0.99759
1.0001
0.98398
0.96441
0.98223
0.98589
0.97819
0.94916
0.82233
0.72016
0.47467
0.47244
0.50562
0.50842
0.46271
0.57213
0.59165
0.47684
0.57685
0.62764
0.79847
0.82013
0.89834
0.93037
0.99026
1.0002
1.0009
1.0005
1.0002
0.99725
0.99798
0.99935
0.82632
0.84103
0.99763
1.0009
0.99903
0.96061
0.99953
0.99882
0.98227
0.94847
0.96705
0.98447
0.9813
0.99061
0.97282
0.97253
0.96268
0.96357
0.96531
0.94604
0.94739
0.96963
0.91511
0.98144
0.9593
0.64117
0.52485
0.51397
0.54038
0.50563
0.48835
0.54681
0.40043
0.32309
0.40436
0.61984
0.72167
0.76476
0.79431
0.83078
0.99985
0.96259
0.80071
0.77115
0.76859
0.93668
0.99776
0.99943
0.99778
0.99142
0.99525
0.97586
0.97512
0.98807
0.98662
0.97575
0.92929
0.94274
0.95781
0.94935
0.94931
0.96628
0.96696
0.98052
0.97706
0.74882
0.67122
0.6611
0.61368
0.59168
0.62276
0.78062
0.99284
1.0006
0.9986
1.0005
0.99854
0.9974
0.98043
0.97254
0.97513
0.96153
0.92638
0.86631
0.86807
0.88133
0.90791
0.88311
0.91379
0.90758
0.90001
0.8864
0.87581
0.88009
0.91027
0.92936
0.88749
0.6835
0.54256
0.49924
0.50083
0.51396
0.58768
0.64815
0.89184
0.96866
0.95785
0.81548
0.81404
0.90457
0.84246
0.75671
0.70187
0.90296
0.883
0.97369
0.9715
0.95846
0.94891
0.88389
0.83267
0.95658
0.94586
0.92944
0.85658
0.70845
0.96532
0.96643
0.9647
0.94996
0.90089
0.81161
0.65373
0.52889
0.46526
0.62998
0.68558
0.60019
0.88334
0.92179
0.93087
0.95363
0.95919
0.94022
0.93372
0.9269
0.91081
0.87263
0.8027
0.85848
0.94728
0.9592
0.92029
0.71064
0.64441
0.62016
0.60484
0.57333
0.56395
0.58304
0.59379
0.57829
0.561
0.59501
0.61799
0.494
0.49485
0.58151
0.73336
0.65652
0.48777
0.51186
0.55969
0.58855
0.52324
0.54585
0.63449
0.66312
0.54824
0.51759
0.50152
0.48109
0.45515
0.46123
0.62549
0.52845
0.54223
0.55547
0.58521
0.56006
0.57233
0.96284
0.78368
0.45812
0.57794
0.59936
0.66515
0.73416
0.71237
0.79172
0.66387
0.47519
0.44661
0.45863
0.48524
0.43062
0.38789
0.40595
0.54889
0.48351
0.41491
0.43019
0.48581
0.48037
0.49762
0.50982
0.51932
0.60819
0.61499
0.64807
0.589
0.50699
0.5562
0.78949
0.86806
0.79683
0.74991
0.73725
0.80556
0.96412
0.9521
0.8966
0.91759
0.73841
0.75076
0.65847
0.68339
0.68848
0.64258
0.72632
0.79447
0.77764
0.71824
0.69864
0.6471
0.58295
0.78539
0.78295
0.79543
0.76324
0.72693
0.69046
0.74683
0.67825
0.64451
0.95784
0.99808
0.99988
0.97936
0.85861
0.96321
0.99966
0.98932
0.97744
0.89055
0.64843
0.63905
0.59834
0.56309
0.51458
0.59038
0.50552
0.82175
0.59638
0.64705
0.57467
0.51087
0.46007
0.48829
0.6572
0.74441
0.50675
0.55963
0.75085
0.78253
0.82777
0.97132
0.98154
0.97106
0.96826
0.9706
0.96353
0.96948
0.9662
0.96121
0.88562
0.95128
0.87911
0.84074
0.69378
0.64667
0.99018
0.94657
0.79196
0.83656
0.86374
0.66657
0.60322
0.53466
0.47
0.45052
0.42285
0.68946
0.6817
0.75233
0.80491
0.72165
0.73572
0.75179
0.77416
0.8256
0.74846
0.72047
0.66765
0.58218
0.51161
0.53016
0.5173
0.70409
0.44611
0.49589
0.45681
0.46568
0.43216
0.37524
0.43507
0.44064
0.43559
0.52514
0.47694
0.41569
0.40094
0.35911
0.31907
0.59173
0.63404
0.55224
0.4694
0.40653
0.34846
0.48354
0.55058
0.76072
0.78934
0.80626
0.74582
0.66672
0.61309
0.56076
0.50107
0.51879
0.46799
0.48037
0.46203
0.47069
0.4471
0.41215
0.41662
0.42101
0.39801
0.41147
0.41713
0.36804
0.37588
0.39584
0.35857
0.37239
0.38237
0.35095
0.35679
0.39198
0.36767
0.37603
0.40092
0.41831
0.43487
0.38389
0.3422
0.32884
0.34218
0.41865
0.50346
0.70427
0.72833
0.71316
0.75901
0.73413
0.77023
0.88671
0.98136
1.0008
0.99462
0.99728
0.98634
0.97807
0.95136
0.95314
0.93173
0.92003
0.97446
0.99588
0.99664
0.95063
0.8439
0.83684
0.75555
0.71475
0.63819
0.63289
0.6252
0.56933
0.52914
0.49734
0.58978
0.6982
0.65376
0.60818
0.52014
0.46872
0.45975
0.49206
0.52332
0.60039
0.52058
0.46269
0.48295
0.47314
0.43946
0.42989
0.48513
0.56145
0.50498
0.55934
0.54891
0.53064
0.52269
0.52009
0.5292
0.55415
0.56966
0.59874
0.60871
0.59843
0.63952
0.6464
0.58941
0.57398
0.52081
0.69507
0.67369
0.61159
0.56418
0.51015
0.52414
0.56647
0.54893
0.51249
0.46517
0.41126
0.3922
0.34207
0.44306
0.52277
0.67549
0.87188
0.95621
0.9663
0.92196
0.92241
0.93854
0.97349
0.99892
0.99919
0.98789
0.87804
0.81508
0.88608
0.99739
0.99996
0.99912
0.9698
0.69958
0.60643
0.59872
0.57416
0.5206
0.53628
0.49869
0.48999
0.51376
0.50116
0.49825
0.52981
0.66518
0.70141
0.56434
0.54385
0.60417
0.56148
0.47116
0.463
0.46964
0.486
0.45929
0.47288
0.4707
0.48559
0.45533
0.43116
0.46064
0.49396
0.5654
0.56647
0.51448
0.49976
0.5312
0.62816
0.71255
0.71213
0.70009
0.72321
0.62984
0.61199
0.61451
0.71368
0.78576
0.78951
0.75417
0.7246
0.69084
0.60338
0.55344
0.55512
0.61748
0.75614
0.75003
0.72273
0.65057
0.55683
0.52868
0.6328
0.65018
0.60184
0.53988
0.56005
0.54827
0.57276
0.61472
0.65936
0.68021
0.77499
0.87301
0.82114
0.79623
0.65764
0.65929
0.69753
0.68712
0.89795
0.8538
0.94734
0.92541
0.95328
0.97602
0.92912
0.87534
0.89065
0.90503
0.88266
0.83791
0.78547
0.74901
0.7025
0.63523
0.64314
0.66277
0.60163
0.59547
0.59379
0.59361
0.61653
0.70243
0.64504
0.70231
0.71425
0.65996
0.62626
0.58254
0.56581
0.49446
0.54135
0.52898
0.51951
0.48894
0.48632
0.49898
0.59685
0.58686
0.75029
0.89003
0.95257
0.96062
0.93935
0.92649
0.9678
0.99872
0.99821
0.99822
1
0.96862
0.8413
0.70307
0.56133
0.51922
0.83165
0.89235
0.94645
0.97746
0.98598
0.97726
0.97528
0.90638
0.81246
0.70523
0.61968
0.66487
0.9692
0.9898
0.99853
1.0001
0.95965
0.9412
0.97457
0.97743
0.92527
0.94617
0.99985
0.98856
0.87613
0.7568
0.59591
0.993
0.8739
0.94252
0.96438
0.96639
0.97023
0.97178
0.96227
0.96036
0.96965
0.98181
0.98008
1.0022
0.95829
0.95619
0.97361
0.87583
0.85858
1.0042
1.0049
0.99972
1.001
0.9982
0.99795
0.97942
0.8354
0.80115
0.78183
0.74444
0.77399
0.78305
0.72077
0.82318
0.80541
0.79925
0.72949
0.74221
0.64197
0.52575
0.73136
0.70871
0.8241
0.8574
0.88586
0.82422
0.83241
0.90382
0.96531
0.96637
0.96157
0.96333
0.95784
0.96066
0.99424
1.0039
0.9983
0.99933
0.99809
1.0007
1.0046
1.0025
1.0032
1.0042
0.96283
0.60459
0.52875
0.54419
0.68954
0.56825
0.94362
0.99706
1.0035
0.99806
1.0015
1.0045
0.99731
1.0022
1.0028
0.96762
0.96649
0.80833
0.70758
0.61898
0.56399
0.55203
0.78648
0.90653
0.97462
0.99814
0.99994
1.0025
0.75317
0.92721
0.99737
1.0027
1.0032
0.96246
0.92607
0.9983
0.97579
1.0033
0.99942
1.0012
0.99902
0.94903
0.95792
0.97718
0.97925
0.97572
0.9708
0.96296
0.98278
0.98045
1
0.9909
0.98644
0.99493
1.0003
0.9991
0.97661
0.79673
0.73547
0.76594
0.71176
0.90862
0.78856
0.85089
0.92762
0.96811
0.97326
0.97575
0.97581
0.97557
0.97332
0.93583
0.88022
0.84756
0.86171
0.89309
0.918
0.94746
0.97924
1.003
0.99666
0.95851
0.71451
0.71381
0.78365
1.0015
1.0008
0.99972
1.0008
0.919
0.80423
0.93976
0.77908
0.63768
0.58558
0.68705
0.72415
0.7577
0.85116
0.96132
0.99449
1.002
0.99917
1.0021
0.99688
0.98263
0.98136
0.97755
0.9879
0.97266
0.92325
0.87907
0.78524
0.71028
0.74597
0.78245
0.81913
0.74707
0.64318
0.65242
0.82419
0.94582
0.97864
0.98982
0.99959
0.98865
0.9761
0.9432
0.97092
0.98822
0.9681
0.98772
0.97551
0.95121
0.93025
0.93064
0.98234
0.99177
0.89373
0.94539
0.95916
0.98564
1.0022
0.99837
1.0016
1.0003
0.98657
0.87798
0.87601
0.90166
0.745
0.75138
0.72147
0.68847
0.7194
0.7043
0.68233
0.51185
0.40253
0.34299
0.3438
0.33517
0.37254
0.42581
0.42305
0.41608
0.38065
0.43408
0.53265
0.58198
0.69655
0.68831
0.66403
0.61089
0.62227
0.59471
0.5304
0.53542
0.57341
0.53639
0.46932
0.33385
0.25334
0.20042
0.13627
0.15626
0.33132
0.39015
0.39034
0.4113
0.41132
0.38363
0.34663
0.37484
0.41852
0.42008
0.59209
0.55539
0.34957
0.22456
0.22552
0.2444
0.35019
0.37535
0.39465
0.34315
0.31407
0.32043
0.41033
0.44149
0.48932
0.50686
0.43999
0.43283
0.63293
0.54037
0.49771
0.49508
0.48862
0.48537
0.50507
0.48264
0.51977
0.60056
0.69541
0.7674
0.81314
0.79922
0.78645
0.76042
0.72953
0.65379
0.72306
0.79257
0.7533
0.77349
0.7622
0.86591
0.73241
0.7077
0.85243
0.96169
1.0009
0.94275
0.87121
0.95724
0.89699
0.96806
0.96852
0.97115
0.7928
0.68399
0.85948
0.96911
0.96672
0.97247
0.97231
0.96887
0.97359
0.97588
0.98716
0.98353
0.982
0.98177
0.94852
0.62819
0.54128
0.64816
0.71618
0.97295
0.97747
0.97377
0.95605
0.9549
0.95085
0.94279
0.94267
0.93408
0.91539
0.94342
0.92772
0.91736
0.93433
0.87833
0.89897
0.95329
0.9545
0.93016
0.92743
0.81163
0.66359
0.68915
0.67027
0.56832
0.54515
0.56014
0.62179
0.68452
0.58094
0.65752
0.68412
0.91404
0.87312
0.68615
0.64153
0.53942
0.49577
0.4747
0.43555
0.61205
0.3979
0.36555
0.38633
0.43379
0.49633
0.67648
0.7697
0.55689
0.45838
0.43385
0.37757
0.33882
0.38234
0.53077
0.51087
0.52829
0.67137
0.59137
0.48739
0.44395
0.42613
0.45218
0.44716
0.39741
0.3852
0.37291
0.36622
0.38442
0.39798
0.44288
0.42387
0.39142
0.36858
0.35709
0.40967
0.38937
0.38437
0.38866
0.39178
0.4128
0.40082
0.39623
0.40447
0.39425
0.41826
0.43385
0.44426
0.40198
0.40411
0.41703
0.44088
0.4241
0.43457
0.44642
0.54507
0.65232
0.66061
0.49327
0.39606
0.35032
0.35496
0.56079
0.41064
0.42852
0.44295
0.43336
0.42324
0.40936
0.3868
0.39358
0.38974
0.39987
0.41483
0.50165
0.53427
0.50938
0.53723
0.62045
0.81352
0.81359
0.90597
0.96286
0.81966
0.49611
0.46959
0.47506
0.42743
0.41319
0.40547
0.40049
0.70751
0.93582
0.86028
0.94161
0.82853
0.69382
0.63879
0.61865
0.58782
0.55231
0.51737
0.55234
0.68125
0.56837
0.49988
0.48154
0.46523
0.49472
0.52896
0.64819
0.70562
0.91103
0.72643
0.6312
0.54301
0.51758
0.375
0.37157
0.40596
0.40363
0.45268
0.55799
0.57466
0.94252
0.95685
0.95846
0.95542
0.9236
0.70515
0.62357
0.63279
0.64151
0.65384
0.73572
0.9299
0.93897
0.93626
0.93144
0.69387
0.4801
0.42907
0.4318
0.3936
0.34885
0.31427
0.34549
0.40287
0.44588
0.46833
0.47593
0.44527
0.47593
0.47088
0.43175
0.41717
0.40167
0.36536
0.36977
0.37268
0.38016
0.38301
0.37948
0.36156
0.38892
0.41464
0.39189
0.37773
0.37263
0.37287
0.37216
0.35941
0.35129
0.31742
0.30727
0.27054
0.25415
0.26535
0.30392
0.334
0.36982
0.4231
0.42575
0.36142
0.31437
0.27056
0.23327
0.24544
0.26617
0.28941
0.32388
0.30639
0.27326
0.27279
0.28928
0.29915
0.30891
0.32816
0.34915
0.3225
0.32253
0.33245
0.31568
0.28674
0.24575
0.22404
0.22057
0.18776
0.17603
0.21439
0.245
0.2176
0.25328
0.29093
0.32955
0.3669
0.4123
0.4433
0.41044
0.39622
0.37811
0.38727
0.41345
0.39691
0.37034
0.37559
0.35871
0.35405
0.36977
0.38759
0.40495
0.41493
0.3977
0.39345
0.41019
0.41448
0.36381
0.32177
0.3224
0.30147
0.2885
0.21479
0.20011
0.22828
0.2899
0.28717
0.71198
0.97075
0.97524
0.97382
0.96367
0.8197
0.72575
0.66552
0.59618
0.58073
0.58587
0.54704
0.4279
0.45171
0.49717
0.52065
0.42326
0.41317
0.43375
0.53565
0.4894
0.45391
0.42496
0.39519
0.36682
0.38025
0.37163
0.36538
0.34177
0.31617
0.30914
0.29921
0.29861
0.30469
0.31813
0.32388
0.34312
0.34142
0.37426
0.42388
0.44722
0.42072
0.40542
0.40566
0.39235
0.38925
0.50747
0.68044
0.8159
0.57785
0.46592
0.45041
0.67037
0.52019
0.49084
0.60018
0.82168
0.74203
0.677
0.6237
0.54619
0.50537
0.47312
0.49521
0.50954
0.50434
0.44005
0.38832
0.37983
0.41791
0.403
0.43519
0.57441
0.57863
0.57258
0.53744
0.45767
0.37967
0.36292
0.34716
0.35071
0.35713
0.34371
0.34083
0.41796
0.30207
0.30267
0.33558
0.34757
0.35311
0.35525
0.29338
0.29552
0.34695
0.35951
0.38619
0.37328
0.3631
0.36136
0.36693
0.3866
0.34701
0.34861
0.34208
0.30125
0.28569
0.28803
0.34161
0.43046
0.45288
0.46719
0.59992
0.92097
0.95417
0.94758
0.94019
0.93516
0.92977
0.71192
0.55738
0.52844
0.50463
0.4448
0.38606
0.33851
0.34956
0.37192
0.60039
0.88049
0.91343
0.92534
0.92734
0.90538
0.84974
0.92872
0.9318
0.91487
0.71903
0.57591
0.63118
0.49581
0.42913
0.71014
0.31358
0.30984
0.31366
0.34543
0.7829
0.88526
0.81326
0.82157
0.43798
0.48729
0.78483
0.70512
0.85877
0.56858
0.47776
0.50567
0.39409
0.37335
0.39702
0.45719
0.45184
0.45427
0.43371
0.42645
0.4163
0.38796
0.36967
0.3626
0.36238
0.36234
0.36289
0.37814
0.47634
0.75444
0.89911
0.57842
0.45416
0.37559
0.352
0.33933
0.34028
0.33777
0.33251
0.32841
0.32433
0.33568
0.35167
0.33821
0.34727
0.34941
0.3877
0.37205
0.33762
0.34515
0.31821
0.31883
0.30435
0.28766
0.32131
0.35007
0.33325
0.32814
0.34626
0.36883
0.37694
0.42111
0.47137
0.88709
0.89203
0.89165
0.89212
0.87671
0.87756
0.84713
0.85447
0.7249
0.71852
0.87974
0.88246
0.89629
0.9003
0.90397
0.91403
0.89869
0.89048
0.88734
0.62077
0.48203
0.4034
0.36175
0.39112
0.40951
0.39584
0.40454
0.53797
0.69596
0.87812
0.90352
0.81143
0.77287
0.57789
0.40084
0.39397
0.41085
0.36722
0.36846
0.37688
0.36735
0.36613
0.36556
0.3647
0.3718
0.39141
0.40774
0.40701
0.40551
0.40883
0.4821
0.38386
0.40063
0.41701
0.38339
0.38387
0.40342
0.40946
0.41957
0.41902
0.41523
0.40119
0.41442
0.41058
0.40478
0.39922
0.38673
0.37105
0.36929
0.36551
0.34881
0.35297
0.35799
0.35492
0.36051
0.35555
0.34947
0.34796
0.33212
0.34025
0.35142
0.34856
0.39052
0.53145
0.52979
0.47781
0.50633
0.49911
0.45407
0.37529
0.31431
0.3228
0.26116
0.21224
0.19694
0.21112
0.29388
0.39169
0.39348
0.53641
0.64245
0.77563
0.77585
0.60976
0.50937
0.45036
0.40224
0.36388
0.34644
0.30832
0.30886
0.27216
0.27179
0.29714
0.89081
0.90339
0.9133
0.9205
0.91908
0.91715
0.89116
0.89425
0.79713
0.75429
0.74335
0.73402
0.85321
0.86973
0.87497
0.88415
0.88319
0.85558
0.86024
0.84703
0.63683
0.54649
0.49745
0.49676
0.50152
0.49657
0.48957
0.48445
0.45568
0.4112
0.39414
0.38131
0.35992
0.36527
0.41847
0.39388
0.39383
0.42138
0.43384
0.44348
0.45854
0.44593
0.43693
0.38834
0.50149
0.75623
0.7567
0.6908
0.25527
0.27317
0.3127
0.58024
0.65498
0.55728
0.61312
0.66755
0.68256
0.71089
0.72607
0.68823
0.67791
0.78117
0.81937
0.84355
0.85087
0.84189
0.84347
0.78654
0.71201
0.69431
0.59311
0.40054
0.36738
0.3618
0.3541
0.34178
0.34091
0.32172
0.3146
0.29555
0.27774
0.24389
0.22089
0.20698
0.22235
0.24995
0.30701
0.80624
0.82239
0.65344
0.59074
0.45614
0.36472
0.47959
0.70345
0.85405
0.549
0.33485
0.31513
0.33864
0.6094
0.94304
0.91328
0.8977
0.88819
0.88573
0.88846
0.70229
0.67302
0.8948
0.88243
0.86511
0.85561
0.84415
0.84694
0.84466
0.82973
0.819
0.72781
0.5312
0.42439
0.35467
0.38187
0.29392
0.20568
0.16678
0.17056
0.19423
0.27698
0.76441
0.69138
0.89591
0.90935
0.92115
0.93425
0.93502
0.92612
0.92666
0.92407
0.9343
0.91276
0.90725
0.89713
0.89138
0.88067
0.86204
0.8496
0.84005
0.83502
0.82583
0.82478
0.79009
0.79141
0.79211
0.68559
0.78253
0.82116
0.74174
0.69475
0.61766
0.63062
0.52978
0.68796
0.62915
0.49603
0.42106
0.37787
0.33943
0.3205
0.30201
0.31983
0.52413
0.86641
0.86761
0.86539
0.85725
0.85423
0.84768
0.84289
0.8399
0.8319
0.82531
0.785
0.71405
0.72511
0.59313
0.69051
0.78202
0.79503
0.63896
0.47393
0.39326
0.39262
0.3695
0.37073
0.43067
0.46846
0.44888
0.42751
0.41171
0.3629
0.32233
0.30138
0.27275
0.27604
0.31288
0.37947
0.43307
0.48406
0.47685
0.53495
0.45093
0.40694
0.38837
0.40946
0.37146
0.32714
0.3068
0.26031
0.26354
0.23486
0.20445
0.20268
0.22458
0.31122
0.40849
0.40161
0.3606
0.35201
0.36747
0.40447
0.38493
0.3883
0.58528
0.88215
0.87031
0.86732
0.69506
0.45107
0.28562
0.29411
0.31205
0.29904
0.28057
0.27852
0.27391
0.28886
0.27816
0.29397
0.30683
0.33872
0.32469
0.53153
0.34297
0.3384
0.33782
0.29048
0.32418
0.29115
0.29552
0.24121
0.38452
0.37639
0.39011
0.81528
0.5849
0.59667
0.51495
0.51921
0.44501
0.4606
0.80823
0.42537
0.38619
0.38215
0.37443
0.34729
0.35955
0.30545
0.34505
0.27517
0.31052
0.42
0.36125
0.32577
0.29788
0.28168
