0.27588
0.33716
0.35694
0.34361
0.3312
0.32233
0.43469
0.3643
0.29372
0.263
0.24674
0.24712
0.2347
0.21517
0.30097
0.36848
0.42202
0.62288
0.71112
0.70708
0.70468
0.70106
0.6997
0.6794
0.46721
0.36448
0.28111
0.5794
0.57361
0.40908
0.69416
0.60514
0.57161
0.58602
0.47851
0.46088
0.36078
0.28232
0.27868
0.3306
0.31039
0.28575
0.29624
0.30233
0.31624
0.34414
0.32395
0.68783
0.73114
0.727
0.64993
0.42042
0.32985
0.31252
0.30208
0.30362
0.28745
0.28146
0.25181
0.25426
0.33247
0.33681
0.6635
0.6762
0.66476
0.66452
0.53295
0.4284
0.38054
0.35251
0.28944
0.29197
0.26927
0.2681
0.26911
0.27351
0.27883
0.32723
0.33834
0.32325
0.30926
0.30254
0.31013
0.29746
0.24701
0.2261
0.20652
0.25999
0.28066
0.24494
0.2547
0.79339
0.80009
0.8805
0.9129
0.89476
0.86868
0.88192
0.87391
0.87903
0.86013
0.82651
0.76012
0.53722
0.51375
0.48089
0.43977
0.38821
0.3935
0.44261
0.79
0.79416
0.78616
0.77177
0.76672
0.67595
0.48425
0.4147
0.3726
0.33451
0.30149
0.29246
0.29717
0.30618
0.31483
0.33618
0.32621
0.34576
0.34255
0.33626
0.31657
0.29392
0.27544
0.24116
0.20369
0.18644
0.21619
0.22372
0.2314
0.81432
0.79129
0.55306
0.79578
0.75734
0.80067
0.82648
0.88356
0.89464
0.86573
0.80325
0.83504
0.87717
0.85239
0.8432
0.8396
0.80769
0.69592
0.57094
0.46565
0.35606
0.33801
0.32339
0.31081
0.30724
0.31924
0.34261
0.33224
0.2887
0.29353
0.31452
0.31228
0.30452
0.32531
0.40763
0.57681
0.70461
0.71798
0.7321
0.73731
0.71916
0.72184
0.71989
0.73068
0.71524
0.70886
0.72048
0.71084
0.66569
0.66221
0.67383
0.65409
0.51946
0.36473
0.30367
0.26731
0.24806
0.23947
0.21806
0.2255
0.2224
0.21729
0.22307
0.23227
0.23585
0.23147
0.22616
0.22985
0.24584
0.25297
0.25151
0.25078
0.23739
0.23278
0.22866
0.22646
0.25853
0.2549
0.25795
0.274
0.29266
0.29232
0.29129
0.29001
0.29051
0.25482
0.20061
0.20797
0.21416
0.19624
0.18719
0.20892
0.26655
0.23307
0.22739
0.26156
0.28814
0.27033
0.2985
0.30616
0.30021
0.40198
0.48241
0.50815
0.51511
0.48412
0.41991
0.33136
0.29347
0.28488
0.29338
0.33526
0.36703
0.32758
0.69956
0.49349
0.43786
0.46455
0.53107
0.58567
0.62891
0.63514
0.71486
0.74062
0.60183
0.41416
0.43019
0.88329
0.8691
0.86498
0.83569
0.82381
0.80327
0.74916
0.50611
0.46047
0.36273
0.28012
0.25039
0.77195
0.78701
0.70438
0.80729
0.90497
0.93542
0.64487
0.63214
0.91194
0.94864
0.95123
0.95614
0.86706
0.80021
0.83772
0.87273
0.83892
0.82035
0.8924
0.8028
0.82235
0.90432
0.96547
0.9404
0.91066
0.8882
0.85769
0.83781
0.81522
0.67898
0.56751
0.45496
0.40558
0.28988
0.20485
0.19279
0.2196
0.26112
0.29411
0.30755
0.27737
0.882
0.8993
0.69555
0.74662
0.77624
0.75751
0.77083
0.79967
0.74345
0.64874
0.71462
0.7534
0.72881
0.76729
0.77799
0.72261
0.94092
0.92151
0.88554
0.86747
0.82582
0.82478
0.83672
0.82531
0.82792
0.82163
0.79497
0.80648
0.79034
0.72842
0.51641
0.46563
0.55642
0.61106
0.52291
0.44384
0.38567
0.33925
0.29695
0.23967
0.27781
0.29427
0.39136
0.39746
0.37324
0.41688
0.4258
0.41428
0.41861
0.46121
0.5096
0.50718
0.47102
0.49738
0.55262
0.60477
0.57316
0.52095
0.45701
0.41244
0.39051
0.37807
0.34616
0.29066
0.25216
0.21448
0.18271
0.17023
0.19478
0.26143
0.29566
0.29925
0.26544
0.23232
0.27213
0.84399
0.77818
0.56616
0.80696
0.85782
0.92377
0.91163
0.89095
0.86439
0.86093
0.85631
0.87128
0.85503
0.84262
0.75466
0.54545
0.51049
0.50382
0.48
0.46836
0.51172
0.50831
0.49025
0.47794
0.49679
0.48108
0.47873
0.45139
0.44576
0.45323
0.44536
0.42001
0.39901
0.39031
0.38545
0.38864
0.36451
0.33377
0.29533
0.26408
0.2172
0.23648
0.27558
0.31711
0.31566
0.31147
0.33554
0.43946
0.69532
0.72065
0.72386
0.523
0.53352
0.53183
0.46745
0.37753
0.31608
0.2596
0.15521
0.20879
0.46532
0.75336
0.77217
0.83686
0.77967
0.76599
0.77324
0.73209
0.78059
0.8364
0.82845
0.80467
0.76186
0.73893
0.62991
0.5332
0.61002
0.5712
0.62089
0.58119
0.51032
0.65076
0.68729
0.73223
0.72323
0.69059
0.71272
0.69467
0.66361
0.40687
0.37775
0.35412
0.30987
0.41862
0.46596
0.61455
0.72033
0.73355
0.77876
0.7564
0.65885
0.53746
0.36639
0.26688
0.1913
0.15328
0.13184
0.12904
0.12917
0.13046
0.13247
0.13052
0.14151
0.14355
0.14341
0.13602
0.13131
0.13061
0.17579
0.27484
0.32906
0.3943
0.52865
0.5146
0.46671
0.44705
0.49242
0.49148
0.48318
0.50919
0.50509
0.49238
0.47379
0.47795
0.50031
0.47374
0.4698
0.43186
0.39829
0.395
0.37041
0.34703
0.29311
0.23661
0.21366
0.18507
0.19369
0.1885
0.15469
0.20004
0.24704
0.30141
0.36389
0.48197
0.84791
0.9113
0.90587
0.89712
0.88183
0.86077
0.73286
0.65717
0.37522
0.38276
0.3434
0.22986
0.1522
0.10738
0.098271
0.10142
0.16519
0.20924
0.18841
0.14722
0.12898
0.18047
0.23961
0.24246
0.32993
0.3644
0.3356
0.29977
0.28293
0.28426
0.29033
0.2946
0.32846
0.36952
0.36748
0.38538
0.41229
0.45879
0.52966
0.55035
0.46183
0.41542
0.49476
0.52219
0.51484
0.4821
0.46829
0.41994
0.37991
0.80526
0.8103
0.80068
0.79415
0.7895
0.60908
0.45081
0.4497
0.72374
0.72662
0.66474
0.85942
0.85734
0.84061
0.81518
0.78101
0.76391
0.75731
0.74576
0.73888
0.48877
0.65871
0.61006
0.47729
0.47221
0.37438
0.43082
0.66254
0.57637
0.30257
0.2584
0.25432
0.38016
0.30365
0.27802
0.1951
0.21175
0.21077
0.21431
0.25152
0.23403
0.18205
0.15835
0.17975
0.23527
0.42807
0.75795
0.81372
0.85745
0.85168
0.66428
0.59964
0.58607
0.85374
0.84592
0.85849
0.86135
0.85425
0.82206
0.82394
0.80963
0.78102
0.81187
0.8721
0.89688
0.86923
0.89163
0.9133
0.91897
0.89329
0.96674
0.83847
0.67445
0.89902
0.8924
0.83141
0.63602
0.61557
0.595
0.56759
0.5485
0.55003
0.56572
0.60003
0.47093
0.41985
0.42124
0.42975
0.49475
0.54471
0.50568
0.50009
0.61104
0.6587
0.68407
0.69252
0.67846
0.63759
0.61442
0.55923
0.50578
0.44261
0.40668
0.38984
0.37736
0.35984
0.259
0.2374
0.24478
0.23512
0.30087
0.61864
0.8975
0.88947
0.87511
0.86506
0.83122
0.86221
0.89889
0.71651
0.66158
0.57728
0.48851
0.43757
0.40901
0.42191
0.42793
0.81756
0.91933
0.94113
0.77328
0.96465
0.92664
0.89455
0.9153
0.95243
0.91214
0.92744
0.8965
0.88742
0.87787
0.85994
0.82256
0.85298
0.86527
0.81465
0.78765
0.78921
0.79864
0.78933
0.80862
0.85241
0.75601
0.83222
0.77013
0.40135
0.36611
0.34709
0.31161
0.33084
0.30338
0.28955
0.25535
0.24776
0.25215
0.23675
0.2318
0.292
0.44111
0.48434
0.35388
0.252
0.19649
0.17752
0.23349
0.31174
0.31373
0.31344
0.37954
0.42001
0.77494
0.73182
0.79343
0.81693
0.7681
0.73487
0.67126
0.72012
0.78805
0.81032
0.82476
0.92534
0.94092
0.93369
0.90614
0.89209
0.86431
0.84754
0.83622
0.82363
0.81989
0.83833
0.82004
0.82474
0.83671
0.84442
0.85788
0.84187
0.72792
0.87939
0.87353
0.85834
0.82572
0.70162
0.81148
0.81273
0.85075
0.78487
0.54059
0.52608
0.48889
0.53367
0.577
0.82078
0.86967
0.86415
0.84403
0.69482
0.63403
0.57271
0.28278
0.34578
0.31243
0.31666
0.31727
0.27506
0.24758
0.23986
0.25616
0.26225
0.34023
0.31155
0.26837
0.24756
0.20989
0.17953
0.20447
0.25543
0.27785
0.35272
0.42464
0.48054
0.71113
0.8021
0.62294
0.63864
0.6252
0.60034
0.53444
0.48618
0.49143
0.54181
0.74908
0.78146
0.90437
0.95318
0.95102
0.94847
0.94327
0.93759
0.88449
0.86182
0.83164
0.75879
0.72833
0.71809
0.84948
0.86568
0.87669
0.86831
0.83934
0.83604
0.90632
0.91417
0.96432
0.92861
0.87242
0.80658
0.83347
0.85762
0.80436
0.90529
0.92333
0.88527
0.88564
0.88501
0.8261
0.80219
0.7963
0.83637
0.90365
0.87289
0.80447
0.83037
0.83732
0.81406
0.7364
0.72487
0.64173
0.68376
0.6164
0.70804
0.78135
0.78605
0.8528
0.76408
0.84238
0.91614
0.79337
0.75462
0.88051
0.89954
0.88683
0.89493
0.8144
0.75265
0.75885
0.74778
0.69747
0.75763
0.92844
0.885
0.94071
0.9187
0.98823
0.99433
0.99658
0.84946
0.77902
0.61459
0.52306
0.54198
0.60938
0.78665
0.84853
0.88509
0.87713
0.87553
0.85657
0.85029
0.79716
0.78304
0.7504
0.66924
0.73689
0.77207
0.75607
0.81402
0.80632
0.83964
0.84229
0.87934
0.92845
0.97225
0.98366
0.98843
0.98957
0.98323
0.97652
0.94536
0.93892
0.96698
0.96447
0.98329
0.98817
0.97454
0.97895
0.97717
0.96875
0.97006
0.97758
0.91709
0.92215
0.87073
0.98074
0.99494
0.98344
0.97852
0.96973
0.95979
0.9001
0.7773
0.81298
0.81532
0.85793
0.74184
0.47614
0.38172
0.39195
0.43054
0.40527
0.46868
0.56722
0.64035
0.8037
0.8154
0.82326
0.84188
0.76922
0.7985
0.78215
0.72654
0.68297
0.65552
0.66747
0.63559
0.68022
0.83686
0.88898
0.93048
0.94651
0.94192
0.9361
0.90862
0.88622
0.91931
0.92067
0.88815
0.82027
0.77473
0.85877
0.81799
0.85441
0.8818
0.89286
0.84082
0.78462
0.75953
0.69045
0.66719
0.69652
0.70694
0.84474
0.78344
0.90286
0.93917
0.96877
0.95332
0.95037
0.95895
0.96184
0.96936
0.8173
0.61014
0.61288
0.65448
0.66356
0.84524
0.94958
0.92992
0.91293
0.90848
0.94618
0.90302
0.87153
0.86279
0.91534
0.91481
0.90237
0.90313
0.89138
0.86537
0.7996
0.87605
0.89104
0.85021
0.45977
0.35802
0.39798
0.34537
0.34318
0.41612
0.3107
0.27103
0.51974
0.78097
0.7221
0.85283
0.69418
0.82741
0.85695
0.80453
0.58545
0.58897
0.68916
0.79102
0.83419
0.90165
0.94272
0.91017
0.89821
0.88853
0.96204
0.78574
0.85432
0.71988
0.62476
0.52224
0.42555
0.40887
0.41236
0.51174
0.65453
0.76757
0.83379
0.77807
0.87183
0.90055
0.79749
0.72044
0.76643
0.99535
0.99415
0.97472
0.93686
0.92287
0.87617
0.82517
0.82789
0.96918
0.99915
0.99487
0.65549
0.49344
0.53967
0.68974
0.72934
0.74835
0.80436
0.80627
0.81689
0.82031
0.87234
0.79479
0.70136
0.7482
0.76538
0.71652
0.62907
0.45793
0.47043
0.50723
0.52675
0.51761
0.46018
0.39729
0.42562
0.42095
0.38973
0.4284
0.47312
0.52446
0.42708
0.39443
0.39018
0.38143
0.3733
0.3967
0.40621
0.39876
0.36539
0.37414
0.3849
0.39292
0.41798
0.41455
0.3781
0.36638
0.61621
0.54869
0.48482
0.41513
0.45626
0.43514
0.4378
0.44296
0.47276
0.42687
0.46479
0.66385
0.74605
0.73625
0.65953
0.80582
0.74943
0.81343
0.76871
0.83701
0.84149
0.79375
0.71869
0.76429
0.74341
0.74841
0.7867
0.6964
0.76051
0.81062
0.85007
0.88215
0.87714
0.88945
0.91914
0.93623
0.98812
0.98085
0.95109
0.93093
0.90504
0.9108
0.89245
0.90063
0.9236
0.741
0.60636
0.62051
0.60297
0.78114
0.75168
0.60432
0.77365
0.74886
0.62722
0.50172
0.58057
0.52908
0.4324
0.63319
0.7505
0.81293
0.71952
0.80898
0.96398
0.99885
0.99011
0.94627
0.94643
0.85546
0.76904
0.8273
0.88441
0.83592
0.94599
0.92441
0.92487
0.88429
0.82142
0.81748
0.78989
0.79015
0.79708
0.77297
0.76604
0.72916
0.68062
0.71144
0.8593
0.80538
0.58906
0.54988
0.5729
0.55948
0.48438
0.44067
0.4563
0.55254
0.62219
0.72248
0.68855
0.70605
0.8358
0.89011
0.97086
0.97276
0.99396
0.97096
0.96533
0.98507
0.97297
0.9508
0.93372
0.92538
0.94517
0.94872
0.7821
0.72497
0.72888
0.7135
0.75525
0.75106
0.66538
0.38948
0.41151
0.43857
0.48056
0.58945
0.70324
0.72276
0.68382
0.67047
0.71022
0.61863
0.56514
0.54138
0.6027
0.60405
0.59571
0.55295
0.5721
0.58641
0.54889
0.48593
0.61822
0.66805
0.68127
0.84914
0.98888
0.93893
0.90763
0.82386
0.79837
0.45249
0.44146
0.42777
0.39213
0.35093
0.37767
0.38827
0.38443
0.38661
0.38205
0.33439
0.33455
0.34119
0.36813
0.37284
0.36556
0.3584
0.35263
0.35682
0.37505
0.39123
0.41224
0.41227
0.40031
0.3893
0.40626
0.41766
0.42498
0.42924
0.41195
0.38751
0.40626
0.41946
0.47572
0.49139
0.52135
0.50384
0.49511
0.50255
0.51298
0.61739
0.81152
0.77268
0.86262
0.86398
0.7738
0.72775
0.7497
0.78612
0.76471
0.74319
0.71678
0.75422
0.84936
0.83507
0.8845
0.889
0.90263
0.91927
0.96149
0.99436
0.97823
0.98216
0.97811
0.99113
0.98955
0.98026
0.84117
0.71048
0.54815
0.50612
0.5142
0.46172
0.42315
0.40347
0.30705
0.32521
0.72472
0.77707
0.78265
0.66789
0.64093
0.67303
0.76237
0.83377
0.80396
0.82889
0.89714
0.87373
0.73638
0.70195
0.66829
0.62601
0.60263
0.52231
0.4444
0.41872
0.39706
0.40549
0.43358
0.44755
0.47444
0.4623
0.43592
0.40605
0.39565
0.53914
0.46175
0.55799
0.57047
0.64489
0.73658
0.78514
0.76676
0.69208
0.61675
0.46988
0.42008
0.38592
0.47402
0.58923
0.80345
0.68134
0.57399
0.67183
0.63456
0.59248
0.66739
0.88209
0.95453
0.95236
0.93108
0.72159
0.62806
0.81912
0.97564
0.99186
0.96735
0.96778
0.95581
0.75491
0.63639
0.79642
0.95204
0.88327
0.94897
0.95708
0.84312
0.68521
0.5782
0.57377
0.68871
0.80268
0.77567
0.70701
0.66378
0.61549
0.59232
0.54345
0.5374
0.50357
0.70975
0.73464
0.7765
0.7977
0.82626
0.85581
0.85796
0.87287
0.9147
0.90156
0.91856
0.82042
0.8787
0.97656
0.98607
0.99743
0.99579
0.98889
0.99063
0.9764
0.98056
0.95555
0.91861
0.93166
0.92073
0.82077
0.67088
0.61951
0.51971
0.45307
0.56533
0.63246
0.43256
0.3917
0.46059
0.43373
0.42442
0.42982
0.35208
0.51709
0.55714
0.69649
0.70303
0.72321
0.77378
0.80476
0.85098
0.80311
0.74381
0.85311
0.84402
0.8244
0.82186
0.75449
0.75393
0.81502
0.89572
0.88368
0.85175
0.8231
0.80085
0.74951
0.73251
0.70838
0.75894
0.75344
0.80912
0.85165
0.87543
0.87489
0.92078
0.92866
0.93018
0.92339
0.89903
0.87737
0.82147
0.80948
0.79983
0.7351
0.61026
0.56124
0.57385
0.56346
0.55393
0.52654
0.40705
0.36275
0.37233
0.48118
0.57678
0.57427
0.60551
0.74332
0.74878
0.80051
0.82789
0.88572
0.85304
0.84604
0.79154
0.80147
0.76629
0.82239
0.8674
0.76422
0.78605
0.75827
0.76422
0.84932
0.92022
0.92018
0.90575
0.89736
0.95801
0.82918
0.73812
0.7294
0.70849
0.72998
0.76351
0.67813
0.68679
0.57881
0.62849
0.73284
0.634
0.6599
0.73681
0.74927
0.7605
0.77485
0.76308
0.77898
0.7653
0.79206
0.78468
0.80672
0.83994
0.80488
0.79718
0.76315
0.77269
0.736
0.68684
0.66187
0.68409
0.71049
0.72466
0.73989
0.79561
0.76227
0.75973
0.8376
0.83858
0.78554
0.73342
0.7501
0.9244
0.83003
0.75895
0.67772
0.7969
0.72881
0.7307
0.77839
0.80021
0.74479
0.64519
0.60668
0.70082
0.69843
0.68613
0.62326
0.67202
0.67641
0.62467
0.64841
0.78901
0.7719
0.83599
0.89329
0.98691
0.99156
0.98989
0.97506
0.98566
0.94222
0.78995
0.68498
0.68556
0.52215
0.35241
0.25493
0.33562
0.44506
0.4753
0.42905
0.39404
0.38211
0.38198
0.33579
0.32128
0.3539
0.4149
0.71514
0.80116
0.86405
0.93835
0.88038
0.87512
0.93404
0.9258
0.93054
0.9231
0.8761
0.70118
0.632
0.54645
0.76359
0.7532
0.73663
0.84537
0.85957
0.87912
0.84748
0.76578
0.76182
0.77527
0.74505
0.75306
0.77998
0.83915
0.85172
0.93677
0.92278
0.95809
0.96214
0.95103
0.91401
0.91253
0.88707
0.92892
0.87995
0.96275
0.98742
0.97124
0.97081
0.94071
0.68018
0.6135
0.55574
0.512
0.58588
0.58251
0.40736
0.39499
0.41554
0.46733
0.63814
0.74445
0.79442
0.81734
0.79035
0.86819
0.89125
0.78074
0.86417
0.85793
0.97696
0.92845
0.85142
0.71927
0.51984
0.52862
0.5645
0.70649
0.78015
0.93007
0.92502
0.9619
0.97128
0.98008
0.95528
0.84839
0.80069
0.83485
0.74222
0.56606
0.47249
0.48363
0.51422
0.60439
0.62294
0.4653
0.50625
0.49622
0.49968
0.54629
0.60005
0.64544
0.63648
0.62915
0.62279
0.58033
0.44818
0.4381
0.44874
0.55845
0.63946
0.72478
0.69207
0.77854
0.80434
0.85171
0.87236
0.8863
0.85481
0.79529
0.83738
0.87356
0.88409
0.87257
0.86081
0.84487
0.84583
0.82074
0.82537
0.81068
0.90404
0.87857
0.94601
0.94684
0.95554
0.95868
0.97168
0.97106
0.97651
0.97865
0.97524
0.85156
0.9043
0.91484
0.92624
0.96786
0.99838
0.99877
0.9879
0.98881
0.98837
0.93781
0.86791
0.92106
0.92806
0.95654
0.92331
0.87295
0.90311
0.91622
0.90186
0.87659
0.49874
0.49105
0.46607
0.52533
0.83722
0.96035
0.75875
0.52915
0.48035
0.5526
0.57714
0.49722
0.52552
0.37829
0.32789
0.33172
0.38031
0.35883
0.40482
0.45363
0.48198
0.7123
0.67786
0.64171
0.62427
0.67201
0.70144
0.79472
0.85532
0.95166
0.98318
0.99354
0.99744
0.99216
0.97637
0.88666
0.94981
0.93761
0.95179
0.93515
0.80097
0.711
0.63651
0.56855
0.53071
0.44525
0.42536
0.65494
0.68276
0.82969
0.69925
0.7325
0.74067
0.79022
0.5198
0.38082
0.37239
0.39138
0.5396
0.62346
0.66812
0.89046
0.97352
0.97258
0.95304
0.95292
0.79502
0.79563
0.74511
0.82415
0.5298
0.40831
0.3942
0.43352
0.49476
0.47799
0.56144
0.55271
0.68704
0.69598
0.56568
0.92956
0.84159
0.9419
0.97303
0.98401
0.95445
0.94512
0.93505
0.82113
0.82078
0.89198
0.98059
0.97004
0.96597
0.96099
0.94842
0.96085
0.93654
0.85055
0.87935
0.89478
0.86082
0.882
0.81158
0.78994
0.7343
0.73363
0.72138
0.80675
0.69236
0.47368
0.43035
0.47339
0.58754
0.64646
0.64839
0.56788
0.51247
0.6339
0.73129
0.66994
0.58319
0.57351
0.49372
0.43369
0.3924
0.3773
0.35752
0.37918
0.40482
0.44107
0.42877
0.42892
0.42801
0.39278
0.39548
0.3972
0.34331
0.40379
0.38587
0.36313
0.36018
0.35611
0.40596
0.42491
0.42523
0.37161
0.33653
0.35303
0.37166
0.42066
0.56313
0.57959
0.58639
0.61991
0.62487
0.58418
0.71274
0.79431
0.82281
0.85036
0.82326
0.84806
0.82898
0.79637
0.79878
0.72918
0.63024
0.55708
0.60009
0.74898
0.65561
0.65614
0.66157
0.76601
0.80328
0.75414
0.79054
0.79599
0.78345
0.80277
0.87758
0.88667
0.92903
0.8973
0.92261
0.75107
0.79057
0.82564
0.90151
0.88694
0.93479
0.94969
0.96327
0.92383
0.97701
0.95898
0.98895
0.75776
0.85007
0.7984
0.74598
0.7469
0.76142
0.83688
0.83453
0.87291
0.9283
0.97439
0.9741
0.97723
0.97572
0.93317
0.90543
0.86043
0.73173
0.63002
0.6746
0.79162
0.82557
0.67875
0.52624
0.40529
0.39735
0.40938
0.48654
0.54539
0.70739
0.81261
0.69596
0.66965
0.68808
0.70568
0.87534
0.88429
0.85468
0.81841
0.51192
0.44453
0.42918
0.42964
0.46774
0.50664
0.45798
0.48517
0.49028
0.45374
0.45137
0.47741
0.52823
0.5629
0.56423
0.4265
0.37046
0.34187
0.33102
0.33604
0.3962
0.42502
0.35146
0.31343
0.29647
0.26354
0.25395
0.25303
0.32418
0.44395
0.44977
0.81786
0.88183
0.80956
0.81162
0.79996
0.82842
0.8749
0.79398
0.8351
0.84095
0.92236
0.96363
0.94276
0.97281
0.9723
0.96235
0.95759
0.95582
0.95071
0.96061
0.95164
0.9327
0.95134
0.95543
0.89392
0.89691
0.6131
0.48207
0.43083
0.45397
0.44066
0.42825
0.51885
0.64385
0.63361
0.65166
0.79652
0.74477
0.69658
0.76956
0.92233
0.88719
0.87624
0.86465
0.86688
0.78834
0.58057
0.57288
0.54538
0.49241
0.39625
0.36486
0.46124
0.4075
0.39262
0.36736
0.34179
0.30455
0.36174
0.38824
0.42131
0.43794
0.45443
0.48058
0.65367
0.82748
0.83837
0.96991
0.96378
0.9651
0.9288
0.88758
0.95446
0.93787
0.92121
0.90856
0.90956
0.86821
0.74811
0.94484
0.92904
0.87794
0.78517
0.55592
0.45793
0.51248
0.56695
0.59966
0.56846
0.66546
0.56767
0.56467
0.7707
0.60598
0.5076
0.49714
0.42915
0.40045
0.42015
0.37157
0.54573
0.42066
0.34408
0.29243
0.56418
0.63883
0.51914
0.47001
0.75172
0.94788
0.96919
0.96035
0.954
0.9163
0.59495
0.42965
0.36125
0.33916
0.34377
0.33921
0.3312
0.5555
0.60543
0.6203
0.72462
0.61246
0.6916
0.82672
0.82354
0.86909
0.91381
0.90756
0.90231
0.91614
0.92105
0.89679
0.87546
0.86335
0.78906
0.6725
0.60517
0.60507
0.73438
0.77141
0.71756
0.74679
0.50079
0.35964
0.3499
0.3604
0.35331
0.32676
0.30603
0.29675
0.26564
0.26926
0.42474
0.6189
0.88971
0.91382
0.93384
0.94906
0.93639
0.92214
0.8983
0.88966
0.8408
0.88837
0.85109
0.85924
0.82869
0.80067
0.79598
0.7712
0.69815
0.65207
0.43731
0.35661
0.40264
0.34735
0.30659
0.30105
0.29199
0.24182
0.20295
0.21906
0.2961
0.29694
0.30773
0.34006
0.3741
0.73983
0.8901
0.84598
0.86603
0.86812
0.85735
0.85389
0.8527
0.79237
0.70084
0.48204
0.39442
0.36768
0.33109
0.29982
0.28617
0.24087
0.23565
0.4967
0.75044
0.7366
0.80424
0.86963
0.86957
0.82105
0.66795
0.75472
0.74713
0.84852
0.8805
0.88769
0.90651
0.90729
0.89645
0.89255
0.89471
0.87423
0.68824
0.62031
0.48604
0.39423
0.36527
0.33366
0.30937
0.25821
0.28233
0.31758
0.54778
0.76518
0.88114
0.91832
0.93483
0.94001
0.94333
0.94396
0.95011
0.93937
0.93102
0.91399
0.87431
0.84022
0.83051
0.79894
0.77171
0.60054
0.37001
0.3113
0.27139
0.21085
0.11364
0.090429
0.08952
0.095308
0.14532
0.28246
0.66035
0.90716
0.93128
0.93262
0.92353
0.91269
0.87611
0.82578
0.67275
0.58922
0.4727
0.3709
0.28999
0.23648
0.27867
0.6618
0.71404
0.75606
0.53705
0.70858
0.55544
0.66289
0.83777
0.82216
0.84362
0.95475
0.95016
0.93804
0.91602
0.88862
0.86016
0.79951
0.6539
0.48234
0.4205
0.3585
0.37251
0.47052
0.61508
0.67861
0.70975
0.86737
0.8745
0.88066
0.85952
0.77554
0.83261
0.83855
0.84102
0.83282
0.81408
0.58779
0.58162
0.47328
0.41209
0.39151
0.36832
0.33391
0.29791
0.29851
0.28308
0.2763
0.2921
0.38666
0.47365
0.52392
0.45065
0.48601
0.51984
0.50561
0.39631
0.34776
0.42353
0.47103
0.46426
0.49704
0.45548
0.44899
0.48787
0.4912
0.46087
0.34867
0.33951
0.34386
0.33106
0.29928
0.309
0.32383
0.31858
0.32731
0.32827
0.3848
0.42411
0.42067
0.40108
0.42451
0.54251
0.87634
0.58128
0.46941
0.70184
0.92298
0.94991
0.97153
0.97355
0.95732
0.95663
0.90846
0.85157
0.80564
0.7766
0.7378
0.66475
0.62723
0.49064
0.50712
0.56438
0.58863
0.66605
0.66858
0.64549
0.64773
0.37389
0.3707
0.35816
0.34384
0.35124
0.40115
0.40962
0.64809
0.68466
0.72078
0.96697
0.94355
0.91455
0.89736
0.8866
0.87038
0.8089
0.6774
0.52464
0.40425
0.29728
0.20596
0.23234
0.35083
0.80088
0.844
0.85548
0.47056
0.31128
0.31802
0.38167
0.39989
0.5196
0.64765
0.8276
0.91116
0.84337
0.85327
0.89081
0.92934
0.91873
0.86322
0.87754
0.93899
0.92842
0.8876
0.93314
0.9365
0.87722
0.89641
0.94684
0.88311
0.86755
0.79831
0.90635
0.93158
0.95786
0.94682
0.93558
0.91232
0.91203
0.89949
0.88286
0.85807
0.81267
0.62302
0.4201
0.3897
0.34413
0.29986
0.26092
0.2313
0.2129
0.1992
0.19369
0.26708
0.62868
0.56346
0.61485
0.84149
0.89722
0.8745
0.77355
0.85371
0.89396
0.86803
0.84267
0.82835
0.94352
0.94635
0.94913
0.9358
0.93151
0.94189
0.93563
0.93148
0.92621
0.82268
0.88988
0.69243
0.91897
0.90634
0.89098
0.82193
0.59979
0.40869
0.36363
0.30145
0.30164
0.30896
0.30419
0.29903
0.36441
0.32336
0.33577
0.34211
0.32663
0.32609
0.35764
0.39448
0.48614
0.51996
0.55222
0.57719
0.58195
0.54375
0.49468
0.44746
0.41181
0.3939
0.3836
0.34636
0.30208
0.25625
0.2142
0.19466
0.17597
0.1736
0.19696
0.23395
0.23656
0.2386
0.28036
0.28729
0.31842
0.39935
0.85864
0.83343
0.84568
0.83523
0.83502
0.73797
0.82119
0.62321
0.6284
0.65618
0.657
0.82588
0.83326
0.84171
0.84033
0.84336
0.84979
0.86458
0.86112
0.85252
0.835
0.81791
0.82755
0.83569
0.83353
0.83598
0.84609
0.82526
0.8357
0.83076
0.79859
0.5792
0.39658
0.32719
0.29811
0.30501
0.31115
0.27071
0.26461
0.25289
0.24348
0.24204
0.24583
0.24624
0.31011
0.36084
0.37639
0.41971
0.4651
0.4463
0.42533
0.38987
0.44596
0.46066
0.45267
0.4473
0.43756
0.41773
0.37891
0.37558
0.3765
0.36149
0.36297
0.35823
0.35711
0.36394
0.37607
0.4104
0.4986
0.84205
0.85181
0.84552
0.82472
0.78786
0.58197
0.47381
0.41226
0.36874
0.35768
0.35225
0.59825
0.44098
0.40155
0.3669
0.33998
0.30861
0.27873
0.27264
0.27991
0.33761
0.36569
0.36122
0.37776
0.39785
0.39573
0.43004
0.58805
0.54605
0.4991
0.70339
0.57457
0.48211
0.3952
0.46635
0.34543
0.29461
0.29733
0.32478
0.31262
0.28567
0.21609
0.20638
0.30803
0.32747
0.4141
0.71221
0.80589
0.83873
0.84164
0.76421
0.45253
0.38117
0.65581
0.75873
0.72323
0.69624
0.5774
0.69332
0.59886
0.41348
0.3342
0.31491
0.26358
0.23225
0.23701
0.27196
0.29205
0.32376
0.32265
0.32125
0.30214
0.2889
0.30569
0.4263
0.42881
0.42016
0.34076
0.34066
0.33659
0.33176
0.32391
0.30822
0.27349
0.30556
0.31829
0.31289
0.3256
0.31535
0.31092
0.29654
0.31633
0.3306
0.33422
0.31238
0.32246
0.29536
0.27378
0.27792
0.26137
0.25425
0.24286
0.209
0.1901
0.19369
0.29083
0.29621
0.30398
0.31818
0.30076
0.29872
0.30571
0.3108
0.3078
0.31512
0.28535
0.24539
0.23407
0.24548
0.27168
0.28602
0.2924
0.29575
0.30731
0.29248
0.28596
0.28957
0.28826
0.28442
0.28414
0.27923
0.28789
0.29384
0.32053
0.30849
0.30045
0.3179
0.31688
0.29634
0.25186
0.23671
0.27529
0.2612
0.23727
0.2983
0.3422
0.34039
0.32798
0.28908
0.24794
0.18564
0.21115
0.25364
0.25025
0.2685
0.33353
0.54124
0.56487
0.89029
0.89348
0.87392
0.60026
0.51081
0.52525
0.43898
0.41489
0.43177
0.47925
0.577
0.8651
0.85577
0.83082
0.82399
0.83367
0.84802
0.85122
0.85054
0.81436
0.67061
0.44003
0.35538
0.36631
0.46155
0.44696
0.73197
0.58406
0.69735
0.78369
0.8706
0.86364
0.83922
0.81145
0.75533
0.77416
0.7559
0.75786
0.75984
0.73379
