0.36803
0.37351
0.34499
0.35603
0.39289
0.4502
0.38492
0.37882
0.34431
0.36594
0.36002
0.37093
0.34162
0.40756
0.37991
0.35515
0.3315
0.34241
0.36969
0.36871
0.37714
0.38178
0.36008
0.31855
0.31356
0.32371
0.32718
0.3315
0.33996
0.33816
0.33017
0.33158
0.33835
0.33623
0.33995
0.33849
0.33728
0.31496
0.24249
0.22661
0.21236
0.22596
0.28203
0.26758
0.25682
0.25247
0.23328
0.25528
0.24816
0.24994
0.36212
0.36556
0.37267
0.38676
0.3872
0.37768
0.37445
0.36585
0.32424
0.26462
0.24207
0.19677
0.17694
0.15112
0.1165
0.12472
0.1362
0.28061
0.36847
0.3744
0.33272
0.27524
0.23441
0.22582
0.21721
0.20713
0.206
0.22203
0.26062
0.27251
0.27338
0.28402
0.31143
0.33274
0.31579
0.29149
0.28414
0.30424
0.34586
0.40912
0.43128
0.40107
0.36881
0.39516
0.4389
0.37349
0.36439
0.3581
0.35358
0.38043
0.46255
0.61852
0.71529
0.62035
0.86218
0.83922
0.56457
0.48293
0.44447
0.52946
0.56012
0.48542
0.40985
0.38125
0.36477
0.33761
0.44139
0.7391
0.75156
0.73424
0.7754
0.79031
0.79905
0.80551
0.79912
0.77392
0.771
0.78598
0.77636
0.76394
0.76559
0.78112
0.79139
0.8044
0.7801
0.70637
0.54296
0.44703
0.43827
0.42408
0.30319
0.16597
0.099953
0.079891
0.11425
0.12606
0.16086
0.22681
0.25431
0.30418
0.35165
0.56066
0.55331
0.44767
0.36859
0.37575
0.39893
0.44232
0.86724
0.59158
0.52697
0.80097
0.88062
0.87204
0.86376
0.85662
0.83951
0.83425
0.80327
0.5933
0.45271
0.31979
0.45564
0.85153
0.7516
0.41722
0.39257
0.36864
0.78843
0.90983
0.92048
0.8666
0.83754
0.8351
0.83015
0.7972
0.54646
0.42939
0.41532
0.36725
0.32102
0.31136
0.27786
0.2172
0.24819
0.26633
0.25866
0.28715
0.27439
0.24305
0.26371
0.46206
0.3694
0.31729
0.36418
0.34981
0.36817
0.36092
0.68995
0.89257
0.89503
0.88875
0.85339
0.86149
0.44683
0.65154
0.85444
0.83881
0.8344
0.82929
0.80013
0.64634
0.54018
0.45619
0.42515
0.3964
0.34668
0.32992
0.34528
0.38549
0.39831
0.37909
0.45912
0.84149
0.81701
0.80262
0.78635
0.77552
0.7699
0.76234
0.7554
0.75535
0.7525
0.74188
0.70165
0.4505
0.36133
0.34217
0.33235
0.29374
0.227
0.22967
0.3917
0.33449
0.32436
0.32784
0.81776
0.84799
0.80939
0.78448
0.77026
0.7618
0.76124
0.75831
0.75524
0.74577
0.4555
0.38268
0.44353
0.53546
0.53525
0.60653
0.69087
0.49759
0.39076
0.33587
0.36499
0.35628
0.34804
0.33808
0.34466
0.34587
0.31076
0.27598
0.25165
0.37171
0.66813
0.55065
0.36904
0.3289
0.30847
0.30641
0.31331
0.31337
0.30271
0.29346
0.37229
0.43671
0.38335
0.37905
0.3666
0.33816
0.35695
0.35924
0.36989
0.36855
0.35768
0.358
0.4231
0.40741
0.41672
0.39136
0.36759
0.39594
0.41323
0.37482
0.37284
0.35951
0.3697
0.36609
0.40378
0.43296
0.39528
0.41121
0.39244
0.38165
0.35692
0.34659
0.35657
0.42632
0.88612
0.79001
0.51534
0.46003
0.45365
0.43118
0.40169
0.31943
0.44458
0.74694
0.60645
0.79575
0.70983
0.77507
0.65601
0.54561
0.94572
0.82754
0.66635
0.388
0.37447
0.37231
0.36556
0.37202
0.3962
0.35369
0.35525
0.48261
0.65669
0.37368
0.30287
0.52706
0.9248
0.92163
0.92839
0.92676
0.91851
0.91355
0.91039
0.911
0.60344
0.47435
0.43293
0.38991
0.30237
0.26058
0.85653
0.87188
0.49268
0.45347
0.90854
0.93063
0.9003
0.90498
0.90528
0.8919
0.78392
0.65335
0.57566
0.64805
0.57248
0.52192
0.46429
0.41802
0.46572
0.38868
0.366
0.38548
0.43318
0.49674
0.36226
0.42506
0.48167
0.45327
0.3912
0.4127
0.42027
0.35364
0.35825
0.34438
0.34867
0.36403
0.36864
0.40149
0.41131
0.40382
0.71691
0.85516
0.34185
0.33698
0.35695
0.38138
0.52348
0.45751
0.40337
0.40401
0.54845
0.83368
0.85858
0.87831
0.81659
0.4736
0.4108
0.30879
0.36008
0.37292
0.37506
0.38881
0.36434
0.35817
0.35885
0.35407
0.31672
0.31053
0.30307
0.30174
0.38871
0.87294
0.84834
0.82719
0.81423
0.80664
0.80283
0.80099
0.7974
0.79036
0.78678
0.78428
0.78251
0.77731
0.78162
0.77518
0.78361
0.56814
0.48621
0.44431
0.44011
0.39638
0.3459
0.29861
0.28822
0.38265
0.81254
0.54092
0.47414
0.4347
0.48224
0.45028
0.36437
0.30694
0.32006
0.2705
0.25973
0.24746
0.28269
0.32536
0.34605
0.34971
0.45243
0.56267
0.44842
0.4136
0.38717
0.38749
0.36441
0.37057
0.39247
0.38582
0.34631
0.34343
0.35866
0.38437
0.6552
0.64437
0.83795
0.87027
0.87658
0.8574
0.85396
0.8579
0.86245
0.80019
0.72248
0.76495
0.86453
0.63424
0.48003
0.50759
0.93451
0.90124
0.78028
0.70691
0.6945
0.5715
0.5078
0.44842
0.39051
0.33647
0.33938
0.33712
0.3396
0.32179
0.27815
0.2236
0.22857
0.24221
0.35583
0.36026
0.36103
0.35321
0.3546
0.35563
0.34991
0.34519
0.34129
0.33968
0.34096
0.34446
0.35264
0.37362
0.38259
0.40733
0.46162
0.89531
0.89623
0.87454
0.88835
0.88579
0.87883
0.88007
0.87808
0.86133
0.77568
0.6466
0.61025
0.64574
0.81935
0.72474
0.61124
0.54623
0.51605
0.50286
0.50428
0.46853
0.40347
0.39098
0.39932
0.40491
0.43393
0.42173
0.40129
0.35604
0.2894
0.25099
0.23113
0.21313
0.16677
0.14675
0.13232
0.13092
0.12296
0.14364
0.18013
0.23798
0.29218
0.34707
0.39138
0.40793
0.39895
0.41741
0.42023
0.4121
0.39548
0.39194
0.39329
0.43575
0.44343
0.50861
0.50772
0.46193
0.40747
0.32831
0.30722
0.31348
0.24738
0.24078
0.20776
0.21401
0.22949
0.23475
0.29229
0.29907
0.2949
0.32932
0.34443
0.37502
0.44217
0.45557
0.47993
0.47242
0.45222
0.62715
0.88821
0.94223
0.94945
0.59802
0.60692
0.62311
0.68964
0.96882
0.95892
0.96405
0.8904
0.63283
0.65583
0.73117
0.96966
0.94718
0.93732
0.92371
0.91334
0.90671
0.89913
0.87554
0.88104
0.86572
0.85903
0.84371
0.81491
0.83265
0.84056
0.83742
0.81908
0.75827
0.76274
0.60854
0.73494
0.79034
0.80376
0.85626
0.85492
0.84433
0.82649
0.76777
0.52742
0.54061
0.85608
0.86943
0.89261
0.86799
0.8566
0.85241
0.8507
0.85002
0.85919
0.86543
0.86196
0.85506
0.8519
0.85175
0.85302
0.86043
0.88607
0.84464
0.89205
0.90948
0.93324
0.65405
0.51329
0.47088
0.47733
0.52518
0.50694
0.42968
0.41304
0.44033
0.50359
0.51893
0.76054
0.94418
0.86703
0.97171
0.97074
0.96077
0.95492
0.9392
0.93455
0.92012
0.95108
0.95236
0.94495
0.94231
0.93481
0.93157
0.93547
0.93158
0.90409
0.8806
0.86014
0.72627
0.64773
0.47875
0.42177
0.40982
0.3862
0.34453
0.3198
0.25784
0.24611
0.25982
0.48991
0.84423
0.86972
0.85425
0.8238
0.71435
0.55899
0.53644
0.55964
0.58956
0.4942
0.44651
0.49943
0.53329
0.52281
0.47142
0.5741
0.6489
0.63941
0.54341
0.40249
0.39975
0.41247
0.38662
0.45898
0.58035
0.57857
0.42432
0.35749
0.33863
0.37811
0.37263
0.41571
0.42948
0.35812
0.36998
0.39825
0.41346
0.38428
0.34709
0.38862
0.43353
0.4693
0.39888
0.44188
0.45001
0.48998
0.71385
0.88447
0.84227
0.89098
0.84443
0.72485
0.51352
0.47047
0.45518
0.50982
0.72775
0.87345
0.85972
0.80662
0.81962
0.81519
0.81532
0.84188
0.83839
0.84516
0.70736
0.32797
0.38685
0.35515
0.38692
0.43732
0.45167
0.39568
0.48763
0.35887
0.37211
0.37582
0.3918
0.47876
0.70607
0.88894
0.87498
0.85933
0.85426
0.85751
0.68289
0.62469
0.56547
0.4591
0.35341
0.25824
0.24928
0.41706
0.83785
0.92491
0.65574
0.47769
0.37725
0.37985
0.3828
0.3664
0.40775
0.45517
0.61603
0.58157
0.61484
0.61817
0.88086
0.47661
0.41422
0.43455
0.42206
0.44211
0.45278
0.45068
0.44934
0.52082
0.97371
0.96009
0.91581
0.91782
0.91679
0.91991
0.93928
0.9349
0.9333
0.8126
0.85039
0.85194
0.93394
0.94778
0.95373
0.9503
0.95143
0.9502
0.94785
0.94811
0.94704
0.93168
0.92727
0.92205
0.92405
0.90163
0.91514
0.78046
0.81989
0.8568
0.86234
0.87303
0.88993
0.89934
0.87222
0.87423
0.86835
0.70892
0.55798
0.53805
0.53785
0.58079
0.59738
0.52537
0.44572
0.45685
0.51799
0.5479
0.48907
0.67514
0.65823
0.68971
0.62063
0.63437
0.84825
0.4743
0.48437
0.60292
0.51182
0.71555
0.90863
0.87346
0.90215
0.92628
0.90245
0.74893
0.70108
0.59342
0.52588
0.47765
0.47574
0.45183
0.43683
0.48779
0.47722
0.48231
0.41372
0.46225
0.45396
0.40182
0.47412
0.52763
0.51014
0.45111
0.35161
0.37638
0.34369
0.32359
0.43438
0.5197
0.53753
0.59199
0.5612
0.56175
0.45736
0.43612
0.4285
0.47689
0.50603
0.5594
0.57074
0.55998
0.71828
0.9534
0.60469
0.61163
0.91456
0.9984
0.94897
0.79058
0.54751
0.47312
0.4636
0.48785
0.51934
0.5481
0.54023
0.82793
0.73409
0.56586
0.58215
0.60576
0.62527
0.68145
0.98025
0.93865
0.974
0.98499
0.99889
0.99557
0.99058
0.97847
0.96649
0.87496
0.78918
0.62888
0.59583
0.64694
0.66577
0.65945
0.74192
0.6112
0.46174
0.55081
0.98256
0.99786
0.98547
0.9992
0.97739
0.95913
0.94522
0.9332
0.90201
0.8892
0.87206
0.90473
0.89459
0.88506
0.85128
0.58688
0.62822
0.67717
0.68856
0.90107
0.91084
0.90299
0.89852
0.83138
0.58735
0.55492
0.54631
0.45986
0.48319
0.5765
0.69464
0.68345
0.78003
0.8681
0.76856
0.85695
0.93173
0.92322
0.9168
0.9099
0.84408
0.89482
0.90121
0.9291
0.91792
0.9071
0.90145
0.90069
0.90468
0.83265
0.79872
0.82351
0.82081
0.84756
0.69974
0.4227
0.53293
0.48827
0.48449
0.47906
0.42839
0.50581
0.55229
0.65617
0.8837
0.81721
0.84462
0.77218
0.9078
0.9575
0.84568
0.59745
0.54056
0.64352
0.94691
0.83672
0.9509
0.97218
0.98363
0.97601
0.97155
0.93891
0.77423
0.87626
0.91349
0.87333
0.91726
0.93432
0.89246
0.86553
0.82941
0.95142
0.96486
0.96285
0.91093
0.57239
0.57627
0.7983
0.58561
0.64194
0.95581
0.9447
0.64495
0.49879
0.59568
0.90813
0.90323
0.94241
0.93948
0.93448
0.925
0.8142
0.67029
0.74264
0.70081
0.78247
0.92522
0.79451
0.75617
0.61155
0.57364
0.62111
0.54538
0.45326
0.81594
0.89263
0.43357
0.44856
0.51784
0.66624
0.74093
0.94508
0.96111
0.81992
0.85279
0.94969
0.96457
0.91213
0.82888
0.81501
0.88852
0.74002
0.73418
0.93668
0.99872
0.99859
0.96628
0.8843
0.99795
1.0004
0.99534
0.96878
0.95567
0.87211
0.84651
0.8158
0.75855
0.61644
0.4846
0.87213
0.94348
0.83001
0.85131
0.77778
0.8331
0.7314
0.75941
0.47812
0.48609
0.51953
0.45731
0.55445
0.94952
0.9396
0.99222
0.98581
0.94868
0.96609
0.94066
0.86945
0.82932
0.65832
0.4517
0.48995
0.58535
0.522
0.50459
0.48558
0.50162
0.48265
0.46663
0.47753
0.47956
0.47997
0.48495
0.47862
0.49525
0.49969
0.49493
0.50075
0.51376
0.4856
0.41857
0.36287
0.38204
0.45415
0.5463
0.54084
0.51176
0.49459
0.4922
0.49823
0.48413
0.49473
0.49093
0.49518
0.50315
0.45284
0.44127
0.43404
0.48018
0.48327
0.48919
0.48683
0.45566
0.47463
0.49863
0.48613
0.48974
0.51027
0.51459
0.53513
0.56194
0.57322
0.53984
0.53633
0.54299
0.56953
0.60912
0.7393
0.80211
0.83372
0.8849
0.96476
0.99555
0.99799
0.99939
0.97748
0.97663
0.85314
0.7535
0.70144
0.67084
0.91983
1.0006
1.0005
0.86614
0.95445
0.64261
0.46328
0.47104
0.67486
0.52612
0.4466
0.46506
0.47513
0.42263
0.39202
0.53792
0.55331
0.50792
0.52372
0.57955
0.62784
0.53228
0.61102
0.68802
0.68293
0.68582
0.69419
0.65568
0.75065
0.7
0.75412
0.99971
0.72345
0.6924
0.7197
0.84006
0.76021
0.64455
0.6367
0.78913
0.85344
0.71912
0.65701
0.93732
0.84841
0.89886
0.99741
0.99927
0.99616
0.99727
1.0008
0.98241
0.97575
0.7889
0.78257
0.88911
0.91326
0.77118
0.65636
0.85849
0.79695
0.7787
0.76387
0.77822
0.72706
0.76395
0.62142
0.5537
0.57775
0.5143
0.54146
0.44263
0.50926
0.45853
0.49433
0.56866
0.85826
0.83893
0.84332
0.82632
0.67035
0.5258
0.52429
0.55158
0.56911
0.60984
0.67328
0.98618
0.99984
0.85111
0.73269
0.75371
0.70512
0.67689
0.52424
0.57617
0.58678
0.51813
0.39202
0.33008
0.3333
0.35677
0.36258
0.37126
0.36411
0.37349
0.40051
0.44533
0.45038
0.41341
0.34366
0.59696
0.71827
0.70729
0.80102
0.73741
0.86618
0.96303
0.98798
0.99707
0.99965
0.93543
0.99947
0.79716
0.83
0.79103
0.79514
0.91543
0.96895
0.95177
0.99874
0.88776
0.79095
0.82633
0.84787
0.84102
0.85534
0.8264
0.75385
0.80368
0.84912
0.7396
0.68751
0.72494
0.77838
0.6946
0.60393
0.67366
0.69854
0.61766
0.72025
0.82176
0.88448
0.87764
0.86747
0.85982
0.82029
0.81194
0.85268
0.84567
0.89256
0.96327
0.98432
0.99165
0.99466
0.99814
1.0002
0.99753
0.92731
0.79085
0.75268
0.68315
0.54515
0.5657
0.74764
0.70821
0.78684
0.82908
0.92504
0.96586
0.98994
0.99089
0.99747
0.99929
0.99978
1.0004
0.97133
0.85408
0.65513
0.55338
0.51198
0.49448
0.50014
0.46098
0.44144
0.39152
0.39905
0.45154
0.66833
0.56251
0.56193
0.74218
0.72632
0.78777
0.9445
0.95455
0.98953
1.0002
0.99709
1.0006
1.0008
0.99767
0.99781
0.99705
0.99876
0.98572
0.89927
0.89468
0.76818
0.99585
0.97937
0.95752
0.98823
0.98523
0.82594
0.75264
0.592
0.6524
0.64005
0.55772
0.49349
0.56776
0.59651
0.56143
0.56153
0.56012
0.57182
0.56076
0.62226
0.84931
0.90472
0.72827
0.56124
0.5483
0.60333
0.5707
0.52103
0.52579
0.55054
0.56219
0.56837
0.58137
0.56756
0.52897
0.49595
0.50868
0.57391
0.62367
0.64597
0.66193
0.79824
0.7924
0.77849
0.86102
0.92478
0.97943
0.76416
0.64491
0.61378
0.54127
0.51952
0.52757
0.52668
0.49831
0.48848
0.66776
0.74237
0.71183
0.6985
0.62229
0.53374
0.51645
0.52807
0.48593
0.49956
0.62325
0.59529
0.55642
0.53683
0.57795
0.5737
0.53093
0.51453
0.53825
0.59221
0.62107
0.69953
0.75037
0.61374
0.66143
0.67432
0.63883
0.67697
0.80156
0.92897
0.93641
0.75499
0.8302
0.94051
0.84673
0.74197
0.69531
0.65794
0.67967
0.64574
0.66356
0.66369
0.58482
0.55768
0.57066
0.62235
0.61088
0.5105
0.48208
0.5127
0.61898
0.64859
0.70155
0.73681
0.57072
0.52832
0.48907
0.48372
0.46057
0.45952
0.47251
0.52347
0.4907
0.48101
0.48093
0.50253
0.50027
0.55741
0.57981
0.61324
0.66561
0.5359
0.50078
0.47165
0.47231
0.46927
0.43078
0.43699
0.45303
0.51581
0.51536
0.51923
0.47229
0.45365
0.44995
0.45218
0.43575
0.55347
0.58019
0.52451
0.48316
0.45945
0.4287
0.46677
0.5217
0.50558
0.47505
0.47679
0.48636
0.47977
0.43589
0.52834
0.47667
0.44858
0.44281
0.47076
0.49162
0.48733
0.48457
0.47483
0.4854
0.48438
0.47947
0.48643
0.49051
0.47799
0.47638
0.50883
0.49652
0.49591
0.502
0.48624
0.4497
0.43239
0.42837
0.42611
0.45631
0.53401
0.53025
0.59878
0.7016
0.95316
0.98292
1.0006
0.99804
0.99871
1.0007
0.99349
0.99855
0.99968
0.99751
0.99821
1.0005
0.99719
0.969
0.82274
0.76069
0.71455
0.67953
0.80297
0.74385
0.50834
0.47546
0.4966
0.49233
0.47984
0.4123
0.49321
0.52852
0.53426
0.55155
0.5348
0.59631
0.65117
0.66823
0.65388
0.6507
0.66974
0.65362
0.63462
0.5975
0.5864
0.59148
0.61447
0.63396
0.63871
0.56265
0.51331
0.48317
0.45882
0.44474
0.45879
0.51151
0.55786
0.65677
0.59395
0.62998
0.81885
0.93347
0.99992
0.9988
0.98945
0.96495
0.96425
0.94202
0.80638
0.72398
0.79069
0.7747
0.75718
0.77803
0.81193
1.0006
1.0004
0.99773
0.99998
0.99387
0.99872
0.85352
0.77797
0.6566
0.56472
0.59954
0.52542
0.5486
0.50341
0.46322
0.4551
0.4606
0.47116
0.43678
0.49875
0.47604
0.48792
0.48193
0.47936
0.46904
0.44815
0.44083
0.46087
0.55344
0.63074
0.60792
0.57629
0.53558
0.51656
0.56427
0.67406
0.72459
0.78546
0.97131
0.83938
0.91221
0.94368
0.95882
0.98393
0.98859
0.78398
0.8057
0.9993
0.98617
0.97297
1
1.0005
0.99939
0.99861
1.0005
0.9999
1.0006
0.81917
0.86169
0.7812
0.62943
0.60145
0.61839
0.75494
0.97048
0.80526
0.99781
0.99209
0.98308
0.97496
0.96489
0.97093
0.98095
0.86217
0.82217
0.97287
0.99007
0.91027
0.76756
0.81839
0.80807
0.96874
0.88865
0.74182
0.5916
0.69993
0.60624
0.64266
0.71696
0.65684
0.48089
0.60037
0.77723
0.97757
0.99749
0.9984
0.97503
0.99761
0.99389
0.9838
0.97998
0.9746
0.97531
0.95436
0.96162
0.98531
0.99249
0.9959
0.98722
0.97071
0.95958
0.95271
0.91553
0.82503
0.95673
0.86556
0.93341
0.90327
0.95322
0.66303
0.99997
0.9982
1.0007
0.99378
0.99609
0.99525
0.99593
1.0004
0.99988
0.99813
0.99926
1.0006
0.99943
0.96333
0.85821
0.83583
0.73917
0.77055
0.57182
0.87858
0.95129
0.97999
0.98144
0.981
0.98843
0.98965
0.99861
0.99706
0.99739
0.9892
0.96152
0.95704
0.93978
0.97489
0.96919
0.84804
0.86375
0.51473
0.46294
0.8365
0.99743
1.0005
0.9981
0.99421
0.99344
0.98923
0.9957
1.0004
0.99715
0.99928
0.99808
0.95937
0.96755
0.95677
0.93985
0.91449
0.87488
0.78115
0.64041
0.43755
0.26425
0.19724
0.19369
0.23418
0.30634
0.49858
0.36931
0.35105
0.34094
0.32708
0.33451
0.38544
0.64232
0.7865
0.64879
0.46705
0.4699
0.43443
0.44465
0.42168
0.46064
0.5557
0.5468
0.46868
0.4441
0.45609
0.51169
0.56317
0.62899
0.75253
0.96618
0.80553
0.64289
0.57394
0.48427
0.41218
0.50498
0.60137
0.57447
0.51354
0.54312
0.93389
0.96324
0.98128
0.9971
0.99999
0.99589
0.83524
0.55519
0.48406
0.40064
0.34818
0.34336
0.31386
0.26633
0.2562
0.57879
0.76669
0.81902
0.69774
0.64907
0.8486
0.87426
0.92604
0.47925
0.41413
0.38267
0.54864
0.5337
0.61412
0.72607
0.75099
0.78694
0.90259
0.94753
0.99112
0.99708
1.0004
0.99771
0.99785
0.99907
0.9981
0.99838
0.99164
0.96624
0.98625
0.95927
0.80518
0.59769
0.5154
0.951
0.99527
1.0011
0.9984
0.99923
0.99313
0.59937
0.53784
0.52008
0.55261
0.58464
0.74552
0.69379
0.71761
0.78592
0.83339
0.76214
0.70912
0.56448
0.55043
0.55577
0.52882
0.50882
0.50648
0.4804
0.52141
0.51391
0.53419
0.53695
0.53369
0.53012
0.51286
0.50391
0.4935
0.47952
0.47525
0.5538
0.58002
0.54447
0.65616
0.77479
0.82246
0.66428
0.59489
0.70347
0.75368
0.98953
1.0004
0.99811
0.99989
0.99941
0.99934
0.99843
1.0001
0.99867
0.99913
0.99983
0.99753
0.99654
0.9791
0.97111
0.96838
0.98249
0.98087
0.98522
0.95641
0.93359
0.94318
0.85707
0.78038
0.61061
0.60717
0.576
0.55345
0.52472
0.47271
0.40959
0.31514
0.25752
0.2155
0.19558
0.21003
0.25381
0.30536
0.33997
0.36532
0.38178
0.61039
0.95244
0.96096
0.96997
0.96556
0.96254
0.7862
0.64855
0.54084
0.47787
0.43317
0.31756
0.22558
0.25319
0.60011
0.65898
0.51928
0.47426
0.8771
0.91739
0.93186
0.93113
0.92352
0.91983
0.89899
0.68308
0.57566
0.5351
0.51166
0.47655
0.40419
0.41697
0.36742
0.43816
0.51204
0.95318
0.95201
0.91208
0.68214
0.63589
0.60415
0.50469
0.46088
0.54456
0.96393
0.62881
0.8427
0.78581
0.86036
0.96427
0.98827
0.97311
0.96371
0.95834
0.95998
0.9374
0.91074
0.69636
0.63361
0.55147
0.49849
0.45398
0.44791
0.46561
0.48895
0.45328
0.41021
0.37485
0.39807
0.37009
0.44471
0.77156
0.83338
0.89302
0.71425
0.72181
0.98883
0.98926
0.98137
0.94774
0.94337
0.92471
0.9536
0.95668
0.95867
0.96699
0.96374
0.96144
0.95271
0.95057
0.95241
0.95229
0.94731
0.94596
0.91443
0.82882
0.82131
0.5774
0.49702
0.49291
0.66467
0.56744
0.54134
0.51481
0.49877
0.49006
0.48253
0.44834
0.48587
0.53026
0.52027
0.59583
0.62893
0.80728
0.59357
0.56732
0.58344
0.52273
0.47973
0.51741
0.51372
0.82174
0.65125
0.47097
0.40073
0.76552
0.83143
0.75021
0.95491
0.96333
0.94434
0.93025
0.92236
0.91731
0.91857
0.92228
0.92508
0.92608
0.92975
0.92942
0.92913
0.92674
0.90676
0.73152
0.6044
0.51435
0.41976
0.38384
0.28537
0.24944
0.91025
0.96933
0.79451
0.73246
0.86098
0.94355
1.0005
0.99473
0.98575
0.9274
0.84037
0.82864
0.93798
0.95663
0.94477
0.95526
0.95031
0.9478
0.94756
0.95133
0.952
0.94944
0.9355
0.93382
0.93424
0.90781
0.94671
0.95854
0.95039
0.94788
0.94151
0.93607
0.93188
0.90642
0.78545
0.59303
0.64793
0.85091
0.88606
0.90916
0.90879
0.9102
0.69537
0.57683
0.51958
0.61496
0.7283
0.60146
0.54937
0.50861
0.46779
0.45378
0.42923
0.39606
0.37677
0.34866
0.33281
0.33545
0.33818
0.33543
0.36488
0.38517
0.34173
0.29644
0.20819
0.14877
0.15479
0.19746
0.27999
0.27529
0.29432
0.32844
0.33822
0.33002
0.32604
0.40043
0.45489
0.47827
0.48591
0.4918
0.48701
0.5657
0.62752
0.55524
0.56379
0.60688
0.50012
0.83699
0.96054
0.96879
0.96913
0.96818
0.97263
0.97299
0.97662
0.97682
0.98052
0.97847
0.9781
0.97476
0.97413
0.97196
0.68628
0.67986
0.69213
0.60972
0.56223
0.9233
0.98326
0.98106
0.98112
0.99088
0.99737
0.99795
0.99985
0.98909
0.99345
0.99729
0.98589
0.97716
0.96767
0.95908
0.93518
0.9458
0.93894
0.93518
0.93011
0.92193
0.91846
0.9154
0.89025
0.87974
0.83755
0.8847
0.67261
0.52114
0.45055
0.45163
0.44977
0.4492
0.43789
0.41711
0.37502
0.37003
0.44413
0.45972
0.43012
0.43858
0.4077
0.45045
0.40278
0.41018
0.49343
0.47993
0.76861
0.40671
0.3601
0.38253
0.42
0.41649
0.44852
0.48539
0.44149
0.50893
0.87894
0.6284
0.59523
0.54513
0.54722
0.56659
0.50397
0.40444
0.35811
0.32489
0.37575
0.36406
0.29814
0.34622
0.3678
0.47968
0.43686
0.43866
0.96772
0.95208
0.54701
0.97454
0.98426
0.94741
0.96792
0.96226
0.94727
0.92717
0.91308
0.90861
0.89703
0.88205
0.84438
0.70319
0.86947
0.88155
0.88266
0.86508
0.85423
0.61433
0.48441
0.42718
0.40752
0.35125
0.27166
0.22699
0.21645
0.20947
0.23617
0.30036
0.35165
0.92714
0.95049
0.87976
0.77771
0.96099
0.97479
0.9771
0.96437
0.96191
0.95847
0.94155
0.92808
0.92124
0.92051
0.91692
0.91524
0.91287
0.90362
0.89711
0.89086
0.88588
0.70214
0.53342
0.44599
0.48348
0.41056
0.38293
0.36754
0.34448
0.31372
0.26881
0.2396
0.25906
0.33889
0.76217
0.72626
0.65284
0.93181
0.91417
0.90218
0.89393
0.82264
0.66574
0.59092
0.83044
0.89744
0.89883
0.89936
0.8973
0.89433
0.89307
0.89197
0.89308
0.81424
0.83007
0.67228
0.60748
0.79558
0.83086
0.85608
0.87124
0.86213
0.78196
0.64542
0.57654
0.51681
0.32712
0.20825
0.18139
0.20685
0.21481
0.38729
0.50672
0.47734
0.4718
0.46212
0.43847
0.39393
0.34154
0.27609
0.22074
0.23523
0.25161
0.26077
0.22846
0.20526
0.21592
0.27455
0.29169
0.26035
0.20529
0.20541
0.18409
0.2112
0.27039
0.41834
0.41908
0.34592
0.38488
0.41257
0.40881
0.40884
0.38727
0.41828
0.40196
0.40544
0.38953
0.417
0.55405
0.71854
0.84786
0.59615
0.48253
0.48393
0.503
0.48724
0.48816
0.47978
0.44911
0.46479
0.46716
0.44235
0.43171
0.46114
0.48615
0.58901
0.68315
0.66614
0.62226
0.63177
0.62927
0.69795
0.66356
0.68073
0.62548
0.52547
0.3978
0.43849
0.48544
0.39934
0.33669
0.59381
0.755
0.84054
0.95577
0.95434
0.96152
0.95509
0.94374
0.95085
0.95116
0.94851
0.94605
0.94547
0.94561
0.93391
0.91329
0.89452
0.87704
0.85298
0.83726
0.82429
0.82487
0.81709
0.78566
0.77852
0.69179
0.5743
0.48788
0.42491
0.39652
0.37154
0.33396
0.28391
0.25599
0.29561
0.28894
0.34726
0.36497
0.36631
0.55161
0.78311
0.89618
0.90144
0.88929
0.87202
0.86497
0.85617
0.81324
0.78405
0.77616
0.69529
0.58619
0.65232
0.76268
0.60802
0.7299
0.74284
0.62668
0.74017
0.75497
0.7247
0.59457
0.4179
0.36399
0.36182
0.34656
0.35733
0.36163
0.34539
0.30456
0.32018
0.28668
0.25335
0.2377
0.28109
0.29848
0.28862
0.2962
0.28841
0.27965
0.29078
0.35463
0.47298
0.42172
0.38855
0.38007
0.37012
0.32635
0.35521
0.43282
0.73557
0.79418
0.71202
0.89293
0.89623
0.89582
0.69436
0.52834
0.43941
0.34294
0.29304
0.35318
0.46148
0.59929
0.62276
0.86433
0.88433
0.82959
0.79645
0.69086
0.57184
0.50892
0.7346
0.37577
0.35711
0.3569
0.36702
0.65153
0.3491
0.34344
0.38127
0.38751
0.50274
0.61123
0.91065
0.91514
0.90003
0.88623
0.86365
0.80662
0.78279
0.73388
0.6794
0.55765
0.47259
0.421
0.42787
0.37109
0.31135
0.26651
0.27166
0.32717
0.26042
0.26725
0.26268
0.25884
0.29395
0.39939
0.32605
0.70924
0.49344
0.51717
0.42247
0.69089
0.67684
0.90432
0.8935
0.88129
0.83784
0.71284
0.8465
0.86369
0.8613
0.85962
0.61551
0.52912
0.45734
0.43749
0.44478
0.4531
0.44071
0.47765
0.81414
0.88051
0.87637
0.86988
0.86347
0.82032
0.71132
0.56509
0.47808
0.41721
0.3592
0.36995
0.54954
0.77419
0.75787
0.59089
0.42968
0.38111
0.34564
0.31688
0.3295
0.38122
0.40654
0.4347
0.4188
0.35587
0.34527
0.36085
0.67587
0.47758
0.50674
0.50191
0.56947
0.82423
0.85494
0.86386
0.86323
0.85902
0.8538
0.84875
0.84198
0.83179
0.83107
0.82527
0.79986
0.79948
0.81275
0.80618
0.78906
0.75431
0.58234
0.48985
0.47644
0.40342
0.3422
0.28546
0.28394
0.27419
0.24108
0.19785
0.19973
0.25968
0.31035
0.3226
0.39777
0.64314
0.49537
0.3431
0.36221
0.3555
0.34001
0.33697
0.32741
0.30517
0.2618
0.17087
0.1504
0.17212
0.23264
0.24062
0.64474
0.60845
0.53864
0.56537
0.59142
0.55241
0.53129
0.54452
0.54613
0.54251
0.51987
0.51807
0.52333
0.52064
0.67404
0.593
0.45036
0.42697
0.41112
0.5606
0.92088
0.90769
0.88823
0.68931
0.77546
0.7072
0.88944
0.88523
0.57453
0.95719
0.46372
0.5691
0.88995
0.87726
0.83898
0.71926
0.64109
0.5487
0.51734
0.49373
0.48471
0.47352
0.59349
0.57187
0.5289
0.5198
0.50179
0.47057
0.46295
0.46562
0.36855
0.27773
0.40312
0.53525
0.40273
0.52301
0.61955
0.74083
0.85367
0.84779
0.84505
0.83674
0.82959
0.82355
0.81886
0.81045
0.79729
0.78472
0.76255
0.74456
0.53425
0.46659
