0.87861
0.70368
0.79361
0.75921
0.70998
0.65612
0.65409
0.62245
0.53323
0.48873
0.45744
0.43572
0.43161
0.43549
0.47792
0.33011
0.1855
0.3303
0.35552
0.45967
0.53615
0.37126
0.32573
0.29014
0.32266
0.2652
0.25144
0.21114
0.26025
0.31578
0.6244
0.74945
0.62807
0.24309
0.86897
0.56743
0.41243
0.41466
0.38964
0.46185
0.38045
0.74251
0.71654
0.92829
0.87666
0.76174
0.88656
0.67017
0.53425
0.48816
0.84754
0.9189
0.91882
0.90239
0.91099
0.91877
0.90039
0.88488
0.91234
0.91159
0.77146
0.59059
0.72884
0.85002
0.8105
0.66614
0.74304
0.74874
0.80742
0.95047
0.93054
0.92919
0.92045
0.91157
0.91272
0.91213
0.90128
0.90062
0.90261
0.90831
0.90301
0.88823
0.89995
0.90096
0.89231
0.88247
0.59074
0.63818
0.72731
0.86853
0.88552
0.965
0.95391
0.93895
0.93252
0.93154
0.92507
0.91985
0.91984
0.91466
0.91259
0.91583
0.90202
0.85884
0.91968
0.90534
0.91454
0.91102
0.53413
0.42482
0.65245
0.58705
0.44658
0.38138
0.47873
0.62989
0.63347
0.66709
0.83895
0.72388
0.8578
0.86966
0.87766
0.77394
0.7583
0.71725
0.76397
0.77218
0.75743
0.69591
0.67439
0.69089
0.6236
0.55252
0.3512
0.29968
0.2772
0.29073
0.32
0.4022
0.60377
0.56571
0.398
0.3308
0.35729
0.29665
0.2954
0.15435
0.20026
0.32668
0.24374
0.79945
0.65996
0.83663
0.72381
0.44253
0.41669
0.59089
0.47657
0.36382
0.33789
0.54309
0.58538
0.45051
0.40751
0.36692
0.6686
0.71077
0.77722
0.64284
0.54392
0.77749
0.84188
0.82944
0.81717
0.82302
0.76053
0.63382
0.66257
0.69858
0.76907
0.75191
0.73339
0.77726
0.8124
0.80809
0.72651
0.56505
0.43134
0.47227
0.44901
0.32147
0.23436
0.1676
0.22379
0.28715
0.66324
0.6316
0.59737
0.61802
0.54142
0.58991
0.52268
0.53829
0.62516
0.83577
0.72819
0.86899
0.87754
0.8853
0.86917
0.89672
0.90216
0.8964
0.89597
0.88889
0.8823
0.87104
0.85219
0.83694
0.75191
0.41346
0.33626
0.31181
0.35739
0.77055
0.81031
0.81762
0.84445
0.86106
0.86607
0.94074
0.91483
0.86927
0.73825
0.63817
0.52119
0.54529
0.46947
0.55487
0.7176
0.53583
0.48216
0.81234
0.83144
0.82764
0.80608
0.84699
0.86153
0.83977
0.79339
0.80044
0.76386
0.80298
0.80868
0.82331
0.84461
0.89767
0.90772
0.90982
0.88584
0.88259
0.84111
0.74064
0.85539
0.75872
0.59168
0.45109
0.40166
0.3678
0.33194
0.63775
0.8388
0.91816
0.93457
0.89822
0.86082
0.88051
0.86538
0.90509
0.89769
0.89023
0.87344
0.85382
0.87867
0.83058
0.88454
0.90265
0.9178
0.90411
0.90083
0.89977
0.89235
0.88842
0.88786
0.89125
0.88821
0.88009
0.88384
0.87283
0.85025
0.86445
0.85517
0.87692
0.87743
0.87857
0.8852
0.886
0.88784
0.89383
0.90431
0.9072
0.91312
0.91158
0.91145
0.91513
0.90662
0.92899
0.74007
0.56234
0.53724
0.61093
0.75132
0.81901
0.72591
0.44868
0.60385
0.37155
0.35384
0.96468
0.93031
0.90808
0.8954
0.87139
0.84875
0.76047
0.64096
0.8479
0.81973
0.40614
0.361
0.69818
0.91009
0.86716
0.95738
0.92276
0.89927
0.87664
0.85324
0.84428
0.8397
0.83729
0.83868
0.84611
0.86176
0.86122
0.86092
0.8675
0.86599
0.87212
0.86885
0.85816
0.68949
0.83221
0.87452
0.86678
0.86445
0.8719
0.86822
0.87088
0.83295
0.70158
0.64974
0.63297
0.58627
0.61526
0.61955
0.61432
0.65494
0.60711
0.63718
0.6435
0.65254
0.48266
0.37971
0.55013
0.67278
0.5257
0.74885
0.9136
0.90972
0.90323
0.89866
0.85487
0.86236
0.86077
0.88625
0.90183
0.91109
0.91872
0.90993
0.91284
0.89737
0.86012
0.7822
0.7724
0.78169
0.76525
0.7781
0.87305
0.85183
0.91669
0.95024
0.97099
0.96267
0.93018
0.92926
0.9301
0.87308
0.85909
0.86664
0.69805
0.65835
0.67139
0.73131
0.7115
0.74139
0.77465
0.72384
0.66635
0.72941
0.75097
0.78491
0.74914
0.69566
0.61276
0.57963
0.56454
0.56083
0.62327
0.62564
0.60045
0.56605
0.58521
0.58992
0.59228
0.5826
0.60027
0.5994
0.61256
0.62111
0.53211
0.49573
0.47507
0.59758
0.53568
0.47757
0.54623
0.55556
0.58483
0.63761
0.60956
0.49311
0.44988
0.57898
0.86511
0.90405
0.91269
0.93169
0.93999
0.93823
0.93695
0.93412
0.92401
0.90254
0.89561
0.94207
0.94446
0.95283
0.92549
0.83409
0.70485
0.70682
0.64863
0.55266
0.52685
0.42649
0.34245
0.29418
0.31225
0.34214
0.34497
0.35741
0.34259
0.32821
0.32285
0.30391
0.2991
0.30074
0.27287
0.25158
0.25231
0.2836
0.39401
0.40539
0.46867
0.537
0.62782
0.70873
0.75179
0.7874
0.78472
0.81727
0.83075
0.85394
0.88932
0.88726
0.88859
0.88271
0.87631
0.8689
0.86578
0.85986
0.86758
0.88538
0.91235
0.91379
0.74966
0.70523
0.69918
0.71154
0.69231
0.67001
0.52486
0.79546
0.80995
0.8217
0.88901
0.85736
0.87128
0.89031
0.90024
0.88995
0.90423
0.90188
0.87267
0.89991
0.89554
0.90821
0.91379
0.9079
0.89407
0.9263
0.92022
0.92067
0.91773
0.89746
0.89867
0.8994
0.90811
0.89278
0.87111
0.87158
0.79808
0.65954
0.60771
0.84499
0.65978
0.7041
0.92233
0.93507
0.93381
0.93148
0.91378
0.93327
0.93434
0.91143
0.92045
0.91628
0.91664
0.9247
0.81265
0.73815
0.74821
0.60871
0.40868
0.34269
0.31091
0.57016
0.56724
0.86665
0.88062
0.89421
0.83331
0.78548
0.82435
0.58086
0.34616
0.24515
0.21187
0.20417
0.16777
0.13938
0.13259
0.1514
0.19116
0.20066
0.19629
0.26425
0.25676
0.24474
0.31922
0.29331
0.28014
0.62211
0.73952
0.8496
0.95124
0.9122
0.90474
0.91244
0.92699
0.92425
0.91819
0.9146
0.9079
0.88993
0.86059
0.82556
0.67339
0.92346
0.92884
0.92397
0.93075
0.90979
0.88938
0.89886
0.95083
0.92697
0.92317
0.9113
0.93653
0.88992
0.89884
0.91818
0.91478
0.90224
0.85704
0.79872
0.68968
0.66155
0.84812
0.92279
0.90646
0.83255
0.90512
0.92339
0.92077
0.91567
0.91885
0.8908
0.89439
0.90046
0.87932
0.88172
0.77896
0.61177
0.62126
0.53384
0.49704
0.60541
0.63521
0.66657
0.65403
0.68003
0.75541
0.80011
0.71228
0.66925
0.60731
0.70789
0.75449
0.75393
0.74942
0.70592
0.52767
0.63133
0.90492
0.94356
0.92726
0.91151
0.91006
0.85349
0.84736
0.8531
0.91187
0.92727
0.88981
0.90399
0.91482
0.92506
0.93335
0.9287
0.92861
0.92621
0.92179
0.91586
0.91483
0.92363
0.92748
0.91106
0.8889
0.90528
0.91561
0.90479
0.88056
0.83028
0.79981
0.82373
0.80613
0.78459
0.59197
0.61125
0.67177
0.88421
0.89678
0.8849
0.87171
0.88104
0.87977
0.85181
0.76947
0.85018
0.86095
0.68412
0.75108
0.76018
0.67078
0.68781
0.60446
0.26079
0.27628
0.40707
0.8692
0.8915
0.90681
0.93694
0.96494
0.97754
0.97339
0.95193
0.94188
0.92567
0.93699
0.931
0.92108
0.87913
0.85293
0.88585
0.9019
0.89805
0.92638
0.86033
0.7928
0.78533
0.82571
0.87774
0.90928
0.84517
0.72653
0.73506
0.68948
0.66715
0.59411
0.63953
0.66776
0.70725
0.69138
0.72058
0.64341
0.61042
0.63105
0.70176
0.82359
0.92019
0.93341
0.92682
0.93122
0.87384
0.90894
0.89104
0.90092
0.91356
0.89229
0.82662
0.64543
0.55281
0.51149
0.69378
0.92546
0.70965
0.7095
0.6891
0.71658
0.62687
0.61334
0.5853
0.6876
0.69745
0.69398
0.67416
0.65118
0.59128
0.55681
0.53504
0.53463
0.55371
0.56531
0.54196
0.72155
0.68232
0.65871
0.77576
0.82511
0.73652
0.6144
0.53938
0.45571
0.62288
0.69299
0.75565
0.95684
0.95865
0.94253
0.90236
0.82666
0.79093
0.8045
0.8086
0.81937
0.92945
0.9611
0.78092
0.90313
0.78034
0.83096
0.81806
0.95346
0.95044
0.93267
0.83415
0.91722
0.93559
0.96734
0.84802
0.74669
0.77105
0.86483
0.81861
0.94234
0.92128
0.84316
0.88221
0.87895
0.93857
0.95493
0.9377
0.92483
0.77921
0.72964
0.72205
0.58591
0.48923
0.58955
0.76607
0.71422
0.67613
0.77831
0.78645
0.77207
0.75044
0.72139
0.66531
0.56707
0.52708
0.5508
0.61824
0.52715
0.48171
0.37155
0.32304
0.3226
0.50141
0.54658
0.66025
0.56021
0.54486
0.52311
0.51899
0.48024
0.55603
0.69371
0.72174
0.76066
0.64243
0.60123
0.55079
0.53543
0.64871
0.59538
0.63275
0.59372
0.55019
0.52702
0.51498
0.53061
0.54574
0.6785
0.64181
0.7159
0.64117
0.50765
0.53246
0.63049
0.82463
0.92192
0.9607
0.95734
0.99067
0.99746
0.99728
0.99871
0.99727
0.99763
0.98855
0.99015
0.99951
0.99917
0.997
0.97856
0.95467
0.94195
0.90451
0.99799
0.9989
0.99805
0.94895
0.90104
0.86479
0.85708
0.97612
0.96545
0.95995
0.95944
0.9589
0.96
0.95897
0.95532
0.97063
0.96895
0.96174
0.96142
0.9626
0.93585
0.75807
0.63582
0.69599
0.85475
0.687
0.68522
0.90714
0.96515
0.9347
0.9205
0.93694
0.9426
0.95174
0.93855
0.94482
0.92657
0.83373
0.90685
0.83987
0.81108
0.93518
0.96208
0.96911
0.91956
0.71859
0.75104
0.89546
0.94565
0.95569
0.94553
0.94591
0.95113
0.9158
0.80316
0.84251
0.84806
0.89001
0.85794
0.79179
0.92839
0.93872
0.9445
0.93061
0.92792
0.93578
0.93131
0.9174
0.95708
0.97941
0.99122
0.99165
0.9816
0.96602
0.97108
0.95734
0.98729
0.99579
0.9933
0.98747
0.97201
0.97401
0.94734
0.93441
0.92255
0.89824
0.8945
0.77936
0.9275
0.92058
0.93135
0.92505
0.91972
0.91596
0.9143
0.91823
0.92335
0.92228
0.92627
0.93572
0.79739
0.86779
0.86908
0.84848
0.93218
0.9367
0.93836
0.93701
0.91161
0.8878
0.88588
0.79205
0.88286
0.9146
0.91375
0.88552
0.85729
0.85952
0.72115
0.85755
0.71698
0.88571
0.93443
0.94645
0.94602
0.92378
0.91396
0.87503
0.8766
0.93558
0.92854
0.93432
0.95256
0.86495
0.81443
0.85819
0.9442
0.85928
0.77906
0.76915
0.8086
0.83396
0.86467
0.92133
0.90677
0.91649
0.92344
0.86816
0.82316
0.75251
0.80892
0.86054
0.89907
0.76755
0.69607
0.7052
0.83628
0.86293
0.8689
0.84527
0.83443
0.79379
0.74748
0.81878
0.9936
0.96033
0.9696
0.94758
0.94803
0.97092
0.9715
0.88771
0.849
0.79491
0.69956
0.78488
0.76252
0.7758
0.84405
0.67734
0.61108
0.70407
0.74232
0.75871
0.75324
0.70301
0.69414
0.68919
0.72981
0.76861
0.76886
0.68003
0.76307
0.67923
0.61762
0.60083
0.6666
0.70043
0.63533
0.75837
0.8382
0.811
0.80671
0.79102
0.81486
0.9827
0.9898
0.936
0.94761
0.94141
0.92461
0.92712
0.88112
0.83728
0.80007
0.79861
0.76878
0.67441
0.90599
0.83824
0.94161
0.94265
0.94889
0.964
0.97377
0.99463
0.99359
0.99876
0.99772
0.99382
0.87297
0.99827
0.96506
0.93032
0.96931
0.93765
0.87535
0.95691
0.88221
0.8426
0.84795
0.80832
0.57854
0.79369
0.96326
0.99965
0.99972
0.96712
0.92295
0.94096
0.95217
0.95668
0.85998
0.80781
0.80215
0.82295
0.7814
0.71136
0.7879
0.72516
0.68733
0.75657
0.831
0.93087
0.90926
0.86674
0.90244
0.8361
0.83144
0.81632
0.80731
0.81992
0.8026
0.79771
0.79795
0.73349
0.72628
0.75039
0.7565
0.77972
0.79997
0.75891
0.73064
0.63986
0.63811
0.68594
0.70804
0.67197
0.65963
0.58087
0.53523
0.43445
0.53453
0.47163
0.49111
0.58933
0.54017
0.43148
0.4403
0.37418
0.45925
0.44091
0.45771
0.55972
0.46804
0.38069
0.36674
0.36313
0.55386
0.6462
0.64616
0.64487
0.63889
0.67176
0.66531
0.57739
0.58481
0.52961
0.65942
0.63938
0.6262
0.6918
0.71176
0.71205
0.62824
0.62713
0.61298
0.6212
0.69079
0.86046
0.89644
0.8734
0.73542
0.72593
0.7358
0.72415
0.76163
0.88155
0.926
0.91585
0.84873
0.7361
0.71928
0.73413
0.83038
0.93724
0.98032
0.92053
0.7864
0.72643
0.7894
0.82083
0.93192
0.99017
0.91847
0.64977
0.59385
0.43601
0.58424
0.60632
0.62461
0.75921
0.79306
0.81579
0.71415
0.69119
0.67828
0.66946
0.79487
0.91718
0.97335
0.93889
0.86513
0.77115
0.72789
0.72709
0.80171
0.92116
0.87038
0.97055
0.99553
0.98911
0.98447
0.99947
0.99968
0.99997
1.0001
0.99985
0.99983
1.0004
0.99848
0.98962
0.87866
0.91708
0.97826
0.99923
0.90313
0.80882
0.75267
0.76775
0.78135
0.86783
0.88398
0.93198
0.94593
0.93965
0.95629
0.96975
0.96561
0.94083
0.94232
0.96127
0.97111
0.98965
0.99743
0.99178
0.97175
0.99063
0.99227
0.94873
0.84657
0.80424
0.79783
0.77509
0.78144
0.78005
0.78902
0.82368
0.84274
0.79734
0.82182
0.84184
0.899
0.96928
0.97363
0.91428
0.89001
0.88214
0.82955
0.80227
0.81966
0.7655
0.70404
0.6493
0.60564
0.52162
0.72184
0.69361
0.76557
0.76132
0.73248
0.72
0.91865
0.95741
0.96366
0.92382
0.91001
0.91856
0.93499
0.94103
0.92776
0.9339
0.93292
0.95638
0.96171
0.94748
0.93616
0.95998
0.96188
0.98281
0.99811
0.99832
0.99321
0.99391
0.98313
0.91794
0.86517
0.82399
0.84646
0.87754
0.91421
0.9385
0.90613
0.9
0.89075
0.91092
0.90468
0.94285
0.94425
0.98097
0.99897
0.99745
0.97259
0.94455
0.91279
0.9013
0.88936
0.72413
0.65977
0.6083
0.72678
0.69052
0.73966
0.89028
0.94334
0.96823
0.96635
0.97246
0.97337
0.98538
0.9496
0.9442
0.97412
0.9905
0.9407
0.90815
0.92781
0.93053
0.89762
0.95975
0.93638
0.95137
0.93112
0.98753
0.93459
0.9777
0.96646
0.96028
0.95844
0.95466
0.94603
0.98749
0.98489
0.96321
0.94528
0.95096
0.97855
0.97826
0.99594
0.99282
0.97709
0.94215
0.94546
0.97346
0.99313
0.99807
0.96115
0.91775
0.86659
0.83842
0.85349
0.81169
0.80002
0.70201
0.67532
0.7148
0.85347
0.75103
0.88113
0.83648
0.95676
0.98184
0.95839
0.90778
0.91638
0.82662
0.86575
0.86633
0.87045
0.67795
0.55763
0.47126
0.52947
0.57306
0.60675
0.7939
0.81837
0.78298
0.80918
0.80627
0.74472
0.71324
0.79554
0.73264
0.79786
0.747
0.56877
0.46441
0.57832
0.57316
0.69274
0.65068
0.64347
0.49848
0.34656
0.40124
0.39731
0.40616
0.55764
0.4825
0.66443
0.49734
0.49021
0.49704
0.69096
0.6848
0.75945
0.75782
0.76567
0.83549
0.87752
0.86533
0.79217
0.76964
0.76787
0.77305
0.84405
0.93748
0.96637
0.96263
0.84542
0.78945
0.78526
0.76386
0.76951
0.8307
0.82418
0.79345
0.67303
0.61663
0.5961
0.57954
0.70295
0.80754
0.98312
0.92394
0.94139
0.92307
0.88297
0.89986
0.91363
0.90762
0.91055
0.92923
0.96672
0.99761
0.98785
0.97509
0.93266
0.90397
0.87866
0.94735
0.95054
0.94554
0.9639
0.97102
0.96749
0.96197
0.97545
0.97944
0.96044
0.94075
0.95128
0.97282
0.9808
0.97834
0.98081
0.95327
0.97408
0.96877
0.97942
0.97673
0.97646
0.98224
0.98405
0.97913
0.96848
0.9668
0.97669
0.95233
0.94979
0.89068
0.91325
0.96245
0.96925
0.98631
0.99342
0.98382
0.97464
0.98112
0.99525
0.99121
0.98196
0.95974
0.9733
0.96895
0.98755
0.97607
0.90341
0.74226
0.82685
0.8604
0.90349
0.93802
0.94043
0.81179
0.91457
0.93605
0.96833
0.97768
0.97684
0.98509
0.99158
0.98683
0.96854
0.94009
0.96921
0.97008
0.98103
0.98602
0.99076
0.99753
0.99708
0.99443
0.99551
0.99255
0.99029
0.9923
0.99362
0.98394
0.91125
0.87072
0.86131
0.87937
0.89448
0.89342
0.86028
0.85535
0.68335
0.58273
0.62672
0.87353
0.84519
0.79297
0.73635
0.7143
0.78332
0.73957
0.79178
0.71406
0.73456
0.82141
0.80008
0.73034
0.68356
0.78234
0.9075
0.93445
0.98721
0.98971
0.99908
0.99913
0.99885
0.99887
0.96542
0.94406
0.95875
0.95164
0.95387
0.96798
0.98754
0.99249
0.90947
0.85902
0.79631
0.74504
0.8593
0.98674
0.99883
0.99992
0.98735
0.98483
0.98274
0.99307
0.99588
0.99673
0.99932
0.99833
0.99941
0.97685
0.97495
0.98523
0.9922
0.99942
0.99969
0.99881
0.99752
0.91655
0.90631
0.90128
0.92696
0.83399
0.94708
0.94258
0.89167
0.89182
0.89078
0.90482
0.96718
0.98376
0.99553
0.9977
0.99951
0.97397
0.9711
0.98687
0.9976
0.9992
1.0005
0.99973
0.9891
0.85068
0.79902
0.94482
0.92355
0.89579
0.87604
0.88038
0.87569
0.87714
0.90044
0.93279
0.85874
0.80577
0.81867
0.82053
0.88652
0.81396
0.8336
0.80581
0.8309
0.74148
0.69027
0.66919
0.74993
0.75939
0.77762
0.81196
0.74812
0.68161
0.64064
0.60873
0.64208
0.66834
0.78912
0.7984
0.78963
0.71571
0.69267
0.60918
0.59589
0.67278
0.73878
0.72831
0.85077
0.92095
0.88182
0.89758
0.84621
0.82515
0.75041
0.85778
0.81624
0.91726
0.93516
0.96893
0.98112
0.97858
0.96568
0.94339
0.9589
0.97762
0.99873
0.94848
0.83653
0.79669
0.78482
0.77792
0.82479
0.82898
0.86569
0.8374
0.75235
0.72838
0.77792
0.8134
0.81752
0.8363
0.86308
0.89287
0.87271
0.90352
0.90903
0.93512
0.9797
0.97522
0.96273
0.96995
0.98082
0.98599
0.98238
0.98812
0.99093
0.98506
0.98751
0.99588
0.97733
0.91968
0.85392
0.82862
0.89905
0.98765
0.99793
0.99783
0.99821
0.96267
0.92182
0.78557
0.93827
1.0002
1.0003
0.99403
0.89194
0.86665
0.84138
0.87192
0.8975
0.93735
0.99873
0.9994
0.99847
0.98958
0.94873
0.92143
0.96207
0.96271
0.99309
0.99866
0.99372
0.96783
0.9616
0.99864
0.98062
0.8865
0.86158
0.85686
0.78215
0.7194
0.79059
0.89171
0.92693
0.99858
1.0003
0.99892
0.99784
0.98412
0.93329
0.96638
0.99697
0.99712
0.99943
0.99772
0.99779
1.0002
1.0006
1.0014
0.99955
0.94871
0.84506
0.81172
0.87483
0.87373
0.78865
0.83504
0.87496
0.94549
0.97772
0.95732
0.86171
0.83464
0.89007
0.96987
0.9966
0.99867
0.99121
0.97477
1.0008
0.91755
0.78215
0.80193
0.87779
0.86619
0.87479
0.84138
0.77544
0.66946
0.68707
0.63677
0.60265
0.46893
0.50054
0.66755
0.8519
0.90004
0.92394
0.94175
0.92266
0.75452
0.65793
0.52189
0.44426
0.52885
0.57684
0.59301
0.5518
0.46454
0.58291
0.60173
0.6288
0.64941
0.77721
0.8522
0.88841
0.98217
0.9977
0.99439
0.99511
0.9812
0.97239
0.98852
0.9979
0.99841
0.99771
0.93612
0.84528
0.77765
0.76853
0.76439
0.86564
0.91301
0.9471
0.92513
0.96645
0.82537
0.6799
0.80978
0.92666
0.79249
0.72146
0.67471
0.6113
0.57193
0.6203
0.79514
0.79762
0.68244
0.68161
0.49991
0.47291
0.47388
0.6851
0.7701
0.77687
0.74806
0.74868
0.74306
0.72527
0.73035
0.76521
0.77939
0.77965
0.85642
0.83578
0.79708
0.7373
0.72751
0.75401
0.75671
0.76061
0.73343
0.75864
0.80687
0.8016
0.74904
0.71886
0.72692
0.79846
0.72613
0.71881
0.75199
0.70861
0.65993
0.6202
0.71397
0.6979
0.65815
0.6956
0.63765
0.65982
0.5884
0.56601
0.70548
0.67458
0.72597
0.72635
0.71403
0.66855
0.67466
0.65388
0.72938
0.71161
0.77794
0.79545
0.74378
0.81134
0.76515
0.76845
0.80838
0.87308
0.80763
0.99118
0.99788
0.98604
0.92129
0.87
0.89049
0.97462
0.99709
0.99741
0.99981
0.99921
0.93562
0.86752
0.93547
0.99711
0.99988
1.0007
0.99924
0.98476
0.99817
0.98466
0.98532
0.9542
0.97168
0.94438
0.95863
0.89134
0.77281
0.77643
0.89922
0.82322
0.71432
0.71138
0.65314
0.55891
0.44963
0.60866
0.54459
0.64159
0.8576
0.9777
0.9753
0.97577
1.0007
0.9984
0.99862
0.99822
0.99913
0.9984
1.0001
0.99712
0.87278
0.79151
0.85976
0.93295
0.92945
0.8381
0.77378
0.71188
0.67864
0.70044
0.79397
0.90246
0.91366
0.88437
0.76806
0.71636
0.72313
0.72813
0.83113
0.8059
0.98386
0.93058
0.878
0.93427
0.89883
0.98903
0.98983
0.98542
0.97314
0.7683
0.80742
0.76161
0.65744
0.8336
0.85834
0.85004
0.91269
0.94898
0.99755
0.99941
0.99929
0.97945
0.97487
0.94696
0.85192
0.76637
0.71878
0.6478
0.56102
0.71126
0.67332
0.78177
0.87016
0.73786
0.6603
0.56514
0.51395
0.65825
0.67793
0.67101
0.65842
0.62653
0.60988
0.63951
0.69185
0.79023
0.87854
0.97714
0.93611
0.90898
0.93189
0.94479
0.90275
0.83576
0.86581
0.81119
0.70695
0.6508
0.6023
0.59686
0.59909
0.76684
0.70039
0.64136
0.58318
0.56366
0.49395
0.44265
0.48016
0.66664
0.63234
0.60961
0.55991
0.53651
0.52008
0.54196
0.74208
0.77045
0.88722
0.93532
0.83322
0.93601
0.87589
0.82583
0.87172
0.77585
0.97097
0.7563
0.8258
0.81552
0.79685
0.79242
0.83711
0.87857
0.81105
0.841
0.82749
0.80892
0.73111
0.76589
0.82191
0.8225
0.86246
0.85475
0.79449
0.85733
0.72518
0.69205
0.55807
0.48917
0.47349
0.57531
0.64051
0.77031
0.71953
0.76788
0.78321
0.86029
0.90461
0.91431
0.87437
0.90884
0.90224
0.89732
0.88571
0.87744
0.88012
0.89111
0.9188
0.9384
0.94187
0.94897
0.95568
0.96044
0.96242
0.96337
0.96426
0.97112
0.97436
0.97138
0.97426
0.96642
0.90617
0.94423
0.94103
0.94067
0.95901
0.93741
0.92237
0.81331
0.69316
0.72818
0.61138
0.92988
0.92908
0.94044
0.94719
0.95817
0.97126
0.97317
0.96536
0.95581
0.95364
0.98947
0.9756
0.97004
0.95307
0.86112
0.91285
0.87333
0.88152
0.71647
0.74868
0.67737
0.76332
0.81959
0.89573
0.83928
0.90149
0.88998
0.85342
0.77272
0.66395
0.68921
0.45068
0.39709
0.60642
0.81677
0.74258
0.69971
0.87506
0.87014
0.86395
0.92125
0.94021
0.96298
0.8986
0.83665
0.82571
0.83902
0.88365
0.9445
0.99528
0.97107
0.96585
0.8787
0.90065
0.93875
0.95297
0.96028
0.94062
0.91051
0.84339
0.79204
0.76061
0.91747
0.84708
0.92434
0.8681
0.8069
0.87992
0.77582
0.78972
0.79028
0.79164
0.9146
0.90484
0.91892
0.93748
0.9374
0.81813
0.70859
0.63097
0.6362
0.72315
0.68093
0.57234
0.63843
0.52176
0.51489
0.57876
0.49039
0.63043
0.71517
0.69024
0.45807
0.51168
0.43145
0.37322
0.33884
0.28454
0.29755
0.40996
0.50224
0.47522
0.32089
0.1995
0.27193
0.43027
0.67885
0.82129
0.58786
0.71218
0.75168
0.75334
0.60413
0.63795
0.76651
0.76765
0.76992
0.74273
0.75703
0.79263
0.79207
0.72005
0.68682
0.60039
0.58951
0.56438
0.52201
0.43441
0.58134
0.57128
0.51427
0.56683
0.46739
0.50994
0.45343
0.42033
0.46903
0.47588
0.41535
0.53017
0.6048
0.80453
0.55942
0.67717
0.69572
0.5447
0.43962
0.39135
0.37519
0.35296
0.33603
0.3281
0.32606
0.29185
0.22339
0.21422
0.23846
0.3107
0.31844
0.30015
0.37556
0.37234
0.36335
0.47079
0.40831
0.32538
0.44266
0.55113
0.82552
0.90786
0.93741
0.79333
0.78328
0.85632
0.67816
0.4742
0.47372
0.60956
0.83225
0.86183
0.9058
0.9275
0.91363
0.95064
0.95026
0.94416
0.94328
0.95609
0.95975
0.95204
0.93875
0.91138
0.85208
0.78668
0.85184
0.87493
0.87852
0.77528
0.74999
0.65735
0.53454
0.47074
0.52303
0.44266
0.38085
0.37718
0.48672
0.55804
0.85008
0.95433
0.949
0.94509
0.93549
0.91589
0.9222
0.8261
0.80046
0.88281
0.93124
0.90795
0.92343
0.92621
0.92722
0.9227
0.91976
0.94489
0.9396
0.92885
0.93552
0.94713
0.73874
0.68432
0.88084
0.88852
0.63889
0.46685
0.57079
0.94874
0.96956
0.97074
0.95387
0.9514
0.94713
0.92503
0.94667
0.91173
0.9124
0.90197
0.87502
0.84646
0.87961
0.87154
0.78254
0.6787
0.71748
0.78762
0.83629
0.86705
0.78514
0.78283
0.65222
0.65592
0.65978
0.61019
0.5971
0.52927
0.45713
0.48159
0.59929
0.6499
0.78914
0.83094
0.77244
0.62521
0.8037
0.79987
0.82448
0.83538
0.74517
0.67217
0.63448
0.6244
0.66826
0.77514
0.79289
0.74605
0.77903
0.72469
0.63323
0.62442
0.53778
0.34065
0.2793
0.31134
0.32931
0.43077
0.49378
0.56611
0.66437
0.67518
0.69771
0.6791
0.66165
0.62523
0.65803
0.60942
0.30064
0.18139
0.1917
0.18546
0.156
0.37603
0.21321
0.20027
0.18984
0.20903
0.17994
0.18791
0.21645
0.20988
0.19321
0.25006
0.31513
0.35213
0.32528
0.31045
0.37787
0.34029
0.29847
0.29076
0.28701
0.26835
0.36862
0.5591
0.56727
0.53632
0.56544
0.52815
0.55697
0.57139
0.54435
0.5088
0.50276
0.40615
0.36625
0.36446
0.35621
0.32799
0.26158
0.23004
0.1892
0.32256
0.13051
0.11474
0.10795
0.098932
0.14682
0.17426
0.17834
0.20299
0.21245
0.19379
0.27534
0.24616
0.64922
0.89257
0.89604
0.92678
0.91159
0.86938
0.70503
0.47177
0.32573
0.58959
0.7243
0.93136
0.98099
0.94969
0.9427
0.87124
0.96236
0.95424
0.95107
0.96385
0.96011
0.95148
0.93283
0.89563
0.87789
0.88503
0.86232
0.78334
0.66572
0.64892
0.6975
0.82745
0.86979
0.87537
0.94861
0.95076
0.95082
0.96166
0.97179
0.97517
0.97451
0.97575
0.95522
0.92138
0.94903
0.96988
0.98449
0.99135
0.9903
0.99017
0.98873
0.98868
0.98625
0.96887
0.97176
0.97538
0.96752
0.97468
0.96437
0.95781
0.94472
0.9425
0.93241
0.92196
0.81073
0.65206
0.50523
0.35198
0.58022
0.8821
0.91349
0.93374
0.92536
0.91788
0.9271
0.88505
0.73392
0.64361
0.75698
0.59832
0.67835
0.67748
0.56733
0.84037
0.5448
0.53779
0.86596
0.85399
0.90062
0.79111
0.75994
0.66309
0.65182
0.60646
0.65362
0.63665
0.42883
0.39266
0.40261
0.37258
0.36784
0.36095
0.31395
0.26476
0.26033
0.19011
0.17139
0.19555
0.2068
0.20274
0.22511
0.24165
0.22643
0.36381
0.40848
0.3258
0.25825
0.26928
0.26965
0.25802
0.35059
0.33248
0.28004
0.33595
0.47091
0.53769
0.44959
0.40864
0.40558
0.67835
0.80987
0.84017
0.85845
0.89368
0.9009
0.79324
0.68494
0.50485
0.433
0.4537
0.54857
0.75253
0.92656
0.93211
0.92841
0.89962
0.53235
0.56238
0.69886
0.5259
0.62571
0.5405
0.62943
0.85955
0.93037
0.93418
0.93385
0.92974
0.93111
0.93316
0.93873
0.93974
0.94039
0.93826
0.93635
0.91732
0.91444
0.91393
0.9157
0.92543
0.91298
0.91349
0.92786
0.93721
0.7183
0.84335
0.64619
0.7234
0.84825
0.75633
0.68434
0.62436
0.64816
0.65534
0.79737
0.9282
0.89317
0.91273
0.9147
0.91627
0.92103
0.92172
0.92275
0.93659
0.90366
0.83514
0.74803
0.74145
0.78302
0.71753
0.66435
0.67065
0.80129
0.73584
0.65582
0.53743
0.44214
0.39981
0.36888
0.40044
0.31616
0.26858
0.28027
0.30279
0.22107
0.21499
0.19908
0.28516
0.3125
0.2394
0.20967
0.20085
0.2181
0.22923
0.23733
0.53278
0.49718
0.62081
0.76351
0.3526
0.36369
0.30789
0.26315
0.23446
0.2108
0.17206
0.29512
0.26186
0.20281
0.19352
0.19949
0.19228
0.23088
0.42485
0.55446
0.39391
0.31668
0.39164
0.37824
0.2848
0.38699
0.46314
0.52798
0.39267
0.33864
0.37005
0.26848
0.24687
0.25757
