0.878
0.89455
0.88915
0.88005
0.87608
0.86399
0.84356
0.81659
0.79683
0.76905
0.78319
0.76484
0.74753
0.72475
0.74102
0.7477
0.74738
0.72022
0.72228
0.39824
0.39282
0.46716
0.44384
0.43284
0.39701
0.36832
0.35377
0.32058
0.34102
0.37854
0.84193
0.83876
0.82857
0.45012
0.41177
0.37445
0.3055
0.27748
0.25988
0.48174
0.41185
0.36218
0.38797
0.45158
0.81407
0.77498
0.79628
0.79463
0.78585
0.78352
0.76664
0.7946
0.79476
0.79479
0.77666
0.55477
0.469
0.59352
0.56256
0.4826
0.43927
0.39723
0.34989
0.29974
0.2635
0.23295
0.19628
0.17888
0.1127
0.11543
0.16144
0.25333
0.22399
0.22712
0.2379
0.26839
0.26638
0.18145
0.12138
0.097529
0.092462
0.12364
0.16424
0.18985
0.2217
0.27218
0.34238
0.35602
0.29534
0.21743
0.21293
0.59506
0.43731
0.47918
0.66308
0.88377
0.91639
0.9064
0.8003
0.80252
0.83745
0.89334
0.71807
0.48074
0.50699
0.62117
0.70476
0.87065
0.78088
0.79099
0.78929
0.72037
0.75829
0.73907
0.68911
0.89241
0.80186
0.75029
0.91999
0.73584
0.89697
0.88459
0.87418
0.86911
0.86782
0.84648
0.85207
0.59464
0.49073
0.46666
0.40579
0.32668
0.31608
0.34708
0.72559
0.78549
0.79082
0.80698
0.75908
0.51402
0.6562
0.84723
0.70795
0.75123
0.88118
0.79135
0.73364
0.53497
0.48227
0.44244
0.42544
0.40812
0.46032
0.46743
0.44733
0.48394
0.59892
0.61404
0.62578
0.53843
0.3504
0.25182
0.30457
0.24445
0.3491
0.33497
0.33687
0.39201
0.57418
0.65601
0.53449
0.32671
0.25175
0.42134
0.30639
0.48964
0.6471
0.43092
0.42081
0.53717
0.58092
0.66534
0.51655
0.47772
0.43088
0.48109
0.57457
0.93845
0.93288
0.91929
0.91261
0.87549
0.81305
0.86336
0.86487
0.56548
0.49361
0.53435
0.53142
0.56598
0.59907
0.86167
0.81953
0.72063
0.77465
0.77675
0.81999
0.87659
0.8922
0.86059
0.88236
0.87565
0.88438
0.87229
0.86189
0.83975
0.84057
0.52496
0.38142
0.28351
0.25463
0.22474
0.20983
0.25489
0.48713
0.84545
0.85508
0.85037
0.84767
0.68775
0.53207
0.52922
0.74901
0.73086
0.61379
0.64291
0.74013
0.75441
0.72887
0.87269
0.89236
0.87417
0.86826
0.83712
0.8021
0.776
0.74028
0.69579
0.71887
0.6621
0.44976
0.3207
0.28761
0.27701
0.28417
0.27243
0.19959
0.17848
0.21981
0.31923
0.53772
0.68435
0.69906
0.40992
0.44795
0.51593
0.50399
0.40968
0.34933
0.33314
0.32064
0.3077
0.33047
0.3709
0.35758
0.33331
0.30782
0.36328
0.37249
0.38389
0.72141
0.8109
0.80731
0.81433
0.82021
0.81772
0.58603
0.46374
0.41683
0.41406
0.35548
0.36392
0.35479
0.34015
0.34707
0.36221
0.35098
0.39172
0.34804
0.32847
0.34761
0.37776
0.33366
0.75361
0.8159
0.83034
0.82025
0.42419
0.34922
0.29285
0.29035
0.26156
0.81213
0.83585
0.85118
0.73203
0.4312
0.35923
0.31211
0.31366
0.27846
0.25245
0.3255
0.33157
0.26337
0.27162
0.31954
0.419
0.37299
0.5042
0.73785
0.7377
0.75431
0.66065
0.75213
0.68659
0.44494
0.63815
0.74563
0.45729
0.37396
0.35556
0.31814
0.28647
0.27333
0.44197
0.41918
0.34551
0.31144
0.29944
0.30699
0.31943
0.31802
0.59713
0.79145
0.7815
0.80293
0.79734
0.79382
0.77109
0.75883
0.73201
0.73119
0.61075
0.65496
0.7147
0.41312
0.32271
0.29421
0.30309
0.21905
0.15281
0.23194
0.2727
0.27586
0.27792
0.27834
0.29087
0.30169
0.28779
0.28354
0.58031
0.64305
0.39639
0.34622
0.31791
0.3099
0.30155
0.31018
0.28502
0.28255
0.26632
0.26633
0.25271
0.24985
0.24676
0.23986
0.26056
0.30552
0.21752
0.25237
0.28002
0.3403
0.37155
0.36615
0.47651
0.41416
0.48041
0.48586
0.50305
0.46153
0.44047
0.42925
0.36573
0.33311
0.31685
0.30095
0.29439
0.277
0.24578
0.26153
0.31896
0.29906
0.27195
0.25547
0.44071
0.48132
0.41669
0.34546
0.2968
0.25083
0.25564
0.27169
0.25585
0.27071
0.2815
0.30142
0.32617
0.3149
0.27014
0.24447
0.25826
0.29384
0.29285
0.2971
0.28389
0.22333
0.22076
0.24024
0.31367
0.20639
0.21924
0.23538
0.24901
0.2634
0.2567
0.28027
0.26168
0.25323
0.30165
0.34427
0.84852
0.82493
0.86874
0.80509
0.53595
0.46743
0.4599
0.45499
0.40189
0.4072
0.51769
0.88981
0.90414
0.89389
0.87094
0.8635
0.86719
0.857
0.8424
0.86373
0.85638
0.83946
0.79391
0.80187
0.6025
0.51605
0.36211
0.34834
0.30252
0.27462
0.25858
0.2538
0.33409
0.85815
0.89075
0.87142
0.87329
0.84688
0.83168
0.86215
0.93927
0.91031
0.88183
0.83957
0.7942
0.76306
0.67992
0.57866
0.43736
0.39792
0.31788
0.16833
0.098191
0.066689
0.05471
0.075565
0.108
0.075556
0.16181
0.37755
0.5423
0.50975
0.43495
0.38183
0.35422
0.3767
0.42269
0.58689
0.68197
0.8251
0.84063
0.86142
0.86296
0.86429
0.83671
0.82433
0.82124
0.79172
0.6732
0.46307
0.42566
0.42057
0.40905
0.35417
0.35992
0.30547
0.27911
0.2802
0.2436
0.24402
0.26403
0.3378
0.32802
0.36308
0.65031
0.596
0.57815
0.89549
0.86819
0.8588
0.84856
0.8368
0.82989
0.82355
0.79578
0.7842
0.8162
0.82017
0.80911
0.59674
0.62677
0.68748
0.85238
0.84071
0.85258
0.84032
0.84861
0.82385
0.63391
0.54719
0.50782
0.49602
0.48101
0.4699
0.42609
0.40516
0.52004
0.50825
0.4378
0.48049
0.53953
0.54595
0.53865
0.54668
0.54103
0.49209
0.45623
0.48351
0.50061
0.41469
0.3256
0.32644
0.30743
0.29871
0.25489
0.24951
0.32144
0.45214
0.69333
0.36628
0.28988
0.47418
0.50537
0.55048
0.51869
0.48466
0.4485
0.42878
0.38999
0.37539
0.33683
0.30349
0.30495
0.71914
0.67899
0.46001
0.43841
0.36981
0.40207
0.38137
0.57731
0.4588
0.49594
0.45274
0.49728
0.53435
0.76429
0.88739
0.88104
0.86845
0.8478
0.67545
0.81993
0.83816
0.79256
0.73597
0.73397
0.46974
0.25093
0.1262
0.092989
0.16066
0.19684
0.1513
0.12919
0.15214
0.31038
0.27077
0.45475
0.46905
0.45269
0.40671
0.35811
0.35451
0.36989
0.37684
0.41125
0.41068
0.39227
0.36178
0.3423
0.31525
0.28713
0.2919
0.31626
0.3353
0.34132
0.31619
0.29927
0.29192
0.30297
0.29624
0.29652
0.30809
0.32819
0.37281
0.41378
0.364
0.37783
0.47942
0.50082
0.46005
0.51587
0.54583
0.60429
0.52348
0.39735
0.39959
0.53232
0.57371
0.59257
0.55758
0.5898
0.48212
0.38281
0.34893
0.34862
0.29457
0.30164
0.29977
0.2837
0.2549
0.22326
0.21353
0.21021
0.23122
0.24465
0.26537
0.23866
0.23608
0.23339
0.2695
0.53129
0.7674
0.89646
0.85284
0.88708
0.85453
0.92015
0.92091
0.87538
0.76357
0.70976
0.66582
0.58334
0.42419
0.38017
0.56533
0.8024
0.8468
0.84718
0.6098
0.49403
0.3536
0.35417
0.33029
0.364
0.38285
0.37616
0.49757
0.43214
0.43272
0.4247
0.38617
0.38427
0.4585
0.68301
0.95824
0.90916
0.8836
0.86502
0.81247
0.53078
0.64521
0.65592
0.6529
0.44565
0.40086
0.38306
0.3491
0.31478
0.31508
0.31745
0.54253
0.54002
0.50719
0.32405
0.25043
0.256
0.30327
0.35761
0.45681
0.43402
0.45005
0.60657
0.76801
0.84747
0.93696
0.92116
0.92509
0.90439
0.899
0.87669
0.90972
0.9025
0.89537
0.89671
0.90134
0.80964
0.51676
0.53404
0.51499
0.52069
0.60002
0.70124
0.6694
0.64162
0.55222
0.47078
0.48589
0.47101
0.47077
0.49734
0.49707
0.44961
0.53345
0.56887
0.67859
0.72533
0.77116
0.79303
0.80517
0.84963
0.75215
0.72713
0.69775
0.69589
0.65142
0.55196
0.59885
0.68127
0.49786
0.38066
0.34392
0.3633
0.44095
0.43753
0.48635
0.55973
0.43398
0.42803
0.44167
0.42972
0.52489
0.82005
0.64072
0.86699
0.63403
0.38965
0.37061
0.37992
0.35504
0.3286
0.60403
0.48244
0.34913
0.34849
0.34308
0.36019
0.36949
0.34443
0.3634
0.37016
0.36321
0.32111
0.32776
0.36769
0.40204
0.37179
0.38922
0.46734
0.34061
0.32935
0.33497
0.35369
0.41907
0.3896
0.44828
0.37896
0.35747
0.33614
0.32623
0.36132
0.46306
0.43234
0.48781
0.72584
0.54335
0.42258
0.4539
0.49863
0.52858
0.56463
0.64047
0.669
0.57951
0.48466
0.66151
0.46548
0.41646
0.4778
0.66506
0.83975
0.58249
0.40366
0.42283
0.46053
0.45475
0.4828
0.81952
0.73709
0.43907
0.40578
0.40095
0.42679
0.68152
0.91992
0.60065
0.51514
0.51205
0.54992
0.53468
0.53965
0.5543
0.53935
0.50354
0.79396
0.88092
0.90461
0.78678
0.79556
0.70695
0.64992
0.68531
0.78255
0.75647
0.7279
0.78373
0.66597
0.62066
0.57147
0.60327
0.65549
0.71648
0.61281
0.62019
0.60426
0.61277
0.89953
0.95276
0.96627
0.92885
0.952
0.93525
0.91797
0.72121
0.64163
0.6285
0.7155
0.83654
0.91857
0.92898
0.95811
0.94204
0.91769
0.90636
0.82262
0.80822
0.7937
0.46355
0.44385
0.41636
0.39094
0.39443
0.39209
0.44291
0.49961
0.68424
0.64544
0.6433
0.59824
0.65825
0.94475
0.88915
0.94076
0.96017
0.97395
0.93631
0.91567
0.87657
0.93664
0.79554
0.47329
0.40029
0.41894
0.46631
0.59794
0.56059
0.84439
0.89488
0.92582
0.92251
0.94063
0.91434
0.90868
0.87392
0.78025
0.79933
0.72262
0.38581
0.42266
0.53614
0.5327
0.55007
0.79551
0.85222
0.79188
0.73169
0.6329
0.65285
0.76461
0.94728
0.95706
0.95742
0.94697
0.93669
0.92867
0.82978
0.87315
0.6905
0.72632
0.69671
0.42325
0.40138
0.44103
0.42692
0.42905
0.41836
0.35195
0.36143
0.40161
0.49361
0.49313
0.64342
0.7267
0.68325
0.72866
0.61381
0.94579
0.73528
0.82816
0.69252
0.77802
0.96851
0.97591
0.95749
0.95477
0.93843
0.89675
0.89359
0.88346
0.71564
0.75481
0.7753
0.74186
0.69961
0.69453
0.87535
0.83444
0.93804
0.82341
0.89227
0.85978
0.79755
0.59859
0.45914
0.48938
0.49663
0.4784
0.47486
0.4875
0.40196
0.46593
0.46661
0.43502
0.48286
0.51381
0.53621
0.60718
0.55236
0.55992
0.56001
0.51287
0.49204
0.54999
0.47265
0.52231
0.3303
0.33965
0.41108
0.42173
0.38372
0.42965
0.3868
0.35693
0.39279
0.82226
0.80032
0.80034
0.81552
0.74168
0.76809
0.67982
0.58051
0.66447
0.58394
0.59019
0.56916
0.379
0.34331
0.34692
0.32504
0.38013
0.38535
0.58125
0.58741
0.9489
0.8766
0.80172
0.47373
0.47224
0.60673
0.49073
0.57616
0.80735
0.84564
0.85728
0.79848
0.77063
0.66738
0.67638
0.68666
0.91711
0.9489
0.84158
0.80032
0.75094
0.64921
0.55398
0.48137
0.54783
0.65233
0.72546
0.70877
0.68369
0.60581
0.48759
0.52631
0.58033
0.57333
0.352
0.33874
0.36876
0.38874
0.39716
0.41412
0.32096
0.2395
0.21239
0.22911
0.26094
0.27664
0.25573
0.24551
0.3231
0.31371
0.26641
0.25714
0.27973
0.31628
0.29282
0.28928
0.36009
0.41178
0.37408
0.39685
0.40525
0.39328
0.40019
0.3552
0.43205
0.46798
0.43039
0.45412
0.46159
0.43033
0.33135
0.28
0.36095
0.33214
0.27889
0.26926
0.33452
0.32543
0.3388
0.35341
0.39204
0.40294
0.41689
0.57554
0.56028
0.45716
0.43966
0.39345
0.42937
0.5692
0.58941
0.45829
0.47034
0.41935
0.39516
0.35454
0.35506
0.41565
0.6205
0.66724
0.60735
0.57214
0.53814
0.58427
0.70141
0.80003
0.71134
0.48118
0.55543
0.48763
0.4999
0.51353
0.53353
0.75835
0.53533
0.39544
0.38483
0.34905
0.34111
0.34096
0.36725
0.37465
0.38945
0.4077
0.38326
0.35184
0.32965
0.35975
0.33792
0.33818
0.35159
0.39366
0.32063
0.30948
0.30472
0.33394
0.36003
0.36948
0.3877
0.35896
0.34538
0.33383
0.32973
0.33883
0.34741
0.37006
0.49463
0.41902
0.38037
0.36229
0.3471
0.37579
0.54291
0.40797
0.37369
0.37277
0.32886
0.3375
0.26726
0.22861
0.38645
0.44824
0.42583
0.42133
0.37186
0.3421
0.31951
0.31291
0.27011
0.36431
0.35944
0.3355
0.35695
0.30306
0.27129
0.22449
0.19946
0.34746
0.28999
0.3306
0.36298
0.33721
0.30415
0.29332
0.4473
0.55694
0.59207
0.63048
0.52625
0.44172
0.4054
0.37659
0.45451
0.54818
0.47622
0.41854
0.40064
0.38663
0.37414
0.37433
0.48297
0.56167
0.55986
0.57003
0.51475
0.44265
0.39717
0.40501
0.5109
0.54749
0.51298
0.47232
0.43852
0.35998
0.31619
0.32389
0.35351
0.38258
0.39898
0.34883
0.3091
0.28893
0.25872
0.28555
0.29154
0.37505
0.37796
0.37578
0.37025
0.47397
0.49367
0.64196
0.79466
0.89392
0.78966
0.745
0.73812
0.58281
0.51337
0.46511
0.45565
0.4609
0.46683
0.47782
0.46981
0.43439
0.41619
0.397
0.4297
0.45655
0.46273
0.38887
0.38845
0.38922
0.40323
0.43465
0.44942
0.43993
0.38778
0.4062
0.37808
0.39812
0.39437
0.37349
0.37652
0.38434
0.4025
0.43159
0.46589
0.37969
0.2979
0.26445
0.25533
0.27269
0.32983
0.30948
0.35142
0.31777
0.32402
0.34285
0.37333
0.38132
0.3784
0.3665
0.33444
0.29995
0.30903
0.29788
0.29481
0.31609
0.30446
0.35874
0.32647
0.28674
0.2952
0.28977
0.27472
0.29599
0.39203
0.37982
0.37367
0.34303
0.31159
0.28414
0.2607
0.26159
0.43128
0.39319
0.35882
0.31161
0.33976
0.33332
0.30192
0.35643
0.4105
0.48671
0.4632
0.42615
0.48868
0.50193
0.57986
0.65124
0.70254
0.74104
0.6505
0.60515
0.56854
0.56089
0.60828
0.62367
0.71798
0.72317
0.68728
0.57059
0.46421
0.44378
0.45138
0.46401
0.47538
0.4815
0.47488
0.43899
0.42491
0.4162
0.44377
0.46414
0.48136
0.45465
0.42636
0.3628
0.34579
0.37316
0.35615
0.36402
0.39839
0.41581
0.42482
0.41711
0.41759
0.40417
0.56321
0.66987
0.78051
0.74917
0.66456
0.56357
0.54136
0.60581
0.63806
0.64593
0.68012
0.62447
0.50751
0.44227
0.41065
0.40061
0.39829
0.38962
0.37704
0.36238
0.45994
0.4515
0.46952
0.47244
0.54917
0.7389
0.80652
0.64785
0.62127
0.57298
0.51625
0.46829
0.47145
0.52077
0.46044
0.41266
0.37422
0.36238
0.32041
0.32834
0.34142
0.3546
0.33737
0.31074
0.34063
0.37086
0.58465
0.6133
0.74454
0.786
0.81632
0.89875
0.96285
0.95437
0.94218
0.90465
0.86216
0.81345
0.69554
0.73626
0.66967
0.57167
0.5054
0.42051
0.41128
0.50952
0.55756
0.51666
0.48229
0.42975
0.38028
0.39538
0.44917
0.46831
0.47883
0.49086
0.53878
0.53776
0.57994
0.66265
0.64461
0.76119
0.81957
0.87364
0.86146
0.80433
0.70808
0.56196
0.55748
0.59592
0.63103
0.60635
0.6099
0.50953
0.5002
0.80139
0.88211
0.91579
0.96799
0.91181
0.77893
0.65675
0.56039
0.56269
0.51101
0.55883
0.48081
0.48083
0.47029
0.40036
0.33662
0.36379
0.30347
0.25032
0.22337
0.2092
0.30273
0.2838
0.26256
0.31625
0.38455
0.43034
0.43442
0.50953
0.53518
0.53768
0.48351
0.64087
0.82577
0.74879
0.72492
0.72236
0.72093
0.62365
0.6124
0.72493
0.76601
0.88063
0.84737
0.88802
0.89735
0.85054
0.66737
0.57489
0.71994
0.82324
0.83949
0.86017
0.76731
0.6222
0.51794
0.54781
0.63357
0.67898
0.63752
0.62671
0.67852
0.60487
0.52865
0.49745
0.56717
0.57947
0.51391
0.53352
0.74777
0.81079
0.80544
0.81466
0.83451
0.83922
0.83668
0.82695
0.78263
0.70299
0.62006
0.59517
0.59161
0.5985
0.52674
0.49731
0.4947
0.48221
0.61195
0.58974
0.70707
0.72761
0.73632
0.72629
0.74626
0.81793
0.82497
0.79916
0.80339
0.82557
0.82222
0.83432
0.77295
0.7596
0.79644
0.88003
0.87654
0.84747
0.79613
0.71594
0.70748
0.799
0.78113
0.7904
0.82823
0.82274
0.80975
0.85175
0.86762
0.87219
0.88716
0.88943
0.88542
0.84933
0.85553
0.88564
0.90767
0.85817
0.78688
0.78742
0.79457
0.81613
0.81827
0.86399
0.88376
0.90017
0.93131
0.95591
0.96883
0.9665
0.94622
0.95471
0.96158
0.94425
0.85178
0.78493
0.83904
0.82366
0.74811
0.58897
0.53845
0.63235
0.63278
0.61917
0.45362
0.27189
0.26426
0.29135
0.4853
0.54123
0.72274
0.69592
0.60465
0.64146
0.70265
0.68196
0.69312
0.68075
0.59381
0.64575
0.73954
0.79995
0.8492
0.82005
0.82107
0.74043
0.71034
0.74993
0.89488
0.93282
0.93271
0.96317
0.96347
0.90719
0.85489
0.78938
0.7599
0.7936
0.71164
0.8297
0.91277
0.86688
0.88903
0.78072
0.74317
0.85379
0.86989
0.84492
0.83026
0.75821
0.71042
0.76655
0.95751
0.91806
0.82914
0.83203
0.83864
0.74886
0.80722
0.90094
0.91651
0.89183
0.88859
0.86938
0.6931
0.77557
0.71229
0.60013
0.55128
0.56385
0.57856
0.66985
0.69235
0.72262
0.73268
0.70603
0.78931
0.68921
0.65115
0.61365
0.65353
0.66123
0.61813
0.60759
0.56918
0.55043
0.54716
0.60799
0.56968
0.55819
0.64047
0.71482
0.72292
0.71508
0.66229
0.69879
0.68086
0.63888
0.7613
0.73431
0.75448
0.74298
0.63711
0.5328
0.50703
0.47363
0.41825
0.38468
0.32994
0.35782
0.32445
0.29607
0.27369
0.30032
0.34274
0.42087
0.50289
0.53636
0.62733
0.68155
0.61111
0.60608
0.62335
0.58464
0.5518
0.56005
0.58846
0.62316
0.64756
0.67795
0.69356
0.69852
0.66852
0.6451
0.66504
0.64949
0.67152
0.69586
0.72158
0.78026
0.84662
0.89365
0.9252
0.86443
0.59561
0.60405
0.68239
0.71053
0.48893
0.45483
0.44922
0.46972
0.46652
0.51239
0.54767
0.7965
0.91557
0.93169
0.90302
0.72014
0.70186
0.65115
0.63291
0.62997
0.63217
0.6211
0.56928
0.50791
0.50775
0.59401
0.59322
0.56547
0.51533
0.4433
0.40843
0.37422
0.37038
0.40168
0.384
0.38858
0.38031
0.4199
0.50052
0.47478
0.46503
0.47831
0.46408
0.46337
0.78972
0.50663
0.54141
0.64396
0.58732
0.61967
0.63363
0.66787
0.71721
0.78341
0.75013
0.6588
0.63839
0.6537
0.72401
0.86587
0.88214
0.84947
0.6894
0.56123
0.493
0.45146
0.43603
0.41133
0.42907
0.46419
0.45282
0.4369
0.45043
0.50651
0.55468
0.57859
0.74015
0.82581
0.77543
0.8722
0.8472
0.81645
0.82981
0.79622
0.80065
0.85563
0.83604
0.82053
0.77259
0.79728
0.77059
0.84378
0.87456
0.943
0.88532
0.67924
0.58452
0.55127
0.48844
0.46391
0.34045
0.32919
0.31777
0.33219
0.29041
0.45398
0.52676
0.76707
0.85067
0.91984
0.91664
0.90985
0.95633
0.96436
0.96718
0.84777
0.87645
0.88062
0.88528
0.92519
0.97516
0.98472
0.98039
0.98006
0.93281
0.90565
0.94512
0.95721
0.95599
0.91554
0.8508
0.79982
0.7646
0.7595
0.70745
0.63428
0.46202
0.46642
0.4547
0.46938
0.36685
0.35334
0.3891
0.35165
0.35847
0.47648
0.54748
0.642
0.64062
0.6167
0.69704
0.86133
0.77224
0.81569
0.80219
0.94786
0.97603
0.95793
0.98042
0.98768
0.99674
0.95895
0.86746
0.89052
0.87486
0.87823
0.85481
0.85437
0.71603
0.69887
0.67423
0.49126
0.34342
0.27676
0.27645
0.60031
0.74886
0.82671
0.87436
0.89448
0.89012
0.83576
0.93338
0.97464
0.97774
0.96508
0.96313
0.89167
0.90651
0.89863
0.92418
0.93507
0.95347
0.96821
0.98982
0.9965
0.98988
0.98605
0.98438
0.96596
0.97518
0.95432
0.86549
0.85743
0.57174
0.43638
0.3558
0.32634
0.25726
0.28315
0.26219
0.24368
0.2348
0.31805
0.47303
0.55364
0.53987
0.62747
0.72596
0.76849
0.76968
0.78042
0.75467
0.68842
0.65241
0.64828
0.66509
0.64747
0.62735
0.58151
0.40299
0.41322
0.58507
0.52118
0.69839
0.68457
0.8042
0.6135
0.46135
0.38808
0.40812
0.46486
0.53217
0.43345
0.40684
0.38924
0.38833
0.33529
0.2912
0.28914
0.31031
0.57846
0.64049
0.70066
0.72647
0.7359
0.72059
0.73127
0.73103
0.74401
0.80477
0.83252
0.8094
0.81407
0.77586
0.73905
0.76553
0.74772
0.76565
0.68193
0.46874
0.46957
0.50322
0.61716
0.81931
0.88225
0.82359
0.79038
0.84814
0.82658
0.71494
0.70194
0.77159
0.84775
0.69038
0.78296
0.76648
0.88215
0.88848
0.98708
0.96487
0.65389
0.85261
0.73107
0.69963
0.47269
0.4315
0.71396
0.47036
0.57662
0.68935
0.65332
0.7089
0.77263
0.83411
0.9053
0.92928
0.94843
0.9363
0.93441
0.92447
0.91327
0.86762
0.7206
0.90209
0.90698
0.86844
0.86819
0.85938
0.83292
0.69424
0.55611
0.47373
0.44919
0.44152
0.50668
0.5568
0.55197
0.46867
0.56112
0.52439
0.79781
0.76434
0.61436
0.42683
0.38905
0.33564
0.36207
0.40178
0.34215
0.31291
0.30994
0.32317
0.33552
0.31119
0.34329
0.35816
0.39213
0.74739
0.76498
0.65445
0.68486
0.45397
0.35911
0.36652
0.30404
0.3187
0.31407
0.32437
0.57732
0.50945
0.78927
0.98737
0.98353
0.98516
0.97221
0.96221
0.95525
0.93271
0.94658
0.93428
0.93769
0.93343
0.93398
0.92465
0.91998
0.89633
0.6381
0.54146
0.48071
0.66765
0.86682
0.91108
0.89904
0.92042
0.9305
0.93545
0.94065
0.93941
0.93814
0.92251
0.91695
0.90484
0.91425
0.74479
0.62138
0.47208
0.37406
0.32805
0.31701
0.2973
0.3477
0.34369
0.31472
0.45306
0.68004
0.84979
0.79868
0.74728
0.57105
0.43632
0.53476
0.46595
0.37667
0.3805
0.36864
0.39468
0.45674
0.56012
0.61744
0.64668
0.62948
0.49446
0.49128
0.45964
0.45829
0.47792
0.46709
0.53612
0.69024
0.65396
0.53245
0.38674
0.41355
0.51078
0.46927
0.43062
0.40173
0.38495
0.37672
0.35691
0.37144
0.49741
0.54166
0.38965
0.36606
0.38048
0.3692
0.35949
0.37298
0.48909
0.47744
0.46226
0.38885
0.36587
0.36853
0.39299
0.3886
0.40131
0.36088
0.3872
0.35098
0.36161
0.3644
0.37804
0.38378
0.35757
0.30185
0.28267
0.26143
0.24181
0.2444
0.26676
0.301
0.31853
0.34919
0.33762
0.28912
0.29373
0.29901
0.29037
0.32021
0.32611
0.34153
0.91177
0.85978
0.79046
0.58043
0.62421
0.62827
0.7688
0.80768
0.8112
0.86861
0.91843
0.90955
0.90406
0.85621
0.78686
0.71002
0.65004
0.61388
0.7036
0.60362
0.55739
0.55197
0.51797
0.46786
0.4483
0.45046
0.46504
0.51162
0.51301
0.49731
0.50337
0.4667
0.40383
0.38962
0.45965
0.51932
0.57444
0.5251
0.4716
0.41538
0.38277
0.36549
0.33701
0.3084
0.3361
0.317
0.3171
0.3409
0.46555
0.53416
0.69846
0.60389
0.50689
0.46259
0.3263
0.31709
0.32092
0.32913
0.28661
0.29773
0.551
0.41304
0.43107
0.60232
0.88782
0.89013
0.92853
0.93695
0.92737
0.92284
0.91094
0.87934
0.83485
0.67456
0.4764
0.39754
0.36856
0.35306
0.36226
0.36937
0.36425
0.34245
0.34872
0.30181
0.25286
0.24093
0.22484
0.25778
0.50473
0.92495
0.93157
0.90969
0.92201
0.91728
0.93968
0.95715
0.93425
0.91894
0.90232
0.67591
0.48619
0.43801
0.44212
0.35695
0.33872
0.32543
0.29992
0.27465
0.24394
0.22467
0.22284
0.20234
0.1986
0.19969
0.19944
0.21475
0.23694
0.2539
0.2767
0.26716
0.27513
0.30442
0.33298
0.54008
0.77976
0.56011
0.50394
0.40732
0.39653
0.28542
0.25332
0.27627
0.2873
0.31214
0.34509
0.37968
0.42916
0.65745
0.93025
0.94547
0.94472
0.94149
0.92109
0.87888
0.73222
0.64733
0.65446
0.56811
0.47432
0.37321
0.3546
0.35788
0.3521
0.30905
0.28292
0.24842
0.21074
0.21658
0.19176
0.24769
0.23776
0.30647
0.37732
0.38643
0.70885
0.92586
0.94193
0.86172
0.69074
0.65853
0.63889
0.60463
0.9399
0.93142
0.9146
0.88749
0.89283
0.9047
0.93044
0.94005
0.94664
0.95537
0.95015
0.91902
0.91238
0.90746
0.88611
0.89938
0.89589
0.89946
0.89703
0.89744
0.90246
0.86284
0.87125
0.76044
0.68404
0.82633
0.87906
0.91073
0.91202
0.90968
0.90223
0.83427
0.65113
0.84094
0.89943
0.91519
0.81719
0.59685
0.47452
0.43712
0.60043
0.67498
0.58642
0.64221
0.44373
0.39317
0.37853
0.37971
0.35672
0.36722
0.33727
0.34194
0.32174
0.32291
0.36743
0.35053
0.32698
0.31416
0.3201
0.70162
0.61351
0.69389
0.91289
0.93421
0.91969
0.90389
0.90251
0.89
0.87222
0.85052
0.84975
0.85414
0.85995
0.8533
0.81702
0.71651
0.63942
0.64232
0.65997
0.62186
0.56606
0.53683
0.40615
0.30735
0.30155
0.30752
0.29977
0.27761
0.26894
0.267
0.27515
0.26995
0.28533
0.32938
0.35697
0.34514
0.31629
0.29926
0.30031
0.31846
0.30966
0.32138
0.33352
0.32671
0.31246
0.31237
0.30164
0.29509
0.30818
0.31753
0.34764
0.35137
0.29624
0.28949
0.29975
0.33196
0.33356
0.33623
0.34625
0.35749
0.36353
0.39279
0.40351
0.40996
0.42748
0.39973
0.3812
0.37766
0.37582
0.35684
0.34278
0.33449
0.3276
0.31085
0.29852
0.30996
0.30997
0.30313
0.30008
0.29692
0.2894
0.28839
0.28839
0.3062
0.35131
0.36037
0.36681
0.42213
0.57482
0.78309
0.86578
0.89239
0.85938
0.86829
0.85001
0.83452
0.81525
0.7457
0.72053
0.75441
0.78568
0.80028
0.79644
0.78901
0.54897
0.38534
0.353
0.36525
0.30612
0.22284
0.20569
0.19888
0.20409
0.21699
0.25221
0.2487
0.24562
0.2844
0.2673
0.31347
0.31465
0.33794
0.34784
0.3895
0.44144
0.53204
0.51455
0.70486
0.84499
0.70063
0.55407
0.45717
0.48684
0.50282
0.48555
0.42906
0.40614
0.35095
0.31402
0.32702
0.37858
0.35256
0.35056
0.36978
0.38965
0.39151
0.54511
0.49145
0.4396
0.36987
0.34974
0.34794
0.35059
0.33021
0.31595
0.31978
0.31424
0.32817
0.32143
0.31351
0.32325
0.32444
0.32824
0.33737
0.33199
0.29049
0.31867
0.28817
0.28184
0.25659
0.21929
0.18074
0.1582
0.16536
0.19274
0.20581
0.2318
0.28844
0.32156
0.3067
0.29143
0.32585
0.30939
0.54456
0.48087
0.46948
0.62782
0.48383
0.34448
0.47879
0.45951
0.30294
0.27867
0.26428
0.25711
0.2509
0.27518
0.36744
0.29225
0.40637
0.59225
0.59852
0.50233
0.37678
0.30897
0.34363
0.33185
0.27004
0.3081
0.32582
0.34037
0.37391
0.33949
0.33832
0.32723
0.43757
0.41383
0.3928
0.34474
0.28766
0.31825
0.29674
0.28428
0.2935
0.3079
0.30636
0.30722
0.30717
0.2958
0.28079
0.27114
0.29097
0.32996
0.32351
0.31283
0.31054
0.30641
0.30883
0.30767
0.30436
0.30707
0.29036
0.31915
0.31649
0.3042
0.32634
0.33415
0.30774
0.27158
0.26794
0.37301
0.26528
0.26898
0.27738
0.29647
0.33281
0.31351
0.30035
0.27635
0.2656
0.29741
0.28947
0.27728
0.29214
0.322
0.32475
0.33508
0.33181
0.33085
0.32985
0.33421
0.32084
0.35143
0.35144
0.3134
0.32757
0.33549
0.33484
0.32332
0.32391
0.3055
0.27448
0.25914
0.24407
0.23704
0.23743
0.24939
0.24693
0.24083
0.24257
0.24878
0.25113
0.24363
0.26105
0.25011
0.25641
0.24314
0.23374
0.23294
0.22242
0.20926
0.21384
0.1931
0.16777
0.15911
0.15006
0.16095
0.16754
0.14998
0.13224
0.1484
0.17501
0.15895
0.15158
0.17076
0.18581
0.18623
0.19253
0.24479
0.32283
0.3848
0.45145
0.46294
0.46076
0.35689
0.28548
0.29459
0.30115
0.29506
0.28191
0.26572
0.2594
0.2805
0.29438
0.31979
0.33214
0.3535
