0.35176
0.32014
0.33826
0.3414
0.37511
0.72079
0.83504
0.73627
0.39787
0.37329
0.38302
0.35468
0.35412
0.35847
0.36784
0.36924
0.38212
0.62391
0.73447
0.86262
0.64303
0.33743
0.30176
0.40327
0.3898
0.518
0.56715
0.87172
0.73568
0.90437
0.81865
0.57144
0.52351
0.53421
0.86517
0.90162
0.87014
0.50538
0.43874
0.40302
0.4192
0.43108
0.42721
0.43523
0.4255
0.3759
0.38855
0.38368
0.39251
0.39517
0.38363
0.38688
0.37106
0.38828
0.35276
0.40194
0.41121
0.42563
0.41803
0.40567
0.41009
0.39454
0.37927
0.37513
0.37515
0.38007
0.37079
0.36631
0.37646
0.37247
0.38835
0.38921
0.38267
0.38881
0.37011
0.36881
0.36954
0.37685
0.36453
0.37205
0.35771
0.34441
0.37752
0.39825
0.40613
0.41022
0.40475
0.40847
0.39509
0.36961
0.34084
0.32992
0.34587
0.35388
0.38171
0.47625
0.55513
0.54231
0.55076
0.48245
0.56075
0.65999
0.79953
0.60867
0.55319
0.56232
0.69007
0.73135
0.60261
0.85057
0.84852
0.53131
0.50428
0.52159
0.47291
0.486
0.49587
0.48898
0.44924
0.43227
0.42503
0.45116
0.39113
0.37499
0.358
0.37742
0.42425
0.52185
0.4967
0.45922
0.62789
0.71079
0.73412
0.64333
0.87549
0.95251
0.91976
0.5418
0.46007
0.46681
0.43734
0.52749
0.9223
0.88118
0.68396
0.67094
0.59946
0.84374
0.86235
0.86599
0.86351
0.74169
0.52849
0.50068
0.63671
0.76721
0.60387
0.52536
0.88553
0.86768
0.8576
0.71786
0.69079
0.69708
0.56175
0.86086
0.84466
0.82985
0.81869
0.8095
0.8024
0.6757
0.61276
0.43023
0.36351
0.35521
0.51037
0.73468
0.74651
0.73174
0.75719
0.77474
0.77668
0.77949
0.78631
0.79573
0.79485
0.79342
0.7969
0.79333
0.78122
0.77656
0.77765
0.78324
0.78263
0.78417
0.78928
0.7952
0.79815
0.80014
0.79775
0.79475
0.58154
0.51852
0.46291
0.51725
0.6671
0.85925
0.91147
0.93328
0.6138
0.53867
0.75665
0.68711
0.61861
0.91777
0.89869
0.88538
0.87137
0.85377
0.84304
0.82953
0.81551
0.81623
0.81848
0.78903
0.51924
0.40554
0.31065
0.24474
0.25448
0.64072
0.72192
0.74065
0.35884
0.32116
0.31604
0.89014
0.83766
0.49121
0.41139
0.38379
0.38825
0.40663
0.39707
0.3727
0.50194
0.66865
0.88156
0.88709
0.87908
0.87337
0.86707
0.86435
0.85439
0.84775
0.84145
0.8023
0.67287
0.74719
0.6405
0.70153
0.62192
0.58318
0.49983
0.46966
0.50475
0.51402
0.44361
0.41442
0.41086
0.42376
0.41314
0.40689
0.41839
0.75802
0.75271
0.76829
0.74741
0.51469
0.46174
0.3976
0.36662
0.3528
0.44973
0.47083
0.45451
0.5666
0.49142
0.49768
0.48621
0.47801
0.44286
0.41294
0.47754
0.42528
0.45617
0.42958
0.47378
0.39201
0.35887
0.34042
0.34357
0.34357
0.3494
0.34448
0.35114
0.36142
0.41102
0.34488
0.28466
0.30675
0.31483
0.34998
0.35515
0.34781
0.37096
0.36452
0.35672
0.33437
0.33123
0.3211
0.35535
0.3759
0.37267
0.3506
0.35628
0.39312
0.50084
0.40621
0.479
0.42155
0.38423
0.34411
0.24936
0.22419
0.37486
0.46336
0.77056
0.80829
0.77441
0.82375
0.79307
0.7281
0.55319
0.50178
0.44437
0.38514
0.45533
0.64987
0.59771
0.54579
0.52728
0.54778
0.52911
0.57029
0.56167
0.53856
0.64606
0.67694
0.57142
0.53251
0.54707
0.6062
0.60374
0.6655
0.73787
0.70716
0.49917
0.4948
0.47354
0.55011
0.85726
0.83718
0.82091
0.81164
0.80695
0.80118
0.79359
0.79126
0.7872
0.78742
0.77418
0.7701
0.75811
0.77078
0.77477
0.77276
0.7777
0.77894
0.78076
0.78271
0.78132
0.78352
0.78319
0.73864
0.58056
0.76648
0.78195
0.77592
0.79252
0.75611
0.64301
0.67223
0.38888
0.34263
0.38048
0.4395
0.42533
0.41946
0.32554
0.31163
0.33582
0.33442
0.34416
0.36793
0.38916
0.31405
0.3711
0.36426
0.37975
0.3654
0.37147
0.38376
0.39929
0.36034
0.32983
0.31389
0.31174
0.28299
0.24957
0.24109
0.24262
0.26341
0.26933
0.28038
0.2925
0.29535
0.29196
0.30638
0.31582
0.33598
0.33565
0.33869
0.34493
0.3373
0.29797
0.25644
0.23182
0.218
0.21477
0.23114
0.27136
0.3044
0.27792
0.29351
0.32328
0.32177
0.32392
0.34035
0.3536
0.37281
0.3624
0.35662
0.35684
0.3881
0.4279
0.46353
0.51579
0.61158
0.80391
0.80162
0.79578
0.77561
0.73696
0.74365
0.77479
0.7854
0.68086
0.72966
0.77275
0.75826
0.71929
0.70287
0.65335
0.52223
0.44982
0.4264
0.43692
0.48201
0.54031
0.4038
0.38954
0.34811
0.60928
0.56665
0.65805
0.68822
0.71034
0.71668
0.71682
0.71857
0.71506
0.71532
0.71773
0.71859
0.71495
0.726
0.57257
0.5421
0.4822
0.42394
0.38715
0.34019
0.30749
0.28473
0.26935
0.25327
0.25274
0.23484
0.22877
0.26213
0.32034
0.4112
0.45427
0.4222
0.35866
0.35047
0.24068
0.14322
0.12699
0.14721
0.38462
0.51075
0.71856
0.6932
0.68337
0.69781
0.64175
0.69433
0.54468
0.45448
0.39491
0.35181
0.32296
0.29559
0.25484
0.24346
0.23564
0.21564
0.1939
0.19081
0.17096
0.14025
0.1259
0.15078
0.20642
0.20976
0.18539
0.18674
0.20295
0.19877
0.18708
0.22237
0.26904
0.27703
0.25626
0.2413
0.26058
0.28391
0.28999
0.28421
0.29792
0.31375
0.30591
0.30953
0.31695
0.31691
0.3105
0.30139
0.32422
0.31669
0.26653
0.29873
0.32243
0.36211
0.39323
0.39916
0.40707
0.42797
0.42224
0.42034
0.41251
0.40876
0.42367
0.41109
0.34072
0.29744
0.29641
0.29676
0.32102
0.33405
0.33176
0.31098
0.30219
0.2806
0.25852
0.2571
0.25579
0.33047
0.33003
0.34431
0.33972
0.30307
0.31673
0.31298
0.34969
0.35394
0.37492
0.32682
0.32102
0.34043
0.30329
0.34884
0.35107
0.34926
0.33958
0.34347
0.34791
0.27466
0.2933
0.34862
0.32104
0.34079
0.3344
0.33167
0.32574
0.32971
0.33723
0.33843
0.3379
0.33257
0.34814
0.35644
0.373
0.3973
0.36422
0.35681
0.3487
0.34427
0.35137
0.34851
0.35912
0.37532
0.37329
0.37349
0.37679
0.37392
0.37198
0.37756
0.39075
0.40743
0.40367
0.39737
0.39702
0.39139
0.40088
0.41193
0.44481
0.54161
0.70786
0.56856
0.40766
0.57879
0.78247
0.83486
0.86443
0.86354
0.87395
0.84193
0.78304
0.64091
0.49513
0.50028
0.4708
0.38187
0.36982
0.37245
0.37839
0.44542
0.43881
0.42407
0.5429
0.78626
0.91
0.88904
0.87326
0.85259
0.65206
0.67987
0.61783
0.58456
0.76214
0.51142
0.70637
0.88587
0.87819
0.83383
0.61486
0.5145
0.52463
0.5505
0.81279
0.83638
0.84714
0.85089
0.8368
0.81684
0.83014
0.76371
0.66189
0.37269
0.34078
0.36613
0.39106
0.39722
0.55004
0.47431
0.34119
0.48589
0.60916
0.55096
0.87035
0.68925
0.56109
0.42557
0.3688
0.32631
0.29542
0.29452
0.2888
0.28742
0.23146
0.16168
0.12423
0.10499
0.09642
0.10903
0.12879
0.1459
0.13347
0.13185
0.18438
0.25256
0.30248
0.38491
0.79813
0.92337
0.91711
0.91053
0.89607
0.88419
0.87558
0.87422
0.84888
0.84134
0.8458
0.82742
0.81712
0.79091
0.78516
0.79579
0.72407
0.832
0.83083
0.65353
0.43199
0.50198
0.35763
0.32525
0.35524
0.43611
0.8587
0.82661
0.83361
0.82175
0.80797
0.78493
0.70373
0.56828
0.37585
0.29704
0.46574
0.60404
0.83885
0.89002
0.95396
0.97471
0.98629
0.9992
0.9958
0.98981
0.78977
0.59087
0.69885
0.76685
0.93479
0.93546
0.9426
0.69574
0.45761
0.43695
0.5341
0.93366
0.63782
0.96809
0.99873
0.99877
0.99304
0.99457
0.98637
0.98614
0.96972
0.95705
0.9435
0.91698
0.85681
0.94497
0.90878
0.88239
0.8972
0.89288
0.87737
0.86172
0.83841
0.77326
0.75024
0.91692
0.61676
0.55093
0.56656
0.68027
0.96133
0.76577
0.61784
0.7683
0.68132
0.61959
0.54829
0.43969
0.42234
0.43888
0.46665
0.46071
0.4628
0.49249
0.42154
0.39414
0.40689
0.43016
0.47658
0.5009
0.549
0.49469
0.43141
0.42428
0.39198
0.4134
0.46508
0.493
0.54151
0.49252
0.36577
0.35985
0.3727
0.46509
0.5709
0.65482
0.7503
0.79784
0.79326
0.58005
0.5454
0.48814
0.52158
0.66545
0.68721
0.74305
0.68496
0.69463
0.91624
0.6376
0.62948
0.51722
0.52314
0.44332
0.37371
0.3225
0.27897
0.29436
0.36795
0.47153
0.55297
0.75396
0.67289
0.50069
0.59997
0.65113
0.55294
0.56025
0.62644
0.75197
0.48105
0.58896
0.69186
0.84756
0.86641
0.75802
0.85594
0.83609
0.68508
0.60815
0.56178
0.59639
0.63568
0.54734
0.45455
0.39226
0.43278
0.50406
0.46019
0.48154
0.60509
0.58711
0.63216
0.89618
0.85096
0.84806
0.70456
0.6964
0.88222
0.85464
0.90039
0.9003
0.84375
0.63272
0.52005
0.49513
0.51036
0.50603
0.48996
0.38491
0.48631
0.53498
0.40873
0.82077
0.94316
0.91057
0.94561
0.94875
0.95712
0.95251
0.94873
0.75885
0.62426
0.61311
0.65422
0.59524
0.50205
0.54125
0.70609
0.49016
0.77661
0.93679
0.87373
0.92636
0.89676
0.88849
0.97826
0.97536
0.98296
0.99734
0.98108
0.59014
0.51782
0.49589
0.52267
0.61772
0.99918
0.9986
0.96075
0.95623
0.97638
0.95638
0.99493
0.99976
0.93825
0.86831
0.61
0.713
0.91418
0.96443
0.91138
0.84598
0.85757
0.92258
0.96387
0.96657
0.96364
0.9345
0.78484
0.58984
0.79066
0.97321
0.97414
0.97761
0.97736
0.97657
0.97774
0.99051
0.81702
0.77176
0.82094
0.86461
0.79161
0.76024
0.92423
0.98487
0.99824
0.98567
0.98802
0.99009
0.99823
0.99619
0.98204
0.93339
0.87807
0.72997
0.65476
0.61441
0.53944
0.46813
0.36931
0.3382
0.44931
0.55154
0.59642
0.67587
0.65143
0.43573
0.526
0.47517
0.46368
0.46786
0.45934
0.48781
0.37583
0.33925
0.33688
0.35251
0.40725
0.42965
0.65213
0.8201
0.70568
0.43916
0.40079
0.42452
0.48232
0.4406
0.39745
0.34178
0.48289
0.40393
0.39558
0.40655
0.54401
0.48473
0.67456
0.99969
0.99075
0.97993
0.9745
0.95353
0.94832
0.9391
0.93574
0.90208
0.44752
0.4428
0.43373
0.42561
0.46308
0.54424
0.53295
0.53122
0.45056
0.45858
0.4524
0.48605
0.50393
0.42417
0.34901
0.40845
0.51272
0.46492
0.45386
0.51966
0.52609
0.53886
0.51185
0.51174
0.54412
0.50836
0.50026
0.55421
0.59296
0.51786
0.46213
0.64711
0.69899
0.6011
0.65615
0.61573
0.77589
0.71143
0.68561
0.8
0.84581
0.68035
0.67659
0.54286
0.74901
0.64766
0.67613
0.75174
0.97646
0.96279
0.95619
1.0002
0.99234
0.85883
0.818
0.8134
0.81983
0.77973
0.83563
0.92781
0.87516
0.96657
0.88417
0.99784
1.0015
0.99645
0.8617
0.96794
0.99986
0.86961
0.79761
0.8825
0.79181
0.77246
0.53599
0.53414
0.59106
0.54364
0.50718
0.54331
0.59899
0.65894
0.64628
0.76242
0.83592
0.81787
0.75621
0.85979
0.81056
0.81278
0.84085
0.90984
0.9064
0.94742
0.90046
0.9442
0.93593
0.92428
0.91543
0.89611
0.87683
0.8501
0.89578
0.89087
0.90322
0.84891
0.7449
0.76482
0.62509
0.65803
0.6393
0.61602
0.50818
0.52243
0.9089
0.88651
0.92949
0.98887
0.99137
0.98845
0.98646
0.98303
0.98368
0.99696
0.99912
0.99725
1.0008
1.0004
0.87818
0.77946
0.68724
0.49843
0.80819
0.69817
0.75435
0.78915
0.79083
0.77233
0.59712
0.52395
0.49293
0.45158
0.43662
0.44348
0.44438
0.41446
0.45878
0.38236
0.3139
0.33409
0.41149
0.42767
0.34452
0.32413
0.35087
0.3657
0.32897
0.28711
0.25175
0.21069
0.19032
0.19022
0.24941
0.19705
0.27953
0.53414
0.70714
0.69807
0.6401
0.63569
0.67178
0.74642
0.80276
0.81524
0.91087
0.99646
0.95242
0.85674
0.80513
0.82401
0.81895
1.0002
0.99405
0.95269
0.84163
0.76872
0.72429
0.76327
0.71568
0.72978
0.7098
0.68965
0.62414
0.4932
0.43919
0.4011
0.44396
0.49073
0.48401
0.4614
0.54707
0.66061
0.58824
0.46986
0.46476
0.47038
0.67938
0.76125
0.54054
0.47916
0.48045
0.45932
0.46675
0.43892
0.43019
0.45253
0.44847
0.44394
0.44076
0.41862
0.39623
0.33333
0.27715
0.63466
0.86066
0.86094
0.77035
0.81724
0.67985
0.52413
0.43158
0.39143
0.41401
0.4037
0.4852
0.55129
0.50832
0.48809
0.43686
0.47326
0.51575
0.45534
0.57767
0.65509
0.78188
0.86736
0.87153
0.9708
0.54749
0.49386
0.47108
0.48483
0.45051
0.40317
0.53095
0.60746
0.81577
0.73937
0.6329
0.57683
0.59982
0.53184
0.4692
0.41557
0.64397
0.81979
0.99286
0.99734
0.99712
0.99864
0.9972
0.8333
0.73182
0.56931
0.47485
0.46754
0.4581
0.47745
0.49341
0.47241
0.48826
0.64252
0.76189
0.69866
0.6802
0.57451
0.47409
0.5131
0.45579
0.46346
0.45773
0.48263
0.51104
0.68448
0.901
0.9991
0.99753
1.0009
1.0007
0.90699
0.73681
0.75718
0.76979
0.77062
0.80872
0.81778
0.74468
0.73406
0.72267
0.65762
0.64733
0.86609
0.85602
0.71759
0.49628
0.51288
0.50437
0.48291
0.61142
0.48618
0.73053
0.87966
0.775
0.57057
0.5105
0.52935
0.65301
0.82751
0.7635
0.74323
0.80699
0.9947
0.97201
0.91458
0.90641
0.92246
0.96943
0.99432
0.98754
0.91778
0.81041
0.71369
0.73175
0.69693
0.63461
0.55594
0.47777
0.54595
0.75556
0.76398
0.76475
0.79394
0.92892
0.9864
0.97808
0.98842
1.0003
1.0002
0.99736
0.91597
0.79066
0.66889
0.62294
0.95363
0.79164
0.96687
0.98859
0.99851
0.99802
0.91917
0.94293
0.98619
0.98933
0.97347
1.0003
0.99967
1.0007
0.92583
0.73639
0.65867
0.66292
0.56551
0.61275
0.96241
0.98263
0.97177
1.0004
1.0004
0.97879
0.84609
0.82435
0.99853
0.9982
0.98515
0.70093
0.64032
0.5425
0.51998
0.5612
0.55754
0.54705
0.54572
0.49158
0.47614
0.43758
0.39324
0.37407
0.38135
0.43161
0.39247
0.35227
0.34554
0.31883
0.27241
0.26604
0.38807
0.42318
0.41411
0.421
0.41894
0.46761
0.52959
0.51647
0.66256
0.71423
0.75385
0.66178
0.66237
0.68959
0.64725
0.69075
0.71632
0.67374
0.73134
0.92189
0.88606
0.82163
0.76381
0.74189
0.74854
0.88137
0.91362
0.91022
0.81197
0.83447
0.78091
0.69131
0.70859
0.70183
0.72301
0.63979
0.59754
0.6001
0.6356
0.77322
0.84257
0.77692
0.80579
0.85213
0.84185
0.84435
0.858
0.885
0.87529
0.93086
0.96021
0.98003
0.9958
0.99254
0.99783
0.96245
0.99769
0.9993
0.99866
1.0004
0.84272
0.82204
0.74456
0.67045
0.68328
0.70251
0.66775
0.61524
0.5956
0.61886
0.58157
0.62029
0.67935
0.76242
0.82584
0.87503
0.84128
0.78626
0.9552
0.96828
0.96406
0.93541
0.91188
0.81704
0.79158
0.63279
0.59428
0.55652
0.67451
0.59932
0.61645
0.60762
0.60398
0.6402
0.63999
0.62329
0.58332
0.56705
0.57786
0.56228
0.53801
0.50378
0.51106
0.52295
0.54459
0.60413
0.70237
0.68128
0.64084
0.6924
0.74636
0.72147
0.74087
0.67938
0.69946
0.74253
0.78528
0.73629
0.71712
0.67459
0.66804
0.60545
0.52557
0.49774
0.46711
0.46739
0.52549
0.57586
0.66547
0.73357
0.6985
0.64756
0.56529
0.59499
0.46015
0.38037
0.40177
0.48077
0.44268
0.36054
0.31247
0.38383
0.42019
0.42611
0.47607
0.57739
0.58681
0.45819
0.41208
0.59057
0.6241
0.5814
0.62506
0.66725
0.63421
0.60629
0.60959
0.64153
0.65222
0.56608
0.70017
0.60457
0.60815
0.58038
0.55288
0.56622
0.54284
0.56504
0.56918
0.64419
0.62746
0.57212
0.54464
0.52517
0.44829
0.43496
0.39939
0.46026
0.54876
0.82118
0.82627
0.93669
0.93443
0.99
0.99848
0.99808
0.99799
1.0009
0.99936
1.0001
0.99041
1.0008
1.0005
0.97075
0.85879
0.71953
0.69851
0.69892
0.69345
0.81722
0.95073
0.99673
1.0007
0.98136
1.0002
0.98319
0.9974
0.99758
0.9797
0.99409
0.96604
0.96411
0.95092
0.8142
0.74292
0.9872
0.99888
1.0002
0.99796
0.97173
0.9684
0.95477
0.89924
0.9578
0.9155
0.95991
0.90228
0.85866
0.76803
0.75209
0.71775
0.75911
0.93719
0.78079
0.97222
0.96606
0.9954
0.82355
0.75692
0.70157
0.6903
0.60929
0.59766
0.53071
0.46588
0.423
0.39716
0.46565
0.55822
0.60902
0.63643
0.64113
0.58084
0.53624
0.5341
0.59007
0.65475
0.60489
0.52444
0.50171
0.6559
0.88028
0.97548
1.0003
0.99896
0.98253
0.81291
0.66094
0.62359
0.5211
0.83619
0.83475
0.83227
0.83205
0.823
0.79335
0.76341
0.72017
0.69012
0.68397
0.70506
0.71959
0.70385
0.70659
0.70271
0.68886
0.69691
0.73709
0.76522
0.76209
0.68838
0.64415
0.6425
0.63469
0.62125
0.66622
0.72447
0.7349
0.73657
0.71427
0.6821
0.63914
0.62593
0.65309
0.64359
0.66642
0.7721
0.86142
0.91254
0.89553
0.91898
0.93355
0.92835
0.9287
0.95161
0.87753
0.76658
0.65545
0.62251
0.56826
0.5417
0.48116
0.37861
0.30784
0.24542
0.24305
0.45393
0.52805
0.43064
0.479
0.41574
0.37962
0.38233
0.38671
0.44729
0.54165
0.71088
0.86881
0.88104
0.78781
0.6205
0.55106
0.57119
0.55327
0.82543
0.47478
0.46755
0.50228
0.46283
0.46761
0.45938
0.46844
0.73983
0.97284
1.0009
0.99804
1.0003
0.9992
1.0003
0.99714
0.99937
0.99916
0.97741
0.96836
0.96458
0.95126
0.75916
0.69522
0.74104
0.49337
0.44703
0.45764
0.47792
0.52526
0.5299
0.52994
0.54542
0.55232
0.51906
0.49878
0.49313
0.48138
0.47975
0.4551
0.53939
0.65082
0.72555
0.65416
0.52449
0.46156
0.43504
0.39493
0.3154
0.24839
0.26275
0.34522
0.41442
0.61815
0.77675
0.97888
1.0008
0.99731
0.99774
0.99833
0.99768
0.99732
0.99709
0.99784
1.0001
0.99806
0.99849
1.0007
1.0002
0.9996
0.98788
0.99478
0.93412
0.73772
0.67564
0.56717
0.52292
0.56903
0.79959
0.8542
0.99878
0.91728
0.97845
0.98778
0.99675
0.99754
1.0004
0.9549
0.8921
0.66956
0.61276
0.47108
0.39067
0.34792
0.393
0.39223
0.28998
0.27734
0.30047
0.33336
0.33988
0.38224
0.39134
0.39514
0.41344
0.47492
0.43435
0.39093
0.39544
0.43916
0.42811
0.4228
0.39393
0.35185
0.35475
0.35078
0.37423
0.4021
0.46775
0.69106
0.92907
0.95683
0.94695
0.96601
0.96525
0.95792
0.95177
0.93735
0.84976
0.87074
0.85512
0.88827
0.95183
0.9782
0.95032
0.96724
0.92282
0.88293
0.59719
0.72226
0.88752
0.99347
0.99891
1.0006
1.0006
1.0009
0.97805
0.96647
0.95195
0.9048
0.82626
0.7934
0.7531
0.74661
0.56933
0.49103
0.54493
0.64906
0.74494
0.71772
0.82389
0.84372
0.88513
0.96408
0.98456
0.9683
0.96328
0.96543
0.94575
0.72981
0.62086
0.55917
0.49272
0.47668
0.49666
0.46368
0.44936
0.47589
0.54356
0.5352
0.46558
0.40418
0.42977
0.46348
0.47607
0.4416
0.49493
0.98466
0.99847
1.0003
0.99988
0.99959
1
1.0007
0.97814
0.94956
0.87567
0.94603
0.99806
0.9975
0.991
0.83537
0.65989
0.66188
0.93216
0.95979
0.9701
0.97183
0.96901
0.93282
0.68867
0.59594
0.56988
0.68575
0.95913
0.9661
0.95847
0.82644
0.6972
0.56445
0.52469
0.47588
0.43512
0.39925
0.32667
0.2716
0.24215
0.23923
0.2372
0.2705
0.31175
0.72041
0.97957
0.98405
0.93525
0.91499
0.94375
0.96939
0.78458
0.72195
0.66779
0.57406
0.53788
0.53767
0.56455
0.56712
0.83976
0.99874
0.99813
0.99936
0.80431
0.6915
0.52119
0.61085
0.54461
0.50523
0.49467
0.63448
0.79467
0.65543
0.63534
0.88274
0.77478
0.83246
0.7873
0.85213
0.78454
0.79769
0.86836
0.68288
0.71315
0.78134
0.75284
0.92141
0.98114
0.98698
0.98703
0.99503
0.99867
0.99898
0.99999
0.99607
0.99228
0.95958
0.94652
0.78893
0.74508
0.65038
0.46539
0.44151
0.44701
0.46862
0.44179
0.57452
0.98745
0.99999
0.97231
0.96107
0.95253
0.94875
0.94598
0.94459
0.93411
0.92836
0.94603
0.94115
0.93941
0.9386
0.94353
0.94683
0.94477
0.94036
0.93382
0.93158
0.80032
0.64653
0.52529
0.46077
0.43972
0.39131
0.37525
0.40816
0.43394
0.54938
0.62156
0.70022
0.67718
0.60914
0.58017
0.64858
0.84714
0.86719
0.69219
0.592
0.53659
0.45617
0.38349
0.26051
0.2871
0.77041
0.92021
0.94146
0.94523
0.93858
0.92003
0.92252
0.92065
0.92272
0.92323
0.92602
0.92515
0.91023
0.9174
0.71446
0.5626
0.51004
0.47485
0.45371
0.40477
0.35105
0.33637
0.29385
0.29969
0.35464
0.38866
0.43036
0.4634
0.50467
0.47766
0.46812
0.50515
0.5086
0.47728
0.44948
0.40778
0.37755
0.35246
0.35111
0.32873
0.32331
0.30062
0.29333
0.35013
0.35879
0.36082
0.31249
0.28723
0.32835
0.44629
0.51696
0.49635
0.47737
0.47352
0.44367
0.4408
0.44179
0.40893
0.42593
0.43796
0.48917
0.49996
0.51947
0.52256
0.62578
0.96212
0.97217
0.97172
0.96473
0.95665
0.95401
0.94932
0.90992
0.75386
0.72335
0.65643
0.54821
0.47325
0.44774
0.95042
0.9683
0.98325
0.99312
0.9742
0.91848
0.97169
0.99134
0.98908
0.98539
0.98591
0.98277
0.98271
0.97511
0.95469
0.94477
0.94427
0.9418
0.93362
0.9167
0.81036
0.66014
0.53564
0.51216
0.47263
0.43855
0.41571
0.40721
0.35394
0.34043
0.40527
0.40755
0.37707
0.32976
0.31302
0.34239
0.44118
0.45283
0.7641
0.97666
0.9828
0.98163
0.98005
0.98256
0.9829
0.96256
0.95744
0.94624
0.93899
0.93163
0.9257
0.92254
0.92249
0.922
0.90993
0.5766
0.4358
0.38627
0.46861
0.58987
0.64812
0.55449
0.49094
0.46835
0.82846
0.55807
0.90682
0.71188
0.96962
0.97056
0.96576
0.7404
0.63803
0.80009
0.93862
0.94635
0.99716
0.99839
0.99918
0.99125
0.99873
0.85784
0.63049
0.68739
0.87318
0.91444
0.92783
0.91395
0.89854
0.6196
0.59858
0.64316
0.79507
0.84236
0.85075
0.55587
0.63405
0.75534
0.79174
0.60706
0.54855
0.51948
0.4696
0.44027
0.43351
0.45986
0.53131
0.58551
0.89508
0.90242
0.86669
0.83269
0.96656
0.72538
0.79927
0.73266
0.62024
0.57887
0.54526
0.64548
0.91354
0.80196
0.96203
0.85281
0.9854
0.94845
0.99754
1.0009
0.93983
0.91997
0.99122
0.9899
0.97522
0.95998
0.95317
0.94656
0.94061
0.93431
0.93117
0.92706
0.92437
0.92148
0.92158
0.91253
0.90437
0.70628
0.5728
0.49925
0.45055
0.40086
0.37815
0.3529
0.30987
0.28132
0.26367
0.43711
0.53855
0.6665
0.61862
0.93002
0.80173
0.6702
0.69967
0.58481
0.77282
0.81051
0.78589
0.8133
0.68931
0.54415
0.59281
0.55625
0.50936
0.55941
0.65802
0.62297
0.55339
0.57081
0.62856
0.81623
0.78582
0.8007
0.68983
0.60432
0.62245
0.62438
0.61859
0.8961
0.92426
0.95227
0.96536
0.97937
0.69564
0.60762
0.61739
0.91335
0.92189
0.96148
0.96993
0.95028
0.93958
0.9301
0.92364
0.91029
0.89446
0.78623
0.55869
0.5601
0.55285
0.46314
0.45905
0.46514
0.45626
0.44116
0.44122
0.41777
0.35762
0.28638
0.24987
0.23647
0.25353
0.28251
0.28606
0.32565
0.34067
0.33197
0.34421
0.37694
0.38872
0.43871
0.5072
0.47165
0.63671
0.53163
0.6176
0.62311
0.69959
0.73018
0.76691
0.8175
0.89983
0.93194
0.93043
0.92704
0.92932
0.92371
0.92147
0.88445
0.62063
0.54924
0.48099
0.45233
0.45927
0.46095
0.50916
0.57365
0.60064
0.60651
0.60531
0.62523
0.56685
0.58064
0.51411
0.50902
0.49919
0.49759
0.44506
0.40341
0.37318
0.35393
0.34511
0.3734
0.40409
0.40518
0.40312
0.38303
0.32788
0.32183
0.32372
0.33626
0.3428
0.39182
0.3868
0.39443
0.38204
0.38415
0.35203
0.36418
0.38425
0.44555
0.52538
0.54742
0.57383
0.53523
0.49936
0.498
0.49108
0.72343
0.68643
0.69126
0.66227
0.64492
0.69195
0.61741
0.49962
0.48537
0.46813
0.47292
0.43296
0.41586
0.41387
0.4403
0.45171
0.43659
0.43184
0.47003
0.48732
0.75761
0.87286
0.88348
0.88399
0.88076
0.8777
0.79474
0.62083
0.50055
0.47878
0.44656
0.42638
0.46742
0.44133
0.38328
0.37388
0.40292
0.43329
0.46966
0.45291
0.42802
0.37173
0.39909
0.42406
0.49138
0.57464
0.67161
0.86124
0.89681
0.89439
0.89942
0.89374
0.82998
0.8745
0.73495
0.65263
0.8693
0.6582
0.49526
0.44929
0.41501
0.44182
0.48544
0.64821
0.84843
0.86448
0.87077
0.87439
0.88014
0.69812
0.51707
0.37829
0.35911
0.37581
0.40631
0.39838
0.41906
0.37566
0.38287
0.37049
0.36805
0.39135
0.37792
0.38176
0.37496
0.38171
0.38475
0.38939
0.39639
0.39509
0.38979
0.39407
0.39557
0.39502
0.40345
0.40422
0.41956
0.41757
0.41705
0.40892
0.40723
0.4071
0.40094
0.39415
0.39243
0.39209
0.39451
0.39464
0.39741
0.39348
0.39531
0.38647
0.40603
0.40231
0.41268
0.40148
0.37675
0.35113
0.34314
0.3459
0.33428
0.32515
0.32071
0.33236
0.35124
0.41878
0.52253
0.42956
0.44908
0.44905
0.42215
0.42462
0.47279
0.48847
0.43497
0.39755
0.40464
0.4203
0.41703
0.40681
0.37513
0.38276
0.42927
0.45582
0.40992
0.28687
0.33475
0.32982
0.31581
0.17054
0.097669
0.13905
0.2331
0.29249
0.86092
0.90935
0.90488
0.90914
0.90183
0.89405
0.87198
0.86094
0.84891
0.82956
0.81419
0.69759
0.76993
0.72314
0.69959
0.69336
0.61132
0.59384
0.64153
0.54367
0.49255
0.47303
0.44504
0.39118
0.35796
0.32971
0.2568
0.28511
0.36817
0.38058
0.37561
0.41343
0.4321
0.48695
0.51816
0.60813
0.59295
0.52772
0.52166
0.4974
0.41486
0.3171
0.29848
0.48688
0.77538
0.71835
0.8052
0.89476
0.88303
0.87074
0.86629
0.86624
0.8634
0.76402
0.68814
0.5125
0.49051
0.48859
0.45443
0.40552
0.39693
0.35006
0.31273
0.29774
0.47101
0.38984
0.467
0.73227
0.8788
0.79043
0.7147
0.91455
0.91231
0.89844
0.82481
0.57504
0.40724
0.30842
0.35759
0.37301
0.37424
0.38473
0.3527
0.37497
0.40574
0.41413
0.41973
0.4251
0.42417
0.39405
0.39237
0.35664
0.34694
0.35629
0.36871
0.40285
0.41646
0.42626
0.41846
0.40407
0.41615
0.40307
0.41214
0.41109
0.41049
0.40856
0.40813
0.41645
0.41997
0.43768
0.38399
0.40982
0.43677
0.48019
0.4388
0.42467
0.39687
0.38885
0.39406
0.4155
0.39635
0.38887
0.42388
0.89184
0.89917
0.90776
0.90791
0.68236
0.5016
0.48943
0.56068
0.8362
0.6297
0.48522
0.42255
0.4102
0.4042
0.3793
0.30506
0.26984
0.25262
0.28264
0.432
0.48055
0.44263
0.46607
0.45058
0.4284
0.50896
0.57792
0.87876
0.68449
0.68347
0.77394
0.66962
0.69099
0.74749
0.71527
0.73698
0.74756
0.76739
0.90061
0.89945
0.71321
0.5611
0.4893
0.44132
0.40935
0.38178
0.35887
0.33486
0.3043
0.38439
0.42465
0.46723
0.38262
0.37059
0.35647
0.35218
0.34993
0.34344
0.35423
0.81548
0.5668
0.74484
0.67607
0.75012
0.713
0.58892
0.53845
0.50861
0.51538
0.57141
0.64332
0.84912
0.849
0.7309
0.61726
0.53372
0.42195
0.24617
0.29215
0.39839
0.42304
