0.89543
0.89543
0.89052
0.88507
0.87081
0.81406
0.73166
0.6835
0.7766
0.81903
0.81793
0.8583
0.83341
0.79121
0.68292
0.50833
0.54045
0.63046
0.84508
0.93708
0.93734
0.92447
0.91436
0.90993
0.90315
0.90218
0.89631
0.87245
0.84538
0.80171
0.79409
0.8078
0.79297
0.74708
0.71506
0.69772
0.81846
0.78369
0.78621
0.79621
0.71994
0.77994
0.71623
0.66521
0.64685
0.63485
0.66727
0.66813
0.6421
0.87754
0.91159
0.90842
0.90692
0.91434
0.92141
0.92735
0.92709
0.92125
0.91074
0.89604
0.87267
0.87481
0.8532
0.8436
0.84454
0.86034
0.85226
0.84832
0.81825
0.77078
0.74904
0.72796
0.66662
0.7146
0.74237
0.63914
0.81443
0.84858
0.8561
0.86213
0.86129
0.86242
0.85951
0.86225
0.84838
0.78848
0.82108
0.80584
0.76873
0.31688
0.71626
0.61589
0.64664
0.5884
0.61606
0.53705
0.34495
0.28854
0.59312
0.4197
0.32464
0.34028
0.26923
0.24418
0.5395
0.58533
0.34833
0.27984
0.52196
0.57906
0.42989
0.47167
0.68021
0.66146
0.45804
0.25616
0.24487
0.38882
0.44675
0.88329
0.80114
0.7954
0.70433
0.61529
0.75392
0.64102
0.50606
0.63287
0.74835
0.88685
0.91213
0.91747
0.92151
0.91765
0.91423
0.90228
0.89546
0.88438
0.88112
0.8647
0.83172
0.85413
0.87001
0.87357
0.87026
0.82591
0.78547
0.74254
0.56364
0.54412
0.57664
0.44816
0.49526
0.73011
0.85846
0.87985
0.90304
0.90755
0.90557
0.89557
0.89301
0.88257
0.8781
0.8729
0.87299
0.87302
0.87973
0.83102
0.64212
0.50724
0.41865
0.86675
0.78651
0.87479
0.88477
0.89191
0.88916
0.8865
0.87587
0.8532
0.85461
0.85034
0.84984
0.86771
0.74625
0.23561
0.19491
0.20678
0.90143
0.96599
0.98639
0.78849
0.72818
0.67821
0.68133
0.59989
0.45103
0.48225
0.39029
0.73829
0.95588
0.93246
0.86895
0.79715
0.81393
0.86156
0.82778
0.85704
0.88398
0.84183
0.77229
0.90913
0.70686
0.95559
0.95832
0.95542
0.87111
0.70184
0.91535
0.93163
0.92512
0.92065
0.91316
0.87364
0.81673
0.85509
0.83601
0.82942
0.82387
0.90623
0.91035
0.90755
0.90412
0.8965
0.88878
0.88208
0.87917
0.87845
0.87435
0.86861
0.86606
0.8615
0.84751
0.85245
0.83668
0.8287
0.82324
0.80748
0.83781
0.84124
0.84362
0.73685
0.84656
0.8578
0.8529
0.84534
0.84126
0.82736
0.78824
0.78118
0.76836
0.66269
0.69271
0.77795
0.7495
0.81322
0.83619
0.84023
0.73848
0.67707
0.7962
0.83434
0.84578
0.84054
0.8305
0.81917
0.815
0.81303
0.80865
0.80813
0.80538
0.78511
0.77447
0.76314
0.76299
0.76338
0.76395
0.76434
0.73568
0.57588
0.51877
0.5903
0.58154
0.53919
0.58303
0.61738
0.44483
0.34939
0.32093
0.30182
0.32236
0.37383
0.46368
0.67335
0.62916
0.48062
0.37766
0.356
0.33863
0.44042
0.76022
0.782
0.73149
0.682
0.70119
0.78603
0.78103
0.78337
0.87116
0.85353
0.85991
0.85394
0.79967
0.799
0.80045
0.77372
0.70089
0.68594
0.80294
0.81396
0.71296
0.56318
0.46712
0.38494
0.20774
0.18582
0.18096
0.35316
0.28715
0.183
0.20973
0.2219
0.23709
0.38462
0.36897
0.44652
0.41264
0.3664
0.28857
0.17765
0.22982
0.2159
0.21222
0.2213
0.20856
0.2562
0.26437
0.28645
0.29385
0.26289
0.23612
0.25367
0.22504
0.27193
0.25687
0.22509
0.23033
0.19536
0.21419
0.20876
0.22755
0.28462
0.30197
0.27666
0.30763
0.27246
0.29139
0.33961
0.34442
0.2612
0.25241
0.24266
0.31034
0.33583
0.57099
0.87197
0.79181
0.71203
0.52414
0.43392
0.35362
0.29494
0.5975
0.8795
0.95829
0.9274
0.90384
0.90063
0.81364
0.90424
0.93037
0.93041
0.85614
0.74514
0.71244
0.60136
0.58957
0.57815
0.51535
0.41625
0.36148
0.35136
0.26166
0.37128
0.45345
0.49091
0.72173
0.79957
0.68072
0.64128
0.61994
0.73189
0.82912
0.67396
0.72687
0.71797
0.74633
0.87627
0.80402
0.73171
0.60725
0.57441
0.58227
0.58724
0.56686
0.61717
0.66347
0.64168
0.74521
0.73818
0.72063
0.69029
0.77694
0.81912
0.76088
0.75225
0.8371
0.80878
0.81011
0.82676
0.78289
0.82954
0.83888
0.65838
0.75317
0.82123
0.81196
0.84904
0.8261
0.76415
0.73493
0.75754
0.82473
0.83149
0.92419
0.9558
0.91611
0.92169
0.92726
0.9255
0.92281
0.92019
0.91624
0.90943
0.86481
0.84469
0.86673
0.90516
0.90594
0.8678
0.78814
0.6224
0.64178
0.51016
0.36211
0.86098
0.59479
0.43711
0.5754
0.33904
0.51945
0.59569
0.69736
0.68738
0.67076
0.69166
0.68613
0.70459
0.6832
0.65616
0.65657
0.64277
0.6308
0.60665
0.58208
0.58046
0.65785
0.64895
0.5912
0.5997
0.87783
0.89097
0.89541
0.90067
0.89853
0.89922
0.90172
0.90343
0.88369
0.85787
0.80257
0.5305
0.54446
0.7583
0.77161
0.6646
0.86114
0.69102
0.45556
0.77091
0.65176
0.39275
0.3978
0.3912
0.4227
0.41748
0.4164
0.25327
0.22147
0.24791
0.25851
0.26587
0.3118
0.65574
0.58902
0.42198
0.30564
0.28873
0.32969
0.47002
0.51223
0.77522
0.69244
0.77666
0.75057
0.76977
0.66794
0.60866
0.77764
0.94777
0.92943
0.8922
0.87553
0.85985
0.84349
0.8505
0.87333
0.89144
0.89304
0.89695
0.89648
0.76177
0.65443
0.65855
0.88972
0.91642
0.92486
0.9231
0.92358
0.92167
0.92323
0.91037
0.90276
0.89315
0.89778
0.90214
0.8991
0.89424
0.8723
0.86666
0.85765
0.84544
0.84624
0.78859
0.72485
0.6696
0.69732
0.84671
0.85346
0.87155
0.87876
0.87724
0.84663
0.8419
0.83409
0.84827
0.83467
0.84171
0.85224
0.86368
0.82738
0.89286
0.93395
0.9498
0.85154
0.82961
0.9255
0.9242
0.90988
0.90914
0.9129
0.91253
0.89333
0.87301
0.82174
0.87519
0.89953
0.90634
0.90895
0.90408
0.89733
0.90324
0.89998
0.90021
0.89472
0.89181
0.85354
0.60432
0.6
0.75147
0.73655
0.7182
0.69235
0.62832
0.72017
0.64368
0.87019
0.86388
0.87968
0.88332
0.87994
0.8633
0.88425
0.9083
0.90448
0.89894
0.89811
0.89675
0.90194
0.90217
0.912
0.91425
0.9117
0.90633
0.9049
0.89934
0.89843
0.89829
0.87896
0.87283
0.87421
0.89247
0.84558
0.91345
0.92291
0.93071
0.92002
0.86318
0.87577
0.85471
0.76443
0.79574
0.88549
0.88241
0.88422
0.93447
0.94856
0.91896
0.88937
0.84001
0.8394
0.84528
0.8258
0.81115
0.81195
0.80529
0.80612
0.82347
0.79276
0.74389
0.71537
0.64144
0.65666
0.76788
0.76792
0.72466
0.75336
0.65806
0.59523
0.67159
0.86512
0.82035
0.74131
0.73568
0.69981
0.72603
0.70851
0.69682
0.75429
0.74693
0.72001
0.73783
0.72028
0.7167
0.67743
0.54708
0.50022
0.29352
0.46568
0.49521
0.78775
0.95017
0.97283
0.81304
0.76385
0.7335
0.72024
0.71997
0.73183
0.73857
0.76863
0.77196
0.89617
0.99052
0.9889
0.98968
0.99386
0.99401
0.99376
0.98269
0.9466
0.93095
0.92698
0.93394
0.93205
0.92888
0.88873
0.87938
0.91176
0.93681
0.91863
0.92045
0.91511
0.91548
0.91725
0.90007
0.91954
0.9331
0.92715
0.92209
0.91987
0.88089
0.62216
0.88572
0.89531
0.89034
0.88405
0.8838
0.87211
0.85919
0.71919
0.73354
0.82375
0.76107
0.6367
0.87276
0.87385
0.79565
0.90503
0.9068
0.87818
0.87016
0.86671
0.85044
0.87026
0.86481
0.73018
0.83036
0.83168
0.80702
0.77657
0.73897
0.69025
0.86919
0.86674
0.86784
0.87013
0.87839
0.88416
0.87915
0.8804
0.86194
0.83641
0.86175
0.88944
0.73957
0.79923
0.7905
0.59407
0.58338
0.75483
0.80554
0.89767
0.84448
0.87519
0.8048
0.86669
0.80045
0.83561
0.82885
0.93174
0.93487
0.93449
0.93179
0.9297
0.92823
0.92624
0.90315
0.90489
0.89602
0.84764
0.64241
0.63724
0.68772
0.63705
0.6424
0.6824
0.84355
0.92861
0.92099
0.89715
0.84434
0.82404
0.76054
0.77416
0.86272
0.85612
0.79404
0.81882
0.76588
0.72105
0.66426
0.63511
0.62145
0.60464
0.57282
0.34561
0.53587
0.60057
0.82366
0.93816
0.97177
0.92151
0.81173
0.67005
0.67397
0.92247
0.91815
0.94809
0.94734
0.93871
0.9326
0.92491
0.92814
0.90747
0.89368
0.88196
0.89203
0.91938
0.91034
0.91841
0.93078
0.89797
0.92457
0.92056
0.95647
0.95856
0.95563
0.95385
0.95611
0.97254
0.97145
0.95411
0.94589
0.92941
0.91544
0.87191
0.79485
0.88042
0.76382
0.70422
0.84409
0.75542
0.76556
0.91831
0.94529
0.9498
0.96872
0.9508
0.94314
0.94688
0.94135
0.92621
0.91417
0.89231
0.89108
0.91306
0.90871
0.91805
0.91419
0.89103
0.87934
0.8193
0.65008
0.90344
0.93863
0.93726
0.93189
0.93011
0.91755
0.90774
0.90895
0.91367
0.92896
0.92685
0.9275
0.92166
0.88859
0.76312
0.65003
0.88085
0.78307
0.83916
0.84836
0.85345
0.80835
0.74569
0.70392
0.71785
0.61954
0.44531
0.45046
0.37253
0.35135
0.58396
0.8267
0.9327
0.92805
0.98308
0.97234
0.98271
0.94292
0.91718
0.93119
0.90224
0.95548
0.96003
0.97433
0.96512
0.96111
0.9497
0.90661
0.93423
0.98103
0.85064
0.96562
0.82569
0.81878
0.82309
0.80107
0.81566
0.82519
0.78728
0.74209
0.80505
0.80013
0.79323
0.91356
0.90646
0.88931
0.92421
0.9004
0.8368
0.82221
0.74221
0.89213
0.95617
0.97746
0.97301
0.95877
0.95664
0.96141
0.95153
0.91046
0.87015
0.74052
0.60167
0.55809
0.73887
0.86446
0.89008
0.9502
0.97961
0.99818
0.99319
0.9459
0.95351
0.95601
0.94895
0.89158
0.92553
0.84514
0.77718
0.55814
0.84418
0.82795
0.97412
0.86689
1.0003
0.98073
0.96428
0.96001
0.9175
0.97889
0.86085
0.75855
0.8993
0.95846
0.9966
0.9775
0.98066
0.97827
0.96355
0.95947
0.95104
0.9204
0.95007
0.9449
0.94269
0.88252
0.83533
0.82906
0.96688
0.98485
0.97185
0.96214
0.96707
0.9736
0.96869
0.96308
0.95601
0.9562
0.94273
0.95845
0.96867
0.95945
0.8689
0.90258
0.8965
0.87241
0.89457
0.81348
0.94322
0.93312
0.89514
0.90675
0.89011
0.94438
0.93993
0.96722
0.9423
0.89799
0.77084
0.77593
0.88978
0.91694
0.9169
0.90036
0.8954
0.89231
0.92493
0.95312
0.96182
0.972
0.9788
0.97512
0.97623
0.98694
0.98643
0.98962
1.0009
0.99017
0.99748
0.99681
0.99033
0.98093
0.97664
0.98022
0.97813
0.93696
0.96459
0.97715
0.99605
0.89328
0.95604
0.9406
0.97666
0.92047
0.75029
0.70563
0.79248
0.84365
0.85097
0.89503
0.92276
0.94455
0.70775
0.76815
0.96002
0.89771
0.86567
0.91943
0.9365
0.93736
0.87852
0.86767
0.80399
0.75571
0.77239
0.86961
0.8935
0.94092
0.94566
0.93962
0.91209
0.93586
0.87161
0.82303
0.79737
0.85766
0.93276
0.93086
0.92287
0.92689
0.8215
0.79552
0.93103
0.9133
0.93948
0.9291
0.91228
0.83896
0.74373
0.82552
0.86792
0.83405
0.69118
0.70669
0.68633
0.6864
0.79194
0.86625
0.81127
0.77378
0.73184
0.75833
0.76195
0.85438
0.90069
0.90485
0.91048
0.90071
0.96646
0.95472
0.95236
0.92755
0.89346
0.85547
0.84163
0.87621
0.8408
0.78281
0.75359
0.78526
0.86149
0.87472
0.86602
0.84658
0.78361
0.73072
0.71776
0.77829
0.8979
0.98178
1.0001
0.99758
1.0009
0.99998
0.99906
0.97568
0.96004
0.96529
0.98537
0.9843
0.98551
0.98332
0.98796
0.99339
0.8749
0.84545
0.76688
0.75355
0.78314
0.85922
0.86212
0.84932
0.86042
0.93141
0.89946
0.93166
0.96118
0.96657
0.97019
0.96875
0.94843
0.94092
0.93708
0.95703
0.87778
0.97412
0.96068
0.99736
0.99783
0.99784
0.99692
0.99045
0.99404
1.0004
0.99974
0.99826
0.99972
0.99594
0.9912
0.95997
0.90571
0.78674
0.70493
0.85945
0.97396
0.98025
0.98252
0.96511
0.90903
0.83194
0.85299
0.82153
0.76255
0.7387
0.81171
0.85119
0.87054
0.91398
0.96197
0.96451
0.95311
0.96071
0.97815
0.90044
0.87407
0.86068
0.7876
0.70882
0.74546
0.90077
0.93645
0.72363
0.92252
0.93204
0.93998
0.97286
0.97387
0.94937
0.94885
0.92738
0.87179
0.92425
0.97393
0.95352
0.95718
0.91705
0.95719
0.9333
0.97343
0.92442
0.89265
0.92954
0.96809
0.97474
0.9978
0.99772
0.9761
0.97604
0.98138
0.9805
0.87409
0.94751
0.9292
0.95396
0.91898
0.83281
0.81035
0.6913
0.8423
0.80507
0.87643
0.98249
0.87172
0.80462
0.71135
0.76631
0.84163
0.86214
0.90016
0.83456
0.76376
0.74898
0.83298
0.92239
0.94388
0.96164
0.94641
0.93847
0.8564
0.79531
0.73047
0.83483
0.7698
0.7346
0.74026
0.79902
0.72573
0.7561
0.75759
0.83537
0.79631
0.85337
0.82427
0.76773
0.73865
0.75708
0.74627
0.78326
0.77043
0.78459
0.88657
0.89263
0.7954
0.77025
0.88276
0.9426
0.91841
0.93547
0.95373
0.94609
0.88103
0.7716
0.68302
0.74133
0.76535
0.72375
0.75579
0.7825
0.68292
0.62525
0.52282
0.70653
0.74205
0.69194
0.6557
0.69912
0.61215
0.5797
0.53468
0.6978
0.70647
0.70849
0.70171
0.76682
0.59004
0.52219
0.54645
0.73044
0.73234
0.75591
0.70126
0.70683
0.65394
0.67128
0.71951
0.7433
0.76672
0.82945
0.77625
0.7453
0.74848
0.79884
0.67758
0.64411
0.60903
0.56754
0.54743
0.57598
0.67892
0.62965
0.67361
0.60797
0.58107
0.53395
0.48194
0.49901
0.53018
0.56489
0.73003
0.69811
0.67183
0.74592
0.68951
0.6434
0.72767
0.70454
0.5577
0.69671
0.70653
0.74399
0.80879
0.81602
0.79163
0.80139
0.82975
0.90097
0.86303
0.83214
0.79576
0.82045
0.83968
0.86819
0.97676
0.98692
0.97874
0.90527
0.84035
0.87505
0.88012
0.92346
0.94185
0.88982
0.84759
0.85108
0.86125
0.90025
0.98407
0.97815
0.97571
0.93325
0.86171
0.83368
0.85236
0.90663
0.97472
0.9708
0.93663
0.81972
0.75195
0.79482
0.86498
0.89998
0.90809
0.93176
0.91898
0.92788
0.93826
0.94316
0.94373
0.95969
0.96593
0.97408
0.98318
0.99864
1.0006
0.99856
0.99766
0.99709
0.99912
0.99765
1.0009
0.99825
0.99754
0.95997
0.92064
0.94154
0.98509
0.9873
0.99878
0.97812
0.95803
0.93966
0.96255
0.99479
0.99834
0.99893
0.99742
1.0008
0.99245
0.92029
0.89303
0.99781
0.995
0.99797
0.97838
0.98971
0.99641
0.99232
1.0007
0.9975
0.99949
1.0005
0.99926
1.0005
0.98105
0.85817
0.94436
0.99798
0.93507
0.89568
0.89687
0.91446
0.92053
0.96663
0.97206
0.97227
0.99881
1.0001
0.99817
0.98255
0.92319
0.8489
0.90812
0.94948
0.84047
0.63857
0.51431
0.51472
0.72582
0.71056
0.79732
0.8689
0.88838
0.97081
0.88147
0.90096
0.92907
0.90366
0.91834
0.96069
0.97321
0.95551
0.95884
0.98673
0.98839
0.96886
0.94198
0.97357
0.98679
0.9942
0.98798
0.94542
0.83621
0.7558
0.88111
0.86398
0.6541
0.65265
0.59524
0.66692
0.82189
0.82519
0.84754
0.8971
0.96372
0.97809
0.97583
0.89403
0.86336
0.88874
0.90158
0.9142
0.93632
0.86291
0.72654
0.77643
0.84325
0.80457
0.82234
0.85813
0.69678
0.56551
0.54763
0.70771
0.71326
0.70842
0.70476
0.68181
0.57476
0.57871
0.65338
0.75952
0.76167
0.83736
0.91702
0.95037
0.95988
0.93436
0.8524
0.83853
0.71193
0.77466
0.83155
0.85547
0.84264
0.89593
0.8827
0.84706
0.83869
0.84912
0.82887
0.85063
0.89601
0.95637
0.97289
0.98285
0.99174
0.92606
0.88252
0.91636
0.95101
0.88833
0.78675
0.80258
0.8833
0.86645
0.82381
0.92967
0.969
0.92126
0.97499
0.98149
0.96845
0.93743
0.9682
0.97383
0.98067
0.99513
0.9972
0.99228
0.99617
0.9905
0.99192
0.99159
0.98299
0.99307
0.99172
0.98416
0.9568
0.93046
0.89529
0.89654
0.92997
0.93126
0.94973
0.89467
0.87459
0.8734
0.89746
0.9382
0.86136
0.80094
0.75328
0.71714
0.75141
0.71744
0.74387
0.72811
0.7316
0.72402
0.80766
0.87182
0.8766
0.88138
0.88019
0.84003
0.84317
0.83242
0.79025
0.77522
0.76749
0.80245
0.76762
0.7783
0.75172
0.67656
0.66652
0.7301
0.69596
0.83723
0.87651
0.83477
0.88196
0.86197
0.78743
0.79783
0.75762
0.68593
0.64205
0.75741
0.69106
0.67796
0.64685
0.63155
0.589
0.6309
0.72834
0.71641
0.67699
0.77834
0.74625
0.76406
0.66436
0.62921
0.54965
0.70257
0.65983
0.67167
0.64037
0.63834
0.53841
0.52308
0.63575
0.62691
0.61334
0.65722
0.67795
0.746
0.75194
0.76748
0.78074
0.81004
0.85189
0.89838
0.90303
0.91351
0.86372
0.85163
0.86056
0.84817
0.74739
0.72183
0.67449
0.67641
0.71634
0.75395
0.75974
0.7537
0.79037
0.76914
0.75452
0.74574
0.73718
0.77894
0.75835
0.80097
0.74843
0.74465
0.78325
0.78086
0.71642
0.72489
0.73557
0.78257
0.83207
0.88497
0.95519
0.86037
0.81477
0.81662
0.83345
0.89102
0.94111
0.95473
0.95928
0.87587
0.80958
0.81681
0.8244
0.87974
0.94275
0.97124
0.93298
0.8755
0.78048
0.7555
0.7554
0.7753
0.78186
0.75005
0.76884
0.72841
0.62904
0.6316
0.64122
0.64467
0.72126
0.60508
0.7994
0.85752
0.90002
0.91133
0.95985
0.95185
0.96948
0.96646
0.98222
0.99834
0.98548
0.84819
0.82872
0.89746
0.85894
0.83644
0.80158
0.75762
0.71498
0.70106
0.73162
0.74551
0.71596
0.71396
0.72586
0.72174
0.66364
0.62644
0.78326
0.81959
0.85059
0.91254
0.94389
0.83187
0.78613
0.73827
0.67101
0.59109
0.55317
0.57625
0.40702
0.41912
0.5718
0.53184
0.65543
0.59484
0.73037
0.82364
0.90813
0.9756
0.9565
0.91296
0.88073
0.90946
0.92865
0.96112
0.96251
0.98196
0.96677
0.92127
0.96903
0.98026
0.98597
0.97849
0.90412
0.86996
0.99308
0.98673
0.99406
0.99088
1.0001
0.99284
0.99275
0.98214
0.96353
0.97555
0.98078
0.91899
0.92382
0.90111
0.83793
0.83282
0.79097
0.78141
0.81611
0.89809
0.80244
0.7783
0.7236
0.66859
0.79198
0.75309
0.87815
0.85321
0.71854
0.71183
0.75304
0.78651
0.86419
0.92116
0.95265
0.99892
0.99947
0.99848
0.99733
0.99926
0.97443
0.9476
0.9484
0.98157
0.97308
0.83173
0.62084
0.76257
0.69761
0.77503
0.85099
0.8642
0.85089
0.81271
0.70766
0.60358
0.73031
0.77237
0.78471
0.79972
0.69031
0.53373
0.47076
0.5277
0.65452
0.68875
0.7863
0.8236
0.81789
0.7897
0.77312
0.80074
0.8553
0.9031
0.94531
0.99011
0.99722
0.99508
1.0009
0.99891
0.99855
0.9889
0.96086
0.9348
0.88367
0.85678
0.92216
0.85446
0.79363
0.83226
0.89572
0.93932
0.94044
0.97935
0.89172
0.96904
0.90744
0.88206
0.89959
0.95973
0.99429
0.97189
0.77532
0.74546
0.78999
0.76737
0.84699
0.76597
0.66024
0.63629
0.64695
0.66381
0.68329
0.80174
0.7943
0.66781
0.6351
0.61565
0.56217
0.54434
0.56867
0.63144
0.60812
0.5761
0.51207
0.48699
0.90474
0.97062
0.85344
0.80595
0.7743
0.66737
0.66016
0.63244
0.61097
0.59959
0.7265
0.74751
0.70703
0.67583
0.71251
0.73766
0.77693
0.90325
0.93293
0.91925
0.83112
0.76885
0.62969
0.46681
0.4213
0.37761
0.51588
0.55917
0.48812
0.7325
0.85651
0.94204
0.88698
0.97318
0.81719
0.79325
0.76563
0.95974
0.98203
0.95648
0.91363
0.82882
0.79163
0.89575
0.88098
0.92342
0.91717
0.9303
0.97291
1.0004
0.86194
0.81188
0.84601
0.89392
0.87805
0.90029
0.91904
0.90213
0.83024
0.79444
0.98654
0.9939
0.97837
0.99871
1.0003
0.99915
1.0003
0.97546
0.92702
0.9978
1
0.99115
0.94998
0.93198
0.89071
0.90643
0.98651
0.98131
0.9537
0.91705
0.90582
0.91996
0.86826
0.8224
0.83555
0.9001
0.86577
0.87088
0.84611
0.89139
0.95226
0.9627
0.96232
0.96097
0.95355
0.92043
0.92297
0.91625
0.87762
0.83978
0.8415
0.82015
0.81366
0.79666
0.69674
0.54893
0.4779
0.70683
0.62239
0.52303
0.54745
0.60373
0.59423
0.81991
0.95418
0.99918
0.99906
1
0.92296
0.99819
0.97601
0.7199
0.77618
0.80566
0.76153
0.73002
0.73445
0.91699
0.99373
0.99939
1.0003
0.99873
1.0008
0.99706
0.99954
0.99934
0.99712
0.99813
0.99946
0.99021
0.98854
0.9892
0.98563
0.9769
0.92964
0.8604
0.84697
0.7363
0.79292
0.75509
0.70992
0.70612
0.64319
0.64748
0.7094
0.66239
0.90666
0.95376
0.91175
0.99583
0.99865
0.99837
0.98854
0.98664
0.99135
0.99835
0.99709
0.99769
0.9927
0.9956
0.97709
0.81644
0.76446
0.77369
0.72907
0.96736
0.9676
0.94083
0.92298
0.93914
0.95432
0.95281
0.93722
0.90336
0.88562
0.88427
0.86952
0.7852
0.74877
0.78139
0.68462
0.74512
0.66788
0.5886
0.86722
0.73975
0.65878
0.65259
0.64327
0.67174
0.56505
0.57827
0.61352
0.65291
0.70866
0.7319
0.64347
0.48541
0.42178
0.44645
0.53388
0.60482
0.42846
0.21366
0.21873
0.19737
0.80872
0.71542
0.77229
0.91159
0.90025
0.88704
0.80015
0.79385
0.74349
0.76917
0.83417
0.83847
0.8465
0.88125
0.94844
0.97769
0.98992
0.99148
1.0006
0.99542
0.99234
0.99961
0.99919
0.99724
0.95843
0.96998
0.98013
0.98777
0.97667
0.97624
0.97008
0.96571
0.95764
0.95186
0.95983
0.96226
0.94923
0.91366
0.82104
0.54941
0.40044
0.44128
0.52759
0.61879
0.60907
0.58263
0.54709
0.58301
0.63394
0.58349
0.72223
0.85282
0.84402
0.85576
0.87266
0.86903
0.86914
0.89966
0.83115
0.70389
0.65632
0.60309
0.55578
0.67811
0.57875
0.59376
0.60326
0.6794
0.71038
0.72897
0.68649
0.70701
0.63007
0.63293
0.62722
0.70349
0.72658
0.68245
0.59363
0.47413
0.49844
0.48923
0.45223
0.45914
0.53146
0.53774
0.48889
0.41984
0.40716
0.41251
0.45051
0.46869
0.46604
0.39985
0.62861
0.57634
0.49639
0.48381
0.47309
0.4531
0.41413
0.40456
0.37837
0.32748
0.31257
0.3199
0.43589
0.68755
0.82929
0.91363
0.87734
0.96214
0.95957
0.95775
0.9018
0.81437
0.76869
0.94924
0.86134
0.97293
0.98141
0.982
0.9616
0.9631
0.97184
0.97071
0.96905
0.96957
0.96962
0.96786
0.96852
0.96802
0.96551
0.92803
0.90395
0.73713
0.60871
0.63702
0.54873
0.51793
0.51329
0.55346
0.54774
0.49747
0.51463
0.60589
0.67976
0.76732
0.72715
0.90987
0.9182
0.91012
0.92673
0.9608
0.97049
0.97579
0.97611
0.99512
1.0008
0.99229
0.99975
0.99702
0.99626
0.99389
0.95669
0.90987
0.90616
0.88643
0.94857
0.94286
0.9644
0.93827
0.92751
0.95778
0.95495
0.96866
0.95185
0.99762
0.99039
0.96256
0.9611
0.95139
0.9452
0.9095
0.84558
0.9188
0.83526
0.77295
0.72238
0.77062
0.82446
0.73298
0.71604
0.6845
0.68798
0.70617
0.72795
0.73095
0.67288
0.65079
0.87044
0.8958
0.89062
0.61681
0.90939
0.69647
0.88588
0.54637
0.70277
0.60602
0.45842
0.42293
0.39628
0.65646
0.76616
0.73474
0.71067
0.68066
0.71007
0.68604
0.61948
0.54092
0.48547
0.41113
0.37179
0.33415
0.33415
0.31173
0.28406
0.26777
0.23976
0.25182
0.26162
0.25495
0.32986
0.54587
0.7814
0.82375
0.62279
0.74646
0.6651
0.57922
0.43453
0.92354
0.89479
0.91722
0.76127
0.72042
0.68794
0.59868
0.50119
0.46738
0.38461
0.34882
0.31532
0.48964
0.63785
0.48157
0.70645
0.80125
0.82689
0.79958
0.79884
0.62115
0.56644
0.8216
0.75303
0.73555
0.70562
0.69823
0.53723
0.62024
0.86657
0.91234
0.91133
0.90795
0.90517
0.9206
0.91535
0.92186
0.92007
0.90808
0.73977
0.79427
0.64873
0.57597
0.44751
0.37823
0.45098
0.55742
0.71202
0.61673
0.54287
0.57645
0.72811
0.8461
0.84874
0.81108
0.82042
0.7827
0.81792
0.88223
0.90878
0.89179
0.89748
0.89608
0.90005
0.81689
0.56236
0.53063
0.56178
0.74937
0.66326
0.65591
0.62472
0.52851
0.46962
0.45022
0.49737
0.45183
0.423
0.48152
0.56388
0.59496
0.39378
0.82977
0.85361
0.51293
0.48067
0.73663
0.88545
0.88144
0.97321
0.98097
0.95409
0.94457
0.9389
0.94302
0.9454
0.90116
0.83648
0.94103
0.93101
0.92347
0.73216
0.65805
0.56672
0.57551
0.65441
0.55713
0.56987
0.52661
0.80954
0.88187
0.96019
0.96819
0.96923
0.96985
0.96923
0.91109
0.84373
0.92709
0.93669
0.93826
0.9417
0.96124
1.001
0.99638
0.97426
0.9796
0.98201
0.95756
0.95486
0.95257
0.95207
0.95609
0.95131
0.94396
0.93495
0.9479
0.94128
0.93692
0.93498
0.91799
0.90872
0.84401
0.78914
0.79473
0.89937
0.91274
0.89726
0.77038
0.69427
0.91307
0.93632
0.90389
0.93198
0.92358
0.89876
0.89283
0.88107
0.90698
0.90148
0.90087
0.87792
0.69349
0.53063
0.52463
0.77165
0.87646
0.8551
0.85118
0.74089
0.77935
0.6376
0.70603
0.89649
0.88998
0.85931
0.82706
0.75702
0.69651
0.66643
0.56764
0.50316
0.45036
0.47972
0.54864
0.54279
0.67159
0.84258
0.87663
0.91428
0.89882
0.9017
0.90685
0.90515
0.88623
0.71822
0.69442
0.73624
0.66346
0.52517
0.4495
0.42
0.41419
0.68361
0.75421
0.84817
0.88583
0.87887
0.89767
0.90917
0.93436
0.92297
0.93173
0.94892
0.91912
0.82199
0.65992
0.63805
0.66613
0.63588
0.5011
0.37446
0.40874
0.49782
0.71291
0.92489
0.95117
0.95295
0.95173
0.91062
0.91687
0.9388
0.93438
0.92999
0.9239
0.90936
0.87141
0.69734
0.57355
0.61046
0.5763
0.35032
0.54468
0.61297
0.53434
0.56063
0.57806
0.62614
0.68801
0.66954
0.60691
0.65587
0.82088
0.90456
0.92638
0.93253
0.93681
0.93712
0.93556
0.93121
0.93192
0.9297
0.9276
0.92609
0.86751
0.80916
0.87413
0.73604
0.71067
0.84802
0.74424
0.68502
0.47206
0.39074
0.49704
0.46334
0.301
0.24665
0.25584
0.46388
0.85526
0.89468
0.87967
0.90773
0.88194
0.68399
0.58239
0.5313
0.57142
0.79067
0.83103
0.86387
0.91066
0.91555
0.86707
0.87162
0.69577
0.69543
0.69662
0.69128
0.73222
0.74304
0.7546
0.73242
0.68791
0.74858
0.75917
0.71273
0.70733
0.71682
0.70775
0.69689
0.68828
0.6815
0.64498
0.6065
0.63903
0.66914
0.67258
0.6969
0.74324
0.75886
0.76346
0.68649
0.73173
0.8202
0.88474
0.89334
0.87113
0.73958
0.68976
0.72759
0.7333
0.73588
0.7665
0.77612
0.75532
0.7403
0.74196
0.66952
0.69326
0.73724
0.676
0.70558
0.76531
0.75985
0.75793
0.75851
0.70632
0.60695
0.49782
0.62
0.70028
0.76249
0.59533
0.77972
0.7758
0.66476
0.6183
0.57487
0.48696
0.44653
0.2987
0.24487
0.2419
0.23825
0.22265
0.21876
0.246
0.31589
0.31825
0.34501
0.62347
0.81898
0.7875
0.75527
0.82096
0.77833
0.79255
0.71517
0.67062
0.83011
0.87137
0.88621
0.89784
0.90646
0.90778
0.9067
0.90735
0.9087
0.90505
0.90528
0.90517
0.84016
0.72537
0.77774
0.76591
0.67507
0.60184
0.62305
0.58317
0.56783
0.57402
0.56122
0.30041
0.23839
0.22616
0.44825
0.29379
0.27006
0.30995
0.26578
0.30018
0.33069
0.39574
0.55111
0.50688
0.38043
0.33934
0.34297
0.34792
0.34415
0.41051
0.46831
0.55643
0.70232
0.71143
