0.93008
0.92596
0.92449
0.88946
0.89523
0.85251
0.66324
0.55655
0.47575
0.46888
0.48389
0.43081
0.3085
0.49845
0.7791
0.75902
0.77624
0.84886
0.92079
0.94476
0.94812
0.94312
0.93224
0.94592
0.94796
0.94804
0.94855
0.94607
0.92043
0.90464
0.87714
0.81855
0.83071
0.82165
0.74515
0.76665
0.76202
0.83045
0.90042
0.90612
0.73335
0.75917
0.6681
0.67107
0.75652
0.76459
0.73278
0.72812
0.64591
0.64234
0.60722
0.57111
0.59295
0.61192
0.56752
0.52127
0.50077
0.47398
0.45038
0.42637
0.38812
0.37877
0.37022
0.29755
0.42506
0.76063
0.82684
0.81392
0.79659
0.776
0.74987
0.76836
0.6244
0.7925
0.77478
0.70271
0.70873
0.70132
0.68311
0.67458
0.56097
0.5548
0.55776
0.61835
0.66178
0.77994
0.80005
0.79679
0.78831
0.69828
0.67779
0.64549
0.63321
0.60029
0.57962
0.57422
0.68611
0.74702
0.6937
0.70513
0.62548
0.58965
0.5346
0.50547
0.50782
0.46337
0.36346
0.41214
0.36214
0.72777
0.72946
0.51451
0.46694
0.3853
0.31063
0.55966
0.62051
0.30345
0.22368
0.73642
0.75024
0.74766
0.6422
0.44986
0.52012
0.51752
0.60667
0.6539
0.53755
0.70469
0.78361
0.8023
0.78339
0.81441
0.78527
0.7618
0.68745
0.72151
0.57452
0.71893
0.71683
0.59514
0.61889
0.85133
0.82986
0.83897
0.84771
0.85045
0.84542
0.83473
0.80703
0.79514
0.74483
0.76687
0.64581
0.5053
0.502
0.44132
0.30006
0.31822
0.48278
0.60767
0.46478
0.57934
0.60533
0.62902
0.61413
0.66092
0.52355
0.57883
0.75536
0.77384
0.71133
0.62862
0.56567
0.59483
0.6258
0.64112
0.62348
0.76315
0.91839
0.97703
0.96615
0.93656
0.89948
0.9565
0.94085
0.92265
0.93266
0.87285
0.91133
0.93416
0.91934
0.82765
0.88315
0.66767
0.33053
0.76856
0.85499
0.85964
0.83341
0.75628
0.84616
0.96967
0.99731
0.99534
0.98658
0.96829
0.94944
0.94318
0.9273
0.94091
0.94164
0.85857
0.81381
0.55391
0.25152
0.52361
0.82206
0.93277
0.94077
0.97876
0.86547
0.67745
0.915
0.90468
0.87482
0.93925
0.94661
0.96142
0.95461
0.94998
0.94186
0.93846
0.93239
0.92632
0.92369
0.92387
0.91561
0.91195
0.9081
0.90704
0.91062
0.91441
0.9166
0.91791
0.91557
0.91609
0.90795
0.91091
0.90741
0.90558
0.90445
0.89183
0.88311
0.87243
0.84404
0.88001
0.82745
0.78149
0.63253
0.83106
0.8637
0.86952
0.88121
0.88828
0.88335
0.86541
0.75681
0.53689
0.47436
0.35597
0.24882
0.14425
0.34732
0.3283
0.35303
0.36663
0.32118
0.31449
0.3374
0.29515
0.34462
0.41839
0.55041
0.88522
0.93641
0.91747
0.88326
0.72729
0.74013
0.71189
0.50632
0.27535
0.36468
0.4833
0.54812
0.35407
0.29908
0.30184
0.33616
0.35335
0.34583
0.32093
0.3206
0.24793
0.29757
0.28489
0.27719
0.50577
0.5762
0.3023
0.29672
0.22578
0.20222
0.25715
0.26596
0.30107
0.33795
0.32448
0.34225
0.31956
0.32294
0.28753
0.24095
0.20676
0.19651
0.21668
0.21442
0.22611
0.1873
0.25292
0.25336
0.2357
0.22316
0.22869
0.25172
0.22405
0.22289
0.22445
0.21226
0.21304
0.21412
0.20971
0.21892
0.22996
0.29738
0.40144
0.60564
0.59745
0.62728
0.97079
0.92349
0.92459
0.92452
0.91712
0.89299
0.8861
0.89607
0.8948
0.89234
0.8845
0.88498
0.88492
0.8824
0.87749
0.86841
0.81696
0.86944
0.82339
0.80931
0.75475
0.66492
0.67985
0.68207
0.70386
0.68444
0.56284
0.36475
0.39964
0.2744
0.35687
0.29258
0.2727
0.23192
0.38476
0.24993
0.28881
0.67493
0.64188
0.33906
0.2426
0.20886
0.17317
0.19229
0.28135
0.32358
0.34807
0.34205
0.34951
0.31041
0.31917
0.39057
0.30327
0.35445
0.35193
0.30501
0.32159
0.25648
0.26919
0.20702
0.20211
0.22583
0.20538
0.23925
0.1995
0.21978
0.20333
0.1972
0.20601
0.21845
0.1895
0.24778
0.26115
0.20295
0.25908
0.29627
0.27554
0.37343
0.43034
0.33293
0.24664
0.31855
0.29871
0.25755
0.2657
0.33265
0.45326
0.65676
0.60295
0.5325
0.31732
0.39036
0.50514
0.57574
0.50571
0.38393
0.34712
0.4068
0.29004
0.2989
0.42885
0.4791
0.46383
0.46964
0.56045
0.8061
0.89933
0.91182
0.91868
0.85935
0.87409
0.83575
0.8366
0.8362
0.78393
0.74259
0.80908
0.52422
0.54487
0.58295
0.59212
0.6051
0.52224
0.49279
0.52831
0.61109
0.62218
0.60212
0.62308
0.6521
0.61729
0.63897
0.66243
0.62172
0.57215
0.63867
0.63704
0.6397
0.6842
0.68223
0.68617
0.58295
0.42318
0.54773
0.69018
0.71404
0.67651
0.7034
0.6836
0.56362
0.51775
0.4562
0.47317
0.44399
0.48989
0.45039
0.38873
0.42454
0.48591
0.55495
0.46829
0.43041
0.38207
0.34034
0.31126
0.29768
0.27928
0.31952
0.45247
0.26112
0.23614
0.24099
0.26027
0.30227
0.31047
0.34885
0.24202
0.17652
0.22352
0.26726
0.2556
0.20521
0.24064
0.23651
0.20055
0.19606
0.18481
0.17405
0.18279
0.1829
0.26298
0.27182
0.31065
0.22099
0.23431
0.23397
0.3829
0.82472
0.87087
0.88675
0.88614
0.88331
0.87627
0.8685
0.8595
0.84678
0.82131
0.86808
0.87474
0.87798
0.88678
0.8599
0.88631
0.89269
0.89303
0.88867
0.8844
0.87835
0.87089
0.86188
0.86844
0.7092
0.82344
0.82152
0.8099
0.83073
0.81317
0.75636
0.66095
0.5349
0.63537
0.61475
0.55082
0.28761
0.69754
0.81785
0.89254
0.89355
0.89088
0.8886
0.88704
0.89192
0.88966
0.8846
0.88495
0.89094
0.88504
0.88763
0.86845
0.86369
0.85704
0.85211
0.8487
0.84738
0.83604
0.84187
0.86594
0.87177
0.8804
0.88409
0.72748
0.4977
0.50012
0.74544
0.87578
0.87808
0.90978
0.90661
0.88635
0.86797
0.8168
0.94477
0.84537
0.94671
0.91875
0.90191
0.88671
0.8577
0.799
0.83015
0.84193
0.85261
0.86551
0.87003
0.87563
0.87429
0.88085
0.87632
0.89277
0.88807
0.88439
0.87429
0.85226
0.8011
0.60382
0.87835
0.86524
0.85043
0.84499
0.83447
0.69231
0.69561
0.60705
0.56078
0.6234
0.67084
0.69752
0.70849
0.65549
0.55382
0.53379
0.58625
0.69168
0.61628
0.6539
0.68217
0.72463
0.60725
0.59767
0.60014
0.60617
0.57953
0.55182
0.53587
0.46495
0.47048
0.53254
0.8045
0.84133
0.71328
0.5206
0.47721
0.52656
0.71934
0.81581
0.85551
0.87554
0.89759
0.91159
0.93841
0.93709
0.95572
0.96631
0.97742
0.96811
0.97007
0.96132
0.95127
0.92271
0.89426
0.82199
0.8192
0.76896
0.74894
0.55244
0.55033
0.42041
0.36471
0.48627
0.96421
0.95255
0.93941
0.66495
0.6225
0.79477
0.8558
0.95749
0.97016
0.96699
0.96846
0.95068
0.94484
0.939
0.9209
0.94655
0.95158
0.96439
0.95828
0.95115
0.9439
0.94089
0.93312
0.92188
0.92434
0.92066
0.9187
0.91721
0.90964
0.84103
0.7852
0.76626
0.8285
0.89345
0.88454
0.88697
0.88353
0.84812
0.79007
0.75521
0.8276
0.93921
0.90389
0.95117
0.97405
0.92289
0.85091
0.8571
0.8582
0.89517
0.89851
0.89645
0.8896
0.84951
0.7577
0.75154
0.7724
0.8096
0.79746
0.87265
0.87029
0.83098
0.73775
0.71743
0.71336
0.79239
0.8866
0.78797
0.66952
0.57093
0.57371
0.64987
0.71856
0.77841
0.60751
0.52856
0.40114
0.33384
0.3411
0.46973
0.87111
0.87911
0.84107
0.80261
0.80716
0.77593
0.76672
0.79763
0.86782
0.93125
0.82522
0.77945
0.85817
0.95646
0.96792
0.93987
0.93659
0.9459
0.93529
0.91112
0.89937
0.91265
0.90228
0.85711
0.77716
0.94136
0.93989
0.91553
0.78593
0.60121
0.62162
0.67282
0.71907
0.91118
0.62548
0.54269
0.52733
0.51026
0.56963
0.65988
0.78766
0.92745
0.97528
0.97176
0.9285
0.92854
0.90685
0.80207
0.76932
0.78616
0.76036
0.71999
0.77397
0.78719
0.75922
0.71173
0.75769
0.81742
0.85997
0.9243
0.89986
0.89098
0.8033
0.71083
0.60645
0.65515
0.43751
0.23565
0.17494
0.26391
0.6222
0.74928
0.7539
0.72017
0.74928
0.92526
0.96068
0.93804
0.90827
0.86133
0.91777
0.93403
0.94567
0.94489
0.94263
0.94402
0.89598
0.79942
0.96126
0.95762
0.954
0.95045
0.94811
0.95265
0.95599
0.88268
0.95785
0.90856
0.93712
0.95866
0.95355
0.94684
0.93598
0.93089
0.82297
0.86758
0.91605
0.92125
0.91153
0.91472
0.92328
0.78216
0.77592
0.86304
0.92203
0.91816
0.8768
0.81888
0.75819
0.63694
0.70884
0.50627
0.59233
0.51097
0.43993
0.58792
0.56514
0.48808
0.43452
0.43172
0.4228
0.38841
0.30436
0.32644
0.3455
0.38797
0.7256
0.77946
0.75419
0.83538
0.95762
0.88367
0.77107
0.85775
0.77799
0.8394
0.94215
0.97985
0.99866
0.98029
0.78302
0.77757
0.75011
0.81752
0.89836
0.87106
0.84671
0.75712
0.70304
0.69691
0.73512
0.86627
0.95752
0.96107
0.94772
0.95657
0.8449
0.81219
0.89347
0.92992
0.90603
0.91445
0.9117
0.9294
0.83665
0.70379
0.72579
0.72917
0.72103
0.72503
0.72071
0.71797
0.59719
0.52661
0.59541
0.62427
0.45123
0.37239
0.28221
0.4173
0.39337
0.48221
0.5289
0.53625
0.49324
0.43633
0.41743
0.44002
0.39367
0.4364
0.55205
0.57496
0.61029
0.75227
0.84488
0.79984
0.74204
0.75164
0.78377
0.8535
0.92663
0.90357
0.8802
0.78186
0.65282
0.7248
0.68738
0.71149
0.77513
0.82083
0.88214
0.85574
0.68673
0.71496
0.87069
0.95771
0.94031
0.83046
0.86125
0.82846
0.94982
0.8936
0.94396
0.97228
0.98411
0.97594
0.97021
0.85741
0.59842
0.65674
0.49026
0.57079
0.76176
0.83925
0.79632
0.65128
0.5878
0.68195
0.70668
0.78381
0.79792
0.77441
0.80105
0.79744
0.71295
0.58782
0.65583
0.76477
0.71063
0.694
0.46378
0.45504
0.39173
0.55107
0.64517
0.62052
0.53271
0.43557
0.39684
0.38437
0.43496
0.4745
0.67006
0.93294
0.89619
0.92961
0.89161
0.71313
0.62344
0.62253
0.55475
0.68149
0.9044
0.97224
0.95479
0.95652
0.93439
0.77172
0.74493
0.75971
0.76434
0.72144
0.65953
0.6012
0.51257
0.52732
0.51488
0.54883
0.57758
0.65913
0.71384
0.73018
0.64325
0.69423
0.64451
0.67296
0.93877
0.94794
0.94754
0.94645
0.71024
0.88077
0.85098
0.91765
0.94102
0.95845
0.9764
0.95514
0.90762
0.82226
0.91021
0.91586
0.91821
0.92626
0.94027
0.95345
0.9554
0.79072
0.91061
0.94555
0.94965
0.94423
0.94435
0.9361
0.85822
0.68179
0.73187
0.76082
0.82577
0.92338
0.92941
0.75465
0.53431
0.55441
0.65026
0.81783
0.946
0.9754
0.97576
0.81717
0.7204
0.72644
0.73886
0.82769
0.87881
0.9161
0.89073
0.77244
0.78383
0.75034
0.74651
0.75195
0.94223
0.95101
0.9486
0.94841
0.95412
0.94318
0.8325
0.9241
0.88467
0.83261
0.71569
0.61504
0.56206
0.55684
0.53344
0.58835
0.58995
0.60893
0.9418
0.95565
0.94119
0.91597
0.95051
0.96057
0.93165
0.94136
0.96148
0.95722
0.77876
0.72519
0.59562
0.64596
0.6754
0.61334
0.57182
0.57921
0.64603
0.66508
0.68201
0.72565
0.70469
0.71232
0.66358
0.67735
0.82212
0.93926
0.998
0.99734
0.99089
0.97437
0.97132
0.89708
0.7503
0.67859
0.63237
0.7425
0.89023
0.96798
0.93248
0.78557
0.64729
0.58054
0.55021
0.58746
0.52156
0.66715
0.61776
0.51493
0.59487
0.65148
0.64166
0.69553
0.79369
0.77054
0.74064
0.65196
0.60539
0.65003
0.69925
0.80187
0.90626
0.92746
0.88644
0.76009
0.73051
0.72368
0.73239
0.77673
0.867
0.87697
0.79822
0.74194
0.68766
0.67106
0.67752
0.68989
0.68165
0.6217
0.66019
0.63684
0.57306
0.59288
0.5894
0.59981
0.59665
0.6177
0.60149
0.56101
0.56039
0.55925
0.62748
0.66357
0.65812
0.6142
0.53818
0.57875
0.68285
0.78017
0.87793
0.83301
0.78458
0.82213
0.81363
0.76572
0.69348
0.68242
0.69468
0.67927
0.72103
0.75391
0.83072
0.87482
0.80206
0.73616
0.72941
0.72271
0.66688
0.7416
0.7676
0.71207
0.77453
0.8398
0.86792
0.87121
0.8932
0.91809
0.89692
0.8368
0.80513
0.79987
0.79405
0.74753
0.86243
0.8558
0.82191
0.80641
0.80117
0.78597
0.79164
0.83725
0.8466
0.85541
0.73808
0.67142
0.71902
0.70871
0.68212
0.67048
0.72232
0.69215
0.66225
0.93165
0.94364
0.96997
0.97887
0.99839
0.9983
0.99994
1.0027
0.99979
0.99173
0.8664
0.84033
0.84738
0.90391
0.7996
0.73018
0.90662
0.95916
0.93195
0.93688
0.95902
0.97562
0.98607
0.99704
0.99163
0.9882
0.98592
0.98972
0.99004
0.98986
0.99871
0.99829
0.97161
0.90723
0.88416
0.86772
0.92103
0.86177
0.8392
0.74469
0.74538
0.83614
0.73189
0.88442
0.73954
0.80805
0.90608
0.95147
0.90179
0.84671
0.91954
0.88194
0.87075
0.8281
0.68196
0.63812
0.74389
0.82118
0.78605
0.8628
0.69147
0.65844
0.63589
0.60647
0.7228
0.72588
0.73139
0.74213
0.77516
0.78185
0.83059
0.87248
0.8757
0.8836
0.90957
0.8874
0.92131
0.88561
0.91014
0.95979
0.9688
0.86612
0.86241
0.87305
0.9285
0.92707
0.88456
0.90925
0.91759
0.87654
0.89657
0.8968
0.94865
0.93507
0.90137
0.84111
0.80451
0.81542
0.88098
0.86394
0.82617
0.76054
0.72408
0.74396
0.81687
0.88554
0.89957
0.8688
0.85921
0.84225
0.85148
0.83657
0.83249
0.86079
0.84852
0.83678
0.82972
0.79722
0.78441
0.76148
0.7764
0.80232
0.75235
0.70629
0.72489
0.77161
0.79886
0.78889
0.77387
0.80155
0.81041
0.76466
0.75651
0.74266
0.73132
0.84234
0.83806
0.84599
0.79434
0.73657
0.75255
0.82342
0.83904
0.83076
0.75929
0.72761
0.73511
0.75996
0.75103
0.77155
0.7873
0.83063
0.7835
0.80104
0.80261
0.79243
0.76915
0.81608
0.81918
0.79402
0.72618
0.72813
0.73896
0.7303
0.74714
0.75912
0.78498
0.77299
0.68094
0.63726
0.63953
0.66043
0.65604
0.64876
0.6939
0.68309
0.68846
0.66296
0.62524
0.63715
0.64724
0.58385
0.58794
0.70023
0.63475
0.61903
0.62199
0.57888
0.66424
0.74696
0.88796
0.87018
0.82822
0.69186
0.68179
0.68376
0.67139
0.60886
0.59488
0.59013
0.55494
0.55485
0.54011
0.5404
0.50603
0.4872
0.50543
0.61468
0.53986
0.58585
0.62353
0.60566
0.62923
0.70372
0.72766
0.75724
0.6145
0.61594
0.59995
0.55568
0.56504
0.59736
0.61248
0.61206
0.51479
0.51419
0.47044
0.48985
0.46158
0.50246
0.49651
0.7222
0.6846
0.59034
0.6467
0.65453
0.79666
0.80908
0.94161
0.88159
0.86455
0.79341
0.83434
0.88715
0.88953
0.9036
0.89601
0.8876
0.86516
0.83711
0.79911
0.80622
0.82201
0.89328
0.78686
0.54867
0.677
0.97861
0.98642
0.94729
0.9461
0.91089
0.92073
0.9307
0.9212
0.92285
0.94431
0.95646
0.94959
0.95812
0.95317
0.96376
0.90275
0.89398
0.86873
0.90229
0.93534
0.94487
0.96958
0.98461
0.99034
0.98843
0.90427
0.90363
0.90935
0.94619
0.94633
0.94564
0.90621
0.88589
0.88923
0.90561
0.88977
0.81821
0.80638
0.79869
0.79635
0.80292
0.83768
0.84391
0.89011
0.84554
0.7709
0.71567
0.65096
0.63097
0.62331
0.75359
0.81845
0.75819
0.66474
0.70054
0.64365
0.67807
0.68885
0.79644
0.7825
0.73255
0.75619
0.79732
0.83459
0.87389
0.90302
0.84996
0.87738
0.80616
0.83371
0.89379
0.85904
0.83907
0.85818
0.87152
0.94984
0.98791
0.98888
0.96391
0.84585
0.81896
0.85547
0.86179
0.91717
0.9231
0.91058
0.88001
0.85489
0.88142
0.91803
0.94235
0.96106
0.97961
0.98454
0.99105
0.98359
0.97751
0.98242
0.98713
0.98428
0.96972
0.97583
0.98372
0.98488
0.99282
0.99775
0.99324
0.98624
0.9563
0.95451
0.94742
0.95738
0.95467
0.96542
0.9692
0.99868
0.99197
0.97212
0.94572
0.95626
0.89581
0.90703
0.93212
0.98643
0.98424
0.98458
0.96502
0.97053
0.86034
0.95302
0.84923
0.80843
0.74011
0.73811
0.63986
0.72646
0.74354
0.80335
0.8146
0.70967
0.61298
0.56982
0.56106
0.58094
0.66453
0.67755
0.73798
0.78766
0.77106
0.75277
0.64223
0.60908
0.7255
0.85343
0.97473
0.88984
0.92751
0.93298
0.95676
0.96387
0.96056
0.96866
0.97279
0.98179
0.98785
0.98926
0.98703
0.9858
0.97651
0.96514
0.90851
0.94871
0.98804
0.98799
0.97798
0.98404
0.98708
0.95591
0.95656
0.98103
0.96128
0.9466
0.85283
0.78985
0.76696
0.85541
0.90609
0.8457
0.8008
0.7742
0.71176
0.56257
0.55792
0.58116
0.60926
0.58189
0.40972
0.67639
0.68734
0.74105
0.70273
0.75559
0.78487
0.81733
0.7058
0.65874
0.61425
0.65162
0.75471
0.70829
0.71639
0.87485
0.81574
0.85858
0.87836
0.87183
0.87995
0.82101
0.83559
0.88097
0.88849
0.80742
0.84311
0.91708
0.92508
0.91719
0.91029
0.9215
0.96441
0.96929
0.92357
0.93851
0.96504
0.97235
0.98816
0.99532
0.99634
0.99886
0.9863
0.97804
0.91412
0.87265
0.90812
0.87856
0.79503
0.9003
0.9081
0.85455
0.92759
0.94447
0.94409
0.97042
0.97013
0.95232
0.85874
0.83516
0.91318
0.89311
0.95681
0.88513
0.87882
0.8985
0.87331
0.93166
0.95644
0.87537
0.83867
0.83004
0.78446
0.87693
0.81321
0.86808
0.76703
0.86375
0.92918
0.9151
0.84977
0.81742
0.97381
0.99462
0.98464
0.9871
0.99418
0.99599
0.99256
1.0003
1.0002
0.99748
0.98551
0.95992
0.92545
0.9646
0.93559
0.92099
0.95776
0.94975
0.95352
0.9727
0.98677
0.9902
0.99757
1
1.0004
0.98991
0.94803
0.86294
0.86334
0.95439
0.88676
0.93575
0.88351
0.79488
0.8213
0.85914
0.95222
0.87985
0.85141
0.85865
0.80677
0.9155
0.95531
0.89971
0.91217
0.98741
0.95103
0.91124
0.91175
0.90289
0.95378
0.96656
0.97152
0.97435
0.97868
0.97109
0.99494
0.93188
0.95575
0.93725
0.90815
0.93273
0.94166
0.97157
0.98737
0.99684
0.99984
0.99559
0.99942
1.0003
1.0009
0.99549
0.99489
0.99178
0.96885
0.99473
0.99825
0.99486
0.99112
0.99195
0.98945
0.9773
0.96212
0.94025
0.90988
0.89311
0.90257
0.87095
0.85153
0.79096
0.77437
0.81063
0.93299
0.97524
0.99028
0.90558
0.83406
0.71295
0.74109
0.73046
0.70397
0.73407
0.63642
0.79337
0.81203
0.93363
0.98055
0.99466
1.0004
1.0003
0.99782
0.999
0.99885
0.99658
0.98572
0.96526
0.96212
0.97005
0.99265
0.97839
0.91707
0.94942
0.88518
0.919
0.94651
0.88046
0.825
0.82572
0.92228
0.99834
0.98234
0.90327
0.91057
0.87246
0.81496
0.83017
0.74965
0.84023
0.89174
0.90786
0.90532
0.97065
0.98245
0.92316
0.93843
0.9244
0.88488
0.87429
0.89787
0.88807
0.8983
0.71015
0.57202
0.58398
0.82921
0.96518
0.95204
0.99269
1.0001
0.99809
0.99803
0.97125
0.9264
0.88508
0.96974
0.98131
0.96224
0.91324
0.91629
0.90878
0.77532
0.80105
0.94087
0.95113
0.8194
0.72238
0.57675
0.49407
0.58734
0.71654
0.83836
0.72097
0.6761
0.46194
0.58874
0.66651
0.65954
0.75034
0.54512
0.40893
0.42602
0.38639
0.3337
0.35663
0.69232
0.68991
0.7759
0.68263
0.72792
0.686
0.68968
0.77899
0.82939
0.81817
0.79296
0.79364
0.86598
0.93631
0.91953
0.92863
0.90544
0.86981
0.89127
0.87413
0.96842
1.0004
0.99931
0.98416
0.98197
0.97663
0.98689
0.99017
0.98133
0.99654
0.99931
0.9989
0.9863
0.99849
0.99821
1.0007
0.99925
1.0005
0.99935
1.0008
0.96165
0.9467
0.99007
0.98366
0.97378
0.89668
0.93843
0.95002
0.8326
0.94017
0.93237
0.91083
0.84416
0.83008
0.83676
0.73136
0.73476
0.76136
0.78762
0.87616
0.73274
0.673
0.67312
0.64844
0.76327
0.83719
0.90491
0.9377
0.89077
0.81525
0.5702
0.36221
0.52898
0.614
0.76724
0.66679
0.64039
0.40789
0.34315
0.35278
0.40816
0.60536
0.73992
0.68082
0.61331
0.56821
0.60746
0.6176
0.67959
0.68212
0.79872
0.78359
0.84204
0.82058
0.97767
0.99203
0.99294
0.99801
0.99706
1.0009
1
0.99813
0.97231
0.98349
0.94219
0.95539
0.95279
0.9592
0.96175
0.94284
0.93545
0.95614
0.9567
0.87254
0.85409
0.917
0.78651
0.48748
0.40203
0.36119
0.46362
0.69242
0.67847
0.59505
0.50238
0.46031
0.46574
0.51766
0.66275
0.75983
0.80692
0.75972
0.70027
0.57464
0.48815
0.83274
0.92138
0.8792
0.90435
0.8688
0.88868
0.95635
1.0002
0.99971
0.98792
0.9769
0.98694
1.001
0.99803
0.97713
0.9812
0.99754
0.96834
1.0004
0.97384
0.9494
0.85941
0.6774
0.49232
0.32282
0.37842
0.51678
0.61176
0.61185
0.52977
0.61883
0.41893
0.39353
0.35311
0.46891
0.45342
0.43349
0.38508
0.30011
0.26861
0.23409
0.29038
0.31783
0.34692
0.33047
0.35787
0.56525
0.63332
0.75286
0.59425
0.56318
0.68691
0.68918
0.64094
0.57191
0.50209
0.49789
0.49058
0.59966
0.63361
0.55873
0.48873
0.47701
0.5065
0.47103
0.44348
0.45624
0.47377
0.3969
0.38395
0.30345
0.35454
0.40786
0.33336
0.4862
0.48146
0.45017
0.41516
0.3619
0.33653
0.40033
0.4289
0.49722
0.5727
0.75516
0.97823
0.99591
0.87007
0.8169
0.80119
0.82123
0.86664
0.78877
0.7347
0.70324
0.69477
0.68141
0.69242
0.69347
0.6303
0.57892
0.57121
0.52353
0.51886
0.49259
0.45688
0.44722
0.49809
0.72722
0.81973
0.9136
0.91532
0.86653
0.72006
0.69926
0.7034
0.67069
0.59587
0.51441
0.44639
0.44197
0.48382
0.52365
0.52066
0.69213
0.77821
0.77342
0.7331
0.77481
0.7216
0.7258
0.66352
0.48883
0.43148
0.38813
0.51018
0.53644
0.46224
0.73898
0.77734
0.9631
0.9771
1.0005
0.99699
0.99214
0.9966
0.99733
0.99415
0.99123
0.9852
0.92904
0.94561
0.83599
0.75955
0.73024
0.75485
0.69277
0.73942
0.68314
0.53339
0.55918
0.61461
0.62383
0.6111
0.50774
0.42505
0.45868
0.67622
0.60913
0.56051
0.49632
0.55877
0.8926
0.91476
0.76316
0.77064
0.46515
0.50343
0.77419
0.77616
0.73076
0.7646
0.66035
0.54771
0.53619
0.73102
0.64259
0.71043
0.77594
0.67649
0.65893
0.59738
0.662
0.61125
0.62034
0.60944
0.57288
0.61132
0.49614
0.45903
0.44157
0.47986
0.76403
0.84592
0.86799
0.8675
0.83525
0.84062
0.84082
0.73543
0.6574
0.49065
0.84645
0.89459
0.90592
0.91091
0.87136
0.82398
0.74416
0.76978
0.84595
0.85294
0.80781
0.62849
0.71242
0.68634
0.5759
0.52073
0.49869
0.52085
0.50225
0.48082
0.4456
0.49861
0.44666
0.33882
0.39889
0.3899
0.39187
0.42146
0.41656
0.51844
0.589
0.43378
0.417
0.38887
0.84259
0.76482
0.84725
0.85471
0.91616
0.86773
0.70405
0.7269
0.8578
0.89665
0.85081
0.9213
0.96285
0.97806
0.97117
0.96867
0.98769
0.96468
0.93979
0.9241
0.88913
0.92681
0.9161
0.78394
0.75194
0.89059
0.9124
0.96378
0.97664
0.97675
0.96822
0.88727
0.86076
0.79725
0.94775
0.96568
0.90784
0.95884
0.9836
0.99266
0.83411
0.96178
0.88457
0.73227
0.9157
0.92308
0.93307
0.93027
0.91709
0.93495
0.93278
0.88917
0.85694
0.58825
0.63618
0.4544
0.70498
0.78325
0.9223
0.97716
0.97851
0.97036
0.95767
0.9726
0.97181
0.97439
0.98171
0.97487
0.93506
0.9564
0.95424
0.92372
0.91127
0.88565
0.84929
0.79038
0.77957
0.87822
0.93007
0.90739
0.80592
0.77303
0.7374
0.70928
0.67698
0.60041
0.72016
0.71403
0.76416
0.81549
0.66657
0.86125
0.79407
0.77056
0.68257
0.62792
0.56877
0.52548
0.43509
0.46989
0.43686
0.38284
0.33954
0.35864
0.37426
0.35707
0.8674
0.93845
0.87723
0.83034
0.90501
0.88884
0.92733
0.89426
0.85106
0.78508
0.94729
0.93437
0.83478
0.71759
0.76422
0.73313
0.75348
0.64524
0.48315
0.3135
0.26718
0.37862
0.33761
0.24363
0.27676
0.70828
0.78886
0.85165
0.89168
0.90182
0.93129
0.97303
0.99973
0.98223
0.98535
0.97729
0.97245
0.94258
0.92854
0.92529
0.77763
0.86492
0.92762
0.79572
0.82444
0.89976
0.92904
0.94862
0.94647
0.95114
0.96087
0.96382
0.94377
0.94795
0.94594
0.85433
0.86697
0.93648
0.94947
0.94949
0.95306
0.95501
0.95316
0.96077
0.95206
0.94404
0.94607
0.91229
0.77426
0.82675
0.9309
0.92593
0.92186
0.91719
0.91463
0.91683
0.91874
0.91592
0.91177
0.80523
0.8817
0.89831
0.70285
0.73608
0.64919
0.60346
0.59894
0.6483
0.67198
0.67549
0.90004
0.83373
0.89158
0.93317
0.94222
0.97221
0.95084
0.92813
0.91557
0.91583
0.9125
0.91832
0.92261
0.92058
0.93142
0.92966
0.91547
0.90766
0.76858
0.66693
0.55031
0.45902
0.36684
0.3857
0.39329
0.3849
0.55705
0.81373
0.6873
0.64452
0.58953
0.55361
0.45374
0.46493
0.4863
0.61389
0.55054
0.48971
0.4415
0.51089
0.45699
0.50078
0.50327
0.56202
0.49427
0.35293
0.29201
0.28696
0.29214
0.27579
0.37951
0.30767
0.47404
0.40788
0.81453
0.85341
0.86371
0.87741
0.87115
0.87846
0.88344
0.88832
0.88632
0.88682
0.8863
0.78173
0.72252
0.65757
0.62842
0.61287
0.56949
0.58846
0.47234
0.48514
0.51251
0.8247
0.83162
0.86823
0.58284
0.72924
0.84191
0.86852
0.87775
0.88365
0.85232
0.85406
0.85171
0.68104
0.80069
0.87718
0.89979
0.91485
0.90394
0.90914
0.90154
0.92235
0.92109
0.88711
0.822
0.89209
0.84968
0.88694
0.87536
0.84016
0.70358
0.61671
0.47644
0.38738
0.45797
0.56916
0.68771
0.77224
0.66332
0.60028
0.4419
0.37283
0.31495
0.22896
0.26836
0.31084
0.34323
0.27111
0.31175
0.35457
0.43984
0.66418
0.78013
0.90699
0.93463
0.92001
0.91965
0.93485
0.92395
0.92745
0.91264
0.91869
0.77542
0.56986
0.43785
0.49132
0.67741
0.61463
0.845
0.84792
0.71486
0.77607
0.91325
0.89545
0.89185
0.88118
0.87974
0.87771
0.834
0.75242
0.8953
0.91169
0.91849
0.91903
0.91422
0.89601
0.82101
0.83381
0.84149
0.79873
0.86311
0.88567
0.71948
0.69518
0.81229
0.75221
0.70027
0.76687
0.73782
0.8424
0.87448
0.88957
0.89007
0.85636
0.77073
0.77755
0.72629
0.82065
0.47318
0.41509
0.47458
0.47294
0.46296
0.51934
0.51871
0.27294
0.84664
0.90978
0.89502
0.91663
0.91735
0.92194
0.92594
0.9219
0.92078
0.9186
0.91924
0.91732
0.91917
0.89855
0.90175
0.69819
0.80218
0.75267
0.70724
0.61414
0.65942
0.62257
0.68751
0.79056
0.7903
0.82763
0.86498
0.88935
0.90695
0.90425
0.8998
0.89066
0.88718
0.88539
0.86723
0.88185
0.85045
0.85814
0.87196
0.7743
0.7746
0.85658
0.86119
0.85195
0.8244
0.77515
0.73036
0.72392
0.70199
0.69964
0.6303
0.59775
0.51031
0.53214
0.48526
0.47161
0.53606
0.48088
0.50362
0.4633
0.42729
0.48672
0.77811
0.83898
0.80354
0.49592
0.43274
0.86142
0.87725
0.88728
0.87634
0.85294
0.83956
0.82376
0.81316
0.80741
0.80004
0.779
0.79645
0.8191
0.80795
0.69724
0.6354
0.63909
0.58886
0.6367
0.75874
0.81511
0.79196
0.52777
0.69754
0.60289
0.62028
0.79022
0.81419
0.82554
0.82614
0.80068
0.79762
0.78846
0.7725
