0.87409
0.87892
0.87352
0.86052
0.85265
0.84836
0.84747
0.84393
0.8398
0.83936
0.83397
0.83906
0.83738
0.8224
0.81133
0.8141
0.81379
0.75538
0.67931
0.50371
0.49438
0.75232
0.56884
0.68284
0.50248
0.46207
0.44362
0.40652
0.43087
0.49182
0.8263
0.82313
0.81685
0.58684
0.51724
0.46039
0.36019
0.33998
0.3341
0.68486
0.42357
0.40515
0.40751
0.49454
0.83361
0.82966
0.82753
0.82197
0.8132
0.81086
0.8018
0.7946
0.78304
0.78307
0.78056
0.70321
0.76588
0.78102
0.74615
0.65447
0.59943
0.53004
0.45926
0.38959
0.33381
0.27982
0.23924
0.19841
0.12833
0.12324
0.14582
0.2963
0.27867
0.26228
0.28477
0.33479
0.31716
0.23614
0.15263
0.11315
0.10418
0.11973
0.17596
0.2211
0.24514
0.31124
0.4166
0.44586
0.36175
0.28774
0.27153
0.68881
0.53497
0.56903
0.78808
0.93846
0.95155
0.94937
0.95264
0.91971
0.95073
0.97928
0.71416
0.55886
0.48355
0.6368
0.63054
0.90972
0.90197
0.92771
0.93382
0.8649
0.82861
0.85235
0.81021
0.92757
0.90343
0.86747
0.91218
0.86084
0.88525
0.8924
0.88199
0.87692
0.82485
0.83476
0.84035
0.77432
0.65088
0.60729
0.52689
0.43996
0.45279
0.77286
0.85059
0.85971
0.87675
0.92807
0.82158
0.58433
0.62885
0.87457
0.76655
0.95045
0.97102
0.96713
0.87036
0.63262
0.60727
0.50103
0.50747
0.50968
0.53845
0.54165
0.49421
0.53863
0.66923
0.7117
0.74297
0.62437
0.40508
0.37291
0.30066
0.28351
0.43504
0.417
0.41499
0.43107
0.62887
0.78101
0.55793
0.33843
0.24394
0.69869
0.43139
0.53652
0.55726
0.53248
0.52628
0.64654
0.67076
0.92316
0.57515
0.54022
0.54026
0.62172
0.75816
0.94626
0.92898
0.91148
0.89699
0.8833
0.87555
0.86726
0.86487
0.68657
0.69283
0.83514
0.80486
0.7652
0.7436
0.88901
0.88593
0.88469
0.88794
0.89003
0.89812
0.90003
0.90392
0.90746
0.9058
0.89127
0.87266
0.85276
0.83454
0.82412
0.82104
0.62652
0.47908
0.36555
0.30541
0.2638
0.21764
0.26661
0.6551
0.84154
0.84727
0.85037
0.85548
0.85962
0.66097
0.65813
0.85448
0.80898
0.7427
0.76401
0.82607
0.86378
0.88512
0.90003
0.89627
0.88199
0.86044
0.84884
0.83335
0.82288
0.79888
0.75439
0.64856
0.57225
0.46929
0.42226
0.38526
0.38639
0.39355
0.36228
0.23866
0.19411
0.26278
0.4286
0.7174
0.85623
0.75375
0.51148
0.68232
0.80108
0.68368
0.52687
0.43527
0.39564
0.38705
0.3741
0.4164
0.43731
0.4318
0.41143
0.40939
0.50391
0.5092
0.50498
0.84641
0.86168
0.85418
0.84949
0.84755
0.83334
0.83603
0.71765
0.56136
0.54687
0.45704
0.46938
0.46807
0.42609
0.44473
0.51455
0.51505
0.54797
0.45742
0.42613
0.43746
0.50666
0.43913
0.74189
0.80418
0.82253
0.82806
0.51013
0.40781
0.37097
0.38801
0.48422
0.81213
0.82023
0.82775
0.82969
0.54839
0.44908
0.38632
0.39959
0.34486
0.30713
0.40753
0.41751
0.32587
0.33803
0.39376
0.55572
0.49408
0.74639
0.76519
0.76114
0.76993
0.73097
0.77948
0.70612
0.60119
0.77487
0.76125
0.5862
0.48334
0.46103
0.4158
0.36069
0.33974
0.64118
0.57152
0.45098
0.41691
0.4049
0.41637
0.45224
0.41959
0.79244
0.81098
0.81275
0.81074
0.80905
0.80163
0.79844
0.79789
0.79451
0.78979
0.56387
0.45965
0.73423
0.51468
0.45161
0.40749
0.40465
0.25421
0.17234
0.28272
0.3352
0.33836
0.34042
0.34475
0.36118
0.36029
0.33857
0.3226
0.43187
0.61571
0.42764
0.42435
0.41556
0.37631
0.36015
0.37268
0.34362
0.34114
0.32882
0.32492
0.31521
0.31235
0.31317
0.30627
0.33088
0.38755
0.31517
0.31877
0.34252
0.41452
0.44967
0.47552
0.50776
0.51572
0.6015
0.63429
0.77258
0.64512
0.62797
0.60113
0.51417
0.4503
0.43403
0.41814
0.39985
0.37856
0.33562
0.3045
0.33459
0.3264
0.32274
0.52109
0.76884
0.64929
0.53388
0.45874
0.39836
0.35239
0.36502
0.37716
0.36913
0.38399
0.39478
0.39126
0.37696
0.35396
0.34826
0.34603
0.35982
0.36805
0.35145
0.37522
0.38936
0.32098
0.29498
0.31837
0.37226
0.29233
0.34034
0.33694
0.37011
0.36106
0.37389
0.38184
0.34371
0.32745
0.37977
0.44193
0.87977
0.88353
0.88436
0.87931
0.71564
0.63931
0.60833
0.60734
0.54252
0.54002
0.79894
0.92106
0.91195
0.88999
0.87875
0.88303
0.88672
0.88043
0.87365
0.87155
0.85638
0.84727
0.83688
0.81359
0.73531
0.58245
0.50664
0.46553
0.40017
0.35665
0.33279
0.3163
0.68565
0.90893
0.91419
0.89485
0.90454
0.90547
0.9059
0.91684
0.93537
0.91422
0.88574
0.8591
0.83326
0.79431
0.74242
0.65678
0.59361
0.48386
0.33351
0.17224
0.12944
0.082314
0.066429
0.10291
0.12753
0.1029
0.18915
0.49473
0.68293
0.64256
0.54432
0.49902
0.45187
0.48998
0.54769
0.82517
0.89681
0.89151
0.88751
0.88876
0.88249
0.8721
0.86405
0.85948
0.85249
0.8425
0.71226
0.59197
0.60144
0.58073
0.54186
0.45964
0.44977
0.37188
0.36504
0.38177
0.34907
0.39636
0.35778
0.42764
0.42177
0.44902
0.87687
0.83038
0.8555
0.88768
0.876
0.86662
0.85247
0.8407
0.82989
0.83527
0.83094
0.82327
0.8162
0.81236
0.80911
0.81158
0.81818
0.83201
0.83675
0.84462
0.84867
0.84814
0.84471
0.83948
0.84094
0.80501
0.71095
0.74211
0.67633
0.66912
0.58234
0.62391
0.8091
0.83637
0.75421
0.69533
0.69187
0.70611
0.70271
0.72246
0.75587
0.75772
0.71404
0.67492
0.65686
0.4811
0.40763
0.42019
0.40899
0.38074
0.30567
0.30811
0.45815
0.63964
0.8027
0.47957
0.37972
0.7984
0.75146
0.82782
0.69838
0.65263
0.60866
0.58503
0.54624
0.53555
0.48917
0.41677
0.64089
0.73867
0.72977
0.57329
0.59076
0.51043
0.52316
0.51809
0.78434
0.7049
0.66391
0.59336
0.71993
0.83513
0.8932
0.8913
0.89275
0.89189
0.89077
0.88639
0.87852
0.89675
0.87068
0.84925
0.79256
0.57521
0.27437
0.1262
0.10471
0.16847
0.20075
0.16302
0.14872
0.16776
0.38459
0.35671
0.59929
0.67608
0.64409
0.54343
0.4714
0.45216
0.47146
0.48231
0.53235
0.53568
0.52117
0.46334
0.45168
0.38556
0.33791
0.37003
0.39048
0.4017
0.39992
0.39431
0.3774
0.38176
0.385
0.38218
0.38246
0.39403
0.41804
0.49781
0.51534
0.44993
0.55751
0.68254
0.77036
0.82724
0.7815
0.72552
0.70586
0.61333
0.5536
0.51287
0.55967
0.69871
0.80741
0.85054
0.76949
0.60712
0.55078
0.50518
0.48924
0.38051
0.39539
0.40914
0.39699
0.36036
0.28185
0.26431
0.2649
0.25466
0.25637
0.29662
0.25819
0.28686
0.29589
0.3359
0.76957
0.9549
0.97458
0.97784
0.96521
0.97562
0.97093
0.95216
0.94959
0.93154
0.93242
0.91582
0.71225
0.53357
0.48173
0.73329
0.95474
0.99133
0.9839
0.74651
0.65419
0.40438
0.40495
0.4006
0.44994
0.46488
0.44648
0.51319
0.49464
0.546
0.53407
0.51117
0.51708
0.55616
0.70645
0.85277
0.90135
0.86406
0.7908
0.82028
0.64407
0.62568
0.68327
0.59821
0.4769
0.50633
0.469
0.42332
0.36947
0.35023
0.3487
0.73784
0.72752
0.69079
0.37483
0.36762
0.36928
0.39702
0.49433
0.53884
0.55121
0.55551
0.6886
0.84222
0.90997
0.93306
0.92116
0.92119
0.92002
0.91463
0.90794
0.898
0.89468
0.87584
0.88108
0.89353
0.87995
0.70817
0.75279
0.66734
0.85662
0.91643
0.90827
0.83346
0.78616
0.63425
0.54891
0.57573
0.55695
0.56452
0.58327
0.56738
0.55898
0.64283
0.68996
0.73328
0.77611
0.84928
0.92194
0.99658
0.99416
0.9709
0.95369
0.92431
0.86776
0.76861
0.70039
0.68478
0.62268
0.54083
0.41191
0.37126
0.37892
0.44095
0.49221
0.50979
0.57535
0.48086
0.46318
0.46511
0.4805
0.60692
0.9763
0.83603
0.92168
0.45825
0.44043
0.41748
0.41898
0.40582
0.41845
0.647
0.41604
0.39992
0.38365
0.38605
0.39535
0.42418
0.40693
0.44543
0.41313
0.40618
0.39142
0.39417
0.42237
0.43719
0.53195
0.51813
0.35406
0.34842
0.40748
0.41701
0.40837
0.4386
0.5146
0.50296
0.37896
0.38872
0.38301
0.35357
0.38476
0.47478
0.53781
0.56203
0.65553
0.49257
0.47337
0.52422
0.57285
0.62623
0.68963
0.76937
0.75494
0.5756
0.59403
0.59901
0.53189
0.54927
0.63405
0.74318
0.94913
0.61374
0.47788
0.50877
0.54256
0.57194
0.56873
0.76873
0.68241
0.5211
0.48781
0.47126
0.46976
0.77136
0.94727
0.68268
0.60498
0.63705
0.68273
0.71437
0.73106
0.87852
0.79716
0.87072
0.9463
0.95905
0.9554
0.95085
0.95181
0.91398
0.80617
0.76734
0.96614
0.69397
0.72009
0.82279
0.78316
0.77691
0.76288
0.74781
0.76486
0.8571
0.71827
0.79597
0.79957
0.93308
0.93078
0.95276
0.96236
0.96401
0.9559
0.65009
0.67579
0.83449
0.84085
0.88631
0.89909
0.76622
0.74279
0.82351
0.92295
0.95766
0.94113
0.94152
0.92418
0.859
0.74292
0.5573
0.479
0.49058
0.48469
0.44912
0.35303
0.58744
0.69492
0.87565
0.747
0.85424
0.87949
0.94731
0.97991
0.979
0.97592
0.97189
0.96614
0.94022
0.9352
0.93516
0.92102
0.82679
0.49673
0.50576
0.52441
0.57569
0.67606
0.73246
0.94986
0.94566
0.94144
0.93814
0.92109
0.90653
0.89696
0.91299
0.92868
0.89308
0.56637
0.48737
0.48907
0.57521
0.57567
0.60866
0.57285
0.69988
0.56923
0.51294
0.46103
0.52394
0.60836
0.80275
0.95316
0.9418
0.93135
0.92497
0.90523
0.88057
0.87315
0.89363
0.92163
0.61468
0.49747
0.49513
0.50743
0.53239
0.61265
0.5082
0.40273
0.43174
0.51489
0.62252
0.61422
0.80357
0.98842
0.80435
0.85756
0.6685
0.98876
0.91497
0.97269
0.90737
0.8327
0.99976
0.9681
0.97703
0.95867
0.94625
0.90847
0.88968
0.87565
0.89142
0.91887
0.85733
0.78482
0.64101
0.78046
0.9066
0.89304
0.89897
0.86247
0.94696
0.91056
0.90692
0.77827
0.58414
0.59876
0.59038
0.55653
0.52565
0.49531
0.47618
0.50109
0.57208
0.57174
0.54927
0.61146
0.61433
0.70093
0.66174
0.60679
0.70063
0.64178
0.57016
0.56561
0.59374
0.62778
0.37718
0.33184
0.41108
0.46079
0.45794
0.47261
0.4493
0.3999
0.51779
0.94726
0.9761
0.99175
0.9913
0.89402
0.94387
0.5431
0.54926
0.71525
0.66597
0.67612
0.47541
0.42197
0.40581
0.40551
0.47348
0.43091
0.4752
0.74531
0.73194
0.96062
0.67348
0.45016
0.41904
0.45662
0.57938
0.67042
0.68163
0.95579
0.95501
0.95103
0.85707
0.91516
0.7377
0.96935
0.97572
0.99133
0.98406
0.96268
0.79641
0.8525
0.79374
0.83132
0.81731
0.7783
0.92577
0.91686
0.90409
0.90244
0.81284
0.56963
0.69819
0.78736
0.61239
0.39888
0.40514
0.42735
0.43562
0.51435
0.49615
0.35221
0.27857
0.24364
0.24083
0.26094
0.33914
0.35339
0.34316
0.41294
0.38011
0.34063
0.32745
0.34223
0.42565
0.44516
0.35568
0.46947
0.486
0.47173
0.50622
0.51463
0.51828
0.47051
0.46067
0.46721
0.47579
0.5593
0.57522
0.57487
0.56705
0.45245
0.36985
0.28674
0.28527
0.28279
0.24582
0.28374
0.39574
0.44037
0.40809
0.47407
0.48497
0.49502
0.70835
0.75559
0.75794
0.72091
0.65908
0.62859
0.74889
0.74956
0.55595
0.60706
0.56388
0.53969
0.47173
0.46444
0.52112
0.75331
0.79224
0.74797
0.68932
0.74908
0.78349
0.99438
0.97191
0.59806
0.5515
0.53589
0.70247
0.70303
0.6815
0.68587
0.65288
0.47674
0.47356
0.49421
0.51312
0.45439
0.43862
0.45318
0.4684
0.49101
0.4741
0.45747
0.45731
0.46246
0.45741
0.43167
0.43583
0.45315
0.45616
0.4261
0.43839
0.38675
0.4316
0.45378
0.46714
0.48535
0.48006
0.48991
0.49008
0.47035
0.46774
0.44897
0.42865
0.61573
0.52839
0.5288
0.54589
0.49163
0.52814
0.66009
0.45875
0.45962
0.44698
0.46949
0.48594
0.42742
0.33408
0.53488
0.51465
0.51176
0.50727
0.44607
0.4671
0.49529
0.45744
0.35605
0.50493
0.43756
0.41362
0.43507
0.4554
0.46269
0.32605
0.2893
0.32793
0.34467
0.41654
0.48017
0.48175
0.42134
0.38707
0.41605
0.54913
0.72489
0.72423
0.76062
0.66828
0.61243
0.64612
0.67717
0.63802
0.53091
0.52792
0.5608
0.57804
0.54602
0.50715
0.565
0.65933
0.72393
0.69112
0.65147
0.64968
0.60811
0.56907
0.59683
0.6764
0.5872
0.60123
0.59868
0.56701
0.52713
0.45279
0.4746
0.47633
0.49273
0.43476
0.43801
0.4569
0.41888
0.42227
0.40873
0.5313
0.4639
0.47734
0.47572
0.71226
0.66555
0.76306
0.97044
0.99939
0.99278
0.9911
0.98812
0.87968
0.77899
0.7073
0.64706
0.5859
0.58402
0.59891
0.62997
0.65314
0.63494
0.57669
0.60548
0.59718
0.55257
0.49825
0.55252
0.54547
0.58683
0.60262
0.59004
0.55321
0.48544
0.5351
0.50699
0.53484
0.54281
0.52974
0.49762
0.48981
0.49234
0.54487
0.57136
0.50079
0.4268
0.35039
0.34908
0.37035
0.46264
0.41104
0.47251
0.4623
0.48808
0.4952
0.49052
0.48289
0.47215
0.47197
0.47897
0.48354
0.46528
0.41897
0.39637
0.39812
0.40212
0.47202
0.48272
0.4508
0.43583
0.40305
0.38409
0.38974
0.54828
0.49311
0.51039
0.51881
0.49519
0.40914
0.38179
0.36315
0.56019
0.50647
0.50335
0.47958
0.49991
0.47785
0.4113
0.41502
0.56675
0.65468
0.59601
0.59802
0.64884
0.71678
0.76345
0.80749
0.83926
0.79964
0.76768
0.74968
0.75213
0.79527
0.78406
0.73695
0.70626
0.71535
0.67947
0.63309
0.58921
0.54144
0.53341
0.56948
0.6121
0.62994
0.65066
0.62649
0.58507
0.57636
0.61955
0.61648
0.61808
0.56402
0.55917
0.51905
0.49813
0.5216
0.47724
0.44605
0.49214
0.50956
0.58107
0.5968
0.609
0.58776
0.56711
0.64643
0.86645
0.87417
0.83253
0.72373
0.7523
0.80502
0.80993
0.83734
0.80512
0.62056
0.6247
0.59852
0.58643
0.56077
0.5311
0.51462
0.49032
0.48738
0.64744
0.72494
0.7117
0.69119
0.79135
0.87562
0.88073
0.77285
0.7033
0.76048
0.70766
0.64798
0.6238
0.62624
0.58154
0.53375
0.49141
0.44832
0.42587
0.44553
0.44689
0.45616
0.41941
0.38105
0.43829
0.56617
0.78387
0.75783
0.89297
0.95397
0.97257
0.9925
0.998
0.99734
1.0008
0.9984
0.99888
0.99314
0.76585
0.66204
0.58373
0.59511
0.54837
0.5377
0.548
0.59155
0.67865
0.61041
0.6151
0.56647
0.49746
0.52429
0.59371
0.60112
0.59993
0.62367
0.70675
0.69401
0.74791
0.8775
0.96102
0.97604
0.95629
0.99474
0.99818
0.99964
0.98933
0.74946
0.76841
0.67404
0.63103
0.58291
0.73881
0.6775
0.62911
0.97717
0.97976
0.99783
0.99924
0.99774
0.99377
0.91847
0.80649
0.758
0.66726
0.6057
0.60971
0.60193
0.55623
0.48239
0.49287
0.40286
0.32301
0.26204
0.21556
0.17404
0.17382
0.24474
0.21959
0.26156
0.41189
0.48112
0.48911
0.59547
0.67581
0.68222
0.6632
0.98853
0.99764
0.92458
0.86164
0.79267
0.8264
0.81506
0.9835
0.99837
1.0004
0.99781
0.89815
0.91146
0.99891
0.99898
0.81581
0.74286
0.77463
0.83105
0.85902
0.78986
0.86497
0.76283
0.63122
0.55562
0.68826
0.78835
0.61017
0.73218
0.78789
0.77674
0.64194
0.63417
0.75076
0.73181
0.61548
0.64289
0.98214
0.97486
0.98123
0.99435
0.99857
0.99938
1.0007
0.99883
0.99748
0.95299
0.80756
0.77877
0.76349
0.75865
0.67127
0.63012
0.6236
0.60721
0.74476
0.7538
0.80473
0.79401
0.79882
0.7927
0.80876
0.87262
0.91481
0.89682
0.90105
0.93885
0.9394
0.9437
0.87452
0.89632
0.92925
0.99722
0.99763
0.99981
0.9016
0.79016
0.76998
0.95135
0.90613
0.89977
0.92979
0.91649
0.89959
0.93769
0.95356
0.96203
0.95747
0.95975
0.95964
0.95089
0.94928
0.95986
0.97017
0.97536
0.95485
0.95539
0.95864
0.96848
0.94718
0.97336
0.99313
0.99783
0.99771
0.99888
1.0001
0.99775
1.0009
0.99767
1.0006
0.99894
0.96897
0.92946
0.88201
0.7885
0.68951
0.55382
0.49157
0.44094
0.41012
0.35354
0.30909
0.29532
0.27989
0.28354
0.52045
0.59983
0.83992
0.8717
0.74918
0.75083
0.8003
0.7718
0.75562
0.76669
0.67585
0.70044
0.79813
0.75308
0.9078
0.92552
0.82888
0.96699
0.76894
0.82806
0.99253
0.99141
0.99911
0.99833
0.99862
1.0009
0.99942
0.91438
0.9474
0.84829
0.75852
0.75939
0.86199
0.87469
0.92028
0.92134
0.82911
0.7952
0.79958
0.87226
0.86151
0.90664
0.81979
0.71186
0.99266
1.0001
0.81352
0.85156
0.85426
0.83089
0.81894
0.91657
0.99854
0.95043
0.87297
0.66626
0.62278
0.63104
0.62245
0.58841
0.61378
0.63026
0.64106
0.77141
0.66891
0.60934
0.58815
0.54978
0.56665
0.61499
0.63943
0.60974
0.71603
0.76279
0.67672
0.65838
0.65122
0.64809
0.64872
0.72909
0.65562
0.61288
0.72641
0.90232
0.89088
0.9182
0.83026
0.85504
0.85664
0.7795
0.87067
0.8554
0.86386
0.86017
0.75821
0.63437
0.58124
0.49707
0.42997
0.41202
0.38072
0.43595
0.3557
0.3156
0.26588
0.26907
0.35836
0.50681
0.61617
0.63401
0.72108
0.7714
0.72439
0.72327
0.75226
0.71354
0.66508
0.66552
0.70565
0.73645
0.78819
0.82248
0.85372
0.8743
0.83649
0.78963
0.79004
0.78621
0.77699
0.73883
0.74502
0.77635
0.79974
0.75303
0.85098
0.67693
0.57608
0.54155
0.5027
0.58162
0.55533
0.54467
0.56641
0.59081
0.54855
0.54755
0.55157
0.609
0.82572
0.92388
0.96942
0.62248
0.58468
0.64724
0.70322
0.69638
0.75717
0.71094
0.60834
0.51963
0.46478
0.45338
0.50729
0.43656
0.40596
0.38862
0.4514
0.43281
0.42116
0.4134
0.40744
0.40421
0.43109
0.43943
0.59427
0.57635
0.54316
0.55643
0.51877
0.51415
0.53581
0.50272
0.52579
0.65959
0.70451
0.70952
0.79769
0.85537
0.9594
0.99044
0.96888
0.79161
0.78683
0.80604
0.89588
0.99868
0.99933
0.99791
0.85346
0.6706
0.57894
0.51006
0.49462
0.4582
0.49157
0.51498
0.5036
0.48768
0.51683
0.62369
0.67187
0.73875
0.86515
0.91956
0.91215
0.9972
0.99954
1
0.99778
0.88216
0.828
0.82828
0.80089
0.77365
0.71791
0.80119
0.84481
0.91018
0.92143
0.90394
0.62751
0.4683
0.43999
0.49267
0.54313
0.44828
0.4342
0.42685
0.42715
0.43375
0.38807
0.42273
0.4916
0.97801
0.94833
0.88468
0.8268
0.75751
0.98368
0.99951
0.99843
1.0001
0.99754
0.92359
0.78762
0.72988
0.8736
1.0003
0.98429
0.98788
0.97187
0.94081
0.96855
0.95721
0.95208
0.98195
0.90939
0.87404
0.8271
0.76731
0.69573
0.57178
0.53624
0.48204
0.45861
0.45376
0.40981
0.38068
0.41254
0.40243
0.36628
0.43351
0.47326
0.52481
0.60937
0.73779
0.96267
0.81055
0.79177
0.78053
0.92719
0.99864
0.99947
0.997
0.99214
0.98768
0.98893
0.97848
0.97293
0.90223
0.83189
0.73369
0.59309
0.62
0.60665
0.63637
0.57658
0.47564
0.34733
0.25723
0.2452
0.71749
0.8973
0.94
0.9642
0.97651
0.99168
0.99201
0.98807
0.99417
0.99336
1.0002
0.99829
0.99714
1.0003
1.0002
0.9984
0.99757
1.0003
0.99946
0.99764
0.9965
0.98598
0.97824
0.97656
0.97377
0.96737
0.9387
0.88503
0.85352
0.58737
0.53013
0.42612
0.37322
0.28851
0.26752
0.24656
0.24368
0.22308
0.32587
0.49646
0.63567
0.56331
0.65872
0.79237
0.82708
0.89858
0.8937
0.80155
0.94232
0.80084
0.82797
0.8018
0.74513
0.77189
0.74947
0.49283
0.50697
0.80382
0.58759
0.61636
0.66113
0.59326
0.46897
0.47697
0.49746
0.48233
0.48048
0.4931
0.48033
0.48496
0.47128
0.46255
0.39779
0.28729
0.27351
0.32594
0.6605
0.69127
0.69285
0.73819
0.82965
0.83778
0.84455
0.8326
0.85338
0.92196
0.92627
0.89924
0.99766
0.99852
0.94608
0.99991
0.99772
1
0.80693
0.52342
0.53207
0.53447
0.54294
0.61618
0.58928
0.63609
0.66538
0.64892
0.76017
0.61338
0.44022
0.50596
0.60947
0.78022
0.63061
0.81726
0.98371
0.97832
0.9949
0.91018
0.73201
0.89558
0.95372
0.89494
0.50394
0.52525
0.85068
0.52896
0.56099
0.86122
0.78223
0.81828
0.882
0.93567
0.94436
0.92928
0.9328
0.94021
0.93441
0.93229
0.9289
0.90669
0.89638
0.91381
0.92261
0.92313
0.92287
0.91797
0.89151
0.71378
0.54439
0.52061
0.58981
0.60949
0.62387
0.63883
0.53244
0.51555
0.60799
0.61424
0.91109
0.88544
0.61827
0.47371
0.44374
0.45283
0.41676
0.37834
0.41637
0.37541
0.37244
0.38567
0.39802
0.35025
0.34329
0.35816
0.49369
0.9427
0.96811
0.92398
0.86455
0.50866
0.39427
0.39386
0.37435
0.37729
0.38048
0.54312
0.71404
0.57586
0.77365
0.97174
0.98353
0.97734
0.96049
0.94658
0.93963
0.93271
0.93095
0.93038
0.92988
0.92561
0.92616
0.92465
0.92389
0.91195
0.68107
0.5649
0.50806
0.89422
0.92541
0.93452
0.9381
0.93995
0.94222
0.94327
0.94456
0.94331
0.94596
0.94204
0.94038
0.93609
0.93378
0.89323
0.71904
0.55412
0.43266
0.3593
0.34045
0.31683
0.35551
0.36322
0.35769
0.59759
0.89879
0.95135
0.92758
0.91134
0.58667
0.50664
0.61679
0.51283
0.40792
0.40394
0.39989
0.43765
0.51143
0.68512
0.74634
0.92012
0.90682
0.57649
0.57331
0.52214
0.51689
0.54432
0.56084
0.6533
0.84649
0.72818
0.51292
0.46096
0.44871
0.45609
0.50442
0.52437
0.5072
0.49432
0.48219
0.4741
0.46128
0.45444
0.47134
0.45996
0.45591
0.46251
0.45123
0.47277
0.43939
0.48909
0.52041
0.50913
0.46698
0.46352
0.47009
0.49064
0.47845
0.47944
0.44682
0.40283
0.47208
0.47098
0.46987
0.49133
0.47363
0.43178
0.37606
0.33736
0.32003
0.2965
0.29127
0.32536
0.37131
0.3615
0.43904
0.42356
0.35553
0.34451
0.36542
0.36069
0.35537
0.34564
0.3806
0.9313
0.95353
0.9428
0.92418
0.88593
0.85483
0.86646
0.86628
0.86589
0.95845
0.95358
0.94471
0.93531
0.8523
0.91186
0.92486
0.89223
0.80919
0.91063
0.88487
0.76832
0.74728
0.67031
0.59286
0.54986
0.5403
0.55879
0.63662
0.66536
0.60668
0.5815
0.54483
0.48977
0.49118
0.58465
0.62088
0.67991
0.5876
0.5341
0.4896
0.44527
0.4358
0.39561
0.39825
0.43766
0.41465
0.42257
0.41512
0.45383
0.63963
0.70627
0.45155
0.42096
0.40009
0.42005
0.446
0.42248
0.4385
0.39207
0.37976
0.35959
0.35054
0.45841
0.74294
0.91907
0.92529
0.92853
0.92913
0.91955
0.91893
0.91875
0.91449
0.88563
0.79956
0.60921
0.4991
0.47793
0.44681
0.46773
0.47093
0.45409
0.44401
0.42294
0.36822
0.30755
0.26046
0.22094
0.24997
0.90317
0.94838
0.95501
0.94094
0.94544
0.94462
0.94359
0.94934
0.93425
0.92675
0.92185
0.8556
0.63072
0.51613
0.49681
0.43898
0.4481
0.40355
0.37023
0.34106
0.283
0.24811
0.24237
0.24141
0.23375
0.23876
0.20725
0.21475
0.23304
0.24608
0.26108
0.25934
0.27122
0.30051
0.32516
0.69242
0.76413
0.72026
0.68362
0.5831
0.30669
0.28151
0.28848
0.2997
0.31465
0.33558
0.37243
0.43827
0.5151
0.82151
0.95369
0.95328
0.94472
0.94149
0.92499
0.91404
0.88847
0.72155
0.63884
0.48999
0.41572
0.40836
0.43272
0.43991
0.43803
0.41843
0.34933
0.28748
0.24199
0.2322
0.17223
0.23597
0.24167
0.31819
0.43201
0.4294
0.81822
0.94539
0.94975
0.92032
0.8548
0.83822
0.81467
0.75307
0.96724
0.97048
0.96928
0.94608
0.92408
0.93985
0.94606
0.96348
0.95836
0.95146
0.94234
0.92292
0.90847
0.89965
0.89392
0.89157
0.88807
0.89165
0.89313
0.90135
0.90246
0.89409
0.89078
0.88935
0.88717
0.89273
0.89859
0.90683
0.91202
0.91749
0.92176
0.92021
0.86597
0.90735
0.9385
0.94644
0.94219
0.73748
0.5878
0.53478
0.85824
0.79607
0.65673
0.80237
0.49842
0.4713
0.4176
0.39924
0.4036
0.41019
0.4193
0.42397
0.39596
0.39712
0.46118
0.43647
0.38558
0.37666
0.3787
0.8813
0.84398
0.95951
0.94023
0.93421
0.93141
0.92733
0.92204
0.91735
0.91519
0.90912
0.90444
0.90101
0.90292
0.90018
0.87561
0.7751
0.78785
0.81029
0.59747
0.50467
0.68715
0.56026
0.40615
0.40501
0.42264
0.42471
0.42868
0.42214
0.38612
0.39982
0.38452
0.34808
0.35564
0.37235
0.38822
0.39983
0.39832
0.37348
0.39016
0.4044
0.40732
0.42295
0.42337
0.42046
0.41011
0.41003
0.39148
0.38493
0.37068
0.35659
0.33983
0.33965
0.36265
0.38714
0.38959
0.38274
0.40388
0.42608
0.45562
0.47467
0.48462
0.53341
0.54413
0.54277
0.54467
0.50129
0.47886
0.47141
0.46176
0.43887
0.417
0.40871
0.39791
0.39288
0.38837
0.3959
0.39591
0.39297
0.37821
0.36723
0.35581
0.35089
0.33526
0.36088
0.42162
0.43849
0.47619
0.81276
0.82482
0.9159
0.91656
0.91192
0.90235
0.89564
0.86954
0.85015
0.83478
0.8082
0.78693
0.69191
0.80521
0.83544
0.85504
0.83589
0.64663
0.51424
0.47019
0.48244
0.36471
0.26581
0.23694
0.24575
0.25096
0.27949
0.32643
0.32292
0.33937
0.42111
0.36496
0.42285
0.42793
0.44731
0.48066
0.53012
0.66409
0.77032
0.83095
0.91189
0.87234
0.74751
0.61266
0.61342
0.64309
0.65126
0.60274
0.53453
0.5077
0.4447
0.40386
0.42859
0.48405
0.45022
0.44431
0.46744
0.44434
0.47744
0.84198
0.68677
0.54117
0.4519
0.43178
0.40263
0.39356
0.3849
0.37845
0.37837
0.38064
0.39067
0.38784
0.37991
0.38185
0.38303
0.38683
0.39205
0.39449
0.38814
0.39679
0.37801
0.35997
0.31519
0.27398
0.22761
0.20117
0.20833
0.2318
0.2605
0.30602
0.36656
0.40359
0.3692
0.34221
0.38835
0.37971
0.86097
0.59806
0.55932
0.81922
0.5893
0.52026
0.76004
0.61967
0.36544
0.34117
0.32288
0.31571
0.3134
0.34158
0.42994
0.35084
0.47668
0.77585
0.78602
0.68202
0.53694
0.46522
0.48816
0.43732
0.35989
0.38232
0.40785
0.40287
0.45985
0.42152
0.40863
0.39364
0.5196
0.57008
0.52952
0.41896
0.38532
0.412
0.38658
0.39365
0.40678
0.42509
0.41574
0.4205
0.43217
0.40909
0.39407
0.35317
0.37691
0.41589
0.40164
0.39876
0.38866
0.38844
0.39477
0.39751
0.40983
0.40472
0.38802
0.42072
0.42196
0.42138
0.43572
0.43181
0.4093
0.33799
0.31091
0.4316
0.30434
0.30413
0.3516
0.36678
0.42656
0.40726
0.37066
0.34666
0.3242
0.34819
0.32854
0.32416
0.3312
0.39231
0.41069
0.40539
0.40212
0.39726
0.40016
0.40062
0.40288
0.41783
0.42956
0.41496
0.42523
0.42143
0.41687
0.39754
0.39422
0.36409
0.32917
0.31383
0.29876
0.29173
0.2804
0.29626
0.30162
0.30724
0.32069
0.31909
0.32535
0.33347
0.33136
0.31652
0.315
0.29002
0.28453
0.27981
0.27711
0.24832
0.26071
0.23607
0.20293
0.18254
0.16959
0.1922
0.19879
0.1656
0.14787
0.16402
0.21798
0.17848
0.1633
0.19029
0.21706
0.22139
0.2355
0.29557
0.39705
0.47464
0.56473
0.58012
0.51545
0.38032
0.35579
0.39615
0.40271
0.37319
0.36003
0.32822
0.32581
0.34691
0.36079
0.39792
0.41807
0.45115
