0.83429
0.43099
0.3854
0.43214
0.37002
0.69128
0.48059
0.36614
0.35332
0.33991
0.31794
0.29157
0.31505
0.28865
0.30608
0.31272
0.38265
0.33011
0.35079
0.33285
0.36125
0.38694
0.55788
0.7496
0.71197
0.40667
0.31755
0.28345
0.24907
0.2454
0.44432
0.36426
0.5452
0.55914
0.92567
0.93344
0.9307
0.9243
0.6982
0.37021
0.33098
0.33711
0.33815
0.28101
0.28839
0.40368
0.86368
0.75723
0.62698
0.73201
0.64793
0.46595
0.41977
0.4188
0.40786
0.3505
0.28263
0.1763
0.17221
0.16309
0.1444
0.18143
0.59081
0.64567
0.69573
0.54248
0.42179
0.22934
0.1674
0.11014
0.13058
0.26948
0.3696
0.47601
0.84699
0.93483
0.96857
0.96627
0.95958
0.92871
0.93129
0.93864
0.95052
0.95105
0.82303
0.91262
0.85119
0.88772
0.84399
0.71594
0.75694
0.80834
0.59172
0.79362
0.66383
0.4859
0.54563
0.63077
0.62571
0.60905
0.56232
0.60524
0.62669
0.58635
0.51899
0.3988
0.34186
0.34259
0.28512
0.23766
0.28128
0.24153
0.23209
0.20392
0.19762
0.27421
0.23543
0.205
0.12193
0.19126
0.18202
0.36622
0.46196
0.3416
0.36532
0.36809
0.32741
0.27204
0.28832
0.34446
0.27291
0.27403
0.32561
0.31742
0.34255
0.30641
0.41638
0.38751
0.25914
0.24861
0.21173
0.17046
0.23241
0.49494
0.37693
0.32313
0.3786
0.36624
0.27464
0.23765
0.29665
0.31371
0.28493
0.26649
0.23875
0.18975
0.36093
0.45364
0.41588
0.25903
0.26649
0.25276
0.27894
0.25598
0.19214
0.16487
0.18447
0.20887
0.25892
0.37396
0.39091
0.76436
0.67117
0.56624
0.73407
0.37912
0.30893
0.28913
0.30072
0.28309
0.30116
0.289
0.32417
0.46415
0.63465
0.60079
0.80751
0.42319
0.27121
0.24219
0.2301
0.25291
0.26106
0.25391
0.21963
0.23046
0.33746
0.36033
0.34194
0.3332
0.31174
0.31284
0.31608
0.31402
0.31718
0.32058
0.31519
0.31807
0.31502
0.30964
0.30225
0.30915
0.30785
0.31696
0.31495
0.30338
0.31258
0.30477
0.28103
0.29525
0.31649
0.30179
0.29747
0.31541
0.37508
0.60328
0.41946
0.39283
0.36505
0.35006
0.33482
0.31321
0.32152
0.30897
0.2853
0.30772
0.32161
0.32473
0.55839
0.51017
0.81229
0.94625
0.84157
0.83207
0.75407
0.70879
0.66863
0.55107
0.55919
0.79352
0.76532
0.76458
0.57117
0.84531
0.42723
0.35333
0.35822
0.34279
0.32996
0.27967
0.28178
0.35373
0.51524
0.44082
0.3682
0.36695
0.4453
0.41921
0.28074
0.39019
0.39521
0.42429
0.38389
0.35241
0.35889
0.3167
0.28995
0.27267
0.27719
0.27579
0.30893
0.25771
0.4562
0.51841
0.67766
0.77392
0.6435
0.41537
0.35591
0.3299
0.29471
0.25642
0.23234
0.21441
0.28373
0.24884
0.68295
0.29796
0.35055
0.41537
0.39731
0.36923
0.73319
0.42753
0.36399
0.34633
0.32947
0.33237
0.32321
0.31188
0.31139
0.31696
0.33946
0.77743
0.95395
0.94178
0.93627
0.93431
0.93414
0.92751
0.90126
0.8198
0.42994
0.29595
0.24471
0.25121
0.30728
0.28543
0.2579
0.25281
0.25661
0.2586
0.25889
0.25451
0.25919
0.29464
0.29353
0.30632
0.24548
0.23118
0.24263
0.29253
0.31762
0.27206
0.25963
0.23409
0.26351
0.24069
0.26383
0.28589
0.30848
0.25324
0.2257
0.24433
0.24516
0.2388
0.27973
0.26814
0.30935
0.28905
0.34671
0.29925
0.28147
0.28567
0.29107
0.28348
0.33636
0.38861
0.54311
0.89356
0.91218
0.92212
0.90407
0.92394
0.91118
0.89686
0.87984
0.5925
0.47163
0.37108
0.48809
0.57972
0.80297
0.6944
0.69471
0.68625
0.53398
0.51632
0.47236
0.52016
0.52373
0.55246
0.62815
0.50262
0.44808
0.33164
0.37625
0.41095
0.48177
0.51405
0.79065
0.68511
0.8599
0.88244
0.79032
0.7697
0.48652
0.30183
0.28628
0.274
0.26869
0.25784
0.24141
0.28121
0.47435
0.42445
0.39487
0.35036
0.35675
0.31106
0.31163
0.26154
0.20202
0.19795
0.16313
0.14692
0.13976
0.10944
0.86972
0.74303
0.55024
0.43683
0.39924
0.37881
0.38395
0.40251
0.35235
0.34185
0.32256
0.32123
0.30145
0.3202
0.20258
0.2551
0.21323
0.59205
0.91146
0.93962
0.99327
0.96844
0.954
0.94629
0.81757
0.5488
0.38885
0.37584
0.28747
0.23939
0.23237
0.24174
0.24871
0.29424
0.28433
0.288
0.2773
0.26669
0.28234
0.30896
0.33391
0.34801
0.33511
0.33444
0.33395
0.32325
0.31778
0.30905
0.30505
0.29877
0.27381
0.26913
0.25513
0.23714
0.31121
0.2767
0.25574
0.19272
0.24637
0.2182
0.22159
0.22671
0.68918
0.60215
0.40778
0.39562
0.63745
0.67127
0.88574
0.89468
0.84535
0.82292
0.81877
0.86797
0.74863
0.78376
0.84442
0.80587
0.59221
0.35232
0.29129
0.27802
0.82085
0.87326
0.85945
0.38835
0.36006
0.34241
0.32796
0.30381
0.28754
0.24027
0.20517
0.39907
0.46579
0.52048
0.61519
0.73438
0.77798
0.67483
0.65385
0.7966
0.8852
0.87439
0.80476
0.73942
0.79001
0.85877
0.75087
0.67353
0.62996
0.48418
0.43055
0.28483
0.20293
0.13298
0.39169
0.81817
0.79988
0.57507
0.48205
0.37313
0.35423
0.31541
0.30917
0.32453
0.29347
0.29875
0.30453
0.3546
0.41494
0.35745
0.27016
0.2968
0.373
0.21807
0.1701
0.2145
0.2277
0.26508
0.30669
0.32187
0.33339
0.27731
0.23954
0.18927
0.22466
0.275
0.32117
0.28359
0.19972
0.19173
0.29806
0.36718
0.45646
0.62936
0.45089
0.33566
0.22682
0.23026
0.2253
0.21272
0.19677
0.19956
0.22431
0.23568
0.14986
0.28626
0.58949
0.52488
0.55338
0.5372
0.36252
0.3925
0.40565
0.36125
0.26011
0.23632
0.18735
0.1851
0.30958
0.60725
0.90574
0.91896
0.94415
0.95522
0.79513
0.72828
0.63562
0.61735
0.5303
0.37521
0.3629
0.42969
0.40166
0.34895
0.27862
0.19032
0.17642
0.17602
0.24406
0.33988
0.87043
0.87128
0.56227
0.35835
0.39134
0.55283
0.82362
0.97555
0.61748
0.86312
0.90007
0.51158
0.4481
0.49733
0.49097
0.50767
0.51472
0.47224
0.42601
0.41869
0.38297
0.34889
0.30939
0.29024
0.23622
0.23315
0.22977
0.21784
0.24277
0.23817
0.24748
0.24373
0.22918
0.23049
0.15851
0.15531
0.12825
0.11186
0.14515
0.29031
0.38519
0.2876
0.23174
0.16327
0.18464
0.22314
0.32092
0.37603
0.53311
0.83669
0.78476
0.82664
0.89845
0.99686
0.99584
0.99028
0.97876
0.96047
0.97852
0.97566
0.97233
0.94958
0.83982
0.6423
0.62874
0.56437
0.51792
0.4622
0.43472
0.44926
0.45555
0.39566
0.44363
0.40568
0.30995
0.32173
0.35391
0.38181
0.3887
0.50801
0.5547
0.49078
0.45732
0.41587
0.38711
0.38467
0.40156
0.44007
0.46252
0.66453
0.5836
0.44445
0.41605
0.44935
0.45431
0.42838
0.34135
0.20678
0.22056
0.15503
0.10359
0.11455
0.17145
0.19486
0.19082
0.22033
0.19988
0.20027
0.19528
0.20585
0.23617
0.26321
0.25678
0.20959
0.22236
0.21114
0.19162
0.19385
0.23931
0.33532
0.52898
0.8091
0.80153
0.62308
0.39276
0.34898
0.22922
0.23598
0.32618
0.30286
0.29205
0.32074
0.31288
0.31629
0.36542
0.35687
0.35181
0.33772
0.33887
0.34107
0.54572
0.65459
0.60221
0.71032
0.78946
0.84454
0.83852
0.9876
0.84794
0.91252
0.83465
0.77939
0.93401
0.96222
0.96353
0.98505
0.98628
0.96055
0.94413
0.94114
0.9184
0.92065
0.84763
0.73216
0.72699
0.71639
0.69062
0.61205
0.61451
0.57979
0.54129
0.37512
0.33238
0.31068
0.34932
0.42177
0.55252
0.43606
0.43694
0.48872
0.50587
0.52461
0.51846
0.51233
0.52787
0.46189
0.37507
0.33113
0.3522
0.55849
0.90026
0.96618
0.97575
0.96684
0.97767
0.9834
0.98411
0.99183
0.99845
0.99958
0.97095
0.8934
0.7542
0.63885
0.69554
0.83135
0.91802
0.99133
1.0003
1
1
0.99972
0.9851
0.86303
0.6377
0.74265
0.82293
0.95357
0.91433
0.87627
0.95193
0.98779
0.99794
0.99784
0.99125
1
0.78495
0.84609
0.94097
0.98251
0.99246
0.95914
0.90699
0.89942
0.9832
0.9995
0.99882
0.98169
0.99359
0.98294
0.96735
0.8636
0.8049
0.71304
0.59766
0.48468
0.63854
0.64689
0.52466
0.55816
0.57325
0.61092
0.68138
0.61639
0.76756
0.85584
0.9999
0.9989
0.994
0.99557
0.98039
0.86054
0.82712
0.83064
0.91826
0.82735
0.66458
0.5372
0.46193
0.418
0.43397
0.74534
0.78222
0.64779
0.68039
0.68513
0.68764
0.69551
0.62965
0.584
0.69902
0.72216
0.72813
0.6659
0.54547
0.58912
0.73318
0.78817
0.82715
0.63983
0.51082
0.48422
0.42572
0.44583
0.58365
0.55916
0.50617
0.45815
0.36376
0.35691
0.37759
0.41955
0.42288
0.80054
0.90206
0.94871
0.83955
0.54649
0.37563
0.34168
0.44915
0.36174
0.71249
0.97534
0.89313
0.75707
0.52874
0.56868
0.58444
0.45376
0.68159
0.64531
0.68007
0.74169
0.64583
0.70326
0.6165
0.56219
0.78269
0.70165
0.67977
0.80282
0.73472
0.78628
0.7861
0.76035
0.74159
0.78876
0.83119
0.71086
0.62777
0.44465
0.43254
0.46113
0.77628
0.69303
0.61444
0.62357
0.55528
0.51108
0.54861
0.47242
0.48134
0.51112
0.58583
0.5823
0.58166
0.62847
0.6234
0.51582
0.51222
0.60366
0.74546
0.69698
0.64479
0.59557
0.56474
0.54497
0.57828
0.58238
0.61005
0.63286
0.61357
0.63529
0.68515
0.63066
0.63305
0.64353
0.68234
0.7393
0.73088
0.70135
0.66776
0.74433
0.78016
0.72011
0.54912
0.3352
0.33718
0.37562
0.41899
0.37845
0.43697
0.38634
0.30487
0.28548
0.25683
0.28663
0.40887
0.56656
0.55501
0.60306
0.60696
0.35517
0.27441
0.28925
0.49217
0.74868
0.79579
0.89403
0.95302
0.9541
0.96605
0.99167
0.99091
0.99941
0.99909
0.99727
1.0004
0.98613
0.9712
0.91337
0.82354
0.82061
0.84954
0.81678
0.83023
0.84549
0.84934
0.8892
0.92791
0.89384
0.80281
0.73148
0.63501
0.33385
0.27377
0.57206
0.9184
0.79724
0.95956
0.98641
0.73381
0.45535
0.37439
0.5896
0.80646
0.89672
0.98947
0.97567
0.93292
0.92048
0.79377
0.7156
0.7042
0.81602
0.79938
0.68845
0.75435
0.73904
0.62492
0.55739
0.56207
0.59042
0.68
0.72339
0.75638
0.78312
0.83453
0.83399
0.77146
0.75888
0.73581
0.7132
0.70234
0.70127
0.70351
0.71298
0.60619
0.57897
0.5663
0.64132
0.74121
0.75545
0.72777
0.7058
0.69338
0.78927
0.83758
0.87604
0.83383
0.67351
0.59631
0.59746
0.5765
0.69844
0.76449
0.65925
0.76272
0.72933
0.76848
0.65685
0.57171
0.55935
0.51046
0.63194
0.68732
0.73146
0.74367
0.7226
0.6455
0.59886
0.63262
0.67526
0.72593
0.75102
0.74539
0.74125
0.84919
0.99699
1.0009
0.99777
1.0004
0.9829
0.99847
0.99786
0.93284
0.91115
0.81473
0.90309
0.92742
0.77263
0.75779
0.71386
0.66743
0.51894
0.48847
0.77476
0.89059
0.90912
0.9195
0.90085
0.79165
0.77521
0.79255
0.72141
0.89419
0.8589
0.75787
0.73933
0.62296
0.56904
0.54025
0.67358
0.76988
0.74529
0.71733
0.74601
0.67073
0.53827
0.54731
0.58638
0.58158
0.43158
0.39531
0.49007
0.42312
0.53123
0.44691
0.42519
0.35575
0.33974
0.37836
0.42729
0.3974
0.44154
0.46279
0.39916
0.40572
0.42677
0.48539
0.51014
0.54898
0.73679
0.8357
0.90201
0.94686
0.97404
0.98825
0.98142
0.98289
0.98506
0.98484
0.99236
0.99949
0.99941
0.99996
0.99901
1.0005
0.935
0.94022
0.94741
0.94325
0.93864
0.83879
0.83774
0.69486
0.54649
0.60264
0.76368
0.63249
0.90885
0.79151
0.62775
0.46672
0.42918
0.60554
0.55848
0.47747
0.44428
0.46502
0.7072
0.55905
0.66229
0.71554
0.69813
0.90398
0.99151
0.98812
0.89385
0.92527
0.93054
0.97582
0.98579
0.9823
0.91295
0.89275
0.84918
0.79738
0.99842
0.999
0.99237
0.99906
0.98537
0.92903
0.95068
0.98087
0.97176
0.97426
0.89534
0.75307
0.75199
0.95306
0.98701
0.99531
1.0004
0.99745
0.99727
0.99256
0.97375
0.91313
0.86419
0.77304
0.70411
0.80756
0.91582
0.91391
0.87318
0.90396
0.97309
0.92143
0.86252
0.87459
0.9424
0.82721
0.67057
0.58693
0.86764
0.97306
0.97294
0.97717
0.98341
0.98509
0.98937
0.99943
0.99959
0.99765
0.99369
0.98833
0.97806
0.99944
0.99949
0.99046
0.99727
0.97679
0.99727
1.0003
0.94816
0.70904
0.72278
0.79876
0.72732
0.76356
0.55794
0.65056
0.60525
0.7323
0.7968
0.88822
0.89681
0.81697
0.66117
0.6279
0.88208
0.90369
0.77053
0.84056
0.85815
0.6973
0.67752
0.96024
0.99746
0.97723
0.95345
0.98559
0.95278
0.7926
0.70197
0.55306
0.42567
0.39199
0.39768
0.41712
0.42119
0.43663
0.42584
0.38934
0.42815
0.75576
0.95452
0.83189
0.81868
0.67988
0.70396
0.82312
0.72243
0.84411
0.97656
0.99917
0.99753
1.0009
1.0007
0.99805
0.98817
0.99719
0.99899
0.99808
1.0003
0.91782
0.83279
0.90907
0.93728
0.95821
0.98755
1.0009
0.99734
0.93502
0.86535
0.81334
0.94219
0.96778
0.94799
0.91334
0.93905
0.95173
0.97328
0.99054
0.97214
0.99467
1.0003
0.99746
1
1.0004
0.94078
0.81827
0.80276
0.77651
0.60089
0.50654
0.47679
0.53322
0.52016
0.62186
0.58412
0.65949
0.83434
0.86162
0.91669
0.96873
0.97204
0.92837
0.84744
0.74869
0.7335
0.78564
0.81054
0.82342
0.9483
0.97718
0.95081
0.91586
0.9417
0.8975
0.83191
0.81194
0.83056
0.9884
0.99001
0.89104
0.77006
0.7783
0.75015
0.76368
0.89841
0.96049
0.98084
0.98228
0.97805
0.91274
0.77316
0.69564
0.62814
0.72603
0.96473
0.9816
0.96484
0.97235
0.99838
0.9975
0.98571
0.98722
0.99128
0.99559
0.98887
1.0009
0.95054
0.89404
0.68967
0.872
0.75924
0.84529
0.83275
0.88053
0.91602
0.86343
0.89648
0.91368
0.92352
0.85425
0.8692
0.84207
0.79512
0.76282
0.80731
0.90638
0.85427
0.77752
0.8228
0.81742
0.81879
0.72928
0.6698
0.58782
0.69019
0.80695
0.7433
0.55238
0.86409
0.66065
0.59672
0.65369
0.75708
0.82148
0.92215
0.97817
0.96368
0.89682
0.89144
0.84853
0.88335
0.8765
0.9285
0.91968
0.74998
0.72754
0.83737
0.85288
0.7999
0.78448
0.77655
0.75335
0.7426
0.81095
0.83678
0.89705
0.94515
0.9647
0.93728
0.92044
0.95377
0.89826
0.73432
0.8601
0.92487
0.87758
0.77512
0.53835
0.4521
0.49853
0.72511
0.77319
0.74387
0.71874
0.57459
0.40388
0.39334
0.5316
0.74329
0.79559
0.85337
0.83775
0.81413
0.8736
0.83591
0.73287
0.75101
0.7422
0.75914
0.8266
0.75393
0.73929
0.65299
0.47216
0.37389
0.35188
0.35458
0.52817
0.4399
0.32107
0.28196
0.27925
0.47408
0.39189
0.4276
0.60662
0.5981
0.65023
0.66754
0.54609
0.4903
0.49651
0.55043
0.65446
0.71168
0.50606
0.51378
0.51226
0.42576
0.48172
0.63718
0.80306
0.90559
0.96095
0.96101
0.88709
0.9006
0.81832
0.84577
0.89457
0.9278
0.8737
0.74718
0.67996
0.608
0.73706
0.6727
0.61692
0.67118
0.69682
0.86758
0.84237
0.86648
0.8407
0.8551
0.69952
0.65145
0.61279
0.72594
0.66101
0.56365
0.5775
0.70426
0.90615
0.95338
0.97606
0.88068
0.8162
0.91372
0.92186
0.79776
0.66463
0.54267
0.57077
0.58901
0.71177
0.67313
0.81031
0.93183
0.8598
0.92749
0.93825
0.89203
0.88747
0.93549
0.90527
0.9628
0.95514
0.98345
0.95552
0.99332
0.98684
0.88349
0.90102
0.86942
0.82772
0.61195
0.70079
0.60613
0.77519
0.48694
0.60841
0.57433
0.64491
0.72294
0.7639
0.88749
0.84196
0.84941
0.92606
0.79015
0.74425
0.38125
0.36455
0.39835
0.5865
0.71781
0.95316
0.91978
0.74473
0.68767
0.59564
0.66558
0.62988
0.82472
0.637
0.60887
0.4406
0.45067
0.41413
0.52395
0.70679
0.81522
0.94587
0.98278
0.97967
0.97175
0.96734
0.98688
0.98192
0.99313
0.99574
1.0007
1.0009
0.99439
0.99719
0.99468
0.97273
0.91944
0.8816
0.83655
0.91099
0.80294
0.77264
0.72967
0.6801
0.71205
0.70029
0.7654
0.87145
0.9009
0.9362
0.93088
0.89786
0.93985
0.96681
0.96355
0.96404
0.9632
0.95054
0.84277
0.74356
0.88241
0.84372
0.72383
0.72511
0.5717
0.54727
0.5668
0.6342
0.55604
0.54616
0.58844
0.72145
0.74642
0.83546
0.90846
0.94032
0.9693
0.9857
0.96498
0.80891
0.99005
0.81996
0.61637
0.58888
0.68708
0.72387
0.61323
0.48716
0.45147
0.58649
0.63716
0.5502
0.67549
0.57561
0.72703
0.79088
0.82171
0.69399
0.77296
0.78422
0.67516
0.61632
0.8327
0.94299
0.88325
0.81257
0.7955
0.75167
0.5778
0.59366
0.50563
0.5042
0.48353
0.44489
0.42448
0.48833
0.52396
0.55721
0.53596
0.4066
0.35562
0.38102
0.36652
0.41937
0.36362
0.37831
0.40627
0.3976
0.28375
0.2585
0.28262
0.454
0.38601
0.40713
0.53729
0.72948
0.76722
0.78319
0.76832
0.74866
0.67702
0.72879
0.90886
0.93331
0.95998
0.99489
0.82423
0.75078
0.68566
0.55434
0.6154
0.52628
0.49163
0.46881
0.44037
0.4194
0.43049
0.45728
0.42678
0.42942
0.42611
0.42758
0.43447
0.44901
0.46816
0.43959
0.43673
0.36441
0.35131
0.35639
0.51102
0.62538
0.77466
0.841
0.88419
0.89812
0.97765
0.9945
0.99276
0.94717
0.83309
0.77004
0.75578
0.78325
0.87135
0.91903
0.98078
0.91038
0.88723
0.87004
0.87818
0.86969
0.88389
0.85668
0.83913
0.8054
0.77037
0.78092
0.80098
0.83578
0.86026
0.92933
0.98459
0.97822
0.84785
0.74667
0.64206
0.53478
0.54319
0.44978
0.41719
0.5072
0.47602
0.56654
0.61319
0.69653
0.69363
0.65739
0.61961
0.80628
0.96893
0.99233
0.82677
0.89297
0.78248
0.73199
0.63217
0.61645
0.60557
0.55834
0.4954
0.48477
0.46051
0.57669
0.60434
0.68815
0.69004
0.71744
0.75343
0.89702
0.98693
0.99994
0.9958
0.98302
0.97902
0.97917
0.97957
0.95973
0.91251
0.78111
0.86709
0.83085
0.66186
0.66697
0.67924
0.5624
0.50872
0.47788
0.42688
0.52892
0.60988
0.54832
0.47174
0.5877
0.46458
0.35927
0.22991
0.46938
0.43854
0.69762
0.57111
0.47182
0.35907
0.37116
0.41884
0.56853
0.59564
0.5017
0.45479
0.43677
0.45095
0.47491
0.47103
0.48792
0.49675
0.47985
0.44917
0.42874
0.41639
0.41956
0.42958
0.48756
0.54642
0.53713
0.44771
0.41333
0.41501
0.42377
0.429
0.45409
0.56046
0.74956
0.6244
0.80208
0.79518
0.8122
0.64617
0.57659
0.61555
0.68717
0.81807
0.97374
0.93385
0.84558
0.97338
0.96272
0.90909
0.89528
0.91902
0.94447
0.95936
0.97801
0.97466
0.95183
0.84409
0.86575
0.87856
0.9071
0.98012
0.98495
0.98814
0.98904
0.98965
0.99496
0.99354
0.99929
0.99841
0.99567
0.9911
0.98262
0.97111
0.92792
0.88028
0.8935
0.89677
0.9605
0.70031
0.57899
0.51251
0.57535
0.35243
0.30255
0.32181
0.31574
0.37203
0.44231
0.67244
0.64865
0.78468
0.8341
0.98125
0.9845
0.88884
0.94851
0.87528
0.8746
0.94635
0.87804
0.94063
0.95878
0.95531
0.95196
0.98059
0.99538
0.99959
0.99957
0.99936
1.0002
0.95918
0.92454
0.90268
0.94115
0.93311
0.75718
0.40942
0.44693
0.53868
0.62731
0.70531
0.75335
0.83449
0.97866
0.99749
0.9988
1.0001
0.96477
0.94516
0.9787
0.98345
0.98153
0.98389
0.9857
0.98318
0.98315
0.97124
0.98149
0.99167
0.98626
0.9752
0.97403
0.98693
0.98382
0.98705
0.99349
0.99533
0.93059
0.98291
0.89604
0.7095
0.77281
0.70438
0.69105
0.66911
0.67677
0.66258
0.67247
0.67831
0.63894
0.65559
0.73431
0.747
0.70982
0.6625
0.5891
0.6072
0.73851
0.74569
0.87836
0.65994
0.57127
0.52919
0.48954
0.43307
0.48024
0.7228
0.99273
0.97454
1.0004
0.97461
0.98973
1.0008
1.0006
0.99957
0.8707
0.98119
0.93626
0.88163
0.86017
0.79717
0.9926
0.95819
0.82182
0.57021
0.50816
0.49701
0.44346
0.43498
0.55108
0.7128
0.97355
0.95674
0.96213
0.98114
0.9559
0.97232
0.97038
0.97008
0.97579
0.98817
0.99868
0.96894
0.81149
0.92108
0.78735
0.51008
0.46978
0.466
0.46336
0.43499
0.43061
0.4269
0.4064
0.43213
0.50176
0.54734
0.45103
0.33135
0.34716
0.37738
0.45508
0.39281
0.55169
0.40262
0.38907
0.43151
0.50465
0.63986
0.76873
0.84776
0.93461
0.79313
0.76669
0.47903
0.69951
0.45528
0.66133
0.68096
0.64246
0.43877
0.55333
0.61554
0.57749
0.56807
0.57563
0.57768
0.65967
0.59837
0.4597
0.416
0.29914
0.31112
0.29588
0.45422
0.71835
0.48209
0.3465
0.27309
0.21535
0.22655
0.31713
0.59966
0.47705
0.33927
0.23472
0.24505
0.22752
0.22855
0.24799
0.42414
0.52347
0.47079
0.51243
0.37403
0.33863
0.38581
0.42703
0.541
0.65684
0.86742
0.57475
0.50263
0.5488
0.61295
0.57639
0.64505
0.61919
0.55492
0.36169
0.3166
0.323
0.29796
0.24002
0.31569
0.24736
0.25804
0.26274
0.29485
0.35952
0.41546
0.44532
0.3921
0.29305
0.39026
0.43467
0.42366
0.41064
0.44693
0.43609
0.42608
0.44579
0.51961
0.5857
0.59905
0.47716
0.41529
0.35754
0.35131
0.40707
0.3115
0.24087
0.23895
0.23258
0.19204
0.17416
0.17279
0.186
0.19478
0.22274
0.22646
0.19094
0.18041
0.20261
0.24549
0.28198
0.29724
0.26241
0.2378
0.21363
0.26949
0.24193
0.29396
0.32323
0.33495
0.44336
0.43658
0.42708
0.55208
0.95122
0.97259
0.94697
0.91917
0.88249
0.87381
0.70937
0.42805
0.41316
0.4367
0.40014
0.41185
0.4525
0.82641
0.65611
0.67468
0.52233
0.46899
0.48964
0.32522
0.26019
0.40971
0.90389
0.96268
0.9871
0.99985
0.97873
0.97094
0.98085
0.99452
0.99272
0.98182
0.97905
0.97782
0.99521
0.98488
0.61681
0.58982
0.58574
0.57843
0.5408
0.50407
0.39998
0.29717
0.33341
0.31856
0.30735
0.31611
0.30324
0.29929
0.27404
0.26118
0.22009
0.26381
0.25745
0.21218
0.24893
0.40356
0.32245
0.28758
0.28181
0.29551
0.27798
0.29161
0.31143
0.29738
0.24659
0.22469
0.21404
0.25408
0.52754
0.50144
0.47364
0.3998
0.25221
0.45109
0.46352
0.5801
0.46233
0.43781
0.45466
0.82484
0.79621
0.50366
0.38669
0.36722
0.34857
0.34721
0.35541
0.35496
0.34654
0.34843
0.38337
0.37255
0.33677
0.32058
0.35137
0.366
0.33207
0.30518
0.27182
0.29327
0.36881
0.95857
0.99736
0.99459
0.99252
0.98207
0.98438
0.98904
0.99042
0.95775
0.96658
0.98354
0.99219
0.99333
0.99595
0.95518
0.965
0.96949
0.97531
0.98773
0.9879
0.9967
0.99713
0.99873
0.96197
0.96244
0.9557
0.96294
0.9789
0.99963
0.99175
0.97961
0.9715
0.9559
0.92653
0.91936
0.94183
0.94896
0.97774
0.98336
0.92506
0.90364
0.87364
0.81472
0.68069
0.57579
0.33851
0.33844
0.34074
0.29541
0.27955
0.34217
0.43671
0.42924
0.32105
0.22783
0.3772
0.45903
0.48123
0.48979
0.47063
0.46008
0.45444
0.4741
0.46607
0.60728
0.99756
0.99014
0.97833
0.96748
0.93965
0.8338
0.96282
0.97463
0.97495
0.97991
0.98597
0.99868
0.98251
0.97975
0.96972
0.9169
0.88746
0.76331
0.55342
0.48441
0.47648
0.36091
0.39055
0.86793
0.93333
0.96425
0.9646
0.96274
0.96799
0.97299
0.95802
0.93212
0.941
0.95827
0.9593
0.95989
0.96501
0.96908
0.95902
0.9722
0.96926
0.99013
0.97635
0.9852
0.99967
0.99896
0.99415
0.99065
0.9271
0.81317
0.66444
0.66477
0.67981
0.61718
0.52779
0.50278
0.46335
0.45911
0.4777
0.52995
0.49188
0.48207
0.51592
0.386
0.30566
0.34425
0.43374
0.55783
0.59533
0.6345
0.79945
0.88859
0.77072
0.63064
0.51889
0.45485
0.38304
0.27127
0.22194
0.22915
0.26428
0.26862
0.20995
0.14293
0.26149
0.49195
0.62576
0.70717
0.77544
0.7919
0.92046
0.89032
0.96415
0.998
0.76183
0.99189
0.99852
1.0004
0.98963
1.0005
0.99707
0.99778
0.99883
0.89892
0.93637
0.78041
0.65794
0.54498
0.50099
0.47847
0.43721
0.37979
0.33442
0.34078
0.38356
0.32788
0.26469
0.28794
0.2643
0.24596
0.23468
0.19249
0.15619
0.16157
0.16013
0.17898
0.20818
0.19656
0.18494
0.32975
0.41028
0.37869
0.5055
0.5979
0.68391
0.61728
0.59521
0.58682
0.57709
0.71073
0.61021
0.62112
0.60082
0.64857
0.97347
0.97788
0.99615
1
0.99751
0.99831
0.95315
0.90181
0.84209
0.7584
0.73569
0.92894
0.89782
0.68671
0.6717
0.54886
0.54702
0.54289
0.53553
0.54383
0.61172
0.63366
0.58166
0.60909
0.94624
0.97595
0.99013
0.99526
0.93923
0.97144
0.98813
0.99774
0.97692
0.96403
0.87031
0.8009
0.82854
0.62851
0.36641
0.43443
0.61554
0.894
0.72431
0.61232
0.55712
0.4935
0.37894
0.39715
0.458
0.44113
0.42978
0.40035
0.39747
0.39061
0.38269
0.3601
0.38119
0.32667
0.3783
0.36211
0.34097
0.36395
0.32098
0.33113
0.32851
0.2606
0.34006
0.56092
0.83037
0.9169
0.92226
0.91352
0.73782
0.58355
0.49873
0.47963
0.47864
0.46026
0.45388
0.45152
0.45453
0.43998
0.5449
0.50725
0.44019
0.40984
0.38091
0.37889
0.35247
0.30879
0.2797
0.23925
0.21028
0.16936
0.18116
0.2177
0.2075
0.22953
0.27516
0.2773
0.28724
0.34041
0.40444
0.36182
0.3411
0.32838
0.37488
0.38874
0.37561
0.46214
0.93677
0.91411
0.88396
0.57682
0.44103
0.42768
0.43979
0.43965
0.41971
0.40892
0.44861
0.35272
0.29524
0.27663
0.26748
0.32209
0.3419
0.31321
0.31248
0.28996
0.24828
0.21399
0.20544
0.21245
0.21123
0.19863
0.12676
0.49884
0.33894
0.90604
0.9827
0.99335
0.99819
0.99396
0.9816
0.99835
0.99214
0.97441
0.94791
0.92662
0.73441
0.57532
0.4987
0.35242
0.35522
0.55882
0.57027
0.67521
0.92768
0.93511
0.93334
0.90796
0.88992
0.92733
0.86119
0.92478
0.93528
0.93146
0.64991
0.35558
0.36197
0.35185
0.31932
0.3754
0.38345
0.41837
0.49042
0.69287
0.66544
0.4272
0.41937
0.41266
0.39474
0.38915
0.3886
0.37897
0.37096
0.369
0.32269
0.34141
0.36102
0.36729
0.33586
0.39449
0.37142
0.35279
0.34594
0.33018
0.29939
0.30792
0.34658
0.3296
0.33814
0.32655
0.27461
0.31199
0.2798
0.26802
0.27526
0.26974
0.23517
0.20505
0.20161
0.21659
0.22707
0.24929
0.21889
0.24219
0.28941
0.29933
0.25025
0.32309
0.33309
0.35801
0.3557
0.26294
0.2378
0.1757
0.16918
0.17271
0.14561
0.13892
0.16938
0.23989
0.25171
0.30521
0.31633
0.38274
0.34469
0.34025
0.32053
0.33963
0.27384
0.25125
0.2508
0.24873
0.23756
0.24459
0.21189
0.17671
0.17325
0.168
0.1669
0.15627
0.15771
0.16586
0.17228
0.16953
0.15948
0.14661
0.14327
0.14363
0.14749
0.14164
0.12779
0.12104
0.11776
0.12394
0.15084
0.21115
0.29901
0.33235
0.3557
0.3649
0.37174
0.36508
0.37041
0.3572
0.3658
0.38695
0.40854
0.4091
0.37997
0.37604
0.36675
0.38087
0.39991
0.41157
0.44234
0.45932
0.43556
0.41826
0.392
0.38653
0.37767
0.38751
0.41375
0.40093
0.39171
0.3758
