0.45833
0.41094
0.44608
0.4215
0.46792
0.5156
0.89384
0.89686
0.89712
0.89363
0.86034
0.83174
0.72996
0.5866
0.57549
0.57939
0.5544
0.51826
0.46989
0.48219
0.52228
0.51381
0.52207
0.415
0.44592
0.88546
0.47393
0.44709
0.47209
0.4464
0.42207
0.52947
0.63395
0.83981
0.81556
0.43147
0.39049
0.38874
0.36661
0.36234
0.36714
0.36516
0.40909
0.42307
0.40556
0.38194
0.38604
0.396
0.40922
0.41379
0.39475
0.38259
0.3813
0.48163
0.34489
0.38636
0.28804
0.28293
0.25806
0.28926
0.33243
0.85454
0.87113
0.87963
0.87695
0.88193
0.87826
0.87002
0.59027
0.54892
0.54191
0.52873
0.4397
0.48646
0.53945
0.50673
0.5265
0.46465
0.38702
0.30748
0.31668
0.37035
0.36733
0.35399
0.37988
0.39529
0.40443
0.80535
0.82375
0.70599
0.52146
0.42755
0.40572
0.38668
0.41207
0.42591
0.49549
0.48887
0.452
0.42624
0.41929
0.38682
0.39841
0.38338
0.36547
0.33847
0.3322
0.30172
0.21793
0.1897
0.16142
0.14723
0.17648
0.18203
0.1876
0.21762
0.2614
0.29827
0.30794
0.26718
0.37262
0.38239
0.39383
0.36402
0.31952
0.25625
0.2357
0.22038
0.2013
0.21553
0.20776
0.20932
0.19838
0.18009
0.18479
0.19852
0.24998
0.24467
0.23693
0.22652
0.24451
0.2584
0.29091
0.35113
0.40333
0.5386
0.56581
0.49193
0.47261
0.44832
0.34736
0.39103
0.42549
0.31185
0.25012
0.29876
0.3618
0.38558
0.42169
0.41516
0.43063
0.44659
0.42166
0.33201
0.31867
0.42933
0.40164
0.4094
0.4193
0.43614
0.42424
0.47716
0.43424
0.92287
0.86387
0.86336
0.91726
0.9252
0.9015
0.76744
0.95903
0.93006
0.93997
0.93191
0.92987
0.9314
0.9246
0.9249
0.94019
0.93892
0.92697
0.7778
0.5833
0.45618
0.39475
0.37311
0.38486
0.37783
0.28737
0.41573
0.64247
0.9045
0.91264
0.93532
0.94721
0.95163
0.95618
0.9552
0.95498
0.95463
0.95452
0.95644
0.95486
0.95536
0.95695
0.94116
0.92993
0.92055
0.91256
0.90921
0.90649
0.82903
0.81469
0.80787
0.79318
0.76678
0.66327
0.55212
0.42784
0.40087
0.40937
0.38161
0.43655
0.52364
0.54788
0.8309
0.87037
0.88924
0.90228
0.91831
0.92416
0.90314
0.86269
0.69694
0.81168
0.91183
0.92788
0.92752
0.94209
0.95928
0.96354
0.96069
0.96562
0.96072
0.95623
0.81994
0.70792
0.55468
0.36873
0.62881
0.57476
0.58738
0.59704
0.64553
0.79613
0.85409
0.86207
0.73365
0.65715
0.59256
0.50276
0.32361
0.26671
0.24508
0.2198
0.23278
0.35623
0.73108
0.85729
0.87288
0.86081
0.84022
0.82207
0.71594
0.53593
0.46963
0.4191
0.51279
0.53312
0.71649
0.73106
0.75909
0.64422
0.53529
0.47778
0.67599
0.74056
0.73697
0.71903
0.68983
0.62373
0.74964
0.5661
0.63174
0.56569
0.56927
0.57156
0.44737
0.43308
0.47631
0.54991
0.76168
0.66125
0.40564
0.32425
0.38069
0.38464
0.32603
0.34421
0.31546
0.2829
0.30065
0.31902
0.42116
0.75107
0.77467
0.76787
0.76319
0.71816
0.55089
0.80205
0.84135
0.85894
0.85824
0.83054
0.78506
0.70897
0.55902
0.52379
0.48242
0.40147
0.33492
0.27708
0.30334
0.27995
0.21441
0.18876
0.1723
0.15632
0.18659
0.70721
0.84057
0.86866
0.8993
0.92417
0.93789
0.94186
0.9328
0.93678
0.94232
0.94389
0.93561
0.93282
0.92609
0.92089
0.92334
0.87328
0.62327
0.44541
0.59842
0.63269
0.58167
0.48144
0.4244
0.43696
0.42231
0.40696
0.36067
0.31687
0.31613
0.27154
0.48418
0.53005
0.7879
0.61799
0.54537
0.53742
0.50255
0.51321
0.56193
0.37745
0.42357
0.35715
0.36068
0.35307
0.27755
0.30927
0.23274
0.18365
0.18948
0.23568
0.24987
0.47981
0.86363
0.88541
0.90348
0.91088
0.86792
0.7419
0.65776
0.61118
0.51831
0.45629
0.38839
0.39513
0.34465
0.29888
0.24442
0.18039
0.10666
0.1378
0.1926
0.21308
0.33267
0.81458
0.7025
0.53647
0.62464
0.52457
0.46265
0.85135
0.88844
0.88553
0.69398
0.43714
0.532
0.76226
0.58581
0.39994
0.34702
0.32791
0.33337
0.31771
0.31429
0.3218
0.33678
0.32081
0.31554
0.32816
0.3242
0.36065
0.30543
0.288
0.28306
0.29563
0.30455
0.22482
0.251
0.26907
0.34415
0.33814
0.34579
0.32219
0.3269
0.32719
0.31297
0.33862
0.35422
0.45913
0.57858
0.81936
0.81746
0.40583
0.41769
0.42095
0.3577
0.36282
0.37754
0.28104
0.2812
0.35613
0.28309
0.25806
0.23675
0.29027
0.27537
0.24863
0.205
0.18137
0.17755
0.16889
0.17307
0.15921
0.16674
0.11326
0.17551
0.22266
0.19796
0.22978
0.22983
0.25362
0.29838
0.32507
0.42661
0.3776
0.33251
0.30562
0.33898
0.52183
0.50989
0.40361
0.34521
0.30178
0.35221
0.36865
0.3838
0.41936
0.45802
0.41894
0.4629
0.43737
0.41063
0.63923
0.86815
0.8876
0.85633
0.80676
0.69603
0.58981
0.5737
0.5595
0.49872
0.4428
0.41266
0.36445
0.34223
0.30819
0.28535
0.27168
0.26439
0.33781
0.36741
0.32109
0.34893
0.78209
0.85392
0.88374
0.92062
0.92838
0.93294
0.93729
0.94282
0.94826
0.95689
0.96524
0.97024
0.9747
0.97673
0.97269
0.96958
0.96166
0.96161
0.96548
0.97337
0.98545
0.99553
0.99423
0.99693
0.99656
0.99782
0.9921
0.98294
0.95109
0.93646
0.91728
0.92024
0.92505
0.91649
0.81391
0.77862
0.86169
0.85906
0.84515
0.79635
0.86222
0.82307
0.75694
0.73145
0.68033
0.76648
0.84272
0.84053
0.71408
0.59397
0.54953
0.50772
0.44108
0.43357
0.45422
0.49694
0.56284
0.63636
0.68628
0.79173
0.85748
0.90153
0.89867
0.89015
0.88781
0.82884
0.50541
0.40578
0.42308
0.77522
0.52258
0.82936
0.94075
0.94453
0.95398
0.96164
0.95768
0.93741
0.91506
0.89683
0.89354
0.86851
0.72059
0.55904
0.57051
0.70491
0.64071
0.59778
0.5761
0.54298
0.5318
0.4662
0.37926
0.35285
0.3522
0.34748
0.23988
0.28621
0.37004
0.38482
0.36432
0.34436
0.34043
0.33716
0.33152
0.31156
0.29263
0.33739
0.33093
0.29719
0.23822
0.21785
0.31957
0.35232
0.38286
0.35689
0.46589
0.56286
0.54359
0.48192
0.43845
0.4289
0.41587
0.44092
0.47925
0.46284
0.42329
0.41517
0.49377
0.42037
0.61049
0.54494
0.46359
0.43155
0.40338
0.48392
0.50343
0.42964
0.43555
0.40763
0.37839
0.33821
0.42583
0.78726
0.82622
0.83551
0.86384
0.8928
0.91287
0.922
0.73673
0.84103
0.81063
0.77911
0.52683
0.47001
0.39987
0.46313
0.60314
0.57124
0.50864
0.52166
0.48072
0.44321
0.41825
0.36602
0.42614
0.84974
0.90196
0.82004
0.59752
0.529
0.57494
0.46573
0.44878
0.4289
0.63054
0.85101
0.59068
0.80377
0.95834
0.97581
0.9606
0.8925
0.49384
0.53111
0.569
0.59707
0.57886
0.69356
0.70707
0.59544
0.47806
0.38863
0.42292
0.56559
0.54857
0.50127
0.61658
0.59597
0.4194
0.33764
0.26116
0.2119
0.35149
0.37305
0.42558
0.3756
0.33142
0.32862
0.29806
0.26771
0.28328
0.38184
0.50704
0.59991
0.55023
0.46267
0.33186
0.17981
0.14771
0.2096
0.17629
0.14352
0.1636
0.37119
0.36977
0.42279
0.71457
0.54446
0.51468
0.50309
0.56883
0.9512
0.96998
0.86328
0.95292
0.98884
0.96222
0.61564
0.55586
0.5762
0.9685
0.99842
0.9308
0.81496
0.67263
0.63094
0.62542
0.9622
0.99989
0.99813
0.98864
0.98397
0.98296
0.97468
0.97974
0.98165
0.98169
0.99388
0.98135
0.99266
0.99816
0.99347
0.99488
0.9917
0.98078
0.78078
0.62548
0.76856
0.69865
0.87963
0.72028
0.63684
0.82015
0.8488
0.86497
0.86958
0.68546
0.6814
0.68395
0.67741
0.66409
0.63069
0.54536
0.49433
0.48455
0.46263
0.45712
0.43841
0.3602
0.27805
0.49241
0.58267
0.54562
0.68658
0.65734
0.61843
0.6118
0.64641
0.64153
0.64238
0.6726
0.64196
0.51415
0.45562
0.40187
0.39108
0.41642
0.42754
0.44688
0.40178
0.36723
0.3585
0.37158
0.40512
0.46209
0.43417
0.57664
0.43696
0.39966
0.41205
0.45874
0.49784
0.51335
0.46881
0.43844
0.41242
0.42733
0.41793
0.40457
0.40437
0.52265
0.62658
0.64772
0.64802
0.47251
0.53041
0.50415
0.50692
0.59468
0.60353
0.56433
0.40593
0.33145
0.36177
0.36192
0.41124
0.51886
0.53203
0.54819
0.41862
0.33406
0.36284
0.40832
0.42356
0.4827
0.51806
0.59627
0.46858
0.43151
0.42778
0.34553
0.38538
0.55233
0.59119
0.56115
0.63706
0.40072
0.24046
0.19483
0.18111
0.33803
0.63389
0.80441
0.81767
0.75154
0.64937
0.49746
0.47272
0.5971
0.76942
0.80255
0.75977
0.72467
0.73616
0.71293
0.58761
0.68385
0.70887
0.64212
0.67871
0.62917
0.8301
0.53684
0.3903
0.52877
0.76047
0.79011
0.78139
0.86395
0.88112
0.59351
0.537
0.56906
0.80741
0.48415
0.4291
0.51869
0.94266
0.95994
0.95716
0.96735
0.97238
0.96496
0.96164
0.96083
0.9621
0.96301
0.85231
0.76939
0.69653
0.96228
0.97276
0.97397
0.97364
0.96917
0.96223
0.9342
0.92637
0.95251
0.93762
0.93311
0.72913
0.67619
0.662
0.65967
0.64756
0.69573
0.63453
0.56075
0.48575
0.45291
0.46774
0.44488
0.41985
0.50259
0.54315
0.83607
0.81783
0.75962
0.64679
0.47206
0.43312
0.49336
0.51014
0.40658
0.4935
0.34898
0.42079
0.33477
0.41614
0.48733
0.509
0.64114
0.34017
0.1871
0.55349
0.66124
0.72204
0.82912
0.74055
0.76386
0.74163
0.95031
0.97081
0.98598
0.98944
0.99979
0.99819
1.0006
0.84887
0.70065
0.78721
0.89747
0.60693
0.62299
0.60081
0.51513
0.43825
0.3956
0.45992
0.47632
0.39724
0.4646
0.49488
0.4373
0.66469
0.46695
0.54844
0.72355
0.65156
0.62477
0.71037
0.5509
0.54828
0.45063
0.43666
0.49058
0.56059
0.76388
0.84497
0.90727
0.9093
0.95139
0.94954
0.91677
0.87884
0.85388
0.70022
0.65978
0.62922
0.56442
0.45526
0.49294
0.58026
0.55598
0.6183
0.88805
0.88606
0.79602
0.82689
0.747
0.66268
0.66445
0.68889
0.53154
0.49391
0.48011
0.46297
0.46468
0.42566
0.502
0.49581
0.48387
0.48119
0.41136
0.44319
0.43853
0.59125
0.68219
0.97446
0.97753
0.56255
0.43372
0.42016
0.45524
0.43519
0.43026
0.43186
0.30064
0.26375
0.26093
0.29832
0.34282
0.3409
0.39389
0.38586
0.45778
0.54684
0.60721
0.65695
0.74152
0.69435
0.92399
0.99736
0.99782
0.99741
0.99809
0.99781
0.9985
0.99766
0.99577
0.98239
0.98038
0.98704
0.97759
0.97804
0.89223
0.98722
0.9812
0.99737
0.99883
1
0.99048
0.89497
0.62657
0.54597
0.76501
0.70004
0.53736
0.51589
0.44345
0.38435
0.3072
0.45435
0.59395
0.74421
0.70454
0.73552
0.82239
0.95703
0.98514
0.9977
0.99375
0.99005
1.0006
0.99028
0.96726
0.93221
0.97456
0.98981
0.98472
1.0001
0.9857
0.9986
0.99332
0.91915
0.79168
0.75354
0.75197
0.85968
0.76718
0.65197
0.59222
0.68841
0.68275
0.75545
0.83916
0.84441
0.83548
0.67775
0.6164
0.62243
0.78055
0.86809
0.85886
0.70518
0.6237
0.58946
0.56682
0.55238
0.65912
0.82436
0.80573
0.77415
0.64551
0.50097
0.51589
0.56411
0.69293
0.77697
0.70033
0.62171
0.56911
0.55498
0.54265
0.51639
0.50164
0.67221
0.68053
0.71433
0.54194
0.54957
0.57151
0.54485
0.50246
0.53657
0.60088
0.67138
0.77752
0.75752
0.6868
0.55704
0.708
0.77035
0.85197
0.93563
0.9545
0.77941
0.66072
0.63355
0.53168
0.64198
0.6302
0.68937
0.70783
0.53699
0.49443
0.48531
0.58516
0.69836
0.75667
0.73305
0.80406
0.84634
0.89928
0.92521
0.71632
0.65636
0.6368
0.75625
0.7527
0.55879
0.50631
0.47053
0.46891
0.52814
0.56102
0.60028
0.63139
0.59012
0.55118
0.48255
0.45956
0.61578
0.66566
0.66377
0.86384
0.94243
0.74504
0.67668
0.83881
0.74596
0.66605
0.71054
0.67044
0.62799
0.56968
0.57458
0.63545
0.71924
0.71437
0.75377
0.98386
0.98299
0.99558
0.98227
0.95707
0.8773
0.83209
0.77837
0.76394
0.85303
0.88059
0.64638
0.59787
0.54407
0.60274
0.62195
0.60127
0.50325
0.4628
0.36284
0.39471
0.46485
0.37576
0.29872
0.28183
0.37581
0.3216
0.31762
0.40307
0.44338
0.4127
0.3128
0.22753
0.32341
0.24757
0.23593
0.26179
0.33571
0.45484
0.47743
0.41143
0.29989
0.23922
0.22273
0.31385
0.61424
0.77394
0.79652
0.71567
0.78159
0.6439
0.50332
0.47813
0.52411
0.63075
0.72337
0.7612
0.69744
0.52543
0.66359
0.75774
0.82512
0.94393
0.93017
0.88129
0.95883
0.99776
0.99825
0.99027
0.99818
0.99859
0.9988
0.99757
0.99854
0.99846
0.9991
0.99899
0.98543
0.91778
0.97811
0.98745
0.98872
0.9105
0.99329
0.97183
0.85734
0.74741
0.82912
0.97435
0.92159
0.75176
0.92321
0.83115
0.75005
0.74384
0.87046
0.95036
0.87846
0.68925
0.73968
0.60033
0.75542
0.80074
0.87217
0.90043
0.75869
0.64231
0.6822
0.64041
0.7172
0.74038
0.81289
0.67983
0.66046
0.59896
0.61673
0.64128
0.62299
0.62537
0.6247
0.48645
0.42488
0.43121
0.44039
0.44533
0.45535
0.53504
0.58806
0.62489
0.63498
0.62751
0.53983
0.46865
0.48687
0.50168
0.48942
0.56453
0.61873
0.59732
0.53604
0.61049
0.63827
0.57669
0.61476
0.63198
0.44613
0.3655
0.44425
0.51786
0.55654
0.51041
0.51903
0.61715
0.62116
0.63301
0.77705
0.85614
0.8412
0.76995
0.99987
0.99841
0.97444
0.97405
0.99836
0.99946
0.99733
1.0001
1.0001
0.99865
0.99873
0.99846
0.79356
0.83656
0.76395
0.80468
0.927
0.74834
0.60912
0.76898
0.9323
0.94929
0.94149
0.8895
0.86691
0.8643
0.81511
0.70533
0.72212
0.70843
0.84663
0.83008
0.89084
0.7978
0.75579
0.78317
0.77616
0.74949
0.7359
0.80356
0.91698
0.98888
0.99103
1.0002
1
0.898
0.74024
0.67759
0.64067
0.69714
0.71971
0.60698
0.61226
0.55621
0.58751
0.61803
0.63763
0.62688
0.52176
0.91403
0.99953
1.0001
1.0001
1.0009
0.99999
1.0008
0.99925
0.99938
1.0006
0.9994
0.88988
0.72197
0.73509
0.68358
0.59627
0.58349
0.55403
0.51664
0.54213
0.56875
0.57768
0.57432
0.55881
0.54095
0.56765
0.49368
0.46105
0.60713
0.64185
0.67757
0.8133
0.93359
0.82882
0.75419
0.65132
0.63659
0.6129
0.63398
0.59362
0.48151
0.45903
0.48371
0.5188
0.51179
0.56641
0.5169
0.2779
0.41822
0.72632
0.742
0.52176
0.48014
0.50737
0.52456
0.54531
0.50427
0.46848
0.43734
0.37964
0.33393
0.35081
0.55008
0.48315
0.48396
0.49256
0.45859
0.4566
0.51448
0.53438
0.64853
0.63134
0.60308
0.59417
0.74898
0.799
0.75953
0.70677
0.6709
0.64864
0.5477
0.5022
0.47931
0.46405
0.46452
0.47
0.46384
0.46052
0.36973
0.48002
0.50143
0.58547
0.56833
0.62776
0.69532
0.72749
0.65892
0.52521
0.66469
0.67017
0.72005
0.88664
0.9839
0.99836
0.99975
0.98209
0.99773
0.9232
0.78633
0.84628
0.98771
0.91756
0.91628
0.99952
0.9974
0.84995
0.83061
0.88737
0.99762
0.99827
0.87113
0.81846
0.94225
0.99434
0.9895
0.97877
0.85797
0.66701
0.57575
0.61084
0.62731
0.67687
0.7492
0.83738
0.81769
0.8365
0.8872
0.88185
0.89585
0.99244
0.98618
0.98147
0.99029
0.91466
0.77745
0.74329
0.89706
0.70645
0.7611
0.96791
0.76382
0.72765
0.87
0.84628
0.78839
0.79959
0.76994
0.75244
0.79924
0.7914
0.78485
0.755
0.80017
0.77745
0.77669
0.88638
0.87054
0.65214
0.5828
0.64955
0.71554
0.85331
0.96712
0.97352
0.99741
0.99936
0.99866
0.9975
0.99963
0.99706
1.0008
0.99018
0.98688
0.98737
0.98391
0.98306
0.98349
0.97934
0.97082
0.96903
0.97172
0.95419
0.92441
0.9238
0.94556
1.0006
0.99739
0.99819
0.99009
0.96385
0.96343
0.86913
0.80451
0.84423
0.79712
0.77517
0.98481
0.99586
0.96795
0.85698
0.82187
0.83786
0.98364
0.87552
0.7987
0.70481
0.68827
0.99871
1.0002
0.80111
0.80552
0.75256
0.84143
0.8131
0.71453
0.66448
0.72264
0.69396
0.65836
0.79019
0.94502
0.68772
0.56554
0.47391
0.49792
0.57143
0.54321
0.69685
0.94811
0.99911
0.99743
0.99995
0.99751
0.99599
0.96201
0.83688
0.75774
0.74126
0.72362
0.70885
0.76026
0.7042
0.82691
0.76323
0.93858
0.91503
0.96937
0.77291
0.88782
0.80238
0.74136
0.84863
0.86936
0.76815
0.71122
0.6687
0.66176
0.56541
0.52128
0.55477
0.57265
0.53864
0.65099
0.69255
0.98222
0.98601
0.97845
0.92995
0.96495
1
0.99976
0.77457
0.61382
0.68363
0.70461
0.70902
0.71927
0.692
0.60587
0.56281
0.42291
0.39733
0.44818
0.57921
0.58091
0.5192
0.57771
0.60105
0.58628
0.59231
0.57382
0.76514
0.53307
0.40944
0.33333
0.34712
0.35962
0.38138
0.47205
0.61014
0.77688
0.82908
0.86094
0.89111
0.94855
0.9634
0.94464
0.95676
1.0002
1.0002
0.9991
0.99862
0.99727
0.97784
0.82717
0.9582
0.89806
0.89033
1.0006
0.9888
1.0003
0.9911
0.97627
0.97412
0.99973
0.81553
0.63984
0.63202
0.6161
0.57256
0.54897
0.54578
0.5982
0.52427
0.51101
0.56537
0.54102
0.47852
0.44237
0.45764
0.41767
0.35803
0.32051
0.30299
0.34199
0.48346
0.51102
0.54189
0.53075
0.41496
0.3074
0.48442
0.45531
0.48188
0.6398
0.70607
0.88223
0.93702
0.84796
0.74731
0.75031
0.78386
0.86772
0.95555
0.98979
0.99723
0.99727
1.0001
0.99811
0.9974
0.99763
0.99725
1.0005
1.0006
1.0007
0.99935
0.9991
1.0003
0.99792
0.99851
0.99912
0.99821
0.99979
0.99888
0.91259
0.82427
0.74026
0.68738
0.6356
0.64975
0.59347
0.58919
0.54198
0.59297
0.61145
0.58246
0.59313
0.55744
0.50409
0.53814
0.48146
0.55932
0.70014
0.78229
0.73972
0.74294
0.8235
0.73208
0.81463
0.90152
0.84099
0.7138
0.57296
0.42396
0.358
0.40021
0.39851
0.45199
0.48543
0.46661
0.35031
0.32561
0.34221
0.31878
0.31067
0.35956
0.38809
0.51764
0.42921
0.45469
0.53704
0.48426
0.74392
0.57019
0.5869
0.64451
0.7195
0.68152
0.67775
0.56599
0.58672
0.57686
0.58412
0.74051
0.703
0.69356
0.63486
0.55647
0.60661
0.57103
0.61717
0.64877
0.67081
0.56798
0.4829
0.45815
0.55487
0.56672
0.55295
0.61634
0.49709
0.42631
0.35521
0.31464
0.33314
0.37728
0.43179
0.57838
0.51803
0.39151
0.37947
0.52015
0.57075
0.56057
0.63697
0.69869
0.70303
0.42927
0.46636
0.41901
0.43518
0.44796
0.41452
0.6215
0.71828
0.57165
0.47184
0.36685
0.35541
0.52617
0.7146
0.75816
0.65041
0.55627
0.52885
0.42798
0.53055
0.53794
0.60878
0.62125
0.56516
0.52659
0.4661
0.32239
0.70589
0.99545
0.98301
0.95892
0.74653
0.63512
0.37947
0.34622
0.40885
0.44968
0.45728
0.56087
0.4835
0.47405
0.46715
0.56977
0.6065
0.67736
0.68585
0.57754
0.53847
0.53255
0.51931
0.52594
0.5529
0.56025
0.50448
0.46676
0.43006
0.38606
0.44306
0.33801
0.33908
0.40598
0.37901
0.32014
0.29015
0.26536
0.26993
0.21411
0.2341
0.24375
0.25686
0.28438
0.21407
0.20865
0.23342
0.26407
0.30365
0.36068
0.37971
0.3663
0.36334
0.33578
0.34002
0.32913
0.35748
0.40296
0.39125
0.36084
0.32586
0.34103
0.33441
0.30189
0.34797
0.50395
0.42594
0.4873
0.44889
0.39041
0.35218
0.36811
0.58954
0.76401
0.74227
0.84434
0.86004
0.78566
0.70333
0.62446
0.60102
0.56293
0.5517
0.59068
0.521
0.39554
0.36788
0.33128
0.31824
0.30758
0.28716
0.24977
0.2664
0.24477
0.2901
0.35194
0.43325
0.42875
0.48761
0.38655
0.3742
0.37116
0.38611
0.43133
0.44431
0.41958
0.35016
0.32112
0.31192
0.27522
0.29971
0.49583
0.528
0.52695
0.51114
0.50651
0.5141
0.52809
0.5412
0.62649
0.68823
0.72541
0.99987
0.99846
0.99282
0.89286
0.71895
0.62612
0.53807
0.53625
0.4952
0.48722
0.49585
0.50793
0.78875
0.94989
0.98222
0.99425
0.99997
0.93573
0.91357
0.83578
0.8586
0.94137
0.79255
0.76733
0.82297
0.92475
0.6906
0.60728
0.48124
0.50349
0.47018
0.5913
0.69857
0.73788
0.70705
0.97209
0.97426
0.96159
0.95745
0.97093
0.65979
0.50217
0.51805
0.50821
0.50707
0.56493
0.68848
0.71381
0.78359
0.78265
0.63778
0.57288
0.68122
0.58817
0.71461
0.74634
0.80089
0.73961
0.60215
0.99434
0.99061
0.97651
0.97904
0.97276
0.97174
0.97333
0.97823
0.8873
0.69199
0.65517
0.60528
0.94717
0.93197
0.75293
0.9584
0.96187
0.96405
0.96282
0.84703
0.71396
0.71844
0.6069
0.48326
0.4535
0.41847
0.39558
0.40337
0.40686
0.39156
0.42622
0.52711
0.54416
0.4711
0.44107
0.40109
0.35642
0.34388
0.31444
0.3315
0.28451
0.25017
0.28295
0.57369
0.94818
0.96041
0.95952
0.96144
0.96733
0.97128
0.97527
0.98582
0.73556
0.75892
0.76232
0.80199
0.78871
0.74981
0.7495
0.79154
0.92628
0.94986
0.95624
0.95763
0.96353
0.96765
0.91468
0.76508
0.70758
0.70768
0.78386
0.7882
0.80615
0.79142
0.70929
0.6908
0.66791
0.67096
0.66991
0.70136
0.65844
0.54642
0.439
0.45182
0.43354
0.47736
0.42164
0.41667
0.37506
0.46618
0.41241
0.46393
0.44928
0.46908
0.44079
0.42969
0.44148
0.43149
0.42603
0.43221
0.43665
0.43538
0.44598
0.40587
0.42781
0.45372
0.4763
0.51993
0.48791
0.47557
0.4948
0.51424
0.54411
0.51256
0.45754
0.35182
0.2461
0.23151
0.60691
0.6813
0.57724
0.44668
0.50092
0.83263
0.91755
0.92762
0.91174
0.91331
0.86741
0.63501
0.52189
0.50324
0.48137
0.4631
0.45634
0.44279
0.41088
0.38389
0.33925
0.28638
0.24122
0.18065
0.14666
0.11502
0.1109
0.12787
0.17222
0.19234
0.21287
0.2882
0.32532
0.29776
0.25577
0.26882
0.27731
0.33248
0.39172
0.40961
0.40034
0.20758
0.16449
0.16412
0.32414
0.36758
0.35296
0.38739
0.39998
0.45877
0.49342
0.56393
0.83014
0.88223
0.90823
0.90982
0.90891
0.89381
0.89187
0.84384
0.57983
0.59027
0.90532
0.90848
0.8911
0.46923
0.40064
0.40541
0.40205
0.34132
0.3671
0.31445
0.2257
0.18476
0.28327
0.31696
0.29989
0.31565
0.35516
0.32966
0.3732
0.41865
0.38
0.46457
0.30693
0.35852
0.32466
0.40579
0.55171
0.66112
0.89798
0.92947
0.94591
0.95221
0.9601
0.95784
0.95421
0.75287
0.56745
0.54016
0.90439
0.94459
0.95256
0.95218
0.95637
0.95426
0.84072
0.50687
0.42483
0.398
0.35711
0.33976
0.3346
0.31243
0.31419
0.29375
0.28819
0.25846
0.21682
0.1798
0.13911
0.10729
0.088998
0.071273
0.069894
0.059155
0.067606
0.082931
0.093496
0.093322
0.089359
0.077492
0.061648
0.093746
0.122
0.15702
0.27596
0.27377
0.15931
0.15515
0.21732
0.33205
0.45856
0.40838
0.35965
0.33987
0.208
0.26983
0.30156
0.39622
0.41433
0.43743
0.44766
0.45151
0.52405
0.74527
0.8768
0.92598
0.86578
0.63249
0.56109
0.63712
0.8116
0.85099
0.84704
0.81188
0.69211
0.54938
0.61916
0.67077
0.58365
0.56288
0.51356
0.47873
0.57144
0.57024
0.57877
0.5295
0.53541
0.55751
0.5781
0.60094
0.61327
0.61202
0.69242
0.60644
0.55973
0.43004
0.38738
0.35162
0.38263
0.43695
0.44508
0.42523
0.42411
0.43454
0.42864
0.41639
0.39425
0.41281
0.41865
0.40074
0.40889
0.40896
0.42212
0.41711
0.42123
0.42378
0.38287
0.39416
0.40212
0.50668
0.56664
0.60295
0.61005
0.59393
0.62637
0.93722
0.94591
0.95657
0.95145
0.91385
0.91269
0.8211
0.53171
0.39016
0.68867
0.79591
0.81724
0.92444
0.69047
0.6744
0.67331
0.51491
0.46797
0.46152
0.43749
0.40014
0.48332
0.42647
0.40679
0.40038
0.50904
0.56364
0.44756
0.42653
0.44451
0.4066
0.38902
0.3881
0.39254
0.36888
0.36599
0.39116
0.40307
0.44224
0.47097
0.49395
0.4326
0.38818
0.41342
0.41338
0.37671
0.3316
0.37071
0.41207
0.38642
0.35877
0.35005
0.37863
0.40764
0.36722
0.36508
0.38856
0.44727
0.51061
0.51647
0.52231
0.44576
0.36484
0.5355
0.63889
0.51763
0.48616
0.36954
0.30392
0.25618
0.26963
0.29475
0.32526
0.74169
0.74724
0.75435
0.68484
0.60761
0.50532
0.52482
0.55572
0.70624
0.677
0.6102
0.57152
0.5557
0.55052
0.45499
0.51853
0.46682
0.38933
0.44681
0.44338
0.46762
0.46042
0.40124
0.38564
0.39069
0.38315
0.27812
0.2436
0.22713
0.1835
0.2567
0.32068
0.43699
0.41257
0.40852
0.41061
0.41848
0.4524
0.45364
0.45845
0.46846
0.45004
0.3605
0.30962
0.27906
0.21786
0.17787
0.15675
0.23846
0.73286
0.8972
0.88032
0.92009
0.92892
0.92431
0.92074
0.92031
0.91278
0.8899
0.78299
0.768
0.73065
0.54266
0.33883
0.32909
0.30929
0.32721
0.39685
0.3767
0.3586
0.31563
0.18342
0.18402
0.15265
0.17528
0.24483
0.21925
0.27708
0.29395
0.34816
0.37307
0.36537
0.40319
0.40893
0.42405
0.43824
0.456
0.47779
0.51635
0.65596
0.53697
0.49851
0.47073
0.52283
0.55401
0.94123
0.87209
0.93626
0.94389
0.70699
0.73381
0.78132
0.53277
0.5092
0.47821
0.45414
0.41869
0.4064
0.42763
0.31611
0.29802
0.30281
0.37165
0.71524
0.42271
0.42774
0.51163
0.77604
0.86526
0.90047
0.88018
0.85862
0.79186
0.70005
0.5127
0.42829
0.39463
0.3654
0.34382
0.39387
0.52765
0.90708
0.92171
0.93382
0.92236
0.92291
0.91802
0.89774
0.8888
0.88019
0.86486
0.86098
0.85212
0.8429
0.78216
0.45142
0.389
0.39096
0.43481
0.42669
0.35769
0.36864
0.34795
0.33084
0.37464
0.38343
0.3802
0.39375
0.41723
0.38389
0.38175
0.38089
0.33652
0.3586
0.35569
0.36757
0.35292
0.37303
0.38156
0.40175
0.4021
0.86548
0.81786
0.70812
0.60299
0.83489
0.86019
0.89124
0.89202
0.89294
0.89122
0.84412
0.74283
0.47798
0.37276
0.26431
0.34321
0.47185
0.46833
0.72749
0.69138
0.89947
0.91166
0.88624
0.9156
0.91106
0.89907
0.9089
0.92198
0.87177
0.87657
0.86859
0.83214
0.79832
0.70869
0.58733
0.55064
0.48608
0.34558
0.38838
0.47472
0.62725
0.54732
0.88051
0.45326
0.49601
0.39906
0.38453
0.38967
0.40328
0.52689
0.45435
0.65085
0.63756
0.60241
0.58353
0.57601
0.58121
0.5773
0.5762
0.56886
0.56868
0.56056
0.55542
0.5713
0.59616
0.55258
0.56827
0.7362
0.68097
0.53882
0.48131
0.51609
0.49448
0.47919
0.40187
0.41709
0.45436
0.40862
0.34781
0.37559
0.445
0.48467
0.39983
0.36757
0.45158
0.60566
0.70054
0.82586
0.72728
0.67739
0.63807
0.69995
0.56908
0.54834
0.53702
0.53555
0.52273
0.55016
0.53503
0.53947
0.56362
0.56834
0.70073
0.85977
0.87327
0.85776
0.84159
0.76687
0.66115
0.76709
0.78479
0.72389
0.8355
0.83885
0.85606
0.86329
0.83452
0.79282
0.59966
0.48344
0.52264
0.74145
0.65317
0.45208
0.36133
0.34571
0.30584
0.38485
0.48181
0.74007
0.45234
0.36953
0.24974
0.22405
0.21512
0.31272
0.44266
0.45217
0.43207
0.40754
