0.53421
0.46078
0.43908
0.39852
0.38929
0.37921
0.52792
0.4685
0.55085
0.52149
0.50671
0.47847
0.46019
0.61086
0.43018
0.44558
0.48837
0.46238
0.49641
0.90264
0.93886
0.8866
0.76452
0.78627
0.43534
0.62855
0.5008
0.46618
0.42244
0.40525
0.38169
0.36188
0.40689
0.51815
0.68943
0.83569
0.86693
0.88619
0.88505
0.80463
0.89854
0.91502
0.91807
0.90036
0.72156
0.87312
0.91326
0.83655
0.69882
0.65935
0.64742
0.66584
0.64495
0.60896
0.61934
0.62693
0.57101
0.59061
0.6731
0.7037
0.66638
0.61977
0.56767
0.55124
0.5559
0.57075
0.56707
0.55689
0.56077
0.54845
0.55468
0.54374
0.39796
0.35583
0.35556
0.32816
0.33307
0.4016
0.37474
0.36362
0.32526
0.2985
0.31842
0.30056
0.27813
0.25336
0.27588
0.28974
0.32453
0.32468
0.26562
0.30679
0.32992
0.34619
0.36369
0.34241
0.36302
0.36485
0.38865
0.43126
0.41979
0.43972
0.44554
0.42134
0.39807
0.40137
0.3828
0.38895
0.39182
0.36124
0.39215
0.40108
0.44004
0.48649
0.45227
0.43672
0.44978
0.77685
0.79584
0.78023
0.83038
0.8617
0.82322
0.55481
0.54977
0.54998
0.53637
0.53141
0.52446
0.50372
0.40243
0.36533
0.32581
0.30857
0.30299
0.40649
0.52182
0.71602
0.71946
0.71384
0.73
0.73696
0.69912
0.56639
0.49687
0.43908
0.37939
0.50701
0.49988
0.41893
0.41196
0.40868
0.41047
0.41598
0.38326
0.38535
0.34587
0.35151
0.35483
0.34635
0.27227
0.26778
0.27917
0.23879
0.23483
0.30529
0.38776
0.41091
0.40882
0.44391
0.44675
0.43283
0.47079
0.3941
0.39562
0.36662
0.36642
0.35093
0.3686
0.36442
0.37268
0.37489
0.37046
0.37093
0.39685
0.37629
0.38235
0.40519
0.37317
0.28451
0.21772
0.1847
0.1777
0.18153
0.19038
0.22415
0.34711
0.35046
0.34457
0.33951
0.23454
0.26366
0.30255
0.33424
0.41404
0.44576
0.52491
0.53152
0.62386
0.87394
0.89288
0.9028
0.83805
0.62807
0.5227
0.49159
0.47174
0.44409
0.38128
0.37328
0.38288
0.23204
0.33771
0.37467
0.35541
0.49161
0.50449
0.44251
0.40387
0.40306
0.40938
0.41649
0.42883
0.45098
0.45402
0.48384
0.43698
0.30617
0.26946
0.21986
0.21064
0.2115
0.22567
0.31915
0.34173
0.33984
0.33018
0.33538
0.35253
0.36968
0.38272
0.37432
0.37285
0.83949
0.85088
0.87125
0.87921
0.88072
0.87481
0.87431
0.79924
0.55605
0.458
0.42668
0.42179
0.3972
0.37528
0.3661
0.36114
0.34117
0.30081
0.27382
0.35669
0.34145
0.33868
0.33071
0.35359
0.30659
0.31094
0.33525
0.35069
0.47437
0.741
0.63321
0.65271
0.72881
0.80271
0.85149
0.86752
0.84794
0.81814
0.72268
0.53472
0.6114
0.40356
0.34994
0.35253
0.38589
0.5858
0.69309
0.80387
0.83974
0.82187
0.84218
0.85721
0.85329
0.80323
0.76967
0.71068
0.58588
0.58109
0.56367
0.54426
0.57661
0.57876
0.62233
0.6493
0.54441
0.5171
0.48805
0.50982
0.49954
0.44295
0.38098
0.33204
0.33361
0.33539
0.34815
0.35562
0.3899
0.43394
0.47631
0.50473
0.54264
0.43479
0.31953
0.2737
0.20988
0.14832
0.13993
0.17348
0.22307
0.27117
0.37345
0.36766
0.35221
0.37877
0.38409
0.36935
0.35005
0.35012
0.36502
0.37053
0.39981
0.48171
0.40156
0.45725
0.4192
0.37597
0.31258
0.36811
0.84314
0.87007
0.87419
0.86261
0.86305
0.8153
0.84256
0.86728
0.88174
0.90973
0.91099
0.89217
0.85942
0.76253
0.78401
0.79785
0.63268
0.75641
0.63211
0.46879
0.42297
0.45521
0.42245
0.45627
0.35787
0.34549
0.33009
0.32604
0.32763
0.32985
0.33615
0.33336
0.33275
0.33556
0.33116
0.35355
0.34297
0.3611
0.35321
0.3293
0.29248
0.27579
0.27911
0.32163
0.33029
0.33052
0.38805
0.38414
0.34233
0.31645
0.27788
0.27963
0.28234
0.24993
0.21197
0.13312
0.10339
0.11213
0.22632
0.35787
0.71496
0.78917
0.80803
0.80014
0.79362
0.76385
0.5615
0.56405
0.77986
0.61894
0.87552
0.83347
0.88035
0.87879
0.50801
0.87519
0.85177
0.80496
0.41206
0.55579
0.49732
0.6869
0.78267
0.46085
0.3681
0.71259
0.79307
0.50565
0.71758
0.56689
0.86356
0.87181
0.8667
0.84368
0.79527
0.67267
0.52655
0.48585
0.51546
0.48243
0.46801
0.46089
0.45101
0.5119
0.49271
0.4918
0.47662
0.50371
0.61164
0.64635
0.84791
0.86268
0.87445
0.87439
0.88065
0.88179
0.89762
0.90782
0.91092
0.89149
0.86988
0.8464
0.83601
0.83574
0.84341
0.84356
0.84718
0.84687
0.8449
0.83163
0.82526
0.81478
0.55887
0.44481
0.35464
0.36091
0.47883
0.46253
0.31887
0.33806
0.36404
0.38846
0.40243
0.23276
0.19506
0.23143
0.22457
0.30523
0.4715
0.71103
0.61663
0.37354
0.52706
0.83443
0.86632
0.8464
0.88072
0.85597
0.59824
0.84105
0.85082
0.855
0.81971
0.7545
0.62065
0.32897
0.23331
0.20452
0.16643
0.24114
0.27473
0.18346
0.21058
0.23118
0.20755
0.18453
0.17213
0.16895
0.15151
0.16349
0.17535
0.15819
0.13759
0.1347
0.1171
0.12986
0.16751
0.15227
0.16476
0.21674
0.23158
0.14925
0.14586
0.1741
0.28093
0.59126
0.66343
0.87561
0.88022
0.89328
0.90638
0.91633
0.91963
0.93106
0.93385
0.9245
0.91842
0.90868
0.49163
0.42183
0.38964
0.39264
0.41973
0.34239
0.28531
0.23623
0.20324
0.20937
0.22328
0.28355
0.45153
0.55522
0.5968
0.59027
0.53698
0.52724
0.46926
0.30636
0.30789
0.30212
0.32938
0.3139
0.38007
0.39756
0.34674
0.34671
0.34033
0.90305
0.89483
0.89527
0.89111
0.65034
0.54306
0.51063
0.51028
0.40878
0.31734
0.23221
0.19154
0.21538
0.31866
0.89534
0.92896
0.72618
0.71898
0.90185
0.90673
0.56306
0.50719
0.47053
0.44604
0.40415
0.39536
0.40078
0.43752
0.42416
0.35183
0.38168
0.69759
0.90994
0.73914
0.75445
0.72961
0.71833
0.74118
0.73314
0.68793
0.66129
0.61299
0.56141
0.48392
0.40307
0.39107
0.37845
0.3937
0.31598
0.3006
0.29028
0.29269
0.3235
0.3307
0.36158
0.37505
0.23533
0.82069
0.8634
0.90007
0.93685
0.94462
0.95361
0.94236
0.91634
0.89358
0.86409
0.85127
0.82261
0.81429
0.81194
0.8174
0.8258
0.83471
0.84277
0.84922
0.85456
0.86547
0.87698
0.87851
0.88218
0.88567
0.88956
0.88695
0.85703
0.73574
0.73834
0.88681
0.89454
0.87209
0.64835
0.50386
0.49236
0.57386
0.63783
0.82126
0.89235
0.89036
0.88172
0.88274
0.88584
0.89617
0.85322
0.84234
0.83401
0.7218
0.63329
0.68757
0.61468
0.72222
0.73359
0.60419
0.55799
0.55
0.63258
0.55372
0.41959
0.37558
0.33413
0.35973
0.40237
0.44758
0.46427
0.47189
0.65296
0.8742
0.90966
0.92125
0.92376
0.9182
0.92312
0.92163
0.919
0.92443
0.93539
0.93379
0.93512
0.93059
0.74637
0.58288
0.50048
0.4477
0.47087
0.49547
0.46028
0.40982
0.37762
0.36891
0.34947
0.37776
0.38582
0.38565
0.3515
0.35154
0.37724
0.31643
0.33135
0.28241
0.21572
0.21775
0.48128
0.54842
0.86423
0.91315
0.92345
0.94421
0.9605
0.9688
0.97183
0.97149
0.96384
0.95723
0.94472
0.94018
0.93973
0.92821
0.92142
0.91856
0.91461
0.91612
0.91285
0.92262
0.88649
0.8823
0.82642
0.53337
0.69742
0.9334
0.84979
0.61928
0.93012
0.69503
0.77637
0.67728
0.58525
0.84407
0.84979
0.82832
0.7489
0.65923
0.60616
0.60285
0.59846
0.59396
0.5554
0.49283
0.4714
0.46403
0.46705
0.39041
0.33692
0.33859
0.34495
0.41787
0.34841
0.5501
0.67118
0.82122
0.7299
0.50055
0.4727
0.35842
0.63659
0.60941
0.58506
0.58235
0.57494
0.56877
0.56358
0.54229
0.59235
0.63309
0.62805
0.56432
0.61993
0.58583
0.58179
0.56683
0.55845
0.55619
0.55613
0.53269
0.51623
0.49748
0.47955
0.47828
0.45059
0.42671
0.349
0.44217
0.21947
0.14894
0.41738
0.92767
0.94801
0.95226
0.94851
0.94264
0.93735
0.75271
0.60521
0.87854
0.89258
0.74137
0.56376
0.53671
0.95758
0.96549
0.94053
0.92051
0.91692
0.87022
0.87943
0.87621
0.874
0.86126
0.86129
0.87325
0.88822
0.90373
0.89294
0.66335
0.66599
0.54335
0.54075
0.52027
0.54932
0.60809
0.63178
0.50622
0.35178
0.26898
0.25447
0.27326
0.33658
0.49046
0.41244
0.59267
0.5612
0.59882
0.74696
0.70353
0.62624
0.54445
0.54603
0.40641
0.36306
0.36781
0.35029
0.35951
0.37983
0.37298
0.37341
0.37351
0.40201
0.18161
0.18229
0.2393
0.78228
0.86569
0.88638
0.89334
0.89907
0.91241
0.92514
0.94147
0.94592
0.94367
0.91079
0.898
0.80502
0.7873
0.6112
0.58399
0.56639
0.56295
0.56405
0.55957
0.56056
0.53644
0.43345
0.36773
0.46168
0.41174
0.39994
0.33329
0.31911
0.31071
0.32553
0.28929
0.35394
0.38776
0.32268
0.32261
0.39007
0.29193
0.20638
0.31872
0.39338
0.58769
0.60815
0.63855
0.6369
0.39851
0.33832
0.33303
0.41772
0.51174
0.39605
0.32512
0.25344
0.21465
0.18266
0.21876
0.42101
0.56735
0.9552
0.96849
0.97543
0.98833
0.99986
1.0008
0.9975
0.9978
0.98488
0.98199
0.98252
0.99459
0.99469
1.0007
0.99226
0.98661
0.97719
0.96987
0.97601
0.9752
0.98014
0.98735
0.99754
0.9991
0.99934
1.0006
0.99879
1.0008
0.9974
1.0005
1.0007
0.99868
0.99916
1.0007
0.99905
0.99712
0.88931
0.84051
0.88793
0.96081
0.97803
0.97774
0.98049
0.88698
0.91803
0.73426
0.67408
0.59615
0.62084
0.64329
0.64378
0.5677
0.57956
0.94805
0.8892
0.94242
0.95751
0.96968
0.95897
0.93586
0.91011
0.8587
0.82288
0.86743
0.83686
0.85038
0.83888
0.88015
0.6528
0.57688
0.66774
0.67498
0.66987
0.76142
0.72471
0.55417
0.51301
0.50003
0.59857
0.74098
0.71641
0.62874
0.65781
0.7398
0.97265
0.96013
0.91822
0.84433
0.66741
0.9497
0.90026
0.75488
0.63224
0.57338
0.52654
0.5159
0.33306
0.39647
0.44265
0.413
0.29718
0.38392
0.68467
0.84901
0.80349
0.67901
0.53018
0.56385
0.71041
0.74777
0.71731
0.81965
0.78282
0.70574
0.62598
0.54362
0.77145
0.93503
0.98145
0.98736
0.99837
0.99849
0.99697
0.81574
0.56459
0.66302
0.67895
0.70022
0.70338
0.6473
0.64482
0.62532
0.45979
0.49294
0.66041
0.72905
0.76179
0.69668
0.72489
0.71312
0.76881
0.7187
0.86592
0.88841
0.89148
0.83864
0.90724
0.75403
0.47402
0.43345
0.54571
0.62564
0.71506
0.66496
0.5269
0.31856
0.24969
0.25077
0.2616
0.2442
0.29107
0.54654
0.6642
0.45957
0.31785
0.38001
0.45877
0.579
0.69019
0.66573
0.57146
0.3616
0.27479
0.35837
0.423
0.51312
0.55644
0.48254
0.38318
0.33824
0.29696
0.3547
0.34627
0.37151
0.28253
0.30586
0.36331
0.2571
0.19661
0.27368
0.39094
0.51769
0.58413
0.6814
0.76283
0.53497
0.54293
0.573
0.55645
0.5432
0.5362
0.52795
0.57682
0.59181
0.47802
0.59997
0.65147
0.60526
0.69718
0.82679
0.85301
0.62745
0.64971
0.56662
0.49468
0.55086
0.59565
0.72003
0.92607
0.95865
0.95666
0.93526
1.0002
0.99148
0.98792
0.95599
0.9557
0.92947
0.85885
0.71564
0.69543
0.75716
0.65767
0.63716
0.87735
0.49405
0.4624
0.49319
0.53332
0.71518
0.72468
0.66259
0.57767
0.5562
0.55403
0.57825
0.57054
0.84938
0.93922
0.96395
0.94205
0.95345
0.95741
0.92975
0.68272
0.55069
0.65092
0.65211
0.68687
0.64797
0.48338
0.46287
0.8042
0.78832
0.96502
0.96126
0.9538
0.93877
0.89163
0.89345
0.86211
0.70107
0.67888
0.66582
0.643
0.65672
0.48207
0.41839
0.48523
0.60168
0.68664
0.74311
0.78515
0.5857
0.48756
0.57582
0.70962
0.61511
0.64073
0.96331
0.95005
0.95411
0.97749
0.76546
0.81814
0.97808
0.95427
0.9798
0.93591
0.95637
0.823
0.96132
0.83717
0.98511
0.85111
0.85655
0.88422
0.67612
0.40809
0.46264
0.5657
0.67817
0.59743
0.56142
0.54422
0.59477
0.64243
0.64527
0.66421
0.63793
0.66157
0.81907
0.96572
0.99938
1.0005
0.98734
1.0008
0.97411
0.99811
0.98805
0.99902
0.97273
0.95962
0.9351
0.9106
0.96644
0.71265
0.9715
0.83069
0.53678
0.55441
0.53799
0.63808
0.73224
0.73604
0.83755
0.83948
0.7847
0.7632
0.83619
0.88192
0.75269
0.7269
0.7886
0.83833
0.91322
0.99319
0.98348
0.90857
0.82491
0.67757
0.6709
0.62996
0.63223
0.67461
0.77802
0.76978
0.78677
0.7181
0.98287
0.99788
0.97568
0.91157
0.99708
0.98549
0.83907
0.81485
0.69231
0.98048
0.98177
0.98088
0.98614
0.97415
0.95195
0.92442
0.91066
0.84132
0.89486
0.78608
0.6686
0.61642
0.55962
0.55485
0.94274
0.99618
0.98595
0.98883
0.99707
0.95984
0.87316
0.83757
0.89076
0.84979
0.53322
0.47455
0.46703
0.42909
0.40375
0.40595
0.50749
0.59974
0.56568
0.5139
0.50794
0.46618
0.39515
0.39606
0.44687
0.57447
0.41757
0.4292
0.54819
0.5711
0.61303
0.69215
0.778
0.85367
0.80411
0.7542
0.83762
0.87334
0.90602
0.92238
0.97499
0.72939
0.87244
0.95142
0.93312
0.84819
0.78707
0.94489
0.99764
0.99861
0.98239
0.86717
0.70848
0.65026
0.66293
0.74285
0.74343
0.77287
0.65982
0.61804
0.68982
0.8396
0.78752
0.83826
0.99859
0.99899
0.99973
0.99772
0.99972
0.99796
0.99856
0.99551
0.95147
0.78589
0.73069
0.70064
0.73146
0.77724
0.79816
0.76167
0.66901
0.59799
0.49757
0.35089
0.35277
0.40602
0.55088
0.75322
0.75665
0.69372
0.68457
0.76553
0.86944
0.97589
0.98504
0.986
0.97767
0.99729
0.89545
0.82617
0.7637
0.6663
0.55943
0.53399
0.51364
0.52567
0.52515
0.46237
0.48742
0.47361
0.40573
0.54842
0.68686
0.49949
0.47689
0.39929
0.43522
0.53105
0.74773
0.67915
0.51004
0.50184
0.56178
0.56274
0.59735
0.59062
0.58017
0.55729
0.56032
0.5749
0.46303
0.43647
0.4576
0.45455
0.58812
0.70758
0.57421
0.63233
0.58647
0.50926
0.48521
0.4413
0.51744
0.62674
0.70709
0.64358
0.52938
0.41829
0.47989
0.38956
0.47096
0.51308
0.68553
0.70857
0.69963
0.86032
0.74082
0.71926
0.65967
0.70327
0.71188
0.70729
0.60816
0.66139
0.74044
0.68197
0.74617
0.69104
0.73005
0.59096
0.67356
0.69146
0.63233
0.6509
0.65151
0.64861
0.63717
0.61818
0.61646
0.61557
0.63181
0.61571
0.58357
0.78482
0.86282
0.89633
0.92341
0.92064
0.94311
0.79831
0.68018
0.70912
0.71022
0.74307
0.58087
0.56094
0.65188
0.54096
0.46588
0.50182
0.56353
0.83558
0.98146
0.97621
0.82557
0.73713
0.67697
0.62354
0.54343
0.55747
0.52454
0.5002
0.5271
0.67663
0.78071
0.78087
0.76515
0.79618
0.66872
0.70462
0.61036
0.62315
0.6246
0.69369
0.68763
0.68169
0.62455
0.63648
0.61504
0.60984
0.58103
0.60301
0.56186
0.55786
0.56203
0.48046
0.54719
0.56996
0.63234
0.6584
0.61408
0.60763
0.50368
0.66774
0.81181
0.74861
0.63793
0.63163
0.6347
0.6536
0.63249
0.6615
0.68808
0.72726
0.78624
0.77414
0.77567
0.75158
0.7513
0.81221
0.83698
0.67813
0.67989
0.67586
0.6661
0.65921
0.5581
0.47677
0.46981
0.44906
0.45443
0.50854
0.5245
0.52734
0.53514
0.50873
0.54113
0.55424
0.54118
0.54569
0.5361
0.44693
0.415
0.42339
0.44076
0.39214
0.43089
0.53431
0.58445
0.64985
0.63046
0.87188
0.87891
0.92444
0.9365
0.92776
0.97123
1.0001
1.0005
0.9981
0.89115
0.72543
0.74034
0.58134
0.57447
0.63689
0.77439
0.56041
0.55959
0.49877
0.478
0.53002
0.52184
0.49442
0.45945
0.51072
0.4795
0.47884
0.44967
0.436
0.47209
0.53711
0.45827
0.40351
0.37465
0.37574
0.35118
0.46549
0.55302
0.83583
0.95393
0.94745
0.94187
0.98703
0.99501
1
0.9874
0.94166
0.85109
0.87206
0.68971
0.56657
0.55693
0.89
0.81253
0.80372
0.83012
0.87533
0.71476
0.61956
0.55137
0.53154
0.49129
0.43042
0.24209
0.18864
0.22061
0.23611
0.36088
0.37919
0.46569
0.53025
0.56212
0.60085
0.64093
0.64447
0.65842
0.71313
0.75084
0.74673
0.65274
0.6519
0.61282
0.52586
0.51008
0.569
0.61373
0.63977
0.44903
0.43316
0.55138
0.73756
0.85068
0.9135
0.96482
0.90511
0.89069
0.81486
0.69516
0.70818
0.67992
0.67124
0.6661
0.58027
0.48873
0.44589
0.46971
0.58869
0.66379
0.66236
0.66376
0.74203
0.90042
0.99895
0.98598
0.98588
0.98719
0.9972
0.99738
1.0007
0.97004
0.95864
0.8175
0.81511
0.69451
0.65185
0.6201
0.63482
0.60248
0.58293
0.5518
0.5289
0.53647
0.57361
0.59394
0.63589
0.59585
0.57448
0.54098
0.49673
0.53
0.57156
0.57984
0.57518
0.5223
0.59924
0.65636
0.56911
0.58004
0.53003
0.52169
0.57917
0.50553
0.47718
0.41706
0.52383
0.66234
0.73439
0.86889
0.84833
0.5732
0.54789
0.53643
0.64233
0.6079
0.67541
0.99511
0.87057
0.86801
0.82797
0.97522
0.85382
0.8005
0.75476
0.79261
0.96587
0.99774
0.99709
0.9975
0.87593
0.97223
0.92883
0.90569
0.9303
0.74398
0.47293
0.40357
0.5263
0.74113
0.73105
0.7417
0.7172
0.6124
0.68136
0.63714
0.46679
0.44911
0.49388
0.54618
0.50343
0.50593
0.40373
0.42252
0.50464
0.67273
0.70381
0.8674
0.95481
0.92995
0.93734
0.93712
0.87506
0.82986
0.99026
1.0003
0.89091
0.70521
0.65139
0.61004
0.53611
0.56875
0.52919
0.50058
0.5266
0.4969
0.47646
0.50129
0.49261
0.47094
0.45194
0.42819
0.39685
0.40192
0.44705
0.47187
0.48538
0.49293
0.46279
0.51203
0.57275
0.52086
0.4941
0.53687
0.55275
0.5666
0.5822
0.53795
0.51188
0.45704
0.39859
0.40406
0.40274
0.48363
0.53671
0.59209
0.70684
0.72297
0.75847
0.7771
0.73068
0.66871
0.75511
0.76383
0.65802
0.75202
0.96937
0.81082
0.95532
0.87438
0.91717
0.88445
0.72621
0.63601
0.60809
0.59856
0.57503
0.81194
0.97807
0.98567
0.9887
0.98111
0.9984
1.0007
0.99934
0.99927
1.0007
0.99781
1.0007
1.0005
0.99893
1.0007
0.98116
0.89906
0.94912
0.95859
0.90804
0.91557
0.96547
0.96774
0.98019
0.87669
0.92954
0.71093
0.9673
0.98692
0.99909
1.0006
1.0005
0.99708
0.99688
0.98825
0.9114
0.74125
0.68827
0.65555
0.62322
0.64063
0.5907
0.51518
0.43787
0.88726
0.93541
0.94243
0.96831
0.98771
0.99829
0.99798
0.99444
0.98649
0.98489
0.98539
0.96049
0.9837
0.98616
0.98406
0.98248
0.98067
0.96812
0.98091
1.0006
0.82227
0.82406
0.76171
0.95661
0.94222
0.9551
0.96919
0.98661
0.98805
0.9989
0.79582
0.66915
0.67908
0.67126
0.67011
0.69729
0.74095
0.78317
0.72803
0.6049
0.43282
0.51986
0.43591
0.92524
0.91974
0.97474
0.94392
0.87388
0.78983
0.6491
0.50601
0.54447
0.50582
0.5267
0.57504
0.5339
0.48964
0.51163
0.46712
0.32841
0.31353
0.76423
0.95743
0.95185
0.96005
0.97074
0.98858
0.99801
0.99915
0.9965
0.98404
0.94507
0.81412
0.82783
0.89117
0.91042
0.88217
0.84651
0.82716
0.87689
0.84418
0.84034
0.81597
0.70396
0.63006
0.57157
0.45891
0.32181
0.29951
0.26748
0.26173
0.32251
0.41658
0.6226
0.92078
0.97066
0.98419
0.99818
0.98066
0.83925
0.57877
0.42124
0.32211
0.33975
0.21498
0.16083
0.14228
0.17441
0.25035
0.28895
0.27648
0.29572
0.35054
0.42356
0.48072
0.55231
0.53639
0.53598
0.59914
0.67701
0.6536
0.58913
0.53474
0.53688
0.60605
0.70277
0.61352
0.48893
0.4849
0.50146
0.52766
0.55613
0.57861
0.59877
0.56224
0.60836
0.47306
0.31354
0.32156
0.30338
0.35091
0.44714
0.41995
0.41984
0.48996
0.64193
0.58124
0.67379
0.68359
0.66767
0.61197
0.51432
0.49413
0.48098
0.55611
0.54868
0.67706
0.81248
0.99146
0.9988
0.99858
1.0009
0.99786
0.99883
1.0003
0.99708
0.99962
0.99932
0.99998
0.97745
0.97391
0.98777
0.99514
0.99597
0.99743
0.99758
0.73234
0.69102
0.69891
0.6328
0.61208
0.60317
0.59542
0.53246
0.50464
0.44894
0.35387
0.33178
0.35816
0.63354
0.7017
0.58933
0.32636
0.25074
0.25128
0.30497
0.34064
0.40165
0.47629
0.49976
0.45311
0.4406
0.35547
0.32597
0.49741
0.39808
0.37704
0.36934
0.34178
0.30367
0.32717
0.35056
0.16774
0.19637
0.17427
0.1685
0.17706
0.28559
0.48033
0.58163
0.62898
0.82792
0.69812
0.75873
0.75166
0.9481
0.9595
0.90073
0.98948
0.98949
0.9897
0.99534
0.99777
0.99539
0.99314
0.99805
0.98171
0.97826
0.98083
0.97898
0.97937
0.97646
0.97851
0.94297
0.91524
0.95308
0.96681
0.97028
0.97007
0.97835
0.99187
0.9991
1
0.99855
0.99438
0.99542
0.98988
0.98899
0.98586
0.98883
0.98797
0.97196
0.8829
0.67136
0.51509
0.51519
0.59434
0.50203
0.62641
0.64808
0.62885
0.54487
0.5241
0.61114
0.474
0.41255
0.41286
0.41668
0.40522
0.40161
0.3686
0.31905
0.31032
0.3383
0.39007
0.36108
0.34861
0.29562
0.26634
0.30005
0.35714
0.37346
0.35991
0.28944
0.32534
0.20902
0.1968
0.19995
0.18459
0.20356
0.16275
0.18253
0.39477
0.57073
0.50982
0.64205
0.86632
0.90515
0.92269
0.92615
0.93401
0.93912
0.94478
0.94238
0.90001
0.67593
0.641
0.56874
0.4823
0.35389
0.3016
0.27133
0.425
0.41537
0.51677
0.62879
0.81558
0.86779
0.88803
0.93442
0.92288
0.75072
0.93873
0.93999
0.94568
0.93947
0.94408
0.94314
0.95138
0.95965
0.9654
0.96015
0.95637
0.95536
0.95618
0.9534
0.94317
0.85763
0.75147
0.54586
0.39334
0.33194
0.32267
0.42283
0.63565
0.62207
0.50778
0.52662
0.45541
0.35433
0.43817
0.49181
0.56019
0.50603
0.95984
0.97809
0.97736
0.96417
0.9129
0.64841
0.48991
0.46456
0.52639
0.57759
0.45261
0.45458
0.46146
0.45224
0.46746
0.51377
0.5542
0.60025
0.66006
0.82946
0.87397
0.90907
0.94068
0.94432
0.94402
0.9338
0.8812
0.74123
0.73111
0.71418
0.65174
0.6269
0.56468
0.57432
0.59806
0.51852
0.44272
0.47196
0.50852
0.5803
0.56122
0.56452
0.56288
0.56305
0.5376
0.63152
0.60478
0.60113
0.6019
0.60719
0.5937
0.53171
0.49772
0.41073
0.42128
0.42018
0.38399
0.3865
0.39151
0.45263
0.43798
0.44291
0.4438
0.41078
0.40418
0.34523
0.35166
0.34097
0.34537
0.38367
0.40988
0.62151
0.88317
0.94021
0.94018
0.94285
0.94411
0.93755
0.88727
0.82953
0.67888
0.78404
0.86729
0.86649
0.7479
0.67607
0.67246
0.6795
0.90615
0.92623
0.58212
0.52426
0.51804
0.47426
0.43798
0.44302
0.44492
0.44389
0.73715
0.92234
0.9159
0.66843
0.48396
0.5205
0.57357
0.55586
0.51863
0.59084
0.78986
0.93009
0.91299
0.99919
0.99505
0.99083
0.98401
0.98339
0.98112
0.98349
0.97642
0.68856
0.6224
0.95023
0.97218
0.96698
0.78422
0.81302
0.97473
0.97007
0.9604
0.95778
0.95953
0.96075
0.623
0.54804
0.52256
0.5289
0.72859
0.97153
0.97671
0.98095
0.97732
0.97105
0.91777
0.98506
0.78667
0.66942
0.58317
0.57193
0.56037
0.49418
0.48267
0.47093
0.44461
0.45073
0.40611
0.38714
0.40781
0.41374
0.41842
0.46143
0.45403
0.44076
0.43141
0.44598
0.43949
0.43772
0.43063
0.4305
0.43709
0.43934
0.44168
0.45113
0.45729
0.44433
0.4673
0.46271
0.44416
0.44649
0.46553
0.50201
0.50164
0.49265
0.45802
0.46982
0.45821
0.43695
0.42638
0.43469
0.44234
0.46671
0.44156
0.44062
0.42052
0.4186
0.46904
0.48097
0.58452
0.68219
0.79248
0.95867
0.87176
0.8399
0.79673
0.82706
0.81706
0.81142
0.70604
0.58875
0.45743
0.38223
0.37204
0.41146
0.48977
0.62014
0.88547
0.91764
0.92599
0.93884
0.93941
0.94176
0.9332
0.92922
0.92467
0.81026
0.65578
0.59045
0.49022
0.50484
0.37921
0.41768
0.47737
0.46878
0.43938
0.44019
0.38073
0.38538
0.30404
0.28291
0.27245
0.2716
0.31715
0.35573
0.31906
0.31523
0.30925
0.26537
0.22759
0.16779
0.14846
0.20012
0.29658
0.8662
0.65399
0.70233
0.60799
0.46577
0.38038
0.30535
0.3508
0.40139
0.41849
0.42038
0.43295
0.43258
0.41453
0.38277
0.36656
0.36548
0.38487
0.44651
0.49675
0.49065
0.39223
0.5761
0.72886
0.69262
0.612
0.59789
0.68192
0.94305
0.96069
0.9763
0.98289
0.98495
0.99997
0.9971
0.9967
0.99297
0.99167
0.99426
0.99858
0.98128
0.96931
0.95999
0.95838
0.95803
0.95925
0.95489
0.95271
0.77302
0.56218
0.42524
0.30201
0.27002
0.23915
0.21886
0.26272
0.29973
0.86153
0.9816
0.7323
0.90845
0.88891
0.65136
0.56155
0.46668
0.43186
0.49089
0.53497
0.48871
0.45823
0.39505
0.35679
0.33751
0.39571
0.66279
0.93364
0.93925
0.93328
0.91085
0.91175
0.91991
0.93583
0.93355
0.94114
0.93125
0.89342
0.76297
0.72824
0.67264
0.67164
0.6777
0.85457
0.88601
0.90211
0.91293
0.92441
0.9289
0.93768
0.93931
0.93632
0.94412
0.9487
0.94553
0.9418
0.92713
0.82237
0.65999
0.77411
0.75812
0.72517
0.71937
0.69795
0.69606
0.64514
0.56106
0.52283
0.42819
0.34075
0.33045
0.28444
0.26077
0.2451
0.14305
0.10062
0.13123
0.080819
0.081053
0.14043
0.21157
0.27508
0.93613
0.95327
0.96203
0.96287
0.96322
0.9634
0.96468
0.95045
0.94386
0.92724
0.91586
0.89551
0.8882
0.87669
0.87202
0.84361
0.74576
0.68293
0.74439
0.64387
0.51215
0.6662
0.88286
0.89878
0.87257
0.69988
0.59505
0.54336
0.47209
0.39706
0.35921
0.33489
0.49168
0.84391
0.93473
0.95005
0.96669
0.97029
0.97461
0.99075
0.95714
0.95108
0.9428
0.93067
0.92154
0.94954
0.95708
0.96511
0.95037
0.93816
0.76922
0.70412
0.72494
0.71357
0.74629
0.70698
0.63956
0.52962
0.58227
0.82985
0.85379
0.88838
0.9199
0.94083
0.94567
0.92856
0.91384
0.73811
0.85588
0.83877
0.79473
0.76314
0.73493
0.70257
0.66982
0.68901
0.67044
0.66578
0.61853
0.65362
0.78707
0.80654
0.74152
0.69104
0.61324
0.53012
0.43206
0.38528
0.33585
0.29607
0.3385
0.53649
0.92533
0.92837
0.78181
0.65147
0.6643
0.91017
0.91319
0.57771
0.56033
0.52051
0.49496
0.44953
0.39253
0.40205
0.41249
0.42204
0.44875
0.56415
0.62282
0.57804
0.54409
0.53732
0.53127
0.51778
0.51199
0.49619
0.52502
0.45608
0.4178
0.44842
0.41729
0.42075
0.41999
0.41543
0.39383
0.37087
0.36124
0.3628
0.34135
0.34673
0.35612
0.3796
0.47297
0.56137
0.52433
0.41827
0.40648
0.38648
0.40041
0.41751
0.39158
0.43381
0.43287
0.27441
0.18252
0.15347
0.1465
0.33433
0.35649
0.41308
0.53052
0.5082
0.53019
0.61305
0.63662
0.60268
0.52448
0.4606
0.36228
0.3258
0.31684
0.33538
0.43541
0.428
0.37714
0.36244
0.36539
0.38241
0.32934
0.38381
0.38408
0.38075
0.36123
0.38877
0.36874
0.36677
0.36815
0.40671
0.38175
0.24756
0.30973
0.36391
0.36788
0.35788
0.33732
0.25875
0.22372
0.2628
0.26769
0.33333
0.29307
0.31505
0.42522
0.42126
0.56565
0.77891
