0.69161
0.82796
0.95935
0.95468
0.93761
0.94735
0.94051
0.95111
0.95647
0.96313
0.95333
0.95234
0.95569
0.96003
0.96549
0.95909
0.92899
0.92079
0.92197
0.92122
0.92037
0.93118
0.93457
0.93452
0.92496
0.93597
0.93434
0.93422
0.9388
0.94343
0.93975
0.92691
0.93367
0.95999
0.96282
0.81568
0.61623
0.64991
0.57937
0.5124
0.52467
0.51702
0.53268
0.53289
0.51925
0.48919
0.51355
0.44618
0.49798
0.48892
0.49691
0.48844
0.49215
0.53281
0.52854
0.50741
0.49324
0.48032
0.45709
0.45254
0.44524
0.43751
0.43395
0.44935
0.44937
0.4582
0.41767
0.41709
0.41942
0.42716
0.4196
0.41265
0.40611
0.40834
0.40527
0.40397
0.39297
0.38857
0.38015
0.39939
0.40849
0.40691
0.41658
0.41779
0.42175
0.40632
0.41647
0.42409
0.42243
0.4282
0.48928
0.59164
0.75212
0.63513
0.47546
0.42938
0.5317
0.75325
0.80467
0.84182
0.89668
0.90217
0.9089
0.89383
0.87351
0.78107
0.60413
0.52432
0.54402
0.46386
0.37586
0.29303
0.41834
0.81847
0.86354
0.88053
0.83572
0.48898
0.41408
0.3893
0.38597
0.37303
0.33644
0.29296
0.26816
0.59617
0.61957
0.72106
0.64514
0.79907
0.87789
0.89439
0.906
0.92068
0.92628
0.93688
0.93538
0.93634
0.95226
0.95509
0.95296
0.95327
0.91058
0.87727
0.85974
0.85062
0.85727
0.86718
0.87017
0.8738
0.87914
0.88232
0.88396
0.8913
0.91015
0.8844
0.92027
0.49411
0.68241
0.76221
0.81072
0.85067
0.85486
0.86114
0.87035
0.86476
0.85247
0.83766
0.8265
0.81732
0.79459
0.68351
0.48385
0.42241
0.45336
0.47631
0.42834
0.50812
0.49651
0.39971
0.37828
0.37239
0.42121
0.37324
0.38006
0.33479
0.40813
0.37154
0.51565
0.61755
0.63278
0.58516
0.59796
0.70511
0.74747
0.74901
0.82053
0.83817
0.84112
0.80014
0.73135
0.57991
0.52685
0.82321
0.86135
0.89615
0.92101
0.93738
0.94662
0.945
0.94583
0.96054
0.94024
0.92539
0.92329
0.92168
0.91823
0.91663
0.91434
0.86158
0.60866
0.57172
0.55379
0.53108
0.50989
0.44918
0.35908
0.18679
0.41612
0.36974
0.86386
0.89463
0.91333
0.91643
0.92134
0.91881
0.88636
0.87061
0.8611
0.86231
0.86842
0.86426
0.8609
0.86366
0.86972
0.8727
0.87303
0.87959
0.87765
0.87928
0.82439
0.7718
0.71082
0.6417
0.54189
0.4376
0.36879
0.34918
0.38771
0.39172
0.40222
0.44372
0.45395
0.38787
0.34358
0.34466
0.43053
0.56871
0.58814
0.54723
0.43039
0.3886
0.36627
0.39126
0.34808
0.37912
0.42458
0.41673
0.38413
0.34282
0.3094
0.37416
0.35881
0.28639
0.29739
0.33802
0.35295
0.43378
0.5422
0.54846
0.46278
0.37644
0.32176
0.30747
0.34473
0.42528
0.44835
0.45301
0.43472
0.41936
0.42137
0.43026
0.38263
0.88263
0.88846
0.78979
0.72614
0.77158
0.7118
0.64957
0.69872
0.60753
0.39686
0.38123
0.35125
0.43766
0.41002
0.39186
0.36844
0.36172
0.53436
0.84063
0.80848
0.85637
0.86876
0.87013
0.87581
0.86578
0.84459
0.67574
0.58447
0.55826
0.46235
0.51989
0.34311
0.32185
0.33189
0.36179
0.41509
0.46064
0.43066
0.51906
0.48838
0.6617
0.7446
0.72053
0.65141
0.65076
0.61549
0.74362
0.85161
0.85829
0.8554
0.85246
0.85333
0.80076
0.78042
0.66356
0.68513
0.68085
0.56361
0.56376
0.47285
0.47729
0.75218
0.8491
0.85116
0.8595
0.87027
0.87761
0.87979
0.87824
0.88851
0.88796
0.88732
0.88195
0.88117
0.86368
0.55922
0.52563
0.52157
0.51008
0.43824
0.39119
0.46124
0.51297
0.46618
0.42119
0.4027
0.42737
0.39795
0.38427
0.42976
0.48665
0.49022
0.63708
0.58446
0.55163
0.50851
0.50249
0.48393
0.52955
0.54145
0.51208
0.51388
0.5145
0.47423
0.41997
0.4722
0.53665
0.62632
0.70616
0.49597
0.52973
0.60587
0.57105
0.60009
0.42342
0.38673
0.41114
0.40319
0.3654
0.35975
0.34861
0.32116
0.25877
0.23608
0.23186
0.23752
0.23612
0.24957
0.24109
0.24262
0.24388
0.23808
0.23741
0.22219
0.20551
0.20993
0.18529
0.21035
0.37114
0.5505
0.65119
0.68087
0.72011
0.70422
0.69394
0.6537
0.62035
0.56242
0.52801
0.52136
0.48409
0.40683
0.38726
0.37406
0.36474
0.36299
0.35598
0.3497
0.32594
0.30772
0.31365
0.31387
0.34903
0.3693
0.29557
0.28142
0.32252
0.35079
0.32897
0.54969
0.53342
0.54555
0.50928
0.49744
0.52758
0.54023
0.59685
0.59306
0.5356
0.51617
0.53099
0.50491
0.55348
0.48888
0.57483
0.38614
0.25154
0.20047
0.10302
0.24891
0.27389
0.21475
0.20337
0.24008
0.3015
0.3705
0.44715
0.44339
0.41779
0.426
0.43016
0.42867
0.41
0.37511
0.33537
0.35772
0.34679
0.32595
0.31457
0.29731
0.29331
0.32702
0.34723
0.32013
0.35093
0.34259
0.42234
0.49049
0.44963
0.44924
0.38386
0.37224
0.28939
0.16725
0.16297
0.27583
0.43228
0.61527
0.40112
0.24009
0.31154
0.39434
0.5057
0.50759
0.4986
0.4855
0.45995
0.45093
0.43104
0.39881
0.39869
0.37765
0.34246
0.36422
0.33721
0.31377
0.27033
0.27984
0.27674
0.22174
0.23791
0.2548
0.27578
0.3197
0.2293
0.12679
0.10471
0.097486
0.10112
0.12849
0.19893
0.28857
0.32781
0.29923
0.27646
0.30355
0.31126
0.27436
0.29984
0.31355
0.345
0.34106
0.32125
0.32867
0.29347
0.25972
0.25451
0.31641
0.35966
0.37981
0.38857
0.38493
0.40898
0.43229
0.43432
0.45785
0.45922
0.41053
0.37737
0.41251
0.39705
0.33382
0.28218
0.22354
0.23884
0.26125
0.28113
0.31321
0.28326
0.29269
0.38519
0.39984
0.43685
0.42258
0.43288
0.41986
0.48281
0.89253
0.90681
0.8944
0.889
0.88314
0.8872
0.88485
0.88519
0.88664
0.88932
0.84055
0.64903
0.6236
0.4504
0.42138
0.38832
0.36692
0.37863
0.37525
0.37231
0.37924
0.36815
0.4851
0.49314
0.43987
0.76136
0.64605
0.66174
0.83332
0.72906
0.78321
0.71929
0.53564
0.43456
0.45113
0.42074
0.38375
0.36853
0.37214
0.37552
0.36309
0.36413
0.36303
0.37141
0.36938
0.3813
0.3807
0.38173
0.3837
0.37756
0.422
0.43868
0.43101
0.37393
0.34233
0.32498
0.2876
0.36114
0.46825
0.4752
0.42661
0.52559
0.68109
0.82098
0.82544
0.86611
0.79021
0.60182
0.58489
0.56459
0.55648
0.70341
0.75685
0.66825
0.61143
0.86624
0.85029
0.91932
0.91745
0.92589
0.92709
0.93188
0.92962
0.94642
0.92562
0.85779
0.61545
0.59477
0.57393
0.54315
0.50064
0.75253
0.89886
0.91377
0.9095
0.89369
0.85866
0.70883
0.63439
0.78403
0.71213
0.60129
0.76201
0.65669
0.42917
0.40948
0.39539
0.4848
0.52155
0.52152
0.46658
0.39222
0.38375
0.37394
0.37934
0.40894
0.42895
0.42353
0.4076
0.38042
0.33962
0.2658
0.36254
0.41582
0.35015
0.31229
0.3063
0.29896
0.32277
0.32577
0.3474
0.38117
0.29396
0.16949
0.14767
0.12061
0.10033
0.10122
0.17176
0.22402
0.2155
0.19826
0.15313
0.13147
0.19702
0.29898
0.41532
0.47806
0.4679
0.48084
0.6031
0.62638
0.60605
0.88985
0.91138
0.74368
0.70908
0.82742
0.84446
0.61123
0.54688
0.48719
0.46235
0.44919
0.42068
0.34884
0.34215
0.31838
0.1506
0.51666
0.8904
0.92439
0.93682
0.9438
0.94299
0.62644
0.52281
0.77712
0.72327
0.68547
0.5946
0.91423
0.93449
0.97123
0.99119
0.99158
1.0008
0.99815
0.99801
0.9992
0.96455
0.97809
0.97727
0.9854
0.97229
0.89967
0.8801
0.78311
0.60666
0.51995
0.44199
0.49164
0.92082
0.83991
0.99719
0.99934
0.99873
0.99877
0.98913
0.98675
0.97856
0.97051
0.98144
0.96877
0.96303
0.95995
0.93884
0.80044
0.72128
0.71442
0.72142
0.85382
0.80315
0.92031
0.90872
0.6678
0.69946
0.56536
0.67926
0.98843
1.0002
1.0006
0.83243
0.68764
0.63737
0.81908
0.77507
0.59225
0.52095
0.51391
0.50827
0.52873
0.54868
0.60915
0.5878
0.51983
0.47623
0.47617
0.48892
0.53563
0.57424
0.64152
0.65056
0.54156
0.44313
0.38913
0.35683
0.40168
0.44164
0.41878
0.5962
0.69565
0.71342
0.48875
0.40395
0.50025
0.59434
0.52591
0.69171
0.56346
0.70341
0.58005
0.44774
0.3983
0.58018
0.59904
0.81221
0.57899
0.45449
0.43291
0.42796
0.454
0.54355
0.46254
0.5622
0.51754
0.48699
0.22875
0.15397
0.16545
0.23514
0.45981
0.52563
0.53521
0.40336
0.30147
0.27575
0.33863
0.5256
0.63838
0.59129
0.56837
0.5787
0.60458
0.68796
0.8046
0.72969
0.67599
0.60594
0.80093
0.97024
0.97143
0.8196
0.70967
0.65912
0.78562
0.75534
0.76336
0.77653
0.85562
0.63988
0.97372
0.94493
0.97383
0.94856
0.97821
0.89393
0.91447
0.93893
0.91906
0.87832
0.8312
0.58008
0.57218
0.58984
0.63663
0.5513
0.45997
0.38927
0.3654
0.37277
0.36928
0.9199
0.74592
0.91263
0.93405
0.93926
0.94572
0.96123
0.93703
0.93759
0.94079
0.94092
0.93463
0.86645
0.86702
0.80266
0.8179
0.84971
0.79516
0.71
0.86516
0.90942
0.86257
0.71357
0.68026
0.7366
0.61115
0.63451
0.56911
0.70171
0.68094
0.73499
0.73467
0.70141
0.73417
0.77267
0.83256
0.94449
0.99469
0.99981
0.9992
0.99982
0.99935
0.99883
0.99976
1.0008
0.99722
1.0006
0.99816
0.98839
0.98005
0.98169
0.99052
0.99039
0.98899
0.95606
0.88064
0.70974
0.57122
0.44109
0.39453
0.51722
0.48493
0.59133
0.58698
0.59065
0.49219
0.48164
0.47488
0.48499
0.56083
0.83266
0.77086
0.81505
0.83837
0.76017
0.97706
0.99824
0.99739
0.99974
0.99791
0.99823
0.92588
0.66563
0.53886
0.50698
0.51903
0.58054
0.798
0.75819
0.86657
0.92009
0.84992
0.76962
0.69607
0.9558
0.79306
0.50299
0.42401
0.4049
0.44001
0.57306
0.57333
0.52965
0.39796
0.37192
0.39394
0.43063
0.48923
0.54006
0.58199
0.57401
0.53103
0.49084
0.45088
0.41251
0.39327
0.49013
0.59294
0.71386
0.74022
0.74851
0.76721
0.7198
0.73077
0.80573
0.83239
0.96753
0.89031
0.5845
0.49946
0.4745
0.47697
0.42879
0.46254
0.54512
0.52318
0.44361
0.42718
0.37904
0.41389
0.45917
0.47002
0.42358
0.40232
0.42712
0.46248
0.56569
0.58762
0.57814
0.54135
0.55213
0.57251
0.53616
0.55085
0.55152
0.60169
0.59249
0.60917
0.6056
0.55862
0.63787
0.52398
0.50026
0.49171
0.50702
0.51004
0.54026
0.74867
0.85134
0.66751
0.67178
0.71339
0.7173
0.73096
0.66608
0.89375
0.91612
0.82488
0.75472
0.78505
0.74901
0.70626
0.7191
0.63065
0.73036
0.79872
0.69838
0.65643
0.75015
0.76898
0.79066
0.77434
0.79639
0.73286
0.71844
0.84578
0.97672
0.95095
0.92323
0.82206
0.8882
0.85973
0.54139
0.43669
0.51158
0.60008
0.61011
0.65985
0.64728
0.58496
0.51255
0.48727
0.49341
0.50848
0.8314
1.0003
0.99742
0.99878
0.99784
1.0007
0.99998
0.99365
0.96714
0.90276
0.71681
0.637
0.52445
0.46062
0.45328
0.61149
0.66999
0.68639
0.67031
0.66647
0.6459
0.63049
0.59949
0.58057
0.595
0.60181
0.55947
0.48173
0.44802
0.51872
0.48446
0.49787
0.53774
0.48712
0.44178
0.41305
0.51827
0.85917
0.91387
0.84433
0.97184
0.94938
0.84974
0.68225
0.71024
0.82899
0.85069
0.87225
0.825
0.79725
0.73755
0.7443
0.90208
0.93202
0.83944
0.73723
0.65669
0.61727
0.50958
0.44811
0.44478
0.47317
0.44605
0.42424
0.41709
0.45911
0.3897
0.3754
0.3455
0.35501
0.47405
0.83018
0.78258
0.66986
0.51639
0.28507
0.21415
0.23679
0.25085
0.24414
0.25566
0.30053
0.26454
0.21757
0.25331
0.3533
0.34984
0.54586
0.50401
0.5301
0.53463
0.52241
0.48037
0.50423
0.52542
0.47149
0.44994
0.71521
0.88211
0.95831
0.96529
0.97635
0.95958
0.98454
0.99014
0.99565
0.98616
0.98357
0.98601
0.96639
0.9813
0.99541
0.99495
0.99043
0.9718
0.98538
0.91966
0.65892
0.57286
0.58838
0.94885
0.96922
0.94941
0.61373
0.59996
0.59877
0.99992
0.99773
0.99969
0.99172
0.75538
0.61978
0.60545
0.60385
0.63081
0.60299
0.57472
0.56191
0.53441
0.49082
0.46811
0.48893
0.83373
0.97786
0.97636
0.9667
0.92707
0.68516
0.618
0.57114
0.53531
0.5632
0.55268
0.54377
0.70698
0.63808
0.58285
0.67239
0.71925
0.90606
0.84311
0.71935
0.96106
0.99831
0.99954
0.99884
0.99282
0.87908
1.0004
0.87315
0.94202
0.99777
0.99842
0.91842
0.99738
1.0008
0.9997
0.99809
0.99936
0.99718
0.85165
0.74871
0.95529
1.0006
1.0005
0.9976
0.96037
0.63229
0.59052
0.61453
0.6104
0.74082
0.71204
0.93876
0.75917
0.6904
0.48657
0.5652
0.69639
0.71183
0.70434
0.69897
0.66405
0.74408
0.77751
0.64007
0.81692
0.66045
0.70456
0.93498
0.99876
0.99081
0.98898
0.99435
0.99541
0.99698
0.99475
0.98738
0.98581
0.98918
0.99681
1.0007
0.99852
0.99937
1.0003
0.99719
1.0001
0.99747
0.99077
0.86297
0.71095
0.6498
0.79186
0.69031
0.57867
0.57697
0.58222
0.59101
0.62156
0.64697
0.77939
0.79868
0.63287
0.61013
0.67735
0.98072
0.99878
0.9981
1.0007
0.99158
0.99006
0.99323
0.99449
0.9986
0.99935
1.0005
1.0002
1.0006
1.0007
0.99823
0.98754
0.83966
0.76744
0.74103
0.80597
0.87662
0.84946
0.845
0.82152
0.90923
0.96259
0.99836
0.99913
0.99316
0.99142
0.99421
0.99762
0.99623
0.99249
0.98851
0.90752
0.96284
0.8766
0.96185
0.95106
1.0005
0.99867
0.99812
1.0003
0.99851
0.99802
0.98558
0.96246
0.93931
0.7862
0.68441
0.63312
0.61686
0.58269
0.49224
0.54108
0.54148
0.52229
0.73348
0.74557
0.59522
0.78341
0.70614
0.66834
0.63709
0.72098
0.65468
0.68764
0.62744
0.66226
0.54765
0.59546
0.59345
0.53078
0.50436
0.53385
0.53411
0.59002
0.33478
0.28064
0.28473
0.39462
0.45574
0.71001
0.6587
0.35348
0.26356
0.27024
0.29867
0.35789
0.3232
0.50823
0.54042
0.45052
0.4063
0.3546
0.38378
0.4637
0.43193
0.64147
0.52194
0.5072
0.46088
0.50944
0.60768
0.54896
0.57693
0.66732
0.69289
0.55656
0.46572
0.37501
0.36262
0.52475
0.55678
0.60517
0.58838
0.58449
0.56205
0.44538
0.37838
0.34229
0.41763
0.51552
0.43515
0.51824
0.59019
0.71791
0.76942
0.82276
0.79185
0.69509
0.72929
0.86676
0.88782
0.90682
0.81451
0.86779
0.92441
0.97094
0.96904
0.98555
0.97584
0.99175
0.98408
0.95738
0.9158
0.88042
0.87269
0.8782
0.85412
0.82072
0.88178
0.88454
0.85003
0.86186
0.87469
0.84314
0.76541
0.85742
0.86903
0.8298
0.81594
0.79217
0.81998
0.78976
0.64225
0.80471
0.6655
0.60658
0.63489
0.605
0.66328
0.59556
0.52907
0.50844
0.52205
0.52732
0.58646
0.57996
0.60029
0.63447
0.66723
0.61934
0.66257
0.67536
0.69077
0.70923
0.72785
0.62564
0.57786
0.55447
0.54973
0.56237
0.58919
0.71435
0.79459
0.87757
0.87815
0.91565
0.91818
0.89553
0.74636
0.89335
0.85024
0.76922
0.67602
0.62143
0.60559
0.57223
0.60774
0.70584
0.92585
0.91014
0.94745
0.91961
0.91633
0.9088
0.90831
0.79461
0.78656
0.84685
0.73756
0.75303
0.74497
0.76686
0.83125
0.78662
0.73381
0.80108
0.81768
0.84882
0.72653
0.83696
0.89285
0.87533
0.84326
0.96021
0.95399
0.77069
0.87302
0.96557
0.90535
0.87046
0.92584
0.97585
0.79046
0.78597
0.66427
0.5595
0.63269
0.65202
0.63767
0.67879
0.90502
0.7171
0.57632
0.52716
0.52331
0.56894
0.47933
0.70278
0.76418
0.59556
0.56417
0.67361
0.71391
0.73965
0.98923
0.83526
0.89251
0.93447
0.80283
0.83903
0.92271
0.84547
0.85004
0.67777
0.74017
0.77823
0.73374
1.0001
0.99822
1.0008
1.0005
0.9981
0.93691
0.80937
0.99148
0.95282
0.98252
1.0008
0.99761
0.99673
1.0007
1.0009
1.0002
0.99882
0.9974
0.89993
0.72189
0.72456
0.81369
0.8938
0.93529
0.9392
0.96948
0.99111
0.99888
1.0002
0.99796
0.99908
0.99965
0.99774
0.77814
0.60233
0.56784
0.62788
0.64447
0.58131
0.55319
0.57631
0.85056
0.98568
0.99187
0.99564
0.97613
0.82152
0.69071
0.61652
0.57723
0.54141
0.53796
0.54679
0.46484
0.44087
0.42291
0.43472
0.43622
0.5008
0.49572
0.55043
0.48408
0.40285
0.38943
0.54015
0.9716
0.84398
0.64693
0.53458
0.51272
0.50171
0.51137
0.47793
0.45204
0.41829
0.50677
0.79503
0.82463
0.59062
0.52593
0.51329
0.61744
0.58475
0.61352
0.5469
0.49097
0.53554
0.58372
0.63813
0.66668
0.71913
0.70506
0.72349
0.64916
0.63627
0.59334
0.58339
0.57582
0.5574
0.61288
0.63709
0.61025
0.62462
0.65422
0.63469
0.60171
0.55294
0.56822
0.61771
0.61547
0.56974
0.51413
0.54148
0.70796
0.79372
0.83109
0.88127
0.87757
0.77549
0.73286
0.67678
0.70023
0.79292
0.86976
0.94432
0.92036
0.89706
0.87205
0.84686
0.9272
0.89248
0.83467
0.7546
0.71845
0.74925
0.80792
0.84851
0.84064
0.76633
0.84471
0.85791
0.84934
0.95384
0.96826
0.98827
0.99807
0.99868
0.99994
0.99771
0.92792
0.78391
0.60488
0.56278
0.56728
0.5767
0.57153
0.65837
0.60818
0.40462
0.36517
0.47933
0.71719
0.73407
0.62264
0.79706
0.8603
0.77539
0.71904
0.6867
0.62525
0.65729
0.69078
0.87416
0.91491
0.65977
0.60521
0.69345
0.70057
0.63663
0.4715
0.49337
0.45875
0.4381
0.40761
0.45104
0.4713
0.49088
0.47901
0.47029
0.42531
0.39332
0.43454
0.5556
0.48756
0.48244
0.52376
0.66644
0.48336
0.45885
0.40731
0.40296
0.4116
0.46914
0.45602
0.36558
0.30181
0.41554
0.48864
0.54393
0.53066
0.53747
0.55553
0.59497
0.71649
0.76005
0.75159
0.84498
0.84475
0.85721
0.8282
0.79103
0.9438
0.97332
0.99632
0.9996
0.9996
0.99088
1.0005
0.99944
0.90611
0.75077
0.64401
0.68231
0.58865
0.69404
0.63159
0.65165
0.46282
0.52684
0.63347
0.64989
0.59801
0.52912
0.47413
0.36487
0.30026
0.29139
0.31645
0.29714
0.36175
0.45473
0.49701
0.41797
0.36688
0.25914
0.37113
0.4213
0.41087
0.41467
0.39
0.38898
0.42263
0.42608
0.38372
0.3376
0.33045
0.32514
0.32752
0.30498
0.21022
0.17109
0.16329
0.17164
0.17087
0.23012
0.3197
0.34745
0.51726
0.7082
0.88322
0.93839
0.9674
0.97251
0.98257
0.99574
0.99965
0.99765
0.9987
0.99773
0.99719
0.98286
0.98922
1.0001
0.99954
0.9996
1.0008
0.99738
0.99891
0.99275
0.83651
0.61805
0.57962
0.63444
0.52617
0.56886
0.55282
0.71527
0.89763
0.74661
0.80371
0.65119
0.66993
0.97328
0.98713
0.97162
0.96061
0.93356
0.94763
0.8508
0.80097
0.8433
0.64688
0.57871
0.57075
0.49153
0.46071
0.43807
0.39506
0.39855
0.40682
0.36993
0.26186
0.2337
0.24278
0.23833
0.24292
0.27137
0.46493
0.61583
0.71044
0.8166
0.84259
0.81669
0.73284
0.76204
0.71472
0.73396
0.7969
0.78192
0.66955
0.49644
0.64129
0.70775
0.93947
0.96625
0.91288
0.88616
0.96067
0.97829
0.98685
0.9637
0.96228
0.96792
0.75026
0.71016
0.64961
0.59594
0.57769
0.43185
0.40835
0.52079
0.68894
0.86941
0.76751
0.55274
0.47391
0.38994
0.38434
0.43441
0.33448
0.26378
0.24996
0.22361
0.3036
0.45019
0.54613
0.67354
0.96395
0.88639
0.95087
0.94624
0.98281
0.96549
0.83536
0.82742
0.71858
0.68734
0.88163
0.9322
0.99815
1.0007
0.99992
0.99484
0.97469
0.94467
0.96446
0.94932
0.8415
0.7671
0.77898
0.82164
0.99858
0.99776
0.9978
0.99918
0.99862
0.99992
0.99743
1.0004
0.99824
0.98885
0.98376
0.98909
0.99726
0.99929
0.9983
1.0001
0.99502
0.99173
0.99286
0.99479
0.99093
0.99503
0.99867
0.99898
0.99999
0.99998
0.99618
0.98692
0.96996
0.87486
0.73726
0.7871
0.98101
0.99229
0.98998
0.99987
1.0004
1.0003
0.99136
0.93359
0.74575
0.75013
0.75331
0.72609
0.69598
0.71412
0.7388
0.90493
0.84056
0.77709
0.75191
0.73548
0.77556
0.84527
0.84711
0.74895
0.65648
0.60736
0.53079
0.41997
0.4667
0.41389
0.40066
0.34053
0.39868
0.55269
0.62534
0.60406
0.60984
0.57522
0.7553
0.86695
0.78721
0.70717
0.64402
0.59765
0.50469
0.48653
0.353
0.44055
0.48896
0.94411
0.98632
1.0009
0.99834
1.0001
0.99992
0.99717
0.95909
0.70768
0.61206
0.56335
0.5326
0.42211
0.43687
0.4493
0.39787
0.3668
0.36338
0.38894
0.42407
0.22324
0.27586
0.24168
0.28168
0.19229
0.2411
0.29995
0.44335
0.54364
0.60012
0.87576
0.90735
0.92125
0.68874
0.45391
0.41088
0.3362
0.33356
0.32676
0.28215
0.23782
0.20763
0.22175
0.24984
0.25818
0.3267
0.39395
0.4116
0.40624
0.31458
0.30882
0.41504
0.4193
0.42213
0.4344
0.4618
0.42805
0.40564
0.4496
0.48706
0.5353
0.50828
0.43058
0.35152
0.35931
0.34678
0.33281
0.34102
0.34717
0.40141
0.5741
0.76915
0.91885
0.7462
0.73414
0.73433
0.71163
0.69159
0.7865
0.8795
0.92821
0.95432
0.96049
0.97154
0.9814
0.98982
0.98879
0.99904
0.99915
1.0008
0.99711
0.99763
0.9984
0.99833
0.99855
0.99766
0.99946
0.99896
0.99648
1
0.99873
0.96271
0.81249
0.59814
0.57466
0.53904
0.47761
0.44696
0.47362
0.42425
0.40293
0.40136
0.39193
0.38878
0.36491
0.30911
0.3463
0.37087
0.37079
0.42425
0.51182
0.47889
0.52851
0.55427
0.66225
0.72899
0.69693
0.64494
0.59858
0.59915
0.61913
0.61711
0.54754
0.55921
0.39856
0.37477
0.37738
0.30299
0.23393
0.29673
0.31253
0.59734
0.53105
0.33078
0.46053
0.46518
0.54245
0.92245
0.87203
0.59071
0.5565
0.55951
0.54508
0.56382
0.7415
0.8605
0.92682
0.82529
0.77964
0.74136
0.80375
0.81904
0.87346
0.78674
0.73036
0.7599
0.78554
0.77158
0.72255
0.64072
0.68991
0.82905
0.72909
0.77163
0.81111
0.85856
0.71603
0.68874
0.61862
0.56127
0.57581
0.58762
0.58198
0.56335
0.56918
0.6171
0.61221
0.67584
0.68317
0.98883
0.99617
0.99169
0.75456
0.71265
0.91679
0.97896
0.99047
0.98743
0.89137
0.98276
0.98532
0.98775
0.98946
0.98937
0.99343
0.99712
0.92892
0.97801
1.0009
0.99842
0.9981
0.99903
0.99381
0.99085
0.97951
0.94926
0.94656
0.81952
0.64916
0.61867
0.61066
0.565
0.52695
0.52315
0.50237
0.44734
0.4016
0.37749
0.36253
0.30211
0.25242
0.24924
0.25525
0.31378
0.53132
0.49414
0.53476
0.57371
0.70556
0.56393
0.5394
0.52438
0.81082
0.91061
0.94028
0.96032
0.95504
0.95386
0.95392
0.95493
0.9543
0.92094
0.90781
0.7242
0.62972
0.66974
0.7675
0.67448
0.66065
0.82387
0.75373
0.8952
0.74602
0.59998
0.49104
0.4037
0.39
0.40766
0.59923
0.83832
0.93665
0.95364
0.95983
0.96518
0.96308
0.96895
0.98366
0.98439
0.98492
0.96212
0.90731
0.81458
0.67228
0.64239
0.62904
0.6054
0.54013
0.42197
0.40385
0.35363
0.35767
0.35358
0.35576
0.3547
0.36303
0.3631
0.3123
0.32637
0.36059
0.3358
0.37319
0.28087
0.25517
0.32122
0.353
0.3602
0.30462
0.31687
0.42772
0.48637
0.64965
0.75329
0.89352
0.91406
0.91835
0.92229
0.92389
0.92615
0.92549
0.92707
0.92688
0.92717
0.92803
0.92652
0.89579
0.73401
0.6034
0.5035
0.43132
0.36672
0.56487
0.55911
0.52264
0.56864
0.67188
0.42322
0.38224
0.38971
0.37995
0.35922
0.34398
0.35591
0.38142
0.36958
0.39574
0.382
0.39212
0.38256
0.39169
0.37318
0.37346
0.35292
0.35777
0.39628
0.38956
0.38359
0.39866
0.39038
0.34526
0.312
0.27767
0.30764
0.29807
0.23836
0.34755
0.37813
0.36462
0.40672
0.48918
0.69675
0.80101
0.81054
0.80133
0.82774
0.87117
0.9017
0.92769
0.93249
0.93047
0.93252
0.93345
0.93571
0.93398
0.93413
0.93381
0.54649
0.4385
0.37438
0.32058
0.28061
0.27914
0.28497
0.36999
0.32671
0.33112
0.36543
0.44659
0.62404
0.63261
0.60333
0.56707
0.47774
0.48233
0.49098
0.42755
0.46068
0.45758
0.44362
0.42312
0.42638
0.39711
0.39836
0.40282
0.38951
0.36776
0.26532
0.27825
0.28885
0.29911
0.32876
0.37956
0.43187
0.45623
0.37542
0.44896
0.70889
0.86556
0.85533
0.79786
0.85859
0.86905
0.88232
0.85214
0.71903
0.64665
0.60742
0.51479
0.44538
0.39939
0.37541
0.41513
0.40602
0.40312
0.49339
0.47624
0.46033
0.39576
0.34656
0.26316
0.18689
0.20286
0.29378
0.37897
0.46869
0.54015
0.5202
0.50396
0.49549
0.48915
0.49291
0.45605
0.44035
0.42574
0.41687
0.4121
0.39721
0.39248
0.39509
0.41323
0.41751
0.39557
0.41455
0.41907
0.42766
0.443
0.45663
0.46002
0.45971
0.46582
0.47741
0.49079
0.49572
0.49008
0.48584
0.49216
0.44933
0.44428
0.44426
0.43828
0.44506
0.44509
0.45309
0.45956
0.40539
0.39628
0.38238
0.37048
0.39278
0.37334
0.39937
0.6293
0.51596
0.44499
0.45393
0.47175
0.48816
0.49595
0.49593
0.46902
0.45587
0.47279
0.47284
0.47403
0.46005
0.46324
0.46327
0.45218
0.43025
0.50794
0.37495
0.37458
0.34254
0.30835
0.28687
0.28788
0.21654
0.23769
0.15491
0.19142
0.2328
0.20185
0.20264
0.25936
0.28825
0.48692
0.69039
0.65183
0.58936
0.51261
0.5211
0.595
0.70846
0.68528
0.639
0.59806
0.54736
0.54334
0.39648
0.39257
0.38681
0.372
0.36788
0.37146
0.37928
0.37864
0.32477
0.24858
0.31799
0.4443
0.55073
0.57129
0.54855
0.51233
0.46812
0.47507
0.44007
0.44394
0.44797
0.48357
0.42615
0.36541
0.34115
0.3133
0.26631
0.26332
0.45954
0.79882
0.85507
0.8716
0.89085
0.90647
0.89418
0.878
0.87405
0.81653
0.60777
0.46939
0.36016
0.29519
0.23469
0.23958
0.21802
0.22506
0.20944
0.25414
0.40321
0.40461
0.44453
0.81075
0.85337
0.89442
0.7709
0.76548
0.75439
0.75215
0.83203
0.81699
0.55942
0.34083
0.43342
0.40447
0.40426
0.39768
0.40817
0.67692
0.957
0.97215
1.0001
0.99785
0.99932
0.98276
0.66748
0.57987
0.57539
0.58912
0.59067
0.59136
0.57863
0.561
0.57079
0.55908
0.56422
0.56068
0.55541
0.54104
0.50874
0.47299
0.48277
0.44329
0.43988
0.44731
0.45721
0.8293
0.8356
0.89771
0.9255
0.92318
0.67857
0.40078
0.51385
0.67531
0.89597
0.91979
0.92012
0.91606
0.89965
0.78589
0.61479
0.89228
0.91673
0.93129
0.6574
0.46302
0.43386
0.39142
0.38366
0.37958
0.30474
0.30654
0.33633
0.25037
0.19953
0.20184
0.30607
0.37731
0.42196
0.39575
0.41138
0.5287
0.81512
0.88396
0.89433
0.89439
0.88761
0.90222
0.90675
0.90399
0.90583
0.90374
0.90668
0.89323
0.8374
0.73614
0.5803
0.46195
0.38508
0.35798
0.43071
0.38664
0.47576
0.456
0.36278
0.46767
0.48789
0.44299
0.42465
0.40473
0.41387
0.41746
0.5635
0.94593
0.93977
0.91766
0.9011
0.8897
0.8754
0.75656
0.72295
0.71887
0.70128
0.66705
0.59313
0.51642
0.51147
0.51672
0.51832
0.50537
0.43494
0.38715
0.37898
0.3345
0.30867
0.25399
0.33121
0.89839
0.48554
