0.22327
0.23124
0.23761
0.25351
0.25073
0.25768
0.25351
0.2572
0.25435
0.24468
0.24285
0.24415
0.22217
0.20984
0.20262
0.27358
0.18474
0.092336
0.12061
0.22106
0.37085
0.8732
0.89174
0.95816
0.95251
0.94176
0.94441
0.95175
0.91422
0.69564
0.60165
0.66767
0.58172
0.51465
0.32966
0.81819
0.59209
0.35771
0.32857
0.31406
0.2995
0.48868
0.84167
0.60046
0.51852
0.62252
0.67374
0.48566
0.29305
0.81532
0.92707
0.95908
0.94875
0.83625
0.924
0.70742
0.47417
0.42744
0.48675
0.42637
0.40102
0.41438
0.39778
0.47558
0.63953
0.6092
0.51547
0.46308
0.37289
0.48435
0.81871
0.85417
0.87286
0.88912
0.90118
0.90939
0.9185
0.91804
0.9333
0.93586
0.91749
0.93039
0.92728
0.93527
0.95169
0.94726
0.94252
0.94518
0.93375
0.84652
0.86217
0.47213
0.34526
0.34876
0.36525
0.48468
0.95486
0.91587
0.61813
0.41926
0.41214
0.41034
0.39282
0.41917
0.21317
0.33536
0.49819
0.4436
0.82489
0.88552
0.95956
0.96999
0.97498
0.9812
0.98726
0.96143
0.96077
0.95019
0.94057
0.93611
0.93435
0.92119
0.90491
0.82428
0.6984
0.67688
0.64199
0.65545
0.73711
0.7812
0.77721
0.7503
0.84476
0.7659
0.7273
0.72023
0.6544
0.59513
0.50859
0.46771
0.42556
0.43759
0.39726
0.28886
0.34072
0.25982
0.21059
0.20022
0.24432
0.69762
0.84678
0.89286
0.93363
0.94286
0.95245
0.48389
0.55755
0.40894
0.35464
0.37582
0.31881
0.29665
0.32456
0.27373
0.24854
0.2115
0.18227
0.14387
0.11909
0.12844
0.13525
0.25766
0.20176
0.24856
0.76588
0.41117
0.93026
0.9361
0.92572
0.90843
0.82301
0.63299
0.5101
0.43975
0.35295
0.24782
0.166
0.26499
0.21082
0.15222
0.27139
0.15924
0.15512
0.15787
0.16109
0.12559
0.39024
0.27983
0.44633
0.39644
0.33018
0.30667
0.70124
0.86963
0.8824
0.77409
0.467
0.38729
0.36068
0.94489
0.95549
0.97217
0.97424
0.97176
0.9625
0.82924
0.63375
0.60253
0.49899
0.47796
0.34918
0.37281
0.43816
0.34387
0.36365
0.41442
0.3909
0.39507
0.40829
0.35804
0.23615
0.15829
0.16959
0.1928
0.24164
0.21091
0.2455
0.32333
0.29065
0.262
0.25726
0.24625
0.29812
0.29394
0.49457
0.69947
0.89621
0.96303
0.96683
0.94286
0.95406
0.96212
0.94546
0.72331
0.31591
0.24794
0.29548
0.30331
0.29641
0.29464
0.35412
0.34908
0.32329
0.32164
0.3362
0.38997
0.51264
0.3725
0.31498
0.42467
0.44991
0.37666
0.51664
0.66913
0.59477
0.57978
0.47864
0.24916
0.25107
0.25642
0.3348
0.36134
0.40667
0.62768
0.44282
0.43053
0.34638
0.37133
0.5089
0.49997
0.47221
0.44496
0.40384
0.38319
0.86423
0.97586
0.98271
0.99278
0.98759
0.98482
0.98115
0.98131
0.96626
0.92137
0.9139
0.90492
0.92361
0.93104
0.83931
0.74645
0.78059
0.76005
0.64094
0.92027
0.93658
0.93359
0.93389
0.92675
0.91844
0.90772
0.90279
0.90509
0.90995
0.90589
0.77556
0.60749
0.54037
0.40106
0.67892
0.83324
0.65703
0.90204
0.9261
0.9842
0.9059
0.9187
0.9083
0.93565
0.94891
0.95353
0.97247
0.97971
0.9835
0.98328
0.98302
0.97936
0.98344
0.98502
0.99013
0.99253
0.9929
0.98049
0.98581
0.99527
0.99973
0.99982
0.95964
0.94478
0.93434
0.94035
0.92876
0.91949
0.91374
0.91312
0.91597
0.90527
0.91411
0.91787
0.90336
0.89175
0.72023
0.71852
0.57973
0.46792
0.29336
0.24812
0.23009
0.24152
0.26975
0.23505
0.2311
0.2054
0.22322
0.21251
0.35965
0.43611
0.5098
0.60702
0.87528
0.95536
0.97975
0.9784
0.76851
0.6617
0.76375
0.70698
0.82989
0.99821
0.9914
0.94949
0.77581
0.94625
0.69536
0.56435
0.84856
0.63087
0.65792
0.69821
0.85825
0.78577
0.50767
0.32619
0.41595
0.55461
0.86539
0.82136
0.90032
0.94314
0.95336
0.92804
0.89813
0.89672
0.86186
0.8281
0.75584
0.73724
0.67652
0.56357
0.48791
0.46833
0.40345
0.37727
0.38407
0.36136
0.33822
0.32322
0.31804
0.29302
0.30743
0.33023
0.18874
0.082798
0.064569
0.061027
0.15401
0.14617
0.17651
0.1997
0.26724
0.28223
0.35175
0.33431
0.35089
0.32861
0.26531
0.25176
0.23579
0.24189
0.25483
0.26394
0.34141
0.38267
0.35947
0.32449
0.32443
0.33336
0.34979
0.38381
0.47005
0.42268
0.29142
0.26908
0.3273
0.29096
0.30845
0.27018
0.32767
0.27547
0.23659
0.19334
0.18396
0.31534
0.28707
0.23471
0.28675
0.2524
0.21768
0.20992
0.20818
0.19717
0.18473
0.18769
0.23435
0.2797
0.29017
0.30195
0.31651
0.29905
0.27998
0.2519
0.27217
0.31883
0.44768
0.81807
0.81219
0.53528
0.4022
0.61193
0.71397
0.79764
0.85968
0.9547
0.97004
0.96885
0.91138
0.59247
0.4999
0.38088
0.31063
0.23445
0.21336
0.22405
0.28155
0.30955
0.33336
0.29519
0.28357
0.25364
0.23981
0.23667
0.23189
0.24694
0.25964
0.3033
0.31024
0.25382
0.25826
0.26474
0.26849
0.29284
0.31229
0.31156
0.29539
0.25942
0.25404
0.27419
0.32201
0.2571
0.20225
0.314
0.34494
0.78187
0.94898
0.9906
0.74788
0.52669
0.42586
0.37487
0.3296
0.29174
0.2565
0.27018
0.31084
0.29923
0.29037
0.27122
0.23385
0.19785
0.13438
0.14295
0.22032
0.30189
0.64659
0.47375
0.46141
0.40427
0.35167
0.49021
0.34292
0.89353
0.94732
0.91464
0.79883
0.73801
0.67301
0.58822
0.36751
0.30693
0.37033
0.57767
0.55325
0.42396
0.23705
0.21644
0.20915
0.26147
0.35836
0.29799
0.23428
0.21356
0.16094
0.088138
0.087115
0.16344
0.55649
0.71134
0.85281
0.68098
0.58373
0.54629
0.59735
0.617
0.92343
0.95905
0.95956
0.9547
0.85132
0.92289
0.91479
0.76918
0.85749
0.88143
0.82771
0.72961
0.35654
0.46989
0.35815
0.33336
0.39597
0.43131
0.39257
0.49457
0.58692
0.54219
0.69398
0.53752
0.60528
0.6289
0.57884
0.6327
0.67055
0.33703
0.29919
0.27877
0.22704
0.28822
0.22766
0.29526
0.29214
0.29599
0.28497
0.32415
0.36233
0.44472
0.36195
0.28636
0.25798
0.2802
0.34027
0.43999
0.51364
0.52584
0.47664
0.42715
0.43715
0.41425
0.41588
0.40913
0.41178
0.39053
0.3403
0.30163
0.33349
0.37711
0.39278
0.4023
0.3991
0.38358
0.40923
0.42299
0.52502
0.57386
0.66512
0.7246
0.77633
0.98503
0.97702
0.99891
0.96486
0.96137
0.94594
0.90152
0.81778
0.86157
0.91662
0.94038
0.92543
0.75123
0.71575
0.99006
0.9959
0.98757
0.97459
0.98521
0.9842
0.98775
0.9966
0.99828
0.99983
0.94706
0.99905
1.0009
0.7321
0.75489
0.91743
0.97577
0.97632
0.97614
0.97995
0.99016
0.99113
0.97779
0.85583
0.57909
0.68988
0.82137
0.92277
0.90428
0.85486
0.89959
0.87838
0.80188
0.67417
0.60351
0.63263
0.50251
0.46291
0.44306
0.42383
0.45001
0.65828
0.73948
0.77116
0.65179
0.81229
0.88403
0.99774
0.99751
0.97829
0.81625
0.97375
0.71207
0.55176
0.45142
0.54727
0.44288
0.64776
0.9506
0.86735
0.65772
0.89556
0.9662
0.96664
0.97264
0.97394
0.97984
0.98364
1.0005
0.99753
0.98324
0.81698
0.67109
0.97831
0.99941
0.99796
0.99736
0.99654
0.99494
0.99194
0.9991
0.99918
0.98475
0.98077
0.95315
0.80109
0.51342
0.41382
0.37035
0.43916
0.41187
0.39081
0.36725
0.38986
0.36068
0.4364
0.58381
0.75512
0.76059
0.7124
0.50743
0.82294
0.84582
0.89175
0.90756
0.938
0.94741
0.92226
0.93523
0.81772
0.96088
0.91739
0.7475
0.69225
0.92057
0.96157
0.9467
0.93106
0.9141
0.91788
0.92272
0.95363
0.9627
0.95624
0.95709
0.77984
0.53367
0.47864
0.45616
0.57346
0.42812
0.70373
0.65731
0.52651
0.38481
0.38022
0.44443
0.54593
0.51638
0.42663
0.37603
0.40008
0.39976
0.40987
0.50728
0.45433
0.43725
0.4227
0.74488
0.65161
0.56975
0.93674
0.98812
0.9975
0.95054
0.94073
0.96185
0.97782
0.9614
0.95535
0.92304
0.84257
0.8106
0.73379
0.54198
0.47486
0.43074
0.3902
0.37217
0.40057
0.47918
0.50695
0.62284
0.71355
0.71255
0.71725
0.70947
0.70912
0.52725
0.5087
0.45402
0.45653
0.46503
0.52055
0.45371
0.55251
0.60286
0.68552
0.8226
0.91496
0.93896
0.94062
0.95158
0.94144
0.78242
0.76104
0.63201
0.54571
0.50054
0.51818
0.62632
0.65797
0.59191
0.65219
0.69037
0.87663
0.80954
0.68445
0.61004
0.6167
0.58671
0.46509
0.3847
0.49985
0.47359
0.47215
0.534
0.55994
0.43031
0.4273
0.36176
0.28631
0.13735
0.12327
0.1632
0.30018
0.59582
0.79261
0.95445
0.97191
0.98235
0.99519
0.94649
0.8942
0.97961
0.9874
0.97925
0.98629
0.98541
0.9828
0.99229
0.99536
0.99777
0.99926
0.99974
0.95158
0.5417
0.42161
0.48899
0.7219
0.88801
0.88762
0.96299
0.64943
0.90633
0.99132
0.9603
0.98156
0.99665
0.99823
0.99937
0.99531
0.99212
0.98173
0.96297
0.92874
0.87828
0.84267
0.87113
0.59449
0.54061
0.48087
0.76031
0.97307
0.79909
0.83214
0.90907
0.88148
0.77162
0.59484
0.53298
0.78365
0.80441
0.97334
0.99447
0.8833
0.76922
0.72023
0.7948
0.82931
0.7758
0.85136
0.76431
0.74918
0.33811
0.24569
0.40438
0.68811
0.632
0.69082
0.78356
0.8232
0.71458
0.61193
0.64556
0.79792
0.8667
0.9592
0.82648
0.65176
0.55234
0.5265
0.61009
0.74998
0.74126
0.75741
0.70081
0.79298
0.68262
0.63512
0.61954
0.71227
0.80054
0.85943
0.98306
0.94822
0.69986
0.62614
0.80966
0.88985
0.84896
0.97119
0.9883
0.9997
0.99744
0.99956
0.98979
0.95785
0.96886
0.9651
0.91193
0.8988
0.89005
0.91118
0.96525
0.96466
0.95764
0.9886
0.91809
0.83154
0.77901
0.68161
0.75499
0.65505
0.52622
0.6407
0.45908
0.51463
0.42865
0.36144
0.39269
0.44166
0.42421
0.3251
0.33383
0.32086
0.21253
0.24975
0.24924
0.58234
0.72474
0.62703
0.52762
0.67146
0.66849
0.79847
0.92743
0.95033
0.91588
0.87211
0.81682
0.79417
0.91813
0.91934
0.9909
0.90766
0.93553
0.99433
0.99878
0.99076
0.98793
0.98584
0.99422
0.99821
0.99838
0.99871
0.99836
0.99794
0.99847
1.0002
0.99821
0.98688
0.9808
0.98106
0.98646
0.97805
0.92603
0.85627
0.9996
0.8539
0.65647
0.62301
0.66174
0.67824
0.76319
0.57727
0.50561
0.55634
0.54844
0.53326
0.4429
0.3896
0.39944
0.40327
0.41366
0.43029
0.43622
0.7353
0.85395
0.56977
0.45522
0.35715
0.49391
0.80907
0.73868
0.91709
0.98199
0.95511
0.84332
0.8366
0.85717
0.88875
0.88543
0.98909
0.96699
0.9127
0.98823
0.99248
0.99766
0.99761
0.9992
1.0001
0.99957
1.0009
0.86487
0.90394
0.9981
0.86884
0.46688
0.49974
0.49028
0.44862
0.44731
0.38235
0.66407
0.72251
0.66551
0.76445
0.87501
0.85973
0.84527
0.8546
0.87134
0.83336
0.89496
0.93109
0.91686
0.77304
0.84614
0.78272
0.67339
0.89445
0.96112
0.9335
0.88694
0.62299
0.6628
0.52887
0.50705
0.59936
0.7519
0.82035
0.80309
0.569
0.5046
0.45177
0.46199
0.52326
0.48531
0.43939
0.43969
0.39492
0.33726
0.34183
0.43742
0.33324
0.45805
0.65229
0.76223
0.70088
0.64794
0.70551
0.76658
0.66171
0.6159
0.63073
0.73566
0.48096
0.35078
0.32553
0.38588
0.44905
0.48803
0.58473
0.43895
0.36301
0.34483
0.33571
0.42441
0.48214
0.45925
0.38097
0.33888
0.29012
0.27965
0.23968
0.26522
0.29303
0.50296
0.60247
0.55341
0.43943
0.31363
0.35034
0.45038
0.38288
0.44198
0.57025
0.73045
0.76738
0.70396
0.65008
0.62482
0.61454
0.71398
0.84476
0.86654
0.85503
0.85899
0.85033
0.79087
0.70363
0.72066
0.80085
0.84662
0.87312
0.89525
0.87671
0.79869
0.73513
0.75378
0.82906
1.0002
0.99814
0.98278
0.89207
0.82166
0.63219
0.55238
0.50224
0.45161
0.42045
0.43336
0.32975
0.42663
0.38755
0.42675
0.65766
0.66969
0.5948
0.52611
0.4072
0.481
0.45217
0.37828
0.51466
0.53074
0.68413
0.65733
0.67415
0.67608
0.61495
0.70892
0.79884
0.85003
0.8811
0.8961
0.89687
0.80133
0.68028
0.64143
0.67954
0.72166
0.73322
0.69121
0.64974
0.58779
0.56209
0.55116
0.51708
0.60468
0.61275
0.54916
0.61355
0.60076
0.4696
0.48001
0.48803
0.58925
0.64324
0.65926
0.68907
0.69232
0.62266
0.54374
0.49141
0.54549
0.65389
0.66096
0.68387
0.66619
0.62982
0.69049
0.72848
0.72201
0.68174
0.61937
0.53871
0.54809
0.45769
0.4144
0.4441
0.53417
0.78101
0.86947
0.95826
0.94764
0.74734
0.62928
0.6667
0.72391
0.72143
0.69262
0.75917
0.67837
0.53399
0.43629
0.45864
0.57841
0.57625
0.5218
0.47947
0.45726
0.37053
0.36657
0.39379
0.47034
0.46959
0.44732
0.48368
0.46549
0.42559
0.4531
0.559
0.6258
0.59203
0.53508
0.57499
0.6023
0.4841
0.47532
0.43493
0.55404
0.526
0.49142
0.52523
0.56081
0.4879
0.41466
0.41097
0.42936
0.48467
0.45899
0.41664
0.47979
0.52485
0.54638
0.54957
0.5852
0.5648
0.52305
0.57585
0.61024
0.51202
0.4835
0.46512
0.62035
0.65518
0.62667
0.61521
0.56818
0.41837
0.33911
0.34009
0.40704
0.48486
0.49932
0.52637
0.52625
0.40021
0.36473
0.28171
0.36139
0.42749
0.49541
0.45167
0.50463
0.47139
0.36777
0.40387
0.55661
0.64442
0.63487
0.55803
0.59637
0.46543
0.4584
0.44752
0.44372
0.38743
0.37933
0.37419
0.3674
0.33488
0.30599
0.27578
0.60028
0.71947
0.75687
0.81681
0.73518
0.61052
0.47383
0.53771
0.58171
0.67794
0.67494
0.68487
0.71948
0.57292
0.47164
0.51998
0.74186
0.9291
0.94783
0.96671
0.88829
0.80783
0.75883
0.75337
0.82953
0.8716
0.72028
0.72667
0.75369
0.72181
0.76453
0.8092
0.83307
0.82967
0.81664
0.82292
0.84366
0.91403
0.86004
0.8905
0.88987
0.96738
0.9752
0.96208
0.98576
0.97313
0.98405
0.97445
0.97638
0.95453
0.95778
0.94064
0.91138
0.80422
0.69742
0.66505
0.7424
0.69895
0.60956
0.55525
0.52716
0.67636
0.84981
0.96949
0.95002
0.95559
0.90701
0.86984
0.85965
0.84593
0.81288
0.81109
0.81076
0.83859
0.80338
0.81919
0.75446
0.76127
0.77333
0.63517
0.53703
0.48178
0.46541
0.4572
0.47629
0.54282
0.56589
0.56975
0.50435
0.47329
0.45988
0.38817
0.38344
0.3643
0.47107
0.61898
0.65051
0.76873
0.80688
0.71521
0.69491
0.75175
0.72894
0.76819
0.58986
0.59791
0.50099
0.30322
0.27247
0.31264
0.36014
0.45593
0.76562
0.76231
0.76643
0.73568
0.8295
0.77339
0.61341
0.65298
0.80249
0.63343
0.50715
0.44418
0.61478
0.60169
0.56381
0.63402
0.57108
0.63479
0.61076
0.76498
0.85132
0.84599
0.86069
0.84315
0.84516
0.81884
0.78184
0.7957
0.82635
0.70876
0.85498
0.8258
0.86647
0.80491
0.77351
0.76054
0.66778
0.59864
0.70636
0.63699
0.52456
0.56672
0.41173
0.37655
0.42182
0.405
0.42188
0.49299
0.59173
0.39235
0.36519
0.3546
0.36021
0.32516
0.31385
0.40754
0.84089
0.93389
0.8041
0.84968
0.75979
0.49894
0.40317
0.43431
0.41396
0.45557
0.45853
0.41919
0.36615
0.33736
0.34939
0.39487
0.56229
0.68507
0.71211
0.70807
0.70295
0.55872
0.46265
0.6282
0.64372
0.6573
0.55107
0.41323
0.3474
0.41605
0.57445
0.60014
0.5859
0.52628
0.67306
0.65127
0.68477
0.65256
0.76048
0.67166
0.59895
0.70206
0.74053
0.7064
0.60462
0.74142
0.90972
0.95746
0.96181
0.94259
0.9098
0.84948
0.89501
0.89588
0.98153
0.98898
0.9465
0.98018
0.99729
0.9971
0.99963
1.0008
0.98072
0.92894
0.91251
0.90024
0.94022
0.97559
0.97584
0.91295
0.76099
0.80067
0.788
0.77291
0.74162
0.6309
0.69326
0.80756
0.99793
0.98572
0.95406
0.8469
0.65957
0.60651
0.67981
0.82281
0.95572
0.97929
0.98971
0.96564
0.99514
0.98948
0.98043
0.99105
0.9879
0.97077
0.96822
0.94199
0.94837
0.95803
0.94808
0.96201
0.9746
0.9839
0.97637
0.98751
0.98335
0.92825
0.93465
0.97616
0.98944
0.94267
0.85656
0.83724
0.80983
0.95892
0.87697
0.82193
0.58827
0.57885
0.51531
0.87562
0.67552
0.92432
0.78318
0.91271
0.94885
0.95753
0.96586
0.976
0.95906
0.96146
0.9611
0.96082
0.96549
0.97859
0.99637
0.9971
0.99708
0.99771
0.99059
0.94889
0.85738
0.87185
0.9779
0.99936
0.99755
0.94075
0.9388
0.95446
0.95413
0.92337
0.86965
0.81895
0.8514
0.85742
0.8961
0.91219
0.94745
0.97318
0.98118
0.98204
0.91941
0.82878
0.64062
0.61905
0.49681
0.50102
0.60021
0.51042
0.34824
0.35769
0.33082
0.33336
0.31976
0.4024
0.76876
0.71195
0.70124
0.57665
0.45886
0.70728
0.77197
0.72272
0.71666
0.57348
0.44021
0.37975
0.43302
0.57504
0.56951
0.52724
0.51166
0.45815
0.38638
0.37905
0.33701
0.40348
0.56176
0.78904
0.77117
0.69744
0.62099
0.57872
0.63239
0.68444
0.6345
0.6629
0.65032
0.52822
0.37538
0.35491
0.45893
0.50123
0.4319
0.44948
0.38583
0.61462
0.44628
0.52086
0.50437
0.53199
0.63575
0.68893
0.56319
0.46989
0.43888
0.48197
0.59485
0.54742
0.50166
0.41889
0.52801
0.68581
0.6596
0.57942
0.62403
0.69706
0.62814
0.73019
0.8629
0.87392
0.84042
0.8345
0.79974
0.65083
0.54173
0.59665
0.70838
0.63022
0.65904
0.6626
0.77312
0.7646
0.78437
0.70569
0.88503
0.89145
0.82494
0.72667
0.74939
0.71314
0.67062
0.81749
0.94536
0.99809
1.0003
0.99862
0.95813
0.88457
0.77779
0.7746
0.87317
0.94246
0.96425
0.96974
0.93605
0.85337
0.77682
0.71627
0.7932
0.86664
0.83586
0.88582
0.8252
0.77732
0.58287
0.76736
0.7216
0.72277
0.59488
0.44741
0.36116
0.49211
0.46133
0.55919
0.73319
0.94175
0.96975
0.96003
0.92747
0.87034
0.69627
0.65502
0.73843
0.71283
0.80872
0.83414
0.75866
0.64634
0.54138
0.53114
0.44836
0.45294
0.41633
0.52499
0.506
0.5297
0.70116
0.67813
0.59336
0.68764
0.80505
0.95821
0.93458
0.98983
0.98784
0.96692
0.96794
0.87782
0.81249
0.74703
0.84558
0.74464
0.70215
0.74115
0.75825
0.80586
0.89623
0.8778
0.84892
0.87788
0.90938
0.90818
0.8868
0.83005
0.81051
0.79892
0.84703
0.89782
0.80643
0.89185
0.94435
0.90335
0.94967
0.99053
0.99895
0.96601
0.96021
0.95815
0.86294
0.71013
0.60149
0.47533
0.4519
0.46675
0.43081
0.37994
0.36763
0.341
0.37748
0.32602
0.25932
0.26302
0.49539
0.59526
0.7607
0.67809
0.7126
0.67957
0.68918
0.74567
0.71584
0.7419
0.79559
0.91736
0.76746
0.56369
0.3196
0.49595
0.79918
0.79811
0.75513
0.32386
0.31504
0.4243
0.31754
0.49583
0.6997
0.76351
0.701
0.74832
0.93689
0.94309
0.96655
0.9829
0.99737
0.99931
1.0001
0.99805
0.99772
0.98435
0.97796
0.97256
0.94899
0.88331
0.72228
0.6116
0.47828
0.3772
0.45224
0.66247
0.69317
0.53199
0.59114
0.57315
0.53691
0.55916
0.66139
0.93053
0.91503
0.83819
0.8058
0.86731
0.99511
0.98292
0.97829
0.96136
0.89126
0.78486
0.81977
0.75237
0.63872
0.64157
0.59122
0.54099
0.53655
0.59495
0.50267
0.41701
0.4068
0.36329
0.35704
0.44007
0.36118
0.31314
0.33153
0.32581
0.19448
0.15965
0.14134
0.30754
0.56207
0.59521
0.65115
0.39348
0.34902
0.27245
0.32036
0.33266
0.39892
0.3444
0.42909
0.39553
0.66606
0.65192
0.32101
0.38291
0.48344
0.89787
0.93408
0.97248
0.97939
0.97604
0.97629
0.97537
0.90087
0.98731
0.99273
0.98631
0.95858
0.92287
0.85861
0.82276
0.73647
0.64527
0.46561
0.41105
0.41967
0.43074
0.462
0.53348
0.54157
0.44078
0.37028
0.35265
0.37158
0.34981
0.3391
0.41105
0.72666
0.97761
0.86688
0.66223
0.53456
0.68415
0.60015
0.90054
0.80604
0.84721
0.83449
0.81585
0.96947
0.87794
0.87117
0.85241
0.79281
0.75246
0.81947
0.8466
0.87768
0.97204
0.99062
0.98192
0.98985
0.99131
0.99736
0.99417
0.99029
0.99425
0.98523
0.97081
0.93246
0.88925
0.82838
0.42984
0.30646
0.33321
0.51929
0.70881
0.76854
0.76054
0.7303
0.62814
0.56436
0.50034
0.46493
0.40817
0.4079
0.34528
0.45567
0.47532
0.50386
0.53323
0.48424
0.50644
0.60518
0.59911
0.49171
0.46572
0.46678
0.43566
0.36769
0.35181
0.37382
0.36456
0.33605
0.30397
0.27242
0.25127
0.2222
0.24838
0.55062
0.6234
0.49253
0.44898
0.41898
0.36509
0.32686
0.27135
0.35066
0.34657
0.35679
0.37254
0.38404
0.34089
0.35804
0.47182
0.5855
0.44995
0.43566
0.47249
0.45398
0.52147
0.42907
0.41858
0.40244
0.398
0.35128
0.33163
0.35771
0.36408
0.34571
0.31315
0.39772
0.29504
0.14388
0.17633
0.35135
0.68149
0.93853
0.92999
0.98124
0.97552
0.97299
0.99324
0.99261
0.99105
0.9915
0.99087
0.99237
0.98449
0.93648
0.90573
0.68161
0.65161
0.461
0.48592
0.51188
0.41055
0.48477
0.46328
0.29018
0.33759
0.31357
0.34321
0.34812
0.33701
0.27031
0.23811
0.24406
0.29423
0.31928
0.31946
0.2849
0.23778
0.27554
0.31973
0.37497
0.38099
0.41308
0.55786
0.5154
0.55601
0.60222
0.5538
0.9198
0.98527
0.99808
0.99935
0.99827
0.87672
0.67404
0.64764
0.4887
0.38795
0.43902
0.45955
0.50339
0.89103
0.8282
0.65323
0.55373
0.52648
0.48644
0.44907
0.64142
0.56884
0.4747
0.41129
0.39842
0.36818
0.51013
0.50731
0.4736
0.47667
0.48846
0.41571
0.37951
0.34364
0.37027
0.44472
0.51866
0.6826
0.89624
0.74946
0.7457
0.64939
0.51294
0.42185
0.39353
0.3705
0.36578
0.38757
0.39477
0.35567
0.33157
0.36228
0.37189
0.3656
0.35407
0.30781
0.30507
0.34664
0.39007
0.48306
0.54731
0.64125
0.63308
0.57646
0.5741
0.59914
0.59234
0.7338
0.87375
0.73504
0.69031
0.56704
0.66331
0.62657
0.89416
0.91694
0.81697
0.76631
0.90716
0.93402
0.94312
0.94313
0.93321
0.90863
0.89835
0.937
0.92964
0.85867
0.7952
0.80037
0.7923
0.80411
0.85634
0.8697
0.86047
0.83643
0.87118
0.86511
0.85087
0.84008
0.82495
0.90137
0.86066
0.94256
0.93792
0.98433
0.99184
0.96602
0.98025
0.8994
0.92706
0.93119
0.80864
0.73806
0.42259
0.61003
0.71666
0.63307
0.6814
0.6951
0.67658
0.62206
0.62572
0.57378
0.61406
0.64828
0.6468
0.65302
0.54589
0.53438
0.71185
0.8061
0.76219
0.55098
0.44099
0.35266
0.31326
0.32799
0.33603
0.3542
0.37583
0.34225
0.36505
0.278
0.24173
0.31646
0.41072
0.75069
0.96158
0.98492
0.79674
0.89519
0.48441
0.479
0.30503
0.28158
0.27006
0.11764
0.11565
0.11939
0.27842
0.56546
0.39322
0.2011
0.16799
0.2373
0.14466
0.18073
0.20057
0.18311
0.17462
0.18814
0.31695
0.3552
0.40349
0.60372
0.85605
0.82389
0.88067
0.92162
0.91934
0.92838
0.96122
0.95739
0.9659
0.968
0.95075
0.98278
0.9798
0.97556
0.98383
0.97482
0.98519
0.99046
0.99887
0.99802
0.99982
1.0008
0.99876
1.0003
0.99655
0.99083
0.98953
0.91469
0.98371
0.99532
0.90824
0.56735
0.43602
0.30762
0.27837
0.24189
0.21566
0.20568
0.21294
0.217
0.2733
0.29132
0.21271
0.17147
0.22212
0.27139
0.23616
0.35105
0.31818
0.42985
0.87653
0.88084
0.91985
0.518
0.41551
0.3926
0.39433
0.40885
0.37618
0.32926
0.32258
0.31562
0.28433
0.27097
0.22869
0.26337
0.34734
0.3509
0.31356
0.29861
0.31105
0.30831
0.28051
0.20194
0.18746
0.39378
0.82864
0.9525
0.96344
0.96276
0.99421
0.83397
0.68
0.71181
0.71063
0.68206
0.63704
0.67251
0.64781
0.63469
0.6311
0.66768
0.66708
0.63207
0.56795
0.49664
0.47839
0.4607
0.42119
0.41808
0.43015
0.39054
0.33953
0.25649
0.21816
0.21981
0.47089
0.70554
0.73317
0.90278
0.92556
0.81462
0.65295
0.47631
0.41399
0.28908
0.37332
0.42553
0.43636
0.26163
0.35012
0.26837
0.26184
0.26733
0.27565
0.30384
0.26897
0.28958
0.28081
0.27422
0.28165
0.25572
0.22035
0.20846
0.2127
0.20413
0.18834
0.23193
0.32581
0.26968
0.32622
0.35595
0.28008
0.2183
0.29774
0.41089
0.42329
0.42414
0.40442
0.45534
0.48512
0.3979
0.35759
0.34996
0.30585
0.30294
0.29097
0.30371
0.65711
0.8144
0.79002
0.45561
0.55325
0.40879
0.35843
0.28216
0.23955
0.20056
0.22579
0.23369
0.24282
0.21726
0.36504
0.46496
0.4554
0.92228
0.99611
0.94578
0.93902
0.99786
1
0.99107
0.99705
0.99881
1.0001
1.0005
0.99882
0.99716
0.96623
0.61777
0.54184
0.62531
0.69279
0.83433
0.7465
0.55625
0.59256
0.66916
0.71961
0.76744
0.76041
0.63892
0.55869
0.43062
0.41409
0.41548
0.34056
0.34671
0.36622
0.3507
0.68463
0.30252
0.3822
0.76865
0.87333
0.74648
0.74667
0.69605
0.82917
0.57727
0.65924
0.45655
0.39822
0.35757
0.34229
0.33349
0.35455
0.51872
0.47934
0.49457
0.48551
0.49466
0.49258
0.50571
0.68028
0.76894
0.64268
0.92456
0.94011
0.91738
0.9269
0.73925
0.90225
0.63184
0.61483
0.57559
0.44817
0.3701
0.32031
0.36051
0.25736
0.1951
0.13109
0.11189
0.072056
0.13474
0.27752
0.74615
0.91089
0.9208
0.88001
0.69488
0.54821
0.39677
0.32078
0.30424
0.30122
0.20578
0.18308
0.10305
0.046581
0.10938
0.18529
0.14192
0.39433
0.96086
0.9786
0.97438
0.96599
0.9671
0.96102
0.85293
0.52199
0.38558
0.35599
0.34714
0.36561
0.39155
0.40071
0.38677
0.38314
0.41374
0.45578
0.43431
0.40594
0.41888
0.43288
0.43906
0.48719
0.58537
0.5253
0.56882
0.52076
0.58516
0.94133
0.80023
0.41113
0.41127
0.43668
0.39306
0.3853
0.31766
0.37742
0.35838
0.31206
0.29802
0.29668
0.33332
0.31118
0.30468
0.29521
0.30327
0.3729
0.33567
0.33061
0.303
0.27848
0.26261
0.29149
0.27749
0.28674
0.27426
0.24993
0.25345
0.23466
0.26413
0.29479
0.28283
0.36469
0.30823
0.3247
0.33029
0.25515
0.23055
0.21266
0.21544
0.21627
0.22179
0.23502
0.23089
0.21865
0.20636
0.20024
0.21018
0.21021
0.21303
0.20857
0.21822
0.21453
0.20345
0.2271
0.21425
0.225
0.24067
0.23899
0.28249
0.28815
0.30496
0.30642
0.30723
0.31624
0.30111
0.33062
0.31918
0.31372
0.3004
0.32345
0.33491
0.33125
0.33038
0.31961
0.29021
0.28058
0.27826
0.31109
0.28462
0.33605
0.42303
0.27354
0.25911
0.25254
0.20228
0.3001
0.37594
0.44424
0.37404
0.47017
0.46923
0.22906
0.15743
0.13268
0.12879
0.13387
0.3099
0.3777
0.31806
0.40165
0.42152
0.20406
0.32659
0.73977
0.71947
0.68977
0.50814
0.35513
0.33924
0.33907
0.31231
0.29661
0.27648
0.30303
0.27475
0.25962
0.24733
0.20474
0.19524
0.2001
0.21213
0.23075
0.22565
0.20768
0.23762
0.31629
0.37314
0.31499
0.26272
0.25667
0.21865
0.20999
0.1777
0.16496
0.20666
0.22121
0.21393
0.19882
0.18399
0.21517
0.22942
0.2393
0.27999
0.31326
0.3183
0.31196
0.29606
0.25826
0.2568
0.21832
0.1773
0.14834
0.18611
0.25305
0.20643
0.2238
