0.46956
0.42745
0.40557
0.3963
0.38818
0.40917
0.43517
0.46105
0.48346
0.48891
0.43547
0.45345
0.45822
0.44363
0.39827
0.39002
0.38355
0.36592
0.35345
0.36105
0.35175
0.36801
0.39421
0.39701
0.39861
0.37725
0.35931
0.37556
0.40026
0.41653
0.39013
0.38277
0.3735
0.37559
0.38912
0.38582
0.38089
0.38999
0.38807
0.38245
0.35403
0.32176
0.35019
0.42453
0.3653
0.34125
0.36902
0.3856
0.37618
0.32209
0.35501
0.35884
0.38849
0.44777
0.79117
0.88994
0.46948
0.44599
0.44785
0.42544
0.46536
0.51756
0.52206
0.43364
0.4238
0.40871
0.42427
0.43094
0.4469
0.46616
0.52354
0.47048
0.53247
0.59942
0.8107
0.58028
0.66579
0.52651
0.83975
0.70925
0.53844
0.42021
0.54475
0.54593
0.47917
0.4299
0.36983
0.32434
0.32538
0.32878
0.29241
0.18486
0.15641
0.2267
0.32401
0.47174
0.44524
0.38633
0.29467
0.24701
0.23451
0.29245
0.15296
0.19075
0.18632
0.33013
0.87893
0.90599
0.92855
0.92207
0.92683
0.94312
0.87203
0.86089
0.84677
0.84345
0.83918
0.82391
0.83304
0.8331
0.83677
0.81457
0.58684
0.74942
0.57596
0.3978
0.40387
0.49333
0.52411
0.50411
0.51241
0.57064
0.58181
0.55638
0.56231
0.55232
0.52817
0.49682
0.49096
0.51765
0.49802
0.45109
0.50583
0.47946
0.42906
0.54226
0.5717
0.44247
0.35202
0.29502
0.2902
0.21252
0.16535
0.16869
0.68658
0.85405
0.9086
0.9487
0.97084
0.97391
0.97543
0.97122
0.9574
0.92922
0.89305
0.85027
0.73758
0.60726
0.56255
0.50139
0.40345
0.39006
0.36592
0.39155
0.396
0.40078
0.33877
0.32454
0.29208
0.23844
0.23206
0.33561
0.39878
0.54517
0.81401
0.85719
0.87321
0.88418
0.87572
0.86402
0.66085
0.52467
0.29781
0.35002
0.2096
0.44748
0.87285
0.91132
0.94316
0.95439
0.95365
0.95107
0.95048
0.95007
0.95493
0.95895
0.95401
0.93698
0.745
0.63073
0.55657
0.51808
0.51311
0.51855
0.47397
0.38707
0.32461
0.30741
0.27863
0.26126
0.14864
0.20962
0.77692
0.8761
0.84647
0.71353
0.72594
0.86803
0.9198
0.92653
0.92619
0.92608
0.90153
0.64516
0.52233
0.44531
0.4498
0.55608
0.44737
0.59993
0.48468
0.40888
0.44993
0.74272
0.93442
0.94162
0.94563
0.94522
0.53268
0.4617
0.48906
0.93434
0.94565
0.95007
0.94455
0.95315
0.94242
0.92012
0.61726
0.9404
0.91457
0.88514
0.86546
0.86068
0.85659
0.85472
0.84989
0.84787
0.84849
0.84739
0.85128
0.84935
0.84868
0.84039
0.84326
0.52203
0.45256
0.62725
0.79121
0.80067
0.78732
0.6305
0.5484
0.56346
0.56381
0.52711
0.44976
0.41083
0.379
0.36085
0.36018
0.39031
0.40741
0.42201
0.41251
0.39309
0.39455
0.47154
0.42969
0.46535
0.52587
0.45158
0.53174
0.52202
0.50321
0.50605
0.48428
0.45148
0.46124
0.38882
0.3745
0.39436
0.4574
0.55942
0.62369
0.5966
0.59936
0.87376
0.89228
0.57914
0.56005
0.49743
0.5535
0.60711
0.4801
0.37046
0.31942
0.3024
0.32281
0.30297
0.39795
0.38388
0.39987
0.4665
0.47249
0.50526
0.93793
0.87976
0.50696
0.55734
0.74762
0.94477
0.9315
0.94057
0.94857
0.93944
0.94418
0.9327
0.92233
0.9156
0.91666
0.91609
0.91441
0.91518
0.88008
0.72265
0.54365
0.55836
0.90457
0.92925
0.93387
0.9337
0.93189
0.93064
0.93335
0.92408
0.90538
0.89552
0.88394
0.8836
0.8824
0.88832
0.78755
0.66877
0.71809
0.91788
0.92055
0.91917
0.91133
0.86847
0.73885
0.68861
0.63677
0.80764
0.88636
0.90189
0.93024
0.9654
0.99709
0.999
0.9908
0.98457
0.97964
0.98711
0.98079
0.98003
0.97828
0.97577
0.97423
0.95609
0.93949
0.9073
0.87944
0.86984
0.68963
0.70713
0.81747
0.80912
0.7859
0.77941
0.83514
0.85823
0.88169
0.89472
0.89646
0.73682
0.56438
0.49552
0.56218
0.69998
0.63014
0.5479
0.49683
0.36131
0.33503
0.30927
0.28057
0.26161
0.23612
0.19727
0.065325
0.056243
0.062388
0.15791
0.32387
0.39119
0.31814
0.30457
0.31346
0.27169
0.19749
0.16682
0.14839
0.14567
0.14571
0.14571
0.23779
0.40408
0.38147
0.35602
0.34034
0.28604
0.21168
0.23056
0.25357
0.24313
0.25126
0.28977
0.2978
0.33716
0.60123
0.72815
0.67972
0.63485
0.56613
0.99748
0.99764
0.99738
0.99435
0.99905
0.98486
0.98226
0.97946
0.97905
0.97667
0.97686
0.9811
0.99388
0.99847
0.99992
1.0004
0.9995
0.99281
0.9721
0.9614
0.95859
0.95204
0.9465
0.94852
0.93591
0.83291
0.84088
0.72223
0.623
0.5102
0.41807
0.34534
0.31332
0.32115
0.35637
0.34963
0.33498
0.41566
0.473
0.74484
0.919
0.86974
0.91557
0.94616
0.93349
0.9359
0.52104
0.45874
0.92642
0.94514
0.92627
0.89337
0.89123
0.89393
0.91632
0.92054
0.91058
0.90633
0.90719
0.91324
0.91386
0.67872
0.45655
0.42583
0.5916
0.55041
0.51187
0.53768
0.56968
0.48072
0.56983
0.54188
0.51146
0.50631
0.49864
0.50427
0.51149
0.45431
0.41729
0.41789
0.40352
0.34566
0.26127
0.34866
0.35206
0.25552
0.36236
0.42546
0.38866
0.38125
0.32778
0.4145
0.85116
0.88388
0.89539
0.66553
0.547
0.55612
0.54696
0.45085
0.40971
0.39577
0.37969
0.37853
0.35354
0.33365
0.33495
0.34715
0.38258
0.36675
0.34734
0.43675
0.49789
0.48486
0.52793
0.52305
0.51072
0.56951
0.51519
0.35931
0.40959
0.45856
0.37509
0.39683
0.31902
0.33109
0.27243
0.23789
0.25542
0.20228
0.26554
0.36778
0.49488
0.48182
0.43692
0.41314
0.4405
0.91706
0.93052
0.94881
0.95176
0.95017
0.94905
0.87875
0.71458
0.55098
0.49043
0.47413
0.49208
0.45375
0.41887
0.44357
0.43731
0.39182
0.36666
0.34623
0.31386
0.29373
0.32254
0.33695
0.31818
0.34635
0.35034
0.41896
0.54987
0.62161
0.57844
0.54996
0.49015
0.6359
0.64342
0.59487
0.63477
0.74593
0.81163
0.75786
0.77264
0.82792
0.89138
0.92496
0.8125
0.59326
0.54403
0.38865
0.33654
0.25807
0.25472
0.26343
0.27303
0.26703
0.28249
0.30066
0.30645
0.23447
0.11739
0.16933
0.40183
0.38689
0.39197
0.91095
0.94178
0.9529
0.96287
0.97281
0.97355
0.96298
0.96662
0.96532
0.97204
0.97299
0.97318
0.97452
0.97315
0.96567
0.96895
0.96054
0.96584
0.9684
0.97231
0.97486
0.96397
0.95749
0.95171
0.93977
0.93113
0.95461
0.96526
0.92004
0.92258
0.89535
0.94482
0.95806
0.90197
0.64742
0.62505
0.64346
0.63053
0.71648
0.46801
0.46159
0.5054
0.48262
0.5138
0.57043
0.65983
0.74437
1.0006
0.99493
0.67991
0.61279
0.58974
0.58277
0.55973
0.65007
0.66578
0.56303
0.45947
0.39543
0.41872
0.47954
0.49407
0.49286
0.50751
0.49558
0.42628
0.50273
0.56082
0.52511
0.62279
0.65003
0.63283
0.60581
0.58457
0.51028
0.47904
0.51553
0.65031
0.72313
0.63286
0.48838
0.43868
0.38945
0.35289
0.42234
0.598
0.84569
0.86621
0.65624
0.55015
0.53778
0.45997
0.93394
0.9288
0.88146
0.93915
0.92163
0.40032
0.19287
0.19903
0.24009
0.25538
0.23574
0.23609
0.18667
0.17566
0.16627
0.16687
0.37289
0.40108
0.35337
0.27477
0.38844
0.35729
0.40311
0.38982
0.49102
0.83107
0.92002
0.90369
0.84286
0.80314
0.72219
0.54749
0.53031
0.55225
0.42338
0.36953
0.34229
0.29082
0.37849
0.41619
0.45868
0.41106
0.29498
0.35271
0.37249
0.39708
0.39279
0.41471
0.43687
0.47188
0.44747
0.31356
0.34824
0.34797
0.33773
0.38057
0.53343
0.63095
0.80865
0.90039
0.88681
0.46123
0.41131
0.44563
0.50374
0.60891
0.54393
0.45756
0.42568
0.38036
0.3709
0.4222
0.47238
0.49869
0.46274
0.42167
0.37416
0.42413
0.46627
0.62903
0.67513
0.46499
0.44866
0.38927
0.39754
0.39854
0.42529
0.42773
0.57648
0.59673
0.79566
0.91606
0.9505
0.92408
0.68086
0.51763
0.55683
0.54332
0.70428
0.56711
0.51354
0.38382
0.45068
0.55682
0.60047
0.53195
0.66571
0.79957
0.86264
0.86182
0.90305
0.87301
0.83975
0.7355
0.65689
0.66626
0.7266
0.68213
0.68887
0.61975
0.69767
0.96982
0.97879
0.97635
0.96988
0.96629
0.96549
0.97004
0.9603
0.97113
0.97721
0.96784
0.9638
0.96308
0.71359
0.59669
0.45709
0.40318
0.46426
0.41997
0.40073
0.37815
0.38564
0.37148
0.34426
0.32912
0.29693
0.26265
0.29299
0.33266
0.33951
0.33146
0.50365
0.45464
0.52271
0.37311
0.32544
0.36111
0.23175
0.24734
0.33201
0.50438
0.61969
0.72634
0.68766
0.47854
0.29858
0.26026
0.40375
0.65431
0.80398
0.86449
0.83151
0.70627
0.60813
0.61918
0.64483
0.62588
0.75789
0.79185
0.75837
0.76011
0.78808
0.84963
0.87639
0.88208
0.89868
0.87722
0.70145
0.58006
0.45635
0.45303
0.45178
0.45878
0.51076
0.52611
0.43256
0.46471
0.46892
0.42356
0.50857
0.63208
0.71875
0.81934
0.74477
0.73848
0.69178
0.67547
0.69307
0.68794
0.68671
0.90493
0.92454
0.92336
0.7905
0.81911
0.8092
0.69745
0.63345
0.62905
0.53164
0.4448
0.40182
0.4054
0.52026
0.5879
0.71216
0.77712
0.78213
0.96251
0.97097
0.9788
0.98087
0.99763
0.99801
1.0001
0.99827
0.99808
1.0003
0.99983
0.99922
0.97374
0.97784
0.97808
0.97962
0.98534
0.98545
0.92854
0.93022
0.90202
0.90347
0.8597
0.91393
0.75422
0.52854
0.94295
0.66116
0.73576
0.56722
0.51103
0.45201
0.43608
0.4226
0.43326
0.45529
0.48059
0.50237
0.50495
0.51752
0.54167
0.56798
0.54949
0.53956
0.58692
0.51891
0.43992
0.40548
0.48338
0.54113
0.92531
0.77861
0.7029
0.73316
0.73744
0.95589
0.9487
0.92097
0.84791
0.79558
0.80336
0.77
0.98377
0.97114
0.95184
0.9425
0.81704
0.83088
0.83456
0.98467
0.94932
0.66853
0.55141
0.56199
0.57981
0.6
0.58327
0.574
0.54286
0.52526
0.54469
0.56954
0.65086
0.63822
0.78109
0.74167
0.72338
0.61394
0.60641
0.66652
0.98892
0.99998
0.99918
0.999
0.98393
0.98467
0.98861
0.98219
0.9883
0.97309
0.90174
0.80229
0.82448
0.67013
0.61474
0.70414
0.61888
0.58126
0.53182
0.489
0.79408
0.42009
0.36767
0.95978
0.88669
0.97952
0.99941
1.0005
0.99833
1.0002
0.99559
0.98253
0.95635
0.96622
0.97707
0.98348
0.97864
0.98746
0.98166
0.88844
0.79536
0.70876
0.78218
0.98341
0.95637
0.8319
0.65308
0.64212
0.71135
0.67952
0.80996
0.70068
0.69602
0.62526
0.62328
0.69844
0.6003
0.61024
0.89389
0.96302
0.97521
0.96363
0.89532
0.57617
0.47983
0.72368
0.83939
0.91977
0.98672
0.96748
0.623
0.4184
0.50237
0.60197
0.72477
0.84232
0.75748
0.72173
0.57805
0.48073
0.53214
0.65281
0.6387
0.61293
0.68912
0.68817
0.66099
0.6386
0.53332
0.6581
0.83874
0.99733
0.94234
0.92147
0.94099
0.93981
0.79426
0.79242
0.74917
0.73129
0.78113
0.58966
0.37886
0.35016
0.37478
0.46284
0.49787
0.46274
0.42908
0.45902
0.43645
0.55292
0.55678
0.7806
0.73847
0.90422
0.85747
0.92781
0.85388
0.52723
0.5525
0.66097
0.4899
0.51706
0.49434
0.49588
0.45833
0.50509
0.55897
0.52831
0.44832
0.41556
0.59376
0.9496
0.94687
0.95536
0.8956
0.85595
0.89097
0.82226
0.85313
0.85938
0.87774
0.82313
0.9619
0.96537
0.96203
0.90437
0.9333
0.94709
0.93066
0.97095
0.99695
0.92775
0.98384
0.85262
0.87074
0.78112
0.70858
0.68352
0.64986
0.60492
0.59738
0.63482
0.6596
0.66159
0.66975
0.94877
0.93378
0.7797
0.50917
0.5126
0.47848
0.42948
0.4943
0.51906
0.49849
0.53604
0.50403
0.48833
0.51587
0.48493
0.55786
0.45265
0.37647
0.63085
0.71462
0.84941
0.45259
0.43003
0.4728
0.48483
0.47869
0.5584
0.54239
0.52894
0.52039
0.5764
0.34456
0.40228
0.38048
0.4233
0.42208
0.46394
0.3704
0.37963
0.33227
0.2842
0.3091
0.55164
0.54336
0.5459
0.68782
0.60187
0.5988
0.59724
0.62856
0.70996
0.75189
0.84244
0.83484
0.88743
0.93332
0.72907
0.57286
0.54848
0.55123
0.52884
0.50515
0.51817
0.53505
0.62302
0.66472
0.63811
0.56845
0.58414
0.83904
0.98578
1.0005
0.9973
0.99995
1.0013
0.99821
0.88991
0.97751
0.90672
0.67057
0.57359
0.51306
0.53849
0.51267
0.48753
0.49522
0.55502
0.63048
0.46507
0.625
0.79052
0.97143
0.99922
1.0004
0.99769
1.0007
0.99902
0.99796
0.99846
0.99903
0.9905
0.99585
0.9999
0.99952
0.98796
0.98278
0.97519
0.98136
1.0003
0.99823
0.99044
0.97863
0.97784
0.98072
0.92579
0.83477
0.95722
0.92261
1.0008
0.99766
0.98684
0.99552
0.9344
0.74944
0.72566
0.85821
0.81672
0.64908
0.81688
0.90862
0.87345
0.8577
0.84935
0.78182
0.72307
0.55962
0.54337
0.49218
0.50363
0.5702
0.56636
0.54879
0.48412
0.45338
0.47239
0.50959
0.59582
0.70453
0.77326
0.87605
0.97553
0.99833
0.9994
0.91391
0.7883
0.81643
0.85603
0.71623
0.62394
0.5316
0.44595
0.41893
0.50608
0.64251
0.64985
0.90727
1.0003
0.99873
0.99845
0.99992
0.99714
0.8076
0.68702
0.55108
0.52405
0.50669
0.49515
0.5071
0.47061
0.52294
0.53084
0.52896
0.56437
0.61646
0.61572
0.59498
0.53762
0.68712
0.79032
0.89552
0.96549
0.97075
0.96029
0.99988
0.84558
0.70164
0.78637
0.7053
0.78044
0.98829
1.0006
0.99763
0.99706
1
0.99926
0.97968
0.99361
0.99462
0.99762
0.99036
0.98778
0.98472
0.85879
0.81581
0.89884
0.54302
0.44868
0.46379
0.43087
0.45532
0.49177
0.55538
0.62122
0.50801
0.4509
0.46156
0.49027
0.62225
0.69426
0.72626
0.672
0.51655
0.53862
0.7026
0.74094
0.67011
0.72521
0.83438
0.75951
0.72468
0.54659
0.35866
0.42609
0.48637
0.52143
0.50813
0.4413
0.36412
0.34532
0.37533
0.47442
0.45542
0.4985
0.4892
0.828
0.86007
0.9057
0.98491
0.99783
0.99829
0.99806
0.99062
0.99828
0.99875
0.98799
0.9726
0.89842
0.87715
0.91803
0.91033
0.97588
0.92945
0.92494
0.87736
0.73864
0.75289
0.91094
0.86112
0.85172
0.9892
0.97419
0.85387
0.76688
0.70401
0.65666
0.61298
0.64017
0.59313
0.66172
0.77759
0.78584
0.80515
0.89021
0.84346
0.72407
0.99771
0.58529
0.51328
0.64908
0.4618
0.685
0.57376
0.48801
0.5725
0.68584
0.69733
0.73156
0.88306
0.92071
0.74406
0.94662
0.9431
0.68773
0.7127
0.8117
0.97287
0.9979
1.0002
1.0002
0.99824
0.99819
1.0008
1.0003
0.99964
0.99804
0.99885
0.99942
0.99959
0.99767
0.99823
0.88888
1.0008
0.78854
0.78399
0.61453
0.54267
0.51738
0.47988
0.57482
0.77271
0.64123
0.5835
0.51647
0.48316
0.49083
0.46351
0.52542
0.63684
0.7527
0.79601
0.88901
0.70527
0.45066
0.40024
0.45834
0.50512
0.56279
0.76861
0.77088
0.61805
0.53254
0.61817
0.65623
0.73652
0.71989
0.71941
0.6919
0.62845
0.54496
0.51436
0.65072
0.80169
0.87437
0.96734
0.98302
0.98055
0.98372
0.97679
0.90931
0.84304
0.83666
0.88728
0.97066
0.93652
0.80087
0.76303
0.90052
0.95185
0.97064
0.97756
0.97258
0.92158
0.94116
0.93573
0.898
0.95136
0.8876
0.84588
0.91307
0.94366
0.92278
0.6496
0.63873
0.73324
0.64162
0.54874
0.54465
0.45777
0.44723
0.49579
0.54037
0.62242
0.65653
0.67454
0.63376
0.76157
0.79044
0.80691
0.82012
0.91213
1.0003
0.99756
0.99662
0.98752
0.992
0.90095
0.70943
0.38804
0.41305
0.44663
0.46499
0.4663
0.46033
0.32681
0.59769
0.77815
0.98836
0.98428
0.84396
0.6695
0.63409
0.55952
0.4829
0.451
0.48157
0.49406
0.53218
0.79745
0.76278
0.866
0.95524
0.99103
0.99638
0.9999
1.0003
0.99991
0.98949
0.80591
0.80544
0.87602
0.88429
0.8331
0.79403
0.83415
0.95574
0.99326
0.99746
0.99238
0.98342
0.98862
0.95227
0.82674
0.66331
0.66376
0.6936
0.69428
0.72162
0.70048
0.68286
0.58221
0.57979
0.64047
0.66298
0.61913
0.60059
0.62535
0.62095
0.55686
0.38569
0.46893
0.7854
0.99613
0.99992
0.99056
0.99925
0.9996
0.99401
0.99814
0.99913
0.99841
0.99796
0.99936
0.99896
1.0003
0.98049
0.99182
0.94233
0.80361
0.89155
0.95586
0.97867
0.99768
0.99707
1.0003
0.98808
0.98915
0.9903
0.97185
0.9835
0.9893
0.99909
0.98999
0.99499
0.99924
0.9992
0.9971
0.99876
0.99812
1.0009
0.94484
0.9882
0.95772
0.93097
0.9903
0.9015
0.80891
0.88798
0.94595
0.6976
0.67709
0.64664
0.5894
0.551
0.53139
0.48307
0.34877
0.27225
0.3551
0.51559
0.79955
0.88854
0.98749
0.80818
0.8844
0.88166
0.83167
0.73561
0.84815
0.8789
0.83042
0.75596
0.70052
0.82869
0.87319
0.87155
0.86544
0.94835
0.84928
0.71449
0.6622
0.54469
0.8669
0.93148
0.97621
0.87273
0.65262
0.56104
0.40067
0.36965
0.5056
0.59707
0.67038
0.65978
0.67196
0.782
0.71958
0.64815
0.64004
0.64004
0.64726
0.62447
0.53991
0.50284
0.50916
0.64513
0.77554
0.89722
0.9756
0.87413
0.80472
0.61634
0.49721
0.53374
0.66191
0.74662
0.83756
0.71517
0.69624
0.49084
0.65343
0.73437
0.79413
0.77505
0.84237
0.94493
0.94623
0.97812
0.99976
0.99987
0.99939
1.0002
0.89021
0.91
0.62816
0.51373
0.41214
0.42439
0.45736
0.57863
0.5637
0.5991
0.54634
0.46676
0.61032
0.72543
0.7324
0.84893
0.96121
0.91403
0.88029
0.68359
0.62848
0.70297
0.7951
0.83997
0.95054
0.98793
0.98075
0.98211
0.98787
0.98969
0.99104
0.98257
0.98306
0.98133
0.98465
0.99195
0.99732
0.99931
0.99825
0.99803
1.0012
0.99716
0.99523
0.99877
0.9976
0.84706
0.92613
0.99743
0.99875
0.99887
0.98248
0.94359
0.99773
0.99907
0.99958
1
0.97382
0.87343
0.76855
0.72602
0.71456
0.71004
0.68282
0.67635
0.67131
0.66065
0.63969
0.61064
0.55144
0.55382
0.87568
0.97426
0.9805
0.99504
0.99984
1.0001
1.0004
0.99997
1.0009
0.99751
0.99219
1.0008
0.99518
0.99594
0.99723
0.99772
1.0005
1.0001
0.93704
0.89333
0.83575
0.98182
0.99983
0.99898
0.99623
0.94382
0.90905
0.61747
0.94512
0.97354
0.97131
0.92569
0.74303
0.65294
0.65165
0.58047
0.49152
0.78803
0.38403
0.36395
0.37797
0.39581
0.445
0.41383
0.39374
0.48944
0.46652
0.9799
0.99759
0.97473
0.98762
0.9896
0.98918
0.98697
0.98828
0.99568
0.8587
0.6929
0.67332
0.63967
0.60877
0.6213
0.72702
0.73055
0.67352
0.69726
0.66372
0.61038
0.66127
0.81013
0.78298
0.7768
0.68284
0.63012
0.62985
0.60689
0.62445
0.66336
0.71819
0.73494
0.76616
0.81347
0.87072
0.78186
0.74764
0.90598
0.97394
0.91428
0.98811
0.95642
0.85386
0.86233
0.92901
0.75637
0.9237
0.76488
0.87846
0.96905
0.91159
0.91644
0.96561
0.98724
0.99937
0.99721
0.99826
0.99872
0.99946
0.99764
0.99709
1.0005
0.98411
0.90597
0.86812
0.8276
0.86282
0.86496
0.82574
0.94514
0.83075
0.65053
0.63012
0.64918
0.65278
0.54367
0.54025
0.50566
0.51824
0.52211
0.56831
0.56384
0.65267
0.71022
0.83022
0.82136
0.79386
0.85588
0.98279
0.99784
0.99767
1.0001
0.99971
1.0002
0.99986
1.0006
0.99782
0.99313
0.87962
0.78708
0.82053
0.96088
0.97051
0.89411
0.8997
0.92423
0.82966
0.92186
0.8732
0.6501
0.43613
0.87717
0.5251
0.56188
0.52812
0.76721
0.85522
0.66793
0.47505
0.47136
0.52026
0.40448
0.39222
0.41114
0.41801
0.80165
0.9265
0.89477
0.76897
0.64596
0.53181
0.4755
0.52927
0.53507
0.44022
0.41732
0.41556
0.42005
0.36968
0.34413
0.29201
0.26679
0.23295
0.27164
0.3082
0.31784
0.42429
0.4768
0.50228
0.49126
0.4468
0.43886
0.42609
0.46074
0.51392
0.51295
0.43874
0.43561
0.42674
0.40942
0.9132
0.93581
0.73658
0.82867
0.46203
0.38754
0.58183
0.63772
0.55887
0.53231
0.5144
0.49158
0.51823
0.51264
0.53189
0.48958
0.49902
0.48346
0.45777
0.40461
0.37468
0.32955
0.30552
0.40127
0.49483
0.43689
0.34652
0.27411
0.25685
0.26464
0.25722
0.32197
0.4271
0.44671
0.40715
0.4203
0.59647
0.57597
0.51637
0.60136
0.82872
0.95216
0.96881
0.97707
0.98436
0.98189
0.9855
0.76946
0.61409
0.94655
0.86591
0.42432
0.55655
0.97196
0.97628
0.89437
0.60344
0.52612
0.49506
0.69749
0.66132
0.66056
0.64151
0.61509
0.60018
0.53894
0.58896
0.54866
0.52768
0.56185
0.65526
0.63859
0.74791
0.95709
0.94421
0.96274
0.98027
0.99723
0.99195
0.96782
0.94108
0.84214
0.74792
0.67812
0.60173
0.51867
0.51839
0.46198
0.50649
0.45318
0.43554
0.41225
0.40997
0.40516
0.40452
0.39174
0.39138
0.34023
0.21783
0.34192
0.87635
0.9012
0.93318
0.9625
0.88638
0.86102
0.82153
0.80498
0.745
0.69326
0.76832
0.90847
0.93826
0.94908
0.94648
0.94779
0.94919
0.94589
0.92382
0.78586
0.645
0.50628
0.33337
0.20244
0.10845
0.14828
0.37442
0.549
0.55774
0.48728
0.43659
0.37552
0.38318
0.578
0.88962
0.92056
0.93308
0.94149
0.94166
0.93818
0.93768
0.94174
0.94292
0.94679
0.9365
0.9364
0.93423
0.93811
0.94327
0.93958
0.93819
0.86643
0.73481
0.75487
0.58281
0.59983
0.66411
0.41825
0.44835
0.45018
0.64075
0.91781
0.91832
0.92914
0.78608
0.57414
0.44003
0.49632
0.36068
0.31228
0.31017
0.29431
0.28118
0.27858
0.29095
0.36963
0.43979
0.3869
0.37259
0.37273
0.37105
0.38222
0.43039
0.44075
0.45512
0.57841
0.64329
0.67335
0.67429
0.645
0.43951
0.81582
0.91577
0.90948
0.91501
0.93013
0.80416
0.46592
0.43708
0.42232
0.42416
0.3585
0.36354
0.37611
0.38886
0.49893
0.37343
0.40386
0.40684
0.3633
0.33214
0.50286
0.4578
0.36874
0.33092
0.39966
0.39211
0.43363
0.45759
0.32698
0.22828
0.16582
0.13819
0.14956
0.1628
0.13413
0.18732
0.26299
0.26031
0.32556
0.311
0.36764
0.44975
0.48454
0.50602
0.43679
0.41163
0.41634
0.42283
0.48038
0.41942
0.36476
0.32947
0.32623
0.4883
0.5169
0.48099
0.40184
0.49522
0.50348
0.47172
0.39265
0.30185
0.31853
0.25874
0.21256
0.18566
0.15092
0.16568
0.2503
0.21416
0.24849
0.2788
0.28577
0.28884
0.27628
0.23312
0.21276
0.21288
0.42432
0.65018
0.65992
0.59511
0.49958
0.46283
0.42907
0.35212
0.26218
0.21392
0.23898
0.22939
0.19277
0.17057
0.18348
0.18925
0.21034
0.2375
0.21581
0.23016
0.31906
0.31933
0.283
0.25126
0.29729
0.27693
0.27783
0.29784
0.27859
0.29087
0.32436
0.27699
0.23085
0.26332
0.20482
0.2014
0.16607
0.20203
0.23332
0.27171
0.17387
0.1236
0.13261
0.13698
0.10603
0.070728
0.067042
0.071609
0.075466
0.091617
0.16004
0.22148
0.24853
0.26406
0.24187
0.24493
0.29171
0.2777
0.32684
0.33465
0.36003
0.39965
0.38552
0.37504
0.35193
0.34236
0.36373
0.34813
0.31414
0.31537
0.43305
0.39802
0.41827
0.40921
0.38699
0.34757
0.32387
0.31772
0.37796
0.35595
0.32437
0.2317
0.21077
0.21318
0.22495
0.24213
0.2499
0.26615
0.31051
0.33685
0.33587
0.3417
0.48196
0.88046
0.92733
0.93856
0.94636
0.94707
0.88306
0.72275
0.71663
0.67288
0.51664
0.29808
0.25722
0.26115
0.17854
0.17487
0.16067
0.75217
0.87107
0.90556
0.92666
0.97616
0.99618
0.99904
0.99934
0.99983
0.98347
0.99908
0.99468
0.99498
0.99657
0.99644
1
0.99995
1.0005
0.99218
0.97599
0.94595
0.89522
0.89894
0.89445
0.89293
0.88973
0.8831
0.87419
0.87698
0.88043
0.86116
0.85027
0.82433
0.80873
0.8489
0.83734
0.85512
0.88348
0.88779
0.88756
0.89325
0.89472
0.90096
0.85002
0.71119
0.64395
0.59258
0.56082
0.52325
0.46304
0.52187
0.75466
0.88702
0.9042
0.91339
0.9189
0.85042
0.66871
0.5761
0.56354
0.46646
0.42812
0.4035
0.37537
0.34803
0.31179
0.30398
0.32889
0.25177
0.23908
0.21578
0.16966
0.14922
0.14611
0.13798
0.14328
0.13799
0.11231
0.12353
0.1352
0.1568
0.17707
0.26017
0.34931
0.44577
0.45164
0.36822
0.31527
0.31274
0.33493
0.39332
0.44295
0.54595
0.56286
0.57097
0.48274
0.48924
0.44948
0.46326
0.46097
0.47326
0.49096
0.46994
0.45431
0.45941
0.47447
0.55343
0.59315
0.61006
0.80425
0.94216
0.95163
0.94699
0.94331
0.94158
0.93913
0.93773
0.93286
0.9314
0.92293
0.84447
0.80796
0.81904
0.72829
0.76099
0.73949
0.80058
0.78846
0.83829
0.90494
0.89536
0.8426
0.71996
0.56474
0.37118
0.35603
0.32358
0.33367
0.38822
0.66242
0.87951
0.88948
0.5181
0.48402
0.48929
0.3035
0.23071
0.23597
0.20415
0.21375
0.20567
0.2216
0.23795
0.24819
0.26197
0.33268
0.29788
0.29653
0.27446
0.34788
0.3766
0.46258
0.59776
0.59078
0.58962
0.58023
0.54381
0.46997
0.43845
0.39068
0.37375
0.36316
0.41049
0.37518
0.34048
0.30216
0.13054
0.12569
0.22053
0.31974
0.7627
0.91356
0.93254
0.94309
0.95261
0.95644
0.96901
0.96683
0.96086
0.95656
0.95276
0.94705
0.93836
0.81182
0.67297
0.62165
0.568
0.53471
0.43372
0.3831
0.35043
0.34703
0.33815
0.30254
0.31452
0.31055
0.30305
0.28722
0.26838
0.37648
0.31708
0.29446
0.29485
0.34929
0.41102
0.41951
0.47994
0.86102
0.87472
0.88504
0.89179
0.8944
0.45984
0.39824
0.39574
0.3301
0.27756
0.33029
0.32505
0.24405
0.1922
0.13257
0.18889
0.19353
0.22779
0.26317
0.32949
0.30775
0.85599
0.84084
0.90373
0.63816
0.55031
0.54136
0.89811
0.94504
0.94316
0.95463
0.82633
0.7649
0.68427
0.63837
0.59129
0.59741
0.58263
0.48128
0.7461
0.88731
0.87434
0.75003
0.63852
0.62814
0.52221
0.40909
0.36898
0.33039
0.3324
0.29322
0.32564
0.36243
0.31836
0.30156
0.2702
0.29875
0.27699
0.25868
0.22702
0.23649
0.22236
0.19876
0.20949
0.23444
0.33527
0.37655
0.54758
0.62865
0.56691
0.4687
0.34228
0.25158
0.21715
0.18476
0.1873
0.16216
0.21635
0.21166
0.23467
0.34111
0.37801
0.41432
0.44827
0.44931
0.5118
0.5535
0.46834
0.47453
0.45431
0.47906
0.46189
0.46901
0.53807
0.55523
0.52555
0.50426
0.53694
0.94396
0.94547
0.94725
0.95737
0.6405
0.71107
0.62064
0.94777
0.96618
0.9648
0.96133
0.96014
0.93467
0.92541
0.92235
0.92532
0.93008
0.93484
0.92569
0.92221
0.93478
0.93058
0.93183
0.92282
0.90899
0.91833
0.911
0.90184
0.89923
0.89566
0.86013
0.74751
0.83067
0.77742
0.65738
0.65122
0.61464
0.56373
0.54499
0.44602
0.36216
0.2661
0.22442
0.35498
0.77761
0.89807
0.93172
0.94531
0.96084
0.97068
0.939
0.92113
0.90634
0.89316
0.81848
0.76525
0.82686
0.84611
0.84284
0.86834
0.89623
0.8947
0.86777
0.67735
0.74884
0.76303
0.83884
0.74148
0.8077
0.68681
0.46132
0.55822
0.83483
0.85884
0.85143
0.82677
0.4807
0.46331
0.42328
0.39681
0.40097
0.40269
0.42096
0.43625
0.45106
0.56186
0.68908
0.56561
0.5746
0.57252
0.86181
0.80068
0.6611
0.82856
