0.69363
0.46074
0.49315
0.67579
0.65561
0.68664
0.80371
0.85237
0.87005
0.89348
0.9321
0.9363
0.92045
0.90774
0.91553
0.92773
0.93223
0.94289
0.91049
0.81278
0.72205
0.70206
0.76458
0.77379
0.86413
0.71345
0.54323
0.53168
0.41626
0.42295
0.33597
0.37477
0.45481
0.39669
0.32237
0.26812
0.22505
0.18438
0.15693
0.15929
0.14425
0.10437
0.31085
0.31923
0.39877
0.38288
0.43452
0.45673
0.45852
0.49142
0.46742
0.79629
0.52533
0.48867
0.56717
0.92299
0.63579
0.53051
0.44014
0.37171
0.36155
0.46571
0.73385
0.40639
0.39616
0.36517
0.34861
0.35813
0.34411
0.36876
0.46346
0.37954
0.33762
0.30009
0.32511
0.34358
0.42808
0.76445
0.82424
0.86099
0.89464
0.90061
0.90954
0.90726
0.909
0.90279
0.89811
0.90147
0.89764
0.76858
0.54718
0.60446
0.59255
0.76671
0.63301
0.51967
0.4967
0.60035
0.55357
0.55133
0.57477
0.5064
0.42252
0.31664
0.37157
0.30405
0.37527
0.89916
0.9346
0.9455
0.95578
0.96148
0.96326
0.95633
0.95327
0.93751
0.94415
0.95126
0.9288
0.92404
0.92796
0.75753
0.87699
0.86646
0.62234
0.91018
0.8908
0.8987
0.89942
0.88526
0.79139
0.53208
0.7956
0.47016
0.44188
0.57346
0.54028
0.5432
0.54062
0.51059
0.45243
0.41401
0.40544
0.40713
0.41429
0.45836
0.40659
0.35337
0.35876
0.35029
0.33465
0.37002
0.41587
0.42442
0.4655
0.4907
0.79883
0.84781
0.87556
0.80553
0.66718
0.60974
0.59936
0.49189
0.38753
0.35164
0.3259
0.32451
0.33851
0.3149
0.32289
0.32852
0.32709
0.63833
0.50488
0.42858
0.43404
0.55627
0.60921
0.68725
0.89316
0.90437
0.92341
0.92579
0.92868
0.92919
0.93359
0.91206
0.78668
0.79307
0.80571
0.82734
0.8342
0.77029
0.69038
0.64287
0.63667
0.57335
0.5287
0.50986
0.4929
0.49745
0.54734
0.59431
0.5952
0.57172
0.56395
0.5736
0.54035
0.49674
0.4434
0.40102
0.38297
0.34688
0.311
0.26303
0.24098
0.26054
0.261
0.14422
0.082017
0.12949
0.2797
0.66583
0.925
0.94395
0.95701
0.95225
0.94936
0.94339
0.93584
0.95895
0.95691
0.92787
0.91031
0.90942
0.90769
0.90326
0.89955
0.90314
0.87574
0.88586
0.90656
0.90117
0.90304
0.89384
0.93454
0.95414
0.96109
0.95508
0.94891
0.9375
0.92119
0.90891
0.89844
0.89268
0.89089
0.89117
0.88038
0.87398
0.86836
0.86984
0.86656
0.86439
0.86333
0.86323
0.86214
0.68716
0.58255
0.67474
0.6677
0.614
0.54545
0.81037
0.87783
0.82794
0.77256
0.84169
0.8699
0.83063
0.91989
0.93198
0.9125
0.91671
0.91826
0.91542
0.9068
0.89944
0.89848
0.89329
0.88881
0.88753
0.89348
0.91185
0.73279
0.46995
0.44399
0.42508
0.39195
0.3897
0.39475
0.41938
0.45724
0.48131
0.47369
0.45588
0.45093
0.44714
0.46328
0.46989
0.4417
0.43259
0.43719
0.40778
0.37603
0.36237
0.35188
0.35557
0.43733
0.94178
0.70218
0.54986
0.40997
0.33592
0.3405
0.33511
0.34025
0.3273
0.34656
0.46411
0.48068
0.44749
0.42665
0.41695
0.36319
0.33977
0.33504
0.37668
0.44246
0.76748
0.75402
0.68644
0.73245
0.8339
0.81938
0.65581
0.64749
0.67371
0.57074
0.47443
0.46902
0.50819
0.50591
0.49955
0.4579
0.41917
0.436
0.41622
0.45091
0.46988
0.44961
0.4134
0.39611
0.41502
0.50184
0.49924
0.49446
0.49744
0.44875
0.46597
0.48943
0.46915
0.88979
0.72857
0.66034
0.49102
0.47075
0.47623
0.4882
0.47363
0.45468
0.41255
0.38409
0.3658
0.40986
0.37677
0.37837
0.37157
0.40033
0.43685
0.39394
0.37484
0.36534
0.37924
0.36892
0.3605
0.35629
0.3659
0.32627
0.36136
0.39379
0.41311
0.446
0.43042
0.43993
0.43139
0.39551
0.39929
0.38213
0.38595
0.36379
0.35792
0.36772
0.38955
0.38492
0.39741
0.4195
0.4517
0.44237
0.43454
0.4272
0.44668
0.39962
0.38617
0.42826
0.40773
0.43061
0.42835
0.94467
0.96
0.95519
0.94762
0.91544
0.93257
0.93626
0.94246
0.95337
0.94202
0.95429
0.80218
0.69439
0.6275
0.61829
0.54841
0.56101
0.55739
0.50983
0.52494
0.49227
0.46449
0.44846
0.44611
0.44883
0.45382
0.45569
0.45025
0.45685
0.46242
0.46877
0.46726
0.86971
0.67385
0.49624
0.4703
0.71779
0.90938
0.97018
0.94932
0.92457
0.93335
0.86291
0.58582
0.94271
0.96384
0.96073
0.95969
0.95539
0.9492
0.94135
0.93937
0.93626
0.92976
0.92762
0.90998
0.922
0.91792
0.90068
0.8485
0.72809
0.61951
0.51023
0.46275
0.54193
0.61932
0.69215
0.39266
0.42974
0.43493
0.40004
0.40381
0.46537
0.43399
0.46537
0.51922
0.48945
0.48719
0.56666
0.84179
0.89851
0.91707
0.9149
0.84877
0.82296
0.81011
0.75113
0.71646
0.70862
0.58457
0.48971
0.31772
0.24242
0.18849
0.13538
0.12823
0.099395
0.08969
0.11305
0.16529
0.19827
0.27956
0.55967
0.68471
0.89885
0.9139
0.91894
0.94002
0.95146
0.93599
0.92767
0.90949
0.91106
0.89726
0.89179
0.88495
0.8102
0.65696
0.59043
0.4569
0.48952
0.47378
0.3834
0.38479
0.37043
0.35439
0.3424
0.38507
0.42131
0.49181
0.50434
0.44113
0.80761
0.8428
0.83112
0.85828
0.63421
0.54087
0.50051
0.48299
0.45836
0.39537
0.37969
0.33693
0.34515
0.34073
0.30494
0.30145
0.29222
0.29702
0.31939
0.33734
0.34142
0.36002
0.39925
0.37281
0.34372
0.35315
0.38587
0.36924
0.46277
0.46667
0.45845
0.44499
0.41729
0.4107
0.40331
0.378
0.36842
0.39201
0.35814
0.38265
0.38489
0.39695
0.43403
0.40656
0.40123
0.39236
0.36475
0.35348
0.32399
0.32802
0.32742
0.34329
0.32744
0.33222
0.33207
0.31376
0.30862
0.28432
0.27945
0.29184
0.31312
0.34508
0.44661
0.77699
0.79923
0.58083
0.44477
0.27017
0.29684
0.29087
0.20144
0.22533
0.31753
0.40809
0.5187
0.56674
0.46643
0.35828
0.31808
0.30565
0.37118
0.41857
0.36233
0.3625
0.41309
0.45611
0.44986
0.80627
0.80034
0.79714
0.62878
0.38175
0.42553
0.38971
0.42907
0.29106
0.28369
0.34045
0.23252
0.15984
0.20653
0.88082
0.91269
0.91792
0.92061
0.9252
0.90461
0.91551
0.92614
0.92884
0.9246
0.90893
0.54671
0.46942
0.70618
0.37889
0.38697
0.78495
0.93332
0.91815
0.91985
0.90516
0.88846
0.8897
0.86448
0.88861
0.8902
0.86001
0.82854
0.67974
0.63717
0.59415
0.58316
0.5538
0.49194
0.48257
0.46659
0.41873
0.43862
0.44619
0.61235
0.59307
0.54852
0.57029
0.54982
0.6089
0.70802
0.63596
0.72294
0.81353
0.90254
0.90781
0.9072
0.91332
0.91532
0.91993
0.89845
0.91551
0.89519
0.83875
0.87495
0.89132
0.49843
0.49017
0.51121
0.53931
0.4711
0.49314
0.45596
0.46026
0.52184
0.66482
0.78142
0.92661
0.95801
0.95443
0.96582
0.96815
0.97873
0.96471
0.96811
0.96996
0.92927
0.65575
0.71188
0.8287
0.81066
0.5578
0.38926
0.46262
0.81804
0.50178
0.52431
0.94496
0.96138
0.95608
0.94028
0.81485
0.66043
0.61054
0.54336
0.53887
0.54855
0.6748
0.77264
0.87981
0.90091
0.73185
0.8367
0.77322
0.73943
0.73926
0.6885
0.65127
0.5819
0.70168
0.50287
0.42495
0.3873
0.42544
0.43326
0.51366
0.43537
0.46543
0.4527
0.53332
0.95592
0.91803
0.95744
0.9733
0.95818
0.78955
0.82568
0.97312
0.95972
0.9723
0.99474
0.97885
0.97247
0.97477
0.9585
0.82622
0.7224
0.61081
0.61075
0.63671
0.57787
0.3821
0.27894
0.23439
0.17954
0.29927
0.40714
0.42214
0.40146
0.47073
0.41665
0.42618
0.46359
0.47555
0.41256
0.4196
0.50356
0.54999
0.5276
0.48068
0.47471
0.47271
0.55562
0.62987
0.66446
0.69749
0.72395
0.68447
0.78077
0.87081
0.96563
1.0007
0.99901
0.99791
0.98669
0.96896
0.95157
0.95507
0.91579
0.75379
0.71316
0.67551
0.61605
0.60033
0.62999
0.60536
0.62761
0.65982
0.64363
0.59659
0.84389
0.82561
0.80273
0.914
0.92317
0.88496
0.90909
0.93948
0.92737
0.93727
0.88241
0.92457
0.87131
0.7841
0.58717
0.54357
0.54741
0.46744
0.41239
0.39938
0.4617
0.46495
0.38785
0.45717
0.53317
0.42756
0.33305
0.30557
0.49713
0.55836
0.60791
0.57489
0.55764
0.53383
0.52635
0.5336
0.59015
0.6487
0.80474
0.73607
0.80554
0.99686
0.99108
0.96911
0.99512
0.99965
0.9972
0.99886
0.99742
0.99852
0.81712
0.67649
0.69076
0.54137
0.58321
0.60107
0.54636
0.3912
0.41303
0.47741
0.43908
0.46305
0.48281
0.48454
0.33368
0.88969
0.93101
0.94241
0.88405
0.61988
0.6234
0.51876
0.40144
0.37853
0.37747
0.38418
0.43318
0.49552
0.50478
0.51918
0.67112
0.68403
0.52399
0.42017
0.41226
0.52522
0.61205
0.87145
0.85313
0.5049
0.43579
0.86188
0.5018
0.41504
0.46279
0.39516
0.3299
0.26853
0.36273
0.35114
0.42222
0.42704
0.40404
0.68788
0.76432
0.93043
0.97014
0.96695
0.95291
0.96447
0.96718
0.9611
0.96626
0.96838
0.96781
0.9691
0.97737
0.98057
0.98164
0.96797
0.96569
0.9777
0.82604
0.62814
0.52705
0.75143
0.82131
0.82159
0.76514
0.65052
0.63596
0.65923
0.61452
0.77292
0.80019
0.82402
0.85759
0.79725
0.78898
0.90422
0.974
0.96186
0.93242
0.97594
0.8845
0.83342
0.572
0.52013
0.51109
0.47813
0.51178
0.58472
0.54275
0.38982
0.3622
0.34547
0.3033
0.28383
0.4244
0.39997
0.41235
0.35102
0.30332
0.4834
0.63451
0.63273
0.41145
0.48149
0.60298
0.55827
0.69834
0.64228
0.76415
0.69813
0.67702
0.84327
0.77484
0.65421
0.74716
0.80439
0.93957
0.88864
0.8393
0.84925
0.67741
0.67115
0.92964
0.97294
0.93272
0.93844
0.843
0.7861
0.78347
0.62631
0.53389
0.72967
0.59258
0.52533
0.40519
0.4069
0.37331
0.48151
0.52128
0.37772
0.5215
0.6693
0.56814
0.70523
0.96251
0.9251
0.83454
0.75504
0.93462
0.95322
0.85683
0.80537
0.86994
0.808
0.87535
0.98498
0.97533
0.97499
0.97092
0.97306
0.97288
0.8423
0.68709
0.5602
0.57178
0.57984
0.82442
0.77228
0.69385
0.64681
0.81025
0.72608
0.77109
0.83701
0.8293
0.88981
0.96905
0.96547
0.96697
0.97214
0.96348
0.9647
0.94597
0.98275
0.75299
0.72541
0.69776
0.67954
0.61768
0.5875
0.59749
0.55613
0.44247
0.39437
0.39862
0.43804
0.51579
0.52483
0.52723
0.43345
0.40948
0.4053
0.31554
0.32208
0.37905
0.67032
0.4502
0.85922
0.97576
0.99907
0.99794
0.99091
0.99531
1.0004
0.98763
0.99636
0.93161
0.70485
0.86467
0.81487
0.78301
0.84607
0.78928
0.7878
0.96538
0.84171
0.7244
0.85034
0.86358
0.78644
0.80485
0.76771
0.82478
0.74254
0.79343
0.95079
0.97849
0.92712
0.99705
1.0007
0.97744
0.98377
0.98664
0.96633
0.95583
0.84024
0.94638
0.96179
0.95878
0.95585
0.95939
0.96559
0.97198
0.99128
0.84468
0.72231
0.59349
0.56813
0.56212
0.55709
0.53514
0.53069
0.48736
0.52521
0.83636
0.81955
0.7917
0.79733
0.72585
0.67458
0.73079
0.8034
0.78629
0.7519
0.62004
0.65364
0.7588
0.67136
0.65293
0.66625
0.80342
0.95866
0.9679
0.96299
0.97812
0.97574
0.98569
0.97967
0.98675
0.96452
0.90797
0.97125
0.96259
0.97784
0.98189
0.79087
0.68409
0.62689
0.61302
0.61463
0.85048
0.67125
0.71339
0.63238
0.77084
0.70383
0.65177
0.58821
0.64322
0.62773
0.62462
0.71107
0.5685
0.52554
0.65287
0.72811
0.96703
0.91569
0.98678
0.9014
0.86314
0.82929
0.795
0.78335
0.8734
0.97576
0.77293
0.70869
0.97575
0.84038
0.92536
0.98155
0.97755
0.97925
0.95671
0.92488
0.87707
0.84894
0.59102
0.72843
0.84182
0.69077
0.64965
0.81968
0.64573
0.44359
0.40943
0.37967
0.37948
0.5291
0.44495
0.80164
0.77863
0.61897
0.54778
0.49351
0.50729
0.55782
0.5985
0.58249
0.49986
0.42588
0.40019
0.71363
0.7356
0.73172
0.96008
0.76719
0.4516
0.43176
0.45477
0.47823
0.52609
0.54177
0.5029
0.45519
0.36087
0.33781
0.39666
0.40261
0.36089
0.57211
0.6717
0.47728
0.43626
0.46037
0.46273
0.46403
0.47271
0.50566
0.48624
0.74732
0.73921
0.70256
0.56566
0.44742
0.52081
0.57703
0.74507
0.83815
0.86957
0.85965
0.8631
0.89125
0.88301
0.89516
0.8695
0.83541
0.95277
0.97855
0.89144
0.81024
0.92121
0.81569
0.87586
0.82999
0.91883
0.82456
0.80025
0.82689
0.79036
0.76686
0.75767
0.80247
0.75323
0.77841
0.78098
0.78577
0.7053
0.97958
0.99298
0.99852
0.92787
0.94358
0.95441
0.97206
0.99237
0.99972
0.99903
0.99466
0.98794
0.98241
0.98861
0.99271
1.0006
0.99767
0.94249
0.89436
1.0004
0.9264
0.8523
0.99829
1
1.0002
0.99849
0.99814
0.99201
0.98582
0.97886
0.95539
0.95795
0.99398
1.0008
0.99721
1.0005
0.99867
1.0007
0.98975
0.99825
0.99828
0.9741
0.99871
0.97389
0.7471
0.66482
0.59365
0.75814
0.83918
0.86427
0.94064
0.98493
0.97801
1.0002
0.99114
0.99621
0.99776
1.0001
1.0001
0.99833
1.0004
0.98043
0.96174
0.98487
0.99849
0.99795
1.0002
0.99928
0.99827
0.99983
0.99958
0.99876
0.99829
0.99716
0.99935
0.9901
0.96075
0.96501
0.9833
0.96812
0.97421
0.92982
0.94448
0.78175
0.66503
0.49344
0.46869
0.49769
0.42993
0.57091
0.62153
0.7603
0.741
0.64451
0.45183
0.39698
0.65859
0.78373
0.8909
0.86257
0.74841
0.68774
0.63644
0.67687
0.6484
0.5692
0.52626
0.51944
0.50438
0.55943
0.57205
0.62045
0.70517
0.72774
0.78292
0.65445
0.65123
0.60763
0.56862
0.50823
0.53655
0.68867
0.78494
0.81327
0.70519
0.45464
0.4424
0.43479
0.42903
0.57429
0.60565
0.64635
0.664
0.62738
0.6681
0.70543
0.9093
0.98284
0.97509
0.78999
0.72103
0.70763
0.83746
0.7993
0.72
0.8055
0.74872
0.76625
0.73857
0.67771
0.63993
0.74869
0.81535
0.81805
0.76469
0.91341
0.97822
0.9306
0.77783
0.69685
0.6095
0.71146
0.69753
0.53484
0.45547
0.40833
0.34024
0.36077
0.43239
0.6284
0.52376
0.46722
0.46862
0.4826
0.49432
0.50076
0.55941
0.61775
0.72343
0.60554
0.65899
0.65012
0.59779
0.58757
0.58381
0.59763
0.63092
0.66326
0.63017
0.60971
0.58342
0.62241
0.6116
0.62597
0.78447
0.6925
0.51222
0.3919
0.33191
0.35166
0.53268
0.54943
0.44084
0.48722
0.36643
0.27222
0.27294
0.27511
0.35959
0.38675
0.4215
0.39668
0.36334
0.42058
0.47036
0.46034
0.455
0.39851
0.38605
0.46014
0.53164
0.52137
0.53106
0.64599
0.80745
0.82619
0.71346
0.7161
0.77511
0.79596
0.82616
0.81516
0.78126
0.73909
0.75608
0.76433
0.78688
0.78144
0.88147
0.95513
0.91497
0.87871
0.70835
0.61718
0.58815
0.55456
0.54932
0.47004
0.49559
0.5456
0.54644
0.64896
0.58545
0.60993
0.77499
0.87854
0.8763
0.9462
0.97211
0.98361
0.98528
0.98964
0.9705
0.96868
0.97493
0.97338
0.96689
0.97725
0.97139
0.97732
0.98174
0.96115
0.94458
0.88418
0.80881
0.90685
0.62102
0.47406
0.39251
0.3928
0.62729
0.84433
0.94772
0.91037
0.67286
0.49083
0.54669
0.65152
0.7319
0.77693
0.76806
0.83192
0.79422
0.67765
0.70258
0.64087
0.56462
0.54267
0.52658
0.66518
0.69173
0.60525
0.51619
0.5059
0.71764
0.70386
0.65335
0.75322
0.73989
0.76101
0.79696
0.8035
0.75264
0.69754
0.7473
0.80651
0.6602
0.59455
0.58942
0.63759
0.5746
0.5744
0.61642
0.74135
0.75189
0.64314
0.62589
0.70604
0.62627
0.64554
0.728
0.73062
0.69391
0.64754
0.53018
0.50542
0.50975
0.56889
0.58104
0.66753
0.61965
0.47646
0.46221
0.44834
0.44721
0.51792
0.53882
0.42572
0.39033
0.35337
0.35901
0.33425
0.39819
0.50073
0.57487
0.57789
0.57171
0.57829
0.51252
0.70304
0.69272
0.64445
0.58151
0.63179
0.6789
0.68341
0.70501
0.7248
0.67183
0.65804
0.716
0.73347
0.73414
0.72494
0.76482
0.56629
0.45248
0.3614
0.35861
0.45611
0.54066
0.54497
0.56131
0.5929
0.60668
0.65692
0.63064
0.64589
0.5971
0.50979
0.50444
0.50343
0.51215
0.59823
0.67045
0.68619
0.66923
0.58116
0.45749
0.51829
0.51041
0.53972
0.52549
0.49361
0.45124
0.40937
0.37635
0.34116
0.35904
0.46711
0.4898
0.5601
0.5163
0.43036
0.39452
0.48691
0.59131
0.50851
0.50425
0.45086
0.52724
0.43221
0.42377
0.54639
0.57486
0.49292
0.46735
0.53175
0.44276
0.35806
0.38092
0.32264
0.25425
0.23513
0.25439
0.35519
0.39126
0.41999
0.39443
0.36727
0.32691
0.44871
0.40408
0.53066
0.61443
0.56289
0.51441
0.53707
0.82814
0.8077
0.78225
0.84813
0.8176
0.96148
0.9971
0.99812
0.99908
0.99785
0.99832
1.0004
1.0007
0.99325
0.97722
0.92439
0.93645
0.91619
0.94792
0.9421
0.80678
0.75171
0.63872
0.58722
0.55177
0.7357
0.66246
0.63017
0.63226
0.56963
0.47291
0.50369
0.51585
0.50714
0.54574
0.59625
0.58736
0.50995
0.42487
0.51339
0.53034
0.59001
0.60246
0.67713
0.71199
0.76466
0.82002
0.89657
0.91969
0.91542
0.9287
0.95128
0.92933
0.86509
0.80324
0.67725
0.6645
0.70618
0.678
0.6428
0.56456
0.5059
0.42023
0.47903
0.48834
0.48822
0.47607
0.4537
0.30221
0.28947
0.32603
0.34053
0.36155
0.4834
0.57228
0.58462
0.62544
0.66123
0.62351
0.61752
0.67029
0.67924
0.59863
0.59863
0.33498
0.24931
0.31253
0.32332
0.26144
0.27542
0.37486
0.32392
0.29593
0.29014
0.38284
0.43579
0.37237
0.40433
0.51971
0.53483
0.52464
0.75364
0.92353
0.85462
0.82424
0.70105
0.57639
0.54795
0.45906
0.60597
0.57547
0.64968
0.87491
0.8637
0.8539
0.85163
0.73095
0.71433
0.61595
0.56257
0.60519
0.67817
0.62916
0.58649
0.69733
0.91686
0.96812
0.97672
0.98059
0.99156
0.99783
0.99993
0.99743
0.99938
0.9997
0.99891
1.0002
0.99994
0.99973
0.99837
0.99829
0.99864
0.79116
0.60108
0.58236
0.56485
0.46946
0.59481
0.69253
0.47569
0.52104
0.57967
0.91958
0.85764
0.84669
0.98187
0.99752
0.998
0.97016
0.95986
0.98458
0.74053
0.65136
0.61558
0.58455
0.49991
0.43985
0.47113
0.51489
0.56752
0.62165
0.60891
0.59942
0.56272
0.49501
0.40986
0.31592
0.32292
0.37178
0.38426
0.53728
0.55606
0.57642
0.5652
0.48847
0.41546
0.40939
0.42642
0.46941
0.54738
0.62339
0.6943
0.73733
0.71427
0.6697
0.60466
0.5671
0.54915
0.55787
0.53795
0.50911
0.58643
0.5582
0.55225
0.56673
0.57034
0.54144
0.55711
0.65404
0.6649
0.69612
0.66234
0.63151
0.61687
0.61706
0.71587
0.64829
0.64885
0.68238
0.71238
0.69464
0.67173
0.62717
0.65311
0.98694
1.0001
0.89724
0.71486
0.76085
0.66992
0.81424
0.7409
1.0004
0.9973
0.99929
0.97726
0.93734
0.97418
0.99846
0.97598
0.92304
0.85296
0.81291
0.76962
0.77218
0.8099
0.68239
0.68027
0.72734
0.99707
0.99509
0.98819
0.94059
0.86585
0.85167
0.74937
0.79405
0.71815
0.89708
0.92724
0.91635
0.97
0.97233
0.96643
0.97489
0.97179
0.98907
0.99864
0.99833
0.99833
1.0003
0.99611
0.99956
0.99809
0.99816
0.97246
0.97357
0.98468
0.98763
0.998
1.0001
0.99858
0.99762
0.99358
0.99374
0.99975
0.99636
0.9488
0.77739
0.67709
0.60636
0.54424
0.54047
0.51904
0.33367
0.27141
0.37064
0.37081
0.52152
0.56298
0.73591
0.90975
0.98627
0.98664
0.98377
0.98484
0.99433
0.98664
0.97869
0.97197
0.97869
0.97511
0.98958
0.99206
0.96563
0.77971
0.64626
0.68885
0.71394
0.69037
0.62076
0.46031
0.63425
0.65594
0.63682
0.59493
0.56567
0.52207
0.45969
0.50618
0.43974
0.34777
0.36822
0.39141
0.39034
0.67375
0.46114
0.47876
0.5821
0.56452
0.56094
0.52598
0.65513
0.46049
0.46328
0.51392
0.54777
0.66607
0.61869
0.71568
0.93516
0.95266
0.9854
0.98472
0.97106
0.8021
0.63366
0.43182
0.41174
0.62145
0.81065
0.73755
0.74662
0.86616
0.94181
0.95646
0.90595
0.71345
0.75586
0.68621
0.50973
0.45617
0.51369
0.4088
0.39934
0.38411
0.34733
0.29421
0.37674
0.34926
0.37692
0.35129
0.35222
0.35983
0.35008
0.3441
0.34579
0.34979
0.32389
0.29271
0.18441
0.34933
0.51239
0.96216
0.97789
0.84663
0.82647
0.78484
0.96263
0.97784
0.99237
0.99342
0.99783
0.99487
0.98668
0.99163
0.99985
1.0008
0.99919
0.99799
0.99742
0.99984
1.0008
0.99896
0.99836
1.0004
0.99746
0.97944
0.68548
0.5575
0.669
0.56086
0.60564
0.78053
0.74502
0.67513
0.63741
0.69929
0.77969
0.76037
0.6492
0.53294
0.56647
0.48938
0.47273
0.41048
0.43006
0.44295
0.45197
0.40341
0.48619
0.52435
0.455
0.50047
0.5005
0.53687
0.69911
0.91682
0.92928
1.0001
0.99843
0.61726
0.61081
0.60412
0.59293
0.58856
0.59681
0.59104
0.53105
0.81094
0.77978
0.64497
0.59278
0.4973
0.5616
0.57433
0.52787
0.47486
0.48868
0.43991
0.42064
0.41832
0.38576
0.36564
0.36994
0.37633
0.38324
0.37384
0.86041
0.75693
0.61632
0.60892
0.52878
0.48969
0.46663
0.57257
0.5785
0.55883
0.5393
0.51675
0.59034
0.90731
0.93008
0.92099
0.92199
0.9145
0.92187
0.9188
0.63357
0.67033
0.728
0.70124
0.64158
0.54462
0.443
0.33805
0.30974
0.50017
0.82571
0.87955
0.89533
0.96072
0.64501
0.6163
0.70066
0.73803
0.71608
0.66788
0.66882
0.543
0.60187
0.76526
0.75793
0.79258
0.75403
0.58548
0.4254
0.38329
0.36349
0.35868
0.34836
0.36299
0.38782
0.38233
0.31236
0.30625
0.36487
0.29795
0.24635
0.23329
0.2173
0.19675
0.18797
0.2243
0.27596
0.28997
0.29693
0.23795
0.22356
0.21249
0.20868
0.3505
0.39974
0.3307
0.30361
0.30698
0.27251
0.29024
0.27703
0.36194
0.39865
0.40988
0.39353
0.33044
0.29498
0.29091
0.29167
0.17516
0.18404
0.16941
0.22307
0.2391
0.34835
0.46021
0.44178
0.55487
0.88522
0.83043
0.81662
0.80364
0.72925
0.66392
0.52593
0.42866
0.4627
0.41573
0.8877
0.92201
0.93956
0.9039
0.86894
0.5787
0.88124
0.41021
0.36127
0.33018
0.32049
0.31492
0.32252
0.39332
0.41778
0.41744
0.4356
0.40815
0.4787
0.48211
0.73394
0.78142
0.78126
0.81828
0.77715
0.62703
0.53327
0.52865
0.52921
0.49783
0.4366
0.36749
0.5664
0.45235
0.58005
0.85917
0.91693
0.93077
0.94666
0.92469
0.93544
0.89827
0.87317
0.91401
0.90066
0.82022
0.82824
0.8939
0.92378
0.88828
0.57902
0.42556
0.38179
0.43811
0.7099
0.91785
0.90811
0.90327
0.93301
0.93243
0.94153
0.89542
0.85539
0.83738
0.83361
0.87194
0.89003
0.90202
0.90408
0.83433
0.78052
0.89833
0.90257
0.90021
0.90277
0.79919
0.73965
0.71816
0.68529
0.77889
0.83071
0.66511
0.73734
0.64208
0.69193
0.66583
0.61409
0.52925
0.40565
0.35094
0.33644
0.34678
0.35189
0.35199
0.34725
0.34846
0.33229
0.33058
0.31179
0.28369
0.29137
0.27851
0.17107
0.18962
0.17595
0.20906
0.23741
0.21916
0.29495
0.59577
0.43784
0.90652
0.70969
0.42659
0.36407
0.32316
0.29932
0.3769
0.42836
0.52683
0.57532
0.59552
0.55891
0.40398
0.37213
0.44803
0.40958
0.41061
0.40997
0.39873
0.40205
0.40362
0.40182
0.39944
0.38514
0.40753
0.38685
0.3926
0.4103
0.39888
0.38362
0.36103
0.35734
0.33874
0.3154
0.32789
0.30394
0.27776
0.27759
0.29698
0.38983
0.40184
0.78382
0.87275
0.87052
0.79907
0.75742
0.59055
0.41891
0.35046
0.31693
0.37863
0.35637
0.31465
0.31065
0.30828
0.41173
0.57073
0.5909
0.66349
0.72307
0.90234
0.90893
0.91027
0.83218
0.5422
0.52567
0.51986
0.53596
0.5367
0.51519
0.512
0.43381
0.39293
0.39312
0.38314
0.37079
0.39254
0.40382
0.42157
0.43263
0.40279
0.41523
0.34861
0.28093
0.28433
0.49959
0.82592
0.64947
0.46865
0.38591
0.33589
0.32443
0.85306
0.88529
0.882
0.65947
0.60931
0.62038
0.6075
0.60068
0.51883
0.46615
0.42011
0.37113
0.32401
0.28064
0.47532
0.47221
0.4851
0.47426
0.64475
0.52883
0.3697
0.35901
0.37435
0.3651
0.36051
0.35767
0.36219
0.38075
0.39782
0.4333
0.80741
0.65905
0.68144
0.84259
0.89974
0.90714
0.89797
0.79958
0.63532
0.75642
0.63762
0.56313
0.3497
0.27324
0.32648
0.38565
0.39987
0.37591
0.40286
0.39004
0.3729
0.38545
0.42288
0.4071
0.37121
0.4017
0.33666
0.3906
0.58338
0.62508
0.48507
0.58407
0.39909
0.27882
0.25204
0.23787
0.66513
0.31245
0.32526
0.3385
0.3095
0.29294
0.32773
0.38665
0.7269
0.85492
0.87738
0.80765
0.48567
0.49101
0.37595
0.34217
0.31786
0.32942
0.34592
0.37311
0.39703
0.42541
0.49943
0.4978
0.45902
0.49966
0.47883
0.40976
0.36511
0.37385
0.34989
0.33321
0.32543
0.30345
0.30129
0.37404
0.50112
0.44344
0.40378
0.40897
0.37902
0.67031
0.86623
0.88235
0.87904
0.64775
0.60893
0.56771
0.54206
0.71403
0.62522
0.46566
0.41173
0.40035
0.42097
0.40755
0.39218
0.34828
0.33057
0.30932
0.30661
0.30082
0.25556
0.23958
0.36329
0.3558
0.30162
0.28089
0.31842
0.20318
0.31211
0.32397
0.39667
0.79161
0.78616
0.75193
0.59744
0.63092
0.68099
0.76984
0.7101
0.8184
0.86499
0.77943
0.67997
0.75678
0.64913
0.70251
0.41754
0.33691
0.31016
0.35219
0.28251
0.4813
0.41
0.48675
0.51193
0.44195
0.52621
0.54765
0.48768
0.43837
0.38828
0.36828
0.35744
0.35164
0.33793
0.33289
0.3382
0.33963
0.36129
0.35991
0.36203
0.37422
0.41655
0.40895
0.44009
0.40761
0.46373
0.46954
0.46625
0.48336
0.49292
0.49206
0.52157
0.64862
0.47431
0.41795
0.38837
0.39819
0.43324
0.51972
0.4629
0.49203
0.36171
0.5094
0.67352
0.87697
0.87844
0.86028
0.72893
0.7027
0.60805
0.57996
0.5196
0.72195
0.52275
0.39217
0.41076
0.37913
0.3852
0.30125
0.28795
0.31784
0.31021
0.32023
0.34913
0.33476
0.40473
0.64235
0.90312
0.91789
0.91883
0.86392
0.65684
0.57099
0.62125
0.7893
0.77197
0.52598
0.6205
0.7941
0.89349
0.92439
0.93072
0.93559
0.93602
0.93623
0.91606
0.93471
0.93503
0.94475
0.94696
0.9529
0.95928
0.96821
0.97036
0.97452
0.97506
0.976
0.97771
0.97394
0.95767
0.95682
0.60451
0.50788
0.52987
0.51615
0.53283
0.53054
0.48733
0.43552
0.429
0.4247
0.42262
0.43109
0.51918
0.82449
0.86319
0.8824
0.8997
0.86064
0.74328
0.69527
0.69538
0.65482
0.5023
0.4877
0.48731
0.63518
0.70085
0.83179
0.86014
0.8758
0.88951
0.89751
0.9065
0.90815
0.86701
0.54972
0.50935
0.43217
0.34975
0.30433
0.27439
0.23282
0.16862
0.155
0.13227
0.10176
0.14939
0.15966
0.22065
0.25843
0.36597
0.37674
0.37668
0.3851
0.34898
0.3529
0.39571
0.40835
0.39515
0.38592
0.39106
0.38968
0.39781
0.38853
0.39537
0.38781
0.39868
0.41122
0.42742
0.52607
0.58296
0.61189
0.6086
0.67893
