0.68018
0.8093
0.83856
0.86855
0.89082
0.89398
0.82257
0.58505
0.40455
0.46505
0.40845
0.42726
0.44364
0.39063
0.38329
0.42837
0.41321
0.41085
0.4951
0.82852
0.86832
0.85231
0.77643
0.74183
0.82248
0.63898
0.4014
0.35975
0.34107
0.40864
0.47701
0.65091
0.92725
0.97474
0.97414
0.97925
0.98247
0.98439
0.97642
0.96539
0.97524
0.97333
0.96468
0.94563
0.50366
0.52184
0.55124
0.5544
0.52123
0.50993
0.47939
0.46198
0.4444
0.4288
0.41044
0.42659
0.39431
0.38147
0.37835
0.38137
0.39174
0.39521
0.49238
0.62093
0.94511
0.93345
0.6056
0.46686
0.4591
0.43029
0.45389
0.52282
0.41369
0.43509
0.9487
0.95571
0.94113
0.94415
0.91005
0.89886
0.93104
0.91297
0.64973
0.48044
0.36898
0.32925
0.34458
0.33589
0.31647
0.38276
0.40225
0.38044
0.40488
0.44595
0.64484
0.79493
0.84206
0.79331
0.71972
0.56064
0.43171
0.37617
0.3001
0.3792
0.40933
0.43081
0.39858
0.40947
0.38441
0.41188
0.77996
0.95704
0.94427
0.93593
0.93223
0.94353
0.93413
0.92879
0.93035
0.93115
0.93256
0.93914
0.82105
0.52386
0.41175
0.35785
0.30817
0.27648
0.28339
0.27178
0.2976
0.3421
0.4024
0.41344
0.41815
0.43498
0.43026
0.43157
0.40959
0.38552
0.38467
0.38654
0.39166
0.38851
0.37122
0.35514
0.35792
0.37343
0.36351
0.37903
0.38812
0.39162
0.38167
0.39953
0.39857
0.37662
0.38762
0.39317
0.38007
0.38364
0.37801
0.39129
0.38888
0.39352
0.39608
0.39691
0.40174
0.40333
0.40978
0.42966
0.40613
0.86428
0.55489
0.71021
0.62142
0.41893
0.68238
0.90441
0.90536
0.4328
0.42142
0.41587
0.41586
0.41889
0.57957
0.85426
0.69701
0.77729
0.51118
0.76168
0.92179
0.93995
0.94177
0.93022
0.91337
0.9064
0.90829
0.91873
0.91386
0.71581
0.57631
0.45025
0.40685
0.38415
0.35733
0.33677
0.39752
0.53438
0.8455
0.88656
0.92561
0.52293
0.43715
0.39591
0.35235
0.36504
0.34042
0.32332
0.2997
0.30867
0.30861
0.32283
0.33345
0.32561
0.32885
0.313
0.32804
0.3343
0.33737
0.33163
0.32244
0.32553
0.31528
0.33721
0.34507
0.35356
0.373
0.35242
0.35033
0.36101
0.33846
0.34748
0.32214
0.34608
0.36633
0.35347
0.38203
0.36587
0.33858
0.30182
0.49099
0.60254
0.65683
0.83041
0.57029
0.44258
0.42924
0.38859
0.51721
0.44902
0.47281
0.44462
0.40513
0.41984
0.42831
0.45867
0.41499
0.41689
0.38696
0.3806
0.37352
0.35496
0.35161
0.34482
0.32563
0.34469
0.36195
0.37078
0.35084
0.34033
0.32685
0.32773
0.32449
0.3379
0.33494
0.34158
0.36071
0.39316
0.38204
0.38194
0.38144
0.37523
0.37009
0.36169
0.35873
0.37053
0.38313
0.38077
0.37015
0.37558
0.37971
0.37866
0.37826
0.36565
0.37116
0.36697
0.37357
0.39019
0.38574
0.39175
0.38659
0.37078
0.3705
0.37036
0.32725
0.29977
0.26194
0.25817
0.28759
0.29335
0.28409
0.26749
0.26289
0.24545
0.26886
0.26081
0.20708
0.17189
0.13814
0.12554
0.13579
0.15745
0.24753
0.24779
0.23521
0.3151
0.34274
0.26512
0.25517
0.25783
0.28568
0.29472
0.29262
0.29562
0.27936
0.2391
0.29346
0.29129
0.26045
0.22633
0.20844
0.16366
0.17756
0.31713
0.54965
0.57325
0.55254
0.52587
0.50049
0.34571
0.31858
0.31203
0.30992
0.30748
0.31999
0.33334
0.36694
0.3503
0.30745
0.17089
0.19846
0.23309
0.33111
0.43166
0.39434
0.35907
0.51607
0.92102
0.93366
0.9407
0.95633
0.94837
0.95333
0.88654
0.91579
0.82606
0.69575
0.6943
0.74635
0.74056
0.65787
0.61361
0.5849
0.55084
0.69961
0.721
0.71498
0.63825
0.52236
0.46541
0.44029
0.40279
0.35632
0.35356
0.39869
0.42474
0.44797
0.4588
0.42852
0.44498
0.41545
0.3492
0.38578
0.32508
0.28913
0.31106
0.32513
0.32826
0.34108
0.34682
0.27648
0.24619
0.31504
0.40272
0.39758
0.43471
0.56929
0.60835
0.61547
0.60853
0.7049
0.65908
0.69102
0.7166
0.74478
0.77363
0.76791
0.76581
0.7041
0.62641
0.58735
0.56879
0.59156
0.57701
0.84191
0.70424
0.87647
0.78826
0.75471
0.7221
0.60307
0.5179
0.50086
0.55061
0.50885
0.50311
0.5022
0.49286
0.4749
0.48916
0.50227
0.47832
0.47627
0.46095
0.45391
0.4608
0.33087
0.17648
0.45855
0.38539
0.32289
0.47788
0.87172
0.63084
0.39955
0.40377
0.34769
0.36791
0.38031
0.40807
0.44065
0.43481
0.46571
0.4321
0.65076
0.92878
0.93297
0.90887
0.91453
0.89225
0.89621
0.88262
0.78507
0.79433
0.83626
0.64539
0.46691
0.45983
0.44132
0.4128
0.41153
0.43797
0.40915
0.35697
0.35879
0.89344
0.5476
0.80924
0.69391
0.52635
0.43641
0.40557
0.40624
0.4707
0.48818
0.70817
0.71916
0.68475
0.6065
0.72368
0.73831
0.5816
0.40277
0.36867
0.37519
0.37744
0.33771
0.40704
0.36501
0.40164
0.41801
0.38204
0.37374
0.40393
0.41072
0.42366
0.38341
0.51606
0.81026
0.86416
0.89485
0.90563
0.90203
0.90338
0.90531
0.66521
0.42545
0.62244
0.76422
0.71538
0.80974
0.72891
0.76662
0.79098
0.81488
0.83388
0.87975
0.89348
0.88922
0.78482
0.59606
0.54178
0.54951
0.7833
0.8782
0.91404
0.9135
0.92483
0.92634
0.80772
0.57121
0.55522
0.57243
0.37038
0.20539
0.15693
0.19448
0.31192
0.48705
0.48858
0.4638
0.43279
0.38095
0.39379
0.40031
0.34932
0.31515
0.30891
0.34863
0.50433
0.59714
0.94556
0.72024
0.66459
0.56147
0.49886
0.44288
0.43656
0.83885
0.93418
0.95716
0.94581
0.93644
0.94338
0.93971
0.9241
0.93005
0.70682
0.46475
0.39357
0.51351
0.54268
0.54676
0.48224
0.5618
0.59594
0.54379
0.54448
0.60583
0.5058
0.57375
0.53407
0.52135
0.4976
0.40232
0.39441
0.37463
0.38288
0.42715
0.41511
0.35313
0.47799
0.44944
0.41227
0.39447
0.39352
0.38652
0.34878
0.34105
0.49791
0.40111
0.21016
0.16148
0.15382
0.2413
0.43807
0.7222
0.49521
0.88672
0.93313
0.63879
0.46395
0.49825
0.47436
0.48502
0.3887
0.39712
0.4042
0.40776
0.40779
0.40944
0.38778
0.37765
0.37414
0.39492
0.41325
0.41296
0.43869
0.46473
0.51287
0.62282
0.40648
0.38716
0.42082
0.43816
0.54039
0.49009
0.44938
0.45761
0.4696
0.46444
0.44651
0.41513
0.41638
0.44804
0.46224
0.42029
0.38259
0.36393
0.36516
0.34691
0.36129
0.41029
0.39686
0.38432
0.37034
0.35993
0.34415
0.32879
0.35828
0.41835
0.45421
0.48122
0.41006
0.37076
0.36157
0.36595
0.3643
0.39608
0.42063
0.39427
0.34815
0.33419
0.32995
0.3421
0.34267
0.39971
0.39605
0.35828
0.34599
0.32855
0.33556
0.34341
0.37296
0.42083
0.40715
0.36949
0.36124
0.45906
0.36807
0.32343
0.34467
0.39825
0.40622
0.3582
0.26211
0.20706
0.1805
0.1714
0.18778
0.28751
0.35754
0.15955
0.33451
0.36057
0.35391
0.37501
0.38826
0.40281
0.45014
0.47051
0.37632
0.39452
0.34587
0.27821
0.25854
0.25251
0.30852
0.26439
0.25612
0.29169
0.41582
0.61746
0.91776
0.82031
0.80249
0.82155
0.94074
0.94746
0.9597
0.95418
0.93968
0.88289
0.8658
0.86829
0.74519
0.77861
0.82578
0.92228
0.95051
0.94809
0.94918
0.95379
0.94961
0.94604
0.92699
0.92254
0.91726
0.8672
0.75132
0.91633
0.70555
0.84776
0.90798
0.92022
0.87517
0.81948
0.77773
0.78276
0.60085
0.58924
0.58051
0.56037
0.56462
0.5708
0.5614
0.54739
0.59228
0.56426
0.62859
0.73747
0.8747
0.93953
0.89162
0.93736
0.93097
0.91839
0.93019
0.89744
0.59507
0.71133
0.42956
0.49796
0.38949
0.35544
0.35085
0.34446
0.36465
0.39652
0.39985
0.39876
0.30442
0.31753
0.28614
0.36443
0.41298
0.52499
0.61299
0.67422
0.93209
0.9444
0.92405
0.54241
0.47107
0.55169
0.6836
0.7196
0.65393
0.61857
0.44238
0.39327
0.44405
0.46615
0.62721
0.66324
0.4629
0.38672
0.40432
0.40072
0.39238
0.45257
0.45956
0.92366
0.82406
0.78721
0.4437
0.42053
0.43486
0.4549
0.5396
0.91195
0.96401
0.9631
0.95736
0.95561
0.96007
0.90111
0.95474
0.93145
0.85739
0.70979
0.59565
0.51413
0.51898
0.53378
0.69381
0.97372
0.9677
0.71383
0.57249
0.95155
0.95611
0.66517
0.68923
0.56919
0.51541
0.56957
0.50998
0.45246
0.4233
0.48147
0.43396
0.39957
0.5284
0.51809
0.49504
0.48683
0.51077
0.50077
0.49806
0.99816
0.98679
0.9198
0.76541
0.50604
0.41751
0.44724
0.44343
0.40705
0.41066
0.39141
0.72495
0.99802
0.99815
0.99936
0.98631
0.96468
0.96116
0.94454
0.84623
0.81745
0.79703
0.72774
0.96552
0.99066
0.97764
0.97222
0.95258
0.94177
0.9456
0.93512
0.93023
0.93621
0.90084
0.77995
0.74763
0.73293
0.70687
0.6564
0.61482
0.55307
0.53063
0.4346
0.32889
0.30532
0.37453
0.51557
0.46547
0.42652
0.58918
0.47291
0.5217
0.49785
0.49472
0.52121
0.50268
0.49247
0.4752
0.45158
0.49625
0.57237
0.90021
0.94871
0.94856
0.96267
0.95181
0.94572
0.93949
0.9355
0.68442
0.67848
0.55485
0.65277
0.77253
0.90593
0.62797
0.45821
0.47237
0.55309
0.5551
0.63118
0.82078
0.87277
0.647
0.48235
0.50995
0.58374
0.5617
0.57081
0.9243
0.8432
0.73338
0.96304
0.93852
0.94377
0.94169
0.93263
0.93311
0.92674
0.86491
0.82814
0.83193
0.95415
0.95458
0.9594
0.96118
0.94013
0.93335
0.93812
0.91834
0.91733
0.9114
0.88107
0.83659
0.75436
0.6122
0.49201
0.55405
0.52801
0.49239
0.59401
0.50809
0.48862
0.49796
0.69075
0.94865
0.94935
0.78119
0.78112
0.80303
0.75673
0.69361
0.86596
0.75736
0.71629
0.69234
0.74211
0.65302
0.67078
0.95202
0.96033
0.63277
0.532
0.44263
0.49271
0.48966
0.41884
0.40795
0.43122
0.5357
0.9874
0.83345
0.57763
0.47288
0.55155
0.85924
0.96069
0.92823
0.96982
0.9626
0.96532
0.95543
0.81246
0.54547
0.42342
0.42597
0.47073
0.44759
0.45023
0.50446
0.43345
0.42174
0.44193
0.47564
0.49766
0.48039
0.5819
0.55267
0.51995
0.49941
0.51554
0.51411
0.53493
0.53179
0.55244
0.54295
0.59174
0.60169
0.60167
0.54072
0.50989
0.53674
0.56553
0.71759
0.65508
0.59013
0.46621
0.42966
0.48187
0.53564
0.60981
0.63215
0.67394
0.60728
0.50732
0.46171
0.48616
0.43061
0.40759
0.54525
0.56742
0.56782
0.601
0.58971
0.59342
0.59472
0.61933
0.60804
0.63187
0.55395
0.49165
0.46391
0.45726
0.44062
0.44839
0.48766
0.52716
0.48079
0.5385
0.52478
0.51571
0.50834
0.47208
0.47936
0.56513
0.68952
0.73892
0.73546
0.69418
0.69052
0.7341
0.94922
0.92028
0.91812
0.89565
0.97352
1.0007
0.98468
0.98749
0.98959
0.98
0.98027
0.98034
0.9808
0.98547
0.96527
0.94841
0.95814
0.81937
0.82176
0.86525
0.81408
0.95879
0.94081
0.99004
0.97374
0.97049
0.82768
0.52622
0.56135
0.67619
0.82665
0.71055
0.79771
0.60189
0.38848
0.42921
0.46098
0.5467
0.56365
0.96753
0.9377
0.98653
0.97802
0.75746
0.69479
0.86977
0.63295
0.52117
0.65102
0.74567
0.76864
0.53108
0.46542
0.5593
0.53431
0.67242
0.98364
0.94426
0.83609
0.77737
0.79523
0.75509
0.75663
0.80018
0.79245
0.82998
0.82083
0.77914
0.76492
0.94001
0.85953
0.88456
0.76644
0.82663
0.96658
0.97633
0.98562
1.0009
0.99719
0.99602
0.99873
1.0007
0.97503
0.9532
0.97897
0.99301
0.99626
1.0009
0.99929
0.9977
0.99707
0.98497
0.98417
0.98979
0.99953
0.99945
0.99817
0.99774
0.99892
0.99588
0.99744
0.99871
1.0004
1.0005
0.9975
0.82575
0.7138
0.64157
0.60409
0.63972
0.66234
0.74571
0.68707
0.59822
0.56341
0.577
0.56687
0.63874
0.84128
0.98212
0.94186
0.7584
0.63691
0.6974
0.77628
0.71446
0.7146
0.6572
0.47613
0.45293
0.73769
0.50735
0.45728
0.50889
0.70738
0.82795
0.81548
0.82236
0.5648
0.44048
0.51157
0.60647
0.75128
0.73418
0.6891
0.59576
0.58867
0.55086
0.55804
0.63682
0.67146
0.6219
0.60622
0.57358
0.59925
0.58088
0.60574
0.63382
0.64972
0.70489
0.62927
0.60119
0.58429
0.55266
0.53916
0.5729
0.65911
0.73964
0.91435
0.99514
0.99841
0.98048
0.94344
0.94279
0.88548
0.85073
0.71425
0.59113
0.59154
0.54256
0.48763
0.44877
0.59177
0.62201
0.75383
0.94811
0.86944
0.87666
0.83134
0.83818
0.79912
0.76369
0.92245
0.84296
0.77659
0.81011
0.81747
0.86432
0.74228
0.79356
0.60565
0.8246
0.95667
0.99352
0.99676
0.99835
1.0001
0.99992
0.99021
0.97928
0.94734
0.84127
0.92992
0.87023
0.87291
0.80193
0.68606
0.82148
0.60037
0.42926
0.45088
0.40675
0.36358
0.43313
0.47129
0.64511
0.76762
0.64486
0.65522
0.61374
0.58234
0.63802
0.58958
0.69483
0.67793
0.44555
0.38392
0.54043
0.53806
0.54266
0.54142
0.57885
0.58872
0.63299
0.63423
0.76242
0.75409
0.80682
0.72587
0.70167
0.70053
0.6762
0.67473
0.67731
0.70308
0.80089
0.84936
0.75809
0.73921
0.73
0.58623
0.52478
0.48054
0.54849
0.63561
0.81467
0.90215
0.96978
0.99315
0.99854
0.99909
0.92594
0.84158
0.90891
0.96907
0.98727
0.99032
1.0001
1.0006
1.0006
1.0005
0.99922
0.99549
0.99262
0.99954
0.99211
0.89081
0.72366
0.60497
0.51447
0.46757
0.53072
0.43663
0.4301
0.47608
0.55871
0.55432
0.50707
0.47421
0.43941
0.43237
0.58167
0.59344
0.60966
0.598
0.92179
0.87737
0.63584
0.6513
0.71478
0.6494
0.59072
0.89915
0.99087
0.91336
1.0009
0.97939
0.99627
0.99995
1.0008
0.98296
0.94556
1.0003
1.0006
0.99145
1.0004
0.9986
0.99887
0.99801
0.96246
0.84455
0.58822
0.55819
0.51877
0.48617
0.5008
0.60552
0.63965
0.65371
0.63576
0.74912
0.76293
0.89244
0.99884
0.96183
0.99785
1.0004
0.99796
0.99817
0.99945
0.85934
0.97696
0.99995
0.99757
0.9985
0.99877
1.0003
0.80185
0.64229
0.54169
0.54031
0.54064
0.45157
0.3762
0.3204
0.30387
0.34213
0.54716
0.66783
0.56522
0.50445
0.56865
0.46038
0.52609
0.33174
0.29523
0.32198
0.42481
0.62825
0.68045
0.6238
0.55611
0.55401
0.59832
0.63958
0.65134
0.47529
0.51796
0.52713
0.58898
0.82589
0.64881
0.84471
0.95649
0.99927
0.99732
0.99936
1.0009
1.0009
0.98046
0.94324
0.7449
0.76124
0.76901
0.76151
0.77198
0.79556
0.98542
0.9999
0.99126
0.99072
0.99974
0.99957
1.0002
0.94801
0.77701
0.71501
0.68493
0.77798
0.79671
0.73566
0.70287
0.6204
0.59148
0.64871
0.6848
0.72251
0.62864
0.6229
0.6817
0.6173
0.6022
0.74184
0.79125
0.76763
0.712
0.75236
0.91737
0.80974
0.78262
0.80558
0.81805
0.80741
0.70404
0.8089
0.82778
0.83727
0.78652
0.69674
0.64449
0.62566
0.62403
0.67665
0.74459
0.78821
0.87901
0.71228
0.75707
0.75734
0.79681
0.83906
0.78856
0.65397
0.58187
0.60179
0.6241
0.6101
0.57247
0.49957
0.60126
0.67496
0.67827
0.68673
0.66534
0.60725
0.60448
0.66157
0.66303
0.64121
0.78145
0.93226
0.9485
0.9084
0.79157
0.71645
0.87104
0.96226
0.97431
0.928
0.68913
0.61525
0.60455
0.58208
0.64749
0.6691
0.69437
0.5781
0.53426
0.50344
0.486
0.46609
0.48517
0.52352
0.49806
0.55557
0.53087
0.50409
0.49807
0.53705
0.53427
0.53981
0.5385
0.60098
0.69462
0.66591
0.55714
0.58064
0.62193
0.81243
0.53792
0.50335
0.49817
0.49386
0.52813
0.55225
0.63532
0.56729
0.57111
0.61895
0.68792
0.8121
0.77271
0.82229
0.93853
0.93348
0.91271
0.88095
0.90453
0.76205
0.77414
0.59494
0.48877
0.49729
0.46394
0.50763
0.56834
0.53647
0.54377
0.54479
0.59344
0.68562
0.71518
0.69838
0.72161
0.86105
0.96854
0.9973
0.99821
1.0003
0.9135
0.75374
0.92498
0.96466
0.81515
0.76972
0.90686
0.67313
0.65084
0.71009
0.79489
0.91474
0.99812
0.98228
0.99525
0.99932
0.99823
0.96589
0.99316
0.99942
0.9219
0.83503
0.79139
0.6343
0.57376
0.48974
0.54455
0.57147
0.92481
0.87831
0.9569
0.79553
0.60733
0.60208
0.52031
0.45802
0.44334
0.38276
0.34247
0.35105
0.29557
0.30963
0.4096
0.35864
0.45728
0.48927
0.50243
0.49858
0.55934
0.97724
1.0008
0.96728
0.88846
0.71664
0.59216
0.58846
0.56102
0.47884
0.44687
0.57411
0.56148
0.55847
0.55952
0.63051
0.71413
0.741
0.78491
0.81207
0.82522
0.84976
0.84472
0.78146
0.77653
0.73717
0.63429
0.59315
0.55044
0.57233
0.61023
0.65734
0.70959
0.7698
0.82972
0.81746
0.78668
0.73687
0.65472
0.62296
0.65584
0.7433
0.78585
0.79264
0.78787
0.76014
0.71327
0.70606
0.71534
0.7246
0.73267
0.69057
0.75161
0.68539
0.54273
0.59364
0.59614
0.58489
0.52192
0.42345
0.40367
0.40901
0.41236
0.43847
0.53032
0.52288
0.50543
0.48329
0.44464
0.4845
0.42878
0.42124
0.45851
0.43209
0.47636
0.47321
0.45102
0.44024
0.52699
0.49928
0.67568
0.71748
0.67824
0.51808
0.60867
0.64931
0.69182
0.84409
0.62829
0.51934
0.54824
0.70633
0.54542
0.46162
0.46749
0.54347
0.73264
0.78114
0.59823
0.54142
0.41489
0.4206
0.47333
0.47295
0.59636
0.51474
0.46806
0.40829
0.43214
0.43979
0.49902
0.60484
0.64434
0.64318
0.57892
0.50891
0.55528
0.61105
0.48643
0.37222
0.40293
0.47879
0.41274
0.32621
0.33151
0.38338
0.38573
0.40838
0.51721
0.50262
0.46599
0.32234
0.32466
0.35016
0.33668
0.33545
0.32642
0.46096
0.48065
0.55418
0.57205
0.60421
0.76443
0.89008
0.89426
0.8721
0.80836
0.63503
0.60206
0.58349
0.5516
0.49794
0.49908
0.49895
0.53614
0.51614
0.54224
0.55495
0.74328
0.81375
0.99831
0.97217
0.99529
0.94503
0.94808
0.99999
0.7875
0.65224
0.61979
0.7423
0.78813
0.79922
0.67219
0.62351
0.64189
0.59525
0.54208
0.50617
0.5404
0.54841
0.42549
0.44524
0.47949
0.42136
0.40766
0.39953
0.5941
0.68563
0.55956
0.44145
0.50869
0.64359
0.72961
0.80069
0.80011
0.81302
0.8884
0.91855
0.99714
0.99822
0.93305
0.92929
0.88666
0.86026
0.75978
0.82033
0.80587
0.88044
0.99933
0.99858
0.99717
0.99535
0.97463
0.96203
0.9777
0.99171
0.99862
0.99873
0.99893
0.99945
0.99859
0.99956
0.90121
0.865
0.81274
0.71789
0.62693
0.54557
0.50155
0.47005
0.41266
0.3929
0.49346
0.30804
0.32255
0.32897
0.34317
0.40174
0.44168
0.46219
0.4531
0.41379
0.38817
0.37318
0.37615
0.37054
0.38556
0.44054
0.43812
0.41386
0.41827
0.41786
0.43863
0.43147
0.44334
0.45135
0.46149
0.40762
0.4031
0.42944
0.38127
0.39262
0.44805
0.40085
0.40429
0.36454
0.44024
0.39675
0.34318
0.33749
0.39282
0.45427
0.53575
0.55153
0.55732
0.53831
0.46243
0.50291
0.49699
0.44491
0.57541
0.57449
0.54352
0.48349
0.40294
0.34902
0.33757
0.42411
0.5314
0.66109
0.89721
0.94043
0.96841
0.97852
0.97673
0.95522
0.95907
0.934
0.95483
0.9647
0.96199
0.79242
0.73738
0.65539
0.68874
0.5914
0.54185
0.47689
0.40533
0.39737
0.46174
0.40968
0.38497
0.43214
0.40373
0.40187
0.40238
0.40199
0.41326
0.36678
0.3909
0.35254
0.28968
0.23048
0.21501
0.21121
0.22372
0.22736
0.1957
0.20613
0.1981
0.17932
0.17393
0.29469
0.44628
0.48174
0.91513
0.96663
0.97771
0.99153
0.99783
0.99956
0.99913
0.99897
0.99883
0.99387
0.98644
0.9781
0.99343
0.99768
0.6533
0.70718
0.93261
1.0006
0.60009
0.69535
0.78191
0.69658
0.55073
0.51293
0.48027
0.4735
0.43508
0.40515
0.40398
0.4041
0.42213
0.43184
0.42917
0.4529
0.44012
0.45056
0.37184
0.41019
0.42121
0.49436
0.38944
0.45171
0.42289
0.41383
0.38579
0.39594
0.38462
0.44839
0.43531
0.39322
0.40182
0.38155
0.41284
0.48512
0.57649
0.62296
0.70557
0.91947
0.97083
0.99635
0.99225
0.99562
0.99914
0.99961
0.99869
0.99711
0.99721
0.98585
0.93553
0.71972
0.84456
0.80956
0.73621
0.63088
0.5811
0.50601
0.45221
0.3891
0.33635
0.39325
0.5498
0.6637
0.6393
0.55449
0.52642
0.60964
0.70492
0.71714
0.72418
0.77859
0.76608
0.52552
0.43228
0.42783
0.40792
0.42888
0.40506
0.3727
0.32563
0.32643
0.27255
0.26785
0.29398
0.30525
0.29939
0.30841
0.29175
0.36115
0.3237
0.27772
0.34633
0.48998
0.69149
0.86741
0.97801
0.96062
0.95354
0.93786
0.67308
0.68109
0.52449
0.52031
0.46553
0.36627
0.37925
0.34969
0.32044
0.37406
0.35515
0.3431
0.34783
0.37528
0.38646
0.31522
0.29215
0.29568
0.26695
0.10197
0.10374
0.3384
0.91816
0.92
0.9526
0.97236
0.98487
0.9916
0.98437
0.98903
0.98493
0.98026
0.95789
0.94227
0.92779
0.81489
0.86666
0.66921
0.56837
0.53623
0.45877
0.47545
0.58621
0.64205
0.66798
0.7277
0.79194
0.75258
0.89515
0.74
0.81525
0.62759
0.47608
0.48971
0.41809
0.39258
0.38457
0.39162
0.38553
0.35775
0.30276
0.49787
0.29795
0.31057
0.39017
0.45039
0.44141
0.3754
0.43308
0.3995
0.42582
0.43441
0.3905
0.3963
0.38238
0.38287
0.39487
0.40538
0.38499
0.38322
0.61318
0.51769
0.557
0.60732
0.63498
0.50505
0.3873
0.39925
0.38113
0.38388
0.41203
0.48993
0.62573
0.76094
0.83602
0.80358
0.81629
0.7101
0.81838
0.8561
0.8269
0.75534
0.95499
0.95776
0.97258
0.99318
0.99078
0.98308
0.97941
0.97385
0.88743
0.76747
0.64849
0.66303
0.63918
0.61663
0.50406
0.46868
0.45796
0.56726
0.57543
0.64623
0.65703
0.59351
0.6963
0.64935
0.51538
0.48911
0.34483
0.37062
0.44645
0.47262
0.54453
0.44566
0.29814
0.36238
0.40082
0.35394
0.34994
0.43722
0.33848
0.37597
0.36846
0.33935
0.3194
0.3528
0.38717
0.42834
0.45961
0.27331
0.26935
0.27234
0.34356
0.38451
0.35833
0.38082
0.38993
0.37488
0.34746
0.35512
0.35209
0.34791
0.3442
0.32942
0.29957
0.30638
0.28689
0.30911
0.33582
0.36158
0.39824
0.38731
0.40861
0.48917
0.41788
0.40357
0.44466
0.54264
0.55845
0.43455
0.42254
0.45676
0.45479
0.47364
0.4051
0.40639
0.40713
0.39452
0.52505
0.49857
0.46021
0.4764
0.47604
0.47808
0.45694
0.49124
0.47939
0.56523
0.52296
0.37791
0.37072
0.94846
0.96529
0.98596
0.99811
1.0001
0.99871
0.9972
0.99764
0.9971
0.99973
0.95324
0.82225
0.92531
0.73767
0.60642
0.7139
0.61351
0.56519
0.4688
0.43912
0.4362
0.3582
0.30994
0.32015
0.26402
0.33642
0.43126
0.50851
0.49342
0.40394
0.33503
0.33928
0.35455
0.29771
0.25016
0.29817
0.57641
0.32844
0.3517
0.37658
0.3799
0.4408
0.46056
0.55215
0.45706
0.44183
0.4092
0.41385
0.40624
0.44511
0.50225
0.56422
0.6174
0.60962
0.60422
0.58306
0.47823
0.34006
0.32332
0.38859
0.35304
0.29188
0.27866
0.2592
0.9036
0.9033
0.4594
0.28025
0.34542
0.2847
0.29793
0.24985
0.19793
0.18441
0.14331
0.13217
0.2447
0.51444
0.50903
0.33473
0.28298
0.36597
0.3762
0.42864
0.59119
0.88082
0.93449
0.96098
0.96276
0.96152
0.97045
0.98524
0.99221
0.99071
0.98935
0.99156
0.98391
0.97342
0.97308
0.84328
0.80193
0.79103
0.80753
0.80608
0.79878
0.7929
0.71861
0.63897
0.71356
0.81799
0.77513
0.738
0.67725
0.60926
0.53553
0.47422
0.43605
0.55845
0.48087
0.45336
0.42094
0.38519
0.37352
0.43999
0.44161
0.36824
0.3438
0.34695
0.34825
0.33684
0.34825
0.36227
0.38576
0.32947
0.344
0.38564
0.37913
0.37636
0.357
0.33429
0.34985
0.34418
0.31897
0.39526
0.34459
0.31203
0.32569
0.31681
0.31882
0.3607
0.37655
0.34772
0.33979
0.33545
0.28896
0.24864
0.25203
0.27125
0.32485
0.35835
0.64766
0.85377
0.87515
0.89505
0.90682
0.91944
0.93331
0.94042
0.95468
0.95402
0.72052
0.6272
0.77429
0.68572
0.54875
0.49044
0.45441
0.36474
0.32711
0.37078
0.21455
0.14748
0.2684
0.34855
0.87423
0.89912
0.92419
0.94025
0.95217
0.95204
0.95467
0.96176
0.96734
0.96825
0.96466
0.94301
0.91503
0.89401
0.93589
0.95614
0.67065
0.56199
0.52616
0.5057
0.46625
0.44265
0.47233
0.53165
0.48627
0.51765
0.69163
0.53364
0.51095
0.49587
0.50975
0.49761
0.46672
0.42467
0.44641
0.40067
0.39535
0.39074
0.37514
0.38172
0.39653
0.38496
0.37619
0.35577
0.35237
0.36355
0.36073
0.39388
0.39879
0.36271
0.36912
0.35359
0.35531
0.38114
0.39512
0.40151
0.40587
0.41477
0.40434
0.39986
0.39811
0.38892
0.36137
0.37339
0.35377
0.36446
0.35571
0.33862
0.33006
0.32021
0.35485
0.36969
0.32856
0.32543
0.30169
0.27238
0.30165
0.31856
0.32607
0.35632
0.34593
0.40044
0.43283
0.37401
0.37334
0.39289
0.39646
0.40276
0.40166
0.39369
0.38909
0.38973
0.38211
0.39475
0.40874
0.41973
0.42286
0.41964
0.43545
0.65365
0.70371
0.47685
0.44702
0.41832
0.4299
0.42898
0.45141
0.46202
0.42969
0.44038
0.43439
0.40164
0.41895
0.42807
0.39853
0.47458
0.43046
0.42625
0.38731
0.39728
0.40623
0.40822
0.39958
0.38183
0.39557
0.37835
0.38166
0.39747
0.36882
0.34678
0.31038
0.30128
0.29808
0.28294
0.27837
0.33556
0.3894
0.37344
0.36422
0.3635
0.36584
0.35248
0.34725
0.3427
0.33282
0.32832
0.32881
0.34741
0.52453
0.38417
0.37163
0.47588
0.34099
0.32659
0.3275
0.30747
0.27137
0.30387
0.30752
0.34186
0.36676
0.37069
0.37623
0.37961
0.41376
0.42074
0.43134
0.46502
0.48232
0.51528
0.46675
0.41345
0.54102
0.60381
0.60986
0.52012
0.42928
0.41768
0.45481
0.4704
0.4394
0.44647
0.40577
0.44595
0.41293
0.42364
0.42146
0.41976
0.41996
0.42393
0.41923
0.40905
0.40513
0.41573
0.43018
0.40166
0.37407
0.36032
0.35836
0.32373
0.3265
0.34218
0.35148
0.35692
0.35558
0.37442
0.93874
0.92469
0.91695
0.9177
0.91459
0.91354
0.91526
0.91248
0.90013
0.91094
0.90867
0.91108
0.91168
0.90617
0.89256
0.60553
0.90593
0.91323
0.85931
0.81858
0.51165
0.41701
0.36791
0.37616
0.36817
0.31605
0.32954
0.3295
0.32781
0.322
0.2668
0.30292
0.29512
0.28529
0.2775
0.26381
0.25931
0.25635
0.31085
0.8436
0.59067
0.53964
0.52426
0.48581
0.38122
0.29903
0.26727
0.2387
0.25719
0.31018
0.33312
0.30606
0.26276
0.32341
0.34078
0.34731
0.32478
0.33551
0.31646
0.29907
0.27897
0.24515
0.21733
0.20626
0.20776
0.2263
0.23849
0.2265
0.26121
0.90183
0.49822
0.31531
0.26268
0.41059
0.53477
0.64929
0.92796
0.94151
0.93006
0.92216
0.9262
0.91441
0.93716
0.90522
0.80876
0.77565
0.71375
0.67672
0.63729
0.54726
0.5229
0.50391
0.56253
0.49342
0.44743
0.40053
0.39751
0.41823
0.43866
0.43639
0.46604
0.44367
0.37377
0.33195
0.29473
0.67316
0.60723
0.39738
0.75186
0.65546
0.85493
0.82612
0.79732
0.74736
0.76261
0.80869
0.77709
