0.37759
0.36068
0.349
0.30757
0.32243
0.34849
0.66873
0.83074
0.65745
0.59959
0.50011
0.827
0.88222
0.90268
0.90392
0.89957
0.52998
0.42283
0.42509
0.40907
0.40734
0.38845
0.37902
0.37189
0.36161
0.33939
0.32605
0.32408
0.30841
0.2763
0.32272
0.4243
0.44615
0.47286
0.42323
0.35652
0.35492
0.34075
0.34087
0.31038
0.31544
0.34208
0.44664
0.43636
0.41444
0.39978
0.36416
0.38122
0.34943
0.36154
0.34567
0.34798
0.37243
0.34918
0.39298
0.35814
0.35454
0.36525
0.34822
0.36054
0.34522
0.40483
0.38982
0.37199
0.37148
0.3796
0.50351
0.60031
0.78486
0.64356
0.59433
0.56157
0.58778
0.5754
0.56344
0.52809
0.52179
0.53438
0.52878
0.47588
0.45862
0.40113
0.50765
0.78162
0.82993
0.82974
0.84584
0.8511
0.85492
0.85849
0.86427
0.87068
0.87041
0.83411
0.70724
0.56461
0.48214
0.8783
0.87977
0.87694
0.87068
0.87477
0.85436
0.83453
0.79156
0.83762
0.8767
0.88861
0.90323
0.91465
0.91877
0.92282
0.91922
0.9227
0.80521
0.43063
0.63383
0.52189
0.5512
0.91637
0.8911
0.8769
0.86735
0.85553
0.85302
0.845
0.81353
0.76337
0.62952
0.60499
0.59997
0.76887
0.63855
0.58633
0.49814
0.48597
0.52993
0.72299
0.78942
0.75755
0.85169
0.86598
0.87699
0.85891
0.59848
0.55388
0.52666
0.42357
0.36554
0.37987
0.39634
0.43186
0.51185
0.53049
0.53052
0.53222
0.52574
0.51007
0.46756
0.44223
0.4374
0.42901
0.43171
0.40722
0.31628
0.24788
0.3085
0.47536
0.82101
0.87987
0.88605
0.89612
0.85936
0.53873
0.48082
0.47945
0.43032
0.39896
0.39672
0.40723
0.41636
0.41863
0.4365
0.47243
0.60516
0.5905
0.90737
0.90816
0.90221
0.89539
0.85244
0.83192
0.70894
0.64312
0.55908
0.53808
0.47328
0.36349
0.4033
0.50237
0.4714
0.72002
0.82345
0.84157
0.85649
0.8214
0.7308
0.70073
0.55654
0.69548
0.51837
0.82945
0.81233
0.45284
0.43427
0.41541
0.41892
0.38962
0.41664
0.38992
0.32
0.52202
0.54329
0.49946
0.62534
0.87389
0.45905
0.38078
0.36553
0.35433
0.34344
0.36061
0.3809
0.38593
0.42415
0.40361
0.40157
0.41385
0.41922
0.41357
0.43702
0.49989
0.64529
0.90531
0.90386
0.89826
0.87382
0.85007
0.85884
0.85186
0.7268
0.62808
0.66053
0.79953
0.65699
0.48877
0.41598
0.35938
0.34427
0.35758
0.40842
0.46431
0.49521
0.51428
0.50401
0.46937
0.43621
0.45524
0.41637
0.39631
0.36248
0.37191
0.37229
0.35873
0.34836
0.35732
0.35398
0.36954
0.34655
0.32263
0.28925
0.25978
0.27194
0.27035
0.39314
0.55691
0.42373
0.37819
0.41614
0.83556
0.45001
0.4235
0.40392
0.39519
0.41917
0.75402
0.90872
0.89797
0.89089
0.8901
0.8459
0.63804
0.89014
0.8706
0.86029
0.85511
0.7438
0.67452
0.55644
0.50139
0.41179
0.48316
0.37743
0.66536
0.65132
0.65286
0.79158
0.75975
0.76968
0.71945
0.60373
0.60447
0.6341
0.62008
0.59398
0.60954
0.59045
0.54847
0.52594
0.51732
0.51918
0.50189
0.49685
0.50257
0.48624
0.47283
0.46731
0.54656
0.4036
0.3722
0.37985
0.39322
0.41771
0.38821
0.29128
0.23577
0.2984
0.3924
0.45922
0.4397
0.36885
0.32689
0.2977
0.35464
0.34293
0.16401
0.11768
0.17016
0.18141
0.23244
0.28542
0.40964
0.36748
0.8965
0.70832
0.43977
0.45524
0.44641
0.9283
0.93578
0.91676
0.8996
0.86698
0.85276
0.8449
0.81256
0.79505
0.8065
0.81302
0.80547
0.80162
0.62408
0.50152
0.37276
0.39401
0.21293
0.19556
0.20874
0.4637
0.49389
0.51845
0.48193
0.77889
0.62899
0.66317
0.49532
0.5042
0.62303
0.57259
0.58928
0.53189
0.55644
0.5755
0.57613
0.54222
0.45621
0.39506
0.3428
0.28316
0.22663
0.18521
0.14156
0.23251
0.42535
0.37744
0.59679
0.93601
0.92977
0.91392
0.93275
0.94601
0.96092
0.95903
0.96519
0.95746
0.95432
0.9421
0.94025
0.88489
0.65188
0.70312
0.79087
0.84231
0.87554
0.89181
0.90589
0.93104
0.9445
0.94809
0.95263
0.95
0.94713
0.94539
0.94368
0.90714
0.8872
0.85903
0.72911
0.63322
0.57564
0.51901
0.48415
0.43594
0.4734
0.4541
0.38634
0.44057
0.47964
0.39451
0.24392
0.26824
0.86951
0.94787
0.98195
0.99246
0.9932
0.99649
0.98902
0.99322
0.99381
0.98833
0.9842
0.9849
0.98393
0.99279
0.99157
0.9941
0.99435
0.98999
0.9827
0.98152
0.98162
0.95235
0.71142
0.504
0.37607
0.27434
0.63359
0.38672
0.29349
0.30726
0.3996
0.41865
0.62847
0.67028
0.61556
0.72722
0.65895
0.97485
0.98879
0.99782
0.99969
0.99098
0.99037
0.97922
0.9682
0.95713
0.93799
0.94395
0.93846
0.93376
0.90471
0.86497
0.67234
0.66093
0.6682
0.60509
0.56983
0.52814
0.80533
0.63965
0.42518
0.61483
0.91164
0.83299
0.72234
0.52554
0.55945
0.60136
0.80966
0.62727
0.68084
0.72785
0.67242
0.6176
0.57572
0.55565
0.48887
0.44723
0.45201
0.46851
0.53006
0.54926
0.54579
0.49296
0.46872
0.45876
0.38418
0.40452
0.4354
0.38861
0.41046
0.37868
0.30187
0.22179
0.1595
0.15487
0.16753
0.15435
0.12648
0.17048
0.30203
0.52486
0.58894
0.551
0.55699
0.53358
0.5424
0.5369
0.49746
0.47899
0.47304
0.47819
0.48831
0.4566
0.44859
0.45132
0.47234
0.46465
0.45863
0.50238
0.51881
0.48987
0.45907
0.44629
0.4325
0.44522
0.43799
0.44431
0.50474
0.49062
0.45729
0.4908
0.73815
0.91799
0.79664
0.82259
0.70728
0.9164
0.58686
0.60314
0.5122
0.48761
0.50117
0.52631
0.5532
0.48389
0.44521
0.46799
0.4608
0.45067
0.44539
0.45441
0.43687
0.42032
0.41729
0.41461
0.41225
0.41137
0.42374
0.42706
0.41953
0.4112
0.37777
0.41206
0.30516
0.2758
0.25089
0.26445
0.41637
0.47322
0.43315
0.35297
0.30693
0.33679
0.41422
0.49984
0.53718
0.51289
0.4771
0.45581
0.44435
0.43493
0.39075
0.34468
0.42719
0.42495
0.4067
0.39154
0.37659
0.38602
0.39801
0.41152
0.43871
0.44311
0.41504
0.44423
0.4322
0.45008
0.47968
0.48466
0.56935
0.66646
0.93469
0.77587
0.5915
0.60191
0.61451
0.73461
0.76014
0.7392
0.54855
0.62773
0.76704
0.78059
0.75295
0.68252
0.68924
0.70252
0.79921
0.83151
0.82226
0.57497
0.53174
0.57469
0.75366
0.79937
0.65424
0.68522
0.5533
0.59617
0.68455
0.86728
0.81694
0.62269
0.5459
0.37767
0.27254
0.31588
0.25324
0.2243
0.38806
0.73607
0.94328
0.95783
0.96185
0.96137
0.96047
0.96031
0.96312
0.95759
0.95334
0.95082
0.94831
0.64955
0.62292
0.57941
0.49077
0.38345
0.29274
0.26337
0.17955
0.10777
0.27737
0.40752
0.87877
0.91944
0.88651
0.9136
0.92409
0.92774
0.94314
0.9514
0.95107
0.94685
0.94159
0.89793
0.82076
0.69164
0.62052
0.58756
0.56863
0.58338
0.5834
0.50785
0.44396
0.40513
0.39684
0.4303
0.50188
0.50327
0.47428
0.44212
0.42045
0.39136
0.38407
0.42351
0.43051
0.44183
0.46196
0.46577
0.38796
0.38492
0.39255
0.41904
0.42563
0.42126
0.50044
0.50288
0.43489
0.35389
0.31913
0.31361
0.29944
0.28396
0.50629
0.45417
0.42794
0.44137
0.53537
0.54586
0.67017
0.63655
0.6563
0.80792
0.89328
0.90273
0.90771
0.85281
0.8981
0.85401
0.74412
0.68867
0.69441
0.63969
0.4805
0.42453
0.39375
0.38576
0.35762
0.39761
0.74147
0.8859
0.91335
0.92165
0.92778
0.92342
0.91405
0.91033
0.90246
0.85772
0.64482
0.44827
0.50637
0.43694
0.39392
0.32695
0.3468
0.35848
0.37133
0.42972
0.4525
0.38669
0.35037
0.39175
0.31551
0.23647
0.20796
0.28957
0.32496
0.25339
0.22649
0.1711
0.1083
0.077364
0.081619
0.21488
0.38451
0.42065
0.3819
0.37261
0.28693
0.19427
0.17822
0.37625
0.59347
0.61085
0.54091
0.76654
0.82141
0.76822
0.56964
0.6657
0.75535
0.68252
0.63688
0.61577
0.62052
0.44402
0.35323
0.39347
0.59639
0.6378
0.54492
0.37514
0.31894
0.25412
0.30612
0.37448
0.4174
0.36417
0.30892
0.20101
0.18787
0.15276
0.13447
0.23118
0.26528
0.31956
0.35016
0.25262
0.24954
0.25948
0.29601
0.40773
0.48333
0.44283
0.35538
0.29478
0.28259
0.2712
0.37987
0.47843
0.53373
0.50167
0.43113
0.41918
0.38821
0.39446
0.42512
0.50129
0.51457
0.55065
0.50128
0.49171
0.60749
0.56793
0.51054
0.5195
0.52117
0.51764
0.62663
0.63193
0.5401
0.55351
0.53398
0.5763
0.58558
0.58729
0.9596
0.84288
0.9515
0.89594
0.96528
0.95909
0.92402
0.81663
0.82146
0.76671
0.82664
0.88696
0.92212
0.84872
0.76464
0.7148
0.7212
0.58376
0.93629
0.95988
0.83719
0.56531
0.60071
0.63298
0.61904
0.5458
0.48602
0.49597
0.53943
0.5035
0.54185
0.71938
0.59538
0.49481
0.48857
0.44767
0.45888
0.5885
0.62369
0.5795
0.48726
0.54674
0.62548
0.467
0.404
0.52582
0.56363
0.59361
0.60467
0.66371
0.70375
0.6767
0.58937
0.68161
0.51871
0.49647
0.43936
0.36815
0.44735
0.45229
0.45819
0.54571
0.70386
0.62956
0.73695
0.77279
0.95282
0.93085
0.90089
0.86832
0.70662
0.56981
0.59956
0.59465
0.54519
0.4101
0.39524
0.42569
0.41173
0.40899
0.41041
0.40344
0.46589
0.40341
0.4999
0.5584
0.62405
0.61594
0.59884
0.57132
0.57375
0.57031
0.57711
0.55988
0.55956
0.6382
0.62343
0.61569
0.63216
0.62111
0.61332
0.59077
0.60499
0.68391
0.65488
0.58581
0.5622
0.51979
0.53646
0.59324
0.59175
0.64113
0.54701
0.49594
0.89211
0.9003
0.9224
0.86676
0.81353
0.68675
0.65235
0.52652
0.43474
0.4205
0.39792
0.39045
0.3752
0.34049
0.32057
0.24924
0.18756
0.23394
0.53858
0.57527
0.55482
0.57947
0.58465
0.55474
0.5931
0.55523
0.72974
0.99773
0.99807
0.99756
0.99761
0.99786
0.73531
0.95695
0.56774
0.4753
0.46767
0.67002
0.61233
0.6021
0.57288
0.51242
0.5573
0.53848
0.48769
0.49384
0.5496
0.54012
0.55419
0.55959
0.60668
0.59481
0.50279
0.50386
0.52229
0.51326
0.51316
0.51358
0.50004
0.53233
0.58912
0.54937
0.74952
0.98337
0.97936
0.98395
0.98913
1.0003
0.99689
0.99865
0.99636
0.9925
0.99281
0.98786
0.98899
0.96978
0.96349
0.95854
0.94123
0.9336
0.94908
0.92085
0.87607
0.87297
0.85524
0.68115
0.64195
0.63788
0.65386
0.7285
0.62411
0.74533
0.61277
0.55427
0.60613
0.68337
0.55168
0.45528
0.48351
0.74171
0.7921
0.8004
0.82414
0.9543
0.97168
0.96914
0.96374
0.9323
0.85709
0.64531
0.68634
0.60668
0.8553
0.69908
0.63468
0.69583
0.90507
0.94151
0.80485
0.69185
0.50746
0.53074
0.62823
0.68057
0.71424
0.81832
0.85527
0.98603
0.98691
0.8241
0.97335
0.98816
0.99044
0.9929
0.99154
0.97381
0.6339
0.63223
0.62664
0.77778
0.98169
0.9687
0.94002
0.93962
0.82598
0.63134
0.60818
0.62042
0.66522
0.76436
0.91597
0.78714
0.72538
0.65913
0.59988
0.67126
0.662
0.63541
0.58323
0.47541
0.44181
0.39347
0.41779
0.48336
0.52084
0.49916
0.49968
0.71127
0.91636
0.57034
0.56229
0.54603
0.46959
0.46993
0.55498
0.60249
0.561
0.46792
0.49989
0.46216
0.45912
0.83923
0.5262
0.5112
0.52738
0.52867
0.51999
0.50426
0.49052
0.51294
0.63906
0.93664
0.94278
0.74445
0.77487
0.70547
0.61186
0.54574
0.53067
0.56912
0.53949
0.59653
0.6607
0.64012
0.67567
0.76555
0.74697
0.77899
0.80624
0.82224
0.96
0.99996
0.99947
0.99978
0.98495
0.98567
0.94703
0.90609
0.92965
0.7319
0.68752
0.64643
0.68451
0.6669
0.63425
0.61819
0.84481
0.80425
0.76729
0.97527
0.98177
0.99857
0.99826
0.99955
0.97561
0.8348
0.68104
0.71615
0.86126
0.76551
0.90663
0.98365
0.99097
0.99796
0.98919
0.89007
0.93555
0.96193
0.97141
0.9831
0.99798
0.99932
1.0002
1.0003
1.0006
0.99369
0.98655
0.98458
0.98679
0.98912
0.99337
0.9992
0.9978
0.99362
0.99524
0.99765
0.99839
0.99853
0.99986
0.94937
0.91974
0.98427
0.9807
0.99004
0.99484
0.966
0.96797
0.95393
0.91868
0.90493
0.95818
0.98954
0.99992
0.9968
0.99079
0.98993
0.99039
0.82527
0.80284
0.68404
0.64075
0.63353
0.63431
0.65985
0.7001
0.69167
0.66559
0.66828
0.68477
0.7344
0.96004
0.97523
0.97323
0.96864
0.96243
0.81575
0.71903
0.59099
0.58482
0.69798
0.78167
0.92873
0.88844
0.66018
0.61657
0.62689
0.66603
0.656
0.77923
0.74319
0.9302
0.93559
0.94826
0.93792
0.91089
0.71007
0.70331
0.6983
0.65411
0.64705
0.56529
0.47499
0.50674
0.5142
0.46346
0.50177
0.43621
0.43643
0.47709
0.55171
0.60756
0.72877
0.97531
0.82762
0.86531
0.70247
0.96165
0.8285
0.99704
1.0003
1.002
0.97692
0.66468
0.86471
0.86303
0.63432
0.77234
0.81587
0.76339
0.47725
0.42063
0.53
0.81153
0.9874
0.92833
0.99831
0.86948
0.9824
0.98699
0.83502
0.99766
0.99248
0.99831
0.99994
0.99406
0.99119
0.98663
0.9723
0.68377
0.66871
0.68474
0.76335
0.77373
0.69455
0.66458
0.5986
0.59984
0.67965
0.71336
0.62726
0.66376
0.97718
0.81643
0.49963
0.38069
0.62943
0.66618
0.62728
0.87077
0.88256
0.49692
0.3171
0.30491
0.49308
0.63696
0.68043
0.80618
0.80959
0.65088
0.50193
0.46625
0.59468
0.72104
0.64648
0.63366
0.53152
0.42167
0.35705
0.36421
0.32186
0.27715
0.38312
0.44456
0.57578
0.51722
0.41635
0.32155
0.43277
0.65807
0.84138
0.87804
0.78557
0.52624
0.31929
0.33611
0.45144
0.73516
0.68913
0.75013
0.58479
0.43967
0.42579
0.44862
0.53959
0.67846
0.79933
0.93741
0.95879
0.95453
0.98507
0.99792
0.9972
1
0.99895
0.9989
0.99884
1.0009
0.92916
0.79512
0.70326
0.64452
0.60779
0.7583
0.65951
0.4871
0.66277
0.84335
0.85512
0.98474
0.99828
0.9971
0.99903
0.99954
0.98206
0.96766
0.94433
0.86303
0.82076
0.89192
0.97619
0.96991
0.90384
0.96741
0.97144
0.90977
0.87843
0.93081
0.86161
0.75842
0.63349
0.60267
0.58534
0.6054
0.77112
0.83622
0.88465
0.79979
0.72328
0.65736
0.77183
0.88655
0.8629
0.91262
0.889
0.71526
0.63758
0.57582
0.57326
0.55572
0.63609
0.80793
0.92808
0.959
0.79634
0.8232
0.82122
0.87613
0.8901
0.95223
0.95455
0.88752
0.85531
0.89044
0.78355
0.90165
0.92854
0.97361
0.97578
0.95094
0.95985
0.78935
0.68293
0.62753
0.6382
0.65345
0.63831
0.70428
0.64329
0.59707
0.66264
0.85049
0.81332
0.84199
0.9591
0.95258
0.97427
0.92002
0.8521
0.99717
1.0002
0.9946
0.98684
0.9988
0.99908
0.99783
0.99815
0.99975
0.99996
0.99748
0.99933
0.92767
0.89316
0.8807
0.89699
0.86321
0.99804
0.9911
0.99715
0.89947
0.80197
0.96899
0.85619
0.80647
0.78422
0.85402
0.85805
0.85357
0.79992
0.79331
0.88978
0.89367
1.0009
0.9992
1.0001
0.99962
0.88721
0.75331
0.64943
0.63027
0.94809
0.65176
0.62402
0.56056
0.72641
0.75867
0.90592
0.91392
0.93844
0.97477
0.96561
0.87377
0.75159
0.82792
0.92912
0.84933
0.82152
0.92662
0.97251
0.88546
0.89573
0.66317
0.58026
0.51963
0.47844
0.50825
0.51661
0.49873
0.50323
0.58897
0.64382
0.72953
0.77836
0.75634
0.6141
0.76847
0.76588
0.55945
0.62986
0.56812
0.51596
0.48162
0.50213
0.51168
0.48112
0.48238
0.47294
0.51727
0.81551
0.88823
0.99611
0.99357
0.99322
0.99909
0.99964
0.97612
0.86206
0.72269
0.61621
0.56195
0.53361
0.51355
0.49133
0.54505
0.75859
0.75365
0.86438
0.93064
0.93772
1.0008
0.99721
1.0005
0.99744
0.97587
0.89349
0.86753
0.97886
0.99925
0.99875
0.99748
1.0009
0.99852
1.0009
0.99934
0.99731
0.99994
0.9936
0.95043
0.95978
0.7946
0.69426
0.66655
0.6681
0.66252
0.63955
0.64106
0.59644
0.81438
0.65627
0.55315
0.5212
0.61234
0.57956
0.66671
0.62961
0.68581
0.98268
0.99947
0.95596
0.81221
0.54895
0.52066
0.61431
0.90661
0.93771
0.99484
0.99942
0.99794
0.99977
0.99927
0.99898
1.0003
0.97123
0.67872
0.49353
0.48092
0.41796
0.44619
0.49657
0.67364
0.96832
0.93565
0.8119
0.75932
0.90364
0.97433
0.99184
0.99813
0.99892
0.91654
0.72763
0.81354
0.75458
0.63227
0.63325
0.67767
0.68676
0.5893
0.59594
0.63291
0.76175
0.7635
0.75602
0.68009
0.70652
0.71799
0.68438
0.82512
0.78914
0.61372
0.8732
0.98121
0.79356
0.8116
0.85704
0.91925
0.99986
0.99916
0.99826
0.9808
0.90611
0.75147
0.79268
0.89351
0.92491
0.99038
0.97931
0.99812
0.99817
0.99745
0.99855
0.99885
0.99819
1.0002
0.9981
0.99765
1.0007
1.0004
0.9985
0.99743
0.95966
0.9862
0.99919
0.80503
0.77297
0.7817
0.72992
0.70192
0.65615
0.57147
0.65913
0.62688
0.64392
0.58417
0.54453
0.5361
0.49916
0.51157
0.56783
0.59122
0.51799
0.47367
0.44105
0.51452
0.49201
0.45947
0.43731
0.46943
0.59639
0.48123
0.46128
0.54893
0.61866
0.73775
0.85567
0.94431
0.95924
0.88717
0.78695
0.68428
0.67651
0.60463
0.75956
0.71408
0.52292
0.42789
0.40782
0.60194
0.68328
0.94836
0.8727
0.79514
0.70986
0.83486
0.98754
0.99859
0.99718
1.0008
0.99723
0.99849
0.99939
0.95737
0.79211
0.82158
0.95553
0.94426
0.93578
0.88596
0.5853
0.50241
0.33894
0.35459
0.32072
0.41051
0.46925
0.53089
0.50011
0.48166
0.48424
0.4701
0.47867
0.42628
0.44509
0.51757
0.5335
0.47885
0.471
0.6883
0.7579
0.61322
0.63296
0.72045
0.71766
0.56012
0.52128
0.5563
0.59675
0.58135
0.49571
0.46724
0.4099
0.336
0.22116
0.34854
0.54284
0.72826
0.83601
0.90081
0.97443
0.99136
0.99181
0.98529
0.99296
0.98115
0.99175
0.99072
0.95105
0.91311
0.87008
0.98505
0.85859
0.83375
0.96209
0.96657
0.93687
0.75576
0.37085
0.41502
0.47544
0.57189
0.58081
0.45469
0.35248
0.23269
0.21173
0.20349
0.23129
0.25653
0.32325
0.70814
0.71885
0.56944
0.54081
0.5099
0.49409
0.52113
0.68054
0.82605
0.86699
0.62021
0.4744
0.42036
0.40819
0.39673
0.37463
0.31343
0.25564
0.18608
0.1368
0.15135
0.20725
0.2486
0.31666
0.32842
0.27055
0.25432
0.25343
0.26833
0.30364
0.3423
0.44363
0.31017
0.17581
0.23836
0.17512
0.13635
0.13262
0.16702
0.309
0.32565
0.28819
0.41116
0.49766
0.64839
0.51986
0.54077
0.6578
0.73302
0.59458
0.61354
0.87649
0.99751
0.99997
0.91524
0.99892
0.99735
0.99993
0.98574
0.98589
0.99321
0.99297
0.99771
0.99869
0.99859
0.99447
0.91351
0.8022
0.70964
0.68579
0.79886
0.90616
0.75348
0.87117
0.86567
0.60626
0.52833
0.52357
0.57249
0.65323
0.64219
0.63919
0.5155
0.49238
0.53504
0.50593
0.53275
0.64882
0.9856
0.99719
0.99917
0.99937
0.96398
0.96163
0.97061
0.97609
0.97555
0.97091
0.98357
0.99585
1.0006
0.9987
0.99867
0.99874
1.0004
0.9981
0.9926
0.9713
0.96435
0.96721
0.97053
0.94284
0.83107
0.90075
0.95194
0.95729
0.97993
0.9995
0.99864
0.99989
0.99956
0.99942
0.99731
0.99777
0.99728
0.99783
0.9971
0.99836
0.99969
0.98072
0.68186
0.98922
0.98638
0.99531
0.91178
0.68706
0.70202
0.67825
0.62007
0.56338
0.50691
0.47248
0.44687
0.43288
0.37526
0.34956
0.3644
0.26979
0.23777
0.16731
0.14717
0.47323
0.94238
0.98867
0.99048
0.99
0.99034
0.98712
0.98877
0.9969
0.99725
0.93383
0.71178
0.64907
0.60246
0.57775
0.50751
0.37533
0.45305
0.43628
0.39632
0.35851
0.3658
0.50716
0.5103
0.57451
0.40027
0.29569
0.23991
0.26032
0.27158
0.25963
0.26289
0.27872
0.29644
0.29239
0.22834
0.21581
0.26319
0.35079
0.39193
0.3453
0.2839
0.34946
0.36623
0.36213
0.36736
0.4356
0.51332
0.36761
0.2971
0.31826
0.29936
0.23795
0.23115
0.20126
0.20725
0.28778
0.30663
0.27373
0.25179
0.21887
0.24286
0.30728
0.32122
0.35737
0.36091
0.38489
0.44848
0.53004
0.52025
0.55831
0.53577
0.62665
0.58533
0.50509
0.38337
0.46613
0.44954
0.5567
0.60367
0.6266
0.69565
0.72565
0.73757
0.71135
0.82316
0.84109
0.93955
0.92297
0.93348
0.94471
0.93906
0.93876
0.94103
0.9474
0.95151
0.95047
0.95102
0.94498
0.93905
0.91003
0.91201
0.91963
0.84274
0.87615
0.60533
0.53019
0.49684
0.4619
0.4519
0.52765
0.68762
0.66907
0.71945
0.61257
0.51632
0.44327
0.47863
0.91254
0.9369
0.92399
0.86619
0.90677
0.71477
0.63915
0.5958
0.63563
0.63327
0.64619
0.62739
0.55294
0.47653
0.49353
0.42055
0.35702
0.31533
0.29648
0.32545
0.31997
0.19728
0.16509
0.26305
0.17286
0.21251
0.24199
0.33874
0.39536
0.62941
0.88316
0.91199
0.92138
0.85239
0.82828
0.53977
0.44364
0.43775
0.39445
0.28116
0.2319
0.40631
0.52616
0.73856
0.73709
0.73603
0.72997
0.61416
0.80879
0.64368
0.55595
0.62859
0.56717
0.45929
0.5003
0.47715
0.52345
0.5634
0.53738
0.53814
0.52166
0.55527
0.57752
0.59568
0.80791
0.95555
0.96308
0.96306
0.96829
0.96738
0.97786
0.98275
0.98161
0.96542
0.85868
0.7477
0.64259
0.60273
0.58626
0.46604
0.37616
0.31872
0.2951
0.33752
0.36161
0.3852
0.39787
0.4135
0.41424
0.47118
0.52515
0.49641
0.5321
0.55386
0.55483
0.5517
0.53319
0.57154
0.47512
0.38186
0.35437
0.27
0.33836
0.36484
0.3688
0.38998
0.4004
0.31068
0.28686
0.28704
0.31223
0.38788
0.38893
0.38427
0.38359
0.39271
0.38631
0.40482
0.38139
0.35067
0.30925
0.27313
0.23051
0.21629
0.19737
0.17543
0.13677
0.11205
0.11551
0.12901
0.16251
0.22305
0.279
0.29662
0.27814
0.25405
0.22314
0.22352
0.29788
0.33262
0.34073
0.49666
0.64411
0.71133
0.55692
0.60266
0.62003
0.74027
0.97834
0.87924
0.717
0.77721
0.7204
0.61573
0.57778
0.54224
0.50898
0.30263
0.43775
0.41452
0.29378
0.31231
0.23664
0.13403
0.19431
0.1901
0.26662
0.32928
0.39611
0.41582
0.41115
0.36902
0.32494
0.33826
0.31701
0.27564
0.25701
0.24457
0.24671
0.3217
0.35349
0.42914
0.92822
0.95915
0.96265
0.96546
0.9667
0.96568
0.96695
0.97161
0.97853
0.96601
0.96538
0.90478
0.95535
0.96358
0.95801
0.9734
0.97853
0.95958
0.95397
0.99637
0.99746
0.99828
0.9983
1.0001
0.99882
0.99467
0.99243
0.98792
0.98974
0.98724
0.97179
0.97201
0.97241
0.9718
0.97398
0.97502
0.97861
0.95465
0.95678
0.95765
0.96067
0.95886
0.95737
0.96042
0.92351
0.72891
0.68476
0.6983
0.66509
0.63072
0.62176
0.66034
0.6781
0.64377
0.64496
0.62626
0.57654
0.51094
0.47794
0.45047
0.34369
0.28238
0.26575
0.28049
0.30027
0.46786
0.90105
0.95571
0.95786
0.96523
0.95782
0.96311
0.96584
0.9781
0.97783
0.97269
0.96885
0.96431
0.95891
0.95404
0.93661
0.69339
0.57199
0.51857
0.49572
0.57553
0.59801
0.54729
0.5255
0.474
0.41435
0.40618
0.36122
0.32613
0.2648
0.25905
0.26568
0.2676
0.28962
0.32473
0.29238
0.37828
0.33772
0.33946
0.3495
0.36466
0.37515
0.3777
0.38005
0.34808
0.35762
0.43351
0.37997
0.40333
0.41497
0.41478
0.41012
0.35577
0.27452
0.4216
0.42206
0.46893
0.43826
0.40955
0.43534
0.51068
0.46764
0.50849
0.5496
0.54689
0.47725
0.45315
0.4294
0.44757
0.43606
0.41006
0.39572
0.40907
0.46473
0.87131
0.92426
0.92716
0.92566
0.86886
0.75174
0.59206
0.47104
0.41797
0.3867
0.37657
0.35784
0.27846
0.14964
0.10055
0.063966
0.073132
0.10135
0.14411
0.19761
0.22951
0.18966
0.22364
0.35477
0.35172
0.35484
0.37475
0.75003
0.88914
0.85382
0.89458
0.65662
0.55377
0.5055
0.48896
0.47654
0.47519
0.48553
0.48861
0.49275
0.51098
0.50376
0.51319
0.51101
0.49589
0.94865
0.91015
0.74033
0.51065
0.50215
0.48004
0.45797
0.52006
0.91591
0.95586
0.78456
0.70279
0.86074
0.97971
0.9774
0.97822
0.97199
0.96107
0.90815
0.62798
0.52875
0.81344
0.97665
0.98071
0.97381
0.97128
0.96696
0.96376
0.95795
0.96131
0.9621
0.96989
0.63642
0.8197
0.78755
0.50283
0.5045
0.4903
0.52489
0.57971
0.60441
0.58558
0.57675
0.55075
0.51873
0.5183
0.50556
0.49736
0.47878
0.45746
0.46875
0.45679
0.436
0.43418
0.44202
0.44031
0.44514
0.44281
0.45433
0.45785
0.43896
0.44575
0.43461
0.43439
0.44142
0.44472
0.44154
0.4451
0.47994
0.4775
0.44017
0.49786
0.48882
0.46226
0.44782
0.42592
0.43815
0.4433
0.46603
0.49075
0.4652
0.48867
0.48771
0.54049
0.56468
0.58545
0.97127
0.97929
0.98078
0.95457
0.94837
0.94181
0.93904
0.94171
0.94202
0.95184
0.95195
0.82511
0.70269
0.63824
0.6164
0.61147
0.60696
0.58781
0.58226
0.49056
0.50303
0.41737
0.42642
0.38526
0.45278
0.42816
0.37973
0.38277
0.38198
0.36481
0.38638
0.40887
0.37602
0.33321
0.2768
0.26242
0.26075
0.27354
0.34605
0.68599
0.89631
0.91398
0.93126
0.9365
0.9454
0.94631
0.9358
0.92834
0.91548
0.91633
0.89172
0.88377
0.84391
0.86188
0.86219
0.83921
0.77618
0.77112
0.76665
0.78917
0.8361
0.8587
0.87347
0.90689
0.91762
0.92297
0.9366
0.94937
0.9192
0.582
0.56912
0.53045
0.49116
0.41133
0.38578
0.37092
0.25705
0.17989
0.16893
0.27317
0.45851
0.4585
0.48721
0.75878
0.89896
0.90459
0.91735
0.91573
0.91074
0.90853
0.91252
0.92052
0.91669
0.862
0.921
0.88997
0.89094
0.88597
0.89077
0.9045
0.90824
0.91423
0.92497
0.89084
0.87303
0.68039
0.93578
0.89881
0.89805
0.91579
0.93163
0.93743
0.87426
0.72303
0.69582
0.67723
0.68799
0.67833
0.74449
0.82356
0.70834
0.65845
0.57382
0.51215
0.46461
0.43396
0.39934
0.21149
0.204
0.26431
0.38427
0.46623
0.43807
0.40838
0.39439
0.38348
0.37083
0.36385
0.36151
0.38261
0.40202
0.41702
0.39621
0.37052
0.56479
0.85104
0.71736
0.68149
0.64839
0.54942
0.73503
0.52519
0.43559
0.42005
0.90849
0.93329
0.94814
0.9243
0.92614
0.92429
0.92994
0.89956
0.87772
0.8486
0.82839
0.71816
0.63616
0.64024
0.63128
0.54823
0.47647
0.42298
0.40634
0.41093
0.39806
0.35684
0.36369
0.35173
0.38551
0.41026
0.40604
0.37172
0.33552
0.31367
0.23376
0.21796
0.24031
0.26445
0.30026
0.33572
0.39022
0.42328
0.6039
0.76154
0.78247
0.80521
0.82851
0.84619
0.86976
0.89349
0.69979
0.53426
0.46983
0.43073
0.29955
0.22544
0.21404
0.29613
0.49605
0.51369
0.63938
0.74251
0.60666
0.50597
0.38105
0.35012
0.28939
0.22648
0.19373
0.16477
0.23621
0.35113
0.31241
0.31132
0.32143
0.33301
0.35119
0.33582
0.35399
0.38024
0.42851
0.45055
0.37202
0.39438
0.42918
0.47086
0.40459
0.38107
0.35854
0.52301
0.43493
0.4
0.41379
0.38342
0.37564
0.38177
0.42098
0.93636
0.90522
0.85165
0.64682
0.55293
0.50145
0.80782
0.65265
0.80721
