0.40832
0.39932
0.45799
0.42867
0.39362
0.38785
0.38485
0.38202
0.35336
0.34826
0.32191
0.31355
0.31433
0.33711
0.32478
0.31555
0.32193
0.29266
0.29316
0.30201
0.32699
0.33977
0.36269
0.54881
0.66373
0.59147
0.4577
0.42957
0.38473
0.37542
0.37733
0.37262
0.38982
0.39736
0.38103
0.37132
0.4009
0.43957
0.4294
0.45175
0.55782
0.40941
0.34671
0.32207
0.33932
0.41351
0.48869
0.47703
0.41683
0.38105
0.18
0.087326
0.14397
0.27449
0.34206
0.92748
0.93241
0.91918
0.92052
0.93059
0.9265
0.89149
0.88918
0.88183
0.87548
0.87294
0.86079
0.86276
0.86161
0.85956
0.84076
0.83665
0.48311
0.4182
0.37609
0.36921
0.40457
0.43871
0.38977
0.36893
0.33809
0.31546
0.3135
0.37566
0.44361
0.40829
0.38781
0.36734
0.36059
0.35546
0.36439
0.35879
0.34101
0.35742
0.36566
0.53645
0.65621
0.38373
0.35006
0.36259
0.3659
0.63066
0.73475
0.4087
0.36277
0.3587
0.35749
0.36891
0.42265
0.90429
0.92313
0.92465
0.922
0.91967
0.9174
0.91539
0.91714
0.91628
0.91459
0.91858
0.85532
0.90803
0.90938
0.91902
0.91466
0.88338
0.83267
0.65708
0.57612
0.57115
0.53654
0.48916
0.45638
0.4067
0.38826
0.39328
0.35087
0.38279
0.33657
0.34763
0.31094
0.32193
0.27778
0.17011
0.1579
0.15473
0.15431
0.15689
0.23479
0.31358
0.31554
0.33675
0.40502
0.40946
0.43052
0.41793
0.402
0.42103
0.40617
0.72894
0.85863
0.86645
0.90047
0.92219
0.92337
0.91375
0.91249
0.91776
0.91737
0.91037
0.88987
0.8772
0.81707
0.71677
0.66592
0.60224
0.58039
0.54149
0.49778
0.50561
0.53332
0.5729
0.44957
0.47807
0.44177
0.43863
0.38318
0.59032
0.53843
0.54563
0.50358
0.498
0.63996
0.5792
0.56961
0.56182
0.57346
0.56159
0.56341
0.54759
0.54999
0.55136
0.52724
0.52643
0.50365
0.48907
0.4796
0.40115
0.37991
0.35797
0.59494
0.71066
0.54234
0.49805
0.51482
0.56023
0.9324
0.92728
0.91153
0.91824
0.8459
0.90292
0.92025
0.93124
0.91986
0.88574
0.85531
0.84855
0.84296
0.83853
0.81105
0.76835
0.73167
0.80732
0.8254
0.82728
0.80711
0.6351
0.39614
0.38576
0.43038
0.44698
0.45632
0.45851
0.46675
0.36972
0.29025
0.30854
0.40837
0.39748
0.86178
0.8684
0.58197
0.52801
0.36266
0.31258
0.48456
0.77093
0.76897
0.56597
0.55565
0.50894
0.41047
0.38174
0.38687
0.37648
0.39377
0.38916
0.37653
0.37762
0.36419
0.35262
0.38478
0.3604
0.34417
0.3498
0.38856
0.33894
0.31892
0.32962
0.29721
0.40438
0.36165
0.41121
0.70688
0.80907
0.80265
0.38164
0.37171
0.37346
0.32481
0.34499
0.65158
0.63334
0.71068
0.67525
0.42956
0.47057
0.44838
0.46363
0.51869
0.51511
0.55119
0.54284
0.55207
0.87055
0.87563
0.86916
0.83974
0.67799
0.45476
0.57601
0.60171
0.48716
0.60418
0.74219
0.77802
0.8137
0.63153
0.31516
0.24984
0.31541
0.31724
0.25101
0.25448
0.3176
0.29922
0.2736
0.29586
0.32731
0.36178
0.33323
0.30602
0.33769
0.33316
0.42399
0.38709
0.33266
0.39619
0.27737
0.20984
0.19291
0.17682
0.21114
0.2734
0.25809
0.25786
0.25166
0.28207
0.32992
0.1891
0.32519
0.40257
0.44502
0.75791
0.72809
0.77538
0.70623
0.65346
0.57902
0.68525
0.72605
0.62026
0.5308
0.49448
0.65343
0.46957
0.56159
0.87718
0.88259
0.8807
0.83187
0.64256
0.52375
0.4599
0.49014
0.48986
0.45099
0.46346
0.42617
0.47193
0.46672
0.4635
0.48263
0.48637
0.45116
0.39627
0.68169
0.43548
0.48632
0.59981
0.54553
0.50967
0.53689
0.66976
0.43167
0.42393
0.41369
0.56096
0.45298
0.50999
0.91592
0.90878
0.87618
0.86848
0.81191
0.74559
0.64402
0.69477
0.40862
0.45526
0.39452
0.44024
0.45751
0.45444
0.45243
0.41847
0.41176
0.43954
0.52586
0.35703
0.38441
0.41461
0.61518
0.83967
0.84767
0.83734
0.8376
0.88021
0.87329
0.74634
0.47181
0.38581
0.35582
0.33925
0.29317
0.28232
0.28964
0.30001
0.30036
0.33587
0.38291
0.39453
0.41138
0.40132
0.40073
0.37525
0.38599
0.38182
0.38683
0.38827
0.41851
0.3919
0.36121
0.34937
0.35336
0.34896
0.35592
0.35776
0.35969
0.36659
0.36418
0.37921
0.41749
0.41709
0.43386
0.44287
0.43975
0.51008
0.51232
0.5662
0.75879
0.66362
0.72994
0.50634
0.40647
0.40375
0.39091
0.36672
0.35365
0.35033
0.37975
0.51343
0.71111
0.90294
0.90746
0.83339
0.87892
0.87012
0.88296
0.87325
0.8691
0.87457
0.87214
0.68186
0.48915
0.42263
0.42514
0.77548
0.83428
0.83946
0.72671
0.5113
0.45387
0.56552
0.52223
0.62891
0.59754
0.55156
0.44962
0.38387
0.43192
0.46058
0.43516
0.44193
0.43226
0.37251
0.42906
0.46171
0.63485
0.64457
0.59314
0.54205
0.53323
0.52081
0.48945
0.475
0.38146
0.41017
0.38491
0.36276
0.36508
0.37201
0.40038
0.45563
0.64965
0.62652
0.60704
0.56805
0.54276
0.51155
0.46319
0.39662
0.46611
0.41794
0.25924
0.28885
0.29826
0.32284
0.33472
0.28853
0.3451
0.37174
0.6543
0.82385
0.84138
0.8604
0.86623
0.86084
0.84593
0.83159
0.76885
0.6281
0.54867
0.48691
0.48284
0.50607
0.52387
0.4991
0.84542
0.878
0.90229
0.5345
0.9188
0.91488
0.91939
0.90442
0.90387
0.90641
0.92203
0.92987
0.9461
0.96068
0.94897
0.94021
0.92278
0.91152
0.90985
0.8671
0.77971
0.74685
0.713
0.69749
0.61432
0.52723
0.47189
0.39101
0.40754
0.18353
0.11127
0.10544
0.2058
0.28028
0.28773
0.34405
0.49117
0.45766
0.6287
0.48989
0.45177
0.40329
0.39447
0.44708
0.50873
0.42854
0.41175
0.40875
0.4186
0.53234
0.57585
0.5804
0.52843
0.45573
0.40918
0.40823
0.34631
0.38675
0.31649
0.36659
0.43608
0.51023
0.53799
0.39111
0.32374
0.3305
0.34593
0.36351
0.35501
0.36294
0.29656
0.48883
0.48326
0.4198
0.83284
0.89502
0.91131
0.91367
0.91532
0.92126
0.91796
0.91544
0.92028
0.81229
0.71853
0.81877
0.84618
0.86487
0.76902
0.55809
0.50921
0.45607
0.41854
0.41614
0.35248
0.32805
0.3118
0.34102
0.3566
0.31518
0.2695
0.46666
0.84324
0.88629
0.47269
0.54402
0.48374
0.41197
0.44848
0.44687
0.41693
0.37506
0.34286
0.29522
0.3394
0.25411
0.36207
0.27346
0.61566
0.91428
0.91577
0.77494
0.45886
0.45835
0.4474
0.45468
0.4631
0.4806
0.4901
0.52082
0.53905
0.61908
0.63612
0.61026
0.65985
0.84889
0.93779
0.8907
0.94465
0.70319
0.63969
0.61695
0.62093
0.46797
0.41012
0.38099
0.41557
0.42349
0.46102
0.45324
0.44485
0.41858
0.42871
0.41318
0.46147
0.56135
0.6734
0.74813
0.80591
0.79451
0.76281
0.71516
0.57769
0.44306
0.45755
0.44513
0.42343
0.36191
0.39376
0.43538
0.41323
0.41111
0.41216
0.40292
0.34883
0.35195
0.34341
0.37646
0.33597
0.32146
0.32082
0.31186
0.32386
0.45837
0.44088
0.46074
0.45931
0.35775
0.39508
0.36481
0.35786
0.31726
0.28141
0.52275
0.48987
0.51268
0.53284
0.56052
0.63715
0.61723
0.56464
0.47403
0.45649
0.48441
0.50938
0.5121
0.53155
0.51236
0.5123
0.39108
0.16525
0.19394
0.27356
0.27842
0.26457
0.25707
0.25145
0.28773
0.25966
0.28007
0.33953
0.42947
0.54708
0.50119
0.92508
0.93294
0.92795
0.938
0.94283
0.95496
0.93209
0.93445
0.93063
0.86421
0.79759
0.89915
0.86722
0.88943
0.90015
0.90787
0.91342
0.93249
0.9459
0.95166
0.94909
0.82026
0.74073
0.7058
0.62848
0.5756
0.49023
0.63397
0.57264
0.46061
0.31316
0.23547
0.2172
0.2574
0.49063
0.67122
0.57805
0.60121
0.55371
0.53221
0.51695
0.43006
0.40651
0.36079
0.34021
0.32694
0.29476
0.21972
0.18282
0.11853
0.12624
0.70448
0.92431
0.94544
0.95938
0.96729
0.968
0.94599
0.90692
0.86634
0.81113
0.70637
0.67335
0.73306
0.71788
0.71313
0.71963
0.76648
0.80135
0.81927
0.80721
0.77937
0.73001
0.6784
0.67418
0.57773
0.53517
0.5154
0.49857
0.47141
0.37228
0.3207
0.37591
0.44471
0.48939
0.48961
0.39516
0.39165
0.36919
0.36684
0.47366
0.49282
0.53743
0.52987
0.61503
0.81733
0.9339
0.94457
0.95416
0.9591
0.96771
0.98314
0.96467
0.94229
0.75231
0.65738
0.74021
0.97111
0.83183
0.70606
0.85105
0.7606
0.75543
0.8218
0.74762
0.65384
0.73474
0.72035
0.6833
0.87225
0.7886
0.71948
0.69735
0.7904
0.85136
0.86271
0.88971
0.89776
0.69281
0.59243
0.45787
0.47391
0.49325
0.6352
0.74521
0.81803
0.6803
0.37863
0.32202
0.3636
0.38108
0.4216
0.44973
0.49054
0.31334
0.29789
0.27903
0.30539
0.36971
0.60971
0.77081
0.70154
0.62002
0.61726
0.73455
0.76813
0.77337
0.92483
0.76068
0.65932
0.66562
0.89537
0.91766
0.87955
0.8655
0.9341
0.93391
0.90292
0.55479
0.60542
0.50867
0.48253
0.48524
0.46167
0.46229
0.45149
0.4362
0.44864
0.47439
0.47454
0.48195
0.47793
0.44268
0.45429
0.47066
0.48107
0.47533
0.45618
0.48707
0.48329
0.45788
0.46074
0.45114
0.46307
0.38279
0.62577
0.59967
0.64593
0.71107
0.66505
0.7313
0.73888
0.73836
0.8454
0.88792
0.79917
0.84365
0.9327
0.80754
0.69686
0.92389
0.87282
0.85738
0.87588
0.88084
0.8272
0.79668
0.67568
0.69338
0.65129
0.68482
0.6902
0.68021
0.79084
0.76429
0.60499
0.52984
0.77624
0.90625
0.89439
0.9573
0.96623
0.96228
0.95888
0.96841
0.93951
0.93482
0.92994
0.90624
0.82136
0.64443
0.47752
0.42239
0.54247
0.64096
0.6478
0.56825
0.58823
0.49261
0.47084
0.46443
0.55491
0.59251
0.62677
0.59168
0.49903
0.38496
0.38788
0.432
0.49153
0.47995
0.45336
0.41611
0.42078
0.41522
0.42135
0.43749
0.4838
0.51311
0.53824
0.49549
0.47199
0.44841
0.43063
0.45127
0.52326
0.48393
0.55984
0.52457
0.52574
0.29368
0.3163
0.33259
0.73804
0.95648
0.90606
0.92845
0.94076
0.91411
0.77151
0.70907
0.64957
0.60146
0.63964
0.57501
0.44287
0.43332
0.37084
0.34439
0.37383
0.39251
0.40029
0.43267
0.2516
0.36948
0.50792
0.68097
0.71727
0.88374
0.92467
0.89474
0.87078
0.84199
0.90359
0.96545
0.95288
0.82478
0.61531
0.54757
0.66101
0.73635
0.77876
0.8209
0.84426
0.86243
0.8511
0.86468
0.89514
0.90363
0.89716
0.90757
0.93294
0.97037
0.98714
0.99793
0.99891
0.99858
0.99697
1.0004
0.98676
0.99181
0.81759
0.64526
0.6661
0.67089
0.52464
0.55234
0.58164
0.58867
0.53154
0.47031
0.42034
0.41697
0.43563
0.45853
0.51218
0.50327
0.48432
0.4844
0.46556
0.45055
0.37418
0.39995
0.55795
0.4868
0.51704
0.59618
0.62365
0.56255
0.65124
0.53928
0.61192
0.63438
0.67793
0.63176
0.73026
0.65148
0.37966
0.37719
0.59438
0.66391
0.65526
0.47126
0.52047
0.54591
0.4668
0.4545
0.49923
0.51413
0.5973
0.5529
0.66762
0.53045
0.28998
0.30373
0.35971
0.46256
0.53845
0.4889
0.49523
0.47374
0.36141
0.27026
0.37857
0.4351
0.50766
0.48324
0.52431
0.62989
0.51028
0.42505
0.55732
0.64532
0.6247
0.56832
0.45978
0.47274
0.4328
0.48749
0.56085
0.61109
0.63415
0.70003
0.63082
0.6401
0.71142
0.77761
0.78395
0.8096
0.79267
0.8927
0.97552
0.98267
0.99769
0.99799
1.0002
0.75928
0.87116
0.76258
0.59479
0.52972
0.40672
0.46547
0.63826
0.55792
0.61563
0.71838
0.70308
0.63428
0.62494
0.64927
0.71039
0.98906
0.99573
0.99384
0.99808
0.99974
0.99883
1.0004
1.0004
0.99771
0.99808
0.9981
0.99707
0.99943
0.99871
0.99725
0.99355
0.96866
0.93462
0.90143
0.88904
0.73427
0.54513
0.45981
0.40172
0.55269
0.70726
0.7373
0.58595
0.38461
0.31115
0.33461
0.2388
0.24587
0.21403
0.41646
0.4403
0.44592
0.51707
0.50063
0.59434
0.4639
0.42963
0.49878
0.46844
0.46266
0.50152
0.47896
0.45037
0.55826
0.59987
0.64441
0.61883
0.50855
0.5004
0.50954
0.44972
0.44598
0.46654
0.46571
0.45075
0.45876
0.48581
0.53062
0.58104
0.56633
0.56218
0.51533
0.5116
0.46311
0.46932
0.48168
0.4576
0.47637
0.52034
0.50753
0.48212
0.49645
0.43
0.47357
0.53941
0.62771
0.64282
0.85504
0.89364
0.91662
0.94403
0.96054
0.99811
0.99811
0.99923
0.99957
0.99886
0.97513
0.79453
0.73057
0.74893
0.79268
0.88301
0.90191
0.98279
0.99975
0.99736
0.99991
0.9997
0.9987
0.99879
0.99758
0.89374
0.65723
0.48964
0.44795
0.45834
0.54843
0.53659
0.56685
0.53819
0.47615
0.3372
0.39886
0.41787
0.36522
0.5186
0.57386
0.63807
0.48118
0.47043
0.50594
0.53301
0.68981
0.78831
0.88155
0.89637
0.86875
0.698
0.63846
0.57268
0.62182
0.57551
0.84352
0.58222
0.56437
0.57913
0.56362
0.55661
0.54544
0.56878
0.75938
0.72021
0.60483
0.61447
0.65019
0.66329
0.99319
0.99989
0.99789
0.99894
0.99838
1.0007
0.99796
0.99824
0.99895
0.99712
0.99765
0.99878
0.99883
0.99737
0.9997
0.95557
0.99505
0.97223
0.98224
0.99128
0.99222
0.99594
0.99773
0.98293
0.97811
0.94572
0.98238
0.98777
0.96477
0.81697
0.8835
0.91458
0.84619
0.98846
0.99869
0.99766
0.99903
0.89069
0.68948
0.60745
0.62135
0.62713
0.63475
0.62187
0.58263
0.50793
0.42204
0.48636
0.59226
0.59933
0.6136
0.62563
0.66941
0.61881
0.58582
0.49473
0.52773
0.57816
0.57541
0.51582
0.52893
0.49141
0.36568
0.46049
0.60962
0.65247
0.56861
0.47676
0.39133
0.37857
0.35973
0.31002
0.42714
0.54698
0.79066
0.85365
0.70399
0.53742
0.64239
0.61442
0.54419
0.58316
0.76327
0.8408
0.89704
0.96782
0.99989
1.0008
0.98705
0.94961
0.95751
0.95878
0.7792
0.82998
0.78776
0.75247
0.76038
0.8143
0.90003
0.95457
0.81897
0.66229
0.54097
0.95973
0.97602
0.9713
0.83319
0.65496
0.63439
0.68226
0.8244
0.88572
0.99756
1.0001
0.99761
0.9981
1.0004
0.9976
0.99912
0.99813
1.0006
1.0008
0.9977
0.9583
0.78086
0.63357
0.67957
0.56734
0.48747
0.51979
0.48987
0.44061
0.53662
0.59124
0.70599
0.73155
0.60429
0.54115
0.67865
0.765
0.65392
0.43956
0.47611
0.53099
0.64271
0.76142
0.74932
0.75918
0.69159
0.64519
0.453
0.34355
0.38865
0.55426
0.59893
0.60373
0.46535
0.47543
0.45748
0.44806
0.43009
0.46452
0.55987
0.61496
0.52483
0.59967
0.62889
0.72849
0.80917
0.87172
0.90687
0.81708
0.63923
0.67977
0.71209
0.55019
0.46939
0.59629
0.65313
0.65959
0.58763
0.51687
0.49408
0.52029
0.53778
0.65868
0.75285
0.81827
0.77275
0.77375
0.80388
0.76434
0.84941
0.81699
0.77364
0.80535
0.74885
0.68423
0.61908
0.58555
0.61485
0.6243
0.71621
0.67558
0.64173
0.48088
0.4409
0.41383
0.42067
0.4924
0.53328
0.49907
0.31467
0.30795
0.30106
0.29739
0.28689
0.36946
0.41976
0.47901
0.45545
0.39531
0.37477
0.34699
0.50743
0.53533
0.53474
0.55036
0.43557
0.35252
0.38949
0.4386
0.46259
0.40613
0.39597
0.4871
0.52829
0.4596
0.52142
0.65676
0.62874
0.65083
0.71597
0.72314
0.68222
0.61706
0.72753
0.67374
0.66016
0.69864
0.72472
0.65972
0.65201
0.67504
0.7053
0.6846
0.68597
0.63998
0.64288
0.63092
0.75703
0.75844
0.71753
0.66484
0.64942
0.77554
0.76809
0.75173
0.73657
0.67877
0.58598
0.56409
0.60661
0.60213
0.59656
0.5976
0.57772
0.54692
0.51131
0.51604
0.43853
0.39003
0.39927
0.4188
0.33029
0.25702
0.19985
0.25623
0.4528
0.51515
0.54469
0.53211
0.57691
0.39185
0.30319
0.38718
0.50868
0.71986
0.79569
0.64554
0.83222
0.59865
0.40898
0.39535
0.39144
0.77611
0.8691
0.97518
0.99763
0.9981
0.99982
1.0006
0.92129
0.76458
0.76229
0.76141
0.68394
0.45724
0.39014
0.42044
0.40454
0.37827
0.34506
0.38014
0.4169
0.3599
0.38762
0.4547
0.46044
0.49651
0.84939
0.7395
0.6911
0.54104
0.60119
0.70538
0.66756
0.64732
0.67816
0.67897
0.69688
0.55785
0.54284
0.59949
0.62739
0.51673
0.53694
0.60593
0.54498
0.47963
0.47917
0.49286
0.44089
0.48022
0.60639
0.61302
0.57985
0.48683
0.43803
0.48473
0.50692
0.52087
0.58559
0.51417
0.39043
0.30312
0.31333
0.42319
0.51316
0.52684
0.54829
0.53287
0.52238
0.52908
0.50708
0.46843
0.46344
0.5184
0.56693
0.58942
0.70025
0.7542
0.82239
0.71833
0.636
0.55674
0.52693
0.45082
0.36694
0.48856
0.54147
0.48165
0.50867
0.53377
0.54013
0.4335
0.49812
0.62887
0.69648
0.69816
0.67623
0.58164
0.51424
0.43242
0.44334
0.43711
0.4848
0.8017
0.8787
0.92968
0.96137
0.96641
0.93303
0.73538
0.5875
0.52175
0.33402
0.53305
0.62815
0.7728
0.63593
0.39606
0.45839
0.47531
0.47002
0.56996
0.50323
0.46172
0.4146
0.38876
0.42479
0.36612
0.40229
0.46578
0.48236
0.45213
0.4391
0.3946
0.32662
0.35963
0.38355
0.38835
0.34689
0.33159
0.25952
0.24944
0.25452
0.29117
0.34926
0.40291
0.44687
0.46789
0.39891
0.47786
0.52083
0.52949
0.46896
0.45462
0.47472
0.47679
0.515
0.51134
0.5597
0.60377
0.60002
0.59565
0.66653
0.71517
0.69627
0.70881
0.70966
0.67595
0.62122
0.60717
0.60777
0.68876
0.51198
0.44278
0.56627
0.54643
0.54177
0.49358
0.52248
0.57827
0.63853
0.70624
0.75928
0.82877
0.86696
0.873
0.85671
0.68799
0.94063
0.99237
0.98611
0.96279
0.8841
0.93659
0.95482
0.8968
0.9913
0.95659
0.75173
0.74608
0.70752
0.59632
0.59221
0.44453
0.36707
0.52137
0.579
0.88306
0.91813
0.91707
0.90529
0.72379
0.73431
0.57276
0.57678
0.56505
0.57098
0.56591
0.62975
0.63483
0.52784
0.4488
0.45482
0.38523
0.40193
0.56988
0.5719
0.49213
0.44925
0.42768
0.46262
0.55673
0.63985
0.69398
0.7408
0.9432
0.98884
0.99599
0.99769
0.99884
0.99898
0.99716
0.99861
0.99752
0.99901
1.0003
0.98315
0.90872
0.8748
0.77322
0.89532
0.57099
0.47879
0.44301
0.42765
0.45548
0.53364
0.57296
0.64148
0.60226
0.62609
0.69464
0.64719
0.61623
0.59418
0.61726
0.63893
0.58209
0.88397
0.98736
1.0008
0.99994
1.0003
0.99882
0.99924
0.99882
0.99961
0.98573
0.90275
0.79598
0.88862
0.86129
0.8822
0.81297
0.74492
0.67703
0.71779
0.7309
0.83175
0.92421
0.99371
0.97981
0.89597
0.91172
0.73169
0.7029
0.73506
0.72758
0.70768
0.7229
0.8614
0.85171
0.99909
0.99887
0.9976
0.99929
0.97388
0.87085
0.73541
0.70557
0.63554
0.63209
0.6554
0.65914
0.66274
0.64924
0.87167
0.799
0.52652
0.53001
0.71833
1.0002
0.99714
0.99999
0.99769
0.88424
0.94295
0.95849
0.84265
0.82558
0.85862
0.83993
0.80638
0.69016
0.68408
0.95036
0.9602
0.96383
0.98519
0.99996
0.99812
0.99998
1.0005
1.0003
0.99818
0.65595
0.64107
0.62882
0.60619
0.61998
0.61395
0.59694
0.62044
0.67589
0.75539
0.81802
0.87286
0.90372
0.90743
0.80426
0.68115
0.54706
0.8356
0.58144
0.55448
0.55039
0.64766
0.70671
0.97681
0.99026
0.63299
0.597
0.85982
0.6043
0.59262
0.58561
0.58962
0.62067
0.96679
0.8344
0.59738
0.90957
0.96219
0.96803
0.97144
0.97954
0.97551
0.95488
0.95624
0.9497
0.96263
0.83041
0.9597
0.98125
0.98138
0.96442
0.97415
0.97217
0.96719
0.79786
0.9461
0.91226
0.96623
0.95477
0.92658
0.95488
0.97361
0.98259
0.8601
0.8527
0.82981
0.733
0.67953
0.64591
0.56262
0.49536
0.41904
0.33576
0.23431
0.27148
0.31567
0.66651
0.99712
0.98958
1.0003
0.99716
0.98923
0.98626
0.91016
0.87546
0.85132
0.7841
0.68504
0.66579
0.60682
0.59584
0.53973
0.48398
0.46362
0.47872
0.47313
0.46075
0.44711
0.46002
0.45459
0.51526
0.49442
0.51667
0.60415
0.61079
0.45772
0.4148
0.40236
0.41712
0.57716
0.87052
0.94485
0.95647
0.94905
0.93026
0.91476
0.91038
0.8931
0.85434
0.94787
0.93775
0.9491
0.94455
0.88438
0.72341
0.70132
0.65556
0.6479
0.58134
0.59694
0.55069
0.61314
0.58853
0.66119
0.64731
0.65775
0.64933
0.64864
0.52597
0.52343
0.6022
0.48319
0.54386
0.53057
0.42976
0.4114
0.41809
0.43119
0.39571
0.38682
0.39288
0.3826
0.38823
0.40402
0.39286
0.36912
0.42263
0.3713
0.38898
0.44042
0.46709
0.45424
0.35296
0.30305
0.31566
0.26501
0.33264
0.35222
0.357
0.37927
0.32247
0.33269
0.24962
0.27716
0.30637
0.37127
0.27911
0.25733
0.35855
0.35316
0.37575
0.24843
0.25615
0.41222
0.3886
0.25981
0.24066
0.20357
0.20129
0.2398
0.24651
0.2706
0.24756
0.33565
0.63134
0.86004
0.8433
0.97674
0.99014
0.99044
0.99713
0.99053
0.99047
0.99078
0.96019
0.96614
0.98614
0.98944
0.9883
0.99044
0.98941
0.99871
0.80312
0.78399
0.66939
0.84445
0.97974
0.97637
0.97578
0.9765
0.97031
0.96728
0.97001
0.97362
0.69266
0.65787
0.59447
0.53367
0.48652
0.49331
0.52256
0.54717
0.49104
0.51217
0.53941
0.50688
0.50755
0.48926
0.48514
0.49198
0.46532
0.4444
0.41796
0.39375
0.39863
0.38577
0.367
0.39093
0.39221
0.39596
0.33519
0.31347
0.32906
0.32244
0.33492
0.36304
0.34192
0.30776
0.29525
0.27509
0.25511
0.24636
0.22359
0.20889
0.23255
0.24542
0.28228
0.31471
0.31699
0.50244
0.87535
0.92098
0.9382
0.93801
0.93567
0.9393
0.94615
0.94761
0.95723
0.95872
0.95354
0.95472
0.89419
0.80022
0.6177
0.51859
0.35967
0.36651
0.387
0.3256
0.33243
0.28139
0.29071
0.28303
0.29198
0.16161
0.11926
0.1266
0.16445
0.45428
0.74695
0.95924
0.63656
0.63788
0.73332
0.7034
0.90279
0.90696
0.6452
0.5998
0.48633
0.44737
0.42124
0.42884
0.45445
0.55503
0.61211
0.59812
0.58264
0.57324
0.55506
0.53482
0.61908
0.69857
0.62283
0.60852
0.58866
0.61942
0.5964
0.47006
0.40885
0.35017
0.35816
0.34505
0.3369
0.34497
0.3487
0.38866
0.36828
0.25112
0.19102
0.15656
0.14493
0.16311
0.16746
0.15379
0.14793
0.16588
0.24038
0.23112
0.20453
0.19146
0.17791
0.18627
0.20955
0.21506
0.20823
0.21014
0.22954
0.23875
0.22204
0.22444
0.19957
0.1952
0.2234
0.24634
0.30645
0.3544
0.3379
0.33975
0.33601
0.31356
0.34762
0.37646
0.40117
0.38331
0.37033
0.37588
0.39861
0.29829
0.29743
0.29414
0.27212
0.25709
0.24622
0.24501
0.24291
0.24631
0.20373
0.18542
0.17909
0.21114
0.33334
0.24076
0.23947
0.26553
0.26281
0.21186
0.21895
0.29596
0.33993
0.33595
0.29335
0.32271
0.36613
0.33034
0.298
0.30464
0.35628
0.60132
0.86936
0.80885
0.88972
0.54149
0.5488
0.599
0.54964
0.57037
0.90871
0.65841
0.62325
0.50781
0.45766
0.46949
0.42461
0.394
0.29778
0.1877
0.21589
0.15864
0.17202
0.18216
0.29108
0.29252
0.26841
0.22811
0.29022
0.33042
0.44393
0.49839
0.49521
0.81117
0.58929
0.47083
0.44253
0.58098
0.49463
0.46351
0.4643
0.47308
0.45984
0.45361
0.41081
0.41738
0.41391
0.42891
0.44175
0.50327
0.40911
0.41151
0.36661
0.32408
0.33388
0.3418
0.36369
0.38712
0.47658
0.51874
0.47898
0.6981
0.87671
0.69261
0.61227
0.5415
0.4379
0.38013
0.3588
0.40433
0.40848
0.30327
0.33079
0.33343
0.32058
0.31596
0.33376
0.34585
0.37456
0.36929
0.3757
0.45556
0.47666
0.59432
0.64995
0.89708
0.93745
0.95498
0.95146
0.93556
0.92681
0.8699
0.64346
0.54058
0.49264
0.40522
0.42433
0.4702
0.9067
0.94136
0.86182
0.51584
0.53887
0.60723
0.61029
0.55805
0.92604
0.91709
0.84498
0.79977
0.77412
0.73346
0.66576
0.72642
0.67568
0.61041
0.61469
0.59101
0.56978
0.57752
0.7486
0.76704
0.67202
0.57014
0.57358
0.92065
0.92162
0.93857
0.93604
0.9274
0.9347
0.91816
0.90969
0.91504
0.93501
0.91735
0.92939
0.94182
0.93183
0.93009
0.92626
0.91896
0.9175
0.91093
0.89339
0.89227
0.86234
0.51939
0.60985
0.78549
0.48765
0.40862
0.43898
0.412
0.40067
0.92593
0.93575
0.92387
0.91544
0.91543
0.79606
0.70459
0.71298
0.78948
0.65422
0.66705
0.60608
0.59058
0.5865
0.59629
0.58588
0.55236
0.47022
0.446
0.33714
0.31951
0.32883
0.18466
0.22566
0.40774
0.90506
0.77041
0.87943
0.79786
0.69997
0.63639
0.59574
0.56821
0.45467
0.45697
0.51482
0.52947
0.51581
0.48198
0.42965
0.40837
0.40179
0.39227
0.40249
0.39478
0.37982
0.35209
0.36033
0.31941
0.2968
0.2934
0.3169
0.36239
0.3424
0.30436
0.29242
0.31444
0.33504
0.36063
0.39221
0.42126
0.56455
0.56341
0.62515
0.73508
0.63031
0.84451
0.87824
0.91375
0.91594
0.89994
0.89829
0.90086
0.90141
0.88075
0.81623
0.81879
0.7797
0.67669
0.59567
0.59344
0.62358
0.64577
0.61104
0.58051
0.55346
0.51574
0.45208
0.40553
0.36872
0.54026
0.85953
0.90924
0.93305
0.92005
0.93728
0.91938
0.90566
0.91846
0.91988
0.91899
0.91149
0.90224
0.85639
0.6702
0.6224
0.61317
0.62701
0.71532
0.71984
0.65863
0.60338
0.5137
0.40808
0.51816
0.76324
0.69261
0.81682
0.85192
0.88432
0.89651
0.88912
0.89947
0.86528
0.68394
0.69715
0.69102
0.64636
0.56687
0.79606
0.81263
0.65812
0.60787
0.62006
0.62465
0.6044
0.63577
0.59358
0.54543
0.4894
0.50047
0.3954
0.36232
0.33301
0.33122
0.32814
0.3124
0.25747
0.30921
0.36248
0.49357
0.58578
0.60118
0.52171
0.88769
0.90449
0.89269
0.89099
0.90329
0.79787
0.60122
0.41913
0.27722
0.27003
0.26245
0.26213
0.28695
0.34914
0.22658
0.11395
0.11381
0.21232
0.82489
0.89181
0.9054
0.91798
0.92057
0.92933
0.9402
0.93964
0.94642
0.90273
0.76698
0.75123
0.7116
0.66093
0.7098
0.61702
0.57926
0.54044
0.56535
0.40869
0.38616
0.38336
0.35558
0.34402
0.3293
0.33579
0.34487
0.37305
0.42661
0.52579
0.59218
0.71479
0.78968
0.8194
0.81007
0.75147
0.69195
0.56299
0.51588
0.49422
0.45478
0.40012
0.44283
0.38006
0.4665
0.55237
0.54406
0.55237
0.51973
0.46892
0.46823
0.44164
0.47782
0.39921
0.37888
0.40651
0.34055
0.33441
0.36042
0.36621
0.32699
0.35801
0.3694
0.38465
0.39159
0.37301
0.3015
0.18951
0.22334
0.26109
0.25573
0.19424
0.13039
0.14723
0.22418
0.40883
0.51678
0.8279
0.85005
0.85055
0.83878
0.7971
0.75725
0.71544
0.64954
0.56214
0.48525
0.40603
0.36591
0.33641
0.22167
0.14476
0.28498
0.89514
0.9178
0.93523
0.94344
0.95707
0.93842
0.94513
0.94035
0.93465
0.93646
0.94161
0.95173
0.96451
0.96719
0.96369
0.95189
0.94135
0.93562
0.93131
0.92199
0.88712
0.87536
0.87226
0.72738
0.8553
0.89667
0.914
0.91652
0.85827
0.82743
0.71626
0.69488
0.48637
0.37965
0.34007
0.34718
0.36039
0.53071
0.69267
0.34905
0.3313
0.36357
0.40998
0.41156
0.52937
0.88482
