0.88898
0.50521
0.49478
0.90089
0.63174
0.87097
0.64074
0.54192
0.47051
0.45709
0.45466
0.45173
0.45177
0.43318
0.56389
0.48459
0.45687
0.58792
0.4797
0.43832
0.56437
0.51975
0.83522
0.86288
0.87603
0.4887
0.43865
0.38111
0.34282
0.3704
0.39354
0.38379
0.4827
0.69586
0.89442
0.89438
0.89555
0.88523
0.84664
0.46396
0.4716
0.48945
0.44752
0.34741
0.38214
0.3568
0.78946
0.59708
0.80276
0.64608
0.6909
0.59876
0.55258
0.57896
0.57973
0.56144
0.46622
0.27786
0.18393
0.16309
0.15612
0.17752
0.57519
0.66129
0.69183
0.65576
0.47647
0.34653
0.18693
0.14139
0.17354
0.39448
0.6196
0.80804
0.87433
0.89967
0.90998
0.91158
0.9088
0.90136
0.89613
0.89567
0.89584
0.90027
0.88163
0.86966
0.85119
0.80569
0.79711
0.79797
0.79209
0.76928
0.65032
0.68425
0.69117
0.56402
0.655
0.67373
0.66477
0.67546
0.62092
0.64039
0.66185
0.63713
0.56196
0.51208
0.43171
0.40509
0.34762
0.3236
0.30862
0.31575
0.2985
0.3172
0.28356
0.30546
0.29402
0.25969
0.26646
0.24595
0.28358
0.69825
0.56743
0.5291
0.48641
0.41106
0.35084
0.35407
0.35864
0.35618
0.35885
0.317
0.37639
0.37992
0.42849
0.56032
0.70153
0.40705
0.31773
0.31111
0.26641
0.30327
0.76757
0.63948
0.52928
0.51844
0.46454
0.4014
0.3137
0.32359
0.46461
0.45824
0.42165
0.42274
0.28562
0.36943
0.77889
0.75052
0.40807
0.33715
0.3329
0.33479
0.34926
0.36145
0.25855
0.24299
0.24306
0.26747
0.32923
0.37396
0.39481
0.4753
0.57742
0.49983
0.43719
0.40647
0.41049
0.3946
0.43353
0.40809
0.61756
0.55072
0.47261
0.41728
0.4159
0.38985
0.34267
0.34506
0.37668
0.36329
0.37854
0.41697
0.40168
0.37891
0.3251
0.35546
0.47027
0.48923
0.45912
0.43476
0.41721
0.40659
0.40202
0.40387
0.41093
0.41824
0.40894
0.41182
0.40096
0.39949
0.38428
0.4029
0.39379
0.4029
0.40088
0.38541
0.3868
0.40242
0.39041
0.40463
0.42195
0.40335
0.40294
0.40134
0.49227
0.85328
0.5679
0.52954
0.49396
0.4399
0.42466
0.41477
0.40746
0.38709
0.36733
0.39366
0.39192
0.44582
0.54668
0.82657
0.87479
0.90328
0.90017
0.88285
0.87907
0.85332
0.82879
0.70342
0.58263
0.87165
0.88642
0.90129
0.91102
0.90781
0.58348
0.47833
0.45588
0.46388
0.45105
0.4203
0.49271
0.5217
0.85118
0.85097
0.8643
0.84352
0.78905
0.66921
0.42527
0.53081
0.53193
0.51804
0.50498
0.44616
0.4917
0.41436
0.3876
0.37814
0.37484
0.34219
0.34408
0.33974
0.56167
0.65122
0.73235
0.74267
0.66694
0.57162
0.50044
0.49787
0.44315
0.36189
0.31437
0.30425
0.32279
0.32697
0.32357
0.45421
0.5068
0.61459
0.55747
0.5333
0.53788
0.51738
0.51633
0.49477
0.45838
0.41831
0.41696
0.40563
0.40123
0.41071
0.46446
0.8243
0.91488
0.92225
0.91674
0.91478
0.9068
0.89236
0.80751
0.82761
0.469
0.38579
0.3033
0.42699
0.37759
0.34793
0.34384
0.33874
0.34255
0.34454
0.34092
0.34045
0.33732
0.35714
0.399
0.36882
0.34704
0.30539
0.30904
0.35503
0.34106
0.31112
0.38073
0.4294
0.40804
0.31491
0.32633
0.36792
0.39051
0.30011
0.28039
0.31464
0.31938
0.34427
0.3891
0.38533
0.39528
0.4453
0.47561
0.40471
0.34007
0.37161
0.34967
0.38114
0.3012
0.29876
0.8517
0.88965
0.89265
0.89477
0.89625
0.89269
0.87993
0.84217
0.75484
0.74485
0.65913
0.6953
0.83966
0.86487
0.885
0.88581
0.88221
0.87375
0.74492
0.7546
0.72236
0.7975
0.76982
0.84152
0.84299
0.66668
0.54183
0.47617
0.4036
0.37579
0.36458
0.59999
0.80627
0.81402
0.84427
0.84728
0.87236
0.63298
0.46699
0.39948
0.37612
0.37166
0.35073
0.33206
0.37813
0.36324
0.69701
0.56117
0.57065
0.49489
0.45441
0.38137
0.37803
0.28888
0.24499
0.21748
0.15141
0.11567
0.13585
0.11726
0.82675
0.86022
0.68696
0.56183
0.53205
0.53506
0.48161
0.42204
0.39532
0.36919
0.36553
0.40717
0.39129
0.36317
0.22992
0.3176
0.24448
0.85767
0.89974
0.91228
0.93467
0.92156
0.90713
0.91113
0.85664
0.64646
0.5451
0.54381
0.4281
0.37611
0.38471
0.34721
0.3073
0.32939
0.34292
0.35441
0.32417
0.33309
0.36828
0.40271
0.44328
0.46911
0.46792
0.47116
0.47067
0.45606
0.45841
0.43405
0.42224
0.40815
0.38319
0.34726
0.33716
0.30355
0.31902
0.28451
0.33387
0.19662
0.17997
0.24164
0.26456
0.26186
0.84543
0.85996
0.71637
0.55968
0.83667
0.80798
0.85058
0.85171
0.84926
0.84635
0.82658
0.82891
0.80723
0.78767
0.81707
0.78634
0.64299
0.49685
0.3616
0.44208
0.82866
0.78732
0.7071
0.47038
0.45772
0.44398
0.39437
0.4171
0.41644
0.33793
0.49814
0.71938
0.81344
0.86032
0.87691
0.89063
0.87564
0.88186
0.86869
0.87863
0.88911
0.89001
0.89851
0.89958
0.89548
0.88612
0.87587
0.8415
0.67293
0.58183
0.61805
0.3942
0.30449
0.21501
0.38388
0.80645
0.83894
0.77038
0.56799
0.50985
0.43236
0.38962
0.42245
0.44953
0.44972
0.43938
0.4686
0.61241
0.67276
0.43948
0.36
0.36321
0.42378
0.28838
0.26775
0.277
0.29801
0.36274
0.41216
0.40781
0.3998
0.37887
0.34501
0.29474
0.32622
0.3336
0.31335
0.34609
0.28175
0.24251
0.26681
0.43749
0.58537
0.63718
0.47823
0.45675
0.30885
0.31619
0.31514
0.28694
0.27099
0.27768
0.28681
0.35287
0.25924
0.48938
0.83949
0.81785
0.67448
0.57236
0.49143
0.47453
0.6244
0.31438
0.28745
0.25586
0.19126
0.23979
0.35645
0.80647
0.87059
0.8799
0.89337
0.90835
0.9006
0.82984
0.80359
0.76189
0.6553
0.54708
0.49571
0.52734
0.51494
0.47005
0.38018
0.24501
0.2233
0.21899
0.29485
0.87503
0.90168
0.90643
0.68727
0.58882
0.69212
0.7872
0.94472
0.94039
0.91826
0.88265
0.80241
0.62096
0.55748
0.54811
0.53003
0.54673
0.52644
0.51912
0.50413
0.59838
0.50015
0.4778
0.34064
0.32149
0.35731
0.34252
0.3118
0.29206
0.24277
0.20302
0.1967
0.20076
0.19793
0.16799
0.13116
0.11234
0.10872
0.12358
0.15296
0.25906
0.30706
0.30713
0.25127
0.18671
0.20417
0.27783
0.39123
0.49322
0.5917
0.92263
0.92148
0.93992
0.93751
0.94217
0.96459
0.96684
0.95923
0.95657
0.94727
0.9405
0.93718
0.94177
0.89841
0.84543
0.88655
0.82608
0.75229
0.70829
0.63784
0.62114
0.62743
0.61441
0.82644
0.55803
0.4037
0.43892
0.50235
0.52634
0.51761
0.53536
0.62891
0.59235
0.55107
0.51743
0.52383
0.52529
0.54218
0.57288
0.71643
0.76609
0.71251
0.60851
0.56058
0.58997
0.53634
0.51822
0.41948
0.23412
0.27134
0.20191
0.17781
0.22783
0.23004
0.25345
0.28066
0.28673
0.28582
0.29012
0.29684
0.28788
0.31039
0.33743
0.30366
0.276
0.26924
0.26973
0.25412
0.23291
0.23931
0.2611
0.28289
0.38723
0.46559
0.49417
0.36932
0.31382
0.17063
0.26332
0.34962
0.36146
0.37409
0.43011
0.41054
0.41004
0.44745
0.44672
0.43385
0.4471
0.45215
0.47779
0.74104
0.93584
0.93424
0.93297
0.90664
0.93829
0.95571
0.95635
0.91044
0.92815
0.91277
0.92002
0.9262
0.92706
0.92447
0.93036
0.93549
0.9293
0.9285
0.92552
0.9184
0.89722
0.86326
0.84935
0.87152
0.90389
0.87421
0.87377
0.86451
0.82198
0.67801
0.51184
0.44566
0.43568
0.48995
0.50771
0.44315
0.53371
0.55022
0.60591
0.59572
0.55195
0.48721
0.50451
0.58647
0.56736
0.49226
0.40144
0.3483
0.74209
0.91588
0.93493
0.93278
0.92778
0.92688
0.92871
0.92943
0.93714
0.94767
0.9527
0.93579
0.93247
0.94952
0.81463
0.91038
0.95245
0.98443
0.99914
1.0003
0.91799
0.90629
0.88644
0.73119
0.53881
0.56739
0.51999
0.62762
0.86373
0.9573
0.93486
0.88943
0.94483
0.94326
0.95097
0.96391
0.94927
0.9412
0.93593
0.94097
0.95126
0.92996
0.92789
0.94605
0.96192
0.96367
0.97216
0.97538
0.9856
0.98968
0.99856
0.9986
1.0003
1.0002
0.8771
0.69923
0.63702
0.6151
0.78361
0.63794
0.60894
0.76856
0.76326
0.81419
0.97186
0.70896
0.93006
0.96865
0.97936
0.86509
0.74948
0.70696
0.66132
0.74118
0.77204
0.80108
0.80391
0.85208
0.65438
0.63771
0.57816
0.59803
0.67893
0.84472
0.91732
0.94602
0.87654
0.83999
0.85176
0.76246
0.59181
0.5584
0.53857
0.52891
0.49012
0.41266
0.45631
0.47146
0.42098
0.50293
0.5578
0.57723
0.535
0.50776
0.5474
0.56021
0.53963
0.50617
0.44644
0.40282
0.41941
0.45181
0.48596
0.53617
0.55836
0.54659
0.58543
0.6833
0.36681
0.27407
0.27527
0.30071
0.38908
0.56014
0.83081
0.85016
0.74535
0.53655
0.63118
0.60397
0.57094
0.6269
0.5789
0.58632
0.6245
0.46615
0.41029
0.53837
0.55047
0.56785
0.81493
0.59384
0.84188
0.71129
0.72769
0.73532
0.87363
0.87831
0.93329
0.94057
0.76164
0.44808
0.36652
0.44817
0.45332
0.42862
0.41568
0.52459
0.43216
0.37559
0.39779
0.49392
0.65211
0.72743
0.68691
0.70302
0.56277
0.53478
0.63628
0.6898
0.66426
0.71534
0.70523
0.86265
0.67354
0.55494
0.45494
0.36161
0.44341
0.62906
0.62535
0.5827
0.55082
0.5081
0.56888
0.74374
0.7205
0.68774
0.65134
0.67453
0.61039
0.51213
0.43963
0.45682
0.42402
0.47157
0.55996
0.43583
0.36645
0.38015
0.43031
0.4893
0.49563
0.52681
0.45665
0.34784
0.31282
0.27245
0.29444
0.34247
0.38687
0.45735
0.49369
0.39602
0.26533
0.24706
0.28925
0.38279
0.63539
0.99891
0.9995
0.9999
0.99707
0.9973
0.99949
0.99872
0.99941
0.99909
0.98165
0.85974
0.70097
0.62745
0.55009
0.65947
0.63311
0.64641
0.68397
0.70523
0.72049
0.67356
0.58061
0.59588
0.66727
0.62703
0.60648
0.59985
0.3612
0.34798
0.32597
0.31293
0.42224
0.51034
0.45126
0.34709
0.24441
0.1947
0.20679
0.24396
0.23656
0.24728
0.40926
0.39777
0.28376
0.23127
0.23513
0.28623
0.34336
0.34625
0.29782
0.35591
0.25076
0.23429
0.25661
0.32379
0.41074
0.45735
0.53589
0.56107
0.53703
0.54546
0.53712
0.52146
0.51279
0.5405
0.56085
0.46797
0.25986
0.28945
0.40048
0.47729
0.51647
0.54677
0.58273
0.62402
0.59529
0.62621
0.60424
0.67776
0.66037
0.52117
0.51666
0.53305
0.47429
0.4596
0.55449
0.61556
0.58125
0.53402
0.53425
0.60647
0.60824
0.47161
0.50842
0.57171
0.62576
0.77999
0.81554
0.76935
0.59865
0.54054
0.51166
0.70019
0.79808
0.8084
0.83542
0.85875
0.85648
0.83523
0.84281
0.97419
0.98917
0.98136
0.97824
0.96917
0.96727
0.96722
0.94317
0.96409
0.96584
0.9788
0.9734
0.98211
0.96794
0.86326
0.75683
0.66743
0.65175
0.62128
0.61851
0.62106
0.76459
0.81403
0.9321
0.95572
0.85724
0.90583
0.97531
0.98013
0.95265
0.87115
0.80573
0.86124
0.81123
0.88009
0.95092
0.95738
0.94451
0.92046
0.82414
0.60823
0.56952
0.63715
0.5981
0.64799
0.49017
0.52031
0.5721
0.58327
0.60545
0.54457
0.54629
0.46122
0.51161
0.6557
0.73198
0.62787
0.60169
0.61123
0.55541
0.5776
0.59864
0.64164
0.62733
0.66617
0.88132
0.99976
0.99967
0.99765
0.97795
0.98435
0.99314
0.99851
1.0007
1.0005
0.99236
0.98777
0.98769
0.98043
0.97557
0.97315
0.9389
0.95584
0.95523
0.94325
0.94255
0.9091
0.81821
0.82767
0.79259
0.77842
0.78712
0.78874
0.97135
0.66651
0.57697
0.56829
0.66356
0.73445
0.60145
0.53606
0.55366
0.53924
0.7658
0.62155
0.69354
0.7546
0.97938
0.7868
0.99541
0.98031
0.96807
0.98387
0.98913
0.98754
0.97798
0.98621
0.98717
0.9865
0.97809
0.97316
0.97889
0.96775
0.96893
0.97562
0.98537
0.99934
0.99755
1.0004
0.99911
0.9977
1.0008
0.88978
0.8184
0.99993
0.99483
0.99141
0.98871
0.97792
0.97774
0.96912
0.9425
0.8311
0.79388
0.74179
0.73145
0.72553
0.67364
0.7225
0.74818
0.73599
0.80512
0.85112
0.79221
0.76521
0.69631
0.8194
0.69011
0.6299
0.76608
1.0004
0.99247
0.99279
0.98341
0.98509
0.99328
0.99552
0.99568
0.98984
0.97416
0.91412
0.97416
0.96819
0.95262
0.94359
0.9543
0.98069
0.98165
0.95733
0.76066
0.69342
0.67981
0.68939
0.69607
0.68544
0.66341
0.674
0.74978
0.88464
0.94915
0.96243
0.95931
0.97712
0.84477
0.80759
0.88208
0.79041
0.64944
0.41087
0.37768
0.42386
0.50565
0.6829
0.98574
0.78973
0.8597
0.96606
0.95668
0.73792
0.68635
0.49056
0.46083
0.43887
0.45237
0.45618
0.46026
0.47569
0.46881
0.45184
0.4555
0.61513
0.5717
0.56626
0.57649
0.57441
0.67662
0.74891
0.88649
0.83239
0.96874
0.98355
0.95847
0.95403
0.93817
0.92383
0.90223
0.85266
0.73336
0.75589
0.66823
0.80063
0.87576
0.91688
0.97243
0.96993
0.96412
0.9736
0.98953
0.98189
0.93566
0.86803
0.99687
0.99903
0.99877
0.99928
0.99764
0.99861
1.0006
0.99835
0.99948
0.99857
1.0003
0.99746
1
1.0004
0.99938
0.99795
0.97854
0.83901
0.7298
0.64717
0.65257
0.68556
0.66079
0.68826
0.68959
0.68293
0.74059
0.85381
0.80341
0.84764
0.80407
0.76821
0.73026
0.67448
0.66319
0.65673
0.70898
0.70232
0.70611
0.71937
0.83753
0.75961
0.79717
0.74906
0.74207
0.726
0.729
0.78918
0.77517
0.6801
0.4185
0.36423
0.47281
0.48634
0.59763
0.76908
0.8285
0.92369
0.96243
0.8229
0.63644
0.53939
0.47189
0.66744
0.83192
0.89566
0.99218
0.99969
0.99838
0.9975
0.99743
0.99893
0.98347
0.95653
0.95372
0.98525
0.93882
0.78857
0.88107
0.96575
0.88033
0.99764
0.92259
0.861
0.89649
0.99624
0.99023
0.83946
0.82977
0.95972
0.78326
0.58817
0.42012
0.4347
0.60809
0.69153
0.6863
0.67205
0.56499
0.4932
0.62739
0.62772
0.59167
0.68157
0.71363
0.73273
0.65736
0.76723
0.73909
0.64893
0.62797
0.66931
0.74927
0.7707
0.81278
0.84536
0.88556
0.78745
0.7391
0.80556
0.79351
0.814
0.8035
0.84156
0.86717
0.86426
0.87643
0.83725
0.89365
0.89386
0.85468
0.77679
0.69963
0.69376
0.79772
0.86189
0.94124
0.81626
0.69899
0.64309
0.70767
0.64045
0.67963
0.69213
0.67878
0.72524
0.56809
0.41726
0.39351
0.40478
0.46339
0.57007
0.63841
0.54686
0.43787
0.40779
0.40896
0.4691
0.54407
0.62372
0.5604
0.4901
0.47038
0.50251
0.50388
0.47506
0.46585
0.57032
0.61461
0.67817
0.65627
0.4346
0.36784
0.46434
0.46373
0.43391
0.43661
0.49692
0.47115
0.41482
0.36008
0.32613
0.29439
0.29814
0.43932
0.52068
0.63325
0.60726
0.57379
0.54999
0.56842
0.63714
0.65199
0.62321
0.43043
0.49044
0.43175
0.41461
0.47654
0.63407
0.69968
0.74447
0.6634
0.69142
0.75007
0.73084
0.81466
0.88082
0.94342
0.99613
0.99811
0.9987
0.95811
0.77762
0.72519
0.84644
0.81332
0.75364
0.8079
0.77103
0.71524
0.64705
0.62429
0.61413
0.71057
0.79717
0.74129
0.73779
0.65953
0.55554
0.6574
0.765
0.82145
0.95693
1.0003
0.98387
0.99396
0.95683
0.96451
0.99998
0.96573
0.81698
0.70283
0.61765
0.58901
0.55943
0.56375
0.59156
0.93574
0.99261
0.9939
1.0007
0.98969
0.92653
0.89643
0.96777
0.99014
0.99811
0.99908
0.99849
0.99723
0.99855
1.0007
0.90102
0.77958
0.691
0.66273
0.82579
0.62566
0.63457
0.61585
0.61622
0.75792
0.80507
0.78544
0.5803
0.48124
0.53727
0.48222
0.60184
0.60265
0.5841
0.475
0.48565
0.48038
0.41072
0.42875
0.42191
0.58385
0.77207
0.71502
0.72455
0.66167
0.59472
0.63331
0.6409
0.59715
0.55778
0.5366
0.54695
0.69192
0.85914
0.95584
0.99275
0.9945
0.9992
0.99909
0.99859
0.9986
0.99755
1.0009
0.99964
1.0007
1.0009
0.9983
0.99719
0.99468
0.97273
0.97803
0.99488
0.94202
0.82114
0.72872
0.66717
0.62029
0.57072
0.63392
0.85654
0.92555
0.87927
0.91653
0.95964
0.99338
0.99942
0.99844
0.99806
0.99871
0.9992
0.99836
0.99742
0.96386
0.79044
0.71444
0.7695
0.87227
0.89308
0.73576
0.69962
0.6918
0.68889
0.66933
0.67897
0.71344
0.76833
0.72689
0.77296
0.89674
0.88172
0.98883
0.9896
0.99623
1.0003
0.98224
0.87074
0.71794
0.69825
0.68317
0.81762
0.73823
0.61216
0.5335
0.57086
0.59419
0.55802
0.58565
0.61467
0.63328
0.66588
0.73968
0.74868
0.77296
0.81157
0.90954
0.84288
0.98114
0.99768
1.0004
0.86725
0.78378
0.74776
0.69108
0.66788
0.65016
0.64483
0.62807
0.5738
0.53385
0.54692
0.59036
0.58456
0.57502
0.53551
0.48062
0.47477
0.47981
0.46625
0.42612
0.40956
0.42971
0.37807
0.35797
0.34444
0.33731
0.38369
0.47195
0.53213
0.67792
0.67479
0.54847
0.4121
0.49488
0.68616
0.73952
0.81473
0.88542
0.94112
0.8467
0.94411
0.84376
0.65312
0.62706
0.57778
0.63884
0.538
0.52679
0.57427
0.63959
0.57565
0.61018
0.60962
0.5635
0.56223
0.57064
0.56039
0.57119
0.58573
0.60487
0.58021
0.55783
0.53238
0.49584
0.52045
0.5657
0.53944
0.52856
0.64959
0.99357
0.99969
0.99718
0.99841
1.0006
0.99795
0.89559
0.98879
0.99406
0.97856
0.99635
0.98935
0.95734
0.98851
0.90285
0.99894
0.99928
0.99469
0.99717
0.99731
0.99929
0.99681
0.99693
0.99576
1.0002
0.99984
1.0009
0.99964
1.0002
0.99775
0.76972
0.7037
0.6694
0.62853
0.62522
0.53962
0.51875
0.56579
0.53852
0.49623
0.5546
0.48169
0.39285
0.30192
0.43601
0.568
0.85955
0.94155
0.99083
0.99844
0.99342
0.99371
0.76498
0.72582
0.70323
0.64037
0.60087
0.59805
0.56598
0.70951
0.72934
0.80925
0.81113
0.80728
0.90578
0.99077
0.99865
0.99994
0.9958
0.99474
0.99855
0.9987
0.9991
0.94801
0.80313
0.92564
0.76162
0.81913
0.66967
0.55759
0.56595
0.64834
0.54779
0.52476
0.48547
0.54455
0.47707
0.48972
0.49127
0.36504
0.29661
0.26943
0.27288
0.31313
0.33307
0.45152
0.5633
0.54604
0.42938
0.45319
0.50478
0.64275
0.68158
0.58764
0.53682
0.5149
0.54861
0.56475
0.55306
0.56996
0.55925
0.55797
0.55073
0.56155
0.52967
0.53284
0.55068
0.5735
0.61673
0.60744
0.58442
0.56958
0.55954
0.56439
0.57744
0.583
0.66984
0.67534
0.9369
0.99739
0.69753
0.6872
0.57585
0.76018
0.87336
0.98404
0.99776
0.99717
1.0003
0.75183
0.61791
0.75959
0.93644
1.0007
0.99715
0.99916
0.99842
0.99754
0.99419
0.96355
0.9144
0.98294
0.98402
0.98132
0.97622
0.98495
0.98424
0.99295
0.99746
0.99496
0.99745
0.99929
0.99451
0.98785
0.9911
0.99434
0.99845
0.99823
0.99746
0.99897
0.99052
0.99566
0.96594
0.62977
0.55157
0.63395
0.43446
0.40802
0.41165
0.42511
0.46578
0.61028
0.60213
0.72286
0.78077
0.92785
0.99687
0.99622
0.99821
0.99929
1.0003
0.9996
0.99713
0.99914
0.99141
0.98612
0.99046
0.99884
1.0001
0.99929
0.99959
0.99957
0.99936
0.98844
0.97871
0.94408
0.93784
0.91381
0.67139
0.58139
0.49927
0.52115
0.6168
0.64684
0.65062
0.7885
0.80714
0.90054
0.96234
0.97146
0.98054
0.94915
0.97641
0.98652
0.98735
0.98935
0.9878
0.9857
0.99099
0.99877
0.99859
0.99711
0.99949
0.99798
0.99864
0.99747
0.99865
0.99944
0.99486
0.98567
0.98752
0.9384
0.87353
0.78276
0.74075
0.72202
0.69266
0.67543
0.65349
0.64161
0.63133
0.61387
0.63144
0.66237
0.66341
0.77338
0.75872
0.7645
0.7875
0.76879
0.76736
0.89086
0.93319
0.94086
0.72635
0.66893
0.64247
0.60282
0.53073
0.4529
0.71499
0.93023
0.93548
0.95349
0.96289
0.98191
0.97346
0.98103
0.8941
0.84726
0.80541
0.93236
0.90507
0.91095
0.91436
0.94182
0.91132
0.77494
0.66005
0.62926
0.6181
0.56846
0.49748
0.58233
0.74795
0.92277
0.93721
0.94651
0.9577
0.96762
0.98014
0.99381
0.99742
0.99532
0.99207
0.99087
0.96113
0.61227
0.95233
0.97095
0.89679
0.58306
0.5285
0.51414
0.49749
0.55561
0.56362
0.55093
0.52588
0.60723
0.47312
0.4979
0.43682
0.47998
0.44379
0.44336
0.45922
0.47357
0.42996
0.38907
0.45104
0.41871
0.44455
0.53045
0.48838
0.66117
0.90641
0.78622
0.90481
0.69951
0.44747
0.40352
0.4505
0.40418
0.46221
0.31896
0.35773
0.49155
0.38447
0.33345
0.38628
0.41358
0.41868
0.36986
0.34178
0.33039
0.32674
0.34666
0.36438
0.37851
0.35709
0.26447
0.24575
0.28566
0.28123
0.26244
0.29497
0.37548
0.30802
0.29722
0.30365
0.33689
0.29887
0.2519
0.22492
0.26565
0.28329
0.36009
0.37794
0.39331
0.48347
0.5325
0.63866
0.77012
0.89477
0.72319
0.71748
0.83395
0.81217
0.64671
0.58255
0.47857
0.37523
0.31481
0.28535
0.28785
0.29405
0.31424
0.43678
0.31767
0.28148
0.28227
0.35735
0.39858
0.45843
0.50001
0.48975
0.36727
0.3551
0.4581
0.51741
0.55126
0.55631
0.5064
0.5667
0.54345
0.64852
0.70289
0.54436
0.46935
0.43092
0.41613
0.45678
0.39144
0.37009
0.33852
0.32489
0.27945
0.2311
0.22885
0.19623
0.20553
0.22603
0.23836
0.24599
0.21438
0.21166
0.23386
0.27674
0.28198
0.26599
0.23897
0.19484
0.19019
0.18746
0.19896
0.20021
0.20214
0.20604
0.27148
0.30767
0.37239
0.48958
0.59966
0.94525
0.94306
0.93479
0.93718
0.94412
0.94374
0.51009
0.42879
0.43279
0.45874
0.46654
0.46031
0.8147
0.86705
0.71375
0.63562
0.50806
0.37245
0.36428
0.29925
0.35112
0.5367
0.91972
0.94804
0.95298
0.95139
0.9436
0.9496
0.95155
0.94975
0.95057
0.95171
0.94657
0.94052
0.90675
0.71837
0.6445
0.64043
0.6214
0.6033
0.55486
0.4742
0.39483
0.41544
0.40059
0.38157
0.38252
0.38527
0.36179
0.3131
0.2768
0.24353
0.26381
0.28088
0.24734
0.24502
0.27466
0.29511
0.31492
0.32087
0.36582
0.3522
0.3502
0.39737
0.38331
0.28565
0.25984
0.22185
0.19158
0.52364
0.478
0.44239
0.30996
0.23659
0.34562
0.79555
0.87698
0.64983
0.57062
0.64607
0.66859
0.63215
0.60912
0.47263
0.45315
0.45013
0.44096
0.45698
0.47215
0.47154
0.48124
0.51228
0.40771
0.49302
0.51589
0.51543
0.50272
0.45316
0.39112
0.36947
0.35187
0.39225
0.69685
0.94658
0.95162
0.95345
0.95473
0.96094
0.9695
0.9748
0.98509
0.99783
0.99917
1
0.99723
0.99986
0.99815
0.99235
1.0007
0.99875
0.99945
0.99572
0.98107
0.9776
0.96748
0.97369
0.94681
0.97523
0.97856
0.9789
0.98401
0.99566
0.99523
0.99103
0.98325
0.98903
0.99358
0.99261
0.98803
0.98555
0.98336
0.98756
0.99349
0.99083
0.87331
0.6846
0.50158
0.40101
0.35015
0.34855
0.27198
0.23267
0.20155
0.27265
0.35111
0.24683
0.26298
0.48658
0.55278
0.57498
0.5601
0.54875
0.54601
0.51694
0.52878
0.52857
0.76353
0.96631
0.9628
0.94708
0.92842
0.92793
0.91974
0.91985
0.92385
0.93589
0.93304
0.9391
0.92836
0.93954
0.9446
0.93847
0.92862
0.90309
0.88831
0.68623
0.56644
0.46477
0.3531
0.45305
0.96168
0.99974
0.99941
0.99976
0.99789
0.99924
0.99643
0.99708
0.99853
0.99178
0.98952
0.98664
0.98724
0.98845
0.99252
0.99418
0.99954
1.0005
0.99794
0.99979
1.0008
0.96842
0.89739
0.9004
0.768
0.75914
0.72723
0.65272
0.6179
0.6095
0.53514
0.50045
0.5145
0.50242
0.4513
0.43473
0.51433
0.48797
0.48988
0.46514
0.43287
0.35644
0.33644
0.40639
0.37033
0.40393
0.52122
0.48305
0.46281
0.80197
0.68924
0.6556
0.58766
0.43773
0.36111
0.27272
0.2565
0.28381
0.29597
0.33104
0.17418
0.18336
0.29664
0.43826
0.93763
0.96685
0.88174
0.84624
0.80048
0.80008
0.94331
0.81652
0.96845
0.97118
0.96913
0.96619
0.97315
0.95801
0.96263
0.95976
0.91845
0.84652
0.73353
0.66576
0.63873
0.60255
0.58785
0.53877
0.45401
0.47114
0.52438
0.39918
0.37476
0.33501
0.34653
0.31508
0.37487
0.35187
0.28624
0.2265
0.25532
0.24607
0.22585
0.24724
0.22
0.19276
0.14616
0.15247
0.17556
0.18128
0.29712
0.30501
0.26572
0.4038
0.50479
0.73334
0.59745
0.40318
0.43753
0.49926
0.52747
0.94222
0.94272
0.94537
0.95314
0.95064
0.9319
0.92971
0.92525
0.91631
0.90683
0.89585
0.87816
0.89001
0.76483
0.62873
0.71292
0.73452
0.55851
0.4535
0.77039
0.76406
0.73523
0.67932
0.69112
0.93843
0.95642
0.96279
0.96791
0.97048
0.97925
0.98031
0.9743
0.95348
0.93669
0.90156
0.86731
0.79339
0.61679
0.49531
0.37584
0.89289
0.91353
0.80243
0.67873
0.72899
0.84506
0.44535
0.45183
0.47753
0.51145
0.53915
0.52145
0.46779
0.46874
0.46082
0.41088
0.41244
0.38917
0.46814
0.41679
0.42691
0.47333
0.39911
0.44051
0.43398
0.34654
0.35569
0.75623
0.89287
0.88565
0.84414
0.85883
0.73782
0.66949
0.61592
0.59291
0.5763
0.49151
0.52419
0.5648
0.58344
0.5767
0.59178
0.56194
0.51832
0.5114
0.46685
0.42576
0.38763
0.43379
0.33439
0.28612
0.27669
0.24358
0.27882
0.31535
0.30515
0.31547
0.35328
0.34761
0.36927
0.38338
0.43179
0.39697
0.50907
0.48072
0.49988
0.49812
0.44983
0.60277
0.90552
0.9063
0.82146
0.74869
0.609
0.5058
0.54916
0.54122
0.54471
0.50267
0.53065
0.46209
0.41242
0.38991
0.39638
0.41975
0.42002
0.39915
0.40233
0.39152
0.33812
0.2804
0.27185
0.26713
0.26592
0.2455
0.13458
0.17072
0.37409
0.90213
0.93973
0.94647
0.94741
0.9588
0.97769
0.97881
0.94526
0.93534
0.92057
0.89146
0.85941
0.72766
0.5026
0.35632
0.26537
0.31273
0.44917
0.71427
0.87299
0.88433
0.88646
0.89233
0.88992
0.89217
0.89244
0.89353
0.89231
0.88849
0.82569
0.45715
0.47915
0.43388
0.54979
0.52775
0.55142
0.57852
0.83417
0.92724
0.87247
0.51704
0.4975
0.48688
0.46115
0.46337
0.45891
0.44147
0.43736
0.44321
0.43597
0.44688
0.45477
0.4376
0.45304
0.46871
0.45345
0.43873
0.4436
0.41612
0.38924
0.40948
0.41299
0.39991
0.37329
0.36561
0.34102
0.31199
0.2798
0.26021
0.27526
0.28146
0.28204
0.27927
0.26411
0.25956
0.29738
0.30788
0.2892
0.30859
0.32066
0.33448
0.36353
0.43247
0.43855
0.37364
0.34399
0.23951
0.24561
0.18742
0.21606
0.19615
0.19639
0.19752
0.22406
0.30629
0.29077
0.36381
0.42961
0.44133
0.45406
0.48478
0.43381
0.39042
0.35978
0.3411
0.30158
0.29951
0.28053
0.28365
0.25877
0.23921
0.23184
0.2305
0.22549
0.21487
0.22021
0.22445
0.22697
0.22422
0.21026
0.19739
0.18624
0.17879
0.17092
0.16508
0.16685
0.16401
0.16854
0.19034
0.21725
0.29709
0.38495
0.41048
0.44163
0.45084
0.46549
0.46274
0.45635
0.45095
0.47127
0.47679
0.49447
0.48332
0.43466
0.43463
0.42534
0.44337
0.47022
0.48579
0.49312
0.50229
0.50978
0.48076
0.45841
0.46074
0.4636
0.46954
0.47234
0.50249
0.49327
0.45393
