0.32666
0.28638
0.28272
0.29674
0.4562
0.44733
0.41126
0.35258
0.33278
0.29816
0.25065
0.1729
0.14095
0.15267
0.258
0.30598
0.26967
0.29866
0.35174
0.4063
0.40781
0.40028
0.38329
0.33956
0.3344
0.33713
0.32798
0.34893
0.40564
0.44424
0.36212
0.30827
0.30599
0.31259
0.31445
0.31244
0.34125
0.32529
0.37243
0.38529
0.3768
0.38731
0.3939
0.37264
0.38265
0.49649
0.58567
0.54721
0.5202
0.51997
0.53274
0.4712
0.43922
0.38674
0.30989
0.22549
0.18198
0.36349
0.34165
0.42613
0.43403
0.39541
0.39397
0.34807
0.32491
0.32858
0.38061
0.44794
0.37272
0.29001
0.51991
0.57713
0.42161
0.35795
0.33942
0.30476
0.34133
0.33895
0.36959
0.47168
0.55536
0.56817
0.64997
0.7584
0.84076
0.84719
0.76121
0.7014
0.66347
0.61213
0.85626
0.88714
0.91728
0.93128
0.94415
0.94944
0.95853
0.94832
0.88954
0.7384
0.60622
0.43979
0.52965
0.54894
0.4864
0.38714
0.33821
0.35696
0.35053
0.33714
0.3525
0.27073
0.3135
0.30693
0.3214
0.28142
0.26941
0.27798
0.31401
0.3267
0.34055
0.32762
0.34405
0.36086
0.34217
0.3518
0.35356
0.3692
0.40895
0.42611
0.37907
0.33298
0.34575
0.26069
0.15291
0.16691
0.30603
0.31747
0.38765
0.87291
0.9202
0.93978
0.95203
0.95656
0.95692
0.96711
0.95778
0.95323
0.95166
0.9595
0.93269
0.95139
0.94224
0.90961
0.89038
0.77644
0.6217
0.43812
0.33284
0.39903
0.88098
0.93667
0.93972
0.94395
0.94815
0.94418
0.93771
0.92542
0.81306
0.51764
0.41775
0.53108
0.83703
0.86856
0.85806
0.75148
0.56954
0.48992
0.4795
0.46916
0.46403
0.46598
0.55489
0.48087
0.45496
0.43923
0.42177
0.40397
0.39658
0.39648
0.38456
0.35539
0.32566
0.30758
0.28294
0.27931
0.27462
0.25712
0.24893
0.25365
0.25636
0.25432
0.25571
0.2671
0.28616
0.31991
0.31969
0.31615
0.29984
0.25932
0.19218
0.16317
0.14294
0.13882
0.2499
0.25462
0.30177
0.30092
0.37165
0.42937
0.50717
0.85769
0.85251
0.64207
0.48529
0.62249
0.61422
0.41338
0.43062
0.57781
0.54486
0.37202
0.27994
0.20396
0.21078
0.14752
0.11408
0.087567
0.067874
0.065836
0.073859
0.091785
0.14096
0.51901
0.53099
0.49804
0.4798
0.51612
0.57003
0.61369
0.59307
0.51937
0.54633
0.76596
0.85677
0.88317
0.89424
0.90216
0.9138
0.91797
0.9203
0.9297
0.92812
0.92214
0.92979
0.93019
0.93017
0.92378
0.92357
0.92944
0.76913
0.78765
0.67104
0.68579
0.55813
0.43305
0.59262
0.86758
0.87741
0.9042
0.91922
0.93229
0.93622
0.94323
0.82456
0.9798
0.98616
0.9877
0.9903
0.99911
0.99987
0.99552
0.99007
0.98602
0.99517
1
0.99787
0.99811
0.99813
0.97854
0.97719
0.97556
0.96926
0.97805
0.95925
0.62687
0.53787
0.5032
0.40735
0.26746
0.23761
0.25863
0.15407
0.13029
0.14538
0.1869
0.24723
0.48723
0.93753
0.97575
0.98133
0.98071
0.98099
0.99108
0.99969
0.9974
0.99889
0.99736
0.9964
0.97634
0.97215
0.97881
0.98604
0.9733
0.96089
0.95654
0.94886
0.94023
0.93778
0.93129
0.92634
0.61797
0.5675
0.49589
0.47398
0.44341
0.43148
0.44659
0.43545
0.41876
0.40703
0.31423
0.2595
0.25338
0.24071
0.20598
0.22987
0.80085
0.73967
0.78562
0.53646
0.58277
0.85059
0.93574
0.92859
0.91798
0.91428
0.92642
0.91434
0.88851
0.85093
0.84211
0.85284
0.82605
0.74539
0.69426
0.5522
0.41795
0.36947
0.31629
0.339
0.33444
0.29457
0.29513
0.26916
0.21005
0.19367
0.14009
0.13253
0.15113
0.15082
0.25763
0.49014
0.94401
0.63306
0.51256
0.76537
0.9554
0.95548
0.95502
0.9546
0.94954
0.95032
0.95859
0.96177
0.96113
0.9605
0.9559
0.94997
0.93999
0.93237
0.91789
0.89016
0.88633
0.75
0.563
0.51759
0.38419
0.40304
0.40296
0.38888
0.41233
0.39889
0.36338
0.35552
0.3497
0.34041
0.33562
0.34248
0.33786
0.31763
0.30642
0.30315
0.29533
0.33048
0.34195
0.36542
0.35226
0.3391
0.35444
0.35898
0.36915
0.35938
0.40034
0.36058
0.31206
0.25227
0.30136
0.28777
0.233
0.21061
0.23226
0.33099
0.38066
0.39501
0.44477
0.47529
0.47748
0.39686
0.63317
0.82011
0.88053
0.88996
0.89499
0.89095
0.74217
0.61732
0.60612
0.65725
0.80273
0.86002
0.48526
0.40995
0.39369
0.3736
0.38123
0.41775
0.40019
0.34042
0.31559
0.30257
0.30014
0.30423
0.31702
0.36212
0.33068
0.3333
0.38737
0.45424
0.50908
0.48595
0.47574
0.54048
0.51812
0.45182
0.38902
0.32733
0.24344
0.17176
0.12984
0.13184
0.14857
0.22292
0.26327
0.28091
0.81021
0.84464
0.92871
0.94028
0.94461
0.95553
0.9392
0.95314
0.95453
0.94625
0.93727
0.95053
0.9482
0.91984
0.73611
0.61742
0.49539
0.47146
0.42716
0.43869
0.51973
0.56754
0.87248
0.91438
0.80968
0.77839
0.88108
0.91
0.90672
0.87822
0.8275
0.70718
0.51786
0.38554
0.2671
0.22103
0.26272
0.20547
0.2352
0.11423
0.07094
0.055294
0.060096
0.07057
0.059736
0.054306
0.061187
0.069334
0.071706
0.18598
0.3642
0.56662
0.58588
0.4684
0.27673
0.1561
0.17379
0.18421
0.19517
0.22379
0.24439
0.33685
0.48706
0.58992
0.5086
0.19664
0.14871
0.14243
0.16909
0.20278
0.21774
0.20871
0.31942
0.42705
0.88835
0.90267
0.92421
0.86748
0.75647
0.74042
0.72442
0.58825
0.56988
0.58683
0.48182
0.48304
0.42844
0.37031
0.37273
0.2886
0.29104
0.30569
0.34822
0.46655
0.5038
0.50899
0.50044
0.49971
0.49768
0.61767
0.71202
0.68755
0.85224
0.88286
0.89641
0.89139
0.7019
0.60133
0.49047
0.4409
0.40201
0.3756
0.41064
0.44386
0.44599
0.44604
0.43705
0.32751
0.26675
0.29535
0.31075
0.26741
0.23887
0.28557
0.29422
0.28021
0.30146
0.37088
0.31721
0.26546
0.27681
0.35699
0.37075
0.38908
0.86538
0.85553
0.86417
0.59604
0.8517
0.90356
0.93558
0.95324
0.94162
0.93558
0.93763
0.94359
0.93967
0.95224
0.9512
0.92456
0.93925
0.96456
0.96978
0.97242
0.97984
0.97757
0.97891
0.97861
0.98929
0.98752
0.98538
0.98313
0.98236
0.97519
0.9596
0.95761
0.951
0.94078
0.93289
0.92416
0.91921
0.88791
0.88834
0.89378
0.84306
0.77191
0.84203
0.84564
0.92124
0.92975
0.92834
0.9119
0.92365
0.93759
0.94698
0.92823
0.83251
0.70424
0.67846
0.65321
0.52458
0.49673
0.40031
0.36449
0.37934
0.40156
0.37736
0.27781
0.14963
0.12802
0.14321
0.11012
0.1329
0.24364
0.31546
0.45197
0.92589
0.90412
0.94841
0.96768
0.9692
0.9626
0.96236
0.80775
0.66429
0.55086
0.90901
0.95707
0.96699
0.94646
0.97011
0.95285
0.94906
0.94121
0.94226
0.75783
0.68093
0.76883
0.71683
0.64619
0.5801
0.54758
0.51459
0.48884
0.49834
0.44282
0.40043
0.40059
0.38921
0.40249
0.37677
0.36355
0.41409
0.4071
0.46305
0.48847
0.44591
0.44822
0.40127
0.37834
0.41318
0.41287
0.39713
0.36768
0.31394
0.25167
0.2834
0.24066
0.24742
0.26857
0.29658
0.35934
0.3656
0.29497
0.33711
0.30252
0.27255
0.31955
0.47389
0.5986
0.67641
0.80282
0.86478
0.96619
0.92624
0.9185
0.92435
0.93019
0.93688
0.93887
0.93649
0.8611
0.7857
0.898
0.94092
0.95323
0.94911
0.9585
0.95416
0.95691
0.96122
0.93691
0.94098
0.63521
0.50363
0.55912
0.74687
0.68035
0.55319
0.53328
0.5248
0.47314
0.36962
0.29975
0.30619
0.29537
0.30367
0.32054
0.34294
0.33565
0.35309
0.23702
0.14514
0.13133
0.28403
0.28172
0.34233
0.41493
0.49637
0.37842
0.34106
0.34614
0.37262
0.36141
0.39447
0.37525
0.3368
0.32585
0.32961
0.31799
0.33038
0.356
0.37538
0.40139
0.44806
0.43115
0.48333
0.41391
0.33728
0.357
0.47316
0.36444
0.31917
0.39461
0.57441
0.6146
0.57997
0.54098
0.51582
0.49487
0.40944
0.33774
0.33518
0.40118
0.49517
0.59787
0.62703
0.57428
0.57211
0.59691
0.63467
0.65634
0.68136
0.65088
0.65585
0.64551
0.62676
0.61653
0.58386
0.60396
0.66966
0.71596
0.72606
0.70323
0.7032
0.76963
0.97213
0.99502
0.93492
0.91595
0.89206
0.9709
0.97623
0.9756
0.94286
0.92433
0.92861
0.83814
0.78313
0.84516
0.99942
1.0004
0.97787
0.98227
0.8865
0.85381
0.82951
0.84531
0.7989
0.8069
0.85267
0.8986
0.97187
0.9971
1.0001
0.98917
0.99343
0.99845
0.99863
0.94348
0.78165
0.739
0.69692
0.70813
0.71886
0.6254
0.61518
0.63156
0.5987
0.63059
0.73654
0.69904
0.73704
0.80297
0.97978
0.98902
0.99213
0.99042
0.99267
0.99008
0.9548
0.92709
0.88635
0.93261
1
0.99758
0.98524
0.98274
0.99823
1.0005
0.98548
0.97529
0.97294
0.98617
0.98868
0.98956
0.99079
0.99473
0.98264
0.99762
0.98991
0.99979
0.99854
1.0004
0.99876
0.9996
0.97585
0.88297
0.99347
0.99886
0.99215
0.96489
0.98579
0.99432
0.99963
0.99891
0.99598
0.98235
0.98677
0.98889
0.96093
0.87631
0.75883
0.68662
0.87918
0.98401
1.0003
0.97541
0.97563
0.93946
0.65332
0.54182
0.49385
0.62887
0.80517
0.78798
0.89309
0.87074
0.91755
0.93641
0.90757
0.97741
0.97559
0.99212
0.98519
0.99191
0.9912
0.98728
0.99122
0.99032
0.98797
0.91178
0.88371
0.60545
0.77281
0.53052
0.42919
0.49106
0.66459
0.60639
0.80695
0.7547
0.60667
0.63723
0.61188
0.62346
0.60497
0.61463
0.58474
0.56784
0.55855
0.55598
0.60096
0.64612
0.76066
0.59274
0.72099
0.46582
0.44868
0.44703
0.43655
0.42109
0.45433
0.6171
0.55958
0.53344
0.44583
0.42355
0.44143
0.5666
0.61443
0.60739
0.61028
0.53186
0.5048
0.46951
0.48397
0.55292
0.45653
0.73196
0.97692
0.89867
0.9598
0.96707
0.95399
0.72334
0.69184
0.6167
0.59112
0.54372
0.50393
0.43829
0.41873
0.43959
0.46366
0.42293
0.37932
0.29552
0.28008
0.30334
0.25736
0.28677
0.61662
0.81065
0.88882
0.56009
0.47286
0.64425
0.69475
0.68877
0.99496
0.99147
0.99758
0.99984
0.9917
0.97959
0.98994
0.99805
0.99825
0.99931
0.99741
1
0.99587
0.994
0.99719
0.98887
0.97932
0.85269
0.78492
0.94411
0.90602
0.99871
0.96314
0.94142
0.95141
0.97851
0.99785
0.99292
0.9773
0.97086
0.97718
0.9431
0.95003
0.96801
0.97462
0.9005
0.72592
0.52444
0.5207
0.64939
0.60132
0.66058
0.78431
0.74097
0.55784
0.40751
0.35217
0.39677
0.36215
0.38506
0.56998
0.56799
0.39892
0.32812
0.38015
0.45494
0.44745
0.44351
0.42944
0.47824
0.73454
0.90324
0.91574
0.96426
0.9916
0.91995
0.77659
0.49885
0.42562
0.40923
0.42098
0.43622
0.42624
0.40727
0.52864
0.46475
0.41752
0.44393
0.44752
0.42014
0.51949
0.52376
0.50602
0.52649
0.52943
0.51792
0.4961
0.45362
0.47185
0.57341
0.74902
0.73619
0.71139
0.49326
0.53048
0.49764
0.55499
0.77108
0.78136
0.86437
0.89057
0.85525
0.86714
0.75578
0.64781
0.59489
0.56584
0.55562
0.53433
0.53233
0.56024
0.64141
0.69916
0.79554
0.8606
0.93591
0.99373
0.99718
0.99879
0.99812
0.95945
0.83527
0.8498
0.97148
0.98164
0.99873
0.98422
0.98085
0.90421
0.87234
0.92848
0.89127
0.78698
0.81079
0.89625
0.991
0.99308
0.92129
0.98578
0.99598
0.99387
0.99885
0.6799
0.67074
0.70925
0.64625
0.7876
0.6033
0.83475
0.62147
0.70753
0.99653
0.99296
0.98477
0.96789
0.9676
0.97058
0.96971
0.97768
0.96484
0.96826
0.96793
0.97425
0.96873
0.83271
0.71738
0.66315
0.85695
0.73549
0.67295
0.6688
0.75108
0.64864
0.605
0.62542
0.80338
0.82124
0.84034
0.99992
0.99288
0.88593
0.79988
0.89712
0.76651
1
0.99927
0.99927
0.99004
0.98156
0.98811
0.99714
0.99512
0.96862
0.97605
0.97086
0.73058
0.63068
0.75221
0.6333
0.64913
0.64094
0.64611
0.62122
0.61288
0.62485
0.75341
0.99304
0.97107
0.84217
0.93225
0.98572
0.79403
0.66929
0.61605
0.64197
0.62216
0.62509
0.63242
0.66027
0.75401
0.71507
0.66266
0.55007
0.49363
0.69795
0.82653
0.76286
0.67046
0.40431
0.3342
0.29085
0.27001
0.38092
0.45077
0.36432
0.50399
0.5719
0.50929
0.65685
0.79049
0.80607
0.76918
0.66165
0.92905
0.95318
0.92777
0.81791
0.43297
0.3972
0.39609
0.43521
0.39442
0.4094
0.42814
0.46737
0.45447
0.40329
0.4744
0.43197
0.44825
0.40341
0.38807
0.43364
0.41857
0.50599
0.53336
0.54875
0.46743
0.48438
0.49579
0.52654
0.49174
0.54476
0.64532
0.75001
0.64212
0.54213
0.55389
0.619
0.57806
0.76074
0.71349
0.85282
0.96114
0.96386
0.92502
0.96809
0.90305
0.82849
0.97384
0.9997
0.99706
0.99908
0.99709
0.99803
1.0003
0.9978
0.98351
0.99779
0.99837
1.0003
0.99739
1.0005
0.99436
0.97433
0.86498
0.67733
0.63176
0.63017
0.53495
0.53648
0.59329
0.75518
0.76784
0.77592
0.6375
0.75908
0.68862
0.62736
0.94631
0.963
0.96066
0.98187
0.98039
0.99249
0.99725
1.0007
0.99783
0.99927
1.0008
0.9987
0.99873
0.95122
0.7371
0.63313
0.59085
0.66903
0.68247
0.5655
0.58278
0.6744
0.58518
0.60545
0.58036
0.56038
0.66933
0.65077
0.8787
0.91518
0.83993
0.95784
0.96815
1.0002
0.99254
0.99049
0.99217
0.9738
0.88739
0.82769
0.71988
0.9943
0.9953
0.98965
0.98376
0.97923
0.97431
0.96462
0.94917
0.9666
0.99482
0.99552
0.99146
0.97016
0.95236
0.98186
0.93253
0.87416
0.89334
0.97564
0.96452
0.94
0.67871
0.67456
0.67679
0.67936
0.76908
0.7411
0.6528
0.80444
0.55083
0.47984
0.45865
0.52351
0.60893
0.63402
0.55268
0.52177
0.45701
0.43332
0.4319
0.44388
0.42235
0.51396
0.73404
0.76443
0.80495
0.79603
0.91488
0.94735
0.98081
0.95562
0.97443
0.9733
0.72969
0.69591
0.82823
0.90213
0.93359
0.81811
0.72008
0.67547
0.63342
0.61563
0.62093
0.58993
0.59227
0.61783
0.61525
0.57307
0.48093
0.47166
0.52576
0.55096
0.52338
0.59658
0.49184
0.31537
0.25888
0.25747
0.23451
0.33458
0.61341
0.70364
0.69287
0.70948
0.73556
0.67569
0.70758
0.848
0.74616
0.88223
0.95936
0.98209
0.99764
1.0003
1.0002
0.99764
0.97324
0.98049
0.99862
0.96212
0.89149
0.80097
0.66685
0.63288
0.66748
0.77547
0.74354
0.73941
0.74172
0.71537
0.74228
0.86761
0.9452
0.95984
0.99897
1.0005
0.98979
0.99669
0.99456
0.98554
0.98526
0.97952
0.97729
0.93448
0.88155
0.78088
0.55955
0.46799
0.47185
0.82111
0.8315
0.88014
0.94212
0.9635
0.94146
0.96098
0.96598
0.97144
0.96847
0.98805
0.98728
0.98585
0.95542
0.93998
0.946
0.97332
0.99817
0.91818
0.81109
0.86027
0.82077
0.84235
0.82979
0.82256
0.84206
0.84325
0.81142
0.82911
0.98153
0.9139
0.68643
0.61083
0.65186
0.54476
0.49844
0.55788
0.43427
0.49177
0.57268
0.52853
0.57397
0.46337
0.44067
0.79175
0.86469
0.88808
0.90398
0.96452
0.96784
0.99562
0.99813
1.0001
1.0002
1.0003
0.97018
0.97191
0.96256
0.89387
0.82984
0.8169
0.96049
0.88872
0.79848
0.6628
0.64508
0.57614
0.69698
0.81905
0.78164
0.78421
0.65245
0.93612
0.73628
0.82926
0.84178
0.79299
0.71318
0.59788
0.51277
0.54239
0.42448
0.43816
0.70043
0.65786
0.59296
0.56503
0.72872
0.66421
0.73501
0.8317
0.79685
0.88276
0.85003
0.96099
0.93235
0.85409
0.72984
0.62661
0.62741
0.55597
0.5594
0.64932
0.56388
0.49416
0.44403
0.39148
0.42681
0.51921
0.49974
0.44405
0.53842
0.72607
0.73367
0.77261
0.71469
0.57128
0.69374
0.96178
0.96514
0.96522
0.90311
1.0009
0.99756
1.0001
0.98092
0.78127
0.72351
0.75122
0.71595
0.66212
0.5695
0.54255
0.88078
0.90555
0.99835
0.99771
1.0002
1.0002
0.94123
0.75015
0.77745
0.81043
0.78412
0.79602
0.65108
0.62821
0.76578
0.59693
0.63372
0.58309
0.64182
0.67369
0.6601
0.72503
0.63317
0.61252
0.64558
0.68541
0.7882
0.76421
0.61143
0.57743
0.61768
0.67991
0.83309
0.75028
0.49604
0.39111
0.49329
0.58249
0.74757
0.99076
0.99752
0.9671
0.94677
1.0009
0.99739
0.99709
1.0006
0.99558
1.0009
0.92825
0.76602
0.66674
0.51548
0.4849
0.53547
0.55597
0.79888
0.96821
0.9989
1.0004
0.99924
0.99706
0.99863
0.99961
0.71309
0.63745
0.60538
0.63563
0.57426
0.74966
0.52718
0.49144
0.56501
0.64736
0.50575
0.75436
0.77187
0.87512
0.90593
0.8666
0.78755
0.60638
0.62867
0.69946
0.77904
0.85768
0.8974
0.84044
0.8628
0.69907
0.59259
0.61541
0.5866
0.58713
0.56606
0.61734
0.71611
0.72614
0.847
0.96326
0.97801
0.99074
0.99347
0.98585
0.97019
0.88393
0.78333
0.75824
0.80194
0.93177
0.99779
0.99967
0.91476
0.857
0.78367
0.7829
0.69043
0.56091
0.49604
0.55678
0.84633
0.99219
0.88867
0.92266
0.97312
0.99911
0.99838
0.99877
0.81993
0.65678
0.6329
0.60187
0.60228
0.59684
0.54134
0.47997
0.50143
0.57217
0.57889
0.50606
0.46436
0.45472
0.44405
0.40511
0.44263
0.47845
0.49347
0.43691
0.32906
0.40805
0.3827
0.36119
0.33104
0.43081
0.58802
0.55407
0.4568
0.36688
0.36468
0.35883
0.36966
0.48488
0.46635
0.59902
0.69349
0.78233
0.69849
0.63295
0.69363
0.59159
0.95297
0.90088
0.8699
0.95057
0.82166
0.96091
0.97637
0.93744
0.66465
0.62902
0.61195
0.59921
0.55097
0.51178
0.48807
0.7209
0.79633
0.98041
0.97224
0.97916
0.99136
0.93516
0.95315
0.97859
0.97505
0.97381
0.95339
0.93941
0.97786
0.98123
0.96148
0.88908
0.71499
0.64436
0.61024
0.4843
0.49601
0.47636
0.47471
0.58079
0.62402
0.6679
0.42434
0.31066
0.31999
0.34368
0.31898
0.47018
0.54582
0.49412
0.40969
0.36005
0.24927
0.24206
0.34159
0.47315
0.46131
0.59338
0.58335
0.48809
0.41552
0.4852
0.5161
0.58338
0.58216
0.54035
0.6066
0.76959
0.90545
0.95303
0.9756
0.96384
0.96528
0.96118
0.96238
0.95231
0.95611
0.87979
0.83586
0.85863
0.88544
0.83409
0.91892
0.90336
0.87957
0.76245
0.83754
0.82615
0.92964
0.9507
0.68435
0.67687
0.52426
0.44729
0.45819
0.49148
0.54841
0.73057
0.61115
0.58824
0.49814
0.66824
0.68997
0.89029
0.67096
0.57736
0.50614
0.50215
0.4658
0.47532
0.53472
0.66942
0.85852
0.94907
0.92268
0.6608
0.82393
0.54601
0.48382
0.44974
0.39903
0.41163
0.46541
0.60425
0.59047
0.65381
0.5903
0.57304
0.61315
0.80293
0.90414
0.9115
0.8775
0.79177
0.69436
0.66447
0.72742
0.78465
0.6855
0.62371
0.56383
0.56489
0.63915
0.61226
0.62436
0.61708
0.66938
0.75039
0.77984
0.72679
0.72804
0.80771
0.90064
0.99418
0.99868
0.99995
0.99934
0.99886
1.0007
0.99716
0.91557
0.85299
0.91714
1.0002
0.99729
1.0005
0.99843
0.93165
0.73873
0.86914
0.82098
0.9101
0.90866
0.83356
0.96082
0.96565
0.98408
0.96579
0.89313
0.86119
0.84236
0.82595
0.84128
0.90301
0.91322
0.90192
0.92496
0.94637
0.86064
0.88002
0.81132
0.74865
0.67323
0.47562
0.38171
0.37014
0.37391
0.40548
0.50997
0.49071
0.50427
0.5587
0.75065
0.57199
0.62168
0.5299
0.42221
0.44679
0.50703
0.59966
0.53145
0.4211
0.39402
0.6523
0.74509
0.70586
0.80563
0.8172
0.84575
0.89124
0.9084
0.93834
0.95011
0.95743
0.91189
0.739
0.43687
0.41609
0.34664
0.33604
0.31026
0.2922
0.28505
0.28999
0.24178
0.21666
0.18754
0.28428
0.48043
0.63926
0.68024
0.94677
0.97167
0.97753
0.97959
0.99918
0.98076
0.99599
0.9971
0.99916
0.9972
1.0005
0.97535
0.72792
0.72672
0.78089
0.80219
0.88728
0.87769
0.86477
0.75748
0.63914
0.60848
0.65055
0.59215
0.50721
0.47503
0.40997
0.32191
0.26286
0.24303
0.26878
0.50247
0.69073
0.91338
0.71564
0.63994
0.5934
0.45571
0.63408
0.80081
0.60592
0.66454
0.77077
0.5834
0.5661
0.5774
0.63135
0.57288
0.50632
0.4846
0.45875
0.48986
0.44952
0.47
0.51371
0.42986
0.41601
0.42174
0.42424
0.43511
0.46819
0.46529
0.50521
0.5548
0.56382
0.60091
0.56102
0.96601
0.81925
0.8401
0.95223
0.90711
0.97008
0.96912
0.95637
0.96715
0.96815
0.89555
0.86529
0.95265
0.9681
0.95216
0.90626
0.82936
0.84856
0.94217
0.79742
0.73638
0.94346
0.91937
0.88407
0.88889
0.96601
0.96145
0.96854
0.96199
0.9565
0.95123
0.94749
0.8872
0.82307
0.66675
0.63705
0.68305
0.65011
0.75993
0.71055
0.73564
0.70093
0.66663
0.63715
0.58144
0.5126
0.43583
0.42698
0.31637
0.37297
0.38603
0.62111
0.9603
0.9562
0.95394
0.59762
0.50702
0.4629
0.44059
0.44551
0.41656
0.44464
0.41206
0.37475
0.34115
0.39059
0.59193
0.56949
0.54913
0.56686
0.5196
0.49609
0.44594
0.46455
0.48007
0.4336
0.38469
0.38553
0.39523
0.4461
0.42214
0.38505
0.37994
0.45487
0.37754
0.36853
0.30847
0.33205
0.30051
0.24115
0.21265
0.1944
0.2107
0.22681
0.46078
0.58092
0.75417
0.85143
0.91701
0.93845
0.94305
0.65968
0.57799
0.55135
0.8202
0.82723
0.73604
0.63565
0.55441
0.56622
0.51286
0.53936
0.36298
0.27925
0.23855
0.24121
0.28869
0.33186
0.50031
0.37422
0.26959
0.33116
0.42209
0.51473
0.47421
0.48385
0.52567
0.91682
0.9189
0.91595
0.91639
0.70035
0.5619
0.53287
0.47032
0.3866
0.30909
0.21391
0.167
0.15336
0.3229
0.53253
0.82092
0.9106
0.93972
0.95659
0.96729
0.97504
0.96948
0.96482
0.96175
0.95416
0.95399
0.95081
0.87597
0.71119
0.52448
0.48238
0.46677
0.52362
0.40938
0.38746
0.36641
0.3376
0.27704
0.25198
0.21257
0.18046
0.1254
0.11045
0.14571
0.32121
0.3433
0.88504
0.92613
0.93483
0.94391
0.96286
0.9674
0.92276
0.81828
0.6732
0.63274
0.56572
0.48866
0.47113
0.51379
0.61937
0.706
0.63563
0.51052
0.25186
0.21866
0.21911
0.23105
0.24577
0.23984
0.26641
0.38012
0.53535
0.5595
0.48206
0.4873
0.49385
0.46738
0.41127
0.3961
0.39931
0.41343
0.37895
0.30059
0.39937
0.36148
0.96617
0.96258
0.97185
0.97872
0.96673
0.96249
0.96559
0.96368
0.96277
0.95888
0.96081
0.96256
0.79001
0.67242
0.72461
0.6855
0.60235
0.51826
0.68124
0.56828
0.8619
0.90537
0.91939
0.91583
0.93539
0.69814
0.69022
0.78924
0.7456
0.71269
0.84389
0.72866
0.66073
0.47527
0.38789
0.43829
0.45861
0.41592
0.40194
0.41078
0.40037
0.36416
0.27457
0.19329
0.21979
0.29851
0.27527
0.3388
0.49132
0.7851
0.69631
0.64501
0.78268
0.61883
0.41437
0.42358
0.36896
0.32823
0.40009
0.42806
0.49161
0.52829
0.49845
0.34743
0.32771
0.30761
0.68353
0.56352
0.73014
0.84776
0.82715
0.60787
0.41447
0.21055
0.16233
0.18669
0.19155
0.28324
0.38896
0.24489
0.24483
0.23701
0.30032
0.3529
0.39768
0.46941
0.92059
0.94251
0.95773
0.95591
0.96574
0.99247
0.97616
0.99831
1
0.99705
0.99535
0.99561
0.99678
0.99442
0.99845
0.98368
0.97845
0.9441
0.97074
0.96545
0.51268
0.48367
0.49107
0.4957
0.48707
0.47274
0.50359
0.48708
0.519
0.46059
0.5206
0.45906
0.59978
0.93183
0.84423
0.83486
0.58192
0.56179
0.53546
0.45084
0.34104
0.16987
0.17228
0.32706
0.61906
0.91333
0.91806
0.81666
0.50392
0.43931
0.40893
0.65787
0.8387
0.88426
0.8907
0.84687
0.87057
0.89944
0.96056
0.98608
0.98846
0.99184
0.9578
0.914
0.94785
0.97024
0.93233
0.97353
0.99954
0.999
0.63112
0.54484
0.49371
0.44952
0.43786
0.41549
0.4376
0.78315
0.96958
0.91557
0.74026
0.65841
0.54485
0.50105
0.50005
0.46744
0.44158
0.37693
0.32635
0.29205
0.19569
0.16314
0.15545
0.18833
0.18947
0.79686
0.85385
0.73974
0.87868
0.9658
0.98594
0.98211
0.98706
0.98779
0.98449
0.98653
0.99553
1.0008
0.99892
0.99241
0.9943
0.99713
0.99992
0.9944
0.99401
0.98876
0.98641
0.96273
0.92231
0.83439
0.75316
0.58306
0.64944
0.57821
0.44567
0.43131
0.50604
0.62354
0.66832
0.6413
0.55555
0.56286
0.51122
0.64669
0.59878
0.49133
0.42171
0.37727
0.36569
0.35734
0.35373
0.35152
0.36505
0.51996
0.64988
0.91704
0.91788
0.91485
0.91264
0.85371
0.72821
0.49936
0.41095
0.33464
0.27864
0.2836
0.24154
0.29622
0.26972
0.32204
0.43915
0.51129
0.54906
0.56282
0.40536
0.44744
0.43952
0.4931
0.4602
0.41936
0.41208
0.40163
0.38581
0.3825
0.37979
0.39665
0.43309
0.42571
0.39919
0.45088
0.60279
0.54874
0.53173
0.5543
0.58807
0.60286
0.58768
0.5869
0.56937
0.58353
0.53849
0.49194
0.48978
0.48832
0.41249
0.3526
0.34351
0.34638
0.32984
0.3292
0.32627
0.30766
0.29421
0.32454
0.36193
0.34884
0.30758
0.1943
0.14973
0.17563
0.19114
0.21889
0.2398
0.30225
0.32561
0.40799
0.38697
0.40333
0.4097
0.40549
0.403
0.6755
0.9097
0.56058
0.49615
0.42945
0.38281
0.37168
0.38432
0.34586
0.33172
0.33089
0.31804
0.32097
0.32138
0.33228
0.34235
0.35767
0.39477
0.48614
0.58644
0.57302
0.61322
0.58319
0.85757
0.9078
0.9358
0.63741
0.942
0.93708
0.94452
0.94112
0.94154
0.94142
0.9467
0.95233
0.94007
0.93526
0.9321
0.93153
0.92855
0.9291
0.92698
0.91441
0.91227
0.90543
0.89754
0.89479
0.86754
0.63055
0.71161
0.38432
0.86105
0.42742
0.37155
0.32478
0.31262
0.31692
0.24343
0.30403
0.32366
0.35481
0.31645
0.36456
0.36058
0.36998
0.39242
0.39702
0.39784
0.35773
0.32768
0.34076
0.30917
0.30953
0.37037
0.29879
0.31761
0.3002
0.31076
0.27975
0.25967
0.29475
0.28779
0.24461
0.17095
0.1636
0.17812
0.25484
0.38807
0.63265
0.42679
0.47318
0.56553
0.56859
0.50873
0.4852
0.41862
0.39035
0.37859
0.37072
0.36333
0.36025
0.38079
0.37148
0.37638
0.36613
0.40467
0.41372
0.4218
0.397
0.41625
0.40613
0.38105
0.37348
0.32457
0.25058
0.25746
0.25035
0.28193
0.28321
0.33854
0.34994
0.35333
0.35871
0.34304
0.3338
0.34373
0.32997
0.34087
0.33424
0.33123
0.32293
0.33614
0.32742
0.33563
0.33141
0.33809
0.32899
0.33537
0.32309
0.40497
0.55029
0.62189
0.55519
0.65544
0.84302
0.69039
0.79485
0.89726
0.84852
0.89475
0.70693
0.57389
0.4429
0.32078
0.32759
0.38468
0.4164
0.39639
0.3862
0.38571
0.84908
0.92423
0.92242
0.91783
0.91799
0.67762
0.52548
0.46505
0.93723
0.92213
0.93647
0.93509
0.92014
0.84221
0.71451
0.60051
0.53408
0.42839
0.83893
0.88072
0.8882
0.88754
0.88489
0.86597
0.85434
0.80651
0.67218
0.6316
0.58571
0.64617
0.73474
0.74185
0.73335
0.68936
0.67843
0.56112
0.56632
0.82334
0.8678
0.90789
0.92338
0.90437
0.89267
0.87744
0.84326
0.75817
0.72594
0.67083
0.60689
0.60619
0.57231
0.5313
0.4864
0.47598
