0.66835
0.6208
0.73191
0.66904
0.58443
0.56311
0.49692
0.5037
0.49984
0.46384
0.32468
0.19252
0.6404
0.71937
0.74296
0.53225
0.41009
0.32925
0.25013
0.57151
0.88883
0.9016
0.65035
0.38621
0.31635
0.302
0.30252
0.27341
0.28483
0.29329
0.30121
0.26793
0.24109
0.26385
0.33297
0.37771
0.41252
0.41347
0.3849
0.36595
0.25916
0.22269
0.17189
0.17868
0.19273
0.18515
0.18415
0.26727
0.37277
0.34152
0.33829
0.33429
0.33839
0.33819
0.32331
0.3131
0.31288
0.30709
0.30197
0.31938
0.32652
0.33103
0.36193
0.33447
0.34798
0.36222
0.38818
0.48518
0.51458
0.4468
0.40444
0.38272
0.35218
0.33937
0.35724
0.31563
0.32737
0.28998
0.21068
0.24472
0.18433
0.21558
0.32652
0.36888
0.3925
0.41043
0.35888
0.37073
0.32838
0.34387
0.35252
0.35121
0.2871
0.28075
0.44985
0.3848
0.36866
0.39448
0.37163
0.64453
0.46375
0.3472
0.75486
0.73114
0.81544
0.45243
0.37872
0.39476
0.4373
0.52237
0.85511
0.88898
0.8304
0.81945
0.84047
0.86257
0.86985
0.87853
0.87867
0.76491
0.70784
0.53373
0.4058
0.31617
0.2475
0.21336
0.16952
0.20939
0.28416
0.37442
0.89331
0.63531
0.88664
0.91083
0.92022
0.9209
0.91424
0.91659
0.73664
0.80281
0.44589
0.43372
0.56921
0.53615
0.50479
0.44486
0.4642
0.50674
0.54154
0.52139
0.43514
0.35506
0.32451
0.28902
0.27904
0.30123
0.21903
0.15424
0.15803
0.8285
0.93993
0.95932
0.94994
0.95074
0.94278
0.94768
0.9391
0.93432
0.93298
0.80398
0.50521
0.46275
0.40935
0.39124
0.38116
0.38147
0.43561
0.4798
0.45941
0.42866
0.43267
0.41577
0.34162
0.3539
0.38906
0.32705
0.3733
0.41406
0.53778
0.61402
0.33184
0.23352
0.24401
0.29645
0.37087
0.37516
0.37874
0.30482
0.22948
0.31089
0.87231
0.93392
0.94336
0.93816
0.92907
0.9207
0.91255
0.92262
0.82874
0.54793
0.31537
0.40564
0.46998
0.46317
0.39984
0.44855
0.45732
0.36009
0.33409
0.31866
0.28622
0.26242
0.28024
0.32478
0.2469
0.17373
0.2127
0.5225
0.79121
0.42448
0.89482
0.89939
0.91952
0.91643
0.9145
0.83951
0.84602
0.83139
0.81945
0.76582
0.7015
0.56209
0.50458
0.51186
0.90857
0.9025
0.8332
0.85607
0.79583
0.70372
0.76286
0.62902
0.52238
0.46712
0.42741
0.49707
0.94137
0.97348
0.97391
0.97757
0.97418
0.97322
0.977
0.9719
0.96136
0.95164
0.94363
0.91473
0.87815
0.7317
0.46907
0.65683
0.86156
0.91897
0.94662
0.92765
0.93086
0.94032
0.93967
0.91329
0.88521
0.88654
0.9101
0.90554
0.91718
0.71313
0.5933
0.55414
0.54572
0.83551
0.7089
0.84144
0.8753
0.94433
0.95644
0.95902
0.95921
0.96294
0.96406
0.97835
0.96012
0.95535
0.94393
0.93597
0.89127
0.85276
0.78912
0.56354
0.49241
0.49364
0.5388
0.63552
0.65252
0.60929
0.57225
0.57861
0.60976
0.58907
0.44104
0.42055
0.40263
0.4679
0.48038
0.50568
0.79909
0.82209
0.81905
0.83831
0.84839
0.85668
0.86185
0.8675
0.88214
0.87757
0.87653
0.87013
0.86689
0.84082
0.84609
0.56758
0.72106
0.60875
0.5636
0.60749
0.67688
0.46811
0.37945
0.31202
0.26923
0.18581
0.1631
0.20621
0.19833
0.28384
0.37631
0.46538
0.57763
0.57437
0.40444
0.39158
0.20482
0.19847
0.23523
0.27773
0.30011
0.33465
0.3442
0.33201
0.3189
0.32948
0.35011
0.30844
0.28127
0.24503
0.27279
0.15977
0.18916
0.69689
0.88806
0.86483
0.64051
0.46824
0.60794
0.63389
0.56429
0.58553
0.57034
0.519
0.44603
0.48127
0.50941
0.50314
0.56288
0.53499
0.52804
0.43883
0.37194
0.36045
0.33888
0.36556
0.42102
0.44947
0.44977
0.43519
0.39457
0.34411
0.23974
0.1571
0.15756
0.78369
0.88323
0.87955
0.88037
0.85909
0.87087
0.70768
0.48655
0.51994
0.42792
0.32727
0.33457
0.42054
0.52346
0.51071
0.40052
0.40287
0.4114
0.41136
0.398
0.37585
0.55493
0.4871
0.4115
0.38639
0.45365
0.51605
0.52777
0.53149
0.49473
0.45314
0.36065
0.48697
0.32982
0.24216
0.3435
0.27008
0.46144
0.57409
0.55715
0.46743
0.4255
0.39102
0.38439
0.3559
0.36805
0.84703
0.51987
0.44084
0.40102
0.34597
0.36512
0.4059
0.59416
0.68971
0.87988
0.89005
0.89239
0.89583
0.88057
0.82894
0.72219
0.68385
0.37993
0.35154
0.50256
0.42095
0.54494
0.61753
0.66857
0.83181
0.83506
0.85801
0.85921
0.85725
0.80327
0.59476
0.49361
0.50447
0.51007
0.49871
0.45697
0.41279
0.35965
0.30156
0.2729
0.415
0.34415
0.34156
0.34579
0.36406
0.36675
0.58618
0.56052
0.50746
0.33992
0.31415
0.38246
0.399
0.46231
0.44421
0.37676
0.37806
0.34446
0.29133
0.30992
0.28329
0.37999
0.3866
0.41426
0.5106
0.50689
0.53595
0.61274
0.77847
0.84815
0.55906
0.47326
0.48825
0.54694
0.54097
0.51796
0.50621
0.45997
0.43934
0.41258
0.39884
0.37474
0.37389
0.30303
0.32351
0.31386
0.30962
0.29913
0.35725
0.40634
0.44181
0.48931
0.45845
0.47576
0.46851
0.43293
0.44102
0.42968
0.38086
0.40491
0.40496
0.36558
0.33011
0.32737
0.30422
0.33622
0.4076
0.46113
0.39031
0.36818
0.40246
0.408
0.36023
0.38028
0.33807
0.33181
0.32348
0.35059
0.43493
0.70395
0.87105
0.86134
0.86144
0.85637
0.85732
0.84218
0.73468
0.75786
0.65516
0.79134
0.57429
0.46826
0.40341
0.43133
0.37617
0.34796
0.34069
0.34112
0.28935
0.26927
0.32649
0.36886
0.4425
0.44629
0.53186
0.59405
0.44148
0.40362
0.43705
0.44568
0.48206
0.4349
0.44571
0.38023
0.37233
0.35024
0.35262
0.36045
0.37952
0.46699
0.43599
0.42602
0.39883
0.36979
0.41255
0.39156
0.40211
0.49406
0.39028
0.49793
0.57004
0.66418
0.80247
0.86788
0.9563
0.95133
0.94914
0.95583
0.95325
0.92094
0.84904
0.69566
0.63076
0.58955
0.551
0.55437
0.53939
0.55412
0.60253
0.58223
0.55881
0.53272
0.42071
0.33598
0.3386
0.27438
0.69308
0.94649
0.94158
0.92872
0.93187
0.93392
0.91928
0.91163
0.9106
0.91475
0.9234
0.92145
0.79458
0.7165
0.74299
0.75524
0.83732
0.85275
0.84896
0.83974
0.81981
0.75774
0.65491
0.59231
0.52774
0.43047
0.43867
0.42032
0.35713
0.36856
0.35675
0.3923
0.41236
0.42828
0.40261
0.37719
0.3512
0.32905
0.39149
0.4295
0.43483
0.47018
0.50836
0.50514
0.50766
0.46108
0.40689
0.33774
0.25181
0.26393
0.37638
0.55184
0.85295
0.8464
0.57909
0.47604
0.53701
0.53467
0.5864
0.58253
0.48986
0.40967
0.23796
0.18076
0.15952
0.15434
0.14993
0.17062
0.17035
0.19487
0.26061
0.37027
0.41961
0.41373
0.45047
0.42367
0.41444
0.41877
0.39354
0.3879
0.43663
0.41487
0.41101
0.39657
0.36555
0.40263
0.40155
0.35912
0.53069
0.92707
0.93633
0.91508
0.75617
0.64207
0.53451
0.42819
0.36364
0.37174
0.37631
0.32594
0.45209
0.47122
0.39801
0.37387
0.41034
0.48659
0.86674
0.56681
0.565
0.5557
0.47021
0.46158
0.50617
0.85939
0.90861
0.93456
0.92243
0.77816
0.56454
0.56587
0.86034
0.77909
0.8207
0.66008
0.58178
0.57978
0.59624
0.48999
0.50238
0.61327
0.61469
0.51125
0.43478
0.36315
0.29161
0.32494
0.38251
0.44231
0.45109
0.45404
0.49033
0.46146
0.40149
0.3649
0.36658
0.35031
0.43314
0.38889
0.33965
0.51214
0.87605
0.89576
0.91135
0.92868
0.93348
0.92728
0.92724
0.92333
0.87727
0.55946
0.45684
0.43519
0.43414
0.41858
0.38711
0.36331
0.34719
0.34709
0.51309
0.44204
0.40372
0.41931
0.5556
0.89099
0.92161
0.93527
0.81335
0.69713
0.7439
0.96736
0.98139
0.97225
0.96992
0.9706
0.97052
0.97166
0.96763
0.93687
0.93524
0.91711
0.90959
0.89901
0.81264
0.87088
0.85727
0.87872
0.87258
0.75249
0.78166
0.60269
0.5089
0.51335
0.50524
0.44129
0.24974
0.17828
0.14521
0.11513
0.1752
0.27343
0.40544
0.33863
0.29659
0.31837
0.47149
0.58217
0.71441
0.7748
0.83205
0.85153
0.78053
0.6821
0.51648
0.50227
0.62121
0.5536
0.48092
0.45925
0.37242
0.42071
0.34586
0.34295
0.37316
0.38927
0.36202
0.34866
0.21565
0.14267
0.14912
0.14227
0.10177
0.094234
0.17782
0.15606
0.12058
0.10793
0.099904
0.097131
0.11459
0.17603
0.17435
0.38419
0.79332
0.61273
0.39688
0.37456
0.44429
0.75211
0.99081
0.99244
0.99418
0.97718
0.78823
0.73032
0.66762
0.71659
0.9805
0.95593
0.95027
0.92213
0.86645
0.85034
0.90107
0.90883
0.89514
0.87948
0.65193
0.46873
0.50911
0.49475
0.62791
0.59502
0.48281
0.31396
0.38865
0.49529
0.51222
0.47499
0.43223
0.3942
0.35316
0.37591
0.3728
0.49329
0.50284
0.46471
0.40243
0.40995
0.64739
0.69045
0.42424
0.33834
0.30042
0.31181
0.3865
0.39709
0.40612
0.4855
0.51222
0.49405
0.48768
0.4583
0.4955
0.57249
0.65349
0.61576
0.52622
0.49235
0.49636
0.45805
0.59826
0.60915
0.55071
0.39664
0.32784
0.32834
0.3097
0.2915
0.30074
0.43028
0.49172
0.52761
0.48499
0.8321
0.7562
0.69067
0.66203
0.64488
0.64879
0.71083
0.57373
0.67893
0.52363
0.58911
0.53519
0.68731
0.76279
0.77727
0.77315
0.81167
0.55725
0.51765
0.50371
0.56304
0.62681
0.62286
0.46626
0.36952
0.32822
0.28625
0.26309
0.2874
0.65954
0.5957
0.39336
0.30836
0.16272
0.17119
0.24809
0.25172
0.44902
0.59004
0.71505
0.61389
0.5744
0.52865
0.43242
0.45344
0.80923
0.80773
0.78737
0.90191
0.90675
0.94951
0.93555
0.90094
0.91035
0.92909
0.94004
0.95078
0.94883
0.95444
0.95947
0.95327
0.96324
0.96266
0.9528
0.94909
0.59958
0.56232
0.53935
0.4931
0.62936
0.57579
0.5905
0.44251
0.44157
0.43087
0.43091
0.43915
0.52333
0.48896
0.81146
0.82624
0.86479
0.93043
0.93773
0.93892
0.90102
0.86278
0.8365
0.74313
0.71871
0.73601
0.56505
0.57804
0.59171
0.53666
0.56544
0.54666
0.47628
0.50532
0.44452
0.43389
0.46399
0.41877
0.41441
0.34011
0.31559
0.52134
0.45213
0.42063
0.41828
0.38911
0.74806
0.75006
0.6064
0.61354
0.76024
0.97791
0.98793
0.86633
0.7131
0.66964
0.59996
0.54701
0.54844
0.6096
0.81852
0.75324
0.70518
0.58133
0.47738
0.40416
0.38401
0.39462
0.41647
0.40313
0.38918
0.33308
0.28514
0.18635
0.20938
0.36322
0.9338
0.95062
0.98209
0.98248
0.98742
0.9828
0.97388
0.98578
1.0007
0.97201
0.9696
0.96427
0.89185
0.76751
0.66055
0.75511
0.90634
0.86506
0.91868
0.49267
0.34533
0.37264
0.66763
0.97012
0.97174
0.96431
0.96316
0.96571
0.8127
0.92457
0.95675
0.9241
0.90352
0.85792
0.89753
0.74874
0.73557
0.56656
0.50193
0.62256
0.68273
0.6654
0.6246
0.76713
0.93556
0.93465
0.96456
0.95073
0.96031
0.96689
0.93946
0.68688
0.57536
0.7702
0.75566
0.9322
0.95617
0.97074
0.97012
0.98078
0.96604
0.97292
0.97748
0.67135
0.64913
0.64153
0.56464
0.54532
0.44798
0.42906
0.35011
0.31216
0.34962
0.38685
0.46133
0.31714
0.34999
0.31406
0.35421
0.38573
0.67614
0.79263
0.71553
0.45108
0.43416
0.3898
0.42537
0.35782
0.37983
0.42581
0.68147
0.78408
0.73265
0.65811
0.7793
0.95246
0.94288
0.95958
0.94153
0.91033
0.75963
0.59153
0.59554
0.65717
0.75323
0.71376
0.67422
0.78723
0.69291
0.62843
0.54432
0.88326
0.99514
0.94794
0.88693
0.96378
0.96678
0.96545
0.9746
0.97039
0.97687
0.97788
0.98484
0.99567
0.99583
0.99945
1.0003
0.99783
0.99682
0.9944
0.99119
0.98155
0.9714
0.98053
0.98224
0.97963
0.99365
0.97614
0.97554
0.96839
0.9311
0.83614
0.69061
0.76768
0.66445
0.6393
0.63173
0.54264
0.46126
0.44892
0.44357
0.58641
0.62471
0.63461
0.62684
0.41248
0.31447
0.26924
0.26955
0.43619
0.69468
0.91797
0.91301
0.86373
0.74986
0.6216
0.6539
0.87281
0.96343
0.99993
0.82151
0.71745
0.70083
0.72125
0.67672
0.6135
0.63728
0.77854
0.76354
0.82572
0.59015
0.51591
0.55267
0.63518
0.61769
0.66172
0.68124
0.54136
0.49079
0.53662
0.49392
0.51621
0.48948
0.57099
0.51257
0.46109
0.49864
0.49084
0.58724
0.54362
0.60564
0.80964
0.89217
0.93315
0.98739
0.98814
0.98964
0.99793
0.99642
1.0009
0.99209
0.96641
0.99892
0.84888
0.99754
0.99919
0.99795
0.99979
0.99944
0.99749
0.997
1.0007
0.99703
0.99747
1.0005
0.98834
0.9184
0.87059
0.68408
0.63864
0.72613
0.7971
0.8004
0.78049
0.9283
0.9855
0.99741
0.92508
0.96832
0.98135
0.9889
0.99151
0.9889
0.98059
0.96047
0.87187
0.84097
0.78274
0.6841
0.62358
0.58642
0.54204
0.52883
0.53712
0.51589
0.52765
0.54727
0.55596
0.55974
0.52424
0.48865
0.43533
0.45027
0.40498
0.40421
0.38486
0.39866
0.4617
0.43259
0.42818
0.41634
0.43593
0.53682
0.38833
0.39653
0.43406
0.38928
0.37604
0.39383
0.35514
0.36252
0.34532
0.36707
0.4089
0.32754
0.29783
0.30069
0.25425
0.24601
0.27581
0.37896
0.34007
0.2865
0.32798
0.36623
0.38852
0.41256
0.38238
0.34151
0.34035
0.32786
0.37319
0.41425
0.42081
0.46698
0.54403
0.58768
0.4454
0.41911
0.40874
0.39798
0.3861
0.36759
0.34319
0.4173
0.40638
0.40876
0.40411
0.38463
0.35223
0.33129
0.40874
0.3888
0.35625
0.32146
0.26735
0.39367
0.44394
0.52484
0.61029
0.58357
0.51695
0.41323
0.32335
0.3624
0.4402
0.56306
0.54978
0.61059
0.64043
0.50262
0.41364
0.3507
0.32085
0.32617
0.38108
0.33184
0.31875
0.49944
0.49331
0.45671
0.52481
0.52684
0.61298
0.54172
0.58251
0.57347
0.46704
0.44217
0.44159
0.47072
0.48937
0.41977
0.52904
0.49471
0.4724
0.45787
0.42278
0.47772
0.53481
0.56615
0.59756
0.49331
0.48306
0.52664
0.55606
0.54709
0.51808
0.54007
0.49191
0.38264
0.34471
0.35155
0.44416
0.39837
0.41828
0.48708
0.55047
0.47552
0.46856
0.46195
0.44129
0.41582
0.43553
0.5203
0.52062
0.50721
0.51192
0.56881
0.66098
0.6578
0.87104
0.98595
0.97248
0.98969
0.98302
0.95094
0.83338
0.80205
0.71208
0.73627
0.77806
0.84779
0.94722
0.97677
0.95608
0.93528
0.91853
0.90064
0.84211
0.87866
0.84549
0.83664
0.86092
0.81543
0.83333
0.89984
0.86526
0.79265
0.73804
0.75243
0.64076
0.57206
0.66103
0.72939
0.68111
0.70103
0.64179
0.62821
0.63407
0.64285
0.64397
0.63451
0.65549
0.62636
0.50127
0.4501
0.42012
0.44857
0.47641
0.5161
0.54788
0.51869
0.43913
0.46033
0.48453
0.43716
0.43644
0.44866
0.465
0.46957
0.44784
0.4015
0.38579
0.35167
0.37476
0.37873
0.43378
0.42918
0.39801
0.38123
0.3712
0.40809
0.49519
0.48175
0.51983
0.56246
0.58125
0.61522
0.64056
0.62837
0.58086
0.67729
0.66931
0.63176
0.62314
0.63403
0.67936
0.67034
0.63218
0.61565
0.65147
0.63887
0.48055
0.46721
0.62162
0.59511
0.63969
0.66375
0.75256
0.7313
0.66464
0.58477
0.59546
0.60691
0.63529
0.75866
0.67359
0.67473
0.59434
0.58368
0.70129
0.71312
0.86806
0.85469
0.84461
0.83021
0.79846
0.78384
0.83516
0.74637
0.74416
0.67998
0.69579
0.78166
0.52672
0.45463
0.55128
0.63825
0.67687
0.7115
0.85926
0.98285
0.99767
0.99895
0.99976
0.99878
0.97745
0.91015
0.93326
0.79957
0.86977
0.78255
0.6249
0.5532
0.60127
0.7871
0.69318
0.64409
0.47178
0.35646
0.38573
0.47734
0.53623
0.58129
0.56534
0.41846
0.29827
0.27799
0.43741
0.54103
0.59249
0.69225
0.66249
0.65485
0.50335
0.518
0.62231
0.6734
0.64256
0.60215
0.51555
0.47302
0.32522
0.32312
0.47387
0.52964
0.50203
0.46818
0.32502
0.29639
0.37259
0.44131
0.43004
0.4207
0.42617
0.43168
0.45388
0.48909
0.52018
0.6121
0.58118
0.52086
0.58353
0.49876
0.51191
0.524
0.45487
0.42881
0.40042
0.40037
0.40971
0.44887
0.46016
0.4765
0.43766
0.41986
0.44989
0.48886
0.53141
0.59151
0.62874
0.67456
0.70107
0.7091
0.72805
0.77154
0.78891
0.7287
0.62426
0.4823
0.33805
0.2766
0.31007
0.307
0.3335
0.4237
0.45284
0.37462
0.48545
0.46749
0.54935
0.48721
0.51632
0.63274
0.63848
0.66887
0.70766
0.6962
0.69107
0.70469
0.72788
0.72463
0.72907
0.73379
0.69116
0.69028
0.80339
0.88947
0.95821
1.0001
0.99731
0.99839
0.99768
0.97255
0.94288
0.78209
0.73942
0.77051
0.63676
0.58936
0.5571
0.47597
0.47687
0.47256
0.4547
0.44889
0.43146
0.41457
0.33409
0.33401
0.35359
0.38948
0.42445
0.3698
0.3448
0.33943
0.41505
0.31636
0.36919
0.39195
0.43085
0.50132
0.54485
0.58095
0.54872
0.48837
0.43845
0.42629
0.38316
0.32846
0.41233
0.46262
0.40564
0.39786
0.38855
0.4148
0.45657
0.55381
0.46524
0.31206
0.38604
0.54756
0.54994
0.616
0.68562
0.77221
0.87205
0.91635
0.92216
1
0.75551
0.62148
0.56612
0.51547
0.49192
0.45639
0.41258
0.52692
0.52767
0.50339
0.50272
0.55094
0.59106
0.51258
0.5304
0.54484
0.57373
0.65527
0.64601
0.60271
0.58502
0.59035
0.54754
0.46097
0.44907
0.42967
0.51492
0.46666
0.45945
0.42081
0.46318
0.49182
0.49921
0.48862
0.44285
0.42044
0.4966
0.60644
0.58022
0.68704
0.83963
0.73461
0.6797
0.60035
0.70209
0.81061
0.59667
0.5008
0.44672
0.41858
0.44321
0.46453
0.49652
0.43354
0.35427
0.26551
0.34831
0.43564
0.42706
0.38558
0.42162
0.38088
0.31585
0.25756
0.23595
0.29343
0.36128
0.38905
0.33889
0.26505
0.1746
0.14979
0.18745
0.22242
0.2568
0.32619
0.40418
0.44806
0.5542
0.65535
0.69959
0.81022
0.86936
0.89386
0.97926
0.98216
0.98243
1.0003
0.9999
0.96197
1.0004
0.99914
0.88717
0.97865
0.98553
0.99044
0.99381
0.99
0.99726
0.99896
0.99843
0.99954
1.0006
1.0004
1.0008
0.99802
0.99963
0.99954
0.99988
0.99635
0.9969
0.9979
0.99777
0.99813
0.97445
0.97342
0.99049
0.99876
0.97974
0.98852
0.99743
0.99941
0.91036
0.82225
0.9663
0.98616
1.0006
1.0005
0.94035
0.89548
0.96057
0.96802
0.98179
0.99197
1
1.0003
0.99755
1.0006
0.99748
1.0004
0.99897
1.0005
1.0006
0.98181
0.99244
0.86868
0.89064
0.88222
0.70243
0.7454
0.77313
0.76431
0.68029
0.69524
0.78343
0.72443
0.6516
0.7293
0.73321
0.83138
0.99787
0.99903
0.9191
0.99806
1.0008
0.94959
0.98783
0.84248
0.5563
0.64056
0.63981
0.59532
0.59549
0.61699
0.54252
0.4717
0.4462
0.47951
0.56232
0.42699
0.39298
0.31937
0.37991
0.51075
0.4395
0.56757
0.4414
0.44445
0.45066
0.43818
0.43304
0.4305
0.38071
0.41956
0.45766
0.44587
0.39655
0.31047
0.32358
0.31527
0.43655
0.47078
0.48973
0.44395
0.36721
0.32412
0.34353
0.52661
0.57906
0.70345
0.77319
0.89982
0.93818
0.82804
0.37623
0.36027
0.37671
0.4279
0.46492
0.49747
0.60529
0.49668
0.42956
0.39897
0.40301
0.53818
0.69409
0.57412
0.45254
0.3713
0.36157
0.42724
0.38225
0.36423
0.44368
0.5161
0.64533
0.66398
0.7649
0.84011
0.84097
0.98511
0.98901
0.92761
0.66166
0.51583
0.54166
0.65947
0.61716
0.53407
0.48166
0.44917
0.4491
0.42646
0.45518
0.45617
0.45638
0.54393
0.56873
0.48915
0.43852
0.41076
0.3939
0.38992
0.39779
0.38958
0.34825
0.38967
0.51322
0.72154
0.81322
0.98211
0.99942
0.99847
0.98923
0.98303
0.9814
0.88702
0.64116
0.58759
0.47031
0.49084
0.54136
0.46259
0.38497
0.28828
0.26706
0.21305
0.1171
0.45876
0.86977
0.9725
1.0002
0.99951
1.0004
1.0007
0.99776
1.0008
0.98301
0.98934
0.99484
0.98376
0.97652
0.9694
0.72661
0.84895
0.79172
0.78327
0.646
0.49338
0.40824
0.48014
0.53985
0.47831
0.52064
0.47461
0.4824
0.50999
0.51739
0.53299
0.48773
0.59357
0.67809
0.82126
0.89186
0.92693
0.94767
0.92044
0.86711
0.95127
0.94749
0.95154
0.9496
0.97267
0.98845
0.99443
0.98335
0.93197
0.9521
0.87093
0.70315
0.93268
0.97184
0.98184
1.0002
1.0008
0.79568
0.68236
0.64876
0.6375
0.61122
0.59811
0.57941
0.56714
0.53499
0.48028
0.45411
0.37903
0.36239
0.38749
0.38587
0.40684
0.39172
0.46328
0.52066
0.43578
0.35729
0.31255
0.34077
0.3275
0.32347
0.31672
0.31813
0.31142
0.32186
0.35334
0.38173
0.28439
0.38021
0.8659
0.66
0.46246
0.27821
0.31905
0.3265
0.37061
0.36209
0.37108
0.3947
0.36075
0.3313
0.33036
0.31638
0.4691
0.3878
0.37232
0.37809
0.41593
0.35398
0.39557
0.39249
0.40732
0.38266
0.33708
0.31545
0.29809
0.30069
0.32009
0.4228
0.53457
0.59777
0.6623
0.72031
0.79084
0.76239
0.59597
0.55851
0.57743
0.57377
0.52015
0.49542
0.48489
0.45358
0.44794
0.47809
0.61034
0.69069
0.69469
0.54267
0.55751
0.56031
0.51558
0.49847
0.56555
0.4887
0.51711
0.82862
0.9381
0.95924
0.97058
0.95802
0.97817
0.96748
0.96303
0.84307
0.76225
0.73416
0.65216
0.61136
0.52076
0.41518
0.5457
0.73764
0.92016
0.95042
0.9498
0.95153
0.95781
0.97083
0.99733
0.99976
0.99944
0.9927
0.99568
0.99995
0.99722
0.99709
1.0009
0.998
0.99943
1.0008
1.0008
0.99645
0.99122
0.96384
0.95878
0.95731
0.79496
0.80919
0.82052
0.83734
0.7659
0.70108
0.58544
0.45759
0.33143
0.29327
0.21746
0.1476
0.14442
0.14502
0.15191
0.16544
0.16025
0.19408
0.18847
0.18552
0.19834
0.21478
0.2549
0.25744
0.29751
0.31707
0.37451
0.45904
0.48421
0.541
0.55289
0.50257
0.43177
0.49098
0.47533
0.51193
0.50819
0.3579
0.32238
0.29515
0.23922
0.31474
0.41582
0.49444
0.41073
0.38106
0.39732
0.4566
0.35748
0.33883
0.33731
0.35594
0.41458
0.35925
0.36293
0.32632
0.31345
0.28153
0.26224
0.19637
0.13877
0.14868
0.1888
0.21583
0.31148
0.59325
0.71836
0.9189
0.92845
0.93209
0.93999
0.94791
0.96029
0.96627
0.96786
0.96931
0.96942
0.97745
0.96995
0.96284
0.92641
0.81634
0.70294
0.67163
0.589
0.54153
0.52885
0.52967
0.5353
0.52779
0.51157
0.48182
0.47748
0.42457
0.34999
0.31286
0.42165
0.57028
0.46735
0.4189
0.58101
0.5644
0.43838
0.41115
0.36311
0.38015
0.37444
0.4525
0.56917
0.51988
0.50757
0.51351
0.56423
0.64496
0.50228
0.48638
0.44467
0.40634
0.39373
0.38928
0.43917
0.31839
0.4546
0.35519
0.42386
0.4276
0.47706
0.51725
0.60351
0.59014
0.60477
0.4868
0.47576
0.52343
0.62699
0.56032
0.70941
0.70603
0.66874
0.61374
0.57885
0.5232
0.50173
0.46882
0.46584
0.50374
0.53765
0.44781
0.39977
0.36364
0.3525
0.35378
0.36069
0.34001
0.35296
0.32548
0.3674
0.33041
0.40594
0.41517
0.43162
0.47026
0.38439
0.36254
0.73286
0.61387
0.52161
0.46277
0.3825
0.43682
0.52578
0.65312
0.6217
0.67781
0.56837
0.5568
0.49311
0.48866
0.45483
0.44784
0.45278
0.4333
0.38321
0.36984
0.37732
0.35184
0.31225
0.32901
0.33201
0.37481
0.40202
0.42938
0.48016
0.84093
0.72413
0.88162
0.91901
0.92436
0.90564
0.82474
0.76062
0.56907
0.50466
0.44409
0.36726
0.53978
0.44862
0.54515
0.65201
0.72128
0.84181
0.83979
0.75626
0.71099
0.82631
0.65975
0.60999
0.53741
0.6563
0.62923
0.77968
0.38467
0.31992
0.39529
0.35804
0.34126
0.27443
0.27047
0.25021
0.26734
0.30527
0.33982
0.3748
0.39061
0.32574
0.25391
0.25029
0.48462
0.57028
0.5018
0.32658
0.21417
0.17971
0.21647
0.21983
0.21968
0.19301
0.17983
0.15657
0.15953
0.18999
0.15508
0.13337
0.11449
0.12627
0.11969
0.12207
0.12297
0.11124
0.24821
0.24701
0.17063
0.14223
0.14522
0.11584
0.11656
0.093067
0.086106
0.076335
0.064558
0.075004
0.083067
0.090905
0.12703
0.12118
0.19127
0.61369
0.71711
0.7889
0.7447
0.65092
0.73583
0.7386
0.66466
0.87313
0.90038
0.92518
0.85886
0.86025
0.73614
0.69604
0.86684
0.86846
0.7809
0.72684
0.68854
0.60426
0.45149
0.47806
0.46518
0.57141
0.92246
0.92926
0.93735
0.89745
0.8493
0.83197
0.86684
0.93376
0.96151
0.96095
0.9751
0.96991
0.9596
0.70308
0.66993
0.61158
0.5946
0.56708
0.5484
0.52594
0.51838
0.46999
0.54596
0.55497
0.47971
0.42115
0.3942
0.41312
0.43023
0.42497
0.50968
0.50908
0.43343
0.39698
0.36989
0.33342
0.32794
0.29966
0.25535
0.23792
0.26944
0.25176
0.39756
0.62104
0.57687
0.52128
0.47134
0.43162
0.41256
0.40055
0.38068
0.42063
0.50077
0.43523
0.38823
0.43726
0.42753
0.39858
0.42652
0.3339
0.35404
0.34964
0.48512
0.51943
0.46126
0.47843
0.53945
0.53588
0.56531
0.52227
0.52318
0.50784
0.50782
0.50663
0.50611
0.56137
0.55015
0.52525
0.44805
0.43885
0.46002
0.44314
0.36754
0.41553
0.37211
0.3935
0.31412
0.34474
0.27581
0.33555
0.31287
0.31796
0.44806
0.50337
0.59899
0.54568
0.50601
0.52326
0.80224
0.5694
0.44991
0.46523
0.37553
0.41307
0.42565
0.3391
0.32297
0.36063
0.3246
0.41688
0.32397
0.33941
0.34297
0.30656
0.32715
0.34293
0.31952
0.35597
0.50512
0.35424
0.40896
0.657
0.38656
0.37743
0.33583
0.32945
0.34247
0.37401
0.34182
0.35199
0.33695
0.2776
0.30798
0.36664
0.343
0.33107
0.34128
0.3014
0.26342
0.35514
0.39015
0.32537
0.30177
0.34691
0.34879
0.30892
0.38871
0.33507
0.35777
0.36923
0.35774
0.37892
0.39381
0.8604
0.88895
0.91274
0.92079
0.93983
0.95287
0.96321
0.96739
0.94616
0.93162
0.93816
0.947
0.95924
0.97167
0.96447
0.96164
0.95635
0.95476
0.92591
0.86099
0.75981
0.49174
0.45005
0.39615
0.32125
0.34698
0.40779
0.44169
0.45309
0.46389
0.76224
0.43136
0.36192
0.41934
0.6589
0.78169
0.45936
0.43446
0.40632
0.33947
0.34917
0.40629
0.56005
0.39273
0.42634
0.50205
0.45625
0.60223
0.50354
0.56097
0.57469
0.51279
0.35245
0.33669
0.1961
0.17284
0.21986
0.45926
0.24126
0.29646
0.33229
0.42306
0.3872
0.34886
0.34095
0.34333
0.34872
0.55326
0.4909
0.40053
0.45079
0.53773
0.5294
0.41763
0.41197
0.43464
0.38824
0.36936
0.35522
0.35392
0.29903
0.28498
0.31408
0.39317
0.39968
0.36762
0.25003
0.27494
0.26036
0.27309
0.21668
0.17219
0.33197
0.37311
0.36639
0.26809
0.2315
0.44799
0.91592
0.91035
0.91522
0.91189
0.92463
0.93699
0.92282
0.92236
0.93256
0.93444
0.91305
0.86302
0.63646
0.5338
0.49884
0.48154
0.36063
0.31687
0.30654
0.31435
0.32327
0.33284
0.37159
0.32915
0.24409
0.31824
0.30192
0.32567
0.34955
0.3429
0.36939
0.33889
0.3711
0.35059
0.27361
0.29958
0.33577
0.37385
0.46347
0.43141
0.42641
0.36806
0.3938
0.38828
0.40914
0.39376
0.38943
0.37921
0.36119
0.35489
0.33409
0.33512
0.33894
0.37222
0.37267
