0.31067
0.32901
0.33299
0.34664
0.33112
0.31363
0.30282
0.3039
0.27523
0.27795
0.26332
0.26277
0.25574
0.27071
0.26228
0.24914
0.25162
0.23797
0.23457
0.23561
0.24886
0.23821
0.25332
0.29099
0.3317
0.39616
0.36004
0.31629
0.29488
0.29339
0.28748
0.28668
0.28044
0.27627
0.27946
0.28929
0.31496
0.34972
0.32784
0.37363
0.37813
0.32347
0.24515
0.21269
0.22214
0.3432
0.37932
0.32859
0.28401
0.24433
0.17219
0.11076
0.17522
0.54402
0.38894
0.71654
0.96366
0.96605
0.96349
0.96965
0.94993
0.93446
0.92825
0.9248
0.91454
0.90028
0.90376
0.90963
0.90848
0.90253
0.8056
0.78197
0.44014
0.31274
0.27843
0.26375
0.26785
0.31371
0.29602
0.28299
0.29903
0.23733
0.32522
0.34831
0.35767
0.33017
0.31359
0.28531
0.25512
0.24999
0.26673
0.26894
0.24726
0.25586
0.22113
0.27864
0.43746
0.26654
0.26413
0.27274
0.2448
0.32597
0.63319
0.31104
0.29636
0.28448
0.31843
0.29469
0.32499
0.95507
0.94657
0.9559
0.96497
0.97045
0.96427
0.96227
0.9562
0.94753
0.91849
0.78577
0.8436
0.93928
0.94845
0.95418
0.94591
0.93416
0.87564
0.64927
0.45894
0.44225
0.43498
0.42275
0.38998
0.31686
0.30623
0.30344
0.28056
0.32029
0.27016
0.27341
0.33438
0.31802
0.25043
0.13886
0.095395
0.11958
0.1504
0.16079
0.13323
0.15733
0.17882
0.20003
0.2058
0.2493
0.27817
0.26558
0.277
0.26088
0.26945
0.32269
0.60472
0.56567
0.69735
0.93
0.96243
0.90594
0.94374
0.95292
0.95253
0.94162
0.92503
0.90064
0.66863
0.68942
0.76748
0.77411
0.54914
0.4868
0.3884
0.35327
0.45129
0.49868
0.348
0.29448
0.28552
0.3566
0.30506
0.33642
0.41734
0.38938
0.43718
0.47066
0.44464
0.43857
0.42508
0.40947
0.40549
0.40925
0.43451
0.40696
0.40936
0.39901
0.41005
0.38581
0.35521
0.33673
0.3546
0.30349
0.28616
0.26813
0.46994
0.51144
0.3939
0.4004
0.41326
0.6618
0.94411
0.93118
0.892
0.89871
0.92794
0.93026
0.94369
0.95858
0.95502
0.92089
0.90609
0.88371
0.82733
0.77993
0.73683
0.85038
0.8762
0.74482
0.65352
0.56556
0.59617
0.49056
0.30239
0.23732
0.33272
0.37276
0.3821
0.38038
0.33003
0.25644
0.21603
0.24994
0.31852
0.31936
0.436
0.67308
0.57807
0.3991
0.29625
0.23836
0.35565
0.40765
0.57366
0.47613
0.44628
0.52066
0.39875
0.21768
0.27359
0.29836
0.29221
0.28369
0.29841
0.28387
0.27435
0.25887
0.24025
0.2393
0.2387
0.25214
0.26356
0.22957
0.22517
0.25149
0.18393
0.27548
0.23275
0.23153
0.2811
0.43016
0.54875
0.51445
0.57483
0.47502
0.39902
0.40749
0.62423
0.91069
0.65208
0.58541
0.40612
0.33776
0.32729
0.30738
0.35463
0.41355
0.53557
0.52331
0.6302
0.90961
0.9147
0.84182
0.75771
0.62721
0.41179
0.36116
0.44155
0.38559
0.27996
0.34375
0.49677
0.66526
0.5495
0.29954
0.28499
0.16306
0.15709
0.1846
0.14901
0.16916
0.19375
0.28923
0.19039
0.20231
0.28365
0.23167
0.23571
0.2205
0.20035
0.29899
0.32459
0.30141
0.36494
0.2344
0.17859
0.14603
0.14557
0.13301
0.19918
0.31668
0.29692
0.29463
0.32894
0.3768
0.25941
0.21191
0.27757
0.32002
0.49228
0.50153
0.6582
0.77263
0.65346
0.55949
0.58369
0.5112
0.46792
0.4058
0.36948
0.40734
0.41879
0.59284
0.87718
0.75759
0.70492
0.53108
0.45115
0.35188
0.31537
0.4042
0.33361
0.30646
0.31502
0.30508
0.30005
0.3886
0.43616
0.31856
0.34184
0.31054
0.29471
0.32622
0.27923
0.31835
0.43574
0.40099
0.32217
0.32986
0.42757
0.3262
0.29893
0.28088
0.37346
0.42954
0.56078
0.79482
0.81894
0.76681
0.70051
0.65957
0.64402
0.61277
0.53071
0.38518
0.33416
0.28905
0.27618
0.29735
0.29428
0.30008
0.27785
0.25941
0.25204
0.34227
0.25157
0.24769
0.31695
0.35346
0.46857
0.82033
0.79828
0.81807
0.88802
0.92017
0.73463
0.48353
0.28034
0.22691
0.21425
0.19551
0.18075
0.18417
0.18673
0.21051
0.30072
0.30869
0.29688
0.30982
0.31929
0.31479
0.29322
0.28052
0.29979
0.30089
0.31015
0.32476
0.32549
0.28309
0.26344
0.26351
0.26693
0.27389
0.27182
0.27765
0.28066
0.29777
0.24249
0.30421
0.26866
0.34011
0.41943
0.33037
0.37727
0.71545
0.8826
0.89551
0.9058
0.49166
0.3579
0.30491
0.29828
0.30106
0.2925
0.27943
0.26439
0.29772
0.51733
0.63299
0.86778
0.86449
0.85293
0.71095
0.542
0.65249
0.75606
0.71676
0.92144
0.81745
0.50999
0.35634
0.29373
0.47983
0.43173
0.88115
0.65587
0.55484
0.41364
0.29371
0.24911
0.29177
0.38672
0.42176
0.37187
0.42228
0.32918
0.27567
0.30823
0.35313
0.38724
0.40101
0.35298
0.36265
0.38359
0.40829
0.42973
0.3822
0.37408
0.36135
0.388
0.39179
0.40078
0.3424
0.31252
0.27944
0.27292
0.27914
0.31342
0.32226
0.36969
0.44652
0.48589
0.40001
0.38446
0.38651
0.35139
0.33038
0.28334
0.3294
0.30075
0.2358
0.1912
0.25139
0.31503
0.29175
0.28072
0.24354
0.29361
0.39259
0.67932
0.89217
0.90337
0.9092
0.91553
0.8928
0.88237
0.69073
0.49529
0.40805
0.32675
0.31096
0.35763
0.37153
0.36238
0.50948
0.81941
0.57417
0.35481
0.95396
0.97738
0.97408
0.9513
0.95075
0.94547
0.94156
0.92987
0.97735
0.99974
0.99975
0.98709
0.96575
0.95449
0.94892
0.91788
0.8344
0.78592
0.79503
0.68968
0.51666
0.37488
0.34689
0.2621
0.27864
0.19525
0.10736
0.093725
0.13939
0.17481
0.22133
0.27765
0.33101
0.35219
0.36698
0.3102
0.32287
0.30954
0.29291
0.32208
0.35248
0.30354
0.27503
0.27593
0.25845
0.27843
0.36492
0.42805
0.37999
0.31901
0.39746
0.36917
0.26819
0.34769
0.26962
0.28066
0.37749
0.32273
0.40908
0.3208
0.24562
0.25628
0.26781
0.28929
0.2886
0.26528
0.22625
0.42633
0.53794
0.50964
0.35237
0.76221
0.87615
0.91758
0.95438
0.96032
0.96093
0.95841
0.95543
0.83964
0.74587
0.84612
0.6118
0.6344
0.45261
0.38231
0.32171
0.33107
0.30526
0.27942
0.2431
0.23821
0.23367
0.29415
0.31753
0.27222
0.24606
0.244
0.57761
0.67535
0.30081
0.36824
0.35093
0.35728
0.38598
0.39999
0.30756
0.29694
0.25301
0.23663
0.30815
0.23458
0.37769
0.51564
0.77582
0.84787
0.86108
0.39603
0.33777
0.34116
0.33412
0.33749
0.36154
0.40638
0.47057
0.59894
0.64843
0.78314
0.60487
0.66495
0.68328
0.6653
0.67216
0.66414
0.71809
0.64069
0.84672
0.84742
0.81624
0.36251
0.31247
0.29114
0.29838
0.33755
0.40243
0.42199
0.38235
0.4303
0.49121
0.43272
0.43022
0.55354
0.57183
0.54891
0.60278
0.62654
0.70422
0.555
0.50737
0.48603
0.41067
0.43341
0.47422
0.34238
0.26095
0.29866
0.30386
0.30955
0.31841
0.35214
0.28633
0.26602
0.23794
0.2788
0.24612
0.26677
0.27785
0.29624
0.51917
0.5443
0.47604
0.37871
0.42415
0.27181
0.27789
0.28278
0.2563
0.2196
0.17985
0.26493
0.34534
0.34862
0.33362
0.31833
0.32856
0.39066
0.39667
0.36075
0.34321
0.33598
0.34922
0.37538
0.34014
0.4147
0.36777
0.32468
0.17697
0.26035
0.27356
0.22764
0.22551
0.26098
0.2866
0.22523
0.14638
0.24491
0.36297
0.65603
0.71505
0.79806
0.96414
0.93685
0.9592
0.95362
0.9897
0.9784
0.96725
0.94616
0.90329
0.85639
0.83666
0.82102
0.80862
0.7449
0.82593
0.736
0.94858
0.95984
0.98105
0.99072
0.95691
0.90619
0.88135
0.78783
0.68317
0.49747
0.43554
0.48553
0.48279
0.39811
0.21159
0.18079
0.16252
0.21053
0.39298
0.57747
0.59367
0.61293
0.63964
0.46581
0.40367
0.34803
0.39479
0.41157
0.38318
0.35819
0.23226
0.14159
0.12422
0.095095
0.17311
0.48573
0.95556
0.97669
0.98673
0.99854
0.99925
0.99677
0.94989
0.8429
0.84238
0.69465
0.63038
0.78774
0.75304
0.72485
0.83682
0.83289
0.79354
0.87786
0.82284
0.83015
0.8511
0.78778
0.6898
0.56992
0.5508
0.57399
0.43998
0.39328
0.35275
0.29336
0.33294
0.3744
0.34876
0.36852
0.38345
0.2979
0.27934
0.25356
0.33304
0.38735
0.49837
0.37362
0.40018
0.45796
0.63703
0.7766
0.56744
0.6466
0.65131
0.73314
0.68342
0.6337
0.51403
0.52066
0.45896
0.51408
0.52714
0.4795
0.60496
0.74889
0.72809
0.73586
0.75153
0.78666
0.73865
0.66957
0.92549
0.841
0.81204
0.77807
0.80673
0.86462
0.85527
0.84318
0.85846
0.76105
0.75141
0.69009
0.71177
0.83328
0.88387
0.97895
0.97178
0.95865
0.94983
0.92159
0.8103
0.76594
0.81858
0.83176
0.7466
0.84601
0.76256
0.59086
0.62278
0.61789
0.48689
0.56284
0.71613
0.57654
0.51064
0.44148
0.49626
0.60407
0.67181
0.62405
0.51458
0.47963
0.58749
0.69224
0.6872
0.62174
0.72097
0.92629
0.92219
0.92636
0.75401
0.43354
0.40711
0.38097
0.37977
0.38355
0.39197
0.38508
0.38151
0.38223
0.39626
0.39641
0.39211
0.38808
0.38018
0.38007
0.36519
0.35997
0.31908
0.33899
0.31519
0.31923
0.3446
0.34355
0.35348
0.34979
0.41014
0.44217
0.63873
0.73187
0.6642
0.67677
0.65318
0.59435
0.71102
0.73993
0.77855
0.8148
0.85928
0.8702
0.81536
0.77499
0.74811
0.72829
0.69722
0.70791
0.74022
0.77641
0.71855
0.68349
0.67385
0.5966
0.56763
0.58082
0.52396
0.66974
0.70179
0.56202
0.54547
0.61999
0.6289
0.70689
0.78543
0.8217
0.95056
0.96278
0.95669
0.94733
0.94264
0.92994
0.89453
0.77839
0.73427
0.65721
0.66067
0.4995
0.52378
0.60483
0.60731
0.66636
0.62933
0.5099
0.54255
0.66429
0.61985
0.68927
0.75574
0.53028
0.30293
0.32538
0.35778
0.38216
0.37448
0.38696
0.3458
0.35047
0.35272
0.34323
0.35156
0.36661
0.35686
0.35855
0.36659
0.33527
0.3195
0.31344
0.35361
0.3006
0.28471
0.37234
0.51676
0.58043
0.44602
0.60927
0.71931
0.70679
0.8432
0.82013
0.97532
0.9642
0.85161
0.92776
0.70907
0.6691
0.63662
0.53418
0.47344
0.3335
0.30832
0.23022
0.28971
0.2918
0.37298
0.42373
0.33111
0.40395
0.55307
0.63683
0.64972
0.61571
0.6064
0.61217
0.66037
0.66765
0.68574
0.72
0.65295
0.57398
0.53572
0.47078
0.42647
0.60241
0.62697
0.6811
0.69981
0.6802
0.62805
0.62063
0.65374
0.69201
0.73175
0.7331
0.71616
0.70638
0.8024
0.81918
0.88074
0.89735
0.8892
0.98916
0.9731
0.97114
0.9215
0.84884
0.78198
0.50985
0.51464
0.40354
0.42734
0.46054
0.46367
0.43389
0.37265
0.30706
0.32712
0.35751
0.38822
0.39499
0.38608
0.38275
0.38284
0.364
0.36071
0.30387
0.3101
0.36654
0.40477
0.41157
0.43993
0.49865
0.45317
0.49109
0.46506
0.44395
0.54063
0.60371
0.72551
0.73417
0.67882
0.48903
0.36937
0.41078
0.35531
0.38573
0.46735
0.57515
0.49123
0.41212
0.38028
0.40548
0.49851
0.49964
0.56853
0.61293
0.56951
0.32904
0.2803
0.27377
0.27115
0.27673
0.33265
0.38586
0.43468
0.36531
0.32104
0.24967
0.44291
0.49594
0.56137
0.59462
0.68067
0.67044
0.55395
0.45576
0.53595
0.55048
0.6816
0.75275
0.77743
0.71796
0.68671
0.55304
0.57593
0.58337
0.59847
0.63082
0.64401
0.66845
0.69168
0.60036
0.58694
0.62861
0.76379
0.98724
0.98267
0.99769
0.99799
1.0002
0.91163
0.85553
0.64148
0.52448
0.66644
0.65281
0.67251
0.5992
0.59699
0.51797
0.64806
0.67183
0.68116
0.67572
0.65317
0.71039
0.87187
0.86292
0.98993
0.97464
0.97239
0.98712
0.98479
0.9926
0.97427
0.99418
0.99029
0.96582
0.96818
0.94792
0.89179
0.96621
0.98819
0.99321
0.98346
0.97107
0.90615
0.86544
0.94028
0.82359
0.72847
0.81663
0.96387
0.8711
0.74008
0.59631
0.69008
0.7427
0.60524
0.65153
0.67428
0.62389
0.59826
0.64598
0.80531
0.66465
0.4053
0.35932
0.37769
0.39031
0.34157
0.38042
0.5024
0.66912
0.7067
0.79909
0.45691
0.65008
0.39917
0.38712
0.4236
0.47706
0.36004
0.29076
0.41883
0.68122
0.64235
0.353
0.44859
0.78417
0.88274
0.97624
0.95283
0.80067
0.63889
0.52401
0.57933
0.55135
0.60528
0.57112
0.71456
0.68916
0.68395
0.5589
0.6767
0.68784
0.85818
0.95142
0.96441
0.93661
0.88537
0.83075
0.79648
0.77546
0.81842
0.74532
0.78863
0.77621
0.7642
0.66563
0.69151
0.56924
0.5505
0.59394
0.92534
0.99451
0.95287
0.97392
0.93741
0.8083
0.70573
0.67457
0.67336
0.66327
0.52442
0.52089
0.63545
0.72006
0.79452
0.81003
0.79341
0.64756
0.58943
0.61845
0.6098
0.55849
0.50194
0.53032
0.69105
0.62636
0.60227
0.55247
0.67
0.62676
0.58825
0.62424
0.73311
0.64247
0.74765
0.64722
0.55252
0.40081
0.4851
0.66536
0.64821
0.4494
0.41593
0.41507
0.40737
0.38473
0.44778
0.4594
0.46641
0.50146
0.4642
0.60666
0.75957
0.78438
0.85647
0.89442
0.94711
0.98722
0.98276
0.97333
0.99015
0.99043
0.94036
0.93853
0.9039
0.92066
0.96367
0.98955
0.92548
0.86964
0.93255
0.95269
0.97443
0.99518
0.99613
0.98032
0.94695
0.91653
0.84921
0.81291
0.97066
0.96433
0.8554
0.91462
0.946
0.94192
0.92431
0.96502
0.99869
0.99766
0.93653
0.93757
0.7676
0.6387
0.69166
0.77166
0.74413
0.56719
0.39513
0.45324
0.67204
0.53324
0.50632
0.52902
0.59407
0.51235
0.49753
0.58756
0.58192
0.51035
0.43789
0.44535
0.47775
0.39863
0.35315
0.35469
0.36959
0.44877
0.51977
0.64075
0.93189
0.78926
0.47726
0.2692
0.30114
0.34908
0.44667
0.79307
0.94691
0.78724
0.54383
0.49836
0.65801
0.81363
0.89966
0.86832
0.80624
0.81345
0.95173
0.95219
0.97255
0.94225
0.8347
0.84023
0.73876
0.7205
0.76748
0.77138
0.8151
0.73294
0.63147
0.7518
0.89613
0.83347
0.8385
0.62323
0.48628
0.88551
0.9018
0.86974
0.70038
0.60028
0.59533
0.68226
0.73065
0.95994
0.98194
0.98446
0.98198
0.98638
0.99261
0.9976
0.99912
0.90828
0.80141
0.87966
0.98599
0.91533
0.96446
0.82497
0.77332
0.67281
0.64372
0.62135
0.77894
0.72967
0.75147
0.78656
0.94818
0.92687
0.72538
0.68569
0.93256
0.91734
0.77892
0.74034
0.80033
0.85521
0.86146
0.69111
0.89776
0.77481
0.81269
0.90691
0.87096
0.75761
0.91599
0.92144
0.89971
0.90061
0.82863
0.69808
0.81294
0.72931
0.60196
0.64421
0.763
0.86887
0.89592
0.90435
0.94139
0.95896
0.9576
0.96938
0.97328
0.9538
0.91267
0.84774
0.91131
0.77284
0.67251
0.58457
0.69219
0.76506
0.76341
0.79812
0.76752
0.64919
0.54168
0.63133
0.81926
0.85733
0.85478
0.8675
0.78826
0.84247
0.86113
0.85996
0.78536
0.73113
0.75666
0.7311
0.59955
0.53868
0.66172
0.76493
0.86075
0.80449
0.69641
0.66838
0.60496
0.49587
0.63161
0.42209
0.74812
0.54985
0.4592
0.4017
0.41043
0.41067
0.46267
0.36165
0.66195
0.56885
0.56873
0.46953
0.49586
0.48762
0.58556
0.67986
0.67146
0.51129
0.36525
0.32518
0.36214
0.61829
0.51728
0.54676
0.65769
0.66678
0.59079
0.62757
0.77923
0.6216
0.89827
0.90473
0.8644
0.89111
0.81894
0.92566
0.96972
0.84952
0.93751
0.9877
0.89659
0.8316
0.7692
0.74145
0.66234
0.58304
0.54925
0.55404
0.51788
0.46685
0.62812
0.56703
0.5144
0.58281
0.59473
0.71695
0.85012
0.93923
0.89672
0.74908
0.76176
0.68518
0.52458
0.50447
0.50671
0.45697
0.43319
0.39848
0.39412
0.40276
0.37994
0.37831
0.5438
0.58287
0.55685
0.44842
0.46547
0.4242
0.46061
0.45265
0.52516
0.59851
0.57691
0.68872
0.42429
0.66452
0.70009
0.64955
0.80741
0.71195
0.62128
0.77443
0.60038
0.51644
0.32503
0.54564
0.92379
0.98299
0.95857
0.95904
0.97638
0.98501
0.9252
0.81146
0.84433
0.76922
0.7191
0.4924
0.46827
0.38138
0.29517
0.29233
0.34506
0.3528
0.50284
0.3599
0.3759
0.41174
0.3745
0.41057
0.63455
0.82154
0.80829
0.55667
0.6051
0.55304
0.58163
0.55357
0.70941
0.87819
0.96641
0.96801
0.82409
0.63074
0.54535
0.44641
0.60726
0.74655
0.64654
0.57338
0.54948
0.48895
0.37839
0.3435
0.43452
0.5974
0.61501
0.63918
0.60209
0.47301
0.35848
0.41541
0.42934
0.55713
0.49199
0.49843
0.53598
0.33335
0.33347
0.39012
0.43501
0.4899
0.48723
0.44705
0.55395
0.52312
0.42047
0.40903
0.51224
0.47223
0.49712
0.54327
0.51379
0.5152
0.49538
0.4708
0.59334
0.63441
0.66381
0.72293
0.73288
0.64962
0.60242
0.6783
0.79794
0.80459
0.70125
0.64449
0.61836
0.55753
0.58248
0.65977
0.59237
0.72538
0.70896
0.72617
0.74261
0.68061
0.76542
0.8828
0.96919
0.97813
0.73381
0.53225
0.48203
0.45925
0.3184
0.34946
0.63205
0.69859
0.60077
0.69684
0.66152
0.53781
0.52471
0.50746
0.50713
0.59844
0.7857
0.77547
0.8076
0.76455
0.69136
0.75875
0.84173
0.8115
0.74769
0.68367
0.67427
0.68385
0.67261
0.69304
0.63986
0.62847
0.62671
0.50725
0.63343
0.57242
0.57192
0.61775
0.65
0.66711
0.69188
0.67708
0.68099
0.61543
0.58614
0.73978
0.6505
0.65257
0.68688
0.64024
0.70423
0.64674
0.52189
0.51753
0.67824
0.68392
0.78612
0.84553
0.90888
0.80485
0.71107
0.71264
0.86558
0.80985
0.70339
0.65762
0.58971
0.51127
0.42068
0.41937
0.40138
0.46109
0.50181
0.54609
0.56787
0.61393
0.63649
0.63082
0.60671
0.52002
0.71797
0.89081
0.86892
0.7792
0.68098
0.64362
0.65404
0.71321
0.78427
0.7769
0.68533
0.64843
0.53174
0.47523
0.56877
0.47187
0.47644
0.44324
0.59072
0.72681
0.67985
0.55378
0.74513
0.74332
0.69916
0.60791
0.401
0.42052
0.3952
0.44873
0.40709
0.4239
0.44972
0.35505
0.29466
0.28367
0.26521
0.48394
0.48987
0.4101
0.33597
0.41987
0.36106
0.44345
0.4875
0.65101
0.89314
0.98226
0.97321
0.90224
0.84925
0.86602
0.86226
0.91513
0.9908
0.99361
0.9951
0.98858
0.93237
0.87747
0.82011
0.83181
0.78985
0.65302
0.46317
0.4352
0.50187
0.58048
0.51411
0.42452
0.51258
0.5671
0.71593
0.74542
0.7761
0.74513
0.67622
0.64461
0.62721
0.5899
0.82147
0.9522
0.96958
0.9765
0.98862
0.99882
0.99533
0.99882
0.98008
0.89979
0.84806
0.94832
0.99799
0.97457
0.97595
0.81297
0.85038
0.88406
0.88185
0.9184
0.99581
0.99843
0.99762
0.99935
0.95847
0.72032
0.59887
0.57399
0.571
0.59477
0.64127
0.71509
0.7325
0.8439
0.90534
0.92075
0.97416
0.96804
0.85669
0.83179
0.64557
0.68603
0.7371
0.65553
0.54993
0.51851
0.55336
0.53987
0.67636
0.74431
0.74918
0.78001
0.76911
0.95726
0.94246
0.98827
0.95863
0.97408
0.99764
0.99756
0.91687
0.88418
0.94065
0.93368
0.90013
0.82297
0.83642
0.9738
0.90161
0.92867
0.95394
0.9609
0.94343
0.97263
0.981
0.98472
0.96303
0.54658
0.57076
0.56632
0.56713
0.58873
0.56317
0.53835
0.63606
0.71105
0.78274
0.81412
0.91583
0.95841
0.89572
0.7691
0.82959
0.8869
0.80044
0.78847
0.8162
0.65977
0.6125
0.6989
0.85572
0.88089
0.58612
0.50716
0.63716
0.51055
0.5184
0.52702
0.53494
0.60114
0.75195
0.53752
0.46847
0.82754
0.93875
0.9524
0.97144
0.99907
0.9638
0.95098
0.97968
0.98095
0.99388
0.66244
0.70189
0.96562
0.91107
0.75739
0.78665
0.85498
0.71328
0.64161
0.74298
0.95132
0.96233
0.8493
0.99689
0.97441
0.82908
0.97478
0.91479
0.96207
0.92356
0.90097
0.76937
0.55607
0.50793
0.48364
0.37216
0.35138
0.55853
0.43555
0.44458
0.59229
0.89166
0.95833
0.97682
0.98154
0.98532
0.99798
1
0.99265
0.98023
0.80754
0.73583
0.62282
0.52088
0.50599
0.46161
0.40195
0.43237
0.48262
0.395
0.37872
0.36898
0.29987
0.38037
0.42151
0.40849
0.44636
0.4479
0.46235
0.45381
0.46168
0.51564
0.47962
0.52248
0.65958
0.78469
0.99944
0.97639
0.94979
0.73898
0.68382
0.67826
0.79184
0.77599
0.84009
0.83973
0.81955
0.73203
0.532
0.50991
0.56962
0.47212
0.4915
0.55397
0.496
0.51548
0.53385
0.48932
0.56527
0.59134
0.67667
0.69161
0.49863
0.41406
0.44986
0.43241
0.41105
0.52666
0.49226
0.34108
0.31262
0.3101
0.31758
0.30869
0.29913
0.28103
0.28276
0.31418
0.28349
0.26756
0.30545
0.32052
0.47883
0.47557
0.45927
0.39174
0.33342
0.28743
0.30004
0.26111
0.28576
0.28581
0.27887
0.26989
0.26778
0.25847
0.21056
0.27325
0.28684
0.27361
0.31036
0.22608
0.2023
0.2555
0.19606
0.19375
0.39677
0.40831
0.34173
0.22075
0.16644
0.21528
0.23645
0.26715
0.44964
0.71201
0.61084
0.67549
0.80712
0.90692
0.92533
0.7658
0.85342
0.99825
0.99713
0.99834
0.99828
0.98296
0.968
0.95833
0.9666
0.93475
0.96877
0.98653
0.9855
0.97136
0.99452
0.86992
0.74752
0.96554
0.93286
0.867
0.9211
0.93743
0.93906
0.88134
0.84111
0.76269
0.59891
0.56022
0.46947
0.40085
0.43183
0.35659
0.4249
0.51592
0.44807
0.44186
0.41051
0.40532
0.41771
0.40332
0.41483
0.42948
0.37938
0.35065
0.33202
0.30781
0.28925
0.29202
0.32012
0.47687
0.58362
0.50924
0.41331
0.26659
0.28219
0.26385
0.29976
0.32007
0.25208
0.23355
0.24447
0.21259
0.19261
0.19948
0.20406
0.26749
0.36537
0.30401
0.30962
0.42408
0.48887
0.729
0.87535
0.96394
0.96945
0.96536
0.97083
0.97836
0.9813
0.97886
0.99238
0.98606
0.98479
0.92737
0.69888
0.76507
0.66848
0.40531
0.29327
0.28448
0.23856
0.20451
0.20743
0.15639
0.15008
0.15021
0.19432
0.13036
0.17004
0.14614
0.23086
0.33319
0.69226
0.79518
0.5389
0.48553
0.48723
0.48465
0.95747
0.77024
0.51238
0.47089
0.41211
0.42393
0.44858
0.40931
0.39586
0.45737
0.49492
0.47312
0.48108
0.66699
0.56678
0.42935
0.49408
0.65169
0.59158
0.59289
0.58866
0.62724
0.55734
0.39975
0.30338
0.24861
0.25269
0.2474
0.24706
0.25122
0.25495
0.291
0.25109
0.18862
0.15196
0.12531
0.13321
0.14748
0.1909
0.14207
0.093239
0.10729
0.15444
0.16471
0.14203
0.1524
0.16619
0.17064
0.2447
0.33225
0.39573
0.22576
0.15142
0.15672
0.15563
0.16584
0.1605
0.16004
0.17652
0.19556
0.23613
0.27627
0.2754
0.26553
0.26179
0.24325
0.26168
0.27099
0.2957
0.29347
0.31955
0.29775
0.32439
0.27486
0.26227
0.25898
0.24477
0.23756
0.21888
0.20204
0.18432
0.19162
0.14123
0.15026
0.15565
0.20723
0.33334
0.24076
0.21603
0.20303
0.20422
0.23529
0.16427
0.18268
0.21102
0.2422
0.26991
0.24849
0.33097
0.29128
0.22378
0.26167
0.3094
0.46069
0.82249
0.80495
0.68659
0.41259
0.40036
0.4154
0.41292
0.41412
0.57277
0.51778
0.56075
0.44922
0.33656
0.32887
0.30743
0.28463
0.21184
0.1877
0.1573
0.15474
0.22671
0.23294
0.33405
0.42924
0.48325
0.37264
0.31366
0.43198
0.4205
0.49058
0.59677
0.55726
0.76116
0.62708
0.64175
0.55364
0.40088
0.35413
0.37837
0.38323
0.36609
0.35596
0.32878
0.31582
0.31234
0.33516
0.32066
0.30014
0.31146
0.26698
0.2338
0.23423
0.2792
0.28321
0.25822
0.28165
0.29689
0.30781
0.33445
0.42857
0.59546
0.45824
0.41305
0.35009
0.32462
0.2981
0.26115
0.29105
0.2991
0.23686
0.20969
0.23187
0.22683
0.23784
0.22829
0.24038
0.24956
0.27163
0.29757
0.354
0.37119
0.61776
0.62651
0.84629
0.94526
0.97842
0.9788
0.94728
0.93463
0.69803
0.47939
0.39604
0.33248
0.37397
0.30714
0.39598
0.8481
0.77729
0.51026
0.42209
0.52324
0.52911
0.45404
0.42914
0.57057
0.65147
0.94654
0.90133
0.89521
0.84674
0.67357
0.49985
0.5038
0.45806
0.47407
0.44257
0.44478
0.43299
0.55329
0.56392
0.52749
0.53499
0.4603
0.93627
0.96459
0.98154
0.96339
0.97037
0.98548
0.97285
0.95656
0.96583
0.97798
0.96813
0.98018
0.98089
0.95527
0.95743
0.95361
0.95411
0.95266
0.93437
0.90901
0.87665
0.67484
0.46861
0.57079
0.43393
0.34702
0.30706
0.32179
0.35731
0.40457
0.96499
0.96309
0.79106
0.60685
0.61075
0.53825
0.57177
0.56454
0.53948
0.46672
0.50689
0.54749
0.4734
0.55915
0.56113
0.55463
0.48596
0.38428
0.3796
0.29026
0.30389
0.31321
0.23153
0.19832
0.20071
0.51443
0.65322
0.66849
0.6924
0.57106
0.46061
0.45902
0.46275
0.30623
0.33588
0.3781
0.39666
0.42206
0.40776
0.37496
0.31853
0.33929
0.30633
0.30093
0.30493
0.28607
0.26615
0.25486
0.24519
0.2343
0.26606
0.33252
0.30379
0.2799
0.27702
0.29242
0.30273
0.29989
0.30204
0.32189
0.33532
0.42783
0.45013
0.68765
0.78586
0.80609
0.55935
0.85871
0.94109
0.955
0.94291
0.93345
0.90086
0.77251
0.74403
0.64436
0.67425
0.64689
0.53216
0.46286
0.53875
0.70171
0.63014
0.61495
0.60785
0.48705
0.38684
0.35833
0.33913
0.31013
0.34104
0.7775
0.92487
0.9604
0.97474
0.97634
0.96235
0.96816
0.95752
0.95894
0.95415
0.95445
0.94521
0.94233
0.67802
0.64584
0.63661
0.70514
0.72704
0.77063
0.69769
0.47838
0.41995
0.45886
0.55332
0.4859
0.41918
0.43401
0.48864
0.7437
0.91604
0.93209
0.94243
0.78325
0.71129
0.71668
0.7418
0.6112
0.60203
0.54216
0.64466
0.49015
0.57662
0.56537
0.69887
0.56925
0.57717
0.55842
0.47512
0.40346
0.34031
0.31337
0.27248
0.24707
0.23356
0.25001
0.24208
0.27309
0.29749
0.34686
0.41544
0.42953
0.49571
0.49437
0.7041
0.91621
0.92003
0.94177
0.93063
0.92287
0.60903
0.30194
0.2069
0.19972
0.21558
0.19573
0.27914
0.18898
0.14065
0.094419
0.12943
0.20842
0.32489
0.634
0.90931
0.9297
0.93229
0.95667
0.97536
0.9748
0.96595
0.8871
0.82167
0.79029
0.62175
0.67265
0.65512
0.59748
0.49723
0.42325
0.49504
0.2915
0.27288
0.27789
0.25792
0.25417
0.24336
0.24595
0.25112
0.2793
0.3602
0.42032
0.50624
0.73432
0.87171
0.90143
0.89601
0.68897
0.53961
0.4458
0.36744
0.36531
0.38838
0.31809
0.36471
0.26678
0.32588
0.39612
0.41906
0.43128
0.44552
0.3283
0.36667
0.37133
0.34501
0.28203
0.29684
0.28542
0.23898
0.25238
0.2276
0.26464
0.22152
0.23691
0.26003
0.26746
0.26659
0.25973
0.25853
0.21295
0.18427
0.19859
0.18932
0.16689
0.14601
0.23707
0.29449
0.39321
0.45037
0.53884
0.66645
0.67086
0.68253
0.6682
0.57365
0.50451
0.43861
0.39026
0.3251
0.28494
0.237
0.23484
0.18651
0.13694
0.26154
0.79358
0.93342
0.95867
0.97469
0.78129
0.93061
0.96466
0.94816
0.94246
0.86614
0.82052
0.81501
0.88248
0.99844
0.99884
0.99877
0.9765
0.97077
0.97038
0.96496
0.92618
0.94957
0.93866
0.91097
0.9178
0.95136
0.95697
0.95558
0.84265
0.6868
0.52486
0.49175
0.4395
0.37184
0.27366
0.24562
0.23539
0.28071
0.48955
0.35296
0.29615
0.27764
0.33186
0.30609
0.50594
0.5567
