0.34115
0.33372
0.32975
0.34421
0.37997
0.38468
0.3785
0.34721
0.32924
0.30447
0.30285
0.30681
0.35062
0.37819
0.3755
0.39865
0.39365
0.39539
0.42663
0.43595
0.44139
0.42675
0.4111
0.37058
0.34871
0.37753
0.41951
0.34047
0.30271
0.29741
0.32597
0.3147
0.32804
0.29628
0.33621
0.38875
0.39085
0.38777
0.36913
0.40454
0.3917
0.3257
0.34676
0.40537
0.40439
0.40406
0.38215
0.36993
0.41004
0.42162
0.36499
0.33488
0.3256
0.30875
0.30949
0.31514
0.30746
0.31217
0.32599
0.33238
0.32974
0.31779
0.2992
0.2616
0.26381
0.27648
0.77844
0.89157
0.87599
0.61076
0.49752
0.32534
0.30028
0.27064
0.26402
0.31644
0.37168
0.67104
0.33215
0.31981
0.32888
0.23701
0.20753
0.29296
0.33962
0.35141
0.35285
0.35596
0.32509
0.33937
0.36099
0.35875
0.37801
0.40691
0.40232
0.37986
0.39606
0.40628
0.39608
0.37216
0.38275
0.41566
0.43793
0.5955
0.67625
0.90282
0.9084
0.92187
0.92933
0.93039
0.93609
0.93999
0.94173
0.94529
0.9402
0.88891
0.52539
0.83419
0.90077
0.917
0.94335
0.93772
0.94585
0.95165
0.93539
0.92703
0.93106
0.93857
0.94173
0.94166
0.92699
0.90441
0.88604
0.85755
0.85756
0.80796
0.85119
0.84218
0.74944
0.71109
0.66554
0.60806
0.4552
0.3073
0.54124
0.63913
0.88887
0.94689
0.92275
0.90172
0.88724
0.89482
0.51028
0.45974
0.49988
0.50702
0.73262
0.79831
0.79722
0.81319
0.81434
0.80713
0.79983
0.72221
0.60183
0.60526
0.59796
0.58738
0.56234
0.46491
0.38278
0.3798
0.37947
0.38988
0.37912
0.40494
0.40671
0.39908
0.36083
0.36778
0.3933
0.40435
0.44316
0.42965
0.381
0.29497
0.22918
0.17675
0.12353
0.10312
0.13963
0.13986
0.074445
0.077901
0.18719
0.21311
0.18409
0.29805
0.35251
0.33036
0.37353
0.38467
0.41552
0.38954
0.37113
0.88027
0.87605
0.5659
0.28214
0.29332
0.57166
0.51195
0.48231
0.43921
0.34393
0.4258
0.45035
0.4344
0.41841
0.3768
0.33805
0.33137
0.51675
0.78518
0.80701
0.83399
0.85142
0.87714
0.89374
0.89953
0.90643
0.91929
0.91987
0.91612
0.92399
0.92134
0.89636
0.85572
0.85915
0.85034
0.81488
0.74453
0.72902
0.61009
0.55745
0.49899
0.46408
0.47303
0.47152
0.46379
0.46751
0.49522
0.50281
0.4954
0.48044
0.49126
0.48058
0.47468
0.42156
0.43998
0.46985
0.46501
0.47271
0.45799
0.45991
0.45589
0.42521
0.3866
0.35571
0.32492
0.31763
0.37033
0.42046
0.36412
0.33126
0.2856
0.26158
0.24918
0.29821
0.29162
0.28236
0.32202
0.32818
0.3234
0.3264
0.33061
0.68028
0.7601
0.44649
0.37216
0.40048
0.3712
0.32422
0.36147
0.47267
0.53682
0.48826
0.4389
0.4356
0.44232
0.44456
0.44498
0.92519
0.93246
0.91345
0.89327
0.87457
0.85409
0.84591
0.84288
0.73594
0.50478
0.67668
0.86242
0.81485
0.83975
0.83137
0.81442
0.62921
0.51287
0.77938
0.73848
0.51401
0.37803
0.35655
0.31207
0.31162
0.26405
0.27479
0.67711
0.60073
0.61228
0.54417
0.28625
0.2727
0.2671
0.28874
0.33181
0.36137
0.49606
0.53551
0.49418
0.48154
0.47086
0.47475
0.44853
0.42899
0.40565
0.39848
0.36785
0.39101
0.37361
0.3649
0.33221
0.34905
0.34294
0.33451
0.31699
0.40117
0.3838
0.34892
0.28135
0.29283
0.28776
0.30707
0.29716
0.2741
0.25842
0.27686
0.33056
0.29763
0.31088
0.36243
0.39498
0.40376
0.3588
0.33317
0.27625
0.25136
0.25188
0.25401
0.21242
0.20349
0.20274
0.22314
0.31979
0.36379
0.34942
0.3223
0.38588
0.39396
0.37679
0.45445
0.40363
0.40164
0.35708
0.3551
0.34102
0.55124
0.55961
0.61949
0.66462
0.59341
0.64129
0.65186
0.69056
0.74255
0.72765
0.74915
0.70437
0.5194
0.37053
0.4563
0.44198
0.44819
0.44126
0.41606
0.38221
0.37816
0.42511
0.44056
0.44908
0.44451
0.45343
0.45404
0.45663
0.4495
0.42939
0.40626
0.38751
0.36146
0.36912
0.3617
0.36108
0.35372
0.36418
0.37627
0.38467
0.39039
0.38645
0.39304
0.38646
0.41341
0.4248
0.42074
0.4398
0.42054
0.42115
0.41027
0.4025
0.42783
0.42312
0.42169
0.4296
0.41444
0.4218
0.40676
0.42271
0.41504
0.4223
0.4312
0.43343
0.41046
0.45255
0.44234
0.43519
0.70835
0.95055
0.94549
0.93783
0.93346
0.92697
0.92751
0.89535
0.64607
0.44623
0.4268
0.39867
0.43644
0.41519
0.47811
0.51692
0.4176
0.43584
0.5288
0.51736
0.53364
0.50797
0.5024
0.51651
0.51516
0.49446
0.47882
0.43759
0.39046
0.33008
0.32508
0.32411
0.29884
0.29771
0.31959
0.28886
0.25022
0.25568
0.2888
0.25628
0.23125
0.27542
0.2963
0.26373
0.74121
0.86588
0.86594
0.85663
0.59491
0.40994
0.41896
0.47006
0.53727
0.59369
0.68835
0.58274
0.48311
0.35431
0.32237
0.35437
0.37491
0.34471
0.31636
0.31993
0.3394
0.30043
0.31563
0.32652
0.33737
0.26716
0.37141
0.80945
0.87748
0.90986
0.9213
0.90842
0.81295
0.42187
0.39606
0.54437
0.60148
0.62675
0.64132
0.57377
0.52229
0.48307
0.47816
0.5203
0.53205
0.50377
0.49185
0.52901
0.48096
0.83805
0.86989
0.84098
0.74762
0.49866
0.57109
0.51317
0.49871
0.47087
0.46709
0.48154
0.4458
0.46428
0.40658
0.43928
0.46806
0.47064
0.47156
0.46745
0.45915
0.4537
0.4812
0.54293
0.49606
0.45384
0.42211
0.3955
0.32112
0.29585
0.34168
0.36379
0.31286
0.26668
0.23277
0.14792
0.142
0.14936
0.15514
0.11472
0.09236
0.090348
0.1245
0.17244
0.21446
0.23112
0.27792
0.30651
0.27951
0.30531
0.78142
0.89453
0.91248
0.91623
0.88642
0.71269
0.69087
0.6189
0.64111
0.71148
0.6651
0.59523
0.53607
0.51105
0.51174
0.69105
0.56206
0.52578
0.57055
0.55705
0.47139
0.47028
0.44925
0.41205
0.37765
0.37539
0.40679
0.33167
0.58745
0.5034
0.49711
0.52155
0.54429
0.46896
0.33453
0.31336
0.312
0.34315
0.3239
0.31249
0.28573
0.23697
0.28191
0.17986
0.20157
0.45123
0.39461
0.49938
0.76988
0.73368
0.60655
0.51644
0.46802
0.46987
0.48456
0.87703
0.92186
0.93028
0.94009
0.92673
0.82004
0.8507
0.77611
0.6744
0.61706
0.55779
0.5809
0.70062
0.81093
0.92855
0.87347
0.74036
0.75761
0.8574
0.86272
0.86472
0.89295
0.90761
0.90747
0.88354
0.81611
0.81966
0.70363
0.5513
0.53496
0.5558
0.54916
0.54525
0.48207
0.509
0.48838
0.48011
0.45514
0.4428
0.42171
0.43551
0.40635
0.39373
0.39304
0.38883
0.47977
0.52315
0.49947
0.56248
0.71686
0.6791
0.70298
0.74279
0.87805
0.69905
0.867
0.89697
0.89355
0.7971
0.46609
0.86625
0.87788
0.87767
0.85488
0.8508
0.85262
0.81035
0.69544
0.6592
0.76664
0.8645
0.61379
0.4408
0.41896
0.56219
0.61611
0.55788
0.56005
0.54813
0.52832
0.5149
0.43502
0.3503
0.37131
0.46339
0.50127
0.40095
0.42725
0.44161
0.43407
0.39731
0.38962
0.29505
0.40801
0.47606
0.47632
0.48082
0.4305
0.46626
0.40588
0.30971
0.89256
0.91972
0.91294
0.88827
0.82653
0.56879
0.53175
0.54953
0.50071
0.48333
0.46309
0.40262
0.44736
0.32418
0.33482
0.31905
0.39783
0.45164
0.42566
0.48315
0.48018
0.74971
0.47121
0.49517
0.45274
0.44879
0.40178
0.35495
0.35069
0.37058
0.26822
0.39583
0.4048
0.54267
0.64788
0.63276
0.82023
0.81479
0.75064
0.54754
0.76066
0.9266
0.94752
0.93461
0.67542
0.48133
0.47946
0.46337
0.48799
0.48938
0.50654
0.50812
0.48988
0.66258
0.95782
0.95938
0.80647
0.66449
0.7085
0.62627
0.67659
0.864
0.91955
0.92969
0.87738
0.8489
0.8588
0.89456
0.72703
0.39029
0.28161
0.36917
0.59341
0.72628
0.81748
0.90847
0.88004
0.8595
0.87578
0.601
0.41763
0.68524
0.81972
0.42274
0.38893
0.39939
0.47972
0.53956
0.67568
0.6425
0.57863
0.5473
0.38765
0.30986
0.23864
0.23586
0.25503
0.44831
0.53779
0.57783
0.5968
0.57657
0.56888
0.58195
0.61349
0.54091
0.5437
0.53727
0.5738
0.57
0.53312
0.43312
0.52455
0.52504
0.52773
0.51851
0.47394
0.39594
0.43259
0.43021
0.51152
0.57272
0.50661
0.52669
0.55713
0.44079
0.37417
0.43139
0.66992
0.95402
0.97941
0.95923
0.95761
0.95729
0.94547
0.87386
0.8919
0.83655
0.77144
0.57571
0.44145
0.45579
0.45403
0.52055
0.68588
0.61634
0.49394
0.51728
0.44365
0.42062
0.43025
0.45351
0.44748
0.51555
0.48563
0.598
0.63796
0.60881
0.60331
0.70742
0.80256
0.83786
0.91659
0.96673
0.96293
0.9297
0.94206
0.9419
0.93026
0.94305
0.94706
0.94625
0.95189
0.95348
0.9478
0.96149
0.9534
0.96833
0.95006
0.95479
0.96764
0.94888
0.52721
0.4686
0.4684
0.47062
0.46014
0.4314
0.39205
0.38237
0.38328
0.36939
0.3846
0.40823
0.41864
0.40686
0.43831
0.4885
0.48982
0.46097
0.46926
0.40657
0.41936
0.45325
0.43735
0.39426
0.42311
0.66115
0.92623
0.92377
0.90827
0.90313
0.93513
0.87139
0.61367
0.69804
0.77333
0.75065
0.72327
0.72955
0.78314
0.48298
0.41743
0.42313
0.48293
0.43832
0.44072
0.56243
0.45076
0.54259
0.36919
0.40219
0.62843
0.47179
0.4358
0.55841
0.46955
0.45753
0.54201
0.6132
0.73208
0.70597
0.66609
0.75488
0.8805
0.82884
0.79693
0.81576
0.90778
0.81765
0.68136
0.82526
0.89416
0.87633
0.84494
0.88486
0.90627
0.81435
0.69375
0.66392
0.79234
0.82121
0.72855
0.68203
0.64855
0.57201
0.60509
0.48132
0.4725
0.49039
0.46366
0.48086
0.51975
0.51829
0.98175
0.67267
0.5101
0.74985
0.64094
0.78342
0.96894
0.95758
0.97828
0.96735
0.63523
0.50914
0.48722
0.56725
0.66773
0.60803
0.56312
0.59817
0.50644
0.49321
0.49395
0.51957
0.52061
0.53533
0.54427
0.55897
0.54473
0.46712
0.44291
0.44518
0.46595
0.41962
0.42207
0.39589
0.40977
0.3715
0.29697
0.28744
0.30744
0.34152
0.3223
0.34782
0.38866
0.3372
0.27202
0.23518
0.25952
0.29774
0.30895
0.35478
0.37771
0.32321
0.25962
0.26703
0.30116
0.33167
0.43317
0.37649
0.38484
0.36301
0.35347
0.40185
0.38796
0.42783
0.54822
0.49332
0.49151
0.4859
0.56669
0.53826
0.5338
0.56463
0.84668
0.8164
0.9409
0.73834
0.74638
0.73546
0.8624
0.84546
0.85201
0.84571
0.89477
0.90877
0.9547
0.94349
0.78696
0.86018
0.946
0.95125
0.96669
0.97104
0.97635
0.97906
0.99013
0.99048
0.98839
0.98183
0.98014
0.981
0.80552
0.8767
0.98946
0.99812
0.99007
0.9819
0.97564
0.97235
0.96865
0.97087
0.98065
0.90268
0.97915
0.98069
0.98164
0.98292
0.98933
0.98427
0.99955
0.98178
0.99395
0.99643
0.9915
0.91665
0.93575
0.90147
0.78165
0.83161
0.82995
0.999
1.0003
0.99854
0.99783
0.99806
0.9994
0.99961
0.99841
0.9983
1.0005
1.0003
0.99006
0.9974
0.9996
0.99842
0.99752
0.99857
0.99845
0.99707
0.99829
0.97887
0.85665
0.76587
0.71262
0.71303
0.41659
0.38665
0.3653
0.44411
0.50794
0.5309
0.48391
0.47531
0.85951
0.57762
0.48666
0.59447
0.84443
0.92749
0.84391
0.98037
0.89582
0.64551
0.70665
0.91266
0.98463
0.99958
0.98802
0.97188
0.96894
0.96844
0.97524
0.95944
0.96335
0.98375
0.96844
0.88954
0.67709
0.5742
0.52132
0.51776
0.6762
0.54226
0.60141
0.6098
0.87483
0.90231
0.82777
0.78912
0.95249
0.96673
0.98933
0.95541
0.78466
0.71337
0.65635
0.66773
0.89084
0.92005
0.94875
0.96098
0.94267
0.92796
0.93509
0.95655
0.93062
0.8876
0.95874
0.93873
0.95803
0.96357
0.9728
0.97549
0.99008
0.98854
0.99083
0.98814
0.99866
0.97705
0.98028
0.98652
0.99103
0.99076
0.99108
0.98886
0.9811
0.9718
0.94432
0.79467
0.69889
0.88836
0.99802
0.9878
0.94723
0.97698
0.79848
0.70643
0.69339
0.70638
0.74361
0.72971
0.70719
0.80169
0.73174
0.70872
0.5772
0.56369
0.68121
0.70417
0.6249
0.59243
0.56785
0.52922
0.73179
0.91129
0.75506
0.6898
0.58061
0.43613
0.37452
0.69123
0.88479
0.87718
0.81224
0.85852
0.83404
0.82934
0.83308
0.93528
0.97918
0.99981
0.98386
0.98323
0.97626
0.97507
0.98052
0.97652
0.97278
0.86419
0.69149
0.6349
0.62242
0.66358
0.84692
0.80536
0.93528
0.99977
0.99403
0.96644
0.79019
0.65652
0.70644
0.72702
0.9195
0.89351
0.88014
0.83351
0.74246
0.8337
0.67234
0.45744
0.42977
0.46049
0.41227
0.41818
0.40248
0.3948
0.40945
0.42257
0.54712
0.65412
0.77247
0.91691
0.5701
0.40885
0.37649
0.75903
0.68905
0.65495
0.65219
0.99002
0.99767
0.8419
0.74773
0.51651
0.57347
0.57715
0.52528
0.54493
0.59493
0.60139
0.62273
0.64171
0.70834
0.84324
0.75277
0.69342
0.64826
0.5978
0.5214
0.4423
0.42159
0.5346
0.67265
0.69274
0.8381
0.79103
0.6206
0.60096
0.41756
0.42871
0.3512
0.39652
0.38032
0.36006
0.30096
0.31844
0.39285
0.35518
0.39713
0.30865
0.50329
0.49704
0.46206
0.39148
0.42757
0.48787
0.47806
0.48295
0.65552
0.83907
0.83145
0.78766
0.94183
0.9931
0.99964
0.9991
0.99805
0.86705
0.78254
0.68698
0.72329
0.56047
0.54585
0.67018
0.68316
0.75089
0.75138
0.68833
0.6851
0.56651
0.57613
0.5654
0.70989
0.59232
0.50317
0.42911
0.41692
0.46954
0.49072
0.50297
0.55502
0.54193
0.5263
0.58115
0.66678
0.79462
0.76506
0.82646
0.84801
0.78856
0.59817
0.55119
0.58255
0.59294
0.5191
0.69914
0.77816
0.72942
0.72115
0.62406
0.6702
0.71769
0.57515
0.62811
0.63754
0.64571
0.65844
0.71205
0.73661
0.76295
0.93432
0.94129
0.80693
0.85048
0.82521
0.78523
0.69439
0.75631
0.72165
0.85417
0.78638
0.55772
0.51577
0.58877
0.67512
0.64144
0.63577
0.622
0.58929
0.5849
0.53801
0.50641
0.54036
0.62798
0.73691
0.61991
0.52686
0.53119
0.48997
0.46431
0.46505
0.4765
0.47523
0.49296
0.51398
0.64211
0.58254
0.53466
0.45752
0.46028
0.40731
0.42341
0.45498
0.5602
0.5358
0.62703
0.65675
0.66808
0.70709
0.80376
0.78887
0.72714
0.72894
0.73791
0.81996
0.76239
0.78223
0.81209
0.80158
0.7391
0.72034
0.7874
0.81683
0.86222
0.97257
0.99923
0.98803
0.92988
0.86085
0.85973
0.74518
0.79855
0.84236
0.78084
0.70661
0.65552
0.63809
0.5595
0.69377
0.76307
0.84239
0.82588
0.83723
0.72518
0.64487
0.59942
0.49015
0.4639
0.4913
0.45791
0.53346
0.47368
0.39385
0.48964
0.68437
0.6194
0.72673
0.66755
0.70375
0.83229
0.95872
0.98497
0.98663
0.97606
0.93664
0.77918
0.69035
0.58953
0.5351
0.49242
0.47114
0.43751
0.623
0.52834
0.48494
0.52189
0.62952
0.64476
0.56646
0.49686
0.53259
0.5655
0.56094
0.57668
0.76164
0.68259
0.85065
0.87229
0.94459
0.98308
0.99989
0.98368
0.98913
0.98846
0.95034
0.95393
0.9769
0.97831
0.98317
0.9816
0.9996
0.99939
1.0004
1.0002
0.95598
0.92614
0.98532
0.98619
0.85596
0.86952
0.72358
0.5897
0.54697
0.50113
0.51794
0.42527
0.36209
0.35509
0.27083
0.19147
0.22914
0.18985
0.45483
0.48551
0.46986
0.36742
0.43375
0.50719
0.53159
0.5445
0.58263
0.5932
0.57127
0.53649
0.48808
0.43903
0.49607
0.55045
0.56954
0.46571
0.43799
0.4398
0.44718
0.40557
0.3727
0.38723
0.65571
0.44402
0.35621
0.45882
0.47447
0.43188
0.35319
0.316
0.39357
0.46797
0.41749
0.52432
0.52741
0.58253
0.56896
0.61216
0.67312
0.71701
0.66622
0.65502
0.68828
0.70176
0.71048
0.82601
0.85029
0.68421
0.58235
0.54873
0.62399
0.64649
0.64609
0.74143
0.77514
0.74204
0.77643
0.84413
0.97103
0.98283
0.99942
0.99765
1.0005
0.99867
0.99868
0.9984
0.9243
0.82484
0.82842
0.77075
0.72105
0.63098
0.58834
0.5427
0.47862
0.462
0.51615
0.50701
0.40314
0.22989
0.15012
0.18508
0.25882
0.37685
0.62364
0.58998
0.49572
0.57859
0.61302
0.63132
0.66816
0.75007
0.89075
0.98234
0.99917
0.99707
0.99729
0.99848
0.98618
0.95715
0.94141
0.82345
0.6845
0.56921
0.5213
0.50813
0.50116
0.42297
0.54219
0.55999
0.71619
0.69197
0.68412
0.71695
0.77411
0.91941
0.96533
0.99797
0.99956
0.72553
0.63073
0.60311
0.57137
0.55053
0.53666
0.53299
0.56677
0.51151
0.44341
0.40198
0.42802
0.47192
0.43876
0.63886
0.6623
0.60224
0.80783
0.77635
0.85226
0.57766
0.85975
0.67213
0.72675
0.68547
0.62496
0.56993
0.58652
0.62746
0.61431
0.57267
0.57251
0.56231
0.56429
0.57192
0.56592
0.54583
0.74679
0.67915
0.77648
0.64874
0.6707
0.67222
0.62972
0.6007
0.52913
0.63566
0.60514
0.66313
0.5607
0.65485
0.7267
0.85753
0.83345
0.82341
0.88267
0.88004
0.96526
0.97088
0.96416
0.82382
0.79804
0.6642
0.58034
0.56285
0.53483
0.5509
0.50016
0.50731
0.53784
0.62756
0.73318
0.64026
0.57982
0.57752
0.5228
0.56342
0.66162
0.75442
0.85628
0.67476
0.69098
0.72256
0.89128
0.85889
0.90141
0.90383
0.99972
0.99987
0.99871
0.99824
0.99964
0.99805
0.99992
0.99828
0.92493
0.85258
0.82996
0.9051
0.99989
0.99988
0.9991
1.0006
0.99705
0.99853
0.85135
0.81226
0.83958
0.96022
0.96493
0.99508
0.88653
0.96631
0.98129
0.99362
0.99929
1
0.99904
0.9982
0.9993
1.0001
0.97492
0.90737
0.95705
0.98643
0.95416
0.90716
0.7709
0.74534
0.56908
0.61147
0.76792
0.72203
0.62767
0.59547
0.5571
0.47887
0.48126
0.54341
0.56945
0.56852
0.66055
0.75902
0.79915
0.81106
0.59763
0.6311
0.65128
0.60427
0.54392
0.5537
0.54178
0.63805
0.62392
0.58643
0.5468
0.62212
0.71701
0.80774
0.84368
0.53373
0.45548
0.42721
0.39844
0.43365
0.55167
0.65943
0.66826
0.64758
0.67953
0.69366
0.72062
0.74077
0.84205
0.75346
0.74895
0.70506
0.83088
0.83887
0.94502
0.99207
0.97789
0.91865
0.98331
0.96347
0.98942
0.99739
0.99715
0.99778
0.99714
0.99946
0.99789
0.61042
0.60132
0.61593
0.63092
0.5976
0.61981
0.56696
0.62615
0.77295
0.624
0.39309
0.50561
0.88653
0.90547
0.72208
0.68285
0.51333
0.4503
0.53781
0.44619
0.4245
0.39568
0.41112
0.34567
0.40289
0.48459
0.46606
0.45578
0.42389
0.46633
0.53386
0.85828
0.65113
0.55648
0.50858
0.48707
0.41771
0.36858
0.37551
0.46336
0.59868
0.56342
0.72625
0.93762
0.99958
0.99375
0.75204
0.43726
0.41732
0.36358
0.32441
0.36079
0.36719
0.35029
0.52844
0.54105
0.57205
0.60133
0.75177
0.93683
0.94336
0.96629
0.99262
0.97284
0.97288
0.97442
0.82942
0.69183
0.5757
0.56962
0.46673
0.34463
0.30109
0.25594
0.2146
0.2014
0.22142
0.22947
0.24441
0.3252
0.37189
0.371
0.30561
0.28705
0.35704
0.37098
0.31541
0.22781
0.17199
0.1329
0.17418
0.25736
0.27071
0.26701
0.37924
0.35557
0.32927
0.29953
0.32562
0.3327
0.28854
0.34153
0.36347
0.35591
0.31142
0.36507
0.3896
0.40899
0.45858
0.55434
0.52504
0.53963
0.57083
0.59343
0.56118
0.56587
0.57349
0.71905
0.60968
0.53483
0.50651
0.59263
0.48819
0.46615
0.46843
0.43073
0.49787
0.53529
0.5163
0.54986
0.57443
0.60653
0.74953
0.72434
0.84202
0.67158
0.77168
0.84716
0.93848
0.91558
0.96244
0.93259
0.96339
0.99181
0.99789
0.99828
0.90778
0.98646
0.96487
0.87601
0.84142
0.71699
0.56732
0.49946
0.51449
0.5183
0.53779
0.59734
0.57081
0.59408
0.55318
0.52056
0.41633
0.4239
0.48191
0.47069
0.41332
0.37594
0.37432
0.25131
0.78541
0.9351
0.9555
0.96167
0.98066
0.99474
0.9977
1.0003
0.9987
1.0007
0.99817
0.86509
0.62292
0.51476
0.43265
0.45585
0.9601
0.93776
0.92139
0.95329
0.99872
0.99872
0.87339
0.65243
0.89512
0.94641
0.97568
0.99788
0.99054
0.90324
0.7572
0.68322
0.64686
0.57971
0.88153
0.72662
0.38001
0.27802
0.21553
0.16351
0.12656
0.11238
0.10517
0.14033
0.19997
0.14558
0.16882
0.19229
0.20329
0.20768
0.25826
0.2741
0.26894
0.2296
0.1508
0.12752
0.18496
0.19338
0.16194
0.12455
0.15226
0.20739
0.20789
0.22232
0.22258
0.21778
0.2466
0.231
0.29153
0.34955
0.37491
0.38191
0.39701
0.38489
0.41382
0.42563
0.44226
0.36003
0.35622
0.31466
0.32874
0.34483
0.36716
0.44858
0.38365
0.46685
0.49711
0.51045
0.66448
0.84132
1.0009
1.0006
0.998
0.84038
0.6514
0.72186
0.81798
0.77952
0.87806
0.82341
0.80063
0.75145
0.74033
0.70216
0.67396
0.61962
0.50938
0.49204
0.47404
0.4158
0.41267
0.35596
0.28867
0.31825
0.36832
0.65563
0.94086
0.95606
0.95784
0.96287
0.96921
0.97265
0.95426
0.80748
0.692
0.63277
0.6107
0.60468
0.60602
0.60834
0.62302
0.56736
0.5465
0.52911
0.47023
0.40607
0.28119
0.34152
0.86973
0.94012
0.9992
0.99857
0.99995
0.99865
1.0001
0.99818
0.99953
0.99561
0.99175
0.93384
0.82607
0.88855
0.67935
0.49797
0.54069
0.46611
0.40992
0.34502
0.33677
0.34443
0.27168
0.13902
0.22017
0.33491
0.43719
0.59546
0.82458
0.95734
0.74947
0.60672
0.51414
0.44923
0.42078
0.34997
0.35075
0.40181
0.43434
0.47978
0.49145
0.45541
0.41546
0.38592
0.42163
0.43818
0.45037
0.46952
0.50579
0.48504
0.43988
0.42869
0.42174
0.40401
0.39617
0.38308
0.37395
0.34014
0.37482
0.3842
0.3818
0.3944
0.40924
0.40593
0.36841
0.69977
0.95136
0.95862
0.9614
0.96548
0.96842
0.97203
0.9218
0.82517
0.81243
0.71478
0.5753
0.44931
0.39576
0.41734
0.38544
0.27972
0.28805
0.34838
0.2706
0.24481
0.26472
0.3487
0.46604
0.49711
0.57872
0.59224
0.56832
0.5802
0.65194
0.62722
0.5639
0.52549
0.4944
0.56623
0.59561
0.55417
0.56737
0.50206
0.47538
0.46689
0.4712
0.5104
0.5108
0.49168
0.50185
0.53959
0.53013
0.53724
0.52171
0.45944
0.38525
0.3468
0.30744
0.45636
0.54054
0.74186
0.93519
0.95517
0.93452
0.93862
0.943
0.94612
0.94695
0.93064
0.87533
0.72
0.70378
0.56335
0.51935
0.51101
0.48604
0.43839
0.42264
0.40474
0.39702
0.39849
0.40126
0.41701
0.42632
0.40903
0.37859
0.36803
0.37248
0.35665
0.31643
0.29181
0.28997
0.29694
0.30716
0.30855
0.33161
0.3467
0.43933
0.77413
0.90604
0.931
0.94455
0.77329
0.5524
0.50617
0.45392
0.44593
0.42962
0.41351
0.39661
0.37788
0.36644
0.33217
0.32883
0.30721
0.26334
0.22945
0.1843
0.14842
0.11848
0.12094
0.10439
0.097995
0.12122
0.14258
0.14497
0.25227
0.2947
0.58034
0.45529
0.91645
0.92296
0.93898
0.90003
0.72124
0.46666
0.4335
0.43316
0.40808
0.43009
0.41244
0.39716
0.40574
0.41501
0.43711
0.46529
0.51818
0.42187
0.61374
0.53883
0.68766
0.69187
0.69577
0.64525
0.9205
0.70664
0.66811
0.48996
0.46658
0.40065
0.37722
0.35909
0.35215
0.35188
0.33774
0.34836
0.40273
0.39341
0.36852
0.35228
0.38482
0.38353
0.41649
0.37988
0.36182
0.35849
0.37691
0.40582
0.42202
0.4139
0.40179
0.41726
0.39566
0.37583
0.40674
0.41787
0.415
0.41479
0.42771
0.39824
0.39063
0.39816
0.38791
0.38148
0.37316
0.37578
0.37647
0.3796
0.38525
0.38655
0.38845
0.4189
0.34191
0.33139
0.33168
0.35321
0.37644
0.36935
0.44678
0.6315
0.92098
0.96375
0.96371
0.96767
0.96437
0.96403
0.93495
0.84021
0.59853
0.49564
0.50129
0.63328
0.77462
0.78258
0.78832
0.86661
0.88729
0.91143
0.91746
0.92095
0.92242
0.91394
0.55353
0.45698
0.4598
0.44955
0.45546
0.44582
0.44224
0.42707
0.41678
0.4216
0.43404
0.431
0.40415
0.39379
0.37037
0.3564
0.34321
0.40923
0.62642
0.69524
0.58392
0.57459
0.55355
0.43418
0.44399
0.40445
0.39658
0.29147
0.2232
0.20567
0.25166
0.17816
0.20424
0.39904
0.39842
0.33369
0.3414
0.37314
0.52895
0.50443
0.52129
0.46767
0.4444
0.40256
0.37778
0.36221
0.35471
0.31013
0.29165
0.25605
0.27117
0.30455
0.29623
0.13091
0.24015
0.5542
0.90248
0.93335
0.95753
0.98101
0.98769
0.99359
0.99302
0.98863
0.98338
0.9744
0.96015
0.9329
0.92718
0.92336
0.91537
0.94457
0.93657
0.94533
0.95175
0.96182
0.94568
0.85321
0.47213
0.5849
0.65113
0.71238
0.697
0.5128
0.50704
0.70938
0.76983
0.74036
0.77107
0.75038
0.76059
0.73106
0.66411
0.57198
0.45952
0.38124
0.33494
0.28005
0.26969
0.28512
0.28618
0.30477
0.27733
0.26066
0.2858
0.34637
0.36071
0.37933
0.30165
0.358
0.32194
0.31212
0.25242
0.27581
0.23711
0.25144
0.11281
0.10051
0.1374
0.22438
0.49307
0.64887
0.65385
0.52532
0.37389
0.29343
0.3128
0.33222
0.38276
0.28513
0.35956
0.38162
0.35264
0.34189
0.33904
0.34096
0.33233
0.35091
0.47055
0.51872
0.49178
0.45367
0.38412
0.36588
0.35053
0.36395
0.33954
0.36158
0.42678
0.41854
0.38728
0.35596
0.34687
0.45722
0.38873
0.36761
0.34103
0.33744
0.33864
0.3535
0.2822
0.22478
0.33299
0.33583
0.31248
0.20865
0.17366
0.24517
0.22262
0.29918
0.2917
0.33222
0.36898
0.40853
0.30637
0.32861
0.25939
0.21635
0.20812
0.21195
0.23361
0.27745
0.29796
0.27206
0.22504
0.21086
0.22084
0.21733
0.17574
0.16548
0.19822
0.19113
0.19652
0.19236
0.18891
0.16665
0.14988
0.15524
0.17449
0.18958
0.27562
0.40857
0.87576
0.9078
0.92331
0.88938
0.89124
0.86838
0.87778
0.88126
0.91998
0.5625
0.69163
0.6213
0.74775
0.93414
0.9282
0.93871
0.93665
0.91564
0.87356
0.87658
0.80274
0.81318
0.56119
0.55908
0.52044
0.3981
0.37594
0.3866
0.41103
0.43074
0.43924
0.45065
0.4931
0.48886
0.47293
0.40832
0.41648
0.36242
0.29853
0.29052
0.28866
0.31029
0.31246
0.33817
0.29001
0.28764
0.30617
0.29459
0.25385
0.24069
0.29872
0.37364
0.4143
0.43819
0.47101
0.50457
0.48105
0.42152
0.36283
0.36527
0.37884
0.57402
0.59041
0.63075
0.65959
0.6239
0.59156
0.71196
0.66022
0.60515
0.62474
0.91642
0.94136
0.954
0.9625
0.96346
0.96164
0.96915
0.95967
0.91282
0.61234
0.58835
0.56536
0.57276
0.62217
0.5717
0.58156
0.52509
0.50913
0.49734
0.45365
0.41523
0.38246
0.41879
0.38662
0.36163
0.3462
0.33981
0.33544
0.327
0.32976
0.33136
0.3281
0.32428
0.30999
0.31033
0.30411
0.3921
0.36038
0.29468
0.25896
0.30167
0.30789
0.30065
0.36509
0.40289
0.44064
0.4804
0.52319
0.63391
0.44225
0.38627
0.42454
0.70796
0.5519
0.75745
0.7773
0.4554
0.35961
0.36193
0.26572
0.34357
0.33243
0.30588
0.22784
0.28856
0.27375
0.2284
0.21815
0.17369
0.1454
0.1258
0.10613
0.087116
0.09172
0.077947
0.078443
0.074178
0.074134
0.058485
0.047602
0.051539
0.04767
0.059844
0.071594
0.071685
0.088477
0.10056
0.13561
0.17591
0.21592
0.31413
0.50441
0.56371
