0.90534
0.82424
0.53758
0.55974
0.46202
0.45383
0.41778
0.38299
0.30464
0.31592
0.34179
0.37422
0.38035
0.34975
0.33477
0.30238
0.27863
0.27491
0.28868
0.3084
0.32641
0.34216
0.33446
0.3469
0.25248
0.21989
0.22487
0.17214
0.24337
0.37463
0.44349
0.4286
0.39107
0.30949
0.16568
0.15179
0.36409
0.30092
0.53722
0.68486
0.36497
0.33874
0.30985
0.28751
0.27501
0.28279
0.39003
0.38838
0.46554
0.47883
0.40726
0.34929
0.34554
0.34948
0.32744
0.34383
0.344
0.36306
0.3399
0.32244
0.30646
0.28004
0.2288
0.18256
0.19319
0.13529
0.17674
0.26872
0.27286
0.21699
0.19269
0.19083
0.20836
0.20759
0.1793
0.19026
0.26247
0.2713
0.22684
0.21862
0.20184
0.18614
0.22283
0.2797
0.20608
0.13156
0.13144
0.16852
0.19378
0.33462
0.9434
0.94662
0.96075
0.99871
0.99902
0.99705
0.99842
0.92984
0.96436
0.99392
0.9937
0.98709
0.99932
1.0003
0.99918
0.90242
0.52508
0.99956
0.98791
0.97458
0.96507
0.96255
0.96532
0.95001
0.98599
0.98616
0.96593
0.96513
0.96687
0.97021
0.97119
0.97053
0.95621
0.95114
0.93813
0.90507
0.85988
0.68057
0.52979
0.57213
0.90579
0.95168
0.99186
0.9877
0.98731
0.98862
0.99004
0.98666
0.97783
0.97886
0.94917
0.90973
0.8603
0.86842
0.86165
0.87728
0.90551
0.91387
0.90415
0.95416
0.98013
0.99015
0.99938
0.99868
0.97858
0.97613
0.96611
0.95779
0.96953
0.74546
0.4754
0.32995
0.30066
0.77179
0.88425
0.94434
1.0009
0.99748
0.99606
0.99195
0.90949
0.59624
0.66581
0.42134
0.82592
0.92714
0.96351
0.96608
0.99894
0.9981
0.99888
0.99737
0.99702
0.98944
0.98948
1.0006
0.98863
0.95798
0.9407
0.9232
0.87745
0.77393
0.5943
0.39851
0.45862
0.5147
0.50924
0.58123
0.67205
0.86676
0.90766
0.91635
0.91718
0.90422
0.92309
0.91347
0.84343
0.84925
0.9508
0.96605
0.98002
0.97721
0.98204
0.89573
0.50642
0.40615
0.38354
0.23589
0.1822
0.18586
0.20385
0.30677
0.30749
0.2627
0.20588
0.22436
0.24571
0.42068
0.47658
0.469
0.45785
0.47063
0.53808
0.8168
0.90285
0.91635
0.96279
0.96534
0.96324
0.95862
0.95096
0.89761
0.80185
0.91134
0.53648
0.50647
0.45903
0.39501
0.3634
0.3496
0.35992
0.36757
0.30714
0.24186
0.26464
0.21775
0.26209
0.35817
0.56356
0.42079
0.40881
0.44998
0.39828
0.55836
0.38154
0.39093
0.3829
0.3589
0.34152
0.38392
0.35189
0.39363
0.35781
0.36309
0.38101
0.38799
0.35079
0.46875
0.40764
0.48154
0.52219
0.52575
0.52215
0.48621
0.43739
0.44272
0.379
0.35437
0.38949
0.47656
0.59767
0.87954
0.85089
0.90265
0.89785
0.87002
0.90958
0.91516
0.88711
0.87144
0.67183
0.52229
0.53679
0.60126
0.41355
0.33034
0.414
0.50231
0.49375
0.34363
0.67707
0.74594
0.84338
0.88273
0.39025
0.32969
0.23198
0.20298
0.28086
0.23553
0.44252
0.37745
0.35675
0.8511
0.89227
0.87319
0.84688
0.46197
0.38471
0.28545
0.34332
0.30411
0.34024
0.313
0.31463
0.33112
0.35901
0.40377
0.40969
0.3362
0.3349
0.37119
0.43142
0.51304
0.39052
0.4615
0.46215
0.51348
0.49894
0.34631
0.47496
0.35458
0.62662
0.59322
0.54145
0.48072
0.46308
0.42234
0.40319
0.37656
0.3682
0.34138
0.30541
0.30215
0.3034
0.30845
0.3389
0.30708
0.21608
0.16637
0.20342
0.35203
0.40381
0.42114
0.41648
0.37948
0.3799
0.41196
0.35248
0.44795
0.61557
0.47094
0.43993
0.41983
0.42435
0.43509
0.79037
0.46171
0.38049
0.34752
0.34114
0.35226
0.36398
0.41678
0.88266
0.59442
0.72814
0.659
0.90708
0.95189
0.93596
0.92064
0.91452
0.9067
0.86224
0.89448
0.85557
0.83197
0.82961
0.74524
0.59824
0.38578
0.36675
0.35011
0.28624
0.18794
0.14861
0.13423
0.14028
0.11687
0.1795
0.3463
0.24437
0.24461
0.25937
0.26493
0.2821
0.30341
0.29859
0.29289
0.26255
0.34549
0.22481
0.16601
0.21211
0.20728
0.21938
0.22071
0.18599
0.19983
0.24447
0.26217
0.23134
0.25379
0.24241
0.29951
0.26629
0.27545
0.29102
0.30195
0.2728
0.26612
0.27444
0.21386
0.17746
0.11608
0.27246
0.20699
0.77276
0.87587
0.84818
0.91102
0.9265
0.93514
0.9379
0.84454
0.60806
0.50287
0.44718
0.5308
0.94236
0.96691
0.97184
0.97445
0.97202
0.93344
0.96897
0.97266
0.94293
0.61193
0.50436
0.52435
0.49571
0.39157
0.34484
0.28219
0.27386
0.26836
0.28584
0.25564
0.21993
0.16483
0.23427
0.42003
0.58471
0.61341
0.4847
0.61157
0.94063
0.96059
0.94809
0.97443
0.98062
0.97558
0.96847
0.96998
0.94274
0.80102
0.48881
0.4022
0.16745
0.1421
0.10974
0.14507
0.137
0.19534
0.62244
0.87362
0.78259
0.50947
0.44395
0.25324
0.24803
0.19666
0.31152
0.32687
0.32201
0.31722
0.27829
0.25619
0.2626
0.22735
0.27939
0.33952
0.3096
0.38749
0.40636
0.57124
0.61984
0.51304
0.56854
0.59753
0.61198
0.63561
0.55339
0.50836
0.44219
0.42754
0.45208
0.52485
0.68152
0.96715
0.95499
0.95302
0.96855
0.97843
0.98272
0.9805
0.98143
0.95022
0.80802
0.70012
0.55164
0.54864
0.55012
0.60047
0.61623
0.60527
0.61704
0.55911
0.52643
0.47833
0.43357
0.45394
0.86805
0.88773
0.8872
0.75486
0.61291
0.48938
0.43782
0.53517
0.76555
0.85211
0.93084
0.96906
0.97938
0.98488
0.99262
0.98468
0.97658
0.96922
0.97173
0.9449
0.92949
0.92775
0.92959
0.88592
0.46789
0.42639
0.43813
0.34513
0.20535
0.58477
0.43933
0.61036
0.93311
0.90347
0.89354
0.65036
0.45222
0.61019
0.82965
0.84521
0.85907
0.86244
0.85966
0.84303
0.79987
0.7103
0.71914
0.5712
0.39334
0.5237
0.27774
0.32742
0.37798
0.32123
0.30731
0.32004
0.4009
0.40544
0.3924
0.47251
0.64415
0.57931
0.54216
0.52601
0.50068
0.58416
0.80595
0.67592
0.5817
0.41759
0.37332
0.35506
0.33363
0.3199
0.30568
0.24702
0.18479
0.21408
0.21144
0.35309
0.5888
0.60966
0.93729
0.951
0.94655
0.75944
0.58623
0.58159
0.57468
0.57296
0.52247
0.37771
0.36122
0.36438
0.37943
0.4157
0.42037
0.39699
0.27619
0.23635
0.25284
0.21079
0.25327
0.27882
0.24588
0.24068
0.24114
0.27563
0.29624
0.33558
0.37841
0.40632
0.45093
0.32784
0.47337
0.60048
0.78411
0.80161
0.73349
0.73072
0.74114
0.56914
0.38677
0.28797
0.25897
0.28232
0.4409
0.28397
0.33492
0.38668
0.39618
0.40234
0.38408
0.40721
0.35317
0.28992
0.3193
0.29152
0.18068
0.1256
0.15103
0.47584
0.69997
0.74074
0.72631
0.80507
0.6228
0.90917
0.80075
0.64066
0.88068
0.99021
0.99737
0.98865
0.98734
0.99047
0.98732
0.99256
0.99795
0.99882
0.98223
0.86459
0.8656
0.91923
0.92079
0.90787
0.90539
0.90577
0.89105
0.71278
0.51376
0.68229
0.99045
0.989
0.98441
0.97382
0.96241
0.67042
0.52647
0.46376
0.42524
0.43505
0.48194
0.58536
0.82542
0.78807
0.7586
0.50955
0.49606
0.39407
0.5163
0.56608
0.80134
0.94174
0.91649
0.60181
0.74363
0.55306
0.54555
0.98933
0.98003
0.97752
0.97985
0.98421
0.9848
0.99818
0.99859
0.9787
0.98025
0.98871
0.98911
0.98548
0.97113
0.94903
0.92525
0.92898
0.89775
0.88877
0.81697
0.80247
0.7066
0.70718
0.68834
0.71702
0.85056
0.59089
0.2902
0.3231
0.37437
0.38397
0.57268
0.74812
0.72799
0.74709
0.65378
0.67781
0.72808
0.7757
0.82233
0.91531
0.94238
0.71914
0.72095
0.76028
0.8114
0.98704
0.99772
1.0001
1.0005
0.99807
0.99824
1.0006
0.98681
0.91073
0.86626
0.84102
0.82541
0.77893
0.81817
0.75957
0.69157
0.6758
0.87454
0.95706
0.97463
0.95035
0.96133
0.99053
0.79323
0.71878
0.99364
0.9802
0.98447
0.98027
0.97387
0.97168
0.97217
0.98148
0.98785
0.98485
0.97512
0.72854
0.48195
0.50865
0.49543
0.54769
0.54527
0.56318
0.53136
0.47953
0.4218
0.39923
0.39417
0.42237
0.48407
0.64523
0.76813
0.68609
0.47342
0.30982
0.29591
0.40056
0.60657
0.56148
0.76859
0.64849
0.66997
0.53145
0.45904
0.36523
0.50212
0.68234
0.69875
0.74147
0.91835
0.89524
0.93437
0.95957
0.89186
0.91619
0.98031
0.9776
0.97794
0.9495
0.97791
0.9811
0.97896
0.9778
0.98537
0.871
0.80514
0.66538
0.55174
0.57381
0.61491
0.7992
0.9992
0.97928
0.97813
0.99953
0.9986
0.99319
0.97449
0.98633
0.98346
0.98389
0.9808
0.9796
0.9839
0.98887
0.9918
1.0003
0.99963
0.99708
0.9903
0.99055
0.98991
0.99088
0.98429
0.97804
0.89234
0.95833
0.90881
0.83727
0.83061
0.86519
0.80426
0.8371
0.87671
0.88205
0.69304
0.94484
0.99128
0.99879
0.99949
0.89171
0.86682
0.99752
0.97182
0.84262
0.79072
0.73829
0.83449
0.82132
0.78866
0.85221
0.84435
0.83654
0.77273
0.83311
0.89907
0.77707
0.78527
0.68199
0.7965
0.67652
0.60808
0.70557
0.89292
0.89484
0.97647
0.96631
0.75932
0.85898
0.87565
1.0009
0.99877
1.0006
0.99418
0.98772
0.99462
0.98373
0.81173
0.79036
0.81522
0.89223
0.92735
0.96398
0.94398
0.86392
0.77529
0.65723
0.75928
0.71122
0.77543
0.73111
0.82847
0.53519
0.73892
0.81563
0.84403
0.70165
0.65517
0.59275
0.70948
0.63668
0.52644
0.61797
0.6338
0.62645
0.68678
0.84629
0.76628
0.65907
0.53638
0.65244
0.77785
0.64742
0.709
0.65238
0.55508
0.50947
0.43278
0.5146
0.70869
0.73643
0.91707
0.97632
0.94671
0.8295
0.70607
0.6129
0.56755
0.55015
0.66055
0.5746
0.57627
0.78833
0.75924
0.7275
0.71764
0.70326
0.9606
0.95131
0.89506
0.80126
0.84856
0.98831
0.99721
1.0007
0.98413
0.97591
0.92624
0.87664
0.77047
0.71315
0.78421
0.60612
0.5672
0.70012
0.82217
0.81607
0.93398
0.96406
0.85973
0.83444
0.66069
0.49528
0.46258
0.46135
0.37567
0.39155
0.41617
0.44251
0.49663
0.55653
0.38502
0.40547
0.46836
0.52453
0.47442
0.48971
0.46724
0.47084
0.37214
0.53687
0.54455
0.55601
0.54047
0.58318
0.51157
0.53046
0.60156
0.702
0.69358
0.69122
0.66889
0.5311
0.58684
0.68355
0.61727
0.80224
0.93576
0.9121
0.88626
0.87847
0.97958
0.95652
0.99856
0.99622
0.99848
0.95744
0.99801
1.0003
0.99885
1.0001
0.99956
0.99926
0.99301
0.9856
0.96348
0.96406
0.95851
0.94499
0.9391
0.82125
0.87998
0.80037
0.73173
0.73292
0.9121
0.75657
0.82611
0.74009
0.65395
0.68469
0.66738
0.5631
0.60853
0.79211
0.93718
0.70096
0.46048
0.60641
0.74687
0.6282
0.6259
0.86033
0.92968
0.71764
0.88455
0.7501
0.723
0.65556
0.69819
0.82252
0.40536
0.34028
0.28796
0.26719
0.33015
0.30732
0.3985
0.91471
0.7395
0.52489
0.36973
0.49141
0.63992
0.6737
0.69082
0.74497
0.57152
0.30547
0.30011
0.28363
0.41393
0.58188
0.62912
0.37963
0.46647
0.22564
0.22497
0.35838
0.49875
0.47441
0.6052
0.81096
0.74923
0.72336
0.58693
0.61784
0.70377
0.74151
0.88938
0.85314
0.7423
0.63826
0.57004
0.55718
0.55589
0.56146
0.65028
0.72798
0.64122
0.62393
0.5521
0.54074
0.60169
0.67794
0.65908
0.71452
0.77623
0.80425
0.8372
0.82971
0.82951
0.7975
0.79204
0.94881
0.94299
0.92128
0.88989
0.91203
0.93542
0.92486
0.88115
0.65844
0.54222
0.56681
0.46165
0.49293
0.52278
0.53115
0.54869
0.45931
0.41069
0.41815
0.38762
0.42389
0.45452
0.45049
0.58705
0.67584
0.74574
0.62773
0.62645
0.51997
0.57449
0.42731
0.58241
0.45511
0.38896
0.50003
0.37413
0.53938
0.39542
0.46878
0.77535
0.67643
0.68589
0.60645
0.57771
0.52898
0.56039
0.52895
0.6943
0.89428
0.79584
0.7212
0.6573
0.78662
0.63183
0.89788
0.74689
0.55072
0.39234
0.40103
0.3923
0.38355
0.34531
0.38054
0.38486
0.57004
0.6709
0.74614
0.79242
0.87186
0.64288
0.72186
0.77385
0.77792
0.66118
0.35944
0.31597
0.3296
0.27962
0.24785
0.34168
0.34008
0.7459
0.8642
0.80716
0.77705
0.67706
0.56197
0.50816
0.65824
0.68585
0.58426
0.41173
0.44812
0.4261
0.42883
0.44691
0.56389
0.56771
0.39419
0.33261
0.41627
0.48819
0.47961
0.55793
0.65094
0.80777
0.84893
0.87472
0.83116
0.71218
0.64717
0.61204
0.65933
0.68031
0.65751
0.52701
0.5479
0.46154
0.50369
0.60904
0.6582
0.66774
0.59039
0.50508
0.4966
0.54284
0.56341
0.57071
0.61185
0.62505
0.51858
0.62187
0.81557
0.82163
0.92727
0.9779
0.93138
0.85486
0.82872
0.71766
0.7264
0.74296
0.67353
0.60964
0.62362
0.7109
0.6934
0.66922
0.64559
0.57111
0.60369
0.61965
0.60939
0.57765
0.59164
0.61934
0.62283
0.58844
0.57511
0.58309
0.6291
0.74853
0.74325
0.89057
0.83121
0.75359
0.75766
0.67818
0.75934
0.68903
0.82437
0.64644
0.70026
0.74298
0.72368
0.6707
0.58736
0.44066
0.36108
0.36026
0.35923
0.34511
0.35136
0.34676
0.35771
0.36179
0.37058
0.37822
0.3774
0.31948
0.30122
0.29788
0.31434
0.37468
0.30446
0.28452
0.32647
0.30627
0.39286
0.40696
0.40753
0.43271
0.33734
0.33295
0.36195
0.33522
0.31941
0.42086
0.51851
0.55065
0.4391
0.39709
0.45648
0.44052
0.43351
0.48957
0.49333
0.69627
0.58628
0.52968
0.48273
0.46521
0.5629
0.7324
0.82986
0.71765
0.63613
0.54573
0.45518
0.48015
0.43963
0.46714
0.51844
0.47523
0.53829
0.6216
0.59744
0.52762
0.47202
0.5141
0.58029
0.59682
0.55741
0.59869
0.84207
0.60306
0.67882
0.59979
0.54924
0.48757
0.38761
0.51324
0.61776
0.5503
0.52548
0.57629
0.72724
0.7273
0.73042
0.72831
0.74904
0.67883
0.71837
0.7987
0.91086
0.96674
0.9602
0.96401
0.90284
0.85654
0.80308
0.84018
0.84118
0.78265
0.77387
0.72603
0.69891
0.58289
0.42628
0.54905
0.61704
0.75681
0.83407
0.78816
0.98729
0.97103
0.94998
0.96463
0.96323
0.98108
0.89636
0.71816
0.6369
0.55345
0.50844
0.48001
0.53395
0.62624
0.53466
0.34234
0.34688
0.37801
0.3165
0.50803
0.66174
0.69835
0.70456
0.60371
0.71173
0.92555
0.987
0.98048
0.98672
0.98522
0.9882
0.96907
0.95113
0.95437
0.90702
0.8734
0.84263
0.86814
0.71897
0.78704
0.76732
0.57949
0.45853
0.39707
0.54018
0.57202
0.50287
0.3565
0.33776
0.39069
0.55996
0.63757
0.66792
0.69878
0.61165
0.5768
0.60518
0.61588
0.53698
0.43609
0.53914
0.68307
0.69457
0.50255
0.64271
0.54261
0.48152
0.57368
0.54185
0.55686
0.50213
0.46963
0.46928
0.39234
0.36739
0.38732
0.44851
0.5447
0.5969
0.77509
0.7594
0.63722
0.58383
0.53925
0.46023
0.41039
0.2855
0.2074
0.23201
0.18552
0.23896
0.1802
0.17457
0.25032
0.50462
0.49045
0.36523
0.35021
0.45397
0.44125
0.43924
0.44596
0.39926
0.37672
0.33987
0.3619
0.3507
0.39869
0.58748
0.59254
0.58039
0.61299
0.63108
0.60803
0.57725
0.68977
0.85976
0.86109
0.77706
0.77474
0.75672
0.5771
0.52675
0.44989
0.42698
0.62793
0.67152
0.68439
0.59934
0.51673
0.50231
0.5439
0.49295
0.61257
0.68439
0.76343
0.74883
0.67909
0.63803
0.60683
0.67654
0.70056
0.68188
0.77961
0.8923
0.89673
0.91873
0.84591
0.83451
0.81969
0.75074
0.7332
0.74357
0.60143
0.50678
0.47799
0.43146
0.42272
0.38221
0.39965
0.4361
0.44706
0.47914
0.58974
0.62895
0.64167
0.74413
0.74973
0.82829
0.89215
0.94997
0.95541
0.97527
0.9701
0.97065
0.97104
0.97217
0.98226
0.98785
0.99722
0.99763
0.98419
0.88988
0.66516
0.66842
0.76775
0.50378
0.52087
0.51964
0.57274
0.64959
0.69941
0.75043
0.74328
0.79731
0.83084
0.88933
0.86495
0.87116
0.89346
0.8608
0.90505
0.93922
0.95539
0.92348
0.90988
0.92765
0.94602
0.87985
0.89236
0.81803
0.85825
0.79695
0.5954
0.76653
0.77502
0.79752
0.788
0.57834
0.56227
0.53044
0.46819
0.38483
0.33116
0.29236
0.26516
0.26168
0.33011
0.60597
0.7172
0.7252
0.68979
0.72748
0.74045
0.65633
0.7506
0.72965
0.69224
0.65187
0.92805
0.95875
0.95028
0.94928
0.97778
0.99735
0.99136
0.98983
0.98411
0.97341
0.9748
0.97988
0.98431
0.98863
0.97188
0.98349
0.9827
0.96737
0.90719
0.8002
0.77766
0.78333
0.82095
0.75461
0.81408
0.81902
0.77703
0.76794
0.79244
0.98927
0.99832
0.9988
0.99726
0.95135
0.86368
0.79636
0.87202
0.85985
0.67587
0.66117
0.38672
0.49489
0.72933
0.6041
0.70172
0.80323
0.89965
0.93156
0.92798
0.947
0.88885
0.77479
0.88528
0.78956
0.75526
0.78559
0.78704
0.8486
0.78903
0.69752
0.73728
0.83228
0.91968
0.94803
0.94958
0.89572
0.88389
0.78219
0.71306
0.74106
0.94887
0.89872
0.85409
0.8314
0.76522
0.82016
0.85935
0.90651
0.82445
0.7912
0.69098
0.77461
0.842
0.78083
0.82415
0.81698
0.68439
0.65665
0.79062
0.76484
0.71191
0.73075
0.79483
0.88462
0.89298
0.86742
0.85857
0.79713
0.83938
0.87008
0.82321
0.81929
0.79026
0.82655
0.93937
0.97439
0.97718
0.9671
0.96745
0.97367
0.98192
0.99471
0.99816
0.99913
0.97873
0.95528
0.89383
0.8443
0.87947
0.91894
0.86824
0.90199
0.85602
0.84267
0.89744
0.8974
0.91318
0.8627
0.85271
0.89249
0.86186
0.78786
0.8199
0.95377
0.98998
0.98828
0.9619
0.88839
0.79364
0.78204
0.83556
0.84916
0.89263
0.96161
0.76701
0.84249
0.77224
0.76572
0.62606
0.49936
0.31641
0.34662
0.33213
0.35931
0.32838
0.33151
0.29984
0.2458
0.22455
0.28734
0.52656
0.52272
0.60871
0.81369
0.86514
0.59906
0.68162
0.52786
0.38494
0.36347
0.43534
0.44455
0.67821
0.81706
0.81522
0.80313
0.81193
0.80998
0.7642
0.70004
0.64443
0.60393
0.55294
0.60169
0.63145
0.58761
0.64589
0.57166
0.54946
0.65949
0.68932
0.54877
0.47138
0.44612
0.59599
0.63915
0.62617
0.65172
0.62044
0.60907
0.60878
0.63793
0.66276
0.76952
0.81687
0.91984
0.98206
0.98247
0.98939
0.9722
0.89458
0.84934
0.80794
0.74987
0.77359
0.67198
0.57834
0.48353
0.42619
0.36043
0.40237
0.45268
0.39222
0.3697
0.35502
0.35796
0.48486
0.5861
0.65922
0.80529
0.91122
0.86074
0.965
0.95057
0.97351
0.91738
0.88426
0.93271
0.96281
0.98696
0.9997
0.9993
0.99951
0.99843
1.0001
0.99754
0.99781
0.97512
0.89394
0.81891
0.83628
0.76554
0.73006
0.85859
0.78065
0.47246
0.37518
0.44817
0.72804
0.59689
0.58889
0.7646
0.74778
0.76604
0.34521
0.39171
0.46642
0.55236
0.65297
0.7731
0.94318
0.9477
0.91415
0.92097
0.76554
0.71545
0.63028
0.63281
0.62842
0.53298
0.5332
0.52614
0.56178
0.52094
0.47911
0.61275
0.6884
0.72261
0.6283
0.69987
0.77536
0.85574
0.91786
0.93346
0.92119
0.73762
0.60828
0.54025
0.45668
0.38908
0.2647
0.19889
0.33926
0.53036
0.80734
0.84261
0.92828
0.9642
0.96479
0.97605
0.96858
0.82401
0.66995
0.57539
0.71899
0.74438
0.86433
0.90651
0.98457
0.99059
0.99757
1.0003
0.96821
0.93514
0.86369
0.72035
0.63839
0.60156
0.54408
0.51034
0.5676
0.4944
0.38868
0.34128
0.29185
0.22299
0.14665
0.15961
0.34565
0.71531
0.7554
0.51996
0.43524
0.57068
0.52629
0.48519
0.70169
0.8744
0.92474
0.89468
0.84292
0.88358
0.87201
0.86334
0.86312
0.75102
0.75294
0.68985
0.72604
0.9733
0.97962
0.97569
0.95868
0.81167
0.75879
0.70654
0.59006
0.48869
0.33339
0.38858
0.46486
0.54388
0.66783
0.68418
0.60409
0.76724
0.79623
0.74042
0.73445
0.80641
0.66831
0.58971
0.81785
0.95303
0.96247
0.95497
0.91877
0.88728
0.84166
0.82821
0.82862
0.81331
0.76329
0.76023
0.74296
0.78506
0.72819
0.6055
0.53349
0.55858
0.58285
0.66729
0.69528
0.76462
0.73771
0.80406
0.6771
0.52392
0.43986
0.41026
0.40897
0.36534
0.41416
0.56538
0.42749
0.50086
0.69074
0.92363
0.91677
0.89846
0.77498
0.51667
0.62169
0.73478
0.75784
0.81431
0.98349
0.98599
0.98677
0.97451
0.86035
0.78312
0.79216
0.85755
0.80374
0.79256
0.81562
0.83865
0.77426
0.72525
0.69062
0.68794
0.71669
0.69506
0.70777
0.5911
0.51272
0.46875
0.38761
0.32706
0.33736
0.34092
0.36325
0.35168
0.34262
0.33024
0.39572
0.42571
0.45174
0.36033
0.37203
0.32294
0.33702
0.29011
0.31874
0.3083
0.31129
0.33537
0.34996
0.37541
0.48572
0.58489
0.51521
0.66275
0.70657
0.62379
0.80229
0.83723
0.85873
0.81851
0.72783
0.56725
0.50755
0.46027
0.63607
0.98276
0.99766
1.0002
0.99919
0.99774
0.9963
0.99909
0.9601
0.63359
0.54253
0.40361
0.49432
0.62802
0.65752
0.67647
0.69941
0.52327
0.48476
0.36606
0.31842
0.32992
0.34123
0.31099
0.36743
0.39422
0.25354
0.28217
0.35998
0.48292
0.56331
0.67373
0.76487
0.75581
0.55533
0.44985
0.40913
0.36188
0.34784
0.3776
0.28154
0.18693
0.13188
0.15617
0.35608
0.33245
0.62114
0.83978
0.61941
0.77338
0.92614
0.87322
0.70102
0.46993
0.44605
0.4207
0.36679
0.38392
0.32198
0.36488
0.36083
0.36343
0.43721
0.69293
0.62915
0.78731
0.9576
0.9593
0.95613
0.8151
0.75907
0.82557
0.85381
0.89549
0.67852
0.47428
0.59105
0.61721
0.59715
0.74125
0.75833
0.74312
0.64001
0.51776
0.33766
0.31394
0.33628
0.41538
0.34244
0.30762
0.30747
0.29064
0.29889
0.3009
0.30267
0.30159
0.43447
0.35679
0.37323
0.39712
0.2865
0.28361
0.29485
0.331
0.41557
0.35986
0.35879
0.40457
0.44644
0.42101
0.39941
0.39663
0.28231
0.25142
0.19893
0.14416
0.17409
0.16911
0.22287
0.32244
0.24372
0.26731
0.25006
0.2742
0.28339
0.27475
0.28115
0.32221
0.36888
0.43911
0.46525
0.45061
0.67027
0.87031
0.97202
0.97583
0.96393
0.97526
0.97798
0.98093
0.98377
0.98609
0.99292
0.99389
0.96392
0.90785
0.75841
0.87548
0.88487
0.88942
0.7551
0.69375
0.65927
0.68658
0.87233
0.96895
0.97646
0.98567
0.99731
0.99556
0.9003
0.91555
0.65915
0.58465
0.5701
0.38694
0.29853
0.32316
0.31382
0.37886
0.34205
0.30576
0.23418
0.22282
0.34825
0.36788
0.41122
0.40695
0.36229
0.50705
0.43983
0.42096
0.46259
0.50598
0.446
0.28967
0.28225
0.27879
0.31726
0.28147
0.21773
0.21232
0.21951
0.28235
0.27685
0.51056
0.49163
0.52502
0.54393
0.54766
0.38715
0.31141
0.31519
0.30843
0.31941
0.2709
0.28274
0.29195
0.2639
0.28222
0.26823
0.17294
0.14165
0.11224
0.12374
0.13891
0.17184
0.17661
0.31167
0.68547
0.90579
0.92982
0.94462
0.95531
0.96887
0.97331
0.94628
0.8906
0.46107
0.48619
0.48097
0.61009
0.49367
0.28403
0.26293
0.24523
0.19262
0.24003
0.19342
0.20722
0.2375
0.23375
0.20751
0.46506
0.42569
0.52991
0.48046
0.45248
0.32966
0.28294
0.34348
0.31345
0.25492
0.15085
0.14995
0.20315
0.23935
0.24028
0.22682
0.19473
0.19814
0.24043
0.23402
0.22009
0.18046
0.097129
0.16917
0.26619
0.37516
0.4369
0.5118
0.51093
0.4531
0.36112
0.28795
0.26775
0.26342
0.2751
0.27946
0.26475
0.27194
0.27397
0.23874
0.19698
0.20545
0.41387
0.50564
0.50036
0.49378
0.48385
0.29475
0.2367
0.28096
0.6815
0.71883
0.57084
0.65469
0.7298
0.7015
0.6428
0.57729
0.45162
0.4822
0.60991
0.6453
0.61939
0.72501
0.77809
0.9752
0.97789
0.74834
0.58296
0.48152
0.44363
0.40746
0.35486
0.36423
0.35682
0.3604
0.35406
0.35838
0.40637
0.45268
0.50797
0.51435
0.51998
0.53336
0.55484
0.46542
0.39639
0.38624
0.51941
0.49052
0.50269
0.46203
0.46584
0.41909
0.47734
0.59295
0.71671
0.78478
0.44808
0.53826
0.80126
0.86877
0.94373
0.99864
0.99963
1.0008
0.99735
1
0.99743
0.91225
0.78268
0.944
0.95336
0.87788
0.87386
0.97823
0.99979
0.99849
1.0002
0.99858
0.88555
0.72327
0.56813
0.53671
0.50798
0.5111
0.46988
0.44037
0.42788
0.42055
0.42245
0.47049
0.4889
0.51729
0.58864
0.55247
0.60138
0.57108
0.49965
0.38839
0.38272
0.34251
0.30936
0.29971
0.26461
0.28152
0.28456
0.28653
0.36108
0.39495
0.35955
0.36063
0.34916
0.26311
0.23816
0.27582
0.29641
0.30674
0.30966
0.28232
0.24758
0.27202
0.26949
0.24206
0.24304
0.2404
0.26911
0.24721
0.24608
0.21465
0.21421
0.23871
0.2724
0.31634
0.30622
0.30889
0.33453
0.37702
0.73462
0.64669
0.88007
0.65996
0.52905
0.41535
0.36948
0.32688
0.27426
0.23965
0.20996
0.18605
0.18307
0.19366
0.21649
0.20449
0.21622
0.21329
0.21414
0.20317
0.19175
0.17901
0.1712
0.17338
0.18334
0.18459
0.1715
0.21119
0.24279
0.2284
0.22125
0.25176
0.27735
0.29408
0.30314
0.3228
0.44025
0.50351
0.47053
0.42237
0.44974
0.40575
0.39019
0.37495
0.42397
0.34627
0.18113
0.21682
0.18112
0.16815
0.13147
0.12857
0.20409
0.2248
0.21706
0.22526
0.22609
0.23361
0.24777
0.24707
0.24824
0.26763
0.30097
0.38169
0.35159
0.34454
0.37392
0.42361
0.42702
0.47407
0.52672
0.57826
0.62356
0.63564
0.61446
0.59313
0.54286
0.5111
0.49371
0.45984
0.34343
0.35256
0.374
0.3815
0.38184
0.39932
0.40448
0.3938
0.38882
0.38159
0.35365
0.34013
0.33497
0.34193
0.33939
0.35103
0.32595
0.32817
0.30581
0.30179
0.28028
0.29319
0.3009
0.2983
0.30856
0.34127
0.36164
0.35848
0.36778
0.33472
0.30913
0.29011
0.25195
0.26302
0.28258
0.4519
0.28649
0.35094
0.40359
0.4317
0.47893
0.69304
0.85236
0.90784
0.94572
0.97338
0.97547
0.97211
0.96948
0.96317
0.95951
0.9045
0.78257
0.97522
0.93289
0.95012
0.95486
0.96119
0.93678
0.9259
0.91647
0.88758
0.82655
0.59162
0.37147
0.50769
0.46466
0.38723
0.39404
0.7516
0.52006
0.41298
0.48012
0.50629
0.41708
0.38288
0.27711
0.24827
0.26271
0.2486
0.31435
0.37096
0.3624
0.32475
0.304
0.30245
0.26816
0.24858
0.25284
0.27688
0.32973
0.34957
0.34167
0.36258
0.37533
0.37304
0.365
0.3518
0.33892
0.31998
0.31488
0.30599
0.25275
0.18758
0.17529
0.16618
0.15837
0.14367
0.1544
0.17809
0.24801
0.30044
0.30413
0.3477
0.35116
0.33281
0.33304
0.3316
0.33104
0.32029
0.33257
0.35588
0.35541
0.37417
0.36887
0.37162
0.37414
0.38259
0.39335
0.40016
0.41624
0.43803
0.44518
0.41003
0.37981
0.37836
0.38237
0.3739
0.35457
0.30828
0.29768
0.31745
0.33336
0.34173
0.31907
0.32728
0.26892
0.29771
0.29943
0.28554
0.25659
0.25113
0.24753
0.22199
0.25402
0.24078
0.25486
0.24937
0.23685
0.18336
0.17801
0.15134
0.13451
0.15215
0.13176
0.111
0.16095
0.18316
0.17732
0.17521
0.17184
0.12813
0.11598
0.12424
0.13561
0.15847
0.096388
0.14175
0.22916
0.25252
0.2598
0.25223
0.26372
0.23811
0.26314
0.26595
0.23209
0.22302
0.23256
0.28972
0.28134
0.27503
0.23363
0.29048
0.3862
0.33604
0.27928
