0.35119
0.36278
0.35838
0.36106
0.36433
0.36579
0.35159
0.32837
0.31936
0.32982
0.36922
0.39512
0.41972
0.41619
0.41136
0.43496
0.42278
0.39867
0.35071
0.31854
0.30179
0.3172
0.34842
0.36013
0.37627
0.36519
0.35491
0.38686
0.43445
0.43494
0.46449
0.56361
0.64055
0.75394
0.79298
0.69289
0.70458
0.78414
0.64215
0.55792
0.57305
0.64408
0.73906
0.90486
0.92092
0.92971
0.89327
0.94036
0.93968
0.93755
0.90768
0.56612
0.6711
0.77901
0.94895
0.94728
0.94022
0.53051
0.43565
0.42116
0.39834
0.40928
0.37754
0.38565
0.36527
0.42319
0.44552
0.46565
0.45346
0.4455
0.43524
0.42667
0.45059
0.4566
0.42575
0.46907
0.49125
0.46669
0.49462
0.50387
0.6484
0.88281
0.81432
0.93321
0.94311
0.915
0.89502
0.90202
0.88808
0.88427
0.88053
0.8802
0.88397
0.88491
0.88814
0.88931
0.89486
0.90811
0.9149
0.70054
0.5906
0.55576
0.55458
0.60948
0.61549
0.58745
0.58983
0.55122
0.54795
0.54313
0.50502
0.51314
0.43938
0.32807
0.3296
0.30114
0.28931
0.28465
0.27413
0.27196
0.27727
0.26048
0.27362
0.33611
0.33634
0.3282
0.32623
0.32432
0.32159
0.30414
0.2916
0.25154
0.24206
0.21845
0.21842
0.22894
0.3694
0.40816
0.41157
0.36356
0.32168
0.37734
0.41375
0.68344
0.46701
0.42128
0.38939
0.3974
0.3968
0.47389
0.89841
0.89742
0.89145
0.90996
0.90203
0.89541
0.89116
0.83105
0.58242
0.46902
0.49042
0.41345
0.37363
0.40587
0.37673
0.37676
0.41893
0.44623
0.80093
0.90829
0.89363
0.55774
0.48896
0.41116
0.3862
0.37464
0.3797
0.37093
0.36156
0.38374
0.39947
0.40848
0.42103
0.43282
0.45274
0.44627
0.39988
0.39391
0.37719
0.37804
0.3505
0.31833
0.40469
0.42164
0.44825
0.41384
0.51967
0.4009
0.9064
0.93542
0.94279
0.94108
0.93063
0.94078
0.95699
0.93815
0.92305
0.91234
0.90959
0.90665
0.90989
0.90191
0.89744
0.89628
0.89606
0.89184
0.87612
0.8646
0.7259
0.50344
0.44244
0.46009
0.36637
0.27069
0.23158
0.19515
0.18967
0.17909
0.24689
0.43612
0.55491
0.63274
0.68526
0.8945
0.9099
0.91445
0.90738
0.50929
0.48229
0.45414
0.43103
0.4202
0.40029
0.42277
0.3269
0.36648
0.34004
0.34892
0.37784
0.35388
0.39258
0.43098
0.44393
0.41056
0.35129
0.36559
0.40816
0.45208
0.52451
0.46712
0.41865
0.81212
0.84279
0.85464
0.61067
0.43543
0.42521
0.39717
0.52038
0.34421
0.34775
0.34181
0.30288
0.23047
0.22613
0.34093
0.38756
0.36084
0.36628
0.37836
0.43601
0.45193
0.45919
0.46446
0.47983
0.50063
0.49865
0.49925
0.49431
0.48842
0.49858
0.50566
0.49556
0.48536
0.47612
0.4724
0.47301
0.49607
0.471
0.48133
0.4931
0.4578
0.4064
0.41744
0.40722
0.42062
0.4315
0.46229
0.47526
0.46872
0.46021
0.53992
0.47911
0.24904
0.18644
0.20761
0.22728
0.2421
0.20527
0.17979
0.21844
0.24181
0.24222
0.24164
0.23715
0.25015
0.30096
0.32246
0.31489
0.26672
0.27701
0.29591
0.40601
0.35452
0.27409
0.33745
0.40677
0.37143
0.3366
0.38161
0.39828
0.54484
0.62781
0.65638
0.57911
0.58001
0.5384
0.4736
0.50476
0.51247
0.52938
0.50201
0.49505
0.55368
0.48265
0.45805
0.58957
0.51036
0.53665
0.5106
0.44392
0.33588
0.27381
0.34702
0.42357
0.44907
0.42834
0.4057
0.3932
0.36388
0.35984
0.37582
0.37042
0.35176
0.3676
0.40011
0.43653
0.39581
0.39595
0.51745
0.47678
0.90351
0.92788
0.93575
0.93643
0.63477
0.48002
0.45921
0.41027
0.40575
0.37139
0.396
0.41391
0.49703
0.82832
0.80739
0.65477
0.53396
0.48385
0.51978
0.45252
0.32232
0.26508
0.36366
0.4519
0.50519
0.43002
0.45407
0.45181
0.53555
0.58484
0.78371
0.86207
0.90514
0.89762
0.88761
0.86626
0.73764
0.56744
0.53925
0.65547
0.5586
0.44415
0.37236
0.34499
0.28305
0.27454
0.2277
0.27535
0.33394
0.35305
0.38372
0.38166
0.35351
0.35341
0.37022
0.24348
0.26015
0.23245
0.18384
0.2048
0.27365
0.32259
0.31209
0.33444
0.34982
0.35777
0.35392
0.35401
0.35378
0.35218
0.35643
0.3668
0.36619
0.36719
0.35761
0.34344
0.33581
0.32978
0.34215
0.3583
0.36433
0.37611
0.34988
0.34397
0.3515
0.34969
0.36164
0.38153
0.37986
0.37517
0.35491
0.37358
0.39306
0.38774
0.40116
0.39365
0.45206
0.42124
0.46001
0.51588
0.52073
0.48318
0.47661
0.47684
0.64354
0.83583
0.85146
0.82871
0.8062
0.79521
0.79385
0.80104
0.64101
0.42122
0.40991
0.44393
0.8045
0.42395
0.41843
0.9114
0.6808
0.83589
0.92384
0.92234
0.91664
0.89779
0.86316
0.78085
0.5598
0.54664
0.53327
0.55709
0.58641
0.78266
0.83057
0.67588
0.59956
0.68069
0.62583
0.5586
0.58028
0.54111
0.52297
0.52457
0.50971
0.52341
0.51188
0.46697
0.4379
0.41187
0.38443
0.39091
0.36072
0.31841
0.2779
0.26004
0.25279
0.24844
0.30454
0.36391
0.40854
0.43465
0.4001
0.35853
0.33881
0.34922
0.35219
0.36583
0.38656
0.38549
0.40151
0.39589
0.3868
0.38989
0.40702
0.40678
0.46039
0.50107
0.37516
0.37835
0.31537
0.24821
0.21182
0.18305
0.26326
0.30286
0.33195
0.35895
0.37119
0.35971
0.38541
0.3922
0.40341
0.44238
0.37527
0.3066
0.21148
0.18987
0.25381
0.23466
0.22975
0.19837
0.19991
0.21055
0.18978
0.19545
0.26641
0.37585
0.46705
0.43922
0.42552
0.3939
0.37315
0.34671
0.34131
0.37118
0.4118
0.38407
0.37883
0.40173
0.41419
0.36762
0.40718
0.43313
0.44511
0.45944
0.50177
0.45434
0.49743
0.51784
0.49662
0.51379
0.50961
0.45994
0.41133
0.43479
0.4387
0.46163
0.44251
0.47546
0.49251
0.44976
0.43083
0.38885
0.39227
0.39953
0.36105
0.41599
0.44203
0.4567
0.44594
0.45205
0.51702
0.63327
0.70106
0.84973
0.79945
0.85484
0.84886
0.85368
0.76407
0.62109
0.55132
0.52575
0.54341
0.53823
0.48683
0.34732
0.37551
0.39602
0.40249
0.43623
0.46781
0.46884
0.42109
0.39452
0.35519
0.36511
0.36836
0.37238
0.32375
0.36671
0.29651
0.29893
0.27382
0.27502
0.2883
0.31254
0.33325
0.32811
0.36442
0.37137
0.34887
0.58018
0.87576
0.90598
0.91311
0.86804
0.69836
0.62115
0.54499
0.39442
0.20102
0.50196
0.53936
0.80549
0.90765
0.93133
0.94233
0.95035
0.95283
0.95672
0.95807
0.93553
0.92477
0.91243
0.90837
0.90317
0.90658
0.89464
0.91168
0.91377
0.91248
0.89692
0.64793
0.60683
0.70985
0.65672
0.62264
0.62861
0.58088
0.53967
0.55605
0.51081
0.46747
0.58256
0.53769
0.52338
0.51736
0.46093
0.36862
0.27173
0.31146
0.39002
0.44773
0.39605
0.77801
0.89818
0.92405
0.92676
0.93747
0.94707
0.95705
0.95789
0.95984
0.95936
0.9524
0.9502
0.95285
0.95936
0.96195
0.95671
0.95736
0.95406
0.96474
0.94947
0.94671
0.96827
0.97364
0.97025
0.96743
0.9737
0.97433
0.97466
0.98507
0.96218
0.92127
0.87402
0.86534
0.83703
0.826
0.84031
0.90429
0.9218
0.82679
0.99753
0.98912
0.98655
0.95506
0.77917
0.76415
0.78663
0.74252
0.74446
0.65232
0.55428
0.49333
0.52391
0.42721
0.57383
0.72615
0.74657
0.74548
0.60984
0.53987
0.54946
0.461
0.52588
0.75626
0.97783
0.97331
0.96886
0.9656
0.95813
0.7082
0.86061
0.95222
0.97237
0.96203
0.81008
0.56899
0.81119
0.52609
0.5291
0.55745
0.94441
0.9535
0.93374
0.93
0.9277
0.93111
0.94271
0.94367
0.94182
0.93379
0.92437
0.78692
0.62395
0.48856
0.48383
0.53243
0.5258
0.49983
0.4014
0.37979
0.61453
0.60074
0.57859
0.56441
0.5554
0.53487
0.80186
0.71269
0.69066
0.81359
0.86598
0.9301
0.94214
0.93689
0.93048
0.81601
0.76159
0.82837
0.725
0.61263
0.61911
0.56387
0.56885
0.5673
0.4933
0.75443
0.86153
0.8513
0.7699
0.64986
0.66545
0.59611
0.59436
0.47905
0.56095
0.50149
0.43331
0.39225
0.665
0.8404
0.88259
0.90714
0.83187
0.62675
0.52969
0.58519
0.57774
0.45788
0.37632
0.39684
0.39727
0.46205
0.46213
0.52437
0.42839
0.42843
0.55894
0.47908
0.44932
0.50762
0.55563
0.56168
0.54736
0.49026
0.48316
0.45348
0.41532
0.40833
0.5611
0.37445
0.22039
0.23574
0.5576
0.74442
0.59817
0.4617
0.42097
0.44062
0.47449
0.52742
0.52128
0.49728
0.51904
0.58514
0.63537
0.4445
0.46897
0.33181
0.32713
0.38464
0.56335
0.88024
0.90763
0.90667
0.91003
0.91034
0.90726
0.89808
0.83374
0.87802
0.85704
0.83821
0.90477
0.91031
0.90253
0.83349
0.80195
0.74173
0.7279
0.61227
0.44096
0.39777
0.3622
0.79155
0.93179
0.94329
0.96477
0.95068
0.94556
0.69762
0.66277
0.61042
0.55404
0.55099
0.59637
0.56712
0.49456
0.37965
0.29971
0.1663
0.33767
0.42936
0.89447
0.90895
0.91129
0.9191
0.78406
0.61574
0.47285
0.39032
0.37951
0.37018
0.3496
0.36407
0.35465
0.39842
0.49511
0.56424
0.47076
0.39182
0.44987
0.53598
0.66393
0.62564
0.92986
0.94262
0.95156
0.94786
0.95527
0.95739
0.96766
0.98344
0.9861
0.98621
0.93844
0.96927
0.76908
0.57922
0.44599
0.42723
0.57059
0.7265
0.6521
0.69195
0.88639
0.90078
0.60415
0.97263
0.988
0.97201
0.97366
0.96655
0.95594
0.81877
0.52753
0.49387
0.53006
0.53249
0.64813
0.64163
0.57521
0.76086
0.78642
0.94216
0.90392
0.92316
0.95297
0.96177
0.95566
0.85927
0.68476
0.65724
0.63412
0.70282
0.78506
0.8212
0.78285
0.70312
0.589
0.49273
0.52826
0.58099
0.70824
0.78003
0.98861
0.95039
0.85688
0.86693
0.82624
0.50181
0.57746
0.56077
0.56769
0.46976
0.47918
0.50637
0.59715
0.49528
0.58149
0.47545
0.3992
0.38771
0.33554
0.32811
0.42062
0.48095
0.55165
0.44599
0.47311
0.32442
0.24308
0.31091
0.42754
0.64272
0.68847
0.5895
0.40594
0.23216
0.22009
0.20212
0.32179
0.49941
0.54624
0.63646
0.68682
0.67264
0.60449
0.7512
0.64601
0.54862
0.47133
0.45929
0.4351
0.40945
0.46103
0.44088
0.54487
0.53685
0.56732
0.63318
0.62404
0.50041
0.39309
0.34836
0.44829
0.59066
0.64806
0.57782
0.62574
0.72585
0.78861
0.87473
0.8507
0.77458
0.77309
0.81035
0.7743
0.95736
0.96346
0.95359
0.67523
0.56593
0.60496
0.63151
0.54256
0.53714
0.52513
0.55626
0.54649
0.45732
0.5334
0.56773
0.59095
0.47119
0.4967
0.55175
0.61015
0.60182
0.60064
0.57334
0.50684
0.48971
0.50478
0.53405
0.53959
0.5217
0.62038
0.64744
0.61075
0.54042
0.51065
0.57657
0.7897
0.82342
0.56822
0.75499
0.75718
0.78288
0.59189
0.59005
0.6585
0.87923
0.73044
0.51913
0.47947
0.47654
0.46912
0.47336
0.49791
0.51174
0.4951
0.436
0.42402
0.43551
0.4647
0.48603
0.54492
0.558
0.54452
0.50023
0.47807
0.46976
0.46317
0.45925
0.49167
0.42804
0.4101
0.73004
0.69859
0.84072
0.78378
0.71646
0.63821
0.65681
0.78456
0.95836
0.95179
0.65492
0.4735
0.45214
0.53855
0.63717
0.66995
0.88696
0.94634
0.94209
0.95281
0.90162
0.66009
0.94926
0.94972
0.57188
0.53741
0.46007
0.44895
0.43884
0.47039
0.48798
0.51933
0.56555
0.62911
0.57301
0.44175
0.47366
0.56531
0.55966
0.48796
0.47692
0.60417
0.75477
0.70538
0.81142
0.7087
0.95094
0.96451
0.98222
0.98159
0.96365
0.9729
0.97862
0.9779
0.979
0.97431
0.97109
0.97179
0.96621
0.96968
0.9822
0.97369
0.96501
0.97202
0.95708
0.80025
0.58171
0.45682
0.42769
0.52125
0.52062
0.52071
0.61305
0.57984
0.83088
0.84929
0.88368
0.82862
0.70585
0.72177
0.77089
0.67275
0.6475
0.54408
0.57121
0.68637
0.67689
0.57198
0.62775
0.60586
0.58731
0.49741
0.64097
0.48861
0.51506
0.57017
0.63549
0.83011
0.81241
0.82642
0.81646
0.71952
0.70478
0.72181
0.83372
0.9149
0.90622
0.73218
0.56261
0.57312
0.56648
0.59832
0.66693
0.59871
0.55817
0.54404
0.55854
0.53694
0.50074
0.70556
0.89142
0.91953
0.81708
0.84495
0.93991
0.90944
0.9007
0.93346
0.90169
0.85507
0.76874
0.80421
0.89329
0.87964
0.85449
0.91785
0.9751
0.99961
0.78234
0.51595
0.51068
0.47202
0.47686
0.52303
0.71013
0.64985
0.8889
0.9015
0.59802
0.58014
0.68273
0.74095
0.79223
0.82111
0.76505
0.72577
0.49753
0.59717
0.63951
0.65451
0.67024
0.6654
0.54211
0.50532
0.58449
0.54928
0.562
0.48047
0.48914
0.6029
0.50112
0.56512
0.54823
0.59401
0.58331
0.58848
0.61834
0.57283
0.55645
0.56437
0.55807
0.5941
0.61337
0.62541
0.63462
0.57801
0.52356
0.51794
0.52459
0.52742
0.48709
0.56708
0.59854
0.64922
0.67721
0.65617
0.63042
0.61266
0.57386
0.54707
0.55447
0.60047
0.63643
0.64011
0.77259
1.0001
0.99746
0.88757
0.97202
0.99096
0.92026
0.94148
0.99594
0.88209
0.79429
0.72462
0.82861
0.84459
0.84539
0.94685
0.99751
0.98345
0.87496
0.85679
0.88987
0.92484
0.94639
0.96512
1.0006
1.0002
0.99904
0.96809
0.90905
0.91144
0.83837
0.91896
0.97783
0.93124
0.94353
0.95389
0.8811
0.79298
0.76791
0.72256
0.72181
0.64753
0.59738
0.61791
0.72557
0.7205
0.75539
0.71561
0.60547
0.6001
0.58976
0.52287
0.55959
0.7529
0.6952
0.67569
0.69183
0.68715
0.64757
0.66166
0.69928
0.72355
0.66404
0.63324
0.62944
0.63913
0.70579
0.7483
0.75185
0.7415
0.9709
1.0002
0.99998
0.94473
0.99025
0.61254
0.5968
0.61304
0.80835
0.74596
0.88794
0.80101
0.99855
0.99742
0.99718
1.0008
0.99926
0.99966
0.99926
0.91475
1.0007
0.99846
0.99937
0.9994
1.0006
0.82817
0.66593
0.61518
0.69973
0.81644
0.70527
0.80615
0.68049
0.51362
0.48566
0.62961
0.63091
0.69712
0.72505
0.89872
0.80054
0.60169
0.46777
0.4963
0.5121
0.57544
0.60203
0.6562
0.86115
0.90858
0.97474
0.87686
0.88418
0.97065
0.96752
0.97765
0.94293
0.98694
0.95916
0.9179
1.0002
0.99752
1.0007
1.0003
0.99938
0.99759
0.78506
0.74774
0.71775
0.67961
0.72933
0.72755
0.69244
0.61912
0.58898
0.66998
0.77517
0.84228
0.99265
1.0008
0.99833
0.99874
0.99869
0.99833
0.99917
0.99995
0.99718
1.0007
0.99723
0.99561
0.91774
0.83245
0.96696
0.95955
0.98956
0.99712
1.0006
0.99862
1.0008
0.99732
0.9984
0.99751
0.99784
0.99888
1.0003
0.99735
0.98425
0.74803
0.64617
0.66676
0.6539
0.63549
0.62419
0.55883
0.53571
0.57951
0.64107
0.64872
0.68057
0.69129
0.68083
0.60294
0.53663
0.53921
0.60858
0.61685
0.63372
0.62399
0.5791
0.50761
0.53066
0.57251
0.67145
0.81323
0.99841
0.99909
0.99941
0.99845
0.99711
0.99904
1.0007
0.99755
0.99824
0.99847
0.99939
0.9983
0.99784
0.99801
0.98515
0.99717
0.9985
0.95157
0.8601
0.73788
0.7702
0.78261
0.81066
0.82325
0.86798
0.79676
0.79883
0.60505
0.53316
0.47969
0.49931
0.5145
0.51118
0.50638
0.48264
0.50164
0.68684
0.70258
0.82294
0.91726
0.981
0.99771
0.99738
0.88274
0.78246
0.80448
0.98802
0.99943
0.99833
0.98431
0.98978
0.99893
0.991
0.99942
0.99847
0.9976
1.0002
0.99364
0.99126
0.98918
0.97043
0.94037
0.89053
0.93682
0.95073
0.7604
0.82428
0.65817
0.60767
0.54948
0.61253
0.7536
0.73422
0.60668
0.52475
0.6466
0.78086
0.77897
0.76563
0.80769
0.69556
0.62935
0.5924
0.6509
0.6041
0.6486
0.77139
0.9528
0.94607
0.93005
0.67226
0.63991
0.47674
0.44672
0.55013
0.68639
0.78458
0.7154
0.49163
0.36411
0.63977
0.75694
0.91634
0.9711
0.88343
0.82983
0.91342
0.88613
0.76765
0.65426
0.67205
0.5493
0.49325
0.46071
0.45381
0.45885
0.43276
0.48771
0.63584
0.656
0.71943
0.6714
0.63151
0.5998
0.58762
0.63089
0.74371
0.92846
0.89712
0.97493
0.98358
0.95046
0.95958
0.95644
0.98262
0.9971
0.99975
0.99849
1.0003
0.9977
0.98921
0.97504
0.84269
0.94599
0.91073
0.78383
0.5857
0.54887
0.55815
0.70096
0.56785
0.72783
0.75716
0.79166
0.97609
0.8501
0.80214
0.71249
0.80474
0.94658
0.98097
0.89753
0.74538
0.68896
0.87347
0.96006
0.90479
0.77116
0.83797
0.836
0.6985
0.68832
0.75296
0.82864
0.79127
0.69547
0.72527
0.74403
0.63436
0.52443
0.47714
0.51394
0.74884
0.81519
0.70285
0.59456
0.58639
0.52644
0.51509
0.49424
0.50737
0.61517
0.82272
0.8134
0.74051
0.65909
0.66184
0.66364
0.56471
0.92228
0.99802
0.99922
0.99765
0.86193
0.65511
0.65323
0.60196
0.50431
0.54874
0.51317
0.46432
0.45799
0.46571
0.54871
0.48105
0.47189
0.43498
0.31598
0.48606
0.47525
0.43888
0.52875
0.62878
0.56352
0.56124
0.49687
0.36395
0.33924
0.31485
0.40411
0.57077
0.73189
0.72929
0.66667
0.58357
0.43408
0.30977
0.26335
0.33142
0.64123
0.75658
0.70598
0.62326
0.49769
0.40907
0.61781
0.81451
0.95937
0.95873
0.96274
0.90567
0.66455
0.71285
0.87877
0.98543
0.99895
0.99977
0.99884
0.99774
0.9996
0.98587
0.90271
0.79651
0.8629
0.87653
0.95927
0.86003
0.7426
0.66399
0.8185
0.96968
1.0008
0.99759
0.91914
0.66114
0.59158
0.83167
0.99585
0.87016
0.77825
0.99958
0.99794
0.99921
1.0003
0.99843
0.9991
1.0009
1.0001
0.99771
0.81386
0.70044
0.5491
0.55976
0.61511
0.55036
0.66149
0.68379
0.58714
0.58393
0.60793
0.64719
0.75356
0.93302
0.9871
0.97251
0.98074
0.97941
0.99727
0.98614
0.97955
0.91549
0.73559
0.73612
0.90103
0.89825
0.72321
0.64657
0.61817
0.74603
0.59408
0.56159
0.51981
0.5132
0.49878
0.56836
0.78011
0.9996
0.99169
0.99014
0.99793
0.97017
0.9652
0.98986
0.99931
0.99861
0.99741
0.98277
0.98539
0.98692
0.99026
0.9904
0.98978
0.98807
0.9867
0.98667
0.98353
0.97952
0.97923
0.96665
0.89364
0.81502
0.76275
0.68227
0.66063
0.60563
0.51947
0.46508
0.47143
0.58563
0.57643
0.4403
0.37183
0.2447
0.30269
0.41624
0.31725
0.63387
0.90116
0.93416
0.94731
0.80192
0.67137
0.73095
0.88221
0.88293
0.89498
0.93374
0.8796
0.88177
0.89589
0.91215
0.92942
0.92073
0.9453
0.97714
0.60106
0.84393
0.54083
0.91749
0.61599
0.5527
0.52506
0.52192
0.48805
0.48518
0.50331
0.55638
0.73263
0.71982
0.75265
0.76084
0.76989
0.61397
0.42548
0.43017
0.67827
0.8051
0.72424
0.80377
0.80887
0.79649
0.75731
0.94766
0.96934
0.97065
0.9661
0.9583
0.94488
0.86685
0.79035
0.78711
0.76506
0.80981
0.649
0.6741
0.84045
0.78484
0.62322
0.68466
0.60973
0.52186
0.42966
0.4682
0.42262
0.27798
0.20393
0.25474
0.27182
0.27883
0.27308
0.2265
0.22121
0.16941
0.14788
0.15663
0.15642
0.17083
0.18222
0.35774
0.6082
0.6027
0.77802
0.78701
0.87041
0.94576
0.96412
0.9669
0.96834
0.97884
0.98225
0.98741
0.99221
0.87021
0.74344
0.77539
0.8088
0.82188
0.79113
0.78747
0.81196
0.88724
0.91392
0.84262
0.80199
0.43921
0.4216
0.41398
0.41739
0.42912
0.45842
0.4106
0.36976
0.34161
0.41608
0.43509
0.4314
0.40081
0.38389
0.38905
0.33798
0.35902
0.32459
0.38426
0.48866
0.40787
0.33947
0.34563
0.35673
0.34791
0.26425
0.22526
0.21791
0.26649
0.36618
0.33975
0.51005
0.51194
0.33997
0.40373
0.596
0.64329
0.92869
0.92101
0.92666
0.82886
0.60288
0.58922
0.53194
0.67252
0.96216
0.96555
0.95974
0.957
0.92762
0.88078
0.90181
0.89901
0.774
0.66516
0.65866
0.42354
0.36293
0.33289
0.31241
0.3161
0.33045
0.44092
0.51417
0.55051
0.87952
0.93097
0.93812
0.94918
0.95545
0.96044
0.96447
0.96527
0.95962
0.95644
0.95631
0.95552
0.95479
0.96177
0.94596
0.95134
0.92356
0.88752
0.90892
0.87892
0.73619
0.60899
0.60217
0.5891
0.47776
0.52929
0.43916
0.38502
0.43217
0.59378
0.67865
0.87866
0.92538
0.94295
0.95143
0.94826
0.94505
0.96041
0.94697
0.47444
0.46125
0.4083
0.41413
0.40256
0.38697
0.37385
0.38028
0.44773
0.43709
0.39525
0.40923
0.38606
0.51329
0.455
0.45813
0.46735
0.48765
0.45727
0.46936
0.49196
0.4553
0.42182
0.37969
0.38075
0.37222
0.38574
0.46649
0.55333
0.6121
0.63208
0.63222
0.63182
0.62839
0.62787
0.62099
0.60121
0.55627
0.64913
0.6108
0.41886
0.42221
0.39844
0.33688
0.39115
0.37128
0.39919
0.48701
0.52778
0.56295
0.66412
0.61728
0.71784
0.74652
0.63859
0.58325
0.56065
0.55486
0.62923
0.7008
0.76087
0.86433
0.77013
0.9989
0.99735
0.99846
0.99652
0.99438
0.99107
0.98444
0.98406
0.9789
0.97086
0.95164
0.88595
0.66342
0.49083
0.42772
0.36367
0.35293
0.3895
0.38424
0.4372
0.53526
0.55477
0.5232
0.48056
0.4477
0.45357
0.44669
0.44869
0.47054
0.52368
0.602
0.40763
0.45029
0.45332
0.44719
0.45582
0.44741
0.45068
0.45782
0.47668
0.52738
0.655
0.72039
0.79863
0.90724
0.94204
0.94592
0.94362
0.9172
0.9235
0.93519
0.93192
0.86848
0.78623
0.64888
0.63551
0.511
0.4212
0.40606
0.414
0.40011
0.36903
0.35517
0.34685
0.34722
0.35183
0.41658
0.39683
0.42511
0.39164
0.34961
0.32981
0.33075
0.35443
0.47507
0.44772
0.47182
0.40025
0.35876
0.34533
0.35087
0.41362
0.46525
0.50082
0.5153
0.55024
0.50313
0.49966
0.44967
0.45127
0.4413
0.41842
0.40755
0.37923
0.38328
0.42664
0.49548
0.49198
0.57118
0.59109
0.54912
0.58257
0.60021
0.59085
0.58844
0.57709
0.55031
0.52403
0.49162
0.51231
0.49271
0.47936
0.47655
0.45493
0.46124
0.44861
0.43909
0.44414
0.44553
0.30426
0.39964
0.35738
0.29895
0.87686
0.90358
0.91431
0.92256
0.92285
0.91669
0.79583
0.73091
0.65436
0.57446
0.47452
0.45614
0.38763
0.40378
0.38318
0.54271
0.44229
0.44093
0.46801
0.55415
0.52591
0.62643
0.58831
0.74687
0.6336
0.713
0.6948
0.69946
0.84954
0.79903
0.58224
0.79388
0.56209
0.46491
0.40441
0.35687
0.33645
0.35163
0.36153
0.352
0.37924
0.39543
0.44602
0.40322
0.38574
0.35861
0.40428
0.56824
0.57355
0.46315
0.43797
0.4328
0.58445
0.53088
0.41863
0.35765
0.36213
0.43065
0.54917
0.61288
0.4952
0.38236
0.25959
0.23289
0.21879
0.22757
0.18386
0.17726
0.2675
0.37474
0.66523
0.8607
0.68405
0.47102
0.41879
0.34037
0.36809
0.35048
0.35378
0.3904
0.39199
0.37431
0.37234
0.40095
0.4268
0.41923
0.41555
0.42537
0.42126
0.4332
0.42387
0.41632
0.42303
0.44032
0.43726
0.44646
0.41724
0.39114
0.43528
0.50907
0.47253
0.44134
0.4585
0.4587
0.40512
0.59405
0.49936
0.43289
0.40323
0.42546
0.4365
0.40032
0.38632
0.51183
0.41357
0.38355
0.39937
0.3767
0.38697
0.39602
0.33405
0.21834
0.22648
0.33489
0.47277
0.30887
0.36253
0.49633
0.92418
0.93742
0.94041
0.9384
0.93292
0.92722
0.87083
0.79336
0.70599
0.47487
0.417
0.41883
0.39916
0.41867
0.39477
0.36005
0.35542
0.36298
0.33209
0.25707
0.23399
0.19921
0.40674
0.45148
0.44323
0.44492
0.42147
0.41788
0.45479
0.44101
0.40393
0.39347
0.39727
0.39829
0.42079
0.44255
0.41973
0.43144
0.44872
0.39814
0.38747
0.39802
0.56942
0.80531
0.84015
0.8557
0.79421
0.6949
0.8224
0.8573
0.90771
0.92805
0.93821
0.94015
0.96444
0.96789
0.96195
0.94704
0.87156
0.85405
0.60634
0.5809
0.52873
0.44309
0.67431
0.78182
0.84612
0.85472
0.87361
0.8782
0.87544
0.85314
0.84826
0.75688
0.57054
0.50662
0.34911
0.33776
0.24518
0.27194
0.27188
0.30131
0.38159
0.32801
0.35916
0.3793
0.41183
0.42928
0.43444
0.4038
0.49543
0.53375
0.61678
0.51078
0.39071
0.36202
0.31473
0.52844
0.51166
0.40548
0.32493
0.28277
0.27013
0.26431
0.2928
0.41884
0.8166
0.86394
0.87672
0.71177
0.59591
0.77046
0.60782
0.38048
0.42579
0.35785
0.30321
0.27756
0.28446
0.2017
0.12195
0.16471
0.83044
0.8795
0.90317
0.90533
0.90984
0.71984
0.8987
0.90795
0.90858
0.91166
0.91114
0.9152
0.81765
0.78787
0.73591
0.61524
0.43316
0.33265
0.3526
0.73931
0.93673
0.93565
0.95198
0.93721
0.93881
0.92941
0.92813
0.92865
0.93559
0.93654
0.93846
0.76302
0.75773
0.77763
0.81039
0.71803
0.659
0.82654
0.84761
0.84945
0.79778
0.75482
0.79173
0.82479
0.48598
0.31649
0.26429
0.26796
0.28953
0.31109
0.35356
0.38041
0.39616
0.42242
0.56511
0.56937
0.58187
0.54411
0.57127
0.62068
0.57988
0.45944
0.55041
0.42592
0.33005
0.38648
0.45509
0.45081
0.47639
0.49973
0.60686
0.57871
0.54356
0.5279
0.53083
0.47389
0.43239
0.30992
0.30523
0.28228
0.27423
0.26457
0.33434
0.35856
0.40522
0.24452
0.1948
0.20215
0.29024
0.34852
0.30308
0.25414
0.2403
0.21015
0.18731
0.22552
0.25456
0.48468
0.39848
0.61795
0.90291
0.78209
0.50383
0.48207
0.51762
0.51927
0.45843
0.48497
0.58585
0.72218
0.52757
0.51341
0.80087
0.55168
0.52778
0.5334
0.47132
0.42132
0.4398
0.46949
0.47202
0.47175
0.44938
0.56849
0.60065
0.53047
0.50728
0.44539
0.46093
0.40296
0.39734
0.39749
0.4076
0.39833
0.41979
0.42806
0.40446
0.41746
0.42797
0.43708
0.48806
0.7255
0.93525
0.92715
0.85089
0.82962
0.86211
0.85526
0.90001
0.91103
0.88025
0.91135
0.90673
0.90413
0.89106
0.83723
0.72188
0.71935
0.61828
0.65099
0.43625
0.34989
0.90215
0.90665
0.90544
0.89702
0.90273
0.90521
0.90073
0.90359
0.8993
0.81514
0.67052
0.59725
0.57973
0.61922
0.5834
0.64579
0.5876
0.54153
0.51117
0.51676
0.49456
0.49483
0.51117
0.49642
0.49067
0.44082
0.3784
0.37225
0.36657
0.36005
0.37329
0.38239
0.35241
0.27891
0.42644
0.40006
0.34785
0.34959
0.3739
0.35215
0.31013
0.56872
0.83026
0.82678
0.45386
0.72548
0.5624
0.34503
0.39523
0.33389
0.31224
0.56259
0.3692
0.35589
0.41485
0.38532
0.35653
0.33241
0.33794
0.39504
0.48027
0.46592
0.60513
0.61065
0.69317
0.75121
0.64221
0.56578
0.52299
0.66467
0.66732
0.68272
0.93087
0.94715
0.9479
0.94118
0.93817
0.93701
0.93678
0.93562
0.93848
0.93603
0.87691
0.60419
0.58903
0.57074
0.56015
0.55195
0.54129
0.52018
0.43673
0.34975
0.35979
0.31776
0.3102
0.29888
0.2949
0.28485
0.25945
0.24946
0.33085
0.21852
0.23163
0.23634
0.37744
0.53098
0.54712
0.46542
0.46094
0.58593
0.63381
0.60738
0.53772
0.40211
0.2957
0.22788
0.17721
0.17772
0.81578
0.86872
0.89242
0.88828
0.88187
0.59786
0.52852
0.49532
0.48647
0.49315
0.47399
0.47588
0.45743
0.37907
0.36372
0.34092
0.32136
0.31064
0.34199
0.25782
0.095986
0.11166
0.070359
0.11218
0.21823
0.39668
0.38224
0.20139
0.31833
0.28436
0.27155
0.27735
0.2925
0.34567
0.36308
