0.71667
0.70555
0.71726
0.71465
0.70747
0.70297
0.69921
0.69375
0.65763
0.64011
0.63314
0.61384
0.57402
0.56874
0.506
0.52798
0.73803
0.69535
0.71054
0.718
0.71682
0.69191
0.36978
0.12857
0.14184
0.4608
0.69571
0.71394
0.75572
0.76544
0.76816
0.78135
0.84159
0.85808
0.85167
0.841
0.83569
0.82929
0.82188
0.81664
0.81329
0.79013
0.7893
0.78269
0.79961
0.81516
0.82471
0.80468
0.77479
0.75106
0.72876
0.71568
0.72673
0.68444
0.49164
0.53705
0.72332
0.74772
0.75936
0.77595
0.7698
0.77508
0.7556
0.73968
0.77807
0.78179
0.78954
0.79452
0.78693
0.75561
0.64434
0.70639
0.64274
0.63909
0.59745
0.6056
0.56706
0.74071
0.81768
0.68093
0.76517
0.7094
0.73511
0.73293
0.77474
0.77625
0.7283
0.72651
0.67166
0.68138
0.68976
0.71052
0.72902
0.73704
0.73719
0.74241
0.758
0.74387
0.72724
0.73181
0.7456
0.76739
0.77646
0.78771
0.78575
0.75665
0.73663
0.73734
0.72826
0.71246
0.70293
0.69298
0.686
0.68186
0.68076
0.66261
0.65242
0.64851
0.64473
0.64143
0.63302
0.63371
0.6482
0.64051
0.63948
0.64036
0.64446
0.64338
0.65235
0.69488
0.68217
0.61695
0.64276
0.64239
0.666
0.66938
0.71564
0.73654
0.74512
0.74671
0.75721
0.76482
0.75975
0.74852
0.73112
0.71926
0.71912
0.69334
0.67394
0.69675
0.74049
0.74752
0.78336
0.81269
0.75068
0.75347
0.7644
0.76185
0.76965
0.78501
0.79895
0.82875
0.83219
0.83166
0.83168
0.83986
0.84035
0.84017
0.83254
0.84435
0.83861
0.83934
0.83658
0.82244
0.81799
0.82884
0.8207
0.80602
0.77222
0.75877
0.75994
0.75549
0.72361
0.75745
0.63916
0.62706
0.7356
0.70195
0.66447
0.68972
0.6408
0.64709
0.65562
0.66039
0.6796
0.66153
0.63792
0.64262
0.635
0.66105
0.66133
0.613
0.66032
0.63883
0.62634
0.68097
0.69024
0.7538
0.72634
0.69514
0.67064
0.59744
0.61409
0.63529
0.62925
0.62857
0.63251
0.63574
0.63464
0.63711
0.64081
0.65489
0.65488
0.66405
0.68271
0.69414
0.71488
0.72906
0.74745
0.74995
0.73427
0.71077
0.67439
0.65803
0.64545
0.62389
0.6002
0.45017
0.28328
0.17491
0.078317
0.092793
0.1289
0.70592
0.73232
0.24378
0.21587
0.15328
0.31238
0.71572
0.63303
0.62676
0.75696
0.76436
0.76172
0.72206
0.70706
0.70436
0.72705
0.66913
0.72727
0.65221
0.73444
0.70075
0.72375
0.73411
0.69115
0.66036
0.66365
0.70684
0.70558
0.74276
0.71964
0.68403
0.68454
0.68431
0.68201
0.68737
0.67141
0.65661
0.6515
0.6469
0.6428
0.64493
0.64267
0.65428
0.65355
0.65645
0.6745
0.66617
0.64722
0.66368
0.66652
0.66433
0.66314
0.67491
0.67521
0.67841
0.67413
0.67611
0.67071
0.66884
0.66354
0.66054
0.6564
0.65631
0.65268
0.65185
0.65537
0.65201
0.64567
0.64561
0.65328
0.66414
0.67007
0.67206
0.6808
0.68679
0.6964
0.44976
0.43231
0.51776
0.6311
0.63434
0.6488
0.65327
0.66641
0.66585
0.66195
0.66493
0.66027
0.65591
0.65816
0.66139
0.64212
0.63328
0.61998
0.57933
0.4656
0.31802
0.21459
0.24317
0.7322
0.76753
0.72795
0.74113
0.74335
0.75758
0.79053
0.81015
0.81981
0.82691
0.81482
0.77493
0.79362
0.78675
0.78041
0.79183
0.75694
0.71133
0.72838
0.70808
0.70896
0.72842
0.75793
0.75589
0.74031
0.73938
0.74124
0.7537
0.78846
0.80473
0.81829
0.81695
0.81963
0.81714
0.82229
0.82611
0.82213
0.82527
0.81716
0.82597
0.79843
0.78881
0.80109
0.81953
0.831
0.8246
0.82349
0.82063
0.80558
0.80654
0.78481
0.76874
0.76156
0.76159
0.76409
0.76509
0.75379
0.74049
0.72066
0.70066
0.68765
0.64095
0.59688
0.50844
0.47564
0.54095
0.50914
0.52483
0.66931
0.68587
0.71638
0.7271
0.72093
0.71079
0.70096
0.69177
0.68249
0.67605
0.66644
0.66867
0.65431
0.63862
0.62759
0.62688
0.61275
0.61208
0.61412
0.61658
0.61359
0.60887
0.60414
0.5986
0.5943
0.63077
0.65142
0.6924
0.68991
0.69215
0.70033
0.7067
0.69789
0.70228
0.71465
0.72153
0.72026
0.70511
0.70278
0.70291
0.70846
0.7027
0.71887
0.72331
0.72035
0.70522
0.70603
0.70541
0.71184
0.74068
0.74078
0.742
0.70491
0.6645
0.65597
0.65052
0.63656
0.62794
0.64302
0.56588
0.52023
0.47437
0.46503
0.65501
0.40114
0.39401
0.42746
0.57698
0.68709
0.6688
0.68492
0.67136
0.6715
0.67768
0.69634
0.70022
0.69262
0.61155
0.53279
0.43953
0.41296
0.40609
0.34829
0.54338
0.6717
0.65689
0.63674
0.67914
0.56412
0.45413
0.4845
0.47376
0.67296
0.74671
0.77232
0.76707
0.75393
0.7667
0.7738
0.77783
0.76367
0.70779
0.70461
0.7163
0.71428
0.7229
0.76586
0.78058
0.77221
0.78349
0.73504
0.71904
0.73289
0.75376
0.73519
0.73636
0.71772
0.67978
0.6313
0.42559
0.33245
0.34433
0.41082
0.5256
0.67902
0.66208
0.66098
0.64738
0.64019
0.63663
0.65252
0.6621
0.64837
0.6475
0.66787
0.68256
0.70178
0.74236
0.78556
0.79719
0.80215
0.79365
0.79026
0.78944
0.79575
0.81177
0.82616
0.82831
0.82315
0.80641
0.78054
0.7598
0.7318
0.72847
0.74097
0.76275
0.78638
0.78992
0.7884
0.77963
0.77634
0.74112
0.74854
0.77882
0.78393
0.79157
0.80106
0.81144
0.64537
0.55469
0.51397
0.55938
0.56902
0.55996
0.59073
0.65299
0.75686
0.69795
0.65109
0.63878
0.6884
0.73003
0.80598
0.80729
0.81562
0.82262
0.81668
0.81861
0.77396
0.76284
0.76698
0.76311
0.76634
0.77353
0.79297
0.78417
0.79006
0.80794
0.81944
0.82079
0.82015
0.74737
0.7682
0.74768
0.79598
0.83209
0.84376
0.85044
0.85755
0.87107
0.88086
0.83235
0.79112
0.77057
0.74617
0.71875
0.73417
0.74493
0.57266
0.53415
0.51264
0.48744
0.45917
0.43994
0.41697
0.39765
0.41923
0.35468
0.4154
0.31152
0.30487
0.78153
0.82815
0.83973
0.87316
0.90441
0.90326
0.92133
0.936
0.9404
0.91493
0.92638
0.93946
0.94503
0.94604
0.94458
0.95067
0.96243
0.93935
0.94954
0.9621
0.85225
0.8015
0.85717
0.89984
0.89149
0.8313
0.82721
0.8085
0.80617
0.81385
0.83816
0.82296
0.82165
0.8101
0.80673
0.80495
0.79707
0.78772
0.78624
0.77645
0.78065
0.80987
0.78079
0.77766
0.77607
0.78487
0.77781
0.77555
0.7924
0.79874
0.79322
0.77653
0.78227
0.80306
0.80021
0.77303
0.77883
0.77241
0.8115
0.7519
0.7258
0.67537
0.62857
0.62094
0.63336
0.62553
0.63267
0.63117
0.59011
0.56524
0.66488
0.87802
0.78276
0.79657
0.78708
0.76313
0.75259
0.75427
0.77394
0.775
0.74333
0.70399
0.70517
0.60146
0.62816
0.74419
0.73106
0.74842
0.74627
0.74568
0.76754
0.77172
0.7676
0.76359
0.69628
0.67715
0.65798
0.60401
0.55142
0.53482
0.50146
0.47854
0.42137
0.34164
0.28297
0.30796
0.32618
0.36732
0.65431
0.62926
0.66595
0.73712
0.74587
0.70776
0.67489
0.6177
0.57563
0.538
0.5277
0.49956
0.54018
0.60292
0.69594
0.72555
0.77916
0.78362
0.78589
0.80208
0.80841
0.81603
0.82818
0.89156
0.81443
0.89657
0.8691
0.80671
0.80049
0.82158
0.83597
0.78523
0.62499
0.83398
0.83526
0.85393
0.76921
0.75255
0.75332
0.75431
0.75207
0.76034
0.74584
0.72044
0.71612
0.80094
0.80634
0.74803
0.70806
0.57302
0.46934
0.48109
0.5597
0.55185
0.58741
0.78255
0.79326
0.80373
0.7934
0.78869
0.76349
0.77822
0.79526
0.80015
0.80575
0.79134
0.76539
0.74611
0.74656
0.76606
0.78831
0.80239
0.81093
0.80159
0.78669
0.74972
0.72429
0.73326
0.69771
0.57926
0.48158
0.45601
0.41473
0.49157
0.73071
0.78273
0.79421
0.83948
0.71189
0.74337
0.67244
0.68837
0.7607
0.81495
0.86236
0.76988
0.80088
0.8208
0.81508
0.8189
0.82
0.83047
0.84862
0.83557
0.84823
0.84956
0.84889
0.85101
0.85062
0.8627
0.87959
0.88785
0.88919
0.9004
0.85119
0.85939
0.8195
0.80677
0.80052
0.83183
0.79023
0.83382
0.84549
0.86225
0.81056
0.84562
0.84111
0.80725
0.80483
0.82246
0.8393
0.85561
0.87495
0.88942
0.88403
0.81728
0.80654
0.89283
0.84043
0.86273
0.84808
0.83729
0.82641
0.83309
0.8569
0.86186
0.87649
0.84172
0.85159
0.87345
0.8815
0.88094
0.84641
0.83577
0.81956
0.82794
0.84382
0.83125
0.83692
0.74766
0.72212
0.70188
0.61317
0.5794
0.57132
0.61723
0.58194
0.55089
0.51662
0.47811
0.46984
0.5077
0.47426
0.40242
0.28217
0.1816
0.14937
0.1727
0.23975
0.28659
0.32877
0.45809
0.83317
0.87563
0.88741
0.89086
0.88045
0.87472
0.87481
0.85933
0.82216
0.79049
0.79828
0.8143
0.80696
0.80904
0.78427
0.77736
0.5558
0.41879
0.64351
0.89088
0.85087
0.84568
0.75357
0.82001
0.86106
0.87854
0.88365
0.90216
0.89832
0.89468
0.89845
0.90471
0.92901
0.93908
0.95619
0.95611
0.95274
0.95066
0.9504
0.95771
0.94965
0.93915
0.92296
0.94328
0.92985
0.93233
0.92814
0.90593
0.78491
0.65844
0.64076
0.76064
0.81307
0.73551
0.66162
0.55975
0.59567
0.66073
0.67601
0.70737
0.81282
0.74596
0.70166
0.6304
0.57384
0.61609
0.63459
0.55864
0.50778
0.63375
0.61876
0.58097
0.58862
0.83392
0.80275
0.84793
0.84598
0.83154
0.85403
0.84294
0.8739
0.90786
0.89245
0.88342
0.84385
0.79602
0.62022
0.32562
0.25109
0.15077
0.24597
0.20888
0.18249
0.28158
0.29648
0.33302
0.48436
0.61401
0.67839
0.77995
0.90278
0.88122
0.89602
0.90745
0.90772
0.8444
0.76115
0.87595
0.85956
0.85455
0.83946
0.84596
0.82734
0.76171
0.74979
0.76228
0.79326
0.78715
0.80268
0.80879
0.71447
0.70843
0.67816
0.80539
0.74331
0.76309
0.75158
0.67008
0.58444
0.64525
0.625
0.56535
0.50211
0.44061
0.34536
0.30307
0.32595
0.41247
0.49338
0.50914
0.49437
0.43672
0.44456
0.70585
0.69786
0.80133
0.93167
0.94409
0.94553
0.92463
0.91242
0.9063
0.88173
0.88366
0.89509
0.83646
0.83679
0.76847
0.79344
0.81312
0.86902
0.89875
0.86984
0.9005
0.87524
0.87198
0.87368
0.86595
0.86669
0.87901
0.79648
0.56214
0.38185
0.40653
0.68037
0.8387
0.88076
0.92347
0.80402
0.7623
0.76756
0.66756
0.80159
0.86581
0.91517
0.92686
0.91714
0.94616
0.93178
0.92108
0.90432
0.90443
0.80901
0.73137
0.67465
0.74187
0.88218
0.8786
0.87787
0.89091
0.88898
0.85575
0.8478
0.82593
0.85453
0.84561
0.82277
0.8087
0.74755
0.6448
0.57735
0.56082
0.44134
0.39187
0.47269
0.5143
0.60766
0.64294
0.38502
0.65105
0.70004
0.66949
0.54499
0.88525
0.91841
0.90113
0.91083
0.83677
0.90544
0.86936
0.8761
0.88067
0.89338
0.88344
0.87687
0.88745
0.87251
0.8925
0.90084
0.90908
0.90611
0.87944
0.92241
0.9387
0.89007
0.9042
0.91123
0.88815
0.84191
0.80598
0.71905
0.88576
0.89167
0.91004
0.8928
0.87289
0.90368
0.87619
0.88656
0.90009
0.89124
0.88479
0.90173
0.89869
0.88352
0.8808
0.89084
0.88288
0.87975
0.88507
0.89164
0.88449
0.8944
0.84284
0.87471
0.74462
0.81786
0.84786
0.82873
0.84106
0.87151
0.90524
0.71912
0.70155
0.75037
0.79305
0.82886
0.87684
0.86421
0.75942
0.68668
0.79199
0.78302
0.83645
0.83681
0.85558
0.87984
0.84718
0.68274
0.71578
0.89756
0.87619
0.86906
0.85197
0.88562
0.85716
0.83095
0.76651
0.78411
0.71708
0.73965
0.76011
0.82203
0.89082
0.74174
0.88562
0.91324
0.87859
0.89107
0.89337
0.88923
0.84362
0.7561
0.90862
0.87093
0.89142
0.8644
0.8571
0.87534
0.82151
0.76206
0.90579
0.88871
0.88591
0.8488
0.86137
0.85896
0.73124
0.63875
0.64038
0.65995
0.70851
0.75083
0.78244
0.83445
0.75947
0.69391
0.69531
0.66142
0.71774
0.81234
0.79603
0.69917
0.72598
0.85635
1.0003
0.99991
0.99941
1.0001
0.99974
0.99753
0.99705
0.78711
0.6859
0.7981
0.92243
0.98163
0.99884
0.99962
0.99875
0.99756
1.0007
0.99881
1.0004
1.0005
0.99819
0.99941
0.83984
0.86559
0.98663
0.98749
0.97105
0.93774
0.84918
0.73995
0.81068
0.93717
0.91545
0.97242
0.96445
0.96872
0.98296
0.95143
0.90504
0.78457
0.8505
0.83319
0.90979
0.91084
0.88185
0.82363
0.78075
0.75464
0.76692
0.79768
0.84481
0.90742
0.90521
0.74487
0.5017
0.54404
0.49049
0.5275
0.48993
0.88537
0.74845
0.94917
0.92905
0.9204
0.91836
0.93053
0.93014
0.92373
0.95108
0.97043
0.88073
0.88781
0.97484
0.98769
0.98681
0.96476
0.90319
0.82753
0.79735
0.77855
0.72965
0.80974
0.89995
0.91709
0.88761
0.83802
0.73971
0.68531
0.73098
0.65077
0.78086
0.87099
0.87341
0.88724
0.82296
0.70501
0.55558
0.63462
0.73869
0.80877
0.86905
0.86066
0.77331
0.65565
0.71252
0.79773
0.8702
0.92526
0.99225
0.99763
0.9985
1.0008
0.99908
0.9929
0.85105
0.89744
0.93197
0.86717
0.81686
0.76323
0.85666
0.9991
1.0008
0.97454
0.95279
0.96834
0.97212
0.92592
0.87864
0.74816
0.78872
0.85673
0.92256
0.93559
0.93088
0.7354
0.70084
0.71975
0.76853
0.73063
0.78024
0.82299
0.7918
0.68952
0.65877
0.76132
0.8887
0.92135
0.92922
0.93375
0.74929
0.63148
0.69491
0.69488
0.75217
0.92611
0.90734
0.78508
0.84484
0.92259
0.95002
0.89978
0.81154
0.89731
0.78768
0.76158
0.7406
0.7563
0.70627
0.80126
0.90372
0.94105
0.93287
0.93882
0.92637
0.91036
0.87881
0.9599
0.85546
0.79997
0.81089
0.80401
0.86329
0.76359
0.66172
0.67287
0.6865
0.76538
0.83157
0.78989
0.86384
0.91029
0.87868
0.87476
0.91757
0.90882
0.90549
0.88217
0.81513
0.8233
0.83629
0.90218
0.89565
0.90731
0.8867
0.86322
0.75051
0.76192
0.74718
0.81164
0.92103
0.90358
0.88296
0.89323
0.86869
0.77941
0.7009
0.70987
0.72237
0.87555
0.82549
0.83862
0.76907
0.70224
0.69501
0.81741
0.8857
0.92576
0.90712
0.87374
0.81479
0.76936
0.70893
0.87993
0.91194
0.92799
0.92897
0.94676
0.96018
0.97093
0.97627
0.92433
0.96971
0.96531
0.95808
0.89207
0.82516
0.79858
0.86996
0.87924
0.80899
0.87232
0.90484
0.88557
0.81222
0.92124
0.91279
0.93591
0.94675
0.93439
0.9399
0.93832
0.97766
0.94017
0.95047
0.96027
0.95254
0.95248
0.94787
0.94517
0.91564
0.91962
0.92209
0.9391
0.93788
0.92582
0.92268
0.92264
0.88485
0.90381
0.90536
0.93577
0.93813
0.92618
0.9201
0.8907
0.80727
0.76336
0.80857
0.82877
0.88881
0.90833
0.93485
0.93862
0.96621
0.97145
0.9788
0.97729
0.95489
0.9449
0.93991
0.91883
0.84789
0.88863
0.93152
0.94323
0.92535
0.92949
0.92254
0.92127
0.84365
0.8079
0.81783
0.79392
0.77172
0.75448
0.6253
0.57092
0.67953
0.69778
0.70931
0.75972
0.79027
0.80723
0.8119
0.81698
0.77443
0.69354
0.72354
0.791
0.80683
0.80654
0.80245
0.93443
0.87845
0.97395
0.9685
0.91318
0.92332
0.85455
0.80425
0.76861
0.72878
0.71958
0.73435
0.8679
0.85104
0.81078
0.84563
0.86069
0.8505
0.68509
0.59557
0.72609
0.75526
0.70896
0.69275
0.71796
0.82355
0.86801
0.86953
0.85112
0.86958
0.87384
0.91395
0.9399
0.91701
0.83727
0.78553
0.82012
0.8751
0.91188
0.96111
0.99941
0.95868
0.99258
0.8792
0.94555
0.88989
0.89694
0.89226
0.89293
0.7915
0.79995
0.79042
0.84018
0.86952
0.89401
0.9234
0.95824
0.94684
0.92764
0.95392
0.95436
0.93576
0.94018
0.93716
0.87759
0.85062
0.82036
0.80339
0.7988
0.84891
0.88114
0.93573
0.99878
0.97194
0.98909
0.942
0.82045
0.86682
0.84794
0.84098
0.88956
0.87948
0.8698
0.88923
0.93929
0.93082
0.94372
0.91701
0.813
0.80969
0.83358
0.83341
0.76236
0.69983
0.62559
0.59561
0.46919
0.40052
0.38355
0.42334
0.40487
0.36825
0.39551
0.4785
0.58462
0.64333
0.73346
0.76376
0.82035
0.84475
0.87643
0.8879
0.85692
0.82441
0.97117
0.93892
0.94735
0.93906
0.9229
0.92688
0.90027
0.83142
0.83706
0.82538
0.89658
0.90951
0.88262
0.90122
0.8982
0.83412
0.76529
0.83844
0.90915
0.91506
0.91199
0.91395
0.90884
0.91362
0.8591
0.79862
0.77384
0.89792
0.9328
0.92219
0.92809
0.94819
0.9677
0.9671
0.95514
0.95076
0.94104
0.93095
0.92951
0.94863
0.96196
0.96558
0.95645
0.94475
0.93408
0.93043
0.91158
0.91069
0.72534
0.73191
0.72088
0.59332
0.52672
0.56949
0.611
0.68904
0.69158
0.62395
0.58495
0.58011
0.63166
0.64842
0.72628
0.72919
0.70212
0.78415
0.92852
0.93907
0.93101
0.93204
0.93266
0.90593
0.93237
0.96094
0.96519
0.97297
0.97728
0.96845
0.97008
0.96982
0.95774
0.93742
0.9415
0.93516
0.92823
0.92541
0.8853
0.90108
0.78331
0.79757
0.91368
0.90942
0.90323
0.88808
0.85463
0.83945
0.82142
0.87704
0.86481
0.86407
0.83759
0.8211
0.73309
0.62007
0.66783
0.79464
0.70936
0.78213
0.90257
0.90224
0.92438
0.92792
0.89247
0.90118
0.90999
0.95197
0.94938
0.95895
0.96949
0.94683
0.94981
0.92283
0.95602
0.96546
0.96701
0.96945
0.96671
0.95584
0.95239
0.93686
0.94349
0.92948
0.92527
0.9344
0.92027
0.84717
0.92957
0.95625
0.95116
0.93747
0.91725
0.92116
0.89467
0.79857
0.74959
0.89711
0.89989
0.88499
0.89024
0.88308
0.88515
0.88776
0.87029
0.87296
0.89379
0.88346
0.88338
0.88086
0.88918
0.88867
0.88501
0.89616
0.8958
0.88597
0.88201
0.88324
0.88687
0.86862
0.80475
0.77404
0.78729
0.77128
0.83889
0.81833
0.75814
0.74059
0.77564
0.82424
0.86262
0.8642
0.8953
0.88978
0.87685
0.8709
0.85906
0.92333
0.88197
0.86352
0.93718
0.88905
0.89384
0.90525
0.91897
0.80375
0.77072
0.78444
0.81172
0.78221
0.73001
0.6891
0.70422
0.70917
0.72483
0.74202
0.72559
0.71288
0.71458
0.69119
0.69076
0.64729
0.62288
0.6321
0.69123
0.73928
0.72248
0.71151
0.67219
0.65734
0.59478
0.61173
0.65619
0.6985
0.778
0.78345
0.78932
0.7987
0.82779
0.8533
0.87182
0.87973
0.89301
0.89057
0.88073
0.89339
0.89238
0.88595
0.90081
0.89918
0.90547
0.93078
0.89895
0.91257
0.88514
0.89106
0.89477
0.89375
0.90513
0.89005
0.79272
0.71963
0.66638
0.89773
0.9108
0.94947
0.98669
0.99736
0.99768
0.99962
0.96997
0.94522
0.92669
0.9149
0.9154
0.92602
0.91731
0.91902
0.91464
0.91598
0.92149
0.92923
0.89891
0.92827
0.91625
0.87944
0.88121
0.88388
0.89974
0.89674
0.91184
0.91283
0.92432
0.87729
0.88075
0.87931
0.88165
0.88881
0.8757
0.90792
0.92957
0.93074
0.91838
0.90422
0.89409
0.89736
0.91601
0.85522
0.83214
0.86976
0.86792
0.85743
0.87222
0.85777
0.90688
0.87733
0.8596
0.88219
0.87689
0.86925
0.87101
0.87
0.86969
0.86621
0.86184
0.91582
0.9159
0.89532
0.89858
0.91302
0.90354
0.9171
0.92545
0.92066
0.91636
0.90314
0.8898
0.91056
0.91089
0.89187
0.81979
0.86906
0.88411
0.88673
0.90419
0.89553
0.78246
0.74791
0.77701
0.87814
0.88916
0.90998
0.87946
0.86282
0.87373
0.8733
0.82852
0.7917
0.69871
0.6349
0.80702
0.84489
0.85906
0.8619
0.84746
0.8474
0.84207
0.84144
0.85123
0.84249
0.83407
0.84626
0.87104
0.86612
0.88168
0.88154
0.87848
0.87474
0.86189
0.77366
0.82358
0.82873
0.83994
0.8506
0.855
0.856
0.86129
0.8337
0.83824
0.83413
0.81001
0.80417
0.81704
0.65863
0.62808
0.84162
0.87479
0.87105
0.87134
0.87227
0.86842
0.84941
0.84584
0.79679
0.79122
0.81341
0.80702
0.81073
0.80185
0.77265
0.81436
0.80733
0.80933
0.75813
0.6312
0.56753
0.6087
0.54895
0.62282
0.79881
0.79183
0.82908
0.79834
0.69088
0.74517
0.77107
0.75133
0.79109
0.81565
0.81506
0.82191
0.81279
0.75211
0.54483
0.58371
0.84696
0.87159
0.87602
0.86894
0.85842
0.83355
0.84928
0.85852
0.85677
0.80871
0.88507
0.90468
0.90985
0.90246
0.8804
0.8777
0.8702
0.8747
0.8701
0.86496
0.84616
0.8441
0.83399
0.83644
0.84543
0.8305
0.83594
0.83441
0.83282
0.8318
0.80938
0.80693
0.81624
0.82627
0.82665
0.82791
0.8321
0.77347
0.59856
0.77813
0.82673
0.85722
0.78542
0.63306
0.61203
0.57295
0.57466
0.52633
0.48819
0.45533
0.57129
0.7894
0.82578
0.81584
0.82899
0.83486
0.8599
0.87703
0.89283
0.90163
0.90157
0.90457
0.90642
0.89983
0.90366
0.90662
0.90078
0.89522
0.88907
0.89308
0.89209
0.89952
0.90134
0.90194
0.89778
0.89366
0.89462
0.87109
0.80603
0.80333
0.80104
0.82591
0.82307
0.82909
0.83414
0.84694
0.8422
0.82188
0.80941
0.79959
0.79312
0.79959
0.784
0.66494
0.77908
0.78829
0.81377
0.81706
0.80745
0.69664
0.68525
0.70133
0.67684
0.6852
0.65836
0.63451
0.65298
0.64415
0.64276
0.64159
0.61802
0.64857
0.69754
0.75039
0.70949
0.78808
0.80556
0.81026
0.81272
0.79663
0.79365
0.79515
0.779
0.82325
0.79732
0.78942
0.81248
0.80081
0.8336
0.8461
0.83573
0.80526
0.78832
0.79423
0.81874
0.77642
0.71789
0.76851
0.76003
0.6508
0.64255
0.71424
0.78609
0.80782
0.82741
0.84022
0.84322
0.84455
0.84663
0.84777
0.81102
0.81603
0.81402
0.84483
0.85772
0.84909
0.84592
0.83224
0.83655
0.84155
0.852
0.85701
0.86739
0.86169
0.77163
0.79694
0.80019
0.80143
0.81374
0.81646
0.81436
0.81396
0.8066
0.81978
0.82725
0.82708
0.80477
0.80598
0.78102
0.56474
0.45251
0.76468
0.78253
0.77634
0.79241
0.80383
0.81619
0.82749
0.83021
0.83464
0.8422
0.84135
0.80623
0.82153
0.82551
0.8354
0.82898
0.81591
0.80032
0.79699
0.77332
0.7662
0.76884
0.75831
0.75147
0.74847
0.71055
0.59802
0.62402
0.6055
0.61188
0.58547
0.573
0.51835
0.54108
0.54033
0.52985
0.56872
0.56981
0.62088
0.69635
0.68775
0.67277
0.66527
0.6646
0.65289
0.66098
0.68827
0.59204
0.53663
0.55429
0.59238
0.60053
0.76324
0.76692
0.69677
0.44397
0.36382
0.33731
0.27643
0.24616
0.29263
0.65289
0.79277
0.81837
0.8547
0.90004
0.92014
0.92825
0.89887
0.70816
0.89299
0.91306
0.91864
0.92804
0.91371
0.91007
0.90801
0.90898
0.91534
0.91608
0.9163
0.88938
0.89207
0.88998
0.89274
0.81227
0.8663
0.88549
0.9291
0.9223
0.95128
0.91644
0.93381
0.91483
0.94479
0.92313
0.90564
0.88502
0.85742
0.84227
0.79208
0.80395
0.79717
0.79692
0.78999
0.77367
0.79106
0.78796
0.77423
0.82125
0.83531
0.83123
0.82265
0.81204
0.81659
0.81194
0.76552
0.68176
0.80861
0.79842
0.7994
0.7896
0.77075
0.77187
0.73971
0.72267
0.72286
0.71122
0.72198
0.70538
0.72584
0.46156
0.71568
0.7617
0.76521
0.78402
0.80252
0.81814
0.80049
0.8196
0.81357
0.79986
0.80944
0.83152
0.82746
0.83319
0.8283
0.83061
0.83479
0.82824
0.81553
0.80867
0.81417
0.843
0.84569
0.84545
0.83304
0.83382
0.81308
0.78179
0.77764
0.807
0.81566
0.81048
0.79953
0.79768
0.74782
0.7451
0.66903
0.63773
0.70267
0.82282
0.82129
0.72027
0.71332
0.80012
0.80441
0.81167
0.80273
0.78507
0.77523
0.59203
0.43558
0.32679
0.69963
0.77313
0.78601
0.79238
0.82585
0.83376
0.84782
0.85911
0.8591
0.85987
0.82793
0.80099
0.80541
0.81253
0.80986
0.81133
0.80521
0.80185
0.80763
0.82728
0.84037
0.84498
0.84492
0.83836
0.84216
0.84362
0.84628
0.84563
0.84666
0.84594
0.84637
0.85423
0.86723
0.62605
0.87063
0.87613
0.87891
0.88081
0.88282
0.87967
0.88151
0.90521
0.90336
0.89604
0.88265
0.87523
0.87092
0.86692
0.85692
0.85004
0.86362
0.88273
0.95292
0.92924
0.88941
0.75096
0.74193
0.71349
0.75698
0.85129
0.85112
0.84273
0.83505
0.83868
0.83024
0.81345
0.80625
0.80043
0.79503
0.79003
0.78499
0.77916
0.77286
0.77302
0.51736
0.25414
0.29354
0.70254
0.81858
0.83554
0.89789
0.86187
0.78116
0.93348
0.83159
0.81999
0.82228
0.82882
0.852
0.75107
0.79997
0.82816
0.84876
0.85582
0.86428
0.82986
0.81692
0.80707
0.80735
0.73207
0.82685
0.85131
0.89992
0.81951
0.87338
0.91647
0.88208
0.86125
0.82695
0.81785
0.80761
0.81235
0.82099
0.82404
0.80271
0.79148
0.78856
0.78766
0.78927
0.78793
0.79712
0.79322
0.78228
0.78001
0.7756
0.76741
0.75978
0.75234
0.74651
0.73927
0.72756
0.7286
0.76882
0.74558
0.76909
0.78278
0.76408
0.7465
0.72307
0.70531
0.71147
0.71919
0.74047
0.76078
0.74133
0.81422
0.85411
0.88698
0.90348
0.90681
0.89889
0.87503
0.87987
0.87176
0.83544
0.8449
0.89697
0.83212
0.84794
0.84979
0.85919
0.79917
0.77619
0.77779
0.76338
0.75937
0.75637
0.74867
0.75048
0.74763
0.74048
0.77157
0.77681
0.7814
0.79038
0.79552
0.81337
0.80212
0.78954
0.80241
0.80519
0.76555
0.7947
0.8105
0.78857
0.81058
0.82857
0.83736
0.84212
0.84144
0.83344
0.83258
0.83154
0.83297
0.81686
0.7963
0.8064
0.80773
0.80631
0.82033
0.82654
0.8096
0.79787
0.79242
0.7778
0.75522
0.74167
0.73581
0.72879
0.71874
0.71619
0.71146
0.63379
0.71201
0.70472
0.69587
0.70718
0.75777
0.72097
0.64612
0.68206
0.7624
0.78203
0.78647
0.78195
0.78989
0.81405
0.83577
0.84967
0.77544
0.75392
0.68965
0.69247
0.79061
0.79102
0.77338
0.78606
0.78446
0.77393
0.77255
0.7614
0.73851
0.74243
0.75761
0.75603
0.7531
0.74958
0.74218
0.73814
0.7299
0.73542
0.73897
0.73732
0.74234
0.73656
0.73975
0.7481
0.76759
0.7942
0.80086
0.79859
0.80372
0.80349
0.80155
0.79747
0.79484
0.78715
0.79902
0.7948
0.79372
0.79093
0.76813
0.78767
0.79675
0.78267
0.77107
0.76137
0.7521
0.74488
0.7333
0.72768
0.71838
0.71211
0.71312
0.71162
0.68996
0.68201
0.6643
0.65105
0.63439
0.63253
0.62025
0.62286
0.6331
0.65194
0.66135
0.67152
0.64997
0.63603
0.63304
0.62731
0.60096
0.61903
0.68785
0.70471
0.71463
0.77434
0.76793
0.75669
0.75396
0.72951
0.73196
0.72475
0.72852
0.72782
0.72033
0.7137
0.75275
0.76528
0.72554
0.7689
0.74058
0.75861
0.73852
0.52799
0.46875
0.56607
0.50774
0.75161
0.76433
0.73779
0.70173
0.76347
0.78399
0.78945
0.79978
0.79757
0.78167
0.76623
0.72783
0.74674
0.75419
0.78541
0.80328
0.81977
0.81835
0.7575
0.75487
0.74745
0.73979
0.73648
0.7324
0.72962
0.71437
0.66701
0.66677
0.67522
0.66336
0.69263
0.71986
0.79044
0.73794
0.75737
0.80115
0.82879
0.84658
0.85097
0.85194
0.854
0.85362
0.86992
0.74617
0.73892
0.81981
0.81709
0.81223
0.80058
0.77642
0.77029
0.75344
0.70566
0.68607
0.69296
0.70538
0.6717
0.6484
0.63957
0.60055
0.47647
0.24626
0.36394
0.71632
0.77506
0.7782
0.8082
0.76614
0.73965
0.69017
0.65133
0.67128
0.71158
0.73384
0.72561
0.69813
0.64647
0.59707
0.57848
