0.80559
0.82121
0.77724
0.75617
0.74581
0.78281
0.77854
0.76553
0.72191
0.66668
0.72808
0.78408
0.75528
0.75996
0.77667
0.81692
0.82561
0.82577
0.83336
0.83943
0.8514
0.84634
0.82842
0.82399
0.79768
0.79281
0.75568
0.76698
0.78288
0.75484
0.78237
0.72968
0.63672
0.6377
0.75022
0.73288
0.72471
0.7915
0.80965
0.80403
0.83713
0.85025
0.82561
0.82146
0.82263
0.82625
0.82743
0.81266
0.8296
0.84238
0.84128
0.84592
0.84833
0.84402
0.84329
0.84532
0.85678
0.86656
0.86777
0.82182
0.83752
0.82794
0.81805
0.79672
0.79376
0.79394
0.78585
0.7702
0.75575
0.69657
0.67482
0.45062
0.42053
0.7732
0.81268
0.84227
0.84568
0.85639
0.8561
0.82697
0.82223
0.80382
0.7931
0.82319
0.80151
0.8002
0.82108
0.80584
0.78826
0.78953
0.81001
0.85027
0.85367
0.72121
0.71372
0.7519
0.73167
0.69479
0.5775
0.37673
0.48089
0.58246
0.77705
0.76762
0.77778
0.79627
0.78973
0.8189
0.83836
0.82515
0.82442
0.82323
0.82865
0.82552
0.83694
0.82647
0.83471
0.84586
0.86472
0.85204
0.82849
0.83837
0.82152
0.82232
0.82033
0.84414
0.84981
0.836
0.83819
0.84779
0.81448
0.83153
0.84338
0.84734
0.84392
0.81634
0.82905
0.81797
0.76784
0.8022
0.76922
0.78381
0.76845
0.73685
0.72964
0.70872
0.44172
0.38707
0.39958
0.4738
0.56492
0.69426
0.67494
0.66761
0.61627
0.59469
0.69992
0.74348
0.75713
0.80182
0.81098
0.83569
0.84295
0.84556
0.84174
0.78317
0.71176
0.6904
0.57571
0.43302
0.35615
0.34722
0.48964
0.81229
0.81836
0.80987
0.80713
0.80057
0.77431
0.75164
0.76477
0.79565
0.74437
0.61771
0.51578
0.25515
0.21835
0.2849
0.83112
0.79411
0.83014
0.75724
0.7399
0.74852
0.7243
0.68974
0.75571
0.82991
0.81997
0.82032
0.82307
0.82699
0.8338
0.83622
0.84127
0.83813
0.85903
0.85313
0.84882
0.84183
0.86604
0.83881
0.83968
0.8384
0.83332
0.83823
0.83595
0.83465
0.82551
0.84179
0.85481
0.84252
0.84284
0.8502
0.84408
0.81993
0.75789
0.72005
0.70669
0.62888
0.51191
0.34896
0.11896
0.1465
0.26769
0.38208
0.39088
0.31985
0.44466
0.79829
0.827
0.84978
0.85533
0.84463
0.80934
0.77011
0.78027
0.78013
0.7714
0.7514
0.73425
0.72513
0.71375
0.70936
0.70446
0.70081
0.70063
0.69845
0.69449
0.68353
0.67071
0.6666
0.64974
0.64123
0.63622
0.63354
0.62916
0.61757
0.57832
0.47394
0.4251
0.45934
0.4825
0.55539
0.65472
0.70588
0.72125
0.72319
0.73053
0.73001
0.73117
0.73433
0.7315
0.78658
0.8294
0.82588
0.81863
0.81903
0.8099
0.81025
0.80002
0.82468
0.81201
0.77747
0.73928
0.75019
0.74561
0.75564
0.72718
0.7315
0.76376
0.78399
0.81524
0.79444
0.79713
0.79312
0.80734
0.7935
0.80738
0.79589
0.78366
0.782
0.77056
0.77184
0.80276
0.7704
0.78493
0.77165
0.7696
0.78322
0.80522
0.80316
0.81139
0.81072
0.80045
0.80497
0.81417
0.79923
0.75215
0.71631
0.70905
0.70381
0.70931
0.70525
0.70774
0.70926
0.7083
0.70081
0.65043
0.67909
0.74489
0.77659
0.72928
0.68149
0.63069
0.52855
0.44779
0.42108
0.52685
0.63858
0.75716
0.81356
0.81378
0.80724
0.81013
0.80698
0.79562
0.79817
0.74307
0.76679
0.77909
0.71071
0.74848
0.82662
0.80766
0.7915
0.78502
0.78911
0.80012
0.80641
0.79786
0.78462
0.83322
0.82744
0.73732
0.85449
0.86561
0.8357
0.69208
0.67526
0.62741
0.66844
0.63065
0.72255
0.70771
0.86025
0.89728
0.83703
0.84836
0.83236
0.86143
0.84963
0.84359
0.84044
0.83719
0.83756
0.81791
0.86157
0.84098
0.83393
0.78974
0.80931
0.78973
0.77249
0.77885
0.65605
0.6677
0.63675
0.57785
0.68187
0.77163
0.79277
0.83198
0.83612
0.83236
0.81123
0.74907
0.74097
0.74713
0.75847
0.71369
0.63814
0.84865
0.87709
0.8753
0.8625
0.84789
0.80986
0.83527
0.84108
0.83381
0.82441
0.81274
0.79037
0.76218
0.67185
0.60878
0.66121
0.75693
0.67178
0.67767
0.74107
0.69881
0.68631
0.7101
0.72881
0.71601
0.71503
0.72027
0.72911
0.74773
0.76704
0.74123
0.7326
0.72582
0.73139
0.74556
0.76701
0.76751
0.79931
0.82087
0.84348
0.82082
0.82758
0.83826
0.85033
0.84189
0.83966
0.84523
0.83566
0.81343
0.84988
0.8303
0.80396
0.82184
0.81344
0.81986
0.83875
0.83953
0.83655
0.80377
0.79037
0.78631
0.76798
0.76445
0.76723
0.77838
0.7379
0.65743
0.56951
0.71086
0.69725
0.49423
0.39831
0.29966
0.35181
0.36191
0.32959
0.35117
0.44131
0.71517
0.74824
0.83002
0.75509
0.77348
0.75624
0.72816
0.73098
0.74355
0.79111
0.7372
0.79331
0.78213
0.81473
0.78135
0.81328
0.79234
0.79015
0.80166
0.79147
0.81039
0.79613
0.75149
0.75049
0.77161
0.80132
0.81036
0.78477
0.76025
0.7631
0.78848
0.76385
0.67905
0.46932
0.50083
0.4917
0.77578
0.80796
0.81131
0.80651
0.83273
0.84009
0.86258
0.85887
0.86246
0.8751
0.86814
0.87076
0.86094
0.86064
0.85989
0.85725
0.8526
0.8626
0.85604
0.82836
0.79294
0.81569
0.82842
0.83839
0.83959
0.81408
0.80913
0.79735
0.75755
0.74893
0.74443
0.743
0.72898
0.72117
0.7168
0.7188
0.72865
0.73668
0.72957
0.72501
0.72955
0.72778
0.71264
0.70682
0.73573
0.69553
0.60198
0.56112
0.74153
0.74589
0.76238
0.76143
0.77855
0.78854
0.7678
0.72825
0.72905
0.72219
0.70922
0.69695
0.72466
0.73343
0.72846
0.72702
0.72642
0.73271
0.73335
0.74033
0.77159
0.79358
0.79952
0.81046
0.8249
0.83243
0.83128
0.83036
0.8402
0.84043
0.83592
0.8257
0.82003
0.80701
0.78878
0.77633
0.78399
0.77971
0.78395
0.77926
0.77486
0.76972
0.76672
0.76962
0.77614
0.77517
0.76061
0.7548
0.74373
0.72834
0.71113
0.68087
0.66994
0.6551
0.71718
0.72804
0.48265
0.47601
0.71969
0.76113
0.79439
0.79993
0.78425
0.78966
0.81327
0.8052
0.80572
0.80861
0.80613
0.81064
0.81073
0.80519
0.81217
0.803
0.76912
0.76936
0.78309
0.79706
0.7867
0.77743
0.7799
0.77434
0.76952
0.76157
0.72661
0.65799
0.6203
0.69325
0.81043
0.6986
0.80963
0.81743
0.80674
0.89443
0.79374
0.78049
0.77225
0.76058
0.74877
0.73006
0.81391
0.84072
0.85872
0.86427
0.86984
0.84391
0.81987
0.78278
0.71252
0.72912
0.72211
0.71154
0.69675
0.68675
0.67948
0.68139
0.68412
0.70394
0.70353
0.70148
0.6898
0.64263
0.61664
0.59947
0.53273
0.6169
0.56824
0.67582
0.64756
0.48958
0.42247
0.76119
0.75538
0.72026
0.70742
0.68053
0.66141
0.65971
0.68513
0.70889
0.75165
0.66817
0.56663
0.52008
0.52428
0.45225
0.77213
0.82907
0.8869
0.93023
0.93963
0.94053
0.92727
0.92309
0.91933
0.91826
0.94441
0.95946
0.95085
0.92411
0.9264
0.9428
0.94698
0.94713
0.95079
0.86159
0.9466
0.92314
0.90355
0.848
0.8422
0.86638
0.85748
0.77391
0.84145
0.81963
0.82098
0.81107
0.80183
0.77876
0.7649
0.76725
0.79454
0.78857
0.79043
0.78928
0.79096
0.80276
0.84872
0.82712
0.83672
0.75362
0.77077
0.66114
0.77836
0.78106
0.82857
0.85854
0.84329
0.80794
0.80466
0.79854
0.80744
0.8308
0.83472
0.80133
0.7649
0.78422
0.80811
0.69029
0.67495
0.71637
0.70674
0.64677
0.64809
0.55702
0.52266
0.50069
0.4051
0.47076
0.50346
0.71159
0.73341
0.7612
0.71229
0.73462
0.74368
0.75647
0.7661
0.74066
0.74491
0.73957
0.72892
0.728
0.72688
0.73182
0.74702
0.7196
0.7297
0.72338
0.72284
0.71495
0.71435
0.73405
0.74186
0.75853
0.77939
0.79034
0.8173
0.82632
0.82814
0.80714
0.79343
0.8094
0.81505
0.81399
0.80467
0.79475
0.78568
0.77366
0.75815
0.7049
0.70974
0.71465
0.71377
0.61239
0.5534
0.57872
0.58576
0.59648
0.55932
0.54631
0.52799
0.44248
0.33054
0.30104
0.33824
0.32051
0.27574
0.26598
0.35073
0.58454
0.70108
0.68821
0.71776
0.68694
0.5905
0.64365
0.78088
0.80783
0.84583
0.65834
0.66856
0.69158
0.66293
0.66609
0.70043
0.7451
0.74913
0.78751
0.83326
0.83899
0.86243
0.84906
0.81781
0.81659
0.83638
0.84484
0.83937
0.84644
0.8229
0.83538
0.82575
0.83844
0.82885
0.86236
0.85926
0.86989
0.86427
0.84042
0.78488
0.81388
0.8016
0.84954
0.76323
0.6896
0.84094
0.80503
0.79839
0.79681
0.80502
0.80076
0.78573
0.72263
0.76721
0.78689
0.77891
0.81244
0.82465
0.83214
0.80637
0.81686
0.82321
0.81106
0.79696
0.78137
0.78165
0.77388
0.75289
0.75555
0.78234
0.75504
0.73413
0.75221
0.75433
0.78083
0.75539
0.75661
0.79257
0.78443
0.76669
0.76735
0.76541
0.78702
0.75531
0.73597
0.77148
0.75964
0.74541
0.73898
0.73236
0.75756
0.72616
0.73517
0.83894
0.74063
0.81641
0.77077
0.6655
0.39041
0.4199
0.77591
0.91317
0.87336
0.82683
0.83172
0.78349
0.80229
0.81953
0.83354
0.84365
0.81095
0.79206
0.8259
0.80496
0.82049
0.81299
0.73864
0.71939
0.72712
0.72955
0.75468
0.70069
0.73284
0.72934
0.71903
0.64769
0.59863
0.60369
0.71475
0.73474
0.66732
0.71511
0.76122
0.78146
0.8229
0.7914
0.78712
0.78993
0.8183
0.81643
0.79056
0.72961
0.63762
0.57457
0.76345
0.79649
0.84812
0.86949
0.86749
0.88577
0.88114
0.87901
0.88621
0.89121
0.91915
0.92523
0.9502
0.98351
0.96693
0.91506
0.87949
0.8871
0.79195
0.63645
0.8408
0.87084
0.85686
0.8553
0.83157
0.82465
0.80451
0.75537
0.66377
0.85573
0.85573
0.8549
0.87407
0.87844
0.8656
0.81007
0.71949
0.72352
0.68893
0.7505
0.8525
0.84785
0.84546
0.82683
0.81103
0.81822
0.87353
0.88757
0.87458
0.81769
0.85127
0.78845
0.66109
0.71297
0.86376
0.88981
0.85667
0.88504
0.86813
0.8476
0.76386
0.85835
0.85855
0.82945
0.79048
0.77336
0.79538
0.78296
0.80883
0.84962
0.82944
0.81254
0.82129
0.82213
0.80812
0.81702
0.76222
0.70261
0.80375
0.78759
0.79143
0.8212
0.85503
0.79428
0.65874
0.68275
0.71381
0.79581
0.75974
0.6454
0.83763
0.9054
0.96093
0.94229
0.95637
0.8538
0.79152
0.71452
0.73694
0.9005
0.95056
0.82515
0.89251
0.91154
0.91477
0.93174
0.92234
0.93368
0.9646
0.94297
0.83149
0.91771
0.89903
0.86324
0.88937
0.88573
0.78825
0.63682
0.72125
0.79716
0.86969
0.86279
0.86318
0.88613
0.8755
0.8837
0.86642
0.864
0.85799
0.85064
0.83912
0.86176
0.88427
0.88182
0.87486
0.89024
0.89111
0.88992
0.89243
0.88567
0.88523
0.8896
0.87451
0.87926
0.88103
0.88084
0.88508
0.87943
0.87771
0.88722
0.88891
0.88979
0.88398
0.78615
0.71204
0.67307
0.66271
0.7201
0.75314
0.83402
0.82363
0.84978
0.76084
0.68905
0.71615
0.73511
0.78718
0.78884
0.80044
0.79571
0.81921
0.78804
0.75297
0.81127
0.85581
0.88028
0.87942
0.87132
0.88954
0.80694
0.82672
0.87533
0.90461
0.90005
0.89222
0.88205
0.86505
0.79581
0.80078
0.826
0.84496
0.84861
0.83359
0.84734
0.83214
0.76774
0.69112
0.74492
0.83487
0.84611
0.87525
0.88573
0.87204
0.76118
0.73568
0.81648
0.84133
0.84074
0.80467
0.77641
0.89755
0.8741
0.8442
0.76271
0.90617
0.89567
0.90129
0.89812
0.88401
0.871
0.89233
0.92703
0.93324
0.93548
0.92953
0.93244
0.94698
0.96589
0.97829
0.9854
0.97853
0.98071
0.9822
0.97019
0.96484
0.96015
0.93701
0.90192
0.85937
0.84262
0.95849
0.88255
0.97392
0.98221
0.96268
0.95396
0.96311
0.95889
0.94176
0.95286
0.94357
0.90988
0.89829
0.85448
0.93262
0.92524
0.90393
0.88071
0.81648
0.79818
0.73415
0.82236
0.91042
0.87778
0.96476
0.88814
0.6731
0.61802
0.65666
0.64765
0.90197
0.95648
0.97257
0.96588
0.9528
0.93358
0.93727
0.91565
0.88481
0.91704
0.92709
0.92432
0.95491
0.69468
0.70936
0.74895
0.78223
0.77408
0.73282
0.77592
0.8127
0.84497
0.89078
0.94104
0.92738
0.96163
0.97894
0.98174
0.98086
0.93374
0.87408
0.89469
0.92159
0.93047
0.89317
0.91218
0.92563
0.91731
0.90443
0.90405
0.90397
0.9097
0.89011
0.94622
0.91019
0.83112
0.79907
0.83935
0.90708
0.89945
0.8914
0.90801
0.86318
0.79152
0.71523
0.75533
0.84186
0.735
0.70696
0.7387
0.70772
0.73616
0.73324
0.76345
0.80722
0.80283
0.88961
0.92282
0.93801
0.93216
0.97726
0.96595
0.9619
0.96577
0.97109
0.97657
0.93249
0.91433
0.91038
0.98635
0.99043
0.97964
0.96704
0.96462
0.98381
0.99553
0.99791
1
0.9982
0.97302
0.9563
0.95721
0.98248
0.99309
0.9838
0.87485
0.88482
0.93993
0.93822
0.94136
0.61838
0.58248
0.68156
0.77404
0.79766
0.84197
0.8966
0.85489
0.78039
0.82004
0.89562
0.90423
0.90359
0.9212
0.92212
0.94078
0.87059
0.85924
0.81303
0.80804
0.82021
0.80356
0.77501
0.78078
0.80327
0.851
0.81395
0.8189
0.77854
0.69551
0.70188
0.77692
0.74606
0.6464
0.69341
0.71689
0.72636
0.74378
0.76112
0.77419
0.87612
0.88391
0.91539
0.82703
0.85858
0.93598
0.93947
0.94711
0.92927
0.82387
0.84488
0.91462
0.89629
0.89377
0.88355
0.88064
0.85407
0.81154
0.68629
0.64601
0.76073
0.83487
0.88911
0.92144
0.91295
0.82417
0.89435
0.87701
0.87387
0.87611
0.88423
0.87411
0.84905
0.75341
0.80649
0.93769
0.93321
0.94788
0.94983
0.95475
0.91269
0.80053
0.77745
0.72545
0.73842
0.81233
0.93851
0.94551
0.93223
0.90842
0.94824
0.93019
0.95708
0.95434
0.9508
0.94575
0.90545
0.92571
0.83155
0.90422
0.85338
0.91376
0.90003
0.91711
0.902
0.80702
0.85712
0.95001
0.95741
0.93175
0.92392
0.93663
0.89394
0.8418
0.7792
0.73998
0.95076
0.93934
0.91223
0.89163
0.94741
0.9617
0.97832
0.98279
0.97922
0.97374
0.97408
0.96364
0.95957
0.93811
0.92825
0.92344
0.92287
0.91319
0.91171
0.91102
0.91231
0.88035
0.917
0.91674
0.63295
0.62962
0.91308
0.89722
0.88437
0.81741
0.74825
0.85318
0.91276
0.89287
0.90518
0.9232
0.89142
0.87917
0.88904
0.76803
0.97047
0.97156
0.955
0.96666
0.91549
0.91047
0.86341
0.89133
0.89984
0.92527
0.92235
0.92114
0.94586
0.90683
0.91286
0.95217
0.95892
0.96632
0.96599
0.96327
0.94962
0.9635
0.95882
0.97206
0.97227
0.95584
0.96099
0.9513
0.93958
0.92319
0.90749
0.92375
0.94557
0.93031
0.91591
0.92447
0.93269
0.92113
0.81993
0.87154
0.90406
0.93525
0.94346
0.93615
0.90486
0.93688
0.93491
0.93787
0.94116
0.92633
0.93598
0.94712
0.89688
0.91027
0.93761
0.87166
0.85639
0.95554
0.94733
0.9372
0.89855
0.8948
0.89252
0.82252
0.8132
0.8416
0.93781
0.91165
0.88176
0.88829
0.90722
0.88661
0.86976
0.90513
0.92731
0.92114
0.95653
0.90633
0.94342
0.92501
0.94935
0.94413
0.93322
0.90623
0.90143
0.8784
0.87879
0.90437
0.94406
0.94288
0.92488
0.91091
0.87567
0.84607
0.85295
0.81413
0.84197
0.86383
0.8209
0.89556
0.9353
0.91011
0.9272
0.94045
0.93866
0.94426
0.94998
0.95397
0.96353
0.95412
0.9231
0.91749
0.92969
0.92076
0.8803
0.87489
0.84706
0.81525
0.80225
0.83668
0.93266
0.94289
0.91731
0.91429
0.90472
0.87456
0.98075
0.98408
0.97495
0.96663
0.95865
0.93518
0.89242
0.84033
0.81958
0.89021
0.87108
0.88696
0.92517
0.91639
0.95806
0.94111
0.92571
0.91742
0.91133
0.95333
0.94826
0.95032
0.92587
0.91023
0.9241
0.93333
0.96034
0.95565
0.9501
0.93313
0.90995
0.87867
0.88359
0.89529
0.92779
0.92216
0.91173
0.89505
0.87514
0.85896
0.84997
0.7959
0.77023
0.91605
0.8986
0.91344
0.90074
0.75532
0.70181
0.72043
0.75155
0.76285
0.7709
0.72173
0.75854
0.73988
0.65091
0.80597
0.96112
0.96036
0.93398
0.93088
0.95881
0.93546
0.92745
0.91215
0.92674
0.86891
0.81328
0.73292
0.68323
0.63736
0.6341
0.67729
0.69805
0.7843
0.89322
0.91634
0.93455
0.92168
0.89686
0.9194
0.95272
0.96059
0.96311
0.96716
0.96358
0.94056
0.89262
0.90022
0.91563
0.93481
0.92677
0.93765
0.92812
0.94952
0.97296
0.97543
0.9721
0.9567
0.94511
0.9138
0.87271
0.89388
0.90199
0.88965
0.84175
0.91022
0.96972
0.79514
0.76943
0.75584
0.77139
0.78855
0.81004
0.86361
0.83197
0.83271
0.8432
0.75826
0.71101
0.70822
0.70754
0.66927
0.60464
0.52215
0.4811
0.46634
0.45707
0.41599
0.39823
0.39194
0.40976
0.42249
0.43324
0.43249
0.42347
0.40678
0.40254
0.40859
0.40872
0.40044
0.39414
0.3922
0.41629
0.44651
0.45445
0.45707
0.467
0.49425
0.59474
0.63118
0.60178
0.62251
0.63712
0.66376
0.68129
0.70928
0.71572
0.66115
0.61369
0.54315
0.49693
0.49743
0.54546
0.59704
0.6255
0.69454
0.68518
0.689
0.68546
0.71936
0.7227
0.78837
0.81825
0.7306
0.67847
0.66466
0.64857
0.6236
0.59726
0.62362
0.69346
0.68518
0.64961
0.65517
0.91279
0.92652
0.93521
0.92753
0.93193
0.93079
0.93022
0.94591
0.95605
0.94878
0.94972
0.94611
0.94512
0.9181
0.86512
0.88787
0.93691
0.93471
0.94443
0.94071
0.93267
0.87848
0.83347
0.80279
0.91334
0.86622
0.88129
0.89702
0.91
0.92284
0.93749
0.93273
0.9114
0.90082
0.88875
0.73514
0.58709
0.55227
0.48496
0.46403
0.48937
0.57021
0.65958
0.87298
0.90529
0.91744
0.94421
0.95495
0.92899
0.92083
0.91425
0.91563
0.91556
0.93943
0.86659
0.91043
0.8826
0.89222
0.88865
0.8924
0.89731
0.93058
0.93985
0.87296
0.82291
0.88289
0.88737
0.91071
0.91964
0.90494
0.87399
0.88703
0.89164
0.88476
0.87767
0.87308
0.86016
0.84566
0.86344
0.88642
0.88246
0.88056
0.87595
0.88375
0.88343
0.88182
0.85465
0.87425
0.88055
0.85135
0.84074
0.84289
0.86073
0.86028
0.85866
0.86671
0.87392
0.86666
0.85786
0.8528
0.85864
0.87287
0.87728
0.87418
0.84876
0.83636
0.6286
0.54272
0.4696
0.42027
0.3844
0.35099
0.29779
0.25323
0.27755
0.37173
0.38874
0.31235
0.26066
0.2808
0.28801
0.27625
0.30326
0.29498
0.23082
0.24045
0.22
0.20036
0.1947
0.21633
0.21938
0.21453
0.20699
0.19905
0.19606
0.20313
0.19714
0.20425
0.45993
0.72743
0.70984
0.76808
0.59046
0.62492
0.77855
0.84461
0.8685
0.86357
0.83884
0.85613
0.87523
0.87619
0.86119
0.8545
0.85435
0.86437
0.8831
0.85666
0.77269
0.73162
0.83863
0.85757
0.86252
0.86516
0.87437
0.89936
0.87674
0.87824
0.86754
0.85555
0.79254
0.83445
0.82397
0.85125
0.87206
0.86462
0.8475
0.83823
0.8344
0.8278
0.78653
0.68195
0.67051
0.61983
0.58001
0.57457
0.56902
0.58443
0.61124
0.62687
0.68095
0.5907
0.53065
0.49609
0.53869
0.61878
0.78319
0.81244
0.83345
0.84766
0.86724
0.87657
0.90172
0.90974
0.91497
0.92121
0.89581
0.88971
0.88213
0.87187
0.85353
0.76114
0.4362
0.46901
0.43808
0.42562
0.3575
0.24713
0.32095
0.28541
0.27786
0.21953
0.24637
0.29298
0.31521
0.41171
0.76117
0.87847
0.88741
0.8971
0.88012
0.85755
0.82576
0.8078
0.83655
0.82838
0.8285
0.79553
0.77673
0.76789
0.76892
0.76477
0.79873
0.83701
0.83963
0.83805
0.84132
0.8381
0.84937
0.82212
0.83075
0.83627
0.8429
0.8519
0.85046
0.84889
0.78296
0.68364
0.62006
0.58279
0.55698
0.54696
0.52361
0.52948
0.59068
0.7662
0.78424
0.79645
0.80668
0.84482
0.85365
0.83946
0.82979
0.82671
0.81229
0.80704
0.82498
0.85851
0.86504
0.86467
0.86722
0.86371
0.86183
0.87219
0.8889
0.91278
0.9101
0.8415
0.80062
0.75898
0.78494
0.86861
0.86925
0.8529
0.85136
0.84895
0.86287
0.86776
0.85373
0.85986
0.85506
0.88777
0.88981
0.86625
0.84768
0.88
0.881
0.85492
0.8488
0.84258
0.79394
0.88262
0.88627
0.87508
0.86231
0.8531
0.84704
0.87924
0.88935
0.87185
0.85643
0.8511
0.83918
0.84868
0.84969
0.86274
0.87693
0.85573
0.82904
0.81375
0.80893
0.82026
0.82525
0.84306
0.83005
0.78511
0.78634
0.7607
0.72955
0.65101
0.65138
0.79924
0.86161
0.86369
0.85611
0.87268
0.89036
0.90099
0.90462
0.90651
0.91633
0.9015
0.88897
0.88771
0.88832
0.90285
0.90966
0.86772
0.86331
0.84649
0.844
0.84235
0.83846
0.83088
0.82364
0.82142
0.81414
0.81369
0.80828
0.80832
0.81352
0.81922
0.81396
0.79921
0.7852
0.78393
0.76968
0.78618
0.71387
0.60538
0.54172
0.543
0.79444
0.80722
0.80493
0.79562
0.78892
0.77598
0.77358
0.78149
0.78573
0.78287
0.77878
0.75675
0.74713
0.69131
0.54021
0.45576
0.41732
0.36205
0.32694
0.25389
0.23252
0.24232
0.21933
0.29964
0.36471
0.77915
0.7972
0.78452
0.80557
0.80208
0.81995
0.82245
0.82675
0.80743
0.80313
0.80391
0.80191
0.7868
0.79617
0.82088
0.82745
0.81656
0.66367
0.78825
0.87615
0.80218
0.80201
0.78482
0.69871
0.63682
0.62077
0.64196
0.68836
0.75061
0.79952
0.86608
0.75914
0.75782
0.75741
0.75463
0.75644
0.75201
0.74597
0.68775
0.45863
0.44891
0.49669
0.51975
0.45801
0.41128
0.41162
0.44098
0.48173
0.52761
0.60186
0.73594
0.74012
0.70508
0.71607
0.74912
0.75467
0.73444
0.76715
0.73156
0.7367
0.7389
0.7461
0.75951
0.76534
0.75725
0.7446
0.73727
0.73435
0.73163
0.72668
0.73659
0.73865
0.73049
0.72151
0.71863
0.72022
0.75625
0.7822
0.77645
0.73649
0.73849
0.74477
0.73499
0.73625
0.72747
0.72111
0.73957
0.74212
0.76682
0.77094
0.67549
0.61931
0.60186
0.61662
0.66059
0.65622
0.69538
0.70143
0.73774
0.54623
0.61726
0.72225
0.74448
0.80084
0.80586
0.78081
0.79141
0.80589
0.80723
0.80931
0.78462
0.80265
0.79994
0.82424
0.83009
0.83231
0.84469
0.84528
0.8366
0.82248
0.78043
0.75196
0.79718
0.82503
0.8329
0.83505
0.83961
0.84302
0.82488
0.81084
0.81411
0.81135
0.7923
0.80109
0.79873
0.79137
0.77501
0.76049
0.74696
0.73966
0.74119
0.7387
0.72273
0.63841
0.5748
0.73409
0.75023
0.75387
0.77438
0.81627
0.84158
0.8586
0.86673
0.85059
0.86412
0.89073
0.89428
0.89156
0.89079
0.88451
0.87857
0.87862
0.87491
0.85518
0.85873
0.86473
0.87455
0.8953
0.90798
0.90699
0.91588
0.87882
0.82295
0.82574
0.83414
0.80631
0.84001
0.84202
0.82802
0.82357
0.82605
0.82115
0.81963
0.81202
0.80831
0.79796
0.76587
0.7408
0.71604
0.7431
0.77001
0.79602
0.80998
0.8286
0.82523
0.8422
0.847
0.80595
0.76562
0.76915
0.74924
0.73163
0.74134
0.72996
0.71839
0.70758
0.51702
0.79793
0.7869
0.76974
0.45757
0.45349
0.49583
0.61426
0.77257
0.84229
0.8148
0.82217
0.81359
0.82128
0.82492
0.83806
0.83805
0.83908
0.83484
0.83417
0.84913
0.85729
0.86709
0.85651
0.85721
0.85837
0.8478
0.84328
0.84154
0.84412
0.8526
0.86829
0.87985
0.86885
0.85572
0.85863
0.81205
0.79854
0.76997
0.75493
0.77853
0.77988
0.77914
0.77069
0.7997
0.8412
0.84098
0.83703
0.81192
0.78953
0.7722
0.77223
0.79102
0.81256
0.82035
0.82551
0.83506
0.8254
0.83062
0.79979
0.77551
0.76868
0.76501
0.75609
0.77851
0.77514
0.77236
0.77607
0.77863
0.79686
0.79898
0.7987
0.80617
0.82552
0.83623
0.83378
0.72095
0.66729
0.69708
0.78398
0.77061
0.7886
0.78115
0.77176
0.76717
0.81095
0.79796
0.77983
0.73839
0.77099
0.75542
0.74161
0.77206
0.80195
0.81155
0.80233
0.81802
0.8208
0.81236
0.81579
0.76881
0.765
0.76092
0.76138
0.79269
0.80585
0.76259
0.79006
0.79815
0.81902
0.81753
0.81355
0.78263
0.68481
0.62034
0.57977
0.76377
0.75903
0.83223
0.8382
0.81123
0.83066
0.8404
0.82472
0.84472
0.82739
0.85297
0.82974
0.8204
0.82303
0.82476
0.81994
0.80992
0.80238
0.79466
0.78696
0.75422
0.75129
0.75207
0.64306
0.53471
0.77661
0.77438
0.83109
0.88597
0.94476
0.95752
0.96985
0.97313
0.96969
0.8828
0.81381
0.80388
0.86795
0.75811
0.80889
0.86817
0.91044
0.92347
0.94444
0.87264
0.85209
0.84158
0.83929
0.83488
0.8389
0.81459
0.79162
0.76698
0.75649
0.75768
0.76113
0.75139
0.74611
0.75638
0.76588
0.75398
0.74785
0.7353
0.73696
0.72929
0.70398
0.69427
0.6787
0.68241
0.64607
0.66245
0.66577
0.71517
0.7444
0.75997
0.76636
0.76477
0.76806
0.78808
0.81068
0.80798
0.78244
0.75603
0.80615
0.78479
0.81211
0.80339
0.8106
0.79775
0.79197
0.76368
0.74545
0.76166
0.77628
0.79218
0.82151
0.85003
0.84498
0.87035
0.88004
0.88207
0.88067
0.88654
0.87862
0.87773
0.84928
0.84787
0.85585
0.82357
0.817
0.83094
0.83545
0.84322
0.83895
0.82999
0.82362
0.81814
0.80887
0.81453
0.7931
0.82814
0.85968
0.84036
0.83114
0.83199
0.83127
0.83495
0.82889
0.79016
0.78329
0.80829
0.79021
0.81808
0.82008
0.82164
0.82238
0.81948
0.83703
0.83931
0.83452
0.83376
0.83791
0.83895
0.83398
0.81624
0.81111
0.84421
0.85437
0.84896
0.84453
0.86358
0.77937
0.78436
0.84016
0.82234
0.7884
0.8253
0.80287
0.84642
0.86109
0.85516
0.82731
0.7911
0.84369
0.83317
0.84816
0.84532
0.86473
0.8668
0.87556
0.87722
0.88341
0.88565
0.88213
0.88634
0.87697
0.88043
0.88505
0.84377
0.88073
0.76984
0.67219
0.74666
0.70225
0.81026
0.76535
0.80114
0.76377
0.80611
0.82362
0.82824
0.82907
0.83443
0.82444
0.82477
0.80272
0.78809
0.79666
0.82828
0.7742
0.75539
0.82725
0.85195
0.85583
0.85552
0.84876
0.86489
0.87009
0.85215
0.83644
0.82961
0.83192
0.78568
0.7739
0.76965
0.75912
0.75378
0.74394
0.74304
0.74679
0.75977
0.78166
0.80718
0.80995
0.79867
0.77765
0.80667
0.81712
0.8258
0.8211
0.82603
0.77779
0.75494
0.75231
0.76289
0.80149
0.81409
0.82527
0.81746
0.81815
0.8154
0.80204
0.78895
0.80661
0.79959
0.80863
0.82161
0.82648
0.82915
0.83095
0.84135
0.84072
0.83472
0.82173
0.81843
0.82009
0.79842
0.81435
0.81146
0.80881
0.80324
0.77703
0.77548
0.76574
0.76633
0.76882
0.7632
0.76345
0.745
0.73153
0.72733
0.73205
0.75238
0.55705
0.57101
0.6222
0.61784
0.56508
0.55981
0.4862
0.33471
0.28877
0.2656
0.24609
0.26954
0.26944
0.24558
0.24403
0.2747
0.36956
0.47523
0.35391
0.31777
0.36003
0.41895
0.49567
0.56673
0.6589
0.68558
0.67215
0.65574
0.64393
0.59396
0.63434
0.68795
0.77064
0.74854
0.70583
0.72168
0.67471
0.78156
0.77615
0.78945
0.78934
0.80007
0.80497
0.77149
0.79021
0.72799
0.72636
0.737
0.74963
0.75401
0.75741
0.7881
0.79379
0.7935
0.7787
0.74235
0.67127
0.60022
0.59496
0.62533
0.67875
0.6734
0.65574
0.65156
0.69948
0.88321
0.76208
0.61675
0.63846
0.72185
0.71143
