0.79117
0.80145
0.81306
0.81712
0.82104
0.82936
0.81785
0.78636
0.78701
0.82898
0.82997
0.83254
0.87075
0.86707
0.81353
0.79316
0.80284
0.77543
0.71362
0.74101
0.75092
0.74705
0.76969
0.7848
0.80441
0.85565
0.85875
0.85969
0.85642
0.86016
0.872
0.87588
0.85065
0.71859
0.72477
0.75543
0.78277
0.83611
0.83758
0.83334
0.82732
0.79619
0.80444
0.80072
0.77951
0.76138
0.79113
0.80501
0.80509
0.7945
0.78749
0.75852
0.72688
0.74574
0.71817
0.65365
0.66748
0.67571
0.73336
0.79232
0.79474
0.79621
0.77978
0.76119
0.74425
0.73672
0.72496
0.71292
0.68328
0.65923
0.66317
0.6507
0.6275
0.62725
0.66935
0.65013
0.67109
0.68389
0.68197
0.66762
0.66777
0.65544
0.64728
0.68106
0.69499
0.70201
0.7014
0.69582
0.694
0.68397
0.65597
0.63265
0.61538
0.56698
0.44422
0.36215
0.33117
0.31511
0.75625
0.76018
0.76995
0.77953
0.78838
0.7884
0.77662
0.78761
0.76536
0.76605
0.77116
0.7827
0.78118
0.75032
0.73971
0.7398
0.74406
0.75596
0.79128
0.78029
0.76908
0.78735
0.77539
0.75981
0.79858
0.77495
0.79723
0.79877
0.82186
0.82937
0.80605
0.81396
0.83202
0.82224
0.81311
0.81584
0.81447
0.80092
0.79
0.78062
0.77934
0.76963
0.78379
0.75794
0.76162
0.77152
0.77175
0.76709
0.77639
0.77009
0.77752
0.79856
0.78477
0.79335
0.78602
0.78046
0.77416
0.77094
0.79137
0.77737
0.76865
0.77066
0.77479
0.77637
0.77302
0.77922
0.77373
0.7905
0.77751
0.78935
0.77622
0.75451
0.76919
0.74953
0.73488
0.73655
0.72475
0.71595
0.70679
0.70303
0.70473
0.69642
0.70543
0.69684
0.65191
0.613
0.58609
0.5661
0.62405
0.68441
0.72591
0.5646
0.70296
0.69958
0.67582
0.73144
0.67652
0.60964
0.54812
0.54144
0.48608
0.45472
0.4719
0.45043
0.41276
0.41937
0.41527
0.38515
0.37244
0.36642
0.36304
0.35147
0.32791
0.31201
0.32875
0.62699
0.6247
0.58146
0.5837
0.55687
0.62352
0.69633
0.74548
0.66231
0.35865
0.69018
0.66974
0.66574
0.73179
0.75355
0.75126
0.76322
0.78698
0.78425
0.76224
0.71264
0.51512
0.50174
0.73416
0.75026
0.77563
0.79055
0.80084
0.81185
0.81224
0.81374
0.81708
0.81684
0.7845
0.68432
0.61063
0.57921
0.45571
0.4855
0.48377
0.47961
0.45248
0.33209
0.33425
0.33536
0.27199
0.21392
0.19909
0.329
0.46099
0.66748
0.77634
0.76794
0.75208
0.73675
0.72191
0.72622
0.65971
0.55839
0.51122
0.48558
0.44597
0.44359
0.33626
0.19121
0.14935
0.12645
0.1412
0.14714
0.158
0.16851
0.18037
0.21052
0.2323
0.27424
0.26806
0.29387
0.31962
0.40268
0.66527
0.67347
0.76021
0.7591
0.75442
0.76019
0.75093
0.75403
0.74976
0.74487
0.7048
0.5637
0.39579
0.40476
0.46582
0.57635
0.64783
0.74413
0.71906
0.61864
0.71018
0.72163
0.71347
0.69866
0.69348
0.69038
0.67948
0.67647
0.68764
0.70166
0.70701
0.7538
0.70715
0.64897
0.70628
0.65591
0.67893
0.72203
0.70594
0.67435
0.64167
0.63746
0.64791
0.614
0.65496
0.72367
0.73878
0.75872
0.76317
0.76774
0.77135
0.78423
0.81774
0.8015
0.79137
0.7688
0.75529
0.74367
0.72484
0.7258
0.72091
0.71811
0.70925
0.68148
0.73335
0.64251
0.5924
0.54229
0.70459
0.76108
0.71541
0.6953
0.72789
0.73033
0.75419
0.74052
0.71126
0.68894
0.69529
0.70097
0.7035
0.70811
0.71631
0.71083
0.7055
0.66589
0.65124
0.62412
0.6163
0.61287
0.63941
0.62253
0.71804
0.74004
0.68257
0.76255
0.76415
0.77751
0.77386
0.77499
0.76553
0.62449
0.68587
0.65115
0.59207
0.61324
0.72159
0.7002
0.74676
0.77244
0.78115
0.77532
0.76519
0.72006
0.68639
0.66594
0.66255
0.65274
0.64489
0.63939
0.64494
0.6369
0.62521
0.61713
0.61222
0.60513
0.60255
0.59894
0.61291
0.61669
0.60943
0.60327
0.59671
0.59402
0.59073
0.58622
0.58534
0.58907
0.57891
0.54309
0.58492
0.61346
0.64016
0.66525
0.6857
0.69343
0.71883
0.68283
0.69751
0.72554
0.75638
0.72699
0.70395
0.70307
0.69274
0.69297
0.70016
0.69635
0.70594
0.75039
0.71899
0.76311
0.77664
0.78208
0.7891
0.79504
0.80349
0.56549
0.60337
0.64269
0.66257
0.6099
0.49392
0.43123
0.43088
0.41372
0.75301
0.80558
0.8368
0.87863
0.89481
0.80506
0.77961
0.69076
0.80244
0.83263
0.81121
0.85362
0.80196
0.8084
0.77968
0.75603
0.74966
0.74637
0.73042
0.73166
0.72062
0.70881
0.69921
0.69415
0.69783
0.69782
0.69
0.68766
0.68522
0.67862
0.65476
0.65477
0.6678
0.68996
0.70102
0.70873
0.69536
0.69566
0.71749
0.72378
0.71416
0.69345
0.6997
0.69026
0.68794
0.63799
0.72722
0.72595
0.7408
0.77474
0.76825
0.74531
0.71721
0.68966
0.6582
0.62225
0.63049
0.64145
0.61081
0.54096
0.4929
0.46033
0.41681
0.37624
0.47225
0.67828
0.64542
0.61412
0.57902
0.57072
0.67643
0.70903
0.65393
0.66924
0.64989
0.63393
0.66681
0.6633
0.65504
0.64726
0.69367
0.66343
0.59205
0.57161
0.56498
0.5333
0.46113
0.35673
0.74273
0.76556
0.77375
0.76988
0.71656
0.72225
0.72389
0.72852
0.76153
0.78693
0.81011
0.78541
0.78995
0.78341
0.76406
0.75887
0.77154
0.74876
0.7199
0.68497
0.68055
0.64704
0.64765
0.64227
0.65653
0.66026
0.63428
0.63622
0.63436
0.60468
0.58028
0.55405
0.54273
0.6019
0.70309
0.75095
0.7404
0.72273
0.70586
0.7199
0.67617
0.60412
0.65077
0.61583
0.525
0.48293
0.43738
0.37656
0.39229
0.38379
0.374
0.3882
0.43548
0.41356
0.56142
0.64776
0.59737
0.48501
0.4934
0.462
0.44251
0.36606
0.4022
0.4401
0.45185
0.4972
0.47621
0.49431
0.53607
0.64197
0.79479
0.81533
0.8147
0.82468
0.82982
0.823
0.82861
0.83654
0.8342
0.83609
0.84476
0.82592
0.82249
0.81702
0.82395
0.83271
0.85059
0.83669
0.82869
0.83426
0.81479
0.81335
0.80435
0.8097
0.79285
0.79439
0.81296
0.82713
0.83628
0.84546
0.84665
0.82146
0.81075
0.80348
0.80663
0.82611
0.80562
0.79786
0.82245
0.84354
0.82381
0.81008
0.81122
0.81483
0.8243
0.83169
0.77032
0.75679
0.79096
0.77181
0.82293
0.83783
0.8254
0.80888
0.79691
0.77991
0.76176
0.76084
0.77091
0.80115
0.7949
0.76389
0.73514
0.70588
0.70029
0.69133
0.72927
0.75588
0.74709
0.74473
0.76274
0.78454
0.74407
0.78317
0.75247
0.74437
0.74814
0.71588
0.68862
0.67116
0.67048
0.61368
0.63976
0.48294
0.45312
0.43592
0.41893
0.41697
0.45428
0.51093
0.55089
0.60487
0.5946
0.36346
0.37739
0.41207
0.39031
0.39848
0.42125
0.43267
0.53844
0.55531
0.59466
0.6225
0.6064
0.61381
0.58166
0.52209
0.4517
0.38541
0.33956
0.45654
0.51945
0.58605
0.69169
0.66248
0.60898
0.57877
0.32923
0.32842
0.29585
0.31047
0.34188
0.38198
0.36715
0.34462
0.32981
0.41318
0.50537
0.54331
0.81504
0.80608
0.79822
0.81229
0.78963
0.78341
0.79514
0.80398
0.84401
0.84216
0.80529
0.84399
0.84486
0.84311
0.82313
0.81278
0.77332
0.77529
0.77805
0.7266
0.69023
0.66701
0.54928
0.52225
0.54213
0.55679
0.62137
0.82261
0.79214
0.79021
0.76941
0.76371
0.74698
0.75724
0.75993
0.74893
0.74834
0.7414
0.7367
0.74566
0.71054
0.59406
0.4227
0.24929
0.46576
0.70949
0.76118
0.79734
0.81542
0.79624
0.80612
0.79825
0.79667
0.80583
0.8088
0.81407
0.81145
0.8062
0.81303
0.78405
0.76129
0.77213
0.79568
0.80668
0.7727
0.76983
0.79118
0.74627
0.76834
0.79737
0.68031
0.65567
0.69805
0.73092
0.7326
0.68943
0.64005
0.69623
0.68218
0.76935
0.78799
0.73662
0.62342
0.51164
0.47993
0.4958
0.48827
0.3565
0.38424
0.81231
0.82653
0.81689
0.82737
0.65949
0.59028
0.82685
0.83418
0.85361
0.85619
0.8463
0.84077
0.84263
0.83865
0.83656
0.83327
0.80564
0.82766
0.84558
0.86662
0.82241
0.8715
0.87851
0.70505
0.63382
0.63004
0.6548
0.61032
0.631
0.4323
0.42207
0.48403
0.57004
0.586
0.56811
0.46141
0.37087
0.39116
0.48554
0.53423
0.57807
0.61719
0.61424
0.67234
0.75387
0.79707
0.83459
0.86438
0.83338
0.8582
0.85881
0.83054
0.80218
0.79855
0.78983
0.76805
0.72615
0.75486
0.74333
0.72314
0.71152
0.72402
0.73936
0.73918
0.65836
0.62711
0.59162
0.51519
0.45807
0.70457
0.77155
0.84787
0.85582
0.85369
0.84452
0.83854
0.82775
0.82301
0.83151
0.79814
0.77264
0.7931
0.77264
0.75502
0.65626
0.53852
0.3877
0.38147
0.44238
0.38209
0.3291
0.43144
0.43695
0.37281
0.37785
0.40254
0.43643
0.41463
0.40748
0.40394
0.48649
0.53071
0.66583
0.6986
0.65221
0.65574
0.66507
0.68795
0.62138
0.48479
0.56086
0.43151
0.51245
0.58086
0.54272
0.66756
0.6628
0.63718
0.68554
0.79594
0.78364
0.75895
0.83408
0.83277
0.82244
0.82269
0.79625
0.79255
0.81341
0.82368
0.79967
0.8006
0.7979
0.79776
0.80829
0.83251
0.84808
0.84035
0.84396
0.83304
0.83322
0.82664
0.8342
0.85082
0.86772
0.86429
0.85244
0.84743
0.83271
0.83012
0.83581
0.82875
0.85436
0.87272
0.86768
0.85777
0.86109
0.83851
0.88946
0.86224
0.82888
0.8458
0.84006
0.8423
0.82423
0.80227
0.82652
0.80825
0.81073
0.8505
0.83177
0.79696
0.79298
0.80749
0.84792
0.77483
0.83173
0.83884
0.79506
0.76818
0.78933
0.8303
0.6533
0.50986
0.63322
0.71939
0.75215
0.83945
0.76385
0.76675
0.74026
0.67983
0.67156
0.70419
0.61197
0.56765
0.54396
0.51536
0.49278
0.54874
0.57873
0.57408
0.46676
0.51779
0.48166
0.51583
0.52926
0.55461
0.52261
0.49548
0.4309
0.47021
0.48311
0.39785
0.3705
0.38435
0.38971
0.38562
0.45665
0.45604
0.4015
0.43455
0.46675
0.51976
0.56914
0.50978
0.47991
0.49141
0.50507
0.49309
0.51514
0.55721
0.59025
0.49257
0.43612
0.41633
0.40938
0.41301
0.39223
0.38316
0.45938
0.47807
0.5606
0.73279
0.64563
0.61483
0.64504
0.68284
0.71658
0.7123
0.74707
0.71253
0.69688
0.54235
0.41199
0.55766
0.61106
0.54233
0.40151
0.47686
0.74584
0.83612
0.92188
0.93339
0.93366
0.92737
0.89039
0.9152
0.87759
0.91368
0.89858
0.89448
0.92419
0.92459
0.90408
0.88713
0.89535
0.88741
0.84809
0.79861
0.85569
0.83321
0.78645
0.68856
0.58005
0.5209
0.46373
0.41773
0.64321
0.83115
0.82654
0.84241
0.87702
0.8524
0.87922
0.90468
0.9507
0.73963
0.75852
0.83965
0.86633
0.84996
0.90165
0.90303
0.86648
0.89427
0.90843
0.90339
0.88201
0.88458
0.88523
0.8754
0.87652
0.89846
0.90022
0.8828
0.88553
0.87975
0.8804
0.86262
0.85734
0.85737
0.85362
0.82076
0.82516
0.84527
0.83767
0.88596
0.90489
0.91072
0.89773
0.90913
0.85962
0.8505
0.86396
0.8786
0.82281
0.77955
0.84197
0.8771
0.87691
0.86448
0.90424
0.80295
0.68358
0.65675
0.91307
0.85384
0.89412
0.88683
0.87709
0.81647
0.83997
0.87451
0.87644
0.87307
0.86132
0.87086
0.83504
0.80449
0.83499
0.91093
0.88139
0.85685
0.8613
0.88933
0.9163
0.87383
0.80139
0.83848
0.85609
0.88346
0.87551
0.88785
0.9186
0.82175
0.7807
0.80748
0.85625
0.86461
0.90263
0.89931
0.89818
0.82087
0.8101
0.66767
0.79232
0.89516
0.88383
0.88144
0.85845
0.81329
0.81476
0.82886
0.85582
0.86887
0.875
0.88579
0.88333
0.85994
0.87552
0.87068
0.90322
0.89189
0.90244
0.9159
0.92168
0.85217
0.87644
0.87669
0.93234
0.89206
0.87623
0.86938
0.82884
0.78652
0.79968
0.84112
0.85282
0.85264
0.82914
0.83446
0.87861
0.71829
0.81183
0.75924
0.72193
0.92502
0.90247
0.91565
0.93293
0.90662
0.8974
0.92267
0.93127
0.91487
0.92588
0.92383
0.92553
0.90295
0.88789
0.89449
0.93938
0.93826
0.94431
0.94715
0.94786
0.94162
0.90675
0.85662
0.90068
0.94436
0.9125
0.94223
0.92756
0.91451
0.98092
0.91579
0.93285
0.94115
0.93516
0.92986
0.92342
0.92116
0.91913
0.90733
0.91073
0.90405
0.87682
0.84181
0.86617
0.92227
0.96985
0.97351
0.9238
0.78813
0.80724
0.81676
0.78901
0.79356
0.81926
0.93942
0.93552
0.93422
0.91638
0.80692
0.76518
0.8661
0.88847
0.92575
0.92014
0.93267
0.93282
0.90945
0.92923
0.9067
0.91292
0.82964
0.81433
0.87935
0.89473
0.92724
0.92035
0.85997
0.81883
0.91626
0.96913
0.9501
0.94387
0.75257
0.6703
0.58087
0.69886
0.88483
0.93426
0.92433
0.91362
0.92339
0.88261
0.76206
0.62083
0.56317
0.7216
0.96965
0.92984
0.9163
0.93107
0.80377
0.84468
0.97382
0.95193
0.94995
0.94046
0.9314
0.92267
0.9477
0.96993
0.96436
0.96499
0.95446
0.93237
0.92789
0.89847
0.85133
0.86568
0.92348
0.92734
0.91041
0.89506
0.89006
0.8652
0.8546
0.87675
0.92056
0.90452
0.90985
0.89941
0.87988
0.80505
0.80235
0.76122
0.68221
0.62345
0.61522
0.59062
0.64768
0.67135
0.88623
0.85112
0.96793
0.90026
0.91842
0.92805
0.94435
0.95646
0.95681
0.97988
0.96256
0.97017
0.97337
0.95242
0.91352
0.8077
0.80724
0.84674
0.85021
0.86891
0.91823
0.92067
0.92989
0.93611
0.88111
0.89754
0.78178
0.85266
0.91947
0.9076
0.89103
0.85287
0.71894
0.67488
0.71547
0.78393
0.90809
0.92665
0.92211
0.86912
0.89356
0.89153
0.88306
0.91771
0.93593
0.92926
0.92839
0.92514
0.88741
0.85933
0.90891
0.89401
0.90199
0.89156
0.87277
0.87395
0.91037
0.90838
0.91865
0.92763
0.91906
0.90762
0.91248
0.89246
0.88675
0.88973
0.88857
0.93492
0.93605
0.93876
0.93274
0.9262
0.91945
0.92219
0.93609
0.94461
0.94429
0.94087
0.91672
0.93808
0.81021
0.82218
0.80638
0.75083
0.83336
0.88043
0.88581
0.89777
0.89298
0.87201
0.92232
0.93987
0.93296
0.9164
0.99886
0.92982
0.81598
0.97601
0.99705
0.99844
0.99947
0.75444
0.50087
0.51319
0.57
0.5273
0.52286
0.48704
0.40098
0.4538
0.48103
0.4622
0.41
0.63988
0.59872
0.59681
0.51421
0.44244
0.39494
0.4137
0.54444
0.58109
0.60079
0.61106
0.69818
0.74248
0.73309
0.78192
0.81578
0.81087
0.8038
0.8923
0.92663
0.84938
0.7165
0.71835
0.8275
0.83017
0.74081
0.87271
0.94951
0.94922
0.92893
0.94508
0.90761
0.82802
0.91742
0.87839
0.94822
0.94325
0.95399
0.89394
0.92835
0.92193
0.91879
0.93541
0.93581
0.9134
0.91153
0.91172
0.81752
0.921
0.85135
0.87104
0.91817
0.90863
0.89784
0.83472
0.76186
0.6088
0.64583
0.80342
0.98573
1.0005
0.99859
0.99819
0.94238
0.875
0.89224
0.97094
0.93961
0.95284
0.93116
0.94271
0.95865
0.99737
0.98979
0.99919
0.96674
0.95795
0.95697
0.97607
0.98067
0.98567
0.95411
0.94733
0.93936
0.83801
0.88976
0.88892
0.84266
0.79003
0.75255
0.76223
0.79791
0.77342
0.81676
0.88476
0.89319
0.82682
0.7838
0.95355
0.95033
0.9465
0.90387
0.90859
0.7929
0.66485
0.64905
0.92982
0.88094
0.90741
0.91245
0.91457
0.89717
0.89779
0.91892
0.91941
0.9232
0.92175
0.9193
0.92139
0.93631
0.93861
0.94734
0.9364
0.92843
0.91943
0.9124
0.90993
0.89503
0.8959
0.91639
0.92052
0.91825
0.92208
0.91337
0.89671
0.88719
0.86278
0.88406
0.88866
0.86729
0.9253
0.91802
0.9419
0.94798
0.97051
0.97763
0.97755
0.97359
0.97002
0.95143
0.87697
0.86296
0.84486
0.84408
0.8953
0.92231
0.93188
0.94146
0.95743
0.93978
0.82867
0.91123
0.93726
0.94277
0.93767
0.944
0.84987
0.86324
0.79014
0.80635
0.83697
0.93049
0.9193
0.93344
0.93452
0.86614
0.8947
0.8603
0.89762
0.88667
0.88398
0.89532
0.89699
0.91524
0.90582
0.89644
0.91555
0.91992
0.93523
0.93843
0.94642
0.93625
0.88017
0.96008
0.95176
0.94284
0.93311
0.93736
0.93721
0.91301
0.90949
0.88307
0.89452
0.90635
0.92544
0.89735
0.89279
0.89918
0.94565
0.92212
0.94131
0.92525
0.85507
0.6825
0.64965
0.64915
0.67703
0.64206
0.59338
0.60626
0.66147
0.709
0.64367
0.6283
0.78102
0.8074
0.82095
0.90942
0.93369
0.94558
0.94541
0.90023
0.90074
0.91198
0.93946
0.91059
0.93502
0.92811
0.93423
0.9475
0.96928
0.93736
0.91549
0.90546
0.90337
0.89178
0.62087
0.66928
0.78252
0.77781
0.83082
0.78953
0.82696
0.94275
0.99962
1
0.9021
0.92398
0.92007
0.87353
0.86014
0.85872
0.8557
0.85479
0.89688
0.90491
0.8962
0.88609
0.88305
0.88599
0.90909
0.9093
0.93292
0.93257
0.89553
0.88171
0.89284
0.90688
0.90913
0.87464
0.80862
0.7856
0.74248
0.68404
0.64896
0.62097
0.64388
0.57896
0.47231
0.40675
0.39993
0.36565
0.42157
0.5221
0.56349
0.89245
0.93135
0.9371
0.93972
0.94866
0.95015
0.95365
0.96144
0.9714
0.98341
0.97098
0.97468
0.97269
0.97162
0.96219
0.92346
0.86891
0.93156
0.94362
0.92069
0.86978
0.87347
0.87828
0.89227
0.90021
0.91493
0.92222
0.91903
0.91495
0.91025
0.90694
0.88941
0.88174
0.77936
0.69651
0.68501
0.72893
0.73141
0.68788
0.64094
0.58912
0.59028
0.57757
0.61464
0.70737
0.81441
0.80328
0.85307
0.86832
0.87566
0.89214
0.85418
0.82067
0.84917
0.87302
0.86535
0.92787
0.91894
0.88843
0.87738
0.91355
0.92864
0.94039
0.9482
0.86695
0.75713
0.90172
0.93331
0.92183
0.90767
0.9229
0.93029
0.85344
0.86735
0.93235
0.93235
0.9374
0.94349
0.94544
0.94089
0.91844
0.91582
0.88542
0.90861
0.90186
0.9111
0.86007
0.90521
0.90489
0.88782
0.73888
0.84813
0.87336
0.87279
0.87164
0.8736
0.8565
0.86385
0.81337
0.85401
0.85568
0.85334
0.85988
0.87815
0.84892
0.82583
0.81735
0.8168
0.75279
0.82798
0.83261
0.85885
0.82889
0.81716
0.84047
0.84026
0.84364
0.85881
0.84395
0.82159
0.81121
0.79492
0.85932
0.83158
0.85196
0.83843
0.82819
0.78783
0.85112
0.89042
0.87551
0.87113
0.86806
0.86811
0.85314
0.84293
0.82174
0.81382
0.77538
0.71746
0.74124
0.8323
0.83455
0.84452
0.82595
0.78896
0.81386
0.80148
0.77554
0.68922
0.69642
0.61874
0.57077
0.67019
0.75522
0.81159
0.82077
0.80207
0.25719
0.21001
0.20775
0.25925
0.40752
0.47859
0.54127
0.86048
0.90511
0.93967
0.94581
0.82934
0.84169
0.98326
0.90087
0.99657
0.98686
0.99928
0.94154
0.9987
0.9921
0.98209
0.8692
0.87304
0.95506
0.93942
0.93857
0.88997
0.89786
0.90434
0.90452
0.93492
0.92654
0.84172
0.80657
0.80038
0.84719
0.84966
0.88092
0.89874
0.91245
0.90146
0.86787
0.87349
0.85809
0.88567
0.88012
0.88299
0.88304
0.8853
0.88361
0.87088
0.89212
0.87537
0.88819
0.87587
0.82338
0.85759
0.87829
0.90461
0.90379
0.91071
0.91539
0.90182
0.90821
0.89906
0.90243
0.93315
0.91989
0.9201
0.9139
0.92555
0.92834
0.94095
0.93278
0.9214
0.89193
0.91253
0.9372
0.92587
0.7862
0.83443
0.90893
0.9405
0.94112
0.9386
0.91701
0.86426
0.89225
0.89967
0.83909
0.77296
0.92222
0.91445
0.90762
0.90294
0.89808
0.90206
0.89391
0.8687
0.86141
0.85914
0.89002
0.88233
0.86519
0.86758
0.85991
0.85414
0.86767
0.85618
0.86271
0.88541
0.87889
0.86088
0.86247
0.86316
0.85794
0.85049
0.84464
0.8472
0.86003
0.88688
0.89196
0.89214
0.89382
0.91153
0.90801
0.90082
0.92235
0.90618
0.90888
0.84637
0.8464
0.86536
0.85871
0.76105
0.79495
0.77923
0.75565
0.70692
0.8667
0.87367
0.87208
0.87322
0.86151
0.87477
0.67788
0.8564
0.55859
0.58728
0.56445
0.63188
0.88101
0.92963
0.96598
0.95658
0.94354
0.87255
0.88844
0.86758
0.87195
0.86689
0.85554
0.85911
0.85739
0.85026
0.84304
0.84223
0.83604
0.83702
0.8346
0.83901
0.83651
0.82798
0.82648
0.81631
0.60199
0.54444
0.453
0.48203
0.84597
0.85124
0.85395
0.86519
0.84452
0.85164
0.86371
0.85451
0.83294
0.79448
0.78295
0.79273
0.8323
0.82334
0.82113
0.81824
0.80284
0.8324
0.81785
0.80727
0.8263
0.836
0.82574
0.83598
0.85372
0.86845
0.87518
0.88915
0.87858
0.86889
0.88836
0.88084
0.88963
0.89199
0.89923
0.89918
0.90754
0.86056
0.89608
0.8787
0.83208
0.85302
0.82938
0.85618
0.84628
0.85256
0.8195
0.8269
0.83203
0.84926
0.85929
0.84606
0.85659
0.86856
0.86651
0.85889
0.84707
0.87134
0.8886
0.87907
0.87005
0.89588
0.87744
0.84696
0.77502
0.82487
0.83062
0.81576
0.83629
0.84276
0.84912
0.84318
0.8182
0.81461
0.81124
0.81212
0.82507
0.82335
0.82728
0.82116
0.84891
0.8314
0.80787
0.81621
0.81953
0.79429
0.83517
0.84714
0.84777
0.84081
0.83564
0.84161
0.86047
0.86937
0.85758
0.83788
0.8406
0.84095
0.84982
0.84352
0.81785
0.82218
0.84342
0.85426
0.73896
0.78588
0.77882
0.81165
0.8047
0.80793
0.85748
0.87312
0.86923
0.83425
0.84572
0.80025
0.83954
0.85478
0.87383
0.87922
0.84713
0.84431
0.83405
0.84145
0.82839
0.84555
0.85855
0.86879
0.85434
0.81953
0.8106
0.84786
0.8419
0.65285
0.60458
0.62759
0.63277
0.67241
0.72345
0.80047
0.78996
0.80589
0.67802
0.60824
0.61885
0.67441
0.70621
0.69975
0.70294
0.72277
0.70878
0.7865
0.81772
0.8373
0.79837
0.79882
0.78901
0.78085
0.61676
0.47479
0.39834
0.37261
0.37745
0.43323
0.52646
0.62087
0.62544
0.6648
0.69888
0.69686
0.69587
0.71746
0.73986
0.73283
0.76911
0.70822
0.77704
0.79899
0.78119
0.80437
0.83456
0.78677
0.84175
0.8162
0.81322
0.78306
0.71271
0.65739
0.69786
0.7563
0.67034
0.60673
0.56719
0.52133
0.49389
0.4808
0.46573
0.44245
0.43138
0.47722
0.49076
0.44368
0.44797
0.46667
0.49527
0.48803
0.50417
0.5129
0.49737
0.46064
0.45019
0.46489
0.4224
0.36489
0.33064
0.36005
0.41366
0.40907
0.40413
0.42948
0.46954
0.52623
0.56931
0.58505
0.59901
0.61846
0.65516
0.73923
0.74329
0.79199
0.72748
0.66764
0.72098
0.7567
0.76699
0.66507
0.5983
0.67101
0.70626
0.71542
0.71986
0.71984
0.72265
0.71773
0.71759
0.71734
0.71549
0.57463
0.60119
0.57194
0.54769
0.52147
0.48661
0.4434
0.43
0.43233
0.43071
0.42012
0.41615
0.39017
0.38575
0.37532
0.37588
0.36905
0.41234
0.49688
0.58646
0.53851
0.54272
0.51541
0.50053
0.46622
0.46691
0.45298
0.46288
0.48114
0.56563
0.61458
0.78288
0.82662
0.82449
0.81529
0.81292
0.84004
0.84049
0.85327
0.8723
0.86495
0.84695
0.84397
0.84646
0.85905
0.84625
0.83251
0.83264
0.84356
0.8406
0.84209
0.82844
0.83154
0.825
0.81359
0.81689
0.83943
0.83464
0.84039
0.82641
0.84692
0.84698
0.85557
0.83315
0.82556
0.81685
0.81526
0.82043
0.81663
0.8165
0.80979
0.79746
0.77958
0.75948
0.80338
0.823
0.78486
0.79463
0.78651
0.78002
0.77994
0.7797
0.78859
0.81311
0.81525
0.81169
0.8084
0.81217
0.81349
0.84327
0.8401
0.83672
0.82759
0.82975
0.83705
0.83767
0.82261
0.81677
0.78332
0.76621
0.77226
0.77208
0.72176
0.71285
0.65126
0.60436
0.49477
0.34153
0.40054
0.36176
0.27975
0.42663
0.56453
0.54243
0.39435
0.18001
0.25457
0.27898
0.26441
0.31261
0.26823
0.38951
0.3932
0.42334
0.72369
0.68075
0.6693
0.745
0.77555
0.79326
0.80352
0.8074
0.80232
0.79522
0.79234
0.78057
0.77405
0.77132
0.75844
0.75833
0.75251
0.7624
0.79483
0.70333
0.73429
0.81758
0.78664
0.80929
0.8092
0.81296
0.7896
0.80073
0.80513
0.79227
0.8027
0.78999
0.78919
0.81569
0.8132
0.83022
0.8613
0.85673
0.84083
0.83885
0.83647
0.8279
0.85562
0.85665
0.8546
0.84232
0.84538
0.84514
0.80575
0.81375
0.79831
0.80193
0.81246
0.8119
0.79184
0.77152
0.82444
0.79749
0.78918
0.78465
0.77648
0.74769
0.72132
0.68669
0.73349
0.72681
0.74443
0.74762
0.73559
0.71012
0.74558
0.74708
0.74934
0.75289
0.75067
0.6849
0.65365
0.75302
0.80358
0.82295
0.81063
0.82883
0.82509
0.82118
0.80456
0.80022
0.82869
0.81606
0.81448
0.81654
0.82857
0.84536
0.84162
0.84676
0.82113
0.82186
0.81477
0.82802
0.84132
0.84689
0.84848
0.85044
0.84492
0.81801
0.77198
0.79736
0.80048
0.61679
0.53363
0.42934
0.35056
0.28886
0.79185
0.81005
0.80074
0.8145
0.82999
0.81201
0.78391
0.80155
0.84186
0.81572
0.85316
0.82775
0.83657
0.84382
0.83535
0.85087
0.85567
0.85407
0.8534
0.84092
0.86625
0.88522
0.8767
0.87336
0.87601
0.8766
0.87664
0.87041
0.8435
0.84565
0.83734
0.84902
0.81498
0.83202
0.82769
0.8039
0.79323
0.80405
0.79372
0.8223
0.82583
0.77844
0.78414
0.79093
0.79848
0.81477
0.83451
0.8278
0.82282
0.83485
0.82063
0.79446
0.80561
0.81953
0.829
0.80092
0.823
0.82233
0.8093
0.78925
0.76749
0.79204
0.74718
0.78519
0.80668
0.81451
0.81508
0.84615
0.87015
0.86347
0.87431
0.84143
0.80199
0.80069
0.80107
0.79838
0.78989
0.71798
0.69394
0.64152
0.62495
0.55862
0.56411
0.56315
0.56119
0.72327
0.7698
0.78066
0.77294
0.76481
0.76319
0.77716
0.78776
0.81381
0.80416
0.82156
0.85443
0.86869
0.87092
0.86354
0.88552
0.82879
0.84685
0.77811
0.80888
0.82929
0.84711
0.85892
0.87537
0.87488
0.86931
0.85228
0.8286
0.72758
0.80815
0.57021
0.53764
0.63511
0.74463
0.75909
0.78675
0.80001
0.82896
0.82632
0.78464
0.66168
0.54984
0.42805
0.639
0.64139
0.73141
0.75877
0.75871
0.77377
0.7984
0.80857
0.81431
0.84049
0.83748
0.82793
0.79287
0.80363
0.76295
0.75326
0.73955
0.75586
0.73362
0.72516
0.72853
0.70001
0.7089
0.72488
0.70175
0.70066
0.71424
0.69302
0.70488
0.72012
0.79082
0.79696
0.79518
0.80389
0.82248
0.83489
0.84445
0.85013
0.84909
0.84857
0.84015
0.83421
0.81181
0.78586
0.77494
0.77487
0.78777
0.79373
0.72604
0.52184
0.78732
0.83688
0.85403
0.85035
0.87452
0.88463
0.89114
0.88769
0.8867
0.88884
0.88957
0.89032
0.89126
0.88739
0.88733
0.86509
0.84525
0.81408
0.80775
0.79805
0.79422
0.77564
0.7617
0.75052
0.73869
0.73283
0.69106
0.75063
0.69217
0.65604
0.68502
0.73254
0.73629
0.75975
0.77579
0.73906
0.69876
0.64403
0.66248
0.5811
0.53185
0.55695
0.53312
0.41795
0.22566
0.13845
0.16925
0.26013
0.28284
0.26934
0.23718
0.22604
0.36296
0.55275
0.71041
0.75531
0.79361
0.80627
0.80128
0.67907
0.67873
0.73993
0.79201
0.75016
0.7267
0.80907
0.81687
0.80707
0.79081
0.77755
0.80049
0.8111
0.81261
0.80312
0.8097
0.81929
0.8171
0.81542
0.81375
0.81271
0.80461
0.80622
0.81428
0.79848
0.80451
0.79671
0.8116
0.81998
0.80492
0.81199
0.80242
0.80714
0.80078
0.80132
0.80717
0.80824
0.79669
0.80763
0.82808
0.82831
0.85598
