0.81921
0.80896
0.81778
0.80995
0.81076
0.79159
0.72173
0.74533
0.72874
0.72206
0.73395
0.73839
0.74414
0.76373
0.7072
0.75327
0.73078
0.71274
0.69691
0.69295
0.69384
0.65935
0.66539
0.718
0.7384
0.75059
0.75541
0.75873
0.76421
0.76404
0.729
0.72459
0.73277
0.72035
0.71915
0.49361
0.35304
0.39395
0.52834
0.77754
0.79413
0.79401
0.79577
0.80414
0.77402
0.79617
0.79921
0.79755
0.80306
0.80292
0.78284
0.75479
0.7714
0.75302
0.74816
0.75024
0.80389
0.8055
0.79004
0.77588
0.75618
0.72337
0.72421
0.70906
0.70184
0.68789
0.66767
0.64609
0.69653
0.77483
0.76938
0.77421
0.78892
0.77195
0.74311
0.72918
0.74337
0.75462
0.74271
0.75404
0.78832
0.7906
0.76245
0.73536
0.75649
0.75432
0.74588
0.71124
0.68752
0.75429
0.58498
0.55227
0.67327
0.74849
0.75692
0.74997
0.68918
0.66021
0.66223
0.70316
0.65245
0.70256
0.71736
0.72505
0.72302
0.71369
0.72889
0.73968
0.76075
0.75414
0.75056
0.7567
0.77217
0.78118
0.77153
0.74068
0.73206
0.71369
0.74241
0.74804
0.73694
0.77278
0.79799
0.78155
0.78318
0.76008
0.73518
0.73149
0.76568
0.76401
0.74097
0.75851
0.76482
0.80015
0.79415
0.78652
0.7809
0.76867
0.76262
0.77274
0.76347
0.73654
0.71528
0.68322
0.67469
0.66037
0.66412
0.66478
0.71178
0.72365
0.72591
0.72429
0.71992
0.71506
0.71031
0.68466
0.67361
0.65654
0.64051
0.6248
0.61094
0.60365
0.59596
0.50672
0.4158
0.29533
0.47727
0.44565
0.44172
0.65083
0.72734
0.70974
0.72851
0.57004
0.46035
0.42498
0.70118
0.70905
0.71556
0.72429
0.72599
0.75648
0.76679
0.75212
0.75829
0.77126
0.74751
0.76028
0.72858
0.73655
0.73727
0.73779
0.73914
0.7554
0.73629
0.72526
0.70986
0.68702
0.73502
0.69488
0.49237
0.54916
0.68217
0.72167
0.73527
0.70386
0.7153
0.73522
0.74601
0.7675
0.73566
0.70328
0.72065
0.70558
0.73105
0.65356
0.70619
0.68346
0.6473
0.64722
0.62462
0.67196
0.62744
0.62829
0.64268
0.63632
0.62427
0.61414
0.61144
0.59778
0.60798
0.60223
0.5981
0.58849
0.5837
0.57859
0.55937
0.55728
0.51307
0.4412
0.55064
0.53299
0.52877
0.56774
0.58167
0.58823
0.53905
0.38246
0.23974
0.141
0.094251
0.1025
0.20579
0.68272
0.70207
0.70429
0.73108
0.73029
0.67448
0.70441
0.69032
0.69138
0.69838
0.69144
0.70319
0.67978
0.58667
0.70725
0.67732
0.68453
0.71124
0.72422
0.71949
0.69203
0.65921
0.6333
0.61249
0.5971
0.51804
0.63816
0.67096
0.70592
0.73857
0.75005
0.76881
0.74479
0.72022
0.73488
0.71742
0.70763
0.69579
0.68385
0.6839
0.69172
0.68996
0.68838
0.68103
0.68005
0.6842
0.68359
0.69239
0.70284
0.69251
0.71072
0.71145
0.70571
0.72655
0.7382
0.74588
0.76477
0.75709
0.74151
0.73316
0.71504
0.67938
0.67998
0.70547
0.72094
0.71977
0.72002
0.71815
0.71663
0.7132
0.71576
0.71638
0.71734
0.70087
0.69409
0.68383
0.68021
0.66522
0.69048
0.70205
0.56348
0.70128
0.71628
0.71498
0.71148
0.68569
0.66546
0.65691
0.64217
0.63775
0.64273
0.65294
0.65796
0.67022
0.67468
0.6797
0.67659
0.67238
0.66603
0.66298
0.65633
0.65714
0.65648
0.65676
0.63677
0.61397
0.59147
0.55446
0.34048
0.26174
0.56246
0.60874
0.73438
0.71296
0.73094
0.74589
0.73109
0.75016
0.7453
0.75956
0.71016
0.68829
0.67117
0.66133
0.53179
0.70555
0.69617
0.73658
0.77291
0.79279
0.80737
0.8027
0.75724
0.73084
0.71714
0.73656
0.74377
0.74031
0.70338
0.69016
0.66726
0.73706
0.77258
0.70795
0.48862
0.34915
0.40719
0.55494
0.56052
0.5167
0.70254
0.68978
0.70151
0.70404
0.71915
0.71718
0.71781
0.7408
0.75718
0.7718
0.77985
0.7525
0.73134
0.69293
0.66315
0.64107
0.6897
0.69255
0.69514
0.68925
0.65332
0.66596
0.65226
0.6475
0.64848
0.64796
0.67098
0.65822
0.63544
0.69647
0.7039
0.69468
0.77226
0.74077
0.71993
0.70455
0.62012
0.60178
0.64187
0.72441
0.66317
0.72611
0.72975
0.53885
0.61442
0.68955
0.64404
0.67615
0.65854
0.73077
0.67639
0.66669
0.64814
0.71111
0.69259
0.72648
0.73098
0.74403
0.75793
0.7469
0.73783
0.73969
0.75202
0.66457
0.72282
0.74224
0.75715
0.76685
0.75959
0.76579
0.76672
0.77488
0.77582
0.7945
0.78926
0.75922
0.74503
0.73939
0.74495
0.73643
0.73398
0.74665
0.73681
0.72635
0.73817
0.6811
0.76569
0.76429
0.68791
0.70515
0.67369
0.68014
0.71412
0.6458
0.7411
0.63129
0.69787
0.70834
0.65344
0.64908
0.62601
0.61727
0.60956
0.60292
0.59989
0.61374
0.6184
0.60477
0.58868
0.5747
0.57473
0.58054
0.51604
0.45934
0.44903
0.60664
0.62446
0.62719
0.59473
0.67776
0.66881
0.69635
0.70738
0.70752
0.6997
0.73248
0.48245
0.3979
0.3889
0.41774
0.56247
0.65826
0.6633
0.66885
0.66982
0.69425
0.69852
0.69522
0.72121
0.70892
0.70625
0.70967
0.73505
0.6821
0.70242
0.71265
0.76702
0.76236
0.75453
0.73971
0.69716
0.68654
0.73994
0.76234
0.77178
0.74498
0.74938
0.74881
0.75463
0.75249
0.79298
0.77474
0.79556
0.77254
0.75298
0.75096
0.75726
0.77131
0.79269
0.80555
0.78486
0.76992
0.74141
0.71635
0.71185
0.71521
0.74935
0.77506
0.7961
0.77279
0.77266
0.6964
0.67858
0.7697
0.63602
0.75574
0.64572
0.59155
0.56616
0.54497
0.56666
0.64949
0.77587
0.78985
0.79053
0.7843
0.79854
0.79023
0.77315
0.75489
0.74164
0.72148
0.7267
0.69986
0.66318
0.64468
0.63305
0.64067
0.64611
0.70792
0.72155
0.72643
0.72713
0.73834
0.73661
0.75229
0.74254
0.7613
0.74505
0.74703
0.75127
0.76606
0.77172
0.79458
0.80586
0.79623
0.77769
0.78313
0.78593
0.80037
0.80168
0.78385
0.78677
0.78718
0.76989
0.74531
0.73731
0.73767
0.71738
0.61807
0.52878
0.51132
0.60533
0.71625
0.73569
0.67399
0.65492
0.72801
0.72123
0.73907
0.74075
0.72962
0.71897
0.71316
0.70702
0.40589
0.42945
0.50214
0.55617
0.5793
0.6286
0.72432
0.7281
0.69167
0.73659
0.68425
0.70972
0.71815
0.71277
0.70398
0.80396
0.8182
0.71287
0.77356
0.75489
0.77479
0.78295
0.73666
0.74027
0.7482
0.77068
0.76369
0.79279
0.77816
0.77965
0.80322
0.78283
0.77672
0.78692
0.77664
0.75724
0.78586
0.75693
0.75433
0.75562
0.76353
0.77439
0.76015
0.78258
0.80753
0.78447
0.76621
0.74871
0.7699
0.76062
0.77101
0.81019
0.83941
0.85257
0.84219
0.80069
0.79063
0.77946
0.71117
0.78704
0.78556
0.74703
0.72098
0.73091
0.72426
0.74974
0.74883
0.70653
0.7522
0.71424
0.68849
0.66263
0.65601
0.7179
0.68782
0.64103
0.60975
0.65601
0.70283
0.74036
0.74331
0.7699
0.78403
0.80107
0.79083
0.7927
0.79119
0.80504
0.813
0.82594
0.7529
0.81143
0.82258
0.82508
0.81923
0.80723
0.79718
0.77547
0.77947
0.82514
0.80985
0.76031
0.76681
0.74563
0.75217
0.73978
0.80463
0.76144
0.77629
0.75862
0.74773
0.76433
0.74836
0.61481
0.64516
0.69808
0.66806
0.69913
0.71167
0.74353
0.76956
0.75134
0.76062
0.76772
0.76358
0.7685
0.73687
0.78652
0.66227
0.60094
0.51457
0.50118
0.50899
0.51184
0.53619
0.59882
0.67482
0.66136
0.67648
0.66038
0.59591
0.59724
0.63169
0.66645
0.66127
0.6989
0.62488
0.59085
0.74642
0.73429
0.72262
0.7161
0.70473
0.72207
0.74562
0.74395
0.74373
0.73924
0.73393
0.72986
0.73137
0.73083
0.74212
0.75221
0.75123
0.74995
0.76044
0.7678
0.77696
0.825
0.78593
0.81188
0.80839
0.79297
0.77622
0.76455
0.73976
0.7351
0.75619
0.75322
0.75398
0.72496
0.76501
0.77536
0.76804
0.5485
0.216
0.16514
0.21682
0.35452
0.48216
0.51025
0.47357
0.33704
0.48129
0.43233
0.39556
0.68865
0.70967
0.7363
0.75969
0.78772
0.8262
0.72267
0.63471
0.4814
0.36027
0.36764
0.4236
0.39069
0.36493
0.45672
0.46605
0.47408
0.44444
0.37635
0.32166
0.32426
0.37021
0.42091
0.44908
0.40674
0.4507
0.53289
0.55145
0.49864
0.46649
0.59952
0.80671
0.82447
0.84325
0.84083
0.83011
0.8329
0.8265
0.77936
0.76682
0.71436
0.69311
0.60181
0.57037
0.55988
0.61258
0.54396
0.56929
0.52879
0.56392
0.5385
0.52589
0.54406
0.65178
0.6522
0.61607
0.57584
0.64289
0.71731
0.59012
0.73368
0.914
0.90904
0.89878
0.85279
0.84266
0.8289
0.82919
0.86801
0.90378
0.71893
0.63533
0.5563
0.56976
0.59678
0.6296
0.60321
0.5986
0.72587
0.78854
0.81895
0.65034
0.54058
0.58151
0.68715
0.83043
0.92627
0.91745
0.91596
0.90047
0.87849
0.89592
0.90894
0.86665
0.82698
0.88588
0.85169
0.84101
0.82797
0.83464
0.86596
0.81318
0.7114
0.73785
0.79786
0.79234
0.84743
0.81826
0.80813
0.78007
0.67379
0.66287
0.69933
0.78468
0.81925
0.80043
0.82611
0.84539
0.80707
0.85507
0.83135
0.84089
0.82694
0.82347
0.79812
0.75618
0.77517
0.80699
0.79825
0.76108
0.76182
0.75156
0.78307
0.69816
0.56017
0.47675
0.38702
0.55303
0.53725
0.81664
0.85062
0.81369
0.79703
0.82276
0.86251
0.86535
0.8351
0.82858
0.84625
0.85635
0.86924
0.86667
0.8368
0.83177
0.81752
0.79806
0.78999
0.82694
0.84449
0.75935
0.65185
0.55432
0.82287
0.88285
0.91294
0.93072
0.92363
0.93122
0.91207
0.8936
0.86398
0.83742
0.73094
0.70992
0.64099
0.68126
0.69416
0.75535
0.75994
0.81778
0.86622
0.91955
0.89528
0.90322
0.89637
0.87218
0.83417
0.80965
0.73925
0.7068
0.70883
0.75261
0.76756
0.75258
0.72155
0.74371
0.71908
0.76337
0.82998
0.83452
0.82732
0.82369
0.80333
0.82166
0.79326
0.80585
0.80585
0.84546
0.82578
0.78328
0.74251
0.7071
0.65326
0.64051
0.64442
0.64478
0.64844
0.78479
0.79103
0.76825
0.81314
0.81726
0.81072
0.83251
0.82717
0.78486
0.79795
0.81265
0.82157
0.75839
0.78665
0.81274
0.80363
0.72548
0.75761
0.72242
0.80543
0.78206
0.67691
0.68746
0.71206
0.71596
0.7399
0.77263
0.81586
0.82036
0.78616
0.76818
0.8028
0.83587
0.82895
0.81887
0.81296
0.76375
0.71814
0.73614
0.80104
0.79415
0.79911
0.79445
0.76477
0.70825
0.69974
0.67588
0.66997
0.79961
0.74639
0.82747
0.8418
0.84787
0.86043
0.87672
0.86562
0.85844
0.85264
0.85118
0.81774
0.77072
0.69889
0.80624
0.743
0.83236
0.83251
0.85568
0.83729
0.80978
0.82661
0.84478
0.83721
0.81676
0.8059
0.8205
0.80134
0.75485
0.70911
0.69621
0.76805
0.86105
0.90542
0.62306
0.64062
0.70249
0.72002
0.91419
0.90409
0.89538
0.88166
0.89797
0.90242
0.88645
0.8913
0.90285
0.90407
0.90266
0.91793
0.86072
0.68353
0.61085
0.58553
0.54723
0.54281
0.43593
0.26307
0.58576
0.90683
0.96809
0.99297
0.99877
1.0005
0.98294
0.98077
0.97629
0.96456
0.97009
0.98976
0.99014
0.9879
0.98431
0.92943
0.88972
0.97628
0.99752
0.90056
0.99975
0.88509
0.88825
0.98303
0.99837
0.97336
0.9353
0.8985
0.95768
0.92624
0.89827
0.95025
0.9627
0.90436
0.83622
0.93646
0.78662
0.93677
0.90463
0.88395
0.80041
0.84096
0.81835
0.8648
0.86117
0.88779
0.87086
0.86867
0.87891
0.89104
0.76587
0.62889
0.61421
0.62625
0.51736
0.41881
0.84842
0.85215
0.86532
0.87797
0.8808
0.87425
0.88236
0.88757
0.8908
0.87244
0.83277
0.9378
0.97537
0.9661
0.9658
0.95817
0.94826
0.90151
0.93632
0.83584
0.76134
0.7144
0.85165
0.8945
0.88123
0.90457
0.81115
0.80622
0.83876
0.87767
0.90891
0.90815
0.90773
0.9025
0.89513
0.79498
0.72125
0.79933
0.80678
0.77732
0.74754
0.74863
0.73401
0.7354
0.75886
0.79462
0.80814
0.77565
0.72866
0.72942
0.76763
0.65997
0.65108
0.75003
0.85151
0.83792
0.83969
0.8335
0.77283
0.82725
0.79308
0.7416
0.80039
0.78057
0.80793
0.84016
0.85398
0.86
0.75505
0.70841
0.78517
0.91344
0.87995
0.87718
0.76922
0.8472
0.81297
0.8995
0.90464
0.9068
0.88987
0.87877
0.73402
0.77578
0.8216
0.87629
0.89774
0.89227
0.89124
0.84835
0.73423
0.68838
0.61475
0.78445
0.92142
0.91284
0.90653
0.8345
0.83749
0.74485
0.67253
0.69279
0.66092
0.79259
0.85294
0.83371
0.84715
0.76124
0.74731
0.79702
0.75452
0.89227
0.91707
0.87426
0.84941
0.94105
0.96871
0.96524
0.93508
0.95013
0.95241
0.96682
0.97455
0.95071
0.97671
0.94291
0.91473
0.9597
0.91324
0.88453
0.83409
0.91222
0.95222
0.94989
0.9332
0.92577
0.91888
0.91259
0.89906
0.89048
0.88134
0.93346
0.923
0.91352
0.90553
0.84642
0.68072
0.68898
0.77445
0.96478
0.96662
0.96827
0.9754
0.97223
0.96547
0.95362
0.94934
0.94916
0.94038
0.92743
0.91536
0.88686
0.878
0.89372
0.87555
0.92547
0.94031
0.93923
0.93157
0.9223
0.88695
0.87413
0.80472
0.83137
0.91781
0.90108
0.90763
0.89599
0.89265
0.79093
0.683
0.61607
0.63843
0.77196
0.91442
0.92473
0.83098
0.76804
0.77835
0.79408
0.92075
0.89875
0.91687
0.91067
0.88952
0.76314
0.74284
0.69325
0.84194
0.91124
0.9068
0.92637
0.94439
0.88619
0.69352
0.61355
0.74338
0.78482
0.79032
0.70934
0.67356
0.75113
0.72219
0.83017
0.8864
0.89419
0.88969
0.86609
0.84038
0.88326
0.88505
0.88199
0.89883
0.81933
0.74281
0.78231
0.69324
0.68416
0.69796
0.71962
0.72877
0.69151
0.72638
0.72717
0.73137
0.7295
0.72714
0.7246
0.71986
0.69502
0.67872
0.66791
0.59404
0.51727
0.49438
0.473
0.48419
0.52561
0.69774
0.72703
0.68519
0.69837
0.78269
0.85456
0.95942
0.99707
0.99797
0.97898
0.71925
0.64245
0.72447
0.83973
0.92581
0.95988
0.87394
0.79452
0.7724
0.92398
0.93615
0.94244
0.93229
0.93772
0.92723
0.93281
0.92138
0.91625
0.93784
0.9286
0.92364
0.92459
0.92115
0.90903
0.9015
0.89978
0.91289
0.91774
0.90551
0.88488
0.88822
0.93728
0.96435
0.98503
0.98166
0.96254
0.96406
0.93665
0.91255
0.95264
0.9184
0.90745
0.83292
0.93346
0.92279
0.92618
0.92957
0.90421
0.8927
0.93192
0.93905
0.93182
0.95338
0.94154
0.89457
0.95399
1.0019
1.0004
0.99759
0.99946
0.99785
0.99756
0.97417
0.95399
0.99883
0.96206
0.99831
0.96296
0.95565
0.9513
0.99931
0.99714
0.9972
0.95149
0.99784
0.98325
0.96426
0.93882
0.9654
0.97071
0.93654
0.9111
0.88561
0.9012
0.96075
0.9536
0.9528
0.94986
0.96233
0.94702
0.95849
0.89717
0.97084
0.95577
0.95061
0.94224
0.92111
0.94754
0.93614
0.95134
0.95175
0.94815
0.94331
0.94123
0.8551
0.91416
0.93005
0.94106
0.93039
0.92065
0.92207
0.9045
0.84081
0.78753
0.92038
0.94136
0.95003
0.93399
0.94594
0.91711
0.80903
0.81652
0.84495
0.88294
0.90012
0.88379
0.78812
0.85067
0.81943
0.84447
0.88741
0.89793
0.89237
0.90498
0.90059
0.90155
0.87842
0.92091
0.95618
0.91294
0.91803
0.91573
0.85331
0.8109
0.7828
0.81461
0.82167
0.89283
0.90077
0.88886
0.93135
0.88978
0.76223
0.7072
0.6782
0.70944
0.69311
0.73276
0.7899
0.8434
0.91079
0.87246
0.85303
0.85054
0.90643
0.90881
0.98177
0.92958
0.96402
0.9723
0.97309
0.96243
0.94228
0.93104
0.92342
0.93411
0.96137
0.93309
0.93813
0.94113
0.93159
0.92897
0.92764
0.91346
0.92624
0.94855
0.94817
0.93837
0.92405
0.92952
0.81906
0.64734
0.58868
0.5609
0.55376
0.87377
0.95946
0.96087
0.99565
0.99849
0.99153
0.98819
0.96958
0.96263
0.95947
0.9666
0.9348
0.90286
0.9099
0.89552
0.80747
0.85878
0.92566
0.93233
0.94106
0.96858
0.96711
0.96098
0.94527
0.94706
0.9085
0.85488
0.91966
0.92294
0.92153
0.87362
0.91825
0.90576
0.92442
0.91171
0.9062
0.89748
0.83779
0.84674
0.87756
0.88952
0.91174
0.92776
0.93559
0.89309
0.91146
0.92514
0.92255
0.90695
0.90758
0.93409
0.9184
0.9121
0.88487
0.76438
0.87197
0.88928
0.90085
0.91049
0.90466
0.90984
0.78966
0.81658
0.68958
0.95561
0.95319
0.93173
0.91259
0.91278
0.87265
0.78198
0.85902
0.95434
0.94807
0.88613
0.9063
0.91426
0.8207
0.85633
0.9034
0.87119
0.90487
0.8887
0.87949
0.86029
0.83089
0.91951
0.93926
0.92605
0.9421
0.93983
0.91004
0.86845
0.79833
0.73882
0.80998
0.82584
0.8324
0.79709
0.75545
0.79234
0.7863
0.73993
0.72122
0.83052
0.87166
0.84947
0.77601
0.72971
0.74225
0.71739
0.75724
0.77904
0.796
0.80296
0.84315
0.86239
0.78951
0.73714
0.70951
0.64385
0.6467
0.73216
0.79927
0.73911
0.6721
0.57956
0.58175
0.62642
0.68724
0.68231
0.72585
0.74172
0.69669
0.76937
0.75373
0.81892
0.85058
0.88197
0.84319
0.86265
0.90061
0.81696
0.91882
0.92157
0.92643
0.9377
0.94174
0.93937
0.93019
0.92008
0.92652
0.90846
0.89868
0.8682
0.91103
0.85608
0.80761
0.84809
0.9065
0.88427
0.90253
0.89144
0.89035
0.90565
0.8865
0.85727
0.91174
0.88321
0.90177
0.90839
0.91266
0.92484
0.93866
0.94941
0.82728
0.88437
0.93873
0.93201
0.90781
0.91849
0.92834
0.91063
0.91623
0.90605
0.91368
0.90777
0.90461
0.90697
0.92882
0.93066
0.93379
0.90023
0.889
0.87999
0.85958
0.64728
0.60402
0.59099
0.59827
0.58939
0.5906
0.58097
0.56243
0.56207
0.58615
0.5962
0.61077
0.61915
0.60186
0.59751
0.56204
0.50929
0.50792
0.44794
0.47273
0.5916
0.64179
0.69526
0.88783
0.89509
0.89106
0.92478
0.91685
0.92277
0.93017
0.92692
0.92052
0.92145
0.90387
0.9263
0.92557
0.89117
0.89536
0.89891
0.90133
0.90835
0.9162
0.92151
0.92139
0.92848
0.90901
0.90669
0.89574
0.8916
0.77096
0.75444
0.78529
0.91076
0.88344
0.86433
0.86815
0.85393
0.84188
0.83738
0.78544
0.77966
0.80013
0.72369
0.63162
0.864
0.88159
0.87161
0.87557
0.86356
0.86395
0.86567
0.87087
0.86505
0.8589
0.88326
0.90644
0.91478
0.92183
0.92547
0.91283
0.88666
0.8553
0.83797
0.8009
0.80717
0.88127
0.903
0.90871
0.91631
0.9193
0.85193
0.89419
0.92614
0.90328
0.89093
0.88078
0.87762
0.86324
0.87962
0.88733
0.88299
0.87978
0.87523
0.86982
0.87408
0.84015
0.81409
0.87202
0.87132
0.85811
0.84815
0.85087
0.89214
0.8932
0.91733
0.92055
0.93394
0.94336
0.95061
0.94644
0.94967
0.93601
0.93247
0.91999
0.88394
0.8829
0.87357
0.86657
0.84429
0.81454
0.7938
0.7788
0.55911
0.8837
0.90174
0.8928
0.94906
0.94777
0.9083
0.88509
0.87897
0.87789
0.85848
0.8553
0.8482
0.83376
0.83653
0.84237
0.8413
0.8406
0.84587
0.84218
0.84196
0.84678
0.85323
0.85943
0.8665
0.86446
0.86013
0.84178
0.8362
0.84625
0.82235
0.84911
0.82154
0.78871
0.79916
0.81911
0.82403
0.83105
0.814
0.81279
0.81537
0.81428
0.80698
0.80477
0.80628
0.79076
0.77383
0.73215
0.52428
0.68875
0.72563
0.79485
0.81943
0.83411
0.84517
0.8273
0.76539
0.68823
0.6622
0.67311
0.69452
0.71574
0.69525
0.65819
0.61449
0.59449
0.55737
0.63069
0.77307
0.75667
0.66513
0.54053
0.58331
0.6679
0.70529
0.68493
0.68658
0.82518
0.68866
0.73476
0.71448
0.75193
0.75693
0.72442
0.79277
0.84902
0.87572
0.8773
0.87936
0.85265
0.82374
0.82082
0.83485
0.83044
0.8297
0.82433
0.82342
0.83706
0.81708
0.81044
0.80386
0.81745
0.82394
0.81062
0.83238
0.81572
0.82845
0.83554
0.84939
0.86417
0.84503
0.83464
0.83418
0.83874
0.82787
0.7962
0.80806
0.82288
0.81889
0.81463
0.8068
0.79941
0.65828
0.72409
0.72956
0.70569
0.60133
0.54769
0.59915
0.78448
0.87023
0.82592
0.75561
0.83097
0.84722
0.77314
0.79848
0.83851
0.86969
0.87209
0.86436
0.83844
0.84254
0.89829
0.90037
0.87539
0.85515
0.85949
0.82884
0.87996
0.90568
0.83528
0.79614
0.87975
0.86436
0.8759
0.88064
0.91891
0.9194
0.90629
0.85877
0.84229
0.80587
0.79773
0.77713
0.6907
0.71425
0.83048
0.86852
0.88634
0.76461
0.77575
0.86163
0.8427
0.89326
0.87113
0.85483
0.89261
0.89537
0.88634
0.87142
0.894
0.86884
0.85028
0.86462
0.84086
0.8334
0.8232
0.82095
0.83814
0.85358
0.82216
0.80291
0.80359
0.80691
0.80973
0.81406
0.82445
0.83438
0.83928
0.83176
0.82578
0.86979
0.90453
0.87966
0.78517
0.63447
0.35755
0.3036
0.29492
0.28631
0.80273
0.85015
0.89266
0.9349
0.92602
0.90477
0.87628
0.88428
0.86645
0.79325
0.88012
0.88951
0.86507
0.84059
0.82668
0.80887
0.83186
0.84948
0.86852
0.85766
0.82722
0.80905
0.80672
0.79723
0.8049
0.55029
0.54437
0.50193
0.50867
0.84238
0.83698
0.86478
0.87381
0.88838
0.84276
0.82535
0.85322
0.85267
0.83184
0.83177
0.85383
0.84796
0.84672
0.87264
0.88484
0.87744
0.87288
0.86664
0.85795
0.84786
0.85081
0.84863
0.84666
0.84621
0.83688
0.82077
0.7994
0.7846
0.75409
0.55929
0.47258
0.39825
0.35516
0.4001
0.48364
0.60604
0.70856
0.78953
0.81426
0.81132
0.81919
0.81986
0.81323
0.80925
0.79429
0.6581
0.42149
0.34072
0.2779
0.26579
0.25371
0.26371
0.25386
0.26446
0.28804
0.27092
0.34263
0.42194
0.56558
0.78186
0.8132
0.82325
0.83563
0.84577
0.84888
0.84401
0.84343
0.83161
0.82022
0.82505
0.81915
0.81332
0.81071
0.81341
0.8033
0.79675
0.80784
0.8089
0.78551
0.67367
0.62281
0.64222
0.687
0.70485
0.75314
0.74626
0.75674
0.74819
0.68932
0.7398
0.70107
0.75875
0.64449
0.46681
0.55426
0.58645
0.63935
0.70082
0.72649
0.70306
0.71297
0.72074
0.72814
0.7582
0.78003
0.80008
0.77458
0.75321
0.78829
0.81049
0.79346
0.79301
0.79174
0.82537
0.73233
0.79029
0.78384
0.78526
0.77219
0.78457
0.77323
0.76988
0.75989
0.75123
0.54493
0.47361
0.45293
0.6222
0.78428
0.80335
0.79474
0.79274
0.79545
0.80335
0.80147
0.7956
0.81428
0.69754
0.82717
0.84012
0.85154
0.85079
0.83764
0.82137
0.79781
0.74679
0.73706
0.76471
0.77733
0.78916
0.81565
0.80309
0.76858
0.78526
0.76955
0.80761
0.82332
0.83821
0.83015
0.84723
0.82447
0.81417
0.80152
0.83876
0.85169
0.85795
0.85443
0.85233
0.80537
0.79262
0.81532
0.79726
0.80602
0.80508
0.77974
0.78589
0.77274
0.77156
0.76357
0.76037
0.76362
0.76894
0.76686
0.73647
0.70832
0.68028
0.68913
0.51329
0.43708
0.82512
0.81925
0.82447
0.82627
0.82404
0.84204
0.82931
0.76661
0.7614
0.75428
0.76019
0.76023
0.7666
0.77436
0.75865
0.73612
0.71938
0.68199
0.53346
0.41188
0.72098
0.73882
0.7938
0.81745
0.84013
0.83352
0.80573
0.79165
0.7623
0.78617
0.76787
0.77698
0.75886
0.73566
0.73289
0.74497
0.7454
0.78039
0.76258
0.76163
0.724
0.7089
0.71929
0.69359
0.73169
0.7553
0.7635
0.77757
0.74715
0.70555
0.68123
0.71049
0.6841
0.69151
0.68236
0.69589
0.7866
0.71808
0.74194
0.6847
0.71861
0.70162
0.67904
0.58451
0.49864
0.4118
0.34768
0.35428
0.4087
0.44864
0.77391
0.80758
0.80296
0.81183
0.79778
0.80997
0.81969
0.81213
0.79836
0.78981
0.7713
0.77954
0.76469
0.75618
0.77024
0.77771
0.80167
0.79788
0.79882
0.79006
0.80078
0.80586
0.82499
0.82471
0.81776
0.83072
0.84973
0.8555
0.85834
0.85062
0.85699
0.78906
0.83747
0.80296
0.83189
0.80559
0.79744
0.77099
0.72913
0.75324
0.79108
0.76161
0.73854
0.72488
0.63672
0.76844
0.69485
0.70514
0.73223
0.73088
0.69282
0.51851
0.3662
0.30106
0.35678
0.79874
0.77934
0.79436
0.77638
0.79727
0.78636
0.8123
0.78757
0.74485
0.71125
0.69889
0.70181
0.81366
0.8178
0.81724
0.78579
0.75427
0.8013
0.7505
0.68399
0.73107
0.80933
0.82485
0.82051
0.79739
0.79834
0.7991
0.79809
0.78912
0.81493
0.7796
0.73625
0.68045
0.66015
0.58935
0.68249
0.58642
0.87744
0.81396
0.72054
0.70531
0.59449
0.57446
0.56518
0.55144
0.47101
0.52631
0.59513
0.64105
0.64351
0.52266
0.55554
0.63826
0.64529
0.63234
0.65468
0.6913
0.6455
0.69479
0.78193
0.8506
0.83069
0.82942
0.82472
0.82916
0.82494
0.82125
0.82467
0.81723
0.81546
0.82038
0.82268
0.84466
0.85936
0.86371
0.87252
0.8665
0.81552
0.83032
0.82303
0.84211
0.80228
0.79747
0.81518
0.79615
0.81109
0.83161
0.85486
0.84283
0.80844
0.8122
0.81418
0.80251
0.77454
0.73658
0.7045
0.72996
0.78274
0.77567
0.77334
0.78411
0.79652
0.80937
0.81845
0.85349
0.83781
0.75233
0.69855
0.64942
0.71395
0.6691
0.79663
0.74966
0.77037
0.77923
0.76094
0.74066
0.73925
0.66267
0.68278
0.66094
0.76309
0.7975
0.77397
0.79002
0.80075
0.79563
0.81169
0.82608
0.84398
0.86111
0.8638
0.88075
0.76893
0.58496
0.50536
0.50268
0.36737
0.64037
0.687
0.84729
0.8541
0.86299
0.87354
0.88273
0.89189
0.88395
0.8743
0.87204
0.8703
0.87206
0.86747
0.8622
0.86264
0.84647
0.85911
0.84636
0.87546
0.88368
0.81946
0.77238
0.82838
0.82916
0.82853
0.83777
0.84511
0.84361
0.84907
0.8541
0.85094
0.83334
0.82155
0.81876
0.82459
0.83389
0.82357
0.8262
0.83066
0.83084
0.82199
0.84113
0.83025
0.81678
0.81284
0.8121
0.8057
0.80679
0.7973
0.78961
0.79395
0.80011
0.79395
0.79222
0.78678
0.76926
0.7839
0.74707
0.72468
0.69254
0.64342
0.61051
0.57855
0.51716
0.46628
0.39131
0.40168
0.44844
0.50943
0.5306
0.56363
0.60598
0.63786
0.65681
0.67539
0.6815
0.66973
0.65142
0.65787
0.68005
0.69085
0.65118
0.58786
0.56018
0.53332
0.51494
0.51618
0.52873
0.56533
0.62934
0.66964
0.71186
0.66486
0.69975
0.65685
0.64986
0.66464
0.64816
0.67998
0.71746
0.7553
0.76515
0.7727
0.77935
0.78767
0.78466
0.7724
0.73316
0.71024
0.70216
0.69426
0.72592
0.69369
0.68735
0.64282
0.686
0.69312
0.70096
0.70272
0.70147
0.70455
0.70376
0.69682
0.69198
0.64638
0.61652
0.59949
0.59639
0.58733
0.59344
0.59896
0.6034
0.60593
0.61451
0.61249
0.61929
0.67182
0.63608
0.62167
0.69998
0.74668
0.72301
0.70455
0.70759
0.72356
0.70797
0.71233
0.70871
0.71333
0.70391
0.68553
0.72791
0.60804
0.68392
0.6554
0.65489
0.70542
0.67855
0.62826
0.63327
0.66999
0.6872
0.70928
0.72066
0.72792
0.72971
0.73014
0.72725
0.72087
0.7175
0.71243
0.70807
0.70914
0.70518
0.70269
0.69911
0.68982
0.65948
0.63617
0.6024
0.47967
0.6861
0.7257
0.75254
0.77464
0.78496
0.77079
0.7955
0.76782
0.7918
0.77893
0.771
0.78737
0.76269
0.76994
0.74148
0.71572
0.73246
0.76886
0.7374
0.7631
0.77023
0.78987
0.8328
0.8568
0.85691
0.86157
0.85305
0.85978
0.83908
0.8454
