0.6626
0.66138
0.65772
0.66002
0.65933
0.65827
0.65735
0.65727
0.65309
0.64972
0.64518
0.63774
0.59408
0.62142
0.65643
0.66927
0.65249
0.69319
0.69158
0.70318
0.7164
0.71278
0.7036
0.68721
0.69377
0.71995
0.7108
0.69658
0.71814
0.72549
0.71759
0.74967
0.72396
0.71493
0.72851
0.71478
0.70844
0.69247
0.59899
0.79154
0.6893
0.6959
0.68687
0.65389
0.63265
0.61368
0.46457
0.63705
0.56708
0.66841
0.67336
0.67432
0.68532
0.69534
0.73567
0.74502
0.78354
0.77364
0.78306
0.78941
0.76606
0.75478
0.76506
0.76995
0.74679
0.71139
0.69702
0.68622
0.70475
0.71188
0.71523
0.70603
0.69505
0.68216
0.69098
0.67976
0.72414
0.71786
0.74459
0.71387
0.7038
0.68926
0.60309
0.41074
0.34857
0.30032
0.26121
0.25218
0.18691
0.20588
0.27032
0.3012
0.77275
0.79066
0.81134
0.78538
0.79837
0.81161
0.81532
0.8009
0.782
0.76401
0.73277
0.7091
0.70906
0.71527
0.71711
0.71633
0.7099
0.71605
0.71578
0.71604
0.71975
0.70927
0.70031
0.69157
0.67956
0.67251
0.66557
0.66263
0.66086
0.65965
0.65264
0.62258
0.62733
0.62524
0.627
0.62311
0.61208
0.6097
0.60173
0.5947
0.58794
0.56929
0.49666
0.413
0.32947
0.31356
0.39937
0.68932
0.72098
0.73665
0.75672
0.76906
0.79676
0.80695
0.82888
0.86339
0.85791
0.84622
0.84285
0.84201
0.82896
0.81977
0.81616
0.80769
0.78576
0.735
0.70003
0.72325
0.67785
0.53042
0.553
0.69395
0.77627
0.73715
0.76584
0.79651
0.78181
0.78718
0.7576
0.76936
0.77062
0.77091
0.76822
0.77492
0.80391
0.86492
0.8545
0.85588
0.8234
0.77067
0.76193
0.75431
0.77917
0.77126
0.77334
0.76726
0.77549
0.78711
0.81034
0.75383
0.71629
0.70211
0.69309
0.68556
0.67697
0.67509
0.67471
0.67943
0.6587
0.65666
0.65414
0.65382
0.6885
0.69882
0.71423
0.66381
0.66703
0.67338
0.69218
0.69833
0.70934
0.71304
0.71865
0.71165
0.70802
0.70717
0.72712
0.72625
0.75326
0.78738
0.79391
0.77879
0.77435
0.76311
0.74703
0.72979
0.71187
0.61687
0.44329
0.35639
0.36197
0.3563
0.36312
0.35846
0.34845
0.29069
0.23194
0.26505
0.23792
0.17772
0.21518
0.3823
0.54662
0.5996
0.65949
0.66847
0.60519
0.62931
0.70635
0.71859
0.72992
0.73471
0.71614
0.71129
0.69892
0.68341
0.67552
0.69141
0.74061
0.7422
0.75234
0.78152
0.74229
0.80519
0.81298
0.78706
0.73998
0.72632
0.71834
0.71734
0.78432
0.72486
0.72219
0.69086
0.67466
0.53555
0.43601
0.74795
0.74734
0.77995
0.7995
0.83776
0.86753
0.80011
0.79084
0.88223
0.90436
0.90926
0.90222
0.89006
0.90413
0.92352
0.81548
0.67192
0.66975
0.6778
0.67782
0.7051
0.735
0.71384
0.81691
0.90383
0.90847
0.86515
0.80741
0.76883
0.73157
0.7284
0.71027
0.64535
0.59547
0.49357
0.44226
0.51503
0.7863
0.66692
0.56643
0.82731
0.87196
0.9143
0.91849
0.92467
0.89032
0.86849
0.84264
0.80986
0.73859
0.76931
0.83544
0.81474
0.80245
0.76627
0.73042
0.69482
0.67151
0.63945
0.62137
0.61879
0.57087
0.84844
0.83703
0.82401
0.80601
0.78716
0.74008
0.72393
0.7167
0.70391
0.69219
0.67752
0.68138
0.67525
0.67821
0.64739
0.63222
0.50398
0.54827
0.76219
0.77865
0.77417
0.78809
0.80684
0.80359
0.8008
0.80881
0.80142
0.80887
0.81039
0.79624
0.81868
0.84113
0.81824
0.80399
0.79582
0.78267
0.75389
0.74056
0.71473
0.69057
0.70163
0.70473
0.65451
0.63635
0.55771
0.4632
0.40962
0.51925
0.61988
0.66644
0.58575
0.54873
0.60807
0.82056
0.81725
0.78881
0.76399
0.83048
0.81049
0.68116
0.79329
0.85657
0.69296
0.6649
0.68769
0.72613
0.78403
0.66872
0.65483
0.64721
0.64054
0.70266
0.83555
0.82813
0.83253
0.834
0.8295
0.82882
0.82874
0.8342
0.81858
0.78561
0.75401
0.73052
0.71689
0.69197
0.69109
0.69405
0.69723
0.68872
0.67752
0.67033
0.65861
0.62735
0.65445
0.6623
0.66086
0.6516
0.65131
0.65195
0.65431
0.71095
0.71675
0.71996
0.71441
0.70148
0.67636
0.66667
0.65878
0.66373
0.65804
0.56146
0.50176
0.53954
0.7104
0.71748
0.72748
0.74061
0.76208
0.74589
0.74772
0.74152
0.72312
0.68392
0.72264
0.66029
0.69987
0.75491
0.79492
0.80534
0.80948
0.8162
0.74916
0.70954
0.69764
0.699
0.70098
0.68417
0.67106
0.65413
0.64779
0.64798
0.64905
0.65509
0.6588
0.65362
0.64518
0.63393
0.63408
0.63049
0.64761
0.66548
0.67047
0.66276
0.66246
0.65936
0.64188
0.6327
0.59078
0.45606
0.44545
0.44167
0.43515
0.45278
0.46255
0.47745
0.4873
0.47934
0.42899
0.36178
0.34155
0.32423
0.33344
0.4814
0.52712
0.65756
0.7607
0.74015
0.76736
0.76195
0.75711
0.75661
0.75919
0.78244
0.77754
0.76676
0.7592
0.75031
0.73156
0.72761
0.73655
0.74594
0.75047
0.72978
0.71422
0.70327
0.68974
0.61991
0.37647
0.25619
0.19241
0.18594
0.19223
0.19235
0.21157
0.27014
0.3726
0.54323
0.82927
0.83556
0.82291
0.81543
0.80999
0.79145
0.75092
0.74631
0.74213
0.74574
0.68689
0.57798
0.37691
0.30921
0.26939
0.21988
0.23267
0.25873
0.29956
0.36726
0.42266
0.40757
0.41433
0.42368
0.45034
0.45669
0.45602
0.50558
0.58505
0.67705
0.71256
0.69564
0.68983
0.68389
0.78381
0.77558
0.74786
0.7445
0.77691
0.80558
0.80995
0.79164
0.76438
0.7414
0.71648
0.70657
0.68557
0.70022
0.71932
0.71655
0.71474
0.70431
0.69575
0.68721
0.68909
0.70361
0.71983
0.67974
0.71552
0.69927
0.73625
0.72342
0.73706
0.74976
0.74047
0.71434
0.68717
0.65685
0.64502
0.63918
0.64521
0.65698
0.65971
0.65954
0.65738
0.65863
0.66231
0.66975
0.67637
0.64886
0.62625
0.69037
0.67646
0.66385
0.67659
0.62874
0.63227
0.70074
0.62856
0.41643
0.69741
0.711
0.71573
0.74057
0.75405
0.79419
0.81839
0.81262
0.81662
0.79886
0.80091
0.80687
0.82248
0.83505
0.83401
0.83081
0.83769
0.83956
0.84088
0.82008
0.81968
0.84085
0.87735
0.86533
0.84476
0.86642
0.84085
0.84251
0.82611
0.82675
0.80335
0.72714
0.69319
0.83922
0.83914
0.81869
0.80203
0.8215
0.82193
0.79613
0.80009
0.81488
0.79515
0.79095
0.76889
0.76959
0.76037
0.73221
0.74396
0.76181
0.79073
0.81885
0.83642
0.85268
0.82299
0.80165
0.78239
0.76236
0.75187
0.7434
0.74262
0.70234
0.6508
0.68406
0.71994
0.71787
0.60025
0.45777
0.37119
0.41942
0.81156
0.83088
0.82433
0.83771
0.83903
0.83877
0.8403
0.85714
0.84127
0.81556
0.76585
0.73054
0.70198
0.70316
0.79902
0.79021
0.82167
0.81613
0.80453
0.79277
0.80164
0.80861
0.82155
0.84696
0.87308
0.86494
0.85744
0.84055
0.82709
0.81697
0.82256
0.79439
0.79496
0.79122
0.77593
0.76968
0.75958
0.75027
0.75784
0.76257
0.77164
0.75018
0.73107
0.71776
0.69815
0.69865
0.71396
0.69412
0.69791
0.68799
0.69675
0.79073
0.71309
0.67816
0.64196
0.57325
0.53486
0.582
0.63904
0.65825
0.71211
0.71268
0.74521
0.7883
0.80982
0.77438
0.69985
0.63095
0.54056
0.78651
0.82468
0.84818
0.8267
0.84815
0.83532
0.81387
0.79586
0.75953
0.75836
0.74566
0.72999
0.73838
0.79676
0.80615
0.7315
0.83972
0.8206
0.8041
0.78473
0.80708
0.81613
0.82474
0.81327
0.8327
0.84616
0.84578
0.84511
0.8247
0.81103
0.77631
0.75541
0.74849
0.73726
0.71898
0.71403
0.73018
0.71246
0.69014
0.70374
0.68601
0.70982
0.71922
0.72123
0.72353
0.70731
0.72217
0.72387
0.72505
0.732
0.72078
0.7265
0.73853
0.73523
0.7321
0.72023
0.68127
0.68194
0.59429
0.52773
0.49514
0.42853
0.50537
0.56536
0.64438
0.58728
0.40387
0.41848
0.45038
0.48324
0.60554
0.75019
0.78648
0.82216
0.8652
0.87129
0.88159
0.88601
0.89243
0.90159
0.9129
0.92486
0.93381
0.93562
0.92584
0.91586
0.90941
0.9042
0.90244
0.90792
0.92041
0.92148
0.92676
0.93536
0.94465
0.94714
0.9438
0.93919
0.94643
0.94872
0.94932
0.94148
0.9337
0.93697
0.92861
0.92711
0.90424
0.90378
0.9084
0.89811
0.88576
0.88427
0.88136
0.92471
0.92407
0.90813
0.91548
0.91739
0.92231
0.9349
0.95102
0.96463
0.9085
0.88419
0.92343
0.91218
0.88112
0.89564
0.91813
0.9289
0.93851
0.9415
0.96964
0.95827
0.93595
0.94395
0.93176
0.91446
0.89525
0.90395
0.90735
0.89464
0.86759
0.88081
0.88937
0.90729
0.85715
0.86935
0.89045
0.87376
0.83422
0.83524
0.8523
0.85932
0.87714
0.90673
0.90805
0.8923
0.89194
0.87853
0.84667
0.88672
0.76321
0.65712
0.80696
0.87713
0.89116
0.90345
0.90888
0.91435
0.92757
0.9418
0.92706
0.90095
0.88926
0.90061
0.90387
0.91179
0.93339
0.93604
0.93402
0.92064
0.92538
0.91725
0.89468
0.90363
0.90511
0.91012
0.95708
0.95454
0.90057
0.90588
0.89344
0.87879
0.85735
0.83442
0.85217
0.89062
0.90756
0.91117
0.88194
0.85965
0.83948
0.84402
0.81526
0.79984
0.81446
0.82129
0.86214
0.89229
0.8398
0.84814
0.86219
0.83059
0.80824
0.79646
0.8075
0.63023
0.45398
0.46387
0.47259
0.60238
0.863
0.86229
0.85837
0.87794
0.87313
0.90985
0.91178
0.91887
0.87889
0.87438
0.84693
0.82372
0.78403
0.73491
0.89936
0.80695
0.77423
0.80198
0.82473
0.85798
0.77971
0.85888
0.89588
0.85817
0.86081
0.84762
0.84114
0.86267
0.84533
0.83097
0.85446
0.86161
0.82129
0.80415
0.81031
0.8467
0.87422
0.86058
0.8046
0.84864
0.8225
0.60599
0.8337
0.88674
0.86347
0.87615
0.8652
0.85637
0.83655
0.82902
0.82498
0.83553
0.79511
0.85106
0.90384
0.9027
0.90258
0.90902
0.91239
0.8954
0.85615
0.80903
0.85888
0.83331
0.82106
0.81253
0.80547
0.78982
0.76381
0.78397
0.80184
0.80901
0.80333
0.79962
0.79552
0.75736
0.71255
0.56975
0.49425
0.39664
0.40384
0.49239
0.40597
0.56975
0.89189
0.86996
0.85085
0.84524
0.88656
0.8667
0.88194
0.87276
0.84571
0.86544
0.87431
0.85288
0.8672
0.87478
0.8729
0.87219
0.85605
0.80354
0.7355
0.80836
0.78786
0.73805
0.75262
0.53736
0.45705
0.45141
0.45898
0.44316
0.52417
0.8562
0.8654
0.85609
0.85716
0.85628
0.87035
0.85352
0.838
0.86264
0.86428
0.86836
0.86033
0.8357
0.86761
0.87024
0.84253
0.83127
0.82938
0.84435
0.73271
0.62778
0.68975
0.66764
0.65393
0.70361
0.79296
0.88796
0.88463
0.79511
0.7482
0.73022
0.80637
0.80485
0.84855
0.89231
0.79629
0.75332
0.71292
0.83909
0.83088
0.85921
0.88189
0.86629
0.74481
0.71921
0.71977
0.83724
0.82412
0.86674
0.85799
0.83424
0.7678
0.73043
0.7347
0.84977
0.85852
0.84974
0.85385
0.85548
0.85205
0.78435
0.87809
0.79199
0.869
0.75045
0.78623
0.74923
0.8531
0.91436
0.89999
0.89854
0.89953
0.9101
0.92947
0.89449
0.87297
0.91734
0.93082
0.93693
0.94625
0.93668
0.93858
0.89228
0.81719
0.71087
0.66663
0.75513
0.807
0.89217
0.91124
0.88551
0.85358
0.83054
0.83527
0.8498
0.94414
0.92304
0.93232
0.93734
0.83632
0.74796
0.72
0.65113
0.71158
0.71276
0.67017
0.57594
0.38943
0.44621
0.60879
0.7475
0.85926
0.86887
0.86213
0.89475
0.85433
0.8655
0.91968
0.88916
0.86502
0.86209
0.85975
0.86768
0.87153
0.85624
0.88711
0.85852
0.8426
0.84558
0.87986
0.87221
0.80859
0.83936
0.87027
0.84144
0.90232
0.91865
0.9166
0.91315
0.8921
0.87611
0.7042
0.76645
0.8253
0.79318
0.81203
0.85979
0.83072
0.79781
0.813
0.80852
0.79366
0.78828
0.8077
0.76821
0.71964
0.60156
0.76099
0.84692
0.86113
0.86828
0.86702
0.84089
0.83496
0.8319
0.85886
0.88492
0.8712
0.84943
0.83034
0.90673
0.8757
0.88703
0.90783
0.92981
0.92147
0.91782
0.91357
0.89929
0.85388
0.59217
0.66662
0.65759
0.65731
0.57163
0.45589
0.48182
0.51279
0.59774
0.65977
0.82824
0.85947
0.89085
0.88141
0.86647
0.85301
0.75655
0.76794
0.84489
0.83452
0.86134
0.87717
0.88069
0.86766
0.88873
0.91562
0.92291
0.93368
0.92737
0.90382
0.90294
0.86081
0.79044
0.89418
0.91165
0.86264
0.84381
0.8223
0.81791
0.7064
0.69017
0.64609
0.6149
0.60146
0.56565
0.49845
0.60018
0.62244
0.65329
0.65409
0.64681
0.76465
0.79013
0.63807
0.55083
0.5592
0.53334
0.60758
0.65813
0.65102
0.54298
0.70282
0.60076
0.61283
0.65414
0.68047
0.66798
0.58352
0.62026
0.81561
0.8065
0.85541
0.75292
0.83458
0.85282
0.88692
0.89745
0.88986
0.92122
0.91476
0.91443
0.93087
0.94501
0.93456
0.92096
0.92678
0.93553
0.90657
0.89233
0.92882
0.96654
0.97493
0.97295
0.97396
0.89899
0.92796
0.90792
0.89232
0.9117
0.88957
0.88798
0.88651
0.88414
0.87845
0.90752
0.92019
0.91264
0.89141
0.86846
0.88784
0.90471
0.84474
0.77941
0.57004
0.83733
0.9882
0.98858
0.88006
0.86784
0.91971
0.96802
0.98905
0.99089
0.97139
0.97076
0.94414
0.91438
0.86819
0.88778
0.8895
0.9405
0.93434
0.92831
0.92112
0.9492
0.79521
0.70881
0.70058
0.63124
0.6912
0.79018
1.0001
0.91878
0.86658
0.89469
0.91051
0.90845
0.91795
0.90739
0.93817
0.92535
0.88785
0.76774
0.83514
0.88418
0.87438
0.85814
0.88446
0.87477
0.9023
0.89628
0.88545
0.87833
0.86646
0.85297
0.86642
0.83733
0.81925
0.79213
0.76443
0.83892
0.83561
0.88141
0.8584
0.85424
0.84085
0.85124
0.9058
0.91298
0.91061
0.90991
0.9063
0.81968
0.82193
0.7032
0.81596
0.94652
0.77143
0.76786
0.7656
0.74191
0.72877
0.71342
0.74657
0.75224
0.73795
0.741
0.69167
0.94447
0.9852
0.98641
1.0003
0.99859
0.98224
0.95767
0.94062
0.84825
0.77354
0.8162
0.88672
0.90404
0.88415
0.88251
0.87561
0.86563
0.85921
0.87509
0.90477
0.89908
0.8965
0.9012
0.89889
0.89354
0.89295
0.90252
0.92182
0.9208
0.9059
0.88569
0.89951
0.92153
0.89076
0.79942
0.77357
0.78567
0.78662
0.74464
0.62228
0.54288
0.59039
0.56675
0.69148
0.85488
0.93592
0.93521
0.93514
0.92605
0.92596
0.95077
0.92246
0.96096
0.93221
0.93869
0.97352
0.97675
0.96763
0.90632
0.90576
0.93954
0.93494
0.91909
0.92532
0.91459
0.78134
0.96918
0.99207
0.98719
0.99116
0.98877
0.98198
0.98497
0.97503
0.93476
0.93839
0.93264
0.93822
0.93057
0.92452
0.91369
0.83299
0.81955
0.78826
0.83674
0.84322
0.73561
0.614
0.61584
0.67193
0.69926
0.75113
0.81909
0.84738
0.88649
0.95994
0.95851
0.98667
0.98295
0.98115
1.0007
0.99817
0.9338
0.97125
0.98917
0.9653
0.88922
0.90401
0.9085
0.91627
0.91356
0.90127
0.91504
0.89949
0.93343
0.94424
0.94286
0.94483
0.92367
0.87734
0.90554
0.87177
0.83162
0.74456
0.72385
0.76537
0.81884
0.84302
0.85425
0.80219
0.7748
0.65398
0.73405
0.90534
0.9175
0.9161
0.78135
0.86738
0.92999
0.82955
0.93285
0.94303
0.91731
0.91968
0.82471
0.64799
0.627
0.63442
0.67452
0.89117
0.90036
0.91573
0.89327
0.87929
0.85061
0.88292
0.90096
0.88862
0.90738
0.89256
0.86331
0.79912
0.85179
0.85261
0.90177
0.88151
0.87957
0.88402
0.89614
0.90936
0.76034
0.7756
0.83218
0.75844
0.69889
0.58982
0.89057
0.90081
0.9063
0.94016
0.95175
0.93687
0.9313
0.91647
0.888
0.84847
0.77823
0.81779
0.89259
0.93621
1.0009
0.99712
0.85905
0.83959
0.86592
0.87045
0.82373
0.76883
0.68277
0.69516
0.62987
0.52187
0.53209
0.66436
0.74257
0.91873
0.91492
0.91163
0.90246
0.87154
0.88283
0.89929
0.96607
0.95423
0.92384
0.90934
0.89411
0.77141
0.72195
0.70929
0.68912
0.91816
0.9299
0.91779
0.91422
0.91417
0.90027
0.93255
0.92884
0.92061
0.89774
0.89078
0.87818
0.872
0.86434
0.8801
0.87681
0.85541
0.85784
0.85973
0.87033
0.86042
0.89634
0.90539
0.89702
0.91612
0.88993
0.89502
0.87913
0.85262
0.887
0.89447
0.87548
0.86829
0.86374
0.66554
0.54936
0.64205
0.8421
0.91552
0.89156
0.85676
0.876
0.88735
0.93308
0.93057
0.91653
0.93008
0.91674
0.88267
0.8599
0.87922
0.89191
0.8106
0.64399
0.78405
0.91445
0.92892
0.94628
0.95566
0.91758
0.86543
0.87573
0.92179
0.91297
0.90238
0.88638
0.89436
0.85472
0.80329
0.76064
0.78309
0.75045
0.74062
0.71497
0.78483
0.80801
0.85787
0.8681
0.87477
0.85962
0.84154
0.88111
0.88178
0.87169
0.77686
0.7147
0.67462
0.62712
0.61785
0.65354
0.8395
0.87515
0.91533
0.94489
0.95637
0.94764
0.95066
0.94778
0.97003
0.97803
0.96237
0.97768
0.91614
0.96527
0.94256
0.95521
0.94311
0.94889
0.96554
0.95075
0.95945
0.95868
0.94433
0.92028
0.9101
0.90443
0.83071
0.89844
0.93164
0.96172
0.93796
0.94442
0.93198
0.94018
0.94493
0.94584
0.93759
0.92218
0.90697
0.89372
0.889
0.88622
0.89987
0.88077
0.88748
0.88106
0.87451
0.86878
0.86983
0.86214
0.85279
0.83392
0.86066
0.85098
0.86422
0.85727
0.84363
0.869
0.85057
0.81362
0.79114
0.8861
0.78493
0.62469
0.46234
0.40961
0.49857
0.50441
0.50932
0.57949
0.64661
0.80187
0.84302
0.83998
0.8616
0.88066
0.8475
0.88135
0.90506
0.9037
0.90759
0.89841
0.87872
0.87104
0.93418
0.9337
0.92835
0.92734
0.91816
0.91022
0.8826
0.88496
0.88618
0.88275
0.8824
0.86198
0.84292
0.85704
0.81253
0.85359
0.86567
0.87615
0.87136
0.87691
0.85677
0.85623
0.84038
0.8383
0.85562
0.85139
0.86414
0.86321
0.85929
0.86698
0.86924
0.86204
0.87402
0.8554
0.85793
0.85753
0.84733
0.8554
0.88539
0.87643
0.88566
0.83787
0.81985
0.78192
0.69068
0.76159
0.84159
0.85987
0.85584
0.82776
0.82164
0.82403
0.82568
0.84066
0.85985
0.84119
0.85169
0.80597
0.80191
0.79303
0.8078
0.81631
0.79591
0.7568
0.84419
0.7815
0.76707
0.76872
0.78423
0.82119
0.84758
0.81956
0.82685
0.81065
0.79001
0.77446
0.81316
0.7937
0.82192
0.81443
0.80855
0.81788
0.78981
0.77453
0.73911
0.79104
0.81366
0.80789
0.81404
0.82822
0.81818
0.84214
0.79893
0.80105
0.82279
0.8356
0.83893
0.83517
0.83426
0.8459
0.8408
0.85032
0.8355
0.81785
0.82337
0.83969
0.84456
0.85221
0.85909
0.84288
0.87835
0.68411
0.71935
0.77882
0.8365
0.83472
0.83656
0.80615
0.8403
0.83085
0.88659
0.88496
0.88852
0.88025
0.89312
0.89723
0.88576
0.88322
0.87976
0.86277
0.85346
0.87762
0.88805
0.89692
0.89697
0.8857
0.87436
0.84754
0.8686
0.85976
0.86187
0.87523
0.88038
0.89365
0.90455
0.92387
0.92836
0.92573
0.92512
0.92855
0.89918
0.85263
0.9312
0.91939
0.88198
0.87523
0.8801
0.88719
0.88515
0.86133
0.87935
0.89648
0.8952
0.89838
0.88913
0.88434
0.89442
0.94221
0.92158
0.89547
0.90094
0.90806
0.92439
0.92361
0.93113
0.92645
0.90541
0.87848
0.88199
0.87606
0.87236
0.8644
0.86991
0.86975
0.85682
0.84281
0.82312
0.81545
0.84657
0.86642
0.88888
0.88914
0.88318
0.85558
0.87565
0.87277
0.87558
0.88146
0.8558
0.86476
0.85078
0.84966
0.82832
0.80782
0.81199
0.82808
0.85837
0.86211
0.85251
0.86017
0.85356
0.84437
0.82637
0.82897
0.84464
0.85586
0.83377
0.80541
0.72984
0.76375
0.77633
0.79698
0.82589
0.83517
0.82802
0.7939
0.73787
0.55651
0.38676
0.22959
0.14839
0.19004
0.37164
0.56005
0.8623
0.89159
0.87412
0.86637
0.89092
0.88662
0.91507
0.99916
0.96986
0.9458
0.92066
0.89589
0.89078
0.88245
0.88032
0.87165
0.86598
0.87258
0.87467
0.8657
0.87801
0.8654
0.85778
0.8158
0.80316
0.8006
0.81019
0.80583
0.82115
0.81566
0.56497
0.56182
0.57353
0.82502
0.80401
0.81215
0.85415
0.84892
0.82034
0.79733
0.81688
0.82937
0.81778
0.82391
0.85084
0.82666
0.81506
0.83054
0.84007
0.79078
0.68518
0.61749
0.66531
0.52543
0.64079
0.68164
0.77721
0.79143
0.81011
0.78459
0.75044
0.70052
0.65636
0.64195
0.58919
0.52196
0.49726
0.57315
0.63698
0.73348
0.74695
0.82946
0.69959
0.66731
0.69762
0.73378
0.74321
0.70123
0.70656
0.70247
0.84669
0.84376
0.84108
0.84465
0.84842
0.85211
0.85356
0.8419
0.83733
0.8372
0.8342
0.8332
0.83255
0.83182
0.83699
0.84322
0.82623
0.8264
0.82079
0.84651
0.87769
0.86752
0.86274
0.87668
0.87321
0.8668
0.87626
0.865
0.84241
0.83637
0.83926
0.84463
0.84208
0.84886
0.82809
0.79875
0.80791
0.79689
0.79233
0.78432
0.79378
0.81637
0.83514
0.82618
0.8195
0.82441
0.80719
0.85089
0.82612
0.75366
0.80209
0.82809
0.84193
0.84293
0.83429
0.82077
0.78913
0.78906
0.78969
0.76533
0.78867
0.79298
0.79484
0.78396
0.77023
0.75469
0.74636
0.74443
0.75884
0.76346
0.74863
0.73181
0.72643
0.73049
0.73801
0.56537
0.4939
0.7569
0.79664
0.81274
0.82797
0.83873
0.8323
0.82408
0.81935
0.82517
0.81415
0.8003
0.78112
0.79744
0.81629
0.8116
0.81026
0.79971
0.78488
0.78106
0.77848
0.77374
0.76141
0.75972
0.75808
0.6748
0.58557
0.51545
0.39875
0.30781
0.30866
0.32726
0.33615
0.3116
0.4703
0.77682
0.81864
0.82697
0.82515
0.81829
0.81483
0.80582
0.78846
0.74381
0.72032
0.73426
0.73096
0.72562
0.7295
0.73149
0.65884
0.56378
0.4303
0.26998
0.44754
0.74956
0.7915
0.79925
0.84058
0.85935
0.85237
0.82526
0.81727
0.79456
0.80957
0.80494
0.79792
0.79879
0.79489
0.78143
0.74923
0.74292
0.7375
0.72823
0.70282
0.74027
0.70476
0.71562
0.6918
0.50889
0.34102
0.32512
0.70658
0.76395
0.80113
0.84108
0.85798
0.8613
0.86584
0.86417
0.85734
0.85289
0.84368
0.82744
0.79725
0.77191
0.79113
0.77171
0.74507
0.72938
0.72146
0.73233
0.73038
0.7113
0.70762
0.64811
0.5914
0.48126
0.4309
0.25019
0.47356
0.71253
0.76465
0.80635
0.83066
0.84486
0.85313
0.86025
0.85484
0.82817
0.8084
0.78999
0.52163
0.53648
0.63055
0.84685
0.81466
0.83392
0.83749
0.8484
0.85039
0.86902
0.86513
0.86315
0.84928
0.85641
0.86773
0.86133
0.84956
0.825
0.81513
0.77499
0.74015
0.72519
0.70615
0.71626
0.80255
0.79867
0.77626
0.77225
0.82049
0.8081
0.79081
0.79311
0.78725
0.78573
0.77215
0.75508
0.74298
0.73596
0.73232
0.73006
0.71546
0.70506
0.69229
0.67691
0.68548
0.669
0.55242
0.51355
0.69817
0.76085
0.79291
0.8135
0.79736
0.80221
0.75945
0.75421
0.74389
0.73224
0.72667
0.7204
0.70931
0.74161
0.76267
0.75235
0.73024
0.77693
0.79589
0.80072
0.77446
0.74186
0.72667
0.70997
0.65084
0.57853
0.4957
0.44358
0.38981
0.3517
0.33793
0.35771
0.40114
0.76045
0.93232
0.7261
0.76696
0.81174
0.8366
0.84637
0.84876
0.86007
0.86607
0.87199
0.90653
0.9371
0.92799
0.89454
0.79783
0.7727
0.82764
0.77803
0.72489
0.68595
0.6868
0.8847
0.89723
0.87309
0.84045
0.85252
0.87039
0.85045
0.83164
0.81519
0.81259
0.80827
0.81911
0.81978
0.82778
0.8292
0.86141
0.86541
0.86933
0.8833
0.88955
0.89832
0.88601
0.84015
0.82193
0.79417
0.76362
0.76212
0.69424
0.52922
0.2063
0.77744
0.82838
0.87502
0.77525
0.79956
0.79459
0.81135
0.83739
0.8321
0.84296
0.85104
0.86038
0.8629
0.8689
0.8869
0.90981
0.90311
0.92182
0.90879
0.8843
0.79561
0.71181
0.66751
0.74509
0.89284
0.86125
0.84528
0.84796
0.79333
0.67721
0.68369
0.82612
0.78989
0.68901
0.76761
0.84201
0.84563
0.80964
0.78521
0.77213
0.76189
0.76755
0.75995
0.74517
0.73084
0.73736
0.72577
0.71568
0.63478
0.35154
0.32651
0.30224
0.3318
0.78611
0.82188
0.84149
0.86206
0.89794
0.90637
0.9084
0.90568
0.91099
0.90517
0.89475
0.88884
0.89166
0.89054
0.88111
0.86511
0.87939
0.88875
0.89632
0.88324
0.86955
0.83519
0.82134
0.80178
0.80087
0.80895
0.8024
0.79119
0.76416
0.76988
0.76239
0.75476
0.75818
0.77294
0.75997
0.74722
0.73742
0.75374
0.79133
0.77585
0.76749
0.75608
0.69917
0.61895
0.71137
0.68503
0.69438
0.69913
0.70391
0.69389
0.68965
0.68915
0.69468
0.70001
0.70183
0.71223
0.71329
0.71029
0.722
0.6369
0.6697
0.67352
0.71051
0.72484
0.73079
0.73349
0.74041
0.72858
0.73138
0.75708
0.78655
0.7988
0.78054
0.79596
0.76922
0.75479
0.73649
0.7495
0.76164
0.81325
0.81807
0.80982
0.80655
0.8247
0.83555
0.84198
0.84114
0.80252
0.81737
0.835
0.85306
0.84318
0.82398
0.78274
0.75395
0.73281
0.77838
0.76148
0.72138
0.70874
0.72373
0.72862
0.72953
0.73171
0.74251
0.74865
0.71602
0.71773
0.71774
0.72004
0.73032
0.73802
0.74624
0.74761
0.73975
0.75139
0.78299
0.7776
0.77833
0.80423
0.76096
0.72331
0.69894
0.69876
0.6973
0.711
0.71851
0.73828
0.77793
0.77885
0.79117
0.78484
0.76839
0.66961
0.66081
0.6417
0.62915
0.65876
0.63111
0.64477
0.76349
0.75831
0.76052
0.74603
0.716
0.70132
0.68905
0.61549
0.48507
0.51231
0.68317
0.81562
0.78877
0.75404
0.75783
0.76701
0.76483
0.76819
0.77511
0.78366
0.76747
0.76839
0.76113
0.7551
0.75035
0.74821
0.79605
0.80379
0.79714
0.77379
0.7907
0.78973
0.79057
0.77512
0.7282
0.73092
0.73103
0.7384
0.73488
0.73171
0.7181
0.69866
0.69075
0.59379
0.57159
0.69261
0.68639
0.65805
0.67046
0.683
0.68195
0.67534
0.66888
0.66073
0.66109
0.66334
0.66598
0.67308
0.67129
0.67795
0.67819
0.67764
0.68147
0.69404
0.60008
0.65533
0.66751
0.70546
0.73531
0.72792
0.75375
0.54007
0.56302
0.68663
0.76781
0.77826
0.76644
0.73503
0.73801
0.7575
0.77697
0.7813
0.77822
0.7675
0.76602
0.75919
0.71769
0.72108
0.75357
0.78117
0.67044
0.67016
0.60535
0.50996
0.49848
0.43785
0.41464
0.39418
0.39097
0.47333
0.50587
0.45182
0.514
0.7713
0.80011
0.79617
0.78693
0.76951
0.74403
0.74321
0.74049
0.73358
0.72528
0.78145
0.77273
0.72235
0.71032
0.64277
0.57899
0.56975
0.43247
0.43231
0.44873
0.42268
0.46144
0.48357
0.48755
0.49898
0.50969
0.51445
0.51649
0.49632
0.44912
0.37076
0.29446
0.22313
0.17525
0.15421
0.18984
0.20889
0.3237
0.4443
0.51314
0.49454
0.4732
0.74986
0.72658
0.73231
0.72861
0.72677
0.74192
0.74635
0.77631
0.78665
0.80295
0.7719
0.77701
0.74505
0.78408
0.79167
0.78425
0.77916
0.7671
0.76254
0.74427
0.74878
0.76059
0.76745
0.76593
0.76832
0.7654
0.76335
0.75427
0.74575
0.73335
0.72452
0.71749
0.69003
0.65616
0.62022
0.59436
0.54461
0.71635
0.75984
0.74813
0.76025
0.70654
0.73473
0.75719
0.75286
0.74361
0.7351
0.72856
0.72661
0.72077
0.71426
