0.85453
0.85921
0.85705
0.85165
0.85804
0.82452
0.81698
0.79271
0.78132
0.79103
0.8153
0.79879
0.7766
0.77883
0.79346
0.80886
0.81649
0.82175
0.82453
0.82842
0.82167
0.83582
0.84265
0.85658
0.84159
0.80824
0.83284
0.81774
0.81307
0.8154
0.79966
0.79938
0.80532
0.8033
0.7988
0.78881
0.77708
0.769
0.79911
0.80853
0.78917
0.79393
0.80479
0.81051
0.79578
0.8028
0.79607
0.79749
0.79648
0.79607
0.79195
0.79084
0.77776
0.7613
0.77168
0.75584
0.77023
0.78202
0.7942
0.78964
0.77185
0.74477
0.75126
0.73874
0.73168
0.73481
0.62957
0.67017
0.74046
0.74376
0.76171
0.75859
0.81203
0.7777
0.76572
0.75785
0.75104
0.75316
0.76536
0.75424
0.74323
0.72428
0.72467
0.73025
0.78594
0.7768
0.73291
0.64911
0.7425
0.73093
0.72266
0.72085
0.7557
0.75635
0.7426
0.76819
0.75755
0.63828
0.61131
0.6461
0.65417
0.64285
0.59789
0.65571
0.74182
0.792
0.78514
0.77176
0.76291
0.75967
0.75543
0.71749
0.57285
0.73258
0.76868
0.75312
0.73884
0.72998
0.7099
0.69429
0.72491
0.71326
0.72557
0.73059
0.73727
0.74139
0.7434
0.74626
0.74711
0.742
0.73446
0.68173
0.66565
0.65623
0.59596
0.60961
0.70542
0.78243
0.84837
0.82321
0.76906
0.62758
0.62881
0.5742
0.62578
0.64221
0.64111
0.63983
0.62488
0.61424
0.58383
0.59227
0.71516
0.63863
0.66451
0.71738
0.73649
0.74214
0.74936
0.70182
0.74102
0.5295
0.52917
0.60988
0.76217
0.76232
0.64166
0.50856
0.52601
0.59625
0.64207
0.69064
0.70907
0.68707
0.6964
0.69083
0.67111
0.66343
0.65767
0.65348
0.64221
0.6366
0.63218
0.62093
0.62341
0.62238
0.66751
0.69034
0.67395
0.69467
0.56538
0.49329
0.37692
0.47841
0.54195
0.5679
0.55805
0.57703
0.54379
0.7067
0.73845
0.75194
0.75568
0.72096
0.67966
0.71529
0.5757
0.38308
0.34652
0.34659
0.41242
0.70358
0.72867
0.75307
0.72582
0.72597
0.72174
0.71753
0.71722
0.7014
0.7071
0.69298
0.72443
0.69889
0.69525
0.70255
0.69199
0.68079
0.6734
0.73118
0.6711
0.68602
0.68665
0.69316
0.68449
0.67915
0.68307
0.67727
0.55852
0.42298
0.47627
0.50056
0.56552
0.7215
0.55657
0.58593
0.75205
0.71038
0.6455
0.59233
0.73037
0.79229
0.75176
0.74183
0.74151
0.75015
0.7464
0.8026
0.78497
0.56962
0.52971
0.50917
0.55566
0.67278
0.83194
0.70579
0.73856
0.68641
0.66973
0.80601
0.80472
0.80507
0.73951
0.7516
0.74493
0.76431
0.79109
0.74799
0.65859
0.6165
0.63585
0.70874
0.741
0.67618
0.7035
0.70928
0.70115
0.75384
0.76596
0.71903
0.68533
0.68362
0.75347
0.77937
0.77466
0.77181
0.76659
0.77261
0.78112
0.73606
0.71012
0.70302
0.70859
0.71327
0.71658
0.74782
0.74463
0.6642
0.78099
0.71869
0.67875
0.69648
0.70832
0.70551
0.66469
0.66139
0.66883
0.6655
0.66163
0.66383
0.66216
0.6597
0.69295
0.65051
0.65626
0.68126
0.7182
0.68409
0.64858
0.61256
0.60191
0.60131
0.60239
0.62858
0.61838
0.6125
0.60183
0.5966
0.58972
0.60477
0.59145
0.56682
0.55632
0.67814
0.63719
0.67252
0.47643
0.31768
0.37716
0.64302
0.72512
0.74002
0.78069
0.82168
0.83717
0.83515
0.84397
0.83717
0.8369
0.84383
0.85249
0.83533
0.81929
0.81169
0.80792
0.79665
0.77233
0.76444
0.77353
0.78017
0.80427
0.79771
0.80623
0.81254
0.81332
0.81526
0.81347
0.80846
0.78375
0.58523
0.71488
0.72375
0.73646
0.73104
0.72189
0.71334
0.69705
0.68165
0.6776
0.65966
0.61501
0.59005
0.72789
0.75072
0.75744
0.74913
0.74417
0.70234
0.57203
0.54853
0.57539
0.54639
0.57267
0.60723
0.6771
0.68576
0.6899
0.68883
0.68883
0.68608
0.67583
0.65678
0.66245
0.66124
0.664
0.65338
0.64484
0.64245
0.64728
0.63257
0.58052
0.50792
0.35167
0.4135
0.46811
0.47721
0.6662
0.73337
0.74374
0.75252
0.76737
0.75052
0.75535
0.75535
0.74598
0.73457
0.75409
0.75021
0.72293
0.71284
0.70423
0.70045
0.71424
0.75532
0.73819
0.60638
0.55243
0.59385
0.7205
0.84648
0.66455
0.64872
0.73118
0.72607
0.66399
0.65074
0.60626
0.45233
0.39992
0.4803
0.45899
0.55004
0.57026
0.56429
0.55878
0.6763
0.64023
0.62116
0.67558
0.41633
0.4237
0.70728
0.74159
0.75336
0.74939
0.74393
0.63179
0.61246
0.68907
0.75077
0.7118
0.72535
0.74484
0.74616
0.78886
0.777
0.74591
0.7339
0.75703
0.75506
0.74569
0.74713
0.75228
0.75028
0.72215
0.68277
0.65778
0.63899
0.63831
0.63918
0.70134
0.69216
0.70487
0.67586
0.65854
0.64428
0.65721
0.66207
0.68413
0.71369
0.65244
0.69085
0.73682
0.738
0.73287
0.69835
0.70968
0.70103
0.70753
0.6959
0.69261
0.69067
0.72218
0.72205
0.70372
0.69877
0.67272
0.71768
0.79827
0.66253
0.39349
0.20052
0.25377
0.33167
0.21946
0.09818
0.11031
0.1526
0.20801
0.21792
0.25334
0.24957
0.20116
0.22743
0.3847
0.71085
0.61424
0.73001
0.24992
0.23507
0.29096
0.39173
0.5555
0.73961
0.77566
0.79265
0.81782
0.82749
0.82092
0.79037
0.80344
0.82044
0.79133
0.79072
0.79825
0.81666
0.82294
0.82076
0.81102
0.80413
0.7812
0.79198
0.8028
0.79473
0.75645
0.76187
0.76748
0.76574
0.73672
0.76235
0.78355
0.76794
0.74663
0.75305
0.65277
0.6151
0.61317
0.60208
0.59152
0.71414
0.73571
0.75516
0.73968
0.75117
0.76085
0.76862
0.78812
0.78174
0.77415
0.73467
0.71558
0.71533
0.68941
0.74228
0.72547
0.65091
0.69785
0.78219
0.70096
0.68763
0.77788
0.44366
0.26643
0.26881
0.33946
0.4143
0.7456
0.77001
0.774
0.79625
0.80256
0.7976
0.79868
0.77817
0.78359
0.78909
0.79526
0.81277
0.75668
0.80697
0.79275
0.79773
0.79352
0.81165
0.78864
0.71774
0.71361
0.64106
0.71598
0.68721
0.67469
0.6558
0.64135
0.63717
0.65579
0.6398
0.60504
0.53498
0.52856
0.57784
0.61256
0.62367
0.65064
0.67584
0.6533
0.58241
0.4884
0.71257
0.73763
0.78837
0.78955
0.77439
0.77963
0.79593
0.82112
0.79267
0.77183
0.65414
0.69475
0.73147
0.73205
0.72924
0.72559
0.72422
0.72956
0.74047
0.75979
0.77304
0.7728
0.75286
0.73721
0.72679
0.71641
0.73183
0.75787
0.76571
0.72267
0.66897
0.58585
0.69918
0.67986
0.61683
0.66908
0.64938
0.6775
0.67161
0.65125
0.63664
0.63974
0.7907
0.75947
0.63531
0.7051
0.66711
0.4536
0.711
0.70062
0.69878
0.71406
0.71748
0.70643
0.68672
0.67164
0.69435
0.71256
0.68027
0.58803
0.47692
0.76174
0.76399
0.75724
0.73752
0.73499
0.7453
0.79247
0.67516
0.74017
0.6682
0.75906
0.78882
0.80182
0.78771
0.77914
0.8166
0.81793
0.80559
0.75809
0.80553
0.78954
0.72895
0.70525
0.72204
0.74153
0.71451
0.70183
0.69313
0.68541
0.69417
0.72567
0.74112
0.73041
0.71482
0.69756
0.69534
0.71025
0.73163
0.70791
0.80369
0.81331
0.82186
0.82907
0.84283
0.85704
0.87389
0.88628
0.9063
0.90152
0.90509
0.90525
0.90255
0.89394
0.85424
0.84598
0.83446
0.83549
0.81309
0.81305
0.76377
0.74097
0.80934
0.83571
0.83152
0.83423
0.8029
0.76383
0.78105
0.82245
0.77944
0.80121
0.82784
0.84277
0.83743
0.83525
0.82063
0.81464
0.8127
0.73718
0.77641
0.74679
0.7005
0.69611
0.75802
0.73899
0.73502
0.74484
0.71403
0.78345
0.82009
0.75098
0.75656
0.76292
0.78506
0.79762
0.81572
0.81572
0.81341
0.76115
0.77399
0.7852
0.79982
0.77721
0.70706
0.81163
0.79719
0.79369
0.77971
0.78233
0.78838
0.73297
0.71121
0.76477
0.72447
0.69024
0.68739
0.73804
0.75433
0.74205
0.71244
0.74753
0.73582
0.71155
0.6967
0.6983
0.70094
0.72793
0.75093
0.74353
0.74295
0.70775
0.69191
0.69082
0.47845
0.52614
0.37804
0.70632
0.74732
0.75375
0.79958
0.80834
0.81995
0.75195
0.6945
0.75126
0.61874
0.83649
0.81705
0.82334
0.81504
0.8427
0.55772
0.81302
0.79418
0.75681
0.7597
0.76363
0.75215
0.71635
0.6928
0.74841
0.74148
0.69333
0.71523
0.72435
0.74293
0.72901
0.7409
0.74115
0.73669
0.71116
0.69085
0.67635
0.69123
0.7272
0.68968
0.62338
0.58095
0.7487
0.7707
0.7704
0.77775
0.72781
0.73976
0.76868
0.76969
0.76931
0.75453
0.74482
0.75404
0.75092
0.75189
0.76012
0.7446
0.72232
0.71286
0.71354
0.75883
0.61431
0.54928
0.50747
0.51444
0.59438
0.70928
0.76108
0.7735
0.81311
0.85773
0.82876
0.81987
0.80892
0.80292
0.76745
0.80665
0.78124
0.74654
0.74764
0.78614
0.77931
0.78253
0.7772
0.71148
0.63355
0.66174
0.68901
0.71219
0.70583
0.70134
0.82553
0.72289
0.79535
0.80573
0.81877
0.78746
0.75726
0.72943
0.71419
0.73278
0.74495
0.73222
0.7605
0.78308
0.79315
0.78913
0.74848
0.67287
0.60522
0.59377
0.4898
0.41105
0.40188
0.38262
0.47172
0.3086
0.32726
0.54391
0.90442
0.92161
0.92856
0.94536
0.84361
0.81719
0.82563
0.98608
0.98097
0.96246
0.95517
0.94381
0.92047
0.86793
0.74617
0.68583
0.96547
0.88003
0.80804
0.83066
0.78483
0.76079
0.68504
0.64754
0.69856
0.77015
0.7527
0.77426
0.79819
0.85991
0.83273
0.85024
0.74916
0.80538
0.81546
0.83696
0.84244
0.85223
0.82152
0.828
0.87646
0.91134
0.89846
0.87917
0.87506
0.87488
0.90455
0.88521
0.88255
0.87766
0.87815
0.87239
0.86862
0.85821
0.85013
0.85258
0.87548
0.86812
0.8496
0.84211
0.85933
0.87432
0.79163
0.81274
0.84467
0.85429
0.84669
0.83328
0.8403
0.82688
0.73806
0.81561
0.72065
0.71845
0.78721
0.81589
0.72004
0.63284
0.54388
0.52613
0.48594
0.46468
0.8414
0.85699
0.8789
0.90544
0.89478
0.88339
0.92912
0.93408
0.9276
0.93066
0.94474
0.94448
0.91326
0.79324
0.77837
0.88084
0.9075
0.91691
0.91827
0.90736
0.86045
0.77479
0.80349
0.9212
0.89737
0.88025
0.87447
0.85324
0.81887
0.82747
0.75548
0.8698
0.8916
0.88346
0.8652
0.87253
0.8877
0.85845
0.87728
0.86178
0.87978
0.88995
0.85756
0.8388
0.80395
0.71585
0.85572
0.85824
0.86748
0.89876
0.88557
0.86794
0.85962
0.81889
0.8321
0.85684
0.81474
0.81469
0.77662
0.85542
0.84639
0.82591
0.81336
0.7527
0.72365
0.76575
0.82168
0.86705
0.78399
0.71939
0.69162
0.65715
0.51909
0.24434
0.12469
0.12187
0.1366
0.13483
0.1192
0.12076
0.23842
0.38926
0.45066
0.40736
0.40799
0.50478
0.53394
0.48995
0.41131
0.43972
0.44666
0.47556
0.6066
0.63031
0.65019
0.72082
0.8324
0.80308
0.83993
0.88985
0.71736
0.65667
0.7005
0.83711
0.90237
0.91335
0.91927
0.92211
0.89094
0.91222
0.93569
0.96265
0.94642
0.94122
0.94136
0.92065
0.88067
0.84007
0.7901
0.76623
0.89323
0.91212
0.91161
0.9281
0.98351
0.92557
0.91202
0.94788
0.93114
0.90479
0.89971
0.91818
0.9439
0.96101
0.95893
0.9505
0.91826
0.91178
0.90587
0.92354
0.93376
0.92507
0.82776
0.87396
0.90101
0.90603
0.91744
0.89533
0.80481
0.80794
0.83345
0.87544
0.85
0.84952
0.85693
0.84865
0.84972
0.84409
0.8614
0.86181
0.86673
0.87261
0.86653
0.83996
0.79319
0.85719
0.84547
0.85067
0.84049
0.82064
0.83241
0.85553
0.82334
0.85929
0.8892
0.8982
0.88219
0.87453
0.87791
0.88475
0.79639
0.88988
0.8908
0.88705
0.87958
0.88018
0.89553
0.90907
0.89336
0.88857
0.90935
0.91582
0.91644
0.90281
0.90004
0.88714
0.83679
0.75793
0.71789
0.70014
0.80078
0.74195
0.79225
0.86879
0.8854
0.82605
0.86729
0.88519
0.89146
0.90333
0.88374
0.88655
0.87674
0.88042
0.90349
0.89386
0.88904
0.89387
0.88941
0.85976
0.83717
0.87964
0.86283
0.91905
0.91156
0.9105
0.89637
0.85326
0.80007
0.77974
0.73024
0.66298
0.73953
0.82524
0.8143
0.89527
0.81265
0.87621
0.81001
0.87376
0.88369
0.89
0.90289
0.90531
0.84066
0.89208
0.90827
0.89821
0.92089
0.88679
0.90493
0.91166
0.84029
0.75941
0.9314
0.93244
0.92444
0.91569
0.91379
0.89346
0.87245
0.79474
0.73604
0.80239
0.90589
0.9097
0.90773
0.91822
0.80379
0.79176
0.87143
0.92141
0.92817
0.87026
0.85257
0.81551
0.74451
0.64132
0.62679
0.86621
0.82918
0.91348
0.89336
0.88349
0.844
0.8727
0.89779
0.91256
0.90804
0.90537
0.90376
0.8799
0.88393
0.87032
0.88907
0.87199
0.8672
0.86849
0.8637
0.86114
0.87258
0.88555
0.89317
0.88722
0.8921
0.88314
0.87593
0.88735
0.87424
0.8643
0.91422
0.9193
0.91025
0.88048
0.84039
0.73145
0.65124
0.5802
0.52897
0.58998
0.63104
0.78322
0.79096
0.86547
0.76893
0.65766
0.68329
0.71452
0.71693
0.6985
0.73656
0.8634
0.80212
0.74281
0.7359
0.82577
0.8401
0.90976
0.99951
0.99741
1.0008
0.94897
0.94996
0.94987
0.9396
0.94473
0.9417
0.90012
0.83428
0.81618
0.87941
0.87343
0.85829
0.73182
0.59985
0.62062
0.74272
0.73238
0.7652
0.7867
0.78377
0.74411
0.71092
0.68895
0.70885
0.72543
0.78582
0.80984
0.82365
0.79263
0.70007
0.68591
0.66773
0.60002
0.62342
0.68219
0.77243
0.82395
0.87663
0.88253
0.90421
0.92044
0.89005
0.88116
0.89918
0.89084
0.8061
0.75099
0.67177
0.70051
0.71089
0.73541
0.70346
0.67335
0.56964
0.51293
0.58571
0.57822
0.65947
0.71368
0.76013
0.74707
0.78897
0.81085
0.7923
0.80145
0.87272
0.9308
0.95822
0.94623
0.94336
0.95901
0.9827
0.98521
0.98712
0.97848
0.95926
0.94312
0.93893
0.95617
0.94626
0.92526
0.93514
0.94858
0.9448
0.9183
0.9032
0.87663
0.79667
0.72039
0.76899
0.88895
0.912
0.89772
0.88305
0.85907
0.8289
0.7872
0.82291
0.8611
0.8835
0.88491
0.85444
0.80135
0.83736
0.78734
0.76226
0.82421
0.90967
0.87553
0.98582
0.95396
0.92177
0.88463
0.7908
0.87115
0.91311
0.90438
0.90657
0.89786
0.81143
0.74439
0.75526
0.81443
0.89607
0.87541
0.80564
0.79551
0.83645
0.76123
0.7853
0.88375
0.94167
0.94019
0.88796
0.75216
0.69368
0.7032
0.71057
0.74959
0.77455
0.78684
0.80474
0.79249
0.76809
0.7687
0.76971
0.76608
0.84865
0.86255
0.84604
0.82322
0.77586
0.62654
0.64029
0.69095
0.92368
0.92341
0.95189
0.89232
0.88034
0.85205
0.86146
0.91334
0.92276
0.95978
0.96328
0.95266
0.94721
0.96978
0.9276
0.92681
0.92542
0.91506
0.9059
0.88026
0.79182
0.79416
0.81494
0.87155
0.90904
0.8722
0.90645
0.90601
0.9032
0.93696
0.89415
0.7925
0.87039
0.79372
0.90775
0.93849
0.88487
0.89804
0.89681
0.86732
0.88872
0.89018
0.91773
0.91972
0.93406
0.91306
0.92723
0.88608
0.92504
0.94485
0.96092
0.96125
0.94106
0.94484
0.9084
0.95002
0.94748
0.94118
0.92555
0.85087
0.8072
0.82933
0.81913
0.90033
0.91531
0.90202
0.89979
0.87949
0.85617
0.92686
0.89523
0.90848
0.93127
0.93099
0.94112
0.96198
0.93594
0.9338
0.93367
0.95126
0.93265
0.94482
0.93771
0.94637
0.90218
0.91537
0.94995
0.96591
0.95703
0.95311
0.95404
0.97472
0.95268
0.95915
0.98319
0.96969
0.91959
0.96188
0.88824
0.84701
0.87651
0.90355
0.87416
0.8071
0.8061
0.90781
1.0008
0.91797
0.85022
0.8701
0.86135
0.91654
0.92585
0.93022
0.94341
0.94584
0.95589
0.95909
0.97978
0.97291
0.98064
0.96189
0.95494
0.92287
0.89721
0.9155
0.88548
0.84216
0.75224
0.85007
0.86228
0.81544
0.74837
0.70748
0.71725
0.74944
0.75196
0.76296
0.71211
0.69496
0.69605
0.79259
0.87565
0.90458
0.88661
0.90315
0.87323
0.8364
0.78391
0.95204
0.9883
0.97958
0.9651
0.9214
0.92284
0.91236
0.86735
0.88115
0.8275
0.94534
0.917
0.9434
0.93002
0.91788
0.8969
0.89512
0.8792
0.91316
0.93042
0.91397
0.85661
0.5839
0.93533
0.98588
0.92997
0.92272
0.9404
0.9254
0.92117
0.91437
0.96088
0.8928
0.83813
0.98131
0.99673
1.0004
0.96049
0.94876
0.95945
0.95149
0.94791
0.82076
0.74134
0.69512
0.69097
0.96154
0.99147
0.9913
0.98772
0.98435
0.97152
0.94928
0.93595
0.88656
0.83318
0.8518
0.8939
0.9161
0.91621
0.90279
0.89121
0.88377
0.86213
0.84348
0.82642
0.8122
0.60531
0.58792
0.87786
0.91957
0.84135
0.91687
0.99329
0.98176
0.98115
0.96614
0.93911
0.92297
0.83074
0.88201
0.85107
0.92479
0.92779
0.91498
0.90715
0.87992
0.86484
0.8685
0.89392
0.90253
0.90932
0.91616
0.91433
0.90817
0.87954
0.86594
0.87624
0.90796
0.91502
0.91684
0.91565
0.90636
0.91676
0.82613
0.84643
0.93185
0.93073
0.93522
0.91078
0.90534
0.86758
0.80687
0.75001
0.73999
0.78192
0.89742
0.99711
0.99737
0.9978
0.86962
0.82385
0.84277
0.84713
0.82504
0.81235
0.78772
0.77961
0.82784
0.86023
0.87855
0.87603
0.85321
0.82912
0.82172
0.82906
0.85504
0.87415
0.89787
0.88342
0.87289
0.86746
0.87623
0.9013
0.73331
0.80527
0.85498
0.86954
0.87021
0.86104
0.89104
0.88085
0.83192
0.90794
0.8704
0.85108
0.87312
0.87639
0.90298
0.88746
0.89539
0.89131
0.87912
0.88059
0.87527
0.87875
0.89806
0.87896
0.77907
0.79104
0.85188
0.87529
0.86536
0.8467
0.86004
0.9033
0.90468
0.90809
0.90683
0.88988
0.88362
0.8749
0.88411
0.87151
0.87719
0.89335
0.88523
0.87732
0.86286
0.86111
0.85859
0.85256
0.84058
0.86904
0.87531
0.89306
0.88805
0.86129
0.85328
0.85744
0.85957
0.84001
0.81138
0.78922
0.79298
0.80875
0.82593
0.83243
0.80785
0.79061
0.77178
0.82793
0.84406
0.86785
0.89038
0.90256
0.9109
0.90745
0.89274
0.87677
0.90046
0.83656
0.83426
0.8147
0.81969
0.80388
0.81804
0.86293
0.87039
0.87371
0.89934
0.9266
0.92131
0.89994
0.8802
0.90277
0.89908
0.88512
0.90309
0.89387
0.86646
0.86786
0.8689
0.91478
0.89893
0.90909
0.91479
0.91085
0.90687
0.91787
0.91172
0.90023
0.90775
0.89906
0.90133
0.87472
0.88451
0.9022
0.89062
0.89308
0.86973
0.78034
0.89127
0.91845
0.91895
0.88751
0.8906
0.89577
0.8975
0.87186
0.90946
0.89666
0.8711
0.88367
0.86674
0.85975
0.86382
0.869
0.87212
0.88628
0.88224
0.87329
0.86126
0.86944
0.86149
0.87161
0.87602
0.85112
0.88995
0.87679
0.89031
0.88873
0.87911
0.85484
0.85591
0.87952
0.86914
0.8475
0.82811
0.83942
0.84066
0.84182
0.8481
0.84989
0.87477
0.86608
0.86613
0.86055
0.86658
0.8783
0.88886
0.86526
0.86204
0.86911
0.86865
0.8549
0.87423
0.86752
0.86559
0.84712
0.84162
0.84583
0.83455
0.84263
0.84062
0.8366
0.84195
0.82963
0.83395
0.84311
0.84067
0.83468
0.82949
0.82413
0.8265
0.84013
0.8565
0.84235
0.80118
0.78779
0.81161
0.83793
0.86749
0.88863
0.89368
0.90275
0.90592
0.90991
0.8688
0.88643
0.86773
0.85182
0.85092
0.85041
0.8506
0.84564
0.83637
0.83644
0.83941
0.82896
0.841
0.8411
0.84172
0.85306
0.8542
0.84561
0.83985
0.81861
0.8072
0.8062
0.70594
0.52925
0.58575
0.6935
0.73066
0.78457
0.79752
0.81577
0.80649
0.80069
0.66029
0.79755
0.84931
0.87753
0.89879
0.90223
0.90538
0.90509
0.89742
0.89622
0.87525
0.86871
0.84108
0.8641
0.87258
0.73169
0.5911
0.67117
0.55428
0.55641
0.47715
0.39027
0.39086
0.39909
0.44193
0.44286
0.51594
0.59519
0.36377
0.36439
0.58177
0.77633
0.80118
0.80963
0.72781
0.58073
0.24935
0.26355
0.3223
0.35344
0.35324
0.26693
0.3117
0.36129
0.42188
0.6247
0.7565
0.79947
0.79101
0.80129
0.83345
0.86118
0.75128
0.6992
0.71021
0.76052
0.68217
0.89156
0.88458
0.88946
0.89877
0.91505
0.89415
0.90948
0.91405
0.93058
0.92313
0.90183
0.90139
0.89831
0.88805
0.8843
0.88078
0.87852
0.88641
0.89061
0.88552
0.88442
0.87277
0.85668
0.83668
0.83176
0.83043
0.83569
0.83863
0.83276
0.81889
0.80808
0.79511
0.7898
0.79425
0.81278
0.8172
0.8118
0.82394
0.81226
0.80858
0.79607
0.79688
0.74784
0.74351
0.73402
0.73251
0.7209
0.70897
0.70211
0.73342
0.69822
0.55056
0.38778
0.28364
0.25835
0.33331
0.75043
0.76548
0.81209
0.8321
0.82402
0.8075
0.82123
0.8376
0.81919
0.81497
0.83823
0.84886
0.84496
0.82954
0.81565
0.83761
0.87821
0.89157
0.89649
0.89968
0.89623
0.85973
0.8657
0.8739
0.87881
0.86914
0.85703
0.8254
0.83589
0.83399
0.83357
0.64194
0.41194
0.86687
0.90145
0.9102
0.88136
0.86938
0.88995
0.8805
0.88743
0.89602
0.9068
0.90594
0.90165
0.90243
0.89402
0.88227
0.87847
0.87169
0.86922
0.8686
0.85902
0.85151
0.85346
0.84832
0.82208
0.79822
0.77974
0.78395
0.78387
0.7685
0.75317
0.74751
0.75264
0.74782
0.75236
0.74163
0.73998
0.73923
0.69406
0.59056
0.51099
0.4548
0.39299
0.32476
0.23866
0.18472
0.16214
0.14992
0.17651
0.19631
0.15669
0.17446
0.18643
0.23071
0.78948
0.8067
0.83345
0.83507
0.84265
0.84847
0.8324
0.8051
0.8024
0.79243
0.78613
0.78673
0.82046
0.82069
0.81093
0.80261
0.79529
0.79379
0.78695
0.78438
0.79037
0.73162
0.57801
0.56558
0.71544
0.79037
0.7977
0.79398
0.79369
0.67701
0.65093
0.7113
0.80275
0.81517
0.82205
0.81857
0.81122
0.79743
0.81562
0.81184
0.79911
0.79602
0.80105
0.81427
0.81075
0.80616
0.79977
0.79959
0.83975
0.85783
0.8447
0.86221
0.833
0.88278
0.87037
0.86166
0.85433
0.80536
0.80431
0.79457
0.80291
0.8075
0.82575
0.80939
0.81573
0.84258
0.82028
0.82194
0.83956
0.81545
0.81587
0.81979
0.81395
0.82083
0.82724
0.82293
0.83408
0.83155
0.819
0.84756
0.88024
0.89741
0.89735
0.90553
0.8701
0.88152
0.86349
0.83823
0.84279
0.83658
0.8509
0.84314
0.85346
0.86547
0.85947
0.84806
0.82712
0.80991
0.83915
0.84445
0.85764
0.862
0.86139
0.86757
0.87946
0.89307
0.88152
0.87432
0.87457
0.86362
0.86891
0.8437
0.82077
0.80631
0.80916
0.79628
0.83034
0.83712
0.824
0.85245
0.81591
0.74658
0.78666
0.78755
0.80921
0.83387
0.81398
0.81651
0.85269
0.79068
0.8407
0.84738
0.78557
0.71911
0.6199
0.8269
0.84519
0.83864
0.83599
0.82477
0.83734
0.79606
0.78014
0.75401
0.77274
0.7479
0.65654
0.65683
0.63262
0.58193
0.57076
0.59774
0.7938
0.82663
0.84145
0.7622
0.66958
0.64805
0.65483
0.6473
0.75046
0.74012
0.79733
0.82771
0.82128
0.81185
0.80195
0.80769
0.81741
0.8172
0.84416
0.85049
0.86637
0.87005
0.86974
0.87464
0.88574
0.88737
0.87021
0.80846
0.86044
0.84896
0.87211
0.87843
0.88104
0.87797
0.86771
0.88098
0.88413
0.88619
0.86013
0.8775
0.79278
0.79878
0.82538
0.83897
0.86094
0.86922
0.87387
0.87515
0.87938
0.89139
0.90464
0.85527
0.87178
0.87652
0.88035
0.85661
0.85318
0.84162
0.85355
0.8772
0.84593
0.84305
0.84136
0.8358
0.83246
0.7164
0.62859
0.59421
0.67237
0.76653
0.7767
0.84548
0.8327
0.83402
0.83615
0.84469
0.84847
0.85115
0.85731
0.85575
0.86128
0.85182
0.85839
0.85402
0.84943
0.8426
0.8293
0.83663
0.83794
0.82976
0.82468
0.82912
0.8331
0.8254
0.83148
0.84044
0.83313
0.82906
0.83
0.83999
0.83124
0.83458
0.84048
0.84404
0.84034
0.81499
0.82282
0.83155
0.82976
0.81707
0.80474
0.81626
0.82706
0.81706
0.8036
0.75682
0.73328
0.7504
0.69863
0.72361
0.73959
0.73586
0.72952
0.73312
0.74186
0.78536
0.64978
0.72847
0.86754
0.76914
0.74562
0.77233
0.78682
0.77687
0.78186
0.791
0.7978
0.78937
0.77705
0.77425
0.78909
0.78313
0.77613
0.76744
0.75256
0.74545
0.73994
0.53416
0.51379
0.7273
0.75807
0.80344
0.82695
0.8366
0.8435
0.84477
0.85139
0.85158
0.85637
0.85517
0.85448
0.84931
0.83905
0.8033
0.78608
0.7632
0.75848
0.75705
0.75685
0.75052
0.7485
0.74155
0.73336
0.72703
0.72652
0.72203
0.71704
0.71691
0.69651
0.72722
0.72502
0.72427
0.74016
0.77183
0.8059
0.83856
0.85179
0.8577
0.85321
0.85913
0.87865
0.89305
0.90683
0.89841
0.89164
0.90295
0.93438
0.9448
0.94348
0.93999
0.91878
0.91463
0.88186
0.87635
0.88772
0.89284
0.87286
0.86287
0.84723
0.82781
0.82759
0.82545
0.81298
0.80556
0.79308
0.79788
0.68254
0.57638
0.47379
0.63464
0.80298
0.81079
0.82324
0.82327
0.84949
0.80686
0.76433
0.70294
0.77386
0.77073
0.75442
0.73961
0.82579
0.82539
0.80732
0.81255
0.86112
0.89812
0.88741
0.86879
0.85741
0.83036
0.84371
0.83567
0.82187
0.81139
0.80985
0.81418
0.81718
0.82007
0.81051
0.79988
0.79616
0.78492
0.78402
0.79941
0.76874
0.77752
0.78306
0.75273
0.76443
0.79636
0.80881
0.78165
0.7865
0.7755
0.74983
0.77411
0.78546
0.76814
0.78578
0.77998
0.76246
0.75843
0.74466
0.74158
0.74069
0.73528
0.72889
0.70241
0.67484
0.65135
0.57274
0.44827
0.33045
0.26051
0.13965
0.12089
0.11391
0.16571
0.5416
0.82437
0.87219
0.87303
0.68197
0.65481
0.63655
0.64185
0.65479
0.86083
0.85336
0.80566
0.79836
0.79466
0.80171
0.79673
0.79264
0.78449
0.76001
0.74153
0.72309
0.70526
0.69536
0.67221
0.61476
0.40691
0.40755
0.42617
0.72209
0.70175
0.73421
0.7216
0.72606
0.7111
0.78629
0.78989
0.787
0.78279
0.78711
0.79544
0.79307
0.79873
0.79827
0.80567
0.81216
0.83235
0.83599
0.84792
0.85271
0.84831
0.85906
0.76662
0.68197
0.71357
0.78145
0.79291
0.80363
0.79524
0.76196
0.72438
0.69754
0.66963
0.58396
0.75724
0.76207
0.78402
0.84743
0.84358
0.84416
0.85048
0.79473
0.78657
0.78181
0.77288
0.76748
0.75542
0.74466
0.7361
0.724
0.71222
0.70894
0.70498
0.70636
0.71057
0.70699
0.70199
0.70159
0.70169
0.69523
0.65545
0.7096
0.57555
0.76518
0.71743
0.77399
0.77256
0.75024
0.75001
0.76866
0.75349
0.75174
0.73535
0.72933
0.72297
0.75971
0.77705
0.77967
0.75016
0.77297
0.75947
0.77126
0.77726
0.79409
0.79904
0.80081
0.78731
0.7698
0.76573
0.77111
0.77249
0.78108
0.67889
0.71416
0.72935
0.71296
0.71231
0.70633
0.699
0.68546
0.6792
0.65776
0.65142
0.64518
0.6296
0.61359
0.61996
0.65324
0.66827
0.72289
0.69507
0.68947
0.64798
0.64939
0.65256
0.65553
0.6455
0.62392
0.6105
0.54103
0.57262
0.66117
0.6123
0.66334
0.67617
0.68253
0.68336
0.6874
0.68861
0.68855
0.68717
0.6826
0.68127
0.67622
0.69475
0.71666
0.72878
0.7287
0.71791
0.67008
0.59335
0.57934
0.55568
0.61846
0.57606
0.56826
0.56064
0.63827
0.58552
0.60253
0.59031
0.62003
0.63037
0.67301
0.71938
0.78585
0.8071
0.72014
0.7275
0.68856
0.62609
0.66613
0.70052
0.73838
0.74473
0.74553
0.76501
0.78049
0.74376
