0.60847
0.54146
0.47584
0.46623
0.354
0.29486
0.27505
0.26968
0.26065
0.24829
0.2619
0.26685
0.26781
0.32188
0.31609
0.31573
0.30988
0.30247
0.30935
0.31533
0.33258
0.36123
0.35314
0.37673
0.3282
0.32716
0.29359
0.2983
0.28212
0.28261
0.29065
0.28823
0.27074
0.25945
0.24814
0.23184
0.21548
0.19521
0.17337
0.14751
0.1263
0.1204
0.1058
0.10437
0.10423
0.10523
0.10767
0.11518
0.13106
0.13748
0.13927
0.16157
0.16861
0.17556
0.17802
0.17627
0.16819
0.16051
0.14741
0.16132
0.12348
0.094886
0.12179
0.13003
0.13592
0.14429
0.14384
0.1435
0.14126
0.139
0.14515
0.14088
0.14127
0.14398
0.14017
0.14169
0.14948
0.16097
0.17139
0.17077
0.17846
0.1837
0.18996
0.31758
0.66385
0.73579
0.62633
0.54299
0.48404
0.37462
0.33309
0.30045
0.25078
0.21572
0.20543
0.18597
0.18068
0.15813
0.14791
0.15624
0.15734
0.16982
0.17665
0.11957
0.10652
0.088934
0.088751
0.11555
0.20549
0.1978
0.20387
0.22708
0.25921
0.28838
0.31662
0.43038
0.54516
0.48072
0.44544
0.4402
0.48033
0.43741
0.52973
0.6269
0.67633
0.8
0.70752
0.62565
0.63163
0.69304
0.71646
0.72071
0.73027
0.71951
0.71742
0.70393
0.68809
0.3985
0.36158
0.37607
0.38455
0.35888
0.32177
0.3097
0.29727
0.28711
0.28723
0.28784
0.27983
0.28139
0.26837
0.25138
0.23999
0.22366
0.22695
0.23585
0.24053
0.24231
0.23215
0.22184
0.194
0.17015
0.15035
0.20318
0.22245
0.21597
0.22181
0.22788
0.2281
0.23006
0.2228
0.21667
0.20652
0.1843
0.17279
0.095152
0.11065
0.12867
0.14543
0.16201
0.15501
0.15714
0.4283
0.21975
0.26219
0.28567
0.31388
0.31273
0.35942
0.38473
0.44854
0.26313
0.2064
0.18963
0.16799
0.11325
0.11326
0.18932
0.18519
0.18881
0.22057
0.2183
0.24026
0.26864
0.28199
0.2883
0.2763
0.26886
0.26125
0.24558
0.27987
0.28842
0.27251
0.24945
0.22749
0.22361
0.20687
0.25018
0.37954
0.79047
0.70991
0.69323
0.47546
0.35776
0.5117
0.61626
0.67747
0.66768
0.58941
0.58027
0.57619
0.5733
0.61449
0.62387
0.61363
0.51826
0.34399
0.31979
0.28434
0.24627
0.19455
0.1869
0.14179
0.15653
0.25597
0.32221
0.24731
0.25659
0.26346
0.17765
0.16738
0.15883
0.15585
0.099431
0.23338
0.60873
0.58251
0.74981
0.75347
0.68994
0.7101
0.65453
0.7437
0.72722
0.69581
0.42756
0.31523
0.31134
0.30299
0.28817
0.25454
0.24833
0.24232
0.2289
0.21693
0.20668
0.2137
0.19392
0.1266
0.17035
0.16505
0.22873
0.22832
0.20819
0.19799
0.19346
0.14785
0.15634
0.1719
0.16911
0.15986
0.12413
0.11337
0.19703
0.24383
0.23524
0.29592
0.46673
0.6769
0.66073
0.67826
0.68116
0.7087
0.72197
0.74513
0.70744
0.69543
0.73234
0.74478
0.60794
0.39655
0.32771
0.29567
0.27811
0.28411
0.30335
0.31356
0.35715
0.37786
0.33236
0.32287
0.31717
0.35772
0.41607
0.39617
0.36798
0.32911
0.3153
0.31234
0.29758
0.28732
0.28454
0.27027
0.27551
0.35296
0.37608
0.38997
0.41325
0.50769
0.61973
0.62041
0.52397
0.42093
0.33904
0.24983
0.21364
0.20378
0.23841
0.45162
0.44316
0.3526
0.38207
0.34324
0.25044
0.17262
0.12296
0.10501
0.12027
0.46342
0.45608
0.48855
0.46782
0.52092
0.53592
0.62042
0.70314
0.74157
0.72356
0.71092
0.69404
0.63496
0.61261
0.57185
0.57406
0.48502
0.4043
0.38713
0.37477
0.30311
0.28502
0.25796
0.24386
0.23973
0.24198
0.23944
0.2614
0.26543
0.25166
0.23759
0.2173
0.19824
0.13884
0.081524
0.12919
0.17249
0.17081
0.18748
0.20465
0.20767
0.20782
0.18911
0.19267
0.1765
0.18369
0.18763
0.18158
0.18266
0.22684
0.23661
0.22469
0.24407
0.27008
0.26419
0.24567
0.23242
0.23789
0.22722
0.21996
0.2014
0.20091
0.17898
0.15741
0.14365
0.11954
0.10759
0.086515
0.085385
0.10745
0.09996
0.098688
0.10975
0.11739
0.12984
0.14069
0.14405
0.12982
0.11787
0.11051
0.11202
0.096336
0.089678
0.10019
0.10703
0.11409
0.12701
0.13698
0.13934
0.13028
0.11921
0.11008
0.10193
0.10389
0.12216
0.1492
0.23539
0.26789
0.35891
0.38275
0.35947
0.42623
0.3947
0.3641
0.34847
0.28429
0.24188
0.19759
0.12323
0.08443
0.14693
0.19208
0.18966
0.20896
0.26319
0.28353
0.25386
0.22166
0.29608
0.40791
0.27045
0.2292
0.21466
0.20786
0.18455
0.14523
0.2138
0.32769
0.37245
0.30147
0.32712
0.30787
0.31189
0.2947
0.27078
0.24631
0.21986
0.20754
0.15221
0.11027
0.12449
0.21763
0.14934
0.2046
0.24828
0.25228
0.23809
0.21774
0.19678
0.19169
0.17519
0.15159
0.17969
0.21085
0.23434
0.23551
0.26434
0.21332
0.2245
0.21425
0.21467
0.20093
0.20485
0.20687
0.23155
0.23263
0.24959
0.2689
0.27281
0.26427
0.24675
0.23811
0.21552
0.22425
0.22904
0.23471
0.24149
0.24739
0.30625
0.27348
0.24783
0.22957
0.30584
0.34175
0.31062
0.28481
0.2852
0.29711
0.28204
0.28654
0.2869
0.27178
0.25479
0.24715
0.25407
0.25466
0.25188
0.24281
0.26501
0.34597
0.35219
0.34807
0.33527
0.33619
0.33935
0.34349
0.3614
0.42658
0.41091
0.28468
0.26295
0.2491
0.23391
0.21865
0.21024
0.18149
0.16106
0.14523
0.13364
0.12019
0.096408
0.087989
0.12259
0.15523
0.28784
0.43748
0.48068
0.57029
0.78962
0.67766
0.71607
0.73563
0.68111
0.69566
0.75042
0.74963
0.64865
0.54167
0.51375
0.47872
0.39725
0.36856
0.34235
0.3263
0.33096
0.34124
0.34152
0.34166
0.33708
0.32366
0.29428
0.25104
0.21771
0.15774
0.13962
0.1639
0.15632
0.11121
0.12971
0.16096
0.16281
0.14345
0.13721
0.12676
0.11259
0.093842
0.09024
0.1519
0.16306
0.20694
0.21298
0.19294
0.20739
0.28018
0.38856
0.38503
0.37111
0.36093
0.48251
0.57174
0.72783
0.77446
0.64711
0.60662
0.61949
0.68447
0.66454
0.64773
0.64982
0.71893
0.66766
0.5574
0.47998
0.43366
0.30494
0.21254
0.20083
0.21203
0.24702
0.27958
0.28167
0.29149
0.31761
0.3472
0.36283
0.37143
0.3765
0.40027
0.3895
0.40702
0.58713
0.75406
0.71636
0.62429
0.53916
0.47137
0.39093
0.33243
0.32342
0.42713
0.37164
0.20264
0.13523
0.076643
0.068278
0.08277
0.11113
0.13206
0.19343
0.1488
0.25403
0.26337
0.39075
0.54343
0.55903
0.46494
0.36206
0.29262
0.18996
0.15502
0.14073
0.13753
0.20757
0.19361
0.20374
0.18164
0.18202
0.17904
0.39563
0.46858
0.51044
0.69342
0.66264
0.63908
0.67407
0.67008
0.63789
0.58825
0.4617
0.38945
0.22084
0.22471
0.21543
0.18868
0.17191
0.18323
0.22199
0.24826
0.23622
0.22209
0.22366
0.20868
0.21134
0.2218
0.22534
0.21168
0.17251
0.14886
0.13165
0.13638
0.21333
0.27093
0.29189
0.3091
0.31198
0.30749
0.311
0.32428
0.36803
0.51643
0.68783
0.69216
0.74328
0.81391
0.78395
0.74363
0.60554
0.58135
0.60347
0.55151
0.47299
0.43565
0.34618
0.34475
0.30973
0.28417
0.28266
0.28171
0.27479
0.26473
0.24539
0.23357
0.22638
0.23042
0.23366
0.20603
0.1509
0.14318
0.24858
0.28153
0.30054
0.33053
0.35996
0.38602
0.3968
0.41049
0.42982
0.48239
0.48901
0.53011
0.57828
0.6464
0.80208
0.69568
0.61033
0.60251
0.52977
0.47498
0.46429
0.46183
0.43356
0.39804
0.26292
0.21783
0.26994
0.26414
0.26571
0.23972
0.24423
0.21976
0.2094
0.19661
0.19602
0.21218
0.23113
0.28262
0.30324
0.29981
0.30261
0.30582
0.32591
0.37453
0.35877
0.37982
0.46689
0.44146
0.44619
0.44399
0.41353
0.36366
0.29516
0.30237
0.43044
0.56458
0.44673
0.39672
0.33298
0.36963
0.40095
0.30869
0.3235
0.46684
0.38645
0.32735
0.29899
0.31063
0.32437
0.65659
0.61082
0.60267
0.65728
0.61599
0.61556
0.5978
0.50402
0.3774
0.44037
0.45126
0.46639
0.43436
0.5087
0.51546
0.4281
0.39828
0.4012
0.38157
0.35607
0.32956
0.31245
0.28576
0.26956
0.26299
0.26149
0.23668
0.22527
0.22365
0.23895
0.25089
0.28267
0.31314
0.3379
0.31526
0.25687
0.25324
0.27863
0.29057
0.30738
0.31761
0.31659
0.30123
0.29738
0.28637
0.28087
0.27954
0.26718
0.25333
0.24262
0.24898
0.23563
0.22609
0.21283
0.21336
0.24263
0.24615
0.2462
0.22365
0.22032
0.22043
0.25594
0.30091
0.32947
0.3337
0.38676
0.40035
0.4716
0.5089
0.54349
0.69164
0.76522
0.80727
0.82339
0.81565
0.79871
0.79682
0.78263
0.7589
0.73423
0.73966
0.7447
0.75145
0.7631
0.76018
0.76693
0.76443
0.75497
0.76987
0.76187
0.78104
0.78395
0.77272
0.74281
0.69998
0.65885
0.64814
0.63047
0.61341
0.5918
0.61445
0.66051
0.64179
0.59843
0.57905
0.64989
0.76235
0.69394
0.63583
0.65246
0.7411
0.82995
0.85991
0.84862
0.81208
0.77879
0.73835
0.79712
0.6503
0.62631
0.64998
0.6513
0.63752
0.63382
0.63978
0.666
0.65314
0.64613
0.65995
0.69611
0.74417
0.80316
0.73292
0.64746
0.59485
0.54535
0.48945
0.44319
0.37931
0.3446
0.32305
0.35594
0.37608
0.45938
0.40684
0.32523
0.33619
0.31783
0.31644
0.31222
0.34764
0.3054
0.31866
0.3418
0.37381
0.3835
0.35255
0.3234
0.32526
0.3259
0.31259
0.33713
0.32362
0.27174
0.1698
0.17917
0.23448
0.2789
0.32452
0.41614
0.51012
0.48113
0.43396
0.4539
0.47273
0.55295
0.67721
0.68696
0.7091
0.72782
0.6932
0.64095
0.66019
0.68126
0.6887
0.71617
0.69646
0.66247
0.59295
0.53374
0.49365
0.49412
0.46478
0.4212
0.36536
0.30413
0.21433
0.22067
0.28132
0.32351
0.33014
0.3088
0.2474
0.13953
0.16311
0.23009
0.28475
0.24445
0.20302
0.2109
0.24315
0.25223
0.25244
0.27536
0.22308
0.24118
0.22269
0.2069
0.21105
0.20732
0.21938
0.21599
0.25095
0.26157
0.29864
0.30066
0.30374
0.29861
0.27523
0.24854
0.26367
0.27689
0.28277
0.26059
0.25516
0.31984
0.32737
0.32682
0.30688
0.29057
0.29747
0.30702
0.3122
0.28913
0.27291
0.26942
0.32119
0.33824
0.35566
0.39
0.3951
0.40274
0.36213
0.30445
0.30977
0.31741
0.31249
0.33643
0.3609
0.34527
0.33901
0.36572
0.38683
0.37219
0.36861
0.41131
0.55128
0.65909
0.5002
0.36978
0.39994
0.3928
0.35463
0.38388
0.41055
0.36117
0.30731
0.2963
0.28505
0.2874
0.31619
0.38476
0.38974
0.36625
0.31935
0.28003
0.27853
0.2972
0.29628
0.30896
0.3079
0.24643
0.23336
0.28047
0.34094
0.34931
0.33649
0.37246
0.40467
0.44074
0.47389
0.46613
0.46232
0.45562
0.45625
0.48174
0.52144
0.65492
0.80323
0.8247
0.80259
0.78087
0.75708
0.79161
0.80181
0.78377
0.75314
0.7103
0.66995
0.67603
0.62456
0.6011
0.64024
0.68027
0.71428
0.69212
0.66013
0.65341
0.65298
0.61466
0.60016
0.58824
0.61277
0.59122
0.58661
0.59354
0.59827
0.57468
0.57336
0.56716
0.5602
0.54604
0.52862
0.51303
0.51127
0.53102
0.49764
0.3903
0.29179
0.29997
0.29613
0.33151
0.31969
0.44834
0.59418
0.58991
0.62652
0.70508
0.6363
0.64287
0.70621
0.72825
0.73278
0.90319
0.90204
0.87458
0.77923
0.61586
0.62943
0.70527
0.8133
0.87325
0.86751
0.85512
0.61882
0.51472
0.46115
0.44986
0.45614
0.51482
0.54096
0.56481
0.63698
0.66516
0.64483
0.5758
0.53476
0.50369
0.45404
0.43827
0.4335
0.43049
0.48581
0.59241
0.76483
0.90356
0.92771
0.90317
0.73942
0.58466
0.46989
0.47454
0.46763
0.41354
0.35286
0.36161
0.36134
0.36099
0.36375
0.38406
0.42104
0.43742
0.45101
0.43881
0.42621
0.45362
0.43264
0.49662
0.55703
0.58947
0.56489
0.58873
0.54342
0.50092
0.47107
0.51527
0.56299
0.46447
0.34725
0.33047
0.28983
0.28544
0.28715
0.29061
0.2803
0.25875
0.27091
0.29673
0.34763
0.31309
0.29781
0.31843
0.33729
0.34075
0.35887
0.35137
0.34863
0.33778
0.33998
0.33546
0.33154
0.32446
0.31631
0.31379
0.3078
0.30619
0.29363
0.29527
0.32062
0.34513
0.35424
0.34658
0.32247
0.31006
0.30669
0.3132
0.33401
0.34363
0.33746
0.30046
0.29361
0.29478
0.30551
0.3066
0.32189
0.33739
0.34674
0.33624
0.31565
0.31077
0.31282
0.32408
0.34949
0.37941
0.38654
0.38547
0.38094
0.37861
0.37074
0.38467
0.47431
0.56289
0.58536
0.54857
0.50544
0.4633
0.43574
0.41404
0.4119
0.41802
0.41542
0.41097
0.38954
0.36136
0.35563
0.36526
0.40686
0.46904
0.49923
0.51751
0.52715
0.53493
0.53734
0.54292
0.64661
0.70689
0.76115
0.77682
0.76771
0.73813
0.76614
0.7673
0.79199
0.79111
0.79014
0.76193
0.72808
0.69498
0.65073
0.64089
0.68425
0.72643
0.71083
0.69767
0.66256
0.62692
0.64502
0.68205
0.70853
0.71724
0.72216
0.66252
0.59796
0.57093
0.55928
0.54794
0.54925
0.55126
0.51867
0.47118
0.43861
0.41886
0.41019
0.40098
0.42121
0.42561
0.50088
0.49891
0.50107
0.52798
0.56553
0.57875
0.59833
0.59689
0.56793
0.52885
0.49186
0.46378
0.48763
0.4405
0.40232
0.41903
0.41017
0.39519
0.37085
0.38446
0.39856
0.45812
0.49478
0.47319
0.42023
0.39733
0.40005
0.37064
0.39028
0.63241
0.78142
0.86581
0.87208
0.85147
0.68391
0.5317
0.42704
0.37009
0.38106
0.36857
0.32996
0.28543
0.24973
0.24415
0.25898
0.37351
0.53968
0.7715
0.811
0.7932
0.7707
0.76123
0.75619
0.75212
0.72139
0.70153
0.64864
0.60319
0.59689
0.5764
0.56431
0.5658
0.57768
0.57595
0.59855
0.61217
0.65665
0.66821
0.62351
0.58249
0.56545
0.56046
0.54336
0.50734
0.43935
0.40785
0.39936
0.44145
0.56525
0.71811
0.79261
0.76899
0.75923
0.75241
0.72106
0.70209
0.77786
0.78424
0.73309
0.68491
0.56458
0.51684
0.46957
0.47216
0.46403
0.49912
0.56146
0.53796
0.5784
0.69019
0.80285
0.79389
0.80136
0.80586
0.79505
0.77948
0.77465
0.76453
0.77085
0.78997
0.78416
0.82157
0.78974
0.78466
0.73864
0.64323
0.64614
0.64771
0.69818
0.68114
0.66657
0.63623
0.53394
0.51038
0.43564
0.42294
0.43054
0.48793
0.56688
0.54136
0.45884
0.36647
0.34936
0.34903
0.3645
0.38823
0.37005
0.36806
0.35546
0.35627
0.35238
0.37069
0.40489
0.43641
0.44374
0.41362
0.41406
0.3923
0.39297
0.3667
0.35122
0.36696
0.32392
0.31844
0.32065
0.33222
0.34637
0.35514
0.40815
0.46032
0.51392
0.58043
0.56779
0.58858
0.6034
0.62854
0.65808
0.67371
0.65561
0.65261
0.60532
0.57247
0.57658
0.60823
0.73994
0.72203
0.67108
0.6437
0.45568
0.39971
0.39081
0.41205
0.39168
0.39073
0.3979
0.39938
0.38922
0.38144
0.37992
0.37389
0.37051
0.34957
0.31986
0.29888
0.31265
0.30822
0.29123
0.28236
0.25126
0.20767
0.17283
0.13778
0.17009
0.17801
0.17623
0.17998
0.22664
0.26694
0.30725
0.31861
0.31508
0.3084
0.30447
0.31737
0.31317
0.31925
0.32224
0.3093
0.28703
0.24566
0.24027
0.22675
0.20492
0.19358
0.1965
0.21529
0.22435
0.23959
0.28252
0.32432
0.34386
0.36678
0.39482
0.40035
0.37549
0.36454
0.37963
0.40694
0.42183
0.43369
0.44968
0.42492
0.37144
0.33815
0.33221
0.33899
0.36298
0.40567
0.43559
0.45755
0.46002
0.4462
0.41921
0.40428
0.41844
0.43537
0.43888
0.41752
0.39228
0.37329
0.37484
0.38603
0.41008
0.44856
0.46828
0.4598
0.45825
0.54333
0.59134
0.55472
0.54444
0.54188
0.59427
0.77927
0.7096
0.73017
0.67623
0.65333
0.72924
0.71223
0.80148
0.81987
0.82111
0.80213
0.76942
0.74592
0.74521
0.74495
0.71881
0.73
0.70793
0.64348
0.60681
0.60567
0.56474
0.54631
0.53213
0.52332
0.54952
0.5608
0.61903
0.5371
0.50884
0.5093
0.47805
0.46447
0.47971
0.48617
0.56482
0.60569
0.59002
0.5509
0.58148
0.58252
0.58475
0.56918
0.54981
0.53458
0.51607
0.51757
0.59453
0.6455
0.6396
0.61622
0.60133
0.55989
0.5467
0.5376
0.51355
0.48759
0.4699
0.42573
0.43028
0.42132
0.38247
0.34117
0.30009
0.29486
0.30731
0.30983
0.30552
0.31545
0.27016
0.28009
0.27409
0.27759
0.33936
0.34153
0.35863
0.40214
0.44214
0.46721
0.47741
0.46842
0.45235
0.43363
0.45655
0.46687
0.47629
0.49321
0.45545
0.41364
0.43325
0.41307
0.3928
0.43175
0.46512
0.44563
0.34829
0.31206
0.36533
0.38862
0.42652
0.50855
0.56055
0.57061
0.59311
0.664
0.70055
0.6789
0.64766
0.68264
0.75127
0.79494
0.79407
0.78907
0.7515
0.73797
0.73715
0.72886
0.76152
0.77563
0.78525
0.79215
0.76768
0.75347
0.72828
0.71938
0.75899
0.75417
0.70542
0.65666
0.63866
0.63787
0.63791
0.6348
0.65176
0.64565
0.53836
0.50137
0.48779
0.51184
0.51113
0.57283
0.58419
0.46743
0.39554
0.37798
0.39966
0.40215
0.40859
0.48235
0.51765
0.46976
0.43954
0.40005
0.39084
0.44458
0.42973
0.43494
0.40515
0.37077
0.31131
0.28848
0.31964
0.33858
0.36319
0.4509
0.45662
0.42663
0.3642
0.3145
0.32182
0.29918
0.29025
0.30347
0.29389
0.27971
0.29513
0.32938
0.36191
0.4165
0.43971
0.5113
0.54067
0.59534
0.62901
0.66224
0.75081
0.71668
0.72426
0.74229
0.79312
0.87202
0.81686
0.72931
0.63294
0.61174
0.68909
0.72054
0.70225
0.55441
0.46342
0.45447
0.42009
0.41317
0.43328
0.45624
0.4239
0.39454
0.39041
0.38035
0.39412
0.41296
0.41605
0.41458
0.36762
0.33454
0.30561
0.29245
0.31849
0.32322
0.34175
0.3659
0.33996
0.3331
0.32186
0.30623
0.32846
0.33818
0.35413
0.36956
0.35579
0.34468
0.32747
0.31766
0.34323
0.37906
0.4073
0.4179
0.36847
0.32843
0.28618
0.2747
0.29585
0.30532
0.34842
0.37267
0.35708
0.33624
0.31617
0.30011
0.30707
0.31944
0.32693
0.34175
0.30498
0.30504
0.30066
0.27162
0.27569
0.29468
0.29047
0.26542
0.25499
0.26684
0.26307
0.27063
0.2947
0.34116
0.36733
0.38513
0.36807
0.35865
0.33146
0.31645
0.33627
0.39157
0.45373
0.47828
0.46359
0.45145
0.43998
0.44316
0.44133
0.39479
0.42274
0.51956
0.57812
0.3886
0.4583
0.64117
0.68508
0.72737
0.76686
0.73685
0.67071
0.47765
0.39018
0.35099
0.3388
0.33838
0.34355
0.36294
0.34761
0.33949
0.3373
0.34726
0.37067
0.40097
0.4253
0.49433
0.53766
0.51477
0.46213
0.36664
0.32933
0.33908
0.33388
0.29851
0.25472
0.21677
0.19467
0.18848
0.20073
0.24674
0.27268
0.28016
0.28814
0.28673
0.2682
0.26707
0.26377
0.3002
0.35099
0.36049
0.62921
0.42367
0.28445
0.24756
0.2433
0.23361
0.23946
0.23388
0.22077
0.2397
0.27018
0.25666
0.25963
0.28756
0.2873
0.26632
0.27604
0.28515
0.2989
0.30662
0.30992
0.3226
0.33494
0.3412
0.33631
0.32484
0.31484
0.26814
0.25758
0.26797
0.27266
0.23374
0.19804
0.18585
0.18088
0.20895
0.25132
0.28213
0.30366
0.30773
0.30753
0.3028
0.29851
0.29624
0.3038
0.32412
0.34043
0.33896
0.31806
0.296
0.27437
0.26339
0.25675
0.2494
0.23588
0.21411
0.18585
0.19134
0.2045
0.21773
0.25676
0.7713
0.71836
0.72096
0.77642
0.85104
0.82055
0.83536
0.68692
0.58147
0.47988
0.43532
0.39832
0.39203
0.41046
0.49063
0.49642
0.47248
0.54685
0.70507
0.64835
0.6424
0.63437
0.57302
0.42867
0.36552
0.35098
0.35911
0.36465
0.42943
0.44846
0.43096
0.45172
0.45646
0.46586
0.50529
0.51787
0.48078
0.47578
0.47244
0.49388
0.52591
0.58806
0.63294
0.64389
0.64109
0.63806
0.64616
0.63707
0.64913
0.64529
0.64323
0.65779
0.67291
0.66627
0.65072
0.65597
0.69739
0.69071
0.68685
0.69938
0.68111
0.67669
0.65745
0.644
0.53628
0.47106
0.45647
0.43217
0.40827
0.38204
0.3524
0.33922
0.33497
0.32534
0.30245
0.28284
0.27489
0.25742
0.24383
0.23508
0.23342
0.22742
0.21812
0.20507
0.21227
0.21473
0.21821
0.21506
0.22566
0.2193
0.19855
0.1883
0.19437
0.19645
0.19257
0.19502
0.2104
0.20912
0.19987
0.20347
0.20144
0.20152
0.19382
0.1961
0.20032
0.20636
0.19712
0.22379
0.22818
0.23888
0.23562
0.23459
0.25935
0.25645
0.23559
0.2089
0.15411
0.1267
0.18826
0.19591
0.29826
0.45746
0.39978
0.42788
0.34321
0.36495
0.27557
0.43462
0.66867
0.6326
0.37944
0.36613
0.36208
0.35006
0.33257
0.31107
0.2995
0.27825
0.23981
0.21404
0.19566
0.1917
0.24777
0.39443
0.40703
0.36288
0.38415
0.33809
0.28629
0.19567
0.17159
0.15329
0.14124
0.15843
0.1707
0.18206
0.18988
0.25405
0.37572
0.44494
0.63831
0.64581
0.68006
0.66037
0.6265
0.52733
0.34217
0.25598
0.26315
0.25566
0.26934
0.34951
0.33633
0.3299
0.30772
0.2799
0.28075
0.28399
0.288
0.28713
0.30729
0.29518
0.28816
0.29701
0.30426
0.3027
0.30429
0.29084
0.27584
0.25769
0.26601
0.27721
0.28349
0.28359
0.27007
0.26078
0.25716
0.26125
0.27096
0.26769
0.26929
0.26416
0.25942
0.2567
0.26161
0.25434
0.24343
0.2239
0.23207
0.25426
0.22703
0.15436
0.13353
0.15577
0.22386
0.24238
0.2432
0.25979
0.22161
0.19793
0.18831
0.17875
0.1886
0.18664
0.2256
0.32533
0.37465
0.4526
0.74045
0.56772
0.6268
0.65103
0.70586
0.64439
0.56067
0.48059
0.41198
0.26406
0.11502
0.074973
0.1044
0.069671
0.083342
0.14641
0.15063
0.15285
0.14652
0.14556
0.15835
0.17018
0.19208
0.28137
0.26693
0.22319
0.31733
0.30924
0.28271
0.29093
0.2633
0.21472
0.20452
0.19895
0.20283
0.20216
0.20355
0.20451
0.21747
0.22568
0.26654
0.26635
0.2485
0.22013
0.22744
0.23586
0.2417
0.2329
0.23756
0.25785
0.28675
0.27863
0.29236
0.28776
0.28878
0.30478
0.34588
0.32292
0.33456
0.32488
0.3039
0.28077
0.27965
0.27994
0.34653
0.56581
0.79365
0.78795
0.78285
0.77948
0.77072
0.7711
0.77892
0.77476
0.76317
0.61647
0.4898
0.34731
0.27339
0.21714
0.20608
0.24294
0.27648
0.41239
0.54579
0.52002
0.43414
0.34468
0.28794
0.26025
0.24042
0.22001
0.1972
0.18354
0.1785
0.17966
0.18113
0.19725
0.23133
0.27292
0.33154
0.58487
0.46051
0.34922
0.46932
0.58654
0.62876
0.57102
0.44679
0.3399
0.29622
0.25309
0.25006
0.23788
0.21141
0.18752
0.16772
0.14992
0.14386
0.13823
0.13275
0.13566
0.13643
0.13432
0.13338
0.12286
0.11328
0.10825
0.10785
0.10797
0.11076
0.11643
0.12274
0.12725
0.13648
0.15987
0.18373
0.18409
0.17574
0.17019
0.16324
0.17083
0.17693
0.17938
0.17432
0.16268
0.1556
0.14319
0.13927
0.13938
0.14362
0.15329
0.16401
0.18898
0.19649
0.19608
0.18067
0.177
0.16499
0.14854
0.13473
0.10641
0.11901
0.30493
0.28141
0.21348
0.25638
0.3457
0.30277
0.26202
0.15852
0.15565
0.16351
0.2136
0.23158
0.29874
0.33197
0.35185
0.33226
0.49989
0.60936
0.56216
0.61098
0.46261
0.53554
0.53485
0.47336
0.39616
0.35059
0.5904
0.749
0.74363
0.72616
0.76454
0.77711
0.77093
0.75445
0.74266
0.7431
0.71229
0.7079
0.68615
0.64343
0.56637
0.49512
0.41243
0.3395
0.28021
0.2446
0.24971
0.21932
0.21172
0.21054
0.21737
0.2259
0.22598
0.23546
0.24693
0.25195
0.26929
0.26569
0.2496
0.23099
0.20705
0.19309
0.19911
0.18886
0.1825
0.19895
0.2002
0.2009
0.21208
0.30798
0.48513
0.54773
0.67726
0.67519
0.60877
0.51329
0.48818
0.26736
0.24636
0.25741
0.26081
0.29598
0.29408
0.33945
0.37231
0.35546
0.32669
0.28227
0.23124
0.19506
0.13384
0.10527
0.12023
0.18091
0.17749
0.168
0.15524
0.16599
0.16532
0.17032
0.17882
0.17921
0.18914
0.20608
0.18619
0.19611
0.39423
0.51365
0.32834
0.25582
0.20831
0.23773
0.24037
0.21962
0.19697
0.21677
0.22446
0.20889
0.2455
0.31463
0.31208
0.29024
0.29765
0.39137
0.71635
0.73758
0.71454
0.73035
0.74479
0.78183
0.79581
0.76718
0.72285
0.70807
0.61752
0.54442
0.45502
0.40307
0.39841
0.56872
0.61884
0.53377
0.48871
0.50675
0.47405
0.47291
0.47408
0.52025
0.46833
0.37466
0.28002
0.32784
0.42022
0.44434
0.34651
0.32673
0.32117
0.31541
0.28935
0.25655
0.21326
0.12536
0.10307
0.25246
0.27747
0.30344
0.31402
0.32585
0.3227
0.31551
0.34629
0.36811
0.52666
0.33573
0.30709
0.30893
0.29973
0.32143
0.28635
0.27312
0.22957
0.22822
0.23376
0.24106
0.25801
0.28245
0.31753
0.36511
0.47406
0.52525
0.72262
0.68087
0.65828
0.56886
0.57298
0.5488
0.41032
0.37755
0.32929
0.26184
0.29021
0.38015
0.42146
0.62764
0.74344
0.60597
0.51521
0.49957
0.39645
0.27953
0.26032
0.25684
0.2617
0.26888
0.26699
0.2637
0.24579
0.22915
0.26317
0.29544
0.33054
0.31818
0.32062
0.31727
0.30532
0.29324
0.29879
0.32716
0.25088
0.22407
0.20536
0.18186
0.17302
0.17621
0.17747
0.17588
0.17739
0.17902
0.21339
0.28576
0.29826
0.31774
0.52809
0.65049
0.6823
0.71894
0.74786
0.64906
0.37237
0.17259
0.12256
0.14792
0.16177
0.16972
0.19555
0.40033
0.62866
0.64123
0.59772
0.50001
0.39931
0.27993
0.21727
0.20483
0.19921
0.16536
0.1619
0.17873
0.1876
0.19886
0.21259
0.26162
0.31372
0.37985
0.49563
0.62595
0.62979
0.74204
0.71018
0.73326
0.77463
0.67785
0.59839
0.47479
0.39562
0.33933
0.32418
0.31282
0.22367
0.19787
0.18638
0.1891
0.22688
0.24394
0.25409
0.26933
0.25632
0.24549
0.25344
0.25031
0.23704
0.14822
0.08514
0.23017
0.46817
0.5065
0.43122
0.24743
0.22094
0.19072
0.18249
0.18652
0.18613
0.19251
0.15178
0.1327
0.20268
0.32456
0.43804
0.39005
0.29424
0.26749
0.24984
0.24969
0.24519
0.23555
0.23506
0.21552
0.23999
0.22656
0.24696
0.24181
0.23281
0.23175
0.23027
0.26492
0.24985
0.22236
0.17855
0.14361
0.14708
0.43743
0.48845
0.50359
0.55536
0.50373
0.43443
0.64692
0.67397
0.66314
0.60777
0.56898
0.55538
0.65436
0.72502
0.75742
0.77135
0.74301
0.7279
0.74178
0.75845
0.76238
0.66919
0.49912
0.41882
0.37616
0.56628
0.60127
0.68104
0.76108
0.74687
0.71329
0.69478
0.68949
0.66592
0.63814
0.61826
0.61529
0.60069
0.47328
0.4137
0.37078
0.34044
0.31612
0.2938
0.28266
0.26969
0.25188
0.21543
0.16348
0.15189
0.14556
0.13361
0.12873
0.13863
0.19834
0.19004
0.20066
0.22854
0.13986
0.113
0.11501
0.2542
0.34808
0.40361
0.34033
0.36504
0.42809
0.68559
0.51751
0.45845
0.58042
0.27259
0.24522
0.21657
0.19653
0.19654
0.18036
0.16018
0.1789
0.10607
0.096638
0.11497
0.11221
0.17108
0.48774
0.5356
0.52221
0.52444
0.52104
0.50414
0.58173
0.63878
0.71806
0.71549
0.72756
0.74241
0.7523
0.77719
0.76609
0.70854
0.74409
0.65179
0.57757
0.48942
0.36284
0.31535
0.28934
0.23287
0.18927
0.18369
0.14057
0.1815
0.36581
0.43135
0.55915
0.64611
0.71917
0.71156
0.71005
0.69942
