0.20752
0.22336
0.29168
0.39198
0.45332
0.61273
0.70929
0.65536
0.66236
0.6838
0.6897
0.66944
0.61161
0.62891
0.62157
0.6979
0.61243
0.58663
0.55369
0.64102
0.42301
0.42262
0.29596
0.17933
0.13107
0.18585
0.17483
0.15663
0.083259
0.068797
0.14107
0.19388
0.17334
0.22083
0.23195
0.31128
0.29497
0.26174
0.2108
0.19976
0.15883
0.16474
0.14827
0.14875
0.19116
0.24059
0.23092
0.25362
0.23217
0.22868
0.24111
0.25495
0.25299
0.25302
0.24638
0.23909
0.2029
0.21741
0.24163
0.26028
0.3019
0.32489
0.31269
0.24984
0.18729
0.19517
0.15247
0.13873
0.17785
0.18419
0.14529
0.12829
0.17541
0.16946
0.17526
0.24086
0.25363
0.26055
0.35926
0.50823
0.49745
0.48328
0.41926
0.62107
0.36898
0.21987
0.21568
0.19135
0.1485
0.14448
0.20304
0.26716
0.22519
0.18814
0.23077
0.49806
0.47878
0.49253
0.50097
0.3458
0.20124
0.15351
0.14385
0.1292
0.1437
0.15737
0.13686
0.12431
0.11488
0.091568
0.076832
0.074232
0.065363
0.064838
0.06114
0.064627
0.066941
0.085036
0.14129
0.13428
0.13569
0.15399
0.19605
0.18402
0.15393
0.16254
0.19489
0.17492
0.22479
0.27959
0.27807
0.27178
0.26568
0.26501
0.27362
0.27873
0.2662
0.24016
0.21427
0.22537
0.24404
0.25764
0.30181
0.60726
0.67982
0.55045
0.54151
0.44375
0.28929
0.28918
0.28655
0.55178
0.69027
0.67297
0.71498
0.57193
0.53215
0.44786
0.43085
0.43833
0.42488
0.42254
0.49044
0.54977
0.5328
0.52973
0.47596
0.48536
0.44103
0.37497
0.23816
0.18068
0.14864
0.16724
0.1683
0.16502
0.15113
0.13097
0.13974
0.12812
0.11283
0.091656
0.091642
0.094676
0.099105
0.16676
0.16576
0.22261
0.2065
0.16012
0.14054
0.14308
0.16052
0.19975
0.22196
0.26187
0.27548
0.35233
0.46855
0.37987
0.46302
0.46588
0.44591
0.43102
0.31436
0.25474
0.24127
0.26485
0.29081
0.31625
0.32405
0.33543
0.27699
0.24357
0.21953
0.19707
0.2076
0.24519
0.4872
0.64852
0.66408
0.61189
0.58345
0.58342
0.59838
0.46535
0.23038
0.20149
0.18503
0.20663
0.25994
0.23569
0.20981
0.21612
0.23569
0.24809
0.25972
0.2782
0.29564
0.31804
0.32674
0.30451
0.23229
0.19765
0.17492
0.16206
0.14375
0.14321
0.14718
0.15338
0.16677
0.18848
0.1998
0.20541
0.21482
0.25117
0.28471
0.27922
0.22034
0.15605
0.14469
0.13994
0.13169
0.1425
0.1744
0.19304
0.20015
0.2333
0.27368
0.24388
0.20946
0.18699
0.14458
0.12607
0.11859
0.11812
0.11976
0.12078
0.11647
0.12158
0.12764
0.11679
0.11355
0.10743
0.10056
0.091583
0.079461
0.072843
0.069538
0.057724
0.080657
0.15648
0.17478
0.14294
0.13216
0.14397
0.14876
0.1464
0.1514
0.14902
0.17268
0.17553
0.19076
0.19378
0.17194
0.16775
0.17826
0.21832
0.27246
0.30972
0.30456
0.28875
0.28847
0.27661
0.26084
0.24899
0.25022
0.18786
0.19775
0.16054
0.12784
0.13077
0.11445
0.10873
0.1048
0.128
0.19927
0.32423
0.44674
0.5982
0.62407
0.65354
0.6655
0.67357
0.6649
0.61588
0.56931
0.60887
0.62626
0.60158
0.57865
0.5955
0.63637
0.62765
0.56842
0.61019
0.55909
0.34598
0.2292
0.16383
0.14203
0.19491
0.41584
0.4226
0.44418
0.59668
0.60722
0.63524
0.62158
0.61134
0.61936
0.64797
0.6732
0.66685
0.64811
0.61459
0.62866
0.69795
0.69807
0.70214
0.69065
0.69403
0.62798
0.50197
0.47638
0.54266
0.65279
0.70227
0.69928
0.68289
0.58524
0.35853
0.60567
0.68341
0.60329
0.53309
0.61372
0.66695
0.69166
0.68587
0.50553
0.37923
0.32318
0.30475
0.2543
0.23271
0.19545
0.1695
0.1708
0.17634
0.24107
0.43795
0.40711
0.29497
0.23463
0.18646
0.13547
0.13849
0.2332
0.21841
0.2553
0.34529
0.49124
0.60242
0.7071
0.6431
0.62982
0.51576
0.33718
0.24135
0.20226
0.19541
0.20958
0.19568
0.19836
0.21596
0.23335
0.20992
0.20922
0.21009
0.22053
0.23721
0.2418
0.24004
0.22916
0.21504
0.21713
0.20331
0.19238
0.1811
0.17329
0.17426
0.15015
0.15123
0.10363
0.098772
0.099123
0.12029
0.23127
0.24945
0.33354
0.35774
0.59461
0.65608
0.61823
0.58904
0.55298
0.5788
0.54911
0.52823
0.18977
0.12675
0.23799
0.26954
0.61016
0.60924
0.57306
0.51242
0.51715
0.5143
0.56508
0.62631
0.63735
0.13475
0.11439
0.075641
0.078158
0.11791
0.26312
0.51354
0.7219
0.64574
0.7079
0.68991
0.56092
0.40925
0.41343
0.46356
0.46531
0.50554
0.46262
0.75371
0.76945
0.72793
0.69172
0.67273
0.6466
0.64733
0.67179
0.70577
0.68106
0.65672
0.58102
0.439
0.42129
0.37
0.22338
0.1569
0.14313
0.13573
0.14734
0.15166
0.14452
0.13476
0.19521
0.34489
0.26994
0.55975
0.59478
0.50493
0.53128
0.74566
0.78168
0.66945
0.45722
0.30712
0.21662
0.17657
0.31032
0.39382
0.69144
0.69063
0.67061
0.6383
0.63728
0.68147
0.66857
0.57074
0.48604
0.53213
0.45735
0.48766
0.41766
0.31745
0.26859
0.21989
0.25358
0.25525
0.24468
0.24663
0.43083
0.54922
0.62209
0.36129
0.41645
0.3456
0.24694
0.24895
0.20954
0.16373
0.14293
0.13943
0.15108
0.18564
0.27664
0.25779
0.21818
0.16702
0.14118
0.14757
0.14933
0.14507
0.14275
0.14382
0.13898
0.16865
0.25698
0.2377
0.21361
0.20733
0.2099
0.19841
0.13485
0.22972
0.24406
0.23604
0.21359
0.20735
0.208
0.19183
0.14011
0.086183
0.083523
0.13334
0.2685
0.25276
0.22804
0.20219
0.18651
0.18808
0.43373
0.2544
0.23331
0.24025
0.33815
0.37332
0.37145
0.36307
0.37491
0.39357
0.42758
0.47237
0.6952
0.74787
0.76493
0.71313
0.70785
0.59135
0.46911
0.30268
0.23781
0.19814
0.18932
0.20073
0.2031
0.19909
0.19494
0.18757
0.19277
0.18854
0.17344
0.16549
0.16429
0.15445
0.14057
0.14743
0.17559
0.173
0.17698
0.22447
0.28001
0.37422
0.44273
0.43898
0.66317
0.74276
0.66361
0.61239
0.59375
0.59719
0.63098
0.67489
0.73262
0.73217
0.71158
0.48245
0.43228
0.31045
0.22026
0.16169
0.18288
0.1534
0.15108
0.20617
0.21133
0.20622
0.20202
0.20431
0.20301
0.20428
0.3572
0.36351
0.23481
0.35441
0.55535
0.55602
0.54868
0.53141
0.55917
0.5907
0.60897
0.55979
0.46591
0.27576
0.25273
0.27083
0.28357
0.27322
0.23502
0.19719
0.17113
0.16207
0.17592
0.1742
0.11088
0.077371
0.10211
0.11759
0.13347
0.12
0.14882
0.18859
0.2195
0.26553
0.24185
0.3147
0.24485
0.21195
0.20858
0.20578
0.18333
0.17628
0.18184
0.20495
0.24054
0.24111
0.25127
0.24762
0.26453
0.28349
0.29339
0.26916
0.24966
0.23233
0.24504
0.23918
0.20933
0.19327
0.18953
0.18448
0.17889
0.18452
0.19903
0.22263
0.20585
0.19961
0.19534
0.18441
0.16359
0.16043
0.16251
0.16613
0.19861
0.21732
0.18088
0.18204
0.16798
0.1617
0.17625
0.19623
0.16582
0.15757
0.16405
0.16619
0.16493
0.17261
0.1861
0.21087
0.2058
0.20143
0.18231
0.15801
0.1448
0.1287
0.14843
0.18139
0.18483
0.19074
0.17793
0.19408
0.18465
0.20531
0.23836
0.26424
0.2511
0.30378
0.32939
0.38828
0.44181
0.43098
0.42074
0.41012
0.39129
0.21132
0.20385
0.16918
0.22723
0.40554
0.42188
0.43491
0.41242
0.38133
0.39855
0.47048
0.56476
0.5822
0.56167
0.50039
0.4351
0.35085
0.27284
0.20942
0.21272
0.21697
0.23095
0.26843
0.34427
0.33446
0.29863
0.24969
0.28825
0.3122
0.28328
0.29396
0.35533
0.31378
0.29339
0.29347
0.31541
0.38804
0.41836
0.3944
0.3964
0.38558
0.39841
0.39773
0.40306
0.41934
0.41215
0.41547
0.40658
0.3552
0.36441
0.31739
0.26678
0.24892
0.23592
0.2458
0.30703
0.35787
0.38971
0.34202
0.38616
0.38513
0.35247
0.31641
0.3446
0.2594
0.19279
0.19628
0.20967
0.24874
0.30209
0.303
0.30386
0.29493
0.29688
0.29885
0.30697
0.30254
0.31976
0.30721
0.27132
0.16781
0.11925
0.11948
0.11585
0.23173
0.26349
0.24663
0.22836
0.23355
0.25216
0.26595
0.36186
0.44835
0.49096
0.51333
0.74005
0.74801
0.77229
0.75972
0.63132
0.53851
0.38924
0.29147
0.23153
0.22161
0.16305
0.13499
0.12733
0.22174
0.20033
0.22048
0.31919
0.39041
0.54222
0.41623
0.25715
0.24361
0.23928
0.21912
0.21988
0.26669
0.22903
0.22551
0.20558
0.22561
0.23124
0.22072
0.213
0.22116
0.2362
0.2576
0.27557
0.30423
0.4277
0.41999
0.44611
0.48097
0.47735
0.41245
0.31443
0.30283
0.26889
0.25194
0.26546
0.22679
0.21407
0.22123
0.22761
0.24625
0.23555
0.25849
0.28754
0.33701
0.40191
0.44086
0.41833
0.37529
0.38824
0.47319
0.51042
0.52194
0.52214
0.52497
0.54933
0.58577
0.60171
0.61091
0.61166
0.60485
0.6221
0.62186
0.61001
0.60499
0.57416
0.5475
0.5398
0.52277
0.49244
0.46701
0.44317
0.43222
0.43918
0.40112
0.40653
0.4166
0.36955
0.32438
0.26377
0.23224
0.22215
0.3509
0.30642
0.30728
0.32462
0.34574
0.3144
0.22739
0.18629
0.19547
0.22308
0.17487
0.15593
0.17094
0.2043
0.24972
0.33434
0.41057
0.42024
0.40672
0.3923
0.37747
0.36125
0.33027
0.34156
0.37029
0.39112
0.38133
0.38617
0.35056
0.30288
0.31742
0.36955
0.39091
0.42091
0.40576
0.39549
0.36882
0.37111
0.41396
0.66899
0.78661
0.76408
0.7268
0.70966
0.67945
0.74672
0.78944
0.78452
0.73953
0.74825
0.73894
0.74654
0.65908
0.65998
0.65951
0.54363
0.54317
0.48854
0.49246
0.40269
0.3378
0.222
0.22209
0.20717
0.19915
0.21862
0.36944
0.4247
0.50611
0.42456
0.44096
0.33738
0.40718
0.39445
0.40302
0.34266
0.26843
0.25721
0.25386
0.26637
0.28247
0.32474
0.29044
0.23134
0.20483
0.21247
0.24664
0.2335
0.22408
0.16748
0.14084
0.14139
0.17565
0.20288
0.20167
0.23935
0.24775
0.2661
0.3695
0.44918
0.40094
0.36483
0.34003
0.3301
0.31087
0.32132
0.35602
0.3397
0.33189
0.31302
0.32329
0.30626
0.29679
0.30846
0.34564
0.34027
0.33144
0.31632
0.28364
0.25759
0.25445
0.25948
0.27733
0.27143
0.26184
0.25402
0.26337
0.24818
0.27112
0.421
0.42462
0.39727
0.38309
0.36465
0.34372
0.35296
0.38721
0.42231
0.46028
0.50207
0.6151
0.69873
0.67264
0.65413
0.58295
0.59119
0.5726
0.4346
0.27876
0.24943
0.25377
0.31608
0.34082
0.51777
0.67836
0.74125
0.75707
0.44087
0.40141
0.39476
0.38594
0.36636
0.45251
0.492
0.56282
0.67522
0.60291
0.55868
0.51615
0.50724
0.46374
0.43232
0.37702
0.36392
0.37609
0.40121
0.4288
0.39817
0.35938
0.34216
0.32827
0.30971
0.31336
0.31715
0.34406
0.37421
0.38021
0.36672
0.35918
0.36315
0.38315
0.36828
0.39495
0.40935
0.39955
0.42874
0.47801
0.55275
0.54455
0.55254
0.56581
0.61504
0.62608
0.59939
0.57377
0.59653
0.65901
0.55119
0.5493
0.54649
0.53599
0.49252
0.48614
0.47999
0.48832
0.45295
0.45818
0.50268
0.47286
0.47481
0.44286
0.41761
0.42136
0.42446
0.42983
0.48211
0.51821
0.54254
0.51473
0.46468
0.48885
0.44992
0.44446
0.50055
0.52661
0.48332
0.37125
0.2969
0.28351
0.29025
0.29569
0.30409
0.35886
0.36123
0.37942
0.33383
0.31961
0.35016
0.39469
0.44706
0.48909
0.52194
0.53299
0.51148
0.45437
0.4032
0.42297
0.46477
0.45576
0.4343
0.42425
0.38289
0.33444
0.32504
0.32048
0.34071
0.42117
0.39614
0.33301
0.28184
0.27323
0.27495
0.31203
0.3432
0.34583
0.34931
0.37001
0.6912
0.71228
0.737
0.75823
0.76612
0.78266
0.69294
0.61224
0.60641
0.61581
0.60457
0.55687
0.51133
0.48785
0.47322
0.4306
0.40512
0.3989
0.41218
0.4155
0.45868
0.49654
0.50059
0.48848
0.47865
0.48331
0.50352
0.58569
0.66892
0.71051
0.75762
0.78457
0.80032
0.76197
0.67296
0.66051
0.65998
0.67486
0.66611
0.56871
0.39361
0.39048
0.35647
0.36847
0.3709
0.41566
0.38482
0.31523
0.3243
0.37054
0.39854
0.42146
0.37972
0.36404
0.36655
0.36878
0.36994
0.32059
0.28617
0.29816
0.3338
0.36755
0.3551
0.31476
0.31047
0.32823
0.34634
0.29973
0.32167
0.37138
0.37014
0.33044
0.37892
0.41219
0.42717
0.4597
0.44838
0.47207
0.49738
0.51341
0.55428
0.6595
0.66752
0.63083
0.59466
0.63664
0.58874
0.54522
0.48213
0.44072
0.45147
0.47881
0.50197
0.53573
0.53437
0.5344
0.51714
0.50888
0.52057
0.58603
0.67637
0.73065
0.77772
0.80824
0.71227
0.59442
0.57257
0.53528
0.49992
0.47849
0.45584
0.42
0.39596
0.38305
0.34679
0.34947
0.35662
0.39309
0.3957
0.33866
0.31988
0.29072
0.28566
0.28155
0.2925
0.35411
0.42246
0.4395
0.37924
0.33491
0.31296
0.31281
0.32161
0.30833
0.31201
0.27168
0.26977
0.26283
0.26699
0.249
0.24969
0.3422
0.32495
0.25669
0.22283
0.21626
0.21555
0.1994
0.22089
0.22196
0.24073
0.23569
0.22307
0.22942
0.31403
0.4023
0.53526
0.57202
0.7659
0.7939
0.78468
0.74639
0.71228
0.72273
0.71255
0.66686
0.6467
0.58184
0.55962
0.51658
0.4712
0.42096
0.42204
0.45486
0.48313
0.50814
0.48336
0.43564
0.43761
0.43029
0.43026
0.43796
0.44844
0.4369
0.38715
0.39798
0.40617
0.42596
0.52444
0.57762
0.56916
0.54569
0.46822
0.37803
0.34806
0.35889
0.43762
0.52697
0.59301
0.56796
0.5605
0.54565
0.5348
0.57
0.57841
0.64487
0.71085
0.75628
0.71787
0.63567
0.62493
0.66893
0.80166
0.82493
0.82681
0.82743
0.81338
0.78408
0.71502
0.69526
0.71174
0.7603
0.75806
0.68388
0.62557
0.57739
0.5473
0.52204
0.51841
0.51754
0.51324
0.51642
0.48665
0.46835
0.49143
0.5057
0.52815
0.5313
0.66699
0.66543
0.59279
0.59677
0.59497
0.6151
0.659
0.66496
0.69316
0.66834
0.61905
0.54114
0.47992
0.41403
0.3754
0.38667
0.37648
0.35397
0.32299
0.28545
0.29404
0.28682
0.27216
0.30203
0.38048
0.39297
0.40745
0.40243
0.38981
0.40463
0.41045
0.42173
0.4324
0.43023
0.39678
0.38616
0.38546
0.43721
0.45929
0.47042
0.49121
0.50325
0.53201
0.73318
0.73189
0.74932
0.73114
0.73333
0.72556
0.73701
0.75624
0.72244
0.68273
0.6423
0.61366
0.62987
0.67915
0.66724
0.57935
0.48764
0.41889
0.38758
0.40233
0.4198
0.44021
0.42921
0.41745
0.39823
0.43995
0.65884
0.77448
0.84365
0.80766
0.80322
0.80833
0.78082
0.71112
0.71364
0.73794
0.75408
0.75524
0.75455
0.71859
0.66535
0.64819
0.61259
0.63445
0.66434
0.63793
0.58189
0.56223
0.65415
0.71295
0.69542
0.67251
0.74574
0.8225
0.8106
0.76669
0.68986
0.65174
0.61052
0.69669
0.72745
0.68524
0.66678
0.62201
0.5628
0.51918
0.49743
0.50917
0.53268
0.5859
0.59051
0.61622
0.62587
0.58443
0.60071
0.58995
0.66931
0.72582
0.79641
0.82416
0.79219
0.77294
0.74381
0.72249
0.71507
0.66707
0.61791
0.52559
0.46442
0.41376
0.43277
0.44389
0.38204
0.38018
0.36897
0.35839
0.33345
0.34662
0.37949
0.42208
0.44008
0.44069
0.38497
0.38532
0.38442
0.39448
0.44273
0.44696
0.43972
0.42741
0.3965
0.35064
0.33599
0.30765
0.28629
0.45609
0.61325
0.66707
0.65969
0.611
0.5989
0.53986
0.51571
0.54493
0.57901
0.59727
0.59784
0.56838
0.52142
0.45224
0.43044
0.42132
0.41739
0.41337
0.35341
0.34621
0.35407
0.32506
0.35149
0.37385
0.39788
0.34973
0.31026
0.29766
0.31007
0.29938
0.27823
0.27814
0.2752
0.26214
0.24569
0.21412
0.22854
0.23931
0.24598
0.26036
0.26767
0.26391
0.26205
0.2507
0.24728
0.24658
0.2551
0.26081
0.31232
0.31834
0.3021
0.29377
0.31432
0.32
0.3575
0.39487
0.44057
0.44427
0.41183
0.39823
0.39183
0.38102
0.37531
0.39397
0.41389
0.41326
0.40216
0.38937
0.37519
0.35998
0.35281
0.36959
0.40149
0.38473
0.33661
0.30281
0.29478
0.29213
0.3001
0.31854
0.40339
0.41113
0.33926
0.2969
0.28425
0.28358
0.3179
0.44485
0.52099
0.5172
0.48553
0.42871
0.37441
0.33581
0.35803
0.39639
0.43801
0.40312
0.3213
0.34568
0.35151
0.362
0.35105
0.39322
0.45025
0.43695
0.4016
0.42993
0.47364
0.52587
0.56889
0.61403
0.71162
0.69216
0.67822
0.56815
0.58774
0.51404
0.49862
0.58055
0.63509
0.59921
0.35536
0.33492
0.35925
0.34077
0.33754
0.3196
0.33084
0.32007
0.30035
0.29006
0.26382
0.25879
0.26583
0.26871
0.26061
0.25929
0.26502
0.26919
0.27155
0.28992
0.30188
0.33459
0.29324
0.22816
0.20809
0.27887
0.30718
0.32269
0.3339
0.35115
0.33705
0.43819
0.60514
0.74881
0.80701
0.76014
0.62012
0.53565
0.49022
0.52564
0.75307
0.82583
0.80258
0.79273
0.78114
0.79145
0.7802
0.76801
0.71251
0.57164
0.51838
0.4983
0.47753
0.47173
0.4096
0.37652
0.35048
0.34699
0.39075
0.42878
0.41343
0.41945
0.3188
0.27323
0.24665
0.23617
0.28008
0.3473
0.36647
0.39053
0.37764
0.33449
0.31496
0.29226
0.32119
0.34416
0.34799
0.30016
0.25372
0.22793
0.21024
0.2173
0.25459
0.26827
0.26613
0.21701
0.21864
0.21932
0.22111
0.23129
0.24872
0.29755
0.30889
0.29948
0.23349
0.23369
0.31063
0.3462
0.3812
0.38574
0.39781
0.42949
0.36193
0.27032
0.24329
0.23106
0.26339
0.38486
0.39566
0.39122
0.39285
0.39321
0.42386
0.40572
0.41853
0.42089
0.42791
0.48596
0.63934
0.46208
0.38875
0.35981
0.36969
0.35621
0.35889
0.36549
0.32814
0.29706
0.26512
0.25955
0.2839
0.31131
0.30414
0.28488
0.251
0.22633
0.20143
0.20753
0.2124
0.25472
0.34169
0.36627
0.47551
0.47755
0.48489
0.49927
0.50026
0.505
0.51688
0.51394
0.47217
0.3781
0.28096
0.23714
0.3242
0.46328
0.49599
0.49479
0.42199
0.42095
0.44766
0.46516
0.46336
0.48564
0.47806
0.49911
0.56867
0.52868
0.41951
0.38643
0.38665
0.39746
0.3862
0.35297
0.30968
0.28551
0.25594
0.24706
0.29301
0.34072
0.3428
0.35852
0.42178
0.63605
0.68802
0.62668
0.47714
0.41511
0.45916
0.63618
0.67148
0.64838
0.54386
0.4551
0.41408
0.40352
0.40388
0.39386
0.37749
0.41124
0.37035
0.33401
0.35266
0.43473
0.3589
0.36581
0.63544
0.70987
0.71429
0.67827
0.46831
0.37387
0.36109
0.34009
0.31945
0.29881
0.28385
0.27498
0.28646
0.32282
0.34602
0.33331
0.32757
0.32255
0.28991
0.27286
0.28065
0.28933
0.29422
0.31247
0.28879
0.26707
0.24818
0.24724
0.27288
0.27619
0.28429
0.32093
0.33182
0.31671
0.30458
0.28629
0.28694
0.28709
0.30291
0.31305
0.28652
0.2781
0.25756
0.24065
0.22855
0.23711
0.25241
0.2207
0.16923
0.14727
0.15847
0.1674
0.18515
0.22095
0.24333
0.19981
0.18044
0.18232
0.19066
0.20852
0.22947
0.24699
0.23788
0.20041
0.18777
0.18024
0.16318
0.15294
0.16933
0.20867
0.21708
0.19546
0.19624
0.2019
0.20996
0.2106
0.2129
0.23845
0.26382
0.25985
0.2465
0.2478
0.28502
0.30183
0.31586
0.31941
0.30773
0.27467
0.26328
0.24888
0.24643
0.2569
0.29191
0.37189
0.44093
0.41231
0.33839
0.29045
0.25734
0.28129
0.26918
0.31951
0.33943
0.3284
0.35254
0.32093
0.30079
0.29313
0.27761
0.27841
0.27423
0.26601
0.26082
0.25279
0.24182
0.24425
0.25954
0.27832
0.29034
0.28622
0.28304
0.27458
0.27669
0.30252
0.36285
0.40538
0.40913
0.39727
0.37668
0.36535
0.3492
0.32546
0.29846
0.2822
0.2775
0.25683
0.25061
0.24462
0.23441
0.22722
0.21611
0.23823
0.29418
0.28105
0.25866
0.25539
0.24109
0.21257
0.19707
0.20729
0.20137
0.17526
0.17165
0.16669
0.14196
0.1609
0.17581
0.19856
0.21311
0.21366
0.22124
0.23539
0.27711
0.28032
0.26703
0.27525
0.27261
0.28296
0.37369
0.52291
0.77999
0.71362
0.68434
0.6468
0.52139
0.354
0.28666
0.27161
0.22682
0.19928
0.18703
0.17492
0.15976
0.1315
0.1182
0.12611
0.17335
0.25194
0.31738
0.35627
0.36425
0.33777
0.28322
0.28423
0.28726
0.27253
0.27191
0.28166
0.31512
0.33105
0.44104
0.53774
0.51152
0.54204
0.60183
0.65805
0.68589
0.70465
0.59109
0.44967
0.33802
0.29166
0.26767
0.25167
0.24529
0.2449
0.22426
0.19672
0.17018
0.1749
0.1702
0.17288
0.18806
0.22908
0.26154
0.27221
0.27912
0.25339
0.23866
0.24868
0.26341
0.28914
0.56272
0.55614
0.53874
0.52386
0.54723
0.58324
0.59906
0.63777
0.59453
0.53975
0.52643
0.54331
0.56844
0.58607
0.62797
0.64422
0.63216
0.61736
0.62528
0.59349
0.53787
0.65153
0.46756
0.39585
0.33244
0.33812
0.39309
0.48457
0.69344
0.60885
0.58564
0.55128
0.54629
0.53906
0.64528
0.69977
0.71464
0.58289
0.78602
0.3692
0.23676
0.2065
0.18484
0.18165
0.16904
0.15018
0.14342
0.14871
0.17721
0.22658
0.27848
0.27632
0.29164
0.27015
0.2361
0.21368
0.18619
0.15576
0.1108
0.089967
0.080076
0.079886
0.071308
0.061313
0.056971
0.064481
0.072087
0.087013
0.095725
0.10892
0.11054
0.10547
0.094151
0.089329
0.098714
0.093791
0.10628
0.1405
0.095517
0.12847
0.17194
0.18393
0.17492
0.15452
0.16447
0.25771
0.5216
0.75622
0.77529
0.74826
0.57536
0.28574
0.23519
0.21707
0.20419
0.1464
0.099308
0.16089
0.19844
0.22274
0.36217
0.38269
0.40932
0.4551
0.45376
0.43628
0.56784
0.53702
0.55151
0.66399
0.6338
0.74469
0.75652
0.70207
0.64963
0.45774
0.45887
0.50787
0.5771
0.76418
0.74944
0.69937
0.71087
0.63374
0.70398
0.67308
0.51732
0.44219
0.38648
0.30958
0.28216
0.25757
0.23521
0.21202
0.20656
0.20035
0.19528
0.19687
0.21129
0.22783
0.21785
0.21723
0.21723
0.22494
0.24972
0.24082
0.20019
0.17705
0.14794
0.13581
0.12233
0.22702
0.53381
0.59633
0.60925
0.63263
0.56922
0.66387
0.52123
0.51458
0.51754
0.54227
0.53504
0.5623
0.68324
0.6099
0.29322
0.22311
0.20051
0.16676
0.15404
0.21267
0.24271
0.24989
0.25611
0.27324
0.23887
0.23283
0.22745
0.21085
0.19263
0.19466
0.19498
0.16391
0.12986
0.12566
0.13254
0.15401
0.17286
0.17463
0.18764
0.18838
0.46093
0.57974
0.46341
0.35474
0.32796
0.48386
0.45855
0.41398
0.48343
0.37002
0.40116
0.41749
0.45994
0.46056
0.47189
0.42623
0.35705
0.3067
0.23834
0.1784
0.14173
0.11483
0.13382
0.23411
0.18762
0.20897
0.2261
0.27674
0.36814
0.335
0.2932
0.28003
0.30473
0.29068
0.29167
0.30742
0.25526
0.23031
0.15464
0.19189
0.43907
0.48508
0.50123
0.40784
0.74128
0.58928
0.62408
0.35239
0.31656
0.3177
0.31469
0.3011
0.28529
0.27111
0.26272
0.2533
0.21056
0.16152
0.22268
0.24651
0.27639
0.26932
0.2578
0.29667
0.29522
0.29078
0.28537
0.28931
0.30734
0.27838
0.27901
0.28537
0.28426
0.27141
0.27101
0.26454
0.25132
0.24357
0.23953
0.25096
0.25627
0.26463
0.2673
0.26127
0.25106
0.25376
0.26043
0.25473
0.25268
0.24936
0.2447
0.23319
0.19262
0.14723
0.21658
0.22925
0.23948
0.24895
0.25134
0.24801
0.25871
0.26567
0.26745
0.26621
0.26732
0.25868
0.24612
0.20165
0.16122
0.15953
0.18313
0.20389
0.28948
0.26906
0.24724
0.24806
0.30363
0.25139
0.26753
0.24212
0.23814
0.26787
0.28778
0.27111
0.25169
0.18331
0.16162
0.16786
0.12928
0.12266
0.12355
0.16001
0.5629
0.7268
0.74906
0.74066
0.72899
0.75249
0.78536
0.76277
0.74224
0.47977
0.32872
0.40715
0.48887
0.49508
0.29592
0.25135
0.54322
0.53017
0.56663
0.41151
0.44293
0.49054
0.5725
0.62543
0.60413
0.45776
0.62974
0.62843
0.50538
0.54337
0.40476
0.35288
0.32186
0.36725
0.56635
0.63623
0.73427
0.69786
0.51374
0.5486
0.4811
0.39351
0.43282
0.51002
0.53531
0.4927
0.50838
0.521
0.54269
0.23729
0.23593
0.21574
0.19318
0.17798
0.14539
0.13104
0.11515
0.1506
0.41144
0.59131
0.58883
0.55828
0.49971
0.72951
0.73324
0.67277
0.62423
0.62959
0.66638
0.67072
0.5342
0.46766
0.43904
0.25473
0.22124
0.16747
0.21076
0.20082
0.20018
0.21433
0.20542
0.22176
0.20972
0.24167
0.21366
0.1932
0.18109
0.17703
0.17937
0.20352
0.20111
0.18562
0.18382
0.22504
0.19454
0.23024
0.20115
0.22808
0.23625
0.25279
0.28234
0.27567
0.27817
0.27745
0.28921
0.31141
0.35746
0.4084
0.63009
0.72296
0.64534
0.59011
0.61464
0.56966
0.39098
0.26506
0.20897
0.16999
0.17562
0.37723
0.66075
0.65151
0.61681
0.59056
0.53716
0.43502
0.37077
0.32642
0.33012
0.34995
0.33424
0.36446
0.36352
0.36987
0.34959
0.32802
0.33141
0.29938
0.21138
0.15746
0.16888
0.18253
0.18056
0.17013
0.16591
0.16491
0.17015
0.17388
0.19846
0.23339
0.29912
0.35383
0.3574
0.37541
0.37041
0.35072
0.34222
0.34285
0.33914
0.33225
0.45562
0.5291
0.46193
0.46651
0.46279
0.43881
0.33262
0.27372
0.24389
0.23082
0.19943
0.16726
0.14672
0.1378
0.12891
0.096627
0.078919
0.08914
0.094735
0.096035
0.10946
0.12692
0.13749
0.18407
0.19199
0.19025
0.1953
0.19728
0.19255
0.20605
0.20417
0.19867
0.20197
0.19825
0.18523
0.18272
0.17757
0.21144
0.2473
0.27903
0.40337
0.58165
0.64721
0.66641
0.67672
0.68772
0.68616
0.69233
0.69881
0.69817
0.70391
0.71504
0.68818
0.69507
0.67687
0.61464
0.60991
0.59698
0.60661
0.63519
0.59312
0.68638
0.63074
0.69059
0.67861
0.47858
0.41364
0.46835
0.26685
0.1843
0.15595
0.12386
0.095406
0.082208
0.10732
0.11684
0.123
0.13611
0.14648
0.14287
0.15283
0.16465
0.16757
0.1794
0.18137
0.20868
0.23627
0.23944
0.2417
0.23892
0.24496
0.24004
0.26131
0.30257
0.33402
0.39658
0.40751
0.40514
0.40904
0.41183
0.39503
0.37822
0.35454
0.3447
0.33493
0.31201
0.28744
0.26406
0.2382
0.21239
0.1798
0.14395
0.14578
0.19813
0.21774
0.14426
0.18803
0.28854
0.38401
0.4281
0.67356
0.69219
0.69774
0.70015
0.70464
0.69524
0.69724
0.69147
0.69108
0.69057
0.68353
0.67796
0.67962
0.68654
0.69213
0.68866
0.66895
0.68714
0.63423
0.57169
0.53094
0.49388
0.46212
0.42792
0.37716
0.35561
0.3439
0.31069
0.26712
0.26416
0.2757
0.28892
0.34067
0.49276
0.40707
0.22799
0.22497
0.29122
0.58368
0.31292
0.28454
0.24378
0.21203
0.24356
0.23932
0.22966
0.21578
0.20669
0.2115
0.24957
0.26177
0.23657
0.22428
0.2764
0.30327
0.2922
0.29369
0.27708
0.25802
0.23432
0.20262
0.19479
0.1701
0.16687
0.16502
0.16449
0.16758
0.17273
0.16624
0.16416
0.16052
0.15263
0.14104
0.12535
0.11294
0.12007
0.10954
0.1233
0.13172
0.27438
0.29354
0.29726
0.26118
0.25782
0.27347
0.25123
0.23649
0.22085
0.20219
0.19948
0.20038
0.19421
0.1965
0.20148
0.19408
0.18742
0.17754
0.17706
0.17364
0.18254
0.17374
0.17499
0.17915
0.16987
0.1606
0.1497
0.14542
0.15244
0.17162
