0.28075
0.27611
0.30134
0.27381
0.29358
0.29465
0.29958
0.29534
0.30222
0.29281
0.28298
0.27183
0.27141
0.25004
0.29079
0.32631
0.2965
0.25146
0.2338
0.20189
0.15907
0.14559
0.14746
0.15244
0.18879
0.21259
0.22169
0.22454
0.23407
0.23974
0.23563
0.19148
0.17105
0.18345
0.24136
0.26338
0.24046
0.22622
0.26297
0.24432
0.23861
0.23179
0.25326
0.24528
0.24874
0.1873
0.1604
0.16981
0.18417
0.19185
0.17795
0.19817
0.2287
0.23591
0.22221
0.22131
0.2552
0.26914
0.25661
0.26427
0.26299
0.28778
0.27511
0.25715
0.26046
0.23627
0.22214
0.21961
0.21277
0.19546
0.18449
0.18913
0.17802
0.16524
0.1658
0.16797
0.19203
0.20627
0.20895
0.21241
0.2141
0.22882
0.22101
0.22283
0.23009
0.26916
0.33722
0.32593
0.27964
0.24874
0.22793
0.20345
0.19676
0.19459
0.21925
0.27693
0.28737
0.29386
0.28486
0.25821
0.22731
0.24129
0.26132
0.24285
0.22734
0.23837
0.23986
0.2444
0.24211
0.2457
0.2473
0.24432
0.23943
0.24159
0.23888
0.23989
0.24358
0.23947
0.23733
0.23671
0.23517
0.24759
0.24654
0.23407
0.23243
0.24034
0.24067
0.24454
0.24512
0.25152
0.27212
0.21152
0.20208
0.21814
0.27914
0.20516
0.22205
0.21312
0.18573
0.16603
0.16616
0.16197
0.21658
0.22035
0.23982
0.25526
0.24347
0.26709
0.27499
0.28297
0.2714
0.27937
0.28867
0.28741
0.28602
0.28631
0.27629
0.26671
0.2583
0.24972
0.25069
0.25246
0.2551
0.27017
0.28583
0.29036
0.28555
0.27226
0.25816
0.27566
0.2969
0.23056
0.19493
0.21216
0.26586
0.25752
0.28252
0.28215
0.25541
0.26732
0.24475
0.24729
0.22821
0.21983
0.22485
0.22194
0.21951
0.21768
0.21706
0.21666
0.25894
0.24742
0.22701
0.20311
0.22848
0.21759
0.24012
0.26241
0.28238
0.26805
0.27208
0.26861
0.26076
0.25137
0.24939
0.22353
0.27128
0.24778
0.27127
0.26442
0.2742
0.26559
0.25888
0.31602
0.34702
0.39809
0.41971
0.43411
0.36967
0.37603
0.67054
0.68233
0.73155
0.72418
0.67504
0.68808
0.72595
0.75683
0.68525
0.62933
0.72796
0.72967
0.64334
0.41793
0.34683
0.31908
0.30382
0.29262
0.28915
0.27746
0.28159
0.31582
0.26957
0.23089
0.18834
0.1791
0.34636
0.33991
0.33629
0.24582
0.17324
0.24917
0.32188
0.31867
0.28154
0.33489
0.33854
0.34069
0.36543
0.35792
0.38665
0.38996
0.37824
0.38743
0.38905
0.39457
0.37513
0.37553
0.3702
0.41509
0.44793
0.43388
0.38417
0.33975
0.32356
0.32968
0.32815
0.32963
0.33134
0.32152
0.29851
0.2861
0.27554
0.26078
0.25954
0.23335
0.2253
0.26215
0.42327
0.42614
0.38991
0.29802
0.26077
0.24755
0.2475
0.2468
0.2507
0.22868
0.20297
0.18865
0.20731
0.58024
0.70744
0.71966
0.70786
0.69389
0.69087
0.70258
0.69404
0.68168
0.49852
0.33111
0.29999
0.30107
0.31456
0.335
0.32077
0.34272
0.4944
0.70123
0.66273
0.71104
0.74602
0.60751
0.45478
0.29583
0.17117
0.16812
0.23981
0.34086
0.40487
0.35351
0.55524
0.67094
0.67017
0.67765
0.70053
0.74396
0.75536
0.79081
0.62332
0.43556
0.33936
0.24714
0.31204
0.26908
0.28713
0.63321
0.50591
0.47221
0.46582
0.41777
0.41827
0.49909
0.5074
0.47772
0.42554
0.43888
0.44728
0.4381
0.41942
0.40806
0.38285
0.34327
0.30766
0.27277
0.28915
0.32639
0.35868
0.32025
0.38525
0.42285
0.39796
0.39396
0.41215
0.38515
0.32815
0.28725
0.26107
0.25687
0.36141
0.48279
0.49873
0.4887
0.40972
0.40561
0.37223
0.32571
0.31058
0.27444
0.25743
0.2842
0.24963
0.24601
0.26865
0.29908
0.26667
0.27292
0.35941
0.27447
0.25598
0.24742
0.24434
0.21881
0.25625
0.26717
0.24687
0.22416
0.21837
0.19365
0.5511
0.55926
0.36928
0.28698
0.24211
0.27324
0.23198
0.24796
0.28181
0.39605
0.43947
0.43106
0.34176
0.362
0.4962
0.63244
0.55284
0.59575
0.6433
0.76652
0.78137
0.76324
0.41561
0.36011
0.36915
0.37198
0.31747
0.37161
0.32899
0.36764
0.36736
0.34991
0.36348
0.35539
0.33163
0.33165
0.31272
0.30438
0.29538
0.27608
0.26188
0.25134
0.26206
0.25968
0.23984
0.2305
0.22204
0.22439
0.23944
0.22953
0.19419
0.20344
0.26782
0.2637
0.24961
0.26671
0.2622
0.30811
0.34156
0.34928
0.35408
0.31258
0.73795
0.68206
0.56713
0.52249
0.52098
0.52574
0.50803
0.43813
0.63049
0.82819
0.73478
0.82846
0.56241
0.41469
0.3681
0.35601
0.30108
0.2589
0.22464
0.20852
0.22744
0.20036
0.16461
0.22936
0.54113
0.58507
0.63749
0.66301
0.64909
0.65806
0.66799
0.6891
0.70789
0.77232
0.72609
0.66418
0.62571
0.64364
0.74629
0.72434
0.72405
0.62782
0.51748
0.44755
0.36667
0.33874
0.29588
0.26887
0.2531
0.27899
0.2784
0.28545
0.29524
0.29605
0.28353
0.28298
0.32257
0.38192
0.41053
0.41319
0.40158
0.46132
0.70418
0.69983
0.67638
0.58563
0.5041
0.35747
0.38788
0.40339
0.37413
0.38874
0.2264
0.23234
0.24003
0.23623
0.2397
0.25066
0.38764
0.72603
0.66073
0.56108
0.60437
0.61551
0.64215
0.68345
0.68182
0.68804
0.66233
0.62386
0.61688
0.63501
0.62602
0.60184
0.56851
0.55428
0.49806
0.47478
0.45196
0.43928
0.45923
0.45555
0.39697
0.37942
0.35018
0.38522
0.36555
0.35171
0.34843
0.29968
0.27796
0.24982
0.2674
0.29869
0.2825
0.29204
0.29393
0.29184
0.28509
0.29942
0.3
0.30269
0.32061
0.32296
0.31326
0.33522
0.34848
0.32253
0.31351
0.3129
0.30312
0.38336
0.34213
0.38793
0.3622
0.34746
0.45457
0.40771
0.35581
0.31413
0.34118
0.34289
0.32694
0.33833
0.33088
0.34856
0.32409
0.24456
0.23087
0.21446
0.21412
0.24318
0.27684
0.29744
0.31042
0.3091
0.29765
0.25725
0.24648
0.26354
0.26838
0.25785
0.43556
0.60877
0.68849
0.62408
0.50737
0.42437
0.35268
0.49009
0.65631
0.70346
0.67943
0.69154
0.72505
0.73076
0.73877
0.69654
0.501
0.44201
0.41346
0.37949
0.33769
0.28599
0.27798
0.27111
0.26873
0.26448
0.25328
0.24745
0.22496
0.20945
0.20875
0.2014
0.15503
0.46152
0.45168
0.61279
0.70173
0.77919
0.78176
0.70832
0.68304
0.2849
0.28524
0.27514
0.25588
0.68268
0.66449
0.73149
0.67594
0.65333
0.54629
0.46406
0.45415
0.38314
0.3683
0.39384
0.40973
0.43737
0.39
0.37601
0.39355
0.3707
0.33757
0.25284
0.3276
0.26886
0.22802
0.27904
0.50773
0.57067
0.6261
0.60409
0.5525
0.51964
0.46705
0.38162
0.75725
0.77339
0.7457
0.72931
0.74695
0.76967
0.78525
0.75183
0.75291
0.73432
0.72628
0.75886
0.74943
0.75576
0.76288
0.74738
0.69871
0.64243
0.70214
0.74442
0.5817
0.53525
0.48653
0.45943
0.35066
0.34821
0.38535
0.36349
0.35483
0.34949
0.32203
0.32178
0.31583
0.31045
0.31558
0.33013
0.34007
0.30873
0.28303
0.25199
0.29605
0.30237
0.29159
0.28538
0.30853
0.28976
0.2601
0.2647
0.26281
0.27419
0.27711
0.27213
0.28956
0.31672
0.32723
0.28385
0.2931
0.29982
0.30391
0.30801
0.31653
0.31741
0.31357
0.30705
0.29486
0.27357
0.25144
0.22873
0.21302
0.1883
0.29881
0.30258
0.28513
0.2932
0.31042
0.30361
0.2802
0.23799
0.21898
0.24672
0.29808
0.30123
0.76545
0.68523
0.74811
0.70299
0.56451
0.4444
0.32574
0.29816
0.27279
0.25447
0.26964
0.28588
0.293
0.38748
0.49076
0.55736
0.62543
0.64182
0.67736
0.64933
0.66182
0.64709
0.64229
0.68813
0.65639
0.64189
0.63573
0.64974
0.66545
0.66445
0.64297
0.64999
0.6648
0.71649
0.76879
0.80115
0.76413
0.73615
0.67265
0.73899
0.76852
0.73928
0.69071
0.61227
0.64351
0.67683
0.6786
0.6889
0.73351
0.72732
0.63938
0.48682
0.59614
0.62513
0.59658
0.41456
0.3281
0.31326
0.30747
0.29517
0.2757
0.27774
0.39563
0.34753
0.34052
0.33191
0.30904
0.29434
0.28689
0.281
0.34749
0.48866
0.74451
0.39158
0.2882
0.27106
0.27158
0.29099
0.31029
0.28806
0.27988
0.28683
0.28806
0.27945
0.26334
0.24362
0.48601
0.43926
0.32378
0.33646
0.30671
0.30377
0.30233
0.29634
0.30448
0.31764
0.30861
0.29183
0.27486
0.27259
0.47227
0.54284
0.67125
0.67476
0.64753
0.65728
0.65754
0.66957
0.65309
0.66065
0.68561
0.72874
0.72412
0.70487
0.68947
0.64767
0.64853
0.62048
0.52019
0.43295
0.28807
0.25688
0.26729
0.30518
0.34823
0.3662
0.32409
0.2891
0.26357
0.44345
0.61861
0.59274
0.61875
0.68883
0.73848
0.80835
0.75822
0.50516
0.57252
0.48283
0.63597
0.50135
0.43384
0.36711
0.3271
0.27758
0.30566
0.46632
0.82623
0.60953
0.675
0.51663
0.6749
0.36727
0.28953
0.28589
0.26622
0.27384
0.2812
0.29131
0.28695
0.28229
0.27414
0.27432
0.25904
0.25428
0.28632
0.29692
0.29612
0.29807
0.28692
0.27208
0.24176
0.24453
0.27417
0.2986
0.2898
0.27971
0.27292
0.26268
0.25666
0.22607
0.42001
0.51289
0.3454
0.29116
0.25082
0.24542
0.24581
0.24189
0.23266
0.22576
0.17957
0.15988
0.23115
0.28214
0.39893
0.67663
0.81829
0.86349
0.77393
0.78285
0.78599
0.84537
0.85375
0.72415
0.61341
0.46769
0.40119
0.37435
0.35053
0.3236
0.31924
0.33223
0.33054
0.3033
0.27528
0.26416
0.2857
0.28496
0.5659
0.5903
0.49639
0.41881
0.40847
0.38334
0.31851
0.24539
0.58332
0.75793
0.75098
0.76433
0.77362
0.74753
0.71867
0.63763
0.59769
0.54061
0.45635
0.43183
0.45224
0.42108
0.35837
0.31612
0.31369
0.3254
0.30251
0.29658
0.29378
0.29066
0.24777
0.29352
0.27938
0.27382
0.29778
0.28878
0.31287
0.41928
0.38119
0.35241
0.29738
0.31116
0.30253
0.42863
0.40707
0.38427
0.35257
0.32314
0.33324
0.36615
0.46276
0.4768
0.39467
0.35284
0.40935
0.42434
0.42326
0.48036
0.51448
0.45566
0.5992
0.47789
0.35357
0.30243
0.29438
0.2959
0.29383
0.30754
0.287
0.27893
0.28159
0.26091
0.24552
0.25348
0.27625
0.32018
0.36267
0.3644
0.3592
0.36048
0.32836
0.31484
0.30145
0.31633
0.31773
0.34803
0.33433
0.31636
0.35385
0.39048
0.40807
0.34708
0.35998
0.34564
0.32621
0.30459
0.32264
0.40939
0.49078
0.4777
0.4457
0.4269
0.45221
0.4274
0.40303
0.41453
0.46272
0.45365
0.48443
0.41574
0.37109
0.37727
0.37697
0.39342
0.45511
0.50488
0.43637
0.3816
0.36674
0.36953
0.38058
0.35752
0.33551
0.42848
0.45506
0.40513
0.35204
0.34647
0.39694
0.37203
0.38737
0.44672
0.4166
0.42227
0.4237
0.39742
0.35526
0.3707
0.40074
0.43068
0.43701
0.41828
0.4213
0.42208
0.36837
0.33895
0.30933
0.37903
0.42532
0.4438
0.43736
0.35636
0.35434
0.3376
0.36995
0.43398
0.55278
0.58651
0.57525
0.78739
0.63817
0.66535
0.76852
0.75164
0.67614
0.7283
0.65552
0.48323
0.38883
0.38108
0.42315
0.48547
0.52714
0.64358
0.62095
0.67959
0.75955
0.7878
0.8373
0.75032
0.69347
0.66146
0.50227
0.41709
0.37027
0.36172
0.39607
0.4692
0.45098
0.42242
0.38602
0.32553
0.32441
0.35167
0.35495
0.41605
0.4601
0.43508
0.40025
0.37714
0.32862
0.3365
0.37726
0.41961
0.43241
0.47088
0.43774
0.36244
0.35565
0.32504
0.32878
0.42008
0.45482
0.44083
0.41093
0.37273
0.37908
0.35918
0.36032
0.4341
0.40923
0.36291
0.34054
0.33259
0.33022
0.32013
0.35595
0.48251
0.43211
0.37791
0.33281
0.34432
0.35848
0.36094
0.35868
0.33616
0.3075
0.26881
0.28149
0.28889
0.31555
0.33768
0.36537
0.41705
0.35756
0.35107
0.34905
0.3371
0.32675
0.32075
0.32518
0.34681
0.31415
0.2543
0.24526
0.25215
0.24124
0.22545
0.22099
0.25126
0.32884
0.31607
0.33323
0.34532
0.32429
0.33641
0.31753
0.37342
0.44341
0.43647
0.43093
0.39367
0.35683
0.35834
0.38337
0.42876
0.47026
0.47136
0.44112
0.39178
0.36721
0.388
0.39556
0.37358
0.38953
0.40154
0.42142
0.40832
0.44805
0.4645
0.45998
0.46954
0.46711
0.44686
0.46602
0.4516
0.41361
0.40101
0.3811
0.3975
0.39898
0.39137
0.38493
0.36199
0.36434
0.39547
0.44755
0.49012
0.47872
0.49707
0.51331
0.50205
0.47181
0.4696
0.50088
0.53115
0.51469
0.50175
0.50567
0.48714
0.47231
0.46929
0.50921
0.55631
0.5523
0.59117
0.53939
0.52957
0.43878
0.3886
0.41848
0.44944
0.47883
0.54368
0.6851
0.818
0.81236
0.80484
0.79299
0.88181
0.86293
0.71901
0.69954
0.61903
0.55477
0.53227
0.55193
0.54624
0.51337
0.48789
0.47274
0.44729
0.43377
0.42331
0.42767
0.4328
0.42144
0.44499
0.42776
0.4139
0.40881
0.40575
0.40683
0.41856
0.43806
0.43921
0.43289
0.45921
0.43858
0.43887
0.39919
0.4088
0.43863
0.42796
0.4065
0.36566
0.35029
0.33797
0.35143
0.36663
0.41007
0.4503
0.39806
0.3556
0.30831
0.28364
0.25384
0.2545
0.25954
0.25697
0.25945
0.23466
0.23993
0.24921
0.28732
0.33666
0.36066
0.36154
0.34461
0.33267
0.31076
0.30384
0.3253
0.37863
0.39154
0.39356
0.38663
0.36308
0.34062
0.35203
0.43148
0.49271
0.52072
0.53127
0.52575
0.50092
0.49477
0.53393
0.58931
0.61929
0.75205
0.8477
0.84292
0.82852
0.78222
0.79734
0.80677
0.8601
0.81586
0.94931
0.8737
0.8037
0.80006
0.83036
0.79973
0.84285
0.83637
0.82619
0.78109
0.71997
0.70148
0.71611
0.73301
0.74578
0.85899
0.89962
0.84151
0.74492
0.71495
0.69969
0.71234
0.82657
0.89848
0.93262
0.89259
0.85176
0.81645
0.74001
0.70897
0.72974
0.75819
0.80128
0.75928
0.72644
0.67986
0.69385
0.7551
0.76516
0.77109
0.79185
0.71629
0.6513
0.60524
0.64277
0.72452
0.77177
0.83608
0.85281
0.781
0.76331
0.82659
0.84422
0.80903
0.81079
0.76364
0.72463
0.67871
0.58438
0.51849
0.49541
0.49138
0.50469
0.55833
0.5621
0.51157
0.48625
0.45506
0.45702
0.43855
0.45243
0.49706
0.53437
0.52066
0.51648
0.50979
0.4922
0.48571
0.51636
0.55819
0.5722
0.52251
0.44579
0.4539
0.46713
0.45071
0.44328
0.46199
0.47653
0.49505
0.51248
0.48424
0.46269
0.46899
0.4613
0.50264
0.52617
0.48109
0.48501
0.56997
0.69302
0.7276
0.77236
0.83679
0.75915
0.6567
0.58757
0.54091
0.52647
0.51855
0.5261
0.55993
0.59807
0.60157
0.59513
0.63133
0.63153
0.64929
0.70305
0.84641
0.71996
0.59184
0.66148
0.73466
0.80971
0.84097
0.86739
0.86334
0.90466
0.91145
0.8045
0.66195
0.59597
0.56545
0.60124
0.63933
0.60431
0.51418
0.49027
0.48637
0.47576
0.46797
0.49841
0.55998
0.60364
0.51529
0.46898
0.44383
0.4123
0.40951
0.44583
0.53371
0.48322
0.45764
0.42411
0.40827
0.39445
0.40385
0.4231
0.44104
0.43083
0.39361
0.35716
0.34628
0.34111
0.37376
0.42044
0.44317
0.42993
0.42945
0.39439
0.37385
0.35948
0.36203
0.39515
0.44808
0.46491
0.44063
0.40322
0.40241
0.41929
0.43486
0.47662
0.52776
0.5262
0.5002
0.46735
0.42465
0.41122
0.40596
0.42801
0.4746
0.46715
0.4544
0.37634
0.32016
0.32606
0.34405
0.38002
0.44714
0.52001
0.48224
0.42287
0.3838
0.37085
0.38398
0.41259
0.44704
0.46287
0.42154
0.37888
0.35286
0.33538
0.32934
0.35672
0.42803
0.42222
0.38462
0.32278
0.27288
0.29706
0.32442
0.37839
0.42764
0.38525
0.34042
0.28007
0.22396
0.2521
0.28071
0.36971
0.43344
0.43014
0.42017
0.36843
0.34659
0.37542
0.39696
0.44236
0.46901
0.42583
0.4004
0.36177
0.33969
0.32359
0.34491
0.35538
0.34614
0.38019
0.36646
0.36454
0.33784
0.36238
0.37759
0.42266
0.46144
0.41662
0.40935
0.37772
0.34929
0.34599
0.3606
0.42434
0.45644
0.44267
0.43223
0.3938
0.37009
0.37324
0.40097
0.44281
0.43384
0.464
0.45189
0.41351
0.38344
0.37474
0.38332
0.48488
0.52021
0.51225
0.49598
0.45884
0.42631
0.41634
0.44884
0.49581
0.48202
0.45754
0.44492
0.42266
0.385
0.34158
0.36819
0.41421
0.45243
0.45066
0.46758
0.41057
0.36308
0.36609
0.44726
0.52342
0.5216
0.49611
0.46604
0.40164
0.36399
0.36427
0.40939
0.45417
0.46364
0.47277
0.47303
0.38662
0.39911
0.44568
0.52046
0.52894
0.55976
0.49896
0.50826
0.40812
0.41103
0.36489
0.38911
0.44217
0.42628
0.3941
0.36272
0.36952
0.36431
0.36628
0.41635
0.4793
0.46149
0.4646
0.62843
0.65136
0.53571
0.43487
0.64835
0.80992
0.84456
0.84183
0.86598
0.82733
0.79104
0.4666
0.47509
0.46817
0.57761
0.63328
0.64595
0.58176
0.78651
0.81545
0.81995
0.83593
0.85183
0.90518
0.80845
0.74918
0.68127
0.63634
0.64522
0.6704
0.6854
0.52981
0.48331
0.47183
0.42362
0.41266
0.48999
0.67772
0.58819
0.54424
0.66505
0.88432
0.82271
0.84531
0.91585
0.9554
0.93499
0.87188
0.783
0.856
0.74158
0.60442
0.55318
0.58161
0.50586
0.45881
0.46907
0.52229
0.49468
0.47853
0.49253
0.51286
0.45235
0.41805
0.4173
0.43987
0.41781
0.43571
0.47529
0.50245
0.47068
0.46276
0.47099
0.48975
0.43697
0.42118
0.44981
0.43828
0.37463
0.35063
0.32298
0.30723
0.32303
0.44821
0.58818
0.61318
0.60277
0.56048
0.51387
0.50229
0.48929
0.49661
0.4943
0.4402
0.44417
0.42027
0.39137
0.37331
0.37531
0.38255
0.4141
0.33825
0.28795
0.34901
0.38351
0.41063
0.44462
0.47708
0.50324
0.52153
0.53807
0.60328
0.6188
0.62794
0.63417
0.6868
0.82696
0.97834
0.82958
0.87567
0.70643
0.77059
0.64384
0.45843
0.44357
0.40453
0.39151
0.39394
0.4471
0.42737
0.39881
0.38036
0.37698
0.359
0.37117
0.39814
0.40521
0.42291
0.40073
0.39085
0.37412
0.38734
0.39273
0.38839
0.3777
0.38442
0.39073
0.53496
0.60978
0.77489
0.96232
0.69674
0.61716
0.96735
0.54609
0.45055
0.46118
0.43538
0.38661
0.36944
0.3437
0.33343
0.34632
0.34444
0.32458
0.2725
0.24896
0.2468
0.25136
0.30631
0.38886
0.43401
0.48767
0.44948
0.44222
0.4292
0.43379
0.42512
0.4155
0.42661
0.44002
0.47881
0.45935
0.44837
0.44764
0.45104
0.41854
0.37827
0.43445
0.44622
0.42121
0.38136
0.58
0.81664
0.63738
0.56816
0.47262
0.45145
0.45996
0.44453
0.42238
0.39398
0.40186
0.39832
0.43022
0.48989
0.48585
0.44877
0.44908
0.44928
0.43926
0.43173
0.46558
0.50702
0.48354
0.46507
0.45179
0.43976
0.43281
0.44455
0.40674
0.41742
0.45143
0.42152
0.43815
0.44288
0.42988
0.40382
0.41082
0.42937
0.41919
0.39983
0.40225
0.4324
0.42859
0.39611
0.39578
0.3973
0.42708
0.42694
0.4795
0.49746
0.49413
0.44773
0.42977
0.40154
0.38735
0.38501
0.38161
0.37572
0.37584
0.37509
0.376
0.38529
0.45707
0.47501
0.44305
0.4245
0.40924
0.40344
0.40549
0.42538
0.4086
0.42392
0.43801
0.465
0.44664
0.40857
0.39073
0.36589
0.29345
0.32132
0.3402
0.33851
0.43184
0.44546
0.42792
0.40578
0.40722
0.4184
0.40827
0.41178
0.40108
0.38181
0.33559
0.2967
0.30517
0.30857
0.39053
0.39743
0.38342
0.39139
0.36097
0.42858
0.40001
0.39271
0.38633
0.39014
0.40192
0.40776
0.41287
0.40341
0.40999
0.4028
0.38002
0.38803
0.39098
0.37551
0.35031
0.33484
0.3818
0.38495
0.394
0.3996
0.38978
0.36231
0.3395
0.34704
0.37201
0.40546
0.39706
0.38317
0.40966
0.43728
0.39545
0.42764
0.40983
0.35049
0.32296
0.33109
0.42073
0.4385
0.42365
0.3947
0.35408
0.33905
0.32366
0.34319
0.31367
0.36396
0.53057
0.51381
0.52531
0.50439
0.47825
0.4869
0.65643
0.58302
0.77174
0.77825
0.79067
0.7751
0.82972
0.79747
0.76753
0.78699
0.77282
0.87496
0.86895
0.83961
0.72399
0.53963
0.45802
0.45117
0.45481
0.44315
0.44004
0.43234
0.42432
0.41236
0.38024
0.36709
0.33488
0.32048
0.38835
0.34909
0.36476
0.40578
0.36587
0.33041
0.3144
0.31065
0.30501
0.27974
0.27313
0.28564
0.29551
0.30301
0.31366
0.30509
0.32993
0.33357
0.35975
0.38303
0.37266
0.34707
0.34591
0.3546
0.37868
0.37761
0.36829
0.35931
0.34606
0.34778
0.31938
0.39947
0.73088
0.82789
0.795
0.66045
0.68334
0.67726
0.57531
0.46332
0.41767
0.35784
0.35037
0.38474
0.70025
0.84199
0.8226
0.67108
0.55487
0.41502
0.37824
0.3568
0.32103
0.31739
0.30444
0.33401
0.34462
0.34594
0.32495
0.35559
0.35279
0.34814
0.35398
0.36088
0.3385
0.33918
0.31216
0.30399
0.3341
0.33197
0.38214
0.40551
0.3974
0.3632
0.41011
0.38697
0.37735
0.37418
0.33986
0.38678
0.36109
0.33254
0.37625
0.36721
0.3045
0.30893
0.33878
0.35078
0.36063
0.33654
0.38192
0.32197
0.39891
0.37445
0.34408
0.31928
0.34478
0.34753
0.34949
0.36418
0.38508
0.39982
0.40444
0.40497
0.41709
0.41742
0.39756
0.38721
0.37407
0.38028
0.3735
0.3526
0.3556
0.34677
0.34295
0.33684
0.3491
0.37534
0.37336
0.35419
0.39218
0.5399
0.52222
0.46484
0.38188
0.34996
0.42366
0.44345
0.40739
0.41912
0.50537
0.58315
0.58795
0.62691
0.52176
0.45061
0.41691
0.38798
0.38203
0.38483
0.38398
0.37156
0.35825
0.35198
0.36112
0.36871
0.38625
0.40403
0.4045
0.38948
0.38046
0.37888
0.37379
0.3542
0.34164
0.33099
0.32624
0.30745
0.28406
0.37726
0.76378
0.75972
0.76348
0.77476
0.77415
0.73674
0.60035
0.48081
0.39106
0.37451
0.32254
0.34977
0.37546
0.37748
0.37946
0.39467
0.39174
0.37428
0.35477
0.34451
0.34854
0.34769
0.33301
0.32254
0.31182
0.32666
0.26536
0.23321
0.33645
0.31993
0.33531
0.32925
0.31135
0.33472
0.37283
0.35544
0.35166
0.34931
0.29279
0.23175
0.32058
0.33582
0.6541
0.69004
0.77584
0.74663
0.78063
0.75558
0.80114
0.83352
0.825
0.5115
0.44959
0.39399
0.36403
0.31558
0.30296
0.31291
0.24363
0.30715
0.30454
0.30466
0.29292
0.27752
0.28783
0.34297
0.50181
0.50766
0.45025
0.40507
0.37902
0.38824
0.41622
0.45019
0.48781
0.42887
0.79958
0.82363
0.83222
0.8352
0.83319
0.75493
0.46154
0.40001
0.33034
0.29682
0.30589
0.37634
0.341
0.3156
0.30816
0.55123
0.56373
0.52753
0.52171
0.61525
0.61858
0.64482
0.81133
0.76333
0.80637
0.86432
0.77249
0.31702
0.20501
0.19528
0.25739
0.31002
0.31917
0.33962
0.327
0.30996
0.27256
0.2516
0.28082
0.29801
0.31399
0.32072
0.30553
0.31741
0.32099
0.33142
0.29303
0.28647
0.35043
0.40458
0.3767
0.39212
0.59735
0.64183
0.77423
0.77427
0.72721
0.71042
0.67386
0.64236
0.66993
0.67931
0.67315
0.6711
0.73066
0.76689
0.72389
0.72666
0.76553
0.74078
0.7296
0.68885
0.68522
0.72077
0.77022
0.73925
0.78388
0.78905
0.79719
0.82978
0.77315
0.78193
0.86451
0.84095
0.62854
0.53461
0.44086
0.33629
0.36316
0.28891
0.48959
0.80728
0.81448
0.7511
0.67304
0.45436
0.46409
0.49239
0.79236
0.70018
0.45525
0.4176
0.35995
0.28397
0.25278
0.20692
0.13188
0.095321
0.08938
0.1202
0.13012
0.70924
0.75494
0.76853
0.77529
0.82744
0.82281
0.62618
0.53713
0.52206
0.49966
0.44041
0.38346
0.39384
0.39762
0.39103
0.4373
0.4535
0.47032
0.45571
0.42386
0.4652
0.42158
0.37612
0.35533
0.32834
0.46367
0.74892
0.75857
0.76057
0.74478
0.63087
0.45925
0.38501
0.35841
0.45778
0.60778
0.71963
0.77339
0.74872
0.7338
0.66453
0.61972
0.53356
0.48721
0.46735
0.43781
0.47243
0.44379
0.50169
0.73713
0.73215
0.7172
0.65753
0.67845
0.79595
0.7945
0.75365
0.52185
0.41985
0.3565
0.34907
0.3251
0.29289
0.27302
0.72081
0.69482
0.755
0.79494
0.73238
0.60375
0.47599
0.32737
0.32205
0.3349
0.28107
0.29265
0.30572
0.27588
0.26618
0.25871
0.26288
0.28664
0.25541
0.23566
0.27252
0.30816
0.28823
0.3459
0.67096
0.70278
0.61059
0.63404
0.56323
0.59115
0.49761
0.37164
0.3329
0.32875
0.27312
0.20485
0.21469
0.20959
0.25389
0.19575
0.18105
0.22341
0.20237
0.18145
0.15989
0.14313
0.1412
0.1761
0.30026
0.53225
0.62909
0.78228
0.76709
0.76086
0.64291
0.40809
0.43389
0.28754
0.25842
0.19211
0.18671
0.16282
0.17289
0.19355
0.20993
0.2005
0.2906
0.51927
0.61502
0.68682
0.69904
0.52819
0.41412
0.27083
0.23185
0.13872
0.15405
0.50005
0.64523
0.63241
0.72033
0.60453
0.41268
0.30091
0.31073
0.31953
0.31347
0.28392
0.28699
0.25305
0.2347
0.23413
0.24175
0.25217
0.27251
0.33145
0.28585
0.23767
0.32453
0.79491
0.79719
0.74202
0.70166
0.81836
0.78467
0.61469
0.53672
0.45943
0.39895
0.39827
0.35097
0.29293
0.28993
0.36346
0.39908
0.62485
0.55665
0.48106
0.39462
0.3684
0.33364
0.30755
0.29382
0.26784
0.25361
0.22817
0.21817
0.30487
0.30053
0.31633
0.36944
0.42782
0.47259
0.46112
0.49255
0.5033
0.45357
0.41419
0.43944
0.41161
0.38214
0.32927
0.29743
0.27426
0.28394
0.2972
0.31411
0.30844
0.31436
0.31502
0.31664
0.30232
0.29187
0.28176
0.27802
0.28451
0.2907
0.27624
0.29212
0.29295
0.30691
0.39286
0.37254
0.26391
0.31456
0.3067
0.30042
0.33723
0.30768
0.27937
0.28109
0.29483
0.30683
0.30851
0.30439
0.29655
0.30468
0.29487
0.28753
0.28972
0.28036
0.27271
0.26883
0.27105
0.2698
0.2748
0.24595
0.24073
0.24053
0.24644
0.25028
0.2547
0.25219
0.2513
0.24926
0.25314
0.2618
0.27474
0.3011
0.35427
0.42033
0.41364
0.39381
0.31493
0.32174
0.29301
0.24823
0.24428
0.25765
0.24149
0.22448
0.20814
0.18157
0.19611
0.32741
0.39565
0.59098
0.60294
0.6534
0.7305
0.45686
0.41463
0.39287
0.37769
0.34448
0.31991
0.29242
0.28996
0.31742
0.32387
0.31448
0.34041
0.36362
0.35408
0.34768
0.35041
0.35359
0.34473
0.32882
0.31359
0.30403
0.29584
0.28933
0.27283
0.26442
0.27042
0.2651
0.26022
0.26267
0.26992
0.28617
0.28445
0.30072
0.28836
0.32243
0.37378
0.38053
0.37381
0.38539
0.37917
0.391
0.37379
0.44597
0.42372
0.40758
0.37967
0.33517
0.32078
0.31944
0.33005
0.34128
0.34976
0.3472
0.33885
0.33436
0.33275
0.32316
0.3327
0.34248
0.35269
0.36436
0.37734
0.39435
0.43624
0.69845
0.72561
0.73575
0.74185
0.63992
0.6668
0.54983
0.57441
0.58698
0.52306
0.43166
0.30754
0.31551
0.29833
0.32338
0.31413
0.30423
0.3117
0.31293
0.30459
0.31871
0.3158
0.31499
0.31294
0.30532
0.271
0.27533
0.25801
0.23677
0.20616
0.21221
0.22794
0.27132
0.32305
0.33261
0.46803
0.56113
0.66495
0.73409
0.73551
0.7349
0.64912
0.58659
0.45251
0.39508
0.34436
0.32269
0.33586
0.33222
0.3206
0.29656
0.27683
0.25164
0.23493
0.22972
0.21904
0.20319
0.20275
0.18839
0.16877
0.18117
0.18151
0.17932
0.17605
0.18244
0.17912
0.21261
0.19915
0.19249
0.20808
0.23516
0.26117
0.25382
