0.2424
0.26017
0.25985
0.291
0.30205
0.33432
0.34767
0.31479
0.27129
0.26975
0.27056
0.33685
0.29717
0.29716
0.31093
0.32983
0.35123
0.32393
0.30933
0.28091
0.24596
0.28423
0.24962
0.31586
0.32484
0.33173
0.34575
0.32722
0.30981
0.37224
0.33617
0.31748
0.31696
0.37188
0.42123
0.26782
0.24401
0.20073
0.23619
0.23642
0.22259
0.20311
0.17848
0.22528
0.20723
0.21618
0.27167
0.25509
0.24972
0.29907
0.29094
0.30314
0.32898
0.29556
0.27075
0.297
0.33224
0.36215
0.31652
0.28213
0.28139
0.27495
0.27912
0.29157
0.37559
0.5322
0.71716
0.60299
0.59643
0.56809
0.57542
0.58552
0.55925
0.58448
0.66247
0.7459
0.75656
0.74044
0.39988
0.36067
0.31167
0.30814
0.27135
0.25654
0.23261
0.21649
0.21385
0.20741
0.2043
0.20636
0.21029
0.20654
0.22202
0.21476
0.2256
0.23091
0.22433
0.21153
0.1987
0.19168
0.20362
0.20329
0.2747
0.26312
0.27976
0.25414
0.2367
0.24609
0.21685
0.19103
0.35081
0.35038
0.31798
0.3775
0.6886
0.60813
0.6089
0.65173
0.6587
0.65358
0.69277
0.57916
0.57995
0.63424
0.63577
0.69339
0.73993
0.59925
0.52885
0.40954
0.31172
0.3859
0.69363
0.68538
0.63145
0.68174
0.65139
0.61552
0.43494
0.77979
0.78491
0.78633
0.777
0.7358
0.71222
0.75855
0.74937
0.77765
0.77278
0.75749
0.71871
0.6999
0.70632
0.74639
0.6752
0.59042
0.49158
0.44915
0.38924
0.37726
0.35893
0.34655
0.33692
0.30975
0.29999
0.31224
0.31846
0.30892
0.30018
0.28875
0.28373
0.28891
0.27861
0.28774
0.28282
0.2862
0.28863
0.30293
0.29166
0.31826
0.32575
0.3309
0.34421
0.32889
0.32367
0.30411
0.28761
0.27853
0.2705
0.26328
0.25601
0.24049
0.23159
0.25148
0.25815
0.26219
0.26835
0.25813
0.25773
0.2614
0.28677
0.31794
0.36067
0.40777
0.69284
0.73351
0.75067
0.75769
0.7439
0.73233
0.64114
0.42399
0.37832
0.35221
0.32214
0.33296
0.36271
0.40549
0.56194
0.7379
0.75407
0.73738
0.74663
0.74423
0.62206
0.524
0.46658
0.42403
0.38157
0.3641
0.34835
0.30875
0.32566
0.31775
0.31292
0.30749
0.31008
0.31785
0.32038
0.32071
0.32879
0.33364
0.33424
0.3384
0.34226
0.35705
0.35788
0.34337
0.33501
0.37086
0.35654
0.35223
0.33732
0.32546
0.36009
0.32491
0.29374
0.2928
0.29196
0.29634
0.29707
0.29813
0.29595
0.29163
0.30499
0.30367
0.29807
0.28336
0.29606
0.28617
0.28347
0.26336
0.26087
0.26343
0.27838
0.28873
0.2926
0.28969
0.32622
0.32957
0.28096
0.30154
0.32126
0.33862
0.36563
0.41696
0.41236
0.38904
0.3633
0.34409
0.32814
0.32674
0.32101
0.31509
0.30922
0.30853
0.30741
0.30236
0.28953
0.28691
0.29647
0.29598
0.30711
0.29719
0.2964
0.29951
0.28443
0.29531
0.29837
0.29608
0.29227
0.28681
0.29647
0.28914
0.27726
0.27456
0.28801
0.30759
0.29362
0.27937
0.27121
0.25578
0.25422
0.24632
0.25849
0.25618
0.25614
0.25743
0.27329
0.28321
0.29171
0.28741
0.28154
0.26836
0.26813
0.26076
0.24551
0.23511
0.2295
0.21892
0.20007
0.198
0.19087
0.16813
0.17036
0.16517
0.16085
0.16871
0.13913
0.14912
0.24341
0.31528
0.28999
0.32947
0.3276
0.35365
0.42358
0.57437
0.55472
0.52921
0.50392
0.46475
0.39959
0.35533
0.3384
0.34196
0.39496
0.74194
0.75407
0.75887
0.76958
0.77293
0.76129
0.78085
0.76771
0.7272
0.65532
0.68958
0.72455
0.69429
0.50948
0.3912
0.30502
0.3161
0.71155
0.68086
0.71592
0.6812
0.66696
0.72791
0.66654
0.65651
0.70947
0.75167
0.74668
0.74236
0.72648
0.67472
0.64551
0.491
0.41787
0.37504
0.3426
0.32184
0.27591
0.23917
0.21077
0.17982
0.18946
0.3508
0.65262
0.69878
0.70703
0.70042
0.71842
0.73567
0.74152
0.73728
0.72686
0.71312
0.66826
0.59438
0.6194
0.47929
0.32491
0.30598
0.28001
0.2615
0.25281
0.23872
0.22388
0.21777
0.2157
0.21803
0.22183
0.23084
0.24437
0.26697
0.29066
0.28765
0.28059
0.28577
0.29886
0.27203
0.27688
0.27944
0.27982
0.28031
0.2884
0.29061
0.305
0.29331
0.28654
0.27714
0.28168
0.28396
0.28169
0.28462
0.2817
0.28022
0.27518
0.2662
0.26705
0.27357
0.28566
0.28894
0.28251
0.27244
0.26499
0.23679
0.18581
0.18499
0.29119
0.35478
0.36806
0.49616
0.66616
0.66785
0.67418
0.44198
0.37215
0.29088
0.28322
0.25379
0.24822
0.22388
0.22174
0.23185
0.22283
0.27395
0.30349
0.29093
0.28307
0.27117
0.27284
0.27292
0.27457
0.2754
0.2703
0.28346
0.29723
0.28201
0.24949
0.25268
0.25148
0.26178
0.24651
0.23811
0.23734
0.23434
0.22861
0.22008
0.23761
0.22762
0.24473
0.23733
0.2396
0.23272
0.22847
0.23761
0.25106
0.2641
0.26675
0.28661
0.3024
0.30836
0.30499
0.30829
0.31666
0.31722
0.31377
0.31817
0.32485
0.31963
0.29855
0.28789
0.27735
0.26754
0.27116
0.26925
0.28272
0.28027
0.26471
0.26478
0.26319
0.25832
0.25569
0.24481
0.2441
0.22154
0.19372
0.17838
0.17282
0.18609
0.21436
0.2676
0.27939
0.29017
0.27626
0.28327
0.28026
0.25536
0.23977
0.21286
0.1987
0.18831
0.21663
0.26933
0.26023
0.33948
0.39825
0.57001
0.68278
0.67811
0.66542
0.65558
0.62778
0.54633
0.57984
0.42608
0.35589
0.30196
0.2583
0.23217
0.22825
0.24468
0.31005
0.29408
0.29594
0.30465
0.28986
0.29623
0.2904
0.29888
0.3129
0.30262
0.29444
0.29127
0.28368
0.27417
0.26938
0.24503
0.23435
0.21444
0.21414
0.23447
0.1853
0.21749
0.2019
0.18166
0.27465
0.32366
0.26931
0.68896
0.63566
0.51547
0.32231
0.31763
0.28489
0.23566
0.29898
0.31265
0.30541
0.30621
0.2858
0.24236
0.20959
0.17108
0.18667
0.2187
0.26933
0.30575
0.72732
0.78309
0.75606
0.75059
0.80162
0.79491
0.78227
0.77732
0.76803
0.76733
0.75465
0.76753
0.78198
0.74693
0.66359
0.53734
0.46592
0.44813
0.49746
0.48743
0.5372
0.66975
0.7277
0.54415
0.3536
0.3492
0.35299
0.35303
0.37584
0.37751
0.35917
0.35292
0.35129
0.3463
0.34676
0.35682
0.37296
0.38552
0.39313
0.38733
0.36175
0.34706
0.34494
0.33557
0.34116
0.33665
0.31127
0.31312
0.29969
0.29131
0.29889
0.29616
0.32224
0.3121
0.23677
0.21749
0.25848
0.32976
0.62589
0.68888
0.71323
0.71794
0.69776
0.65591
0.36595
0.35987
0.35131
0.32855
0.31852
0.32743
0.31335
0.30556
0.30262
0.29758
0.29242
0.29155
0.30447
0.30733
0.30314
0.3044
0.30248
0.30593
0.3031
0.3094
0.33557
0.34075
0.32276
0.31107
0.30151
0.2973
0.29504
0.29729
0.31817
0.32758
0.30653
0.28656
0.27297
0.2623
0.24532
0.24628
0.27122
0.27701
0.23938
0.19731
0.17378
0.15176
0.14916
0.16056
0.19439
0.26018
0.2622
0.25696
0.27219
0.26627
0.25218
0.24043
0.26118
0.31776
0.31463
0.32391
0.3827
0.41744
0.42336
0.45325
0.48454
0.52975
0.57842
0.57652
0.582
0.57466
0.59825
0.66405
0.68919
0.67567
0.62025
0.64621
0.65887
0.65287
0.66766
0.68313
0.60798
0.52923
0.43709
0.3774
0.35305
0.50077
0.60774
0.66624
0.55676
0.46584
0.48139
0.45656
0.41214
0.36834
0.37622
0.3703
0.37156
0.36737
0.38515
0.48825
0.51325
0.38326
0.30238
0.2797
0.26655
0.26315
0.26278
0.29404
0.27757
0.29664
0.30118
0.32792
0.3236
0.32912
0.32243
0.29971
0.26079
0.23432
0.20426
0.22602
0.25394
0.29574
0.29021
0.29335
0.32609
0.31183
0.31984
0.32655
0.34772
0.3421
0.31836
0.29218
0.28401
0.28808
0.26388
0.2818
0.29822
0.22471
0.21728
0.21484
0.28211
0.2758
0.28701
0.34678
0.45415
0.48619
0.62063
0.6403
0.55597
0.51929
0.50523
0.54126
0.57475
0.58408
0.58697
0.73627
0.74941
0.76284
0.74629
0.7469
0.7666
0.71842
0.67165
0.62369
0.55567
0.54217
0.52019
0.5477
0.66553
0.75358
0.73543
0.70596
0.67244
0.66242
0.50399
0.40645
0.44369
0.537
0.55888
0.56505
0.53306
0.51392
0.47595
0.48395
0.817
0.82872
0.81176
0.77976
0.72835
0.64031
0.61446
0.57077
0.57137
0.57099
0.51646
0.53277
0.58343
0.57906
0.58526
0.58081
0.60127
0.63498
0.5901
0.54224
0.50466
0.70409
0.50251
0.5077
0.68361
0.62367
0.51177
0.3769
0.30992
0.29268
0.30393
0.31627
0.32451
0.33961
0.32771
0.28132
0.26573
0.25391
0.25434
0.28383
0.29526
0.27582
0.2624
0.20638
0.19541
0.26112
0.31502
0.28361
0.3019
0.31182
0.32394
0.33405
0.31977
0.32385
0.33179
0.37779
0.40268
0.61257
0.55609
0.47489
0.44386
0.40482
0.39995
0.38913
0.36961
0.37008
0.34379
0.33803
0.39308
0.35617
0.33753
0.32717
0.37833
0.42689
0.57001
0.81477
0.68685
0.58084
0.64734
0.67559
0.75154
0.7581
0.74759
0.74264
0.75282
0.79602
0.8
0.84075
0.83891
0.82983
0.7632
0.69673
0.67051
0.82077
0.85363
0.87678
0.89521
0.88183
0.80498
0.77476
0.795
0.65556
0.59391
0.56674
0.62377
0.6671
0.70725
0.73186
0.79937
0.78975
0.79714
0.79112
0.75215
0.72938
0.70884
0.68014
0.56697
0.49813
0.50286
0.49971
0.54366
0.51922
0.4695
0.48129
0.57045
0.61854
0.54493
0.52279
0.54427
0.57017
0.529
0.47745
0.4458
0.40842
0.4019
0.42267
0.5764
0.68024
0.70253
0.75399
0.75262
0.7686
0.59349
0.55527
0.56499
0.55038
0.49716
0.42943
0.32111
0.31207
0.31184
0.32805
0.33021
0.3088
0.48572
0.53414
0.50986
0.47453
0.46737
0.60309
0.71396
0.84835
0.65502
0.46796
0.37956
0.27066
0.23073
0.2465
0.2559
0.81695
0.85544
0.76955
0.83887
0.59359
0.49949
0.36908
0.34448
0.36301
0.36666
0.37238
0.52025
0.83096
0.79471
0.68046
0.5376
0.49625
0.50915
0.52443
0.51468
0.50081
0.50555
0.48302
0.4448
0.41174
0.39988
0.36706
0.36991
0.34801
0.38023
0.3928
0.37254
0.33784
0.34647
0.41689
0.41187
0.32549
0.35544
0.3281
0.30782
0.44563
0.44886
0.4425
0.40955
0.41854
0.41573
0.4017
0.38651
0.37088
0.37568
0.44893
0.3888
0.36662
0.35758
0.38339
0.38368
0.37372
0.40513
0.47189
0.40674
0.35512
0.36043
0.35377
0.37315
0.3694
0.38421
0.45166
0.37101
0.33918
0.31827
0.33436
0.34011
0.32517
0.31673
0.33295
0.34704
0.31783
0.31518
0.31582
0.29846
0.32037
0.33977
0.37599
0.44601
0.3993
0.37475
0.37623
0.31337
0.34337
0.36888
0.43215
0.40651
0.3464
0.30836
0.33994
0.51605
0.54573
0.56454
0.53356
0.51323
0.4999
0.50532
0.52251
0.54759
0.55699
0.58177
0.63348
0.83335
0.87476
0.81846
0.85895
0.6973
0.56317
0.48761
0.74118
0.60256
0.46989
0.40526
0.3954
0.39416
0.38713
0.41402
0.44252
0.43768
0.42013
0.42037
0.4646
0.7315
0.59949
0.65015
0.58216
0.52994
0.45729
0.39955
0.3709
0.38682
0.4213
0.81023
0.89274
0.78921
0.76221
0.72786
0.6877
0.65055
0.69702
0.73884
0.72693
0.59766
0.50501
0.39324
0.37912
0.3572
0.35736
0.35693
0.43938
0.42264
0.38196
0.37537
0.37709
0.35476
0.33302
0.3425
0.38472
0.40364
0.38022
0.36177
0.36963
0.33139
0.29152
0.26832
0.25866
0.26639
0.43952
0.42615
0.39735
0.37528
0.35635
0.34479
0.37855
0.43882
0.47003
0.42548
0.39623
0.39104
0.38979
0.42167
0.46703
0.46216
0.45703
0.46787
0.48906
0.50278
0.50532
0.50539
0.50499
0.49947
0.48604
0.4811
0.49584
0.52943
0.5455
0.57831
0.57922
0.55534
0.52962
0.51653
0.50527
0.50125
0.49764
0.50401
0.51652
0.51329
0.50315
0.48793
0.49393
0.49291
0.5092
0.53368
0.5734
0.57973
0.61061
0.59456
0.55008
0.51867
0.55935
0.64815
0.63704
0.65623
0.8933
0.88713
0.80059
0.62005
0.52122
0.54133
0.57773
0.74356
0.76338
0.7524
0.70445
0.66637
0.60426
0.46505
0.37993
0.44348
0.46303
0.44981
0.39421
0.40627
0.38214
0.39745
0.42717
0.51078
0.58676
0.6342
0.5447
0.47594
0.44623
0.44379
0.44819
0.48224
0.46429
0.45599
0.42634
0.44129
0.48322
0.52347
0.55519
0.5909
0.61705
0.62078
0.58153
0.56969
0.57675
0.61228
0.64612
0.6853
0.64718
0.61117
0.5969
0.55484
0.5496
0.54863
0.56654
0.55054
0.49991
0.47171
0.41208
0.36378
0.32882
0.31973
0.36352
0.45672
0.42606
0.39589
0.36353
0.35738
0.38332
0.42952
0.51564
0.73674
0.72867
0.66337
0.58867
0.60904
0.56412
0.63439
0.71396
0.73188
0.72696
0.60831
0.54413
0.641
0.64427
0.63719
0.60309
0.53729
0.48095
0.42379
0.37737
0.36775
0.38527
0.45808
0.47063
0.46175
0.48607
0.53238
0.47165
0.43928
0.44257
0.47211
0.60261
0.82913
0.83815
0.82055
0.79149
0.80031
0.80999
0.80837
0.8022
0.81227
0.7256
0.70938
0.67144
0.66114
0.67002
0.63956
0.70154
0.79402
0.78275
0.72635
0.67275
0.55279
0.50532
0.46165
0.4465
0.47497
0.50341
0.48688
0.46129
0.45461
0.44615
0.43908
0.48033
0.45114
0.48031
0.44905
0.4203
0.39801
0.38169
0.38738
0.42357
0.44347
0.41237
0.43595
0.40048
0.35669
0.36237
0.35782
0.3935
0.43424
0.45887
0.46393
0.48429
0.48223
0.50086
0.55432
0.51557
0.54677
0.57025
0.57009
0.57631
0.57244
0.52562
0.50698
0.51812
0.59519
0.55592
0.50623
0.50608
0.45715
0.43279
0.42575
0.39677
0.40161
0.41787
0.45036
0.46578
0.48779
0.52928
0.56275
0.61336
0.58126
0.58334
0.5529
0.53141
0.50871
0.50102
0.50709
0.50694
0.50327
0.50788
0.50796
0.47834
0.45445
0.44204
0.45495
0.45994
0.46524
0.47778
0.48952
0.46231
0.43768
0.41955
0.41689
0.42903
0.44444
0.45536
0.44769
0.41985
0.39377
0.40299
0.51645
0.57608
0.62177
0.57208
0.50522
0.43597
0.42118
0.39705
0.38863
0.40633
0.42045
0.42295
0.40112
0.36439
0.36144
0.37206
0.39369
0.4382
0.47735
0.49132
0.4364
0.41221
0.37779
0.38615
0.38701
0.40756
0.44554
0.46887
0.44206
0.40145
0.36907
0.33846
0.35467
0.48151
0.50966
0.51256
0.4966
0.45594
0.43662
0.42518
0.4272
0.45505
0.50244
0.53765
0.54433
0.53887
0.56224
0.57688
0.53203
0.50373
0.47991
0.46946
0.46066
0.38688
0.34585
0.35477
0.36612
0.38104
0.42048
0.4818
0.46635
0.36543
0.35672
0.3849
0.39446
0.40505
0.45389
0.46202
0.42621
0.37839
0.35812
0.37639
0.4041
0.46083
0.52656
0.53861
0.47315
0.3997
0.37447
0.35142
0.36044
0.43342
0.50175
0.53027
0.49586
0.41998
0.4395
0.47262
0.52171
0.6
0.5921
0.57248
0.5274
0.43907
0.41317
0.39902
0.39049
0.41168
0.43611
0.43767
0.39876
0.33899
0.3379
0.34795
0.36896
0.40146
0.41527
0.44805
0.41712
0.35945
0.32817
0.32198
0.33218
0.34114
0.35715
0.36081
0.31985
0.28065
0.26057
0.26519
0.29382
0.3623
0.427
0.43074
0.40869
0.38925
0.34564
0.32435
0.36981
0.46182
0.54745
0.62432
0.55472
0.43591
0.53806
0.60113
0.66573
0.70162
0.68244
0.65296
0.59872
0.5792
0.70494
0.77671
0.76248
0.83715
0.88191
0.89693
0.90042
0.61719
0.44481
0.42253
0.44024
0.48509
0.5298
0.54623
0.61323
0.73347
0.7587
0.80382
0.86747
0.86758
0.86937
0.90864
0.8855
0.89437
0.73815
0.64622
0.63156
0.48521
0.53742
0.55365
0.48945
0.45296
0.44831
0.44484
0.41774
0.48427
0.48901
0.4877
0.46796
0.43381
0.38585
0.39804
0.45317
0.52323
0.61253
0.60912
0.61528
0.54312
0.52509
0.58491
0.70231
0.80011
0.84925
0.88869
0.892
0.84412
0.81934
0.8149
0.83807
0.91222
0.90019
0.84314
0.85562
0.79134
0.68809
0.66068
0.6724
0.71256
0.73959
0.70521
0.68972
0.62971
0.67191
0.79822
0.87083
0.8628
0.92893
0.94072
0.91257
0.84526
0.78862
0.76722
0.76734
0.79817
0.83718
0.83545
0.80978
0.79726
0.72798
0.76382
0.84233
0.86356
0.82883
0.83164
0.90258
0.89982
0.86969
0.83841
0.83784
0.84715
0.78665
0.73072
0.668
0.62134
0.56105
0.52316
0.5264
0.58271
0.56472
0.5224
0.49962
0.53672
0.59697
0.66857
0.71995
0.75632
0.78752
0.75971
0.68
0.59964
0.56639
0.55237
0.54703
0.54835
0.5615
0.54205
0.51046
0.48955
0.48344
0.4738
0.50248
0.60898
0.75165
0.71139
0.62831
0.59523
0.68287
0.73144
0.73346
0.76339
0.75459
0.62824
0.5294
0.49013
0.46232
0.44571
0.45424
0.49747
0.4918
0.47185
0.46469
0.46616
0.44399
0.4427
0.46337
0.49483
0.49665
0.49687
0.48916
0.47287
0.45444
0.44252
0.47155
0.51649
0.50291
0.47545
0.45787
0.44479
0.44604
0.44297
0.4539
0.47129
0.45122
0.4272
0.42518
0.43722
0.40863
0.41407
0.43757
0.48258
0.46561
0.44855
0.42361
0.42907
0.42073
0.41233
0.44481
0.47265
0.48246
0.4831
0.47116
0.44082
0.40401
0.39443
0.444
0.47658
0.48484
0.48561
0.49562
0.47057
0.43394
0.42265
0.45935
0.49676
0.49681
0.50265
0.49529
0.4594
0.43149
0.4222
0.46857
0.50251
0.49654
0.48045
0.47436
0.46697
0.45632
0.43267
0.44411
0.51741
0.52125
0.51205
0.49634
0.51983
0.67254
0.66652
0.73089
0.68696
0.66439
0.72077
0.67125
0.63173
0.54279
0.50526
0.65769
0.67322
0.66164
0.65551
0.64752
0.61431
0.55081
0.53314
0.60343
0.59701
0.53648
0.50286
0.47065
0.46707
0.43167
0.43742
0.45052
0.44542
0.41979
0.41695
0.41134
0.40051
0.39049
0.36991
0.35487
0.39498
0.43171
0.46556
0.50655
0.55031
0.57191
0.51711
0.53527
0.48309
0.45818
0.49193
0.78997
0.90297
0.91384
0.91625
0.91369
0.92709
0.92754
0.91118
0.87667
0.88765
0.85172
0.87468
0.90351
0.91397
0.95481
0.96275
0.93147
0.73397
0.66791
0.61866
0.59514
0.52783
0.48287
0.47199
0.47754
0.49814
0.50797
0.5147
0.51094
0.47829
0.43581
0.42097
0.43087
0.45444
0.46876
0.49212
0.47875
0.46696
0.42784
0.42589
0.43487
0.45644
0.4745
0.4578
0.45395
0.4071
0.37774
0.36458
0.36725
0.38852
0.4105
0.47232
0.48742
0.47961
0.47063
0.46379
0.45808
0.47512
0.50152
0.49835
0.48723
0.44504
0.41844
0.39897
0.39364
0.4203
0.43786
0.44231
0.41768
0.40269
0.37717
0.38286
0.38111
0.42254
0.43547
0.4496
0.41553
0.38548
0.37754
0.36026
0.36324
0.38239
0.41679
0.43105
0.42585
0.4077
0.4058
0.39962
0.40354
0.42912
0.44288
0.44966
0.42664
0.41687
0.41678
0.41139
0.41038
0.40763
0.43819
0.42257
0.42277
0.43021
0.41831
0.38115
0.39124
0.42085
0.43523
0.41947
0.4026
0.37893
0.36931
0.36684
0.37404
0.39076
0.4132
0.44566
0.42007
0.39974
0.39969
0.37809
0.40251
0.39628
0.38144
0.38104
0.33646
0.31008
0.36892
0.32452
0.32069
0.33638
0.41125
0.45365
0.4225
0.42133
0.38342
0.36431
0.37582
0.37959
0.40674
0.40712
0.34778
0.34653
0.42442
0.43125
0.43207
0.42986
0.42096
0.41328
0.47411
0.52721
0.55622
0.69093
0.85497
0.78692
0.84845
0.88584
0.87755
0.92503
0.92097
0.90655
0.7965
0.91407
0.88089
0.67602
0.58703
0.52388
0.45061
0.4524
0.54813
0.51926
0.51142
0.49918
0.51889
0.5181
0.53064
0.54587
0.5651
0.8777
0.90666
0.90745
0.84981
0.81349
0.82462
0.80631
0.85456
0.89629
0.90323
0.90118
0.88763
0.85234
0.84802
0.8454
0.83118
0.84465
0.84412
0.77427
0.65801
0.63255
0.60357
0.61168
0.5764
0.54967
0.47944
0.43838
0.3834
0.41614
0.5533
0.77174
0.6831
0.63551
0.80976
0.51749
0.4169
0.4029
0.395
0.3622
0.34233
0.34156
0.36398
0.3571
0.32905
0.35523
0.36953
0.37309
0.38157
0.36826
0.37686
0.37495
0.38396
0.37539
0.3795
0.38716
0.38817
0.38257
0.38806
0.4129
0.41091
0.44393
0.43868
0.45277
0.45118
0.46723
0.42529
0.47013
0.48225
0.63749
0.75118
0.7441
0.75503
0.70755
0.66443
0.80206
0.79688
0.70624
0.71368
0.69004
0.68068
0.61839
0.58844
0.57929
0.58636
0.56042
0.54759
0.49688
0.44214
0.40398
0.39808
0.40982
0.38308
0.39517
0.39801
0.39009
0.39024
0.39105
0.37194
0.3605
0.37382
0.3887
0.38468
0.37999
0.37864
0.38243
0.37251
0.37645
0.39828
0.40777
0.41692
0.42652
0.44996
0.46355
0.44427
0.42153
0.413
0.4
0.3905
0.383
0.36389
0.34171
0.33184
0.34135
0.34393
0.34654
0.36753
0.4188
0.41688
0.40115
0.40166
0.38081
0.37425
0.3826
0.39291
0.39042
0.37044
0.37521
0.37281
0.374
0.39248
0.39605
0.41867
0.40734
0.40879
0.42176
0.42826
0.41002
0.41173
0.42074
0.43604
0.42751
0.43097
0.42614
0.40432
0.4005
0.38495
0.37319
0.36003
0.34549
0.3418
0.34171
0.33394
0.33962
0.3536
0.36845
0.37884
0.38546
0.39207
0.38157
0.39188
0.41468
0.39497
0.39941
0.40871
0.44325
0.45976
0.45362
0.44907
0.44334
0.43383
0.4197
0.40942
0.39001
0.37324
0.35791
0.35108
0.33415
0.33363
0.31633
0.31691
0.31467
0.30853
0.29964
0.29731
0.28299
0.26359
0.27179
0.23308
0.21079
0.17157
0.16163
0.14987
0.22867
0.34113
0.35339
0.37143
0.39226
0.38687
0.3704
0.43327
0.63048
0.55467
0.35835
0.31518
0.31078
0.31616
0.31518
0.3567
0.31821
0.26634
0.30381
0.46507
0.44309
0.40467
0.35648
0.33487
0.32894
0.32743
0.31317
0.29602
0.2568
0.18791
0.19161
0.34002
0.41267
0.4901
0.48527
0.36014
0.32137
0.29858
0.30608
0.35085
0.35922
0.37217
0.36824
0.41084
0.4121
0.38873
0.41846
0.3781
0.39522
0.41303
0.43955
0.44631
0.44028
0.44742
0.44436
0.4288
0.38446
0.37439
0.35374
0.34653
0.35177
0.33218
0.32574
0.33581
0.31932
0.28643
0.28279
0.26963
0.26708
0.26903
0.24961
0.29391
0.27262
0.28331
0.3185
0.29746
0.27835
0.28968
0.29644
0.30285
0.30714
0.30757
0.31217
0.31588
0.32418
0.32604
0.30054
0.26346
0.23687
0.20191
0.19707
0.22179
0.2875
0.33072
0.30271
0.28784
0.29212
0.29365
0.28446
0.2682
0.25597
0.25791
0.26346
0.27854
0.2602
0.26121
0.30005
0.31022
0.37034
0.35273
0.33059
0.32204
0.3227
0.31248
0.31478
0.31838
0.31914
0.31991
0.29967
0.26537
0.26492
0.27438
0.25002
0.23721
0.30303
0.32929
0.30571
0.30787
0.30406
0.2868
0.26472
0.22929
0.1895
0.18738
0.20656
0.20503
0.23387
0.34781
0.70946
0.69078
0.7102
0.70702
0.70478
0.62371
0.55979
0.51025
0.48445
0.45035
0.40606
0.39348
0.77982
0.7987
0.80373
0.7893
0.77405
0.65405
0.54487
0.49994
0.4781
0.41821
0.42261
0.38112
0.31134
0.3082
0.28197
0.29267
0.3102
0.3146
0.32345
0.35133
0.36433
0.3409
0.33796
0.34356
0.33456
0.34822
0.33448
0.3816
0.7055
0.72206
0.72737
0.7048
0.62909
0.59534
0.54483
0.43567
0.40573
0.39758
0.42327
0.42601
0.43219
0.4564
0.58488
0.71491
0.74606
0.72845
0.48978
0.3535
0.33223
0.34031
0.3617
0.35216
0.36293
0.33813
0.31827
0.30198
0.28147
0.27484
0.27395
0.30471
0.34514
0.35835
0.35582
0.35988
0.38271
0.36373
0.33922
0.30767
0.32592
0.39394
0.44022
0.42739
0.40722
0.41886
0.73952
0.78599
0.78899
0.8049
0.80181
0.575
0.53342
0.50769
0.44943
0.45485
0.42131
0.37921
0.33463
0.29419
0.37407
0.5358
0.54514
0.5018
0.50573
0.41109
0.34373
0.26582
0.23956
0.22689
0.25476
0.30543
0.31775
0.38975
0.48785
0.48126
0.39878
0.37397
0.287
0.33473
0.41419
0.41943
0.39448
0.37843
0.31966
0.35117
0.34308
0.42495
0.45397
0.46779
0.4254
0.38012
0.34825
0.36751
0.38572
0.34408
0.31517
0.31204
0.31085
0.30285
0.29678
0.3171
0.31642
0.32041
0.30896
0.30723
0.29195
0.28822
0.28612
0.30176
0.26421
0.2426
0.25626
0.26811
0.28878
0.28663
0.27597
0.28833
0.28837
0.28241
0.27421
0.27602
0.28454
0.28008
0.29056
0.29685
0.29144
0.27491
0.28709
0.27657
0.28314
0.28233
0.27754
0.26736
0.25996
0.24202
0.20844
0.20243
0.20978
0.21496
0.20086
0.18578
0.22389
0.32873
0.31985
0.31503
0.31343
0.31977
0.27565
0.25921
0.25379
0.24949
0.25968
0.27247
0.2965
0.29358
0.29312
0.27358
0.26456
0.26507
0.25952
0.22051
0.18488
0.18535
0.19764
0.23839
0.24148
0.24288
0.21696
0.24436
0.22977
0.23945
0.26732
0.27887
0.29796
0.27554
0.27401
0.27802
0.29237
0.31384
0.34353
0.30432
0.289
0.29584
0.28836
0.28784
0.29191
0.32822
0.33225
0.34742
0.34455
0.37493
0.3824
0.3805
0.35826
0.3459
0.33628
0.33276
0.32648
0.31753
0.30703
0.3023
0.31134
0.31046
0.30741
0.3115
0.33347
0.33855
0.33293
0.33358
0.33588
0.33838
0.33585
0.33605
0.33962
0.35093
0.36198
0.35411
0.35025
0.34556
0.32172
0.29589
0.25916
0.22684
0.21851
0.24184
0.26519
0.27821
0.27553
0.2739
0.28593
0.29526
0.29761
0.30912
0.31717
0.33262
0.34519
0.33956
0.33097
0.30189
0.29886
0.30411
0.31686
0.32999
0.33415
0.324
0.31348
0.29977
0.27621
0.27867
0.28929
0.29916
0.29923
0.26024
0.20412
0.14753
0.11342
0.11467
0.14946
0.17979
0.43433
0.45601
0.39989
0.43882
0.3452
0.32772
0.32175
0.29411
0.24513
0.28565
0.40255
0.43794
0.43539
0.49462
0.4255
0.30922
0.34483
0.34512
0.34494
0.35578
0.42188
0.4547
0.44722
0.41663
0.39252
0.36408
0.3531
0.34133
0.35595
0.34216
0.35297
0.35736
0.34319
0.35709
0.3347
0.3443
0.31457
0.33311
0.32455
0.35253
0.33265
0.31835
0.26267
0.27316
0.373
0.62189
0.67762
0.69251
0.74691
0.80251
0.59901
0.45861
0.43399
0.38479
0.32409
0.31304
0.27157
0.35208
0.31559
0.27386
0.16845
0.12351
0.12118
0.14624
0.26164
0.3851
0.28729
0.3847
0.352
0.29724
0.30998
0.31991
0.31673
0.31558
0.31772
0.28546
0.29942
0.2817
0.25235
0.28657
0.29968
0.33576
0.3669
0.34853
0.34107
0.33816
0.31321
0.29516
0.28476
0.26799
0.16679
0.28078
0.28588
0.28914
0.27393
0.24274
0.22907
0.21815
0.23147
0.26352
0.26217
0.23828
0.27483
0.27489
0.25325
0.22883
0.21936
0.26184
0.29221
0.35357
0.36753
0.36614
0.33323
0.33459
0.337
0.32773
0.33937
0.34787
0.34314
0.3457
0.36241
0.47296
0.55239
0.60419
0.59101
0.45501
0.44691
0.51317
0.5952
0.69299
0.6917
0.76758
0.4092
0.38475
0.38917
0.38305
0.35829
0.71787
0.71328
0.74069
0.78234
0.78419
0.78217
0.79491
0.69911
0.76781
0.37932
0.33979
0.34057
0.32602
0.30948
0.29598
0.27145
0.28434
0.30564
0.30098
0.29565
0.29515
0.30943
0.33305
0.33851
0.3327
0.32574
0.31943
0.31534
0.31044
0.30401
0.29165
0.28285
0.27508
0.27557
0.27509
0.27326
0.26229
0.25648
0.24575
0.2436
0.24916
0.27212
0.27526
0.27856
0.2827
0.27643
0.27196
0.2898
0.29165
0.30485
0.30681
0.30601
0.30061
0.29721
0.31695
0.30441
0.28058
0.27477
0.28354
0.31745
0.2956
0.312
0.31885
0.31912
0.33497
0.34454
0.33693
0.34594
