0.16032
0.12649
0.11868
0.11814
0.13565
0.15403
0.20176
0.20536
0.1901
0.12925
0.11747
0.12572
0.1596
0.1737
0.18546
0.20541
0.22523
0.21176
0.21239
0.22274
0.20785
0.18868
0.17693
0.16841
0.15746
0.15174
0.14187
0.13061
0.12336
0.15204
0.1704
0.18037
0.17848
0.17641
0.14306
0.13885
0.12059
0.10908
0.10366
0.11051
0.11458
0.10683
0.10024
0.10825
0.11473
0.11384
0.11923
0.12655
0.13677
0.13436
0.13885
0.13214
0.1438
0.13586
0.11649
0.12708
0.13652
0.15323
0.18986
0.21457
0.22731
0.23012
0.22174
0.22951
0.23456
0.23875
0.23117
0.19993
0.18556
0.15828
0.15478
0.136
0.11433
0.099973
0.096178
0.082394
0.085439
0.094263
0.10632
0.50741
0.64288
0.6479
0.59733
0.67073
0.70245
0.69291
0.54172
0.47171
0.43338
0.39116
0.39495
0.30226
0.28071
0.27867
0.26763
0.60188
0.70964
0.73009
0.71227
0.71231
0.71088
0.73018
0.72763
0.71385
0.69253
0.68365
0.69107
0.66362
0.66825
0.65995
0.69036
0.70925
0.69271
0.71231
0.69831
0.66792
0.65635
0.64662
0.63993
0.63886
0.66143
0.64993
0.64031
0.62308
0.62507
0.61839
0.37319
0.37896
0.44725
0.41496
0.39928
0.3904
0.39106
0.39151
0.34473
0.31211
0.29253
0.27152
0.31061
0.28879
0.28456
0.29993
0.30799
0.31201
0.32696
0.35471
0.38136
0.59043
0.62263
0.74783
0.71402
0.70892
0.73515
0.66431
0.4998
0.45171
0.30257
0.25998
0.22993
0.21225
0.21023
0.20506
0.21753
0.18748
0.16478
0.12563
0.1361
0.13258
0.1398
0.1362
0.13767
0.14814
0.1562
0.1587
0.16163
0.16495
0.17242
0.17648
0.18953
0.19132
0.17369
0.17079
0.18587
0.17937
0.18125
0.18453
0.19002
0.18428
0.19624
0.21121
0.23944
0.3015
0.33228
0.35273
0.32972
0.29877
0.26005
0.21573
0.20965
0.18965
0.17512
0.16843
0.13993
0.13936
0.1503
0.15919
0.14898
0.14983
0.14026
0.14043
0.13377
0.13244
0.13671
0.13963
0.14536
0.15081
0.15375
0.15393
0.15088
0.14306
0.13969
0.13876
0.13627
0.13471
0.12192
0.12733
0.14156
0.16325
0.18968
0.51384
0.63945
0.66452
0.46156
0.38662
0.40904
0.39908
0.26901
0.2168
0.20038
0.18503
0.18613
0.19921
0.30068
0.40776
0.45659
0.42565
0.41171
0.58017
0.70914
0.56035
0.46004
0.52692
0.59211
0.59541
0.60285
0.65564
0.68316
0.69552
0.54229
0.49508
0.53042
0.48037
0.68599
0.66243
0.5636
0.59294
0.58222
0.52685
0.4063
0.4357
0.54166
0.53863
0.48324
0.41738
0.41844
0.40112
0.36779
0.37327
0.35529
0.33925
0.32608
0.30568
0.2784
0.2464
0.22106
0.21585
0.24125
0.26095
0.26846
0.26953
0.2755
0.27492
0.27084
0.25509
0.22903
0.19365
0.18573
0.17327
0.17293
0.18385
0.19221
0.23641
0.26129
0.26541
0.26266
0.26826
0.27395
0.25796
0.22126
0.16398
0.1415
0.13082
0.13531
0.29634
0.20133
0.21215
0.20255
0.1976
0.20947
0.19865
0.19092
0.18212
0.1858
0.20849
0.20646
0.1912
0.19308
0.17265
0.26026
0.34899
0.42379
0.45811
0.63943
0.60042
0.52242
0.58849
0.63213
0.64833
0.69324
0.66957
0.66531
0.70506
0.69936
0.68712
0.6417
0.50644
0.4105
0.38014
0.36991
0.35543
0.32807
0.19799
0.18707
0.22139
0.23796
0.32263
0.39636
0.55576
0.70259
0.63814
0.65009
0.58688
0.44598
0.31196
0.26978
0.27012
0.30191
0.29453
0.26192
0.24644
0.23668
0.23824
0.22994
0.21284
0.18812
0.17144
0.1593
0.15576
0.14526
0.13495
0.1342
0.23615
0.27717
0.37258
0.43248
0.4055
0.4141
0.4239
0.4004
0.45196
0.42929
0.37962
0.26361
0.27525
0.62447
0.63016
0.62759
0.65061
0.62761
0.63898
0.57937
0.57559
0.55141
0.43225
0.36558
0.35037
0.30032
0.26688
0.24925
0.23249
0.22488
0.2189
0.21868
0.21082
0.20224
0.18223
0.18238
0.1737
0.16913
0.16466
0.16365
0.15725
0.12989
0.079833
0.066841
0.24975
0.41823
0.45698
0.53761
0.50397
0.36826
0.28733
0.22716
0.40654
0.68743
0.63544
0.56083
0.56956
0.67063
0.68502
0.69796
0.77201
0.77171
0.72564
0.68849
0.62209
0.50658
0.54646
0.63346
0.65357
0.71621
0.71699
0.71085
0.71864
0.75883
0.7637
0.72145
0.70504
0.68546
0.69001
0.70375
0.71417
0.69793
0.71929
0.70232
0.65279
0.63823
0.56617
0.39067
0.31469
0.25142
0.21099
0.18896
0.18749
0.1718
0.17005
0.18548
0.19077
0.20786
0.21246
0.21544
0.19696
0.19006
0.18558
0.19778
0.20518
0.20492
0.21028
0.2129
0.22184
0.21584
0.20932
0.21941
0.22056
0.21388
0.22409
0.25276
0.27211
0.26747
0.25623
0.23796
0.23357
0.18384
0.13306
0.1104
0.13651
0.15271
0.18346
0.23809
0.26535
0.22315
0.2177
0.22627
0.25168
0.25288
0.22223
0.18067
0.14141
0.13893
0.2418
0.25304
0.26986
0.28104
0.28485
0.29289
0.29039
0.2664
0.22471
0.21048
0.21402
0.2186
0.21503
0.21817
0.20813
0.20316
0.20177
0.21199
0.23502
0.27889
0.34198
0.4149
0.69865
0.76128
0.70496
0.72524
0.7263
0.68347
0.58624
0.66685
0.69594
0.71979
0.70752
0.75337
0.78216
0.77063
0.72777
0.69988
0.68701
0.66145
0.63378
0.60084
0.45016
0.38244
0.33264
0.30928
0.28615
0.27756
0.28356
0.29718
0.31829
0.3077
0.29021
0.29234
0.28644
0.27274
0.26071
0.25016
0.24171
0.23958
0.23411
0.24425
0.24163
0.2338
0.24141
0.25263
0.28502
0.34871
0.38986
0.59458
0.68022
0.52091
0.28281
0.1977
0.18839
0.1863
0.19256
0.19306
0.16785
0.19001
0.18213
0.17783
0.18117
0.18218
0.19376
0.2092
0.21179
0.21973
0.22443
0.21494
0.20705
0.20744
0.21478
0.22293
0.20423
0.16113
0.16665
0.17581
0.18609
0.18954
0.19551
0.19967
0.19567
0.18795
0.18256
0.1943
0.22883
0.24265
0.24146
0.26139
0.20293
0.16549
0.17885
0.23091
0.28031
0.25696
0.25357
0.24509
0.23263
0.19412
0.16689
0.12909
0.11706
0.10538
0.10932
0.11978
0.138
0.14902
0.155
0.15796
0.23231
0.27973
0.27002
0.2742
0.29815
0.37397
0.48912
0.52433
0.51454
0.52589
0.56821
0.64192
0.64642
0.6636
0.54327
0.50908
0.27964
0.2053
0.16059
0.16018
0.18708
0.19095
0.15935
0.14825
0.14313
0.14563
0.15874
0.18578
0.19322
0.20731
0.2067
0.21201
0.17922
0.15576
0.16458
0.17735
0.19936
0.18489
0.19134
0.19096
0.17873
0.18113
0.18449
0.19124
0.21144
0.19348
0.17438
0.16354
0.16913
0.16169
0.16341
0.18372
0.19758
0.18033
0.19019
0.19061
0.20744
0.22662
0.25461
0.27624
0.2816
0.26798
0.25326
0.2522
0.23566
0.21858
0.23587
0.26291
0.26297
0.2711
0.26128
0.26016
0.27048
0.2527
0.2595
0.25071
0.23728
0.20742
0.21815
0.2295
0.24498
0.25331
0.25216
0.27098
0.29551
0.27543
0.22132
0.20696
0.19256
0.17511
0.15966
0.15473
0.22392
0.29717
0.32692
0.36681
0.39959
0.42679
0.42677
0.39775
0.39422
0.40252
0.41672
0.45366
0.48696
0.5674
0.63288
0.66315
0.66354
0.71118
0.81338
0.80351
0.68336
0.54844
0.57269
0.4807
0.43974
0.38635
0.33889
0.3241
0.35438
0.43244
0.6785
0.57991
0.6338
0.78973
0.78141
0.74482
0.66273
0.60581
0.64531
0.69711
0.69542
0.68017
0.66209
0.66932
0.69111
0.66595
0.71229
0.79335
0.81075
0.75776
0.75426
0.72392
0.32287
0.28082
0.27738
0.28133
0.29574
0.28221
0.24902
0.24813
0.25938
0.27013
0.28041
0.29869
0.31251
0.32756
0.31625
0.29764
0.29032
0.27491
0.28185
0.29704
0.29418
0.27108
0.25102
0.24097
0.2417
0.21813
0.2248
0.23791
0.1735
0.21208
0.28756
0.28635
0.29153
0.29503
0.32031
0.49009
0.52673
0.7511
0.72379
0.65164
0.5381
0.3713
0.328
0.31436
0.31696
0.29983
0.26969
0.2487
0.23566
0.22141
0.24212
0.22197
0.23459
0.26307
0.25318
0.24711
0.24499
0.25088
0.26538
0.26871
0.2989
0.31606
0.30027
0.28167
0.26335
0.25569
0.24399
0.26656
0.29754
0.31374
0.23488
0.17037
0.1858
0.19178
0.19769
0.21537
0.22015
0.25471
0.23444
0.20544
0.18452
0.18345
0.17783
0.15007
0.15882
0.18948
0.22004
0.24947
0.26616
0.27956
0.27548
0.27805
0.27742
0.25757
0.25856
0.2783
0.26821
0.25904
0.24904
0.24474
0.26646
0.29625
0.28752
0.28937
0.28046
0.27578
0.24838
0.227
0.22153
0.23854
0.22552
0.21462
0.20445
0.20961
0.23064
0.25093
0.27903
0.29185
0.26835
0.26979
0.23957
0.22691
0.23374
0.23155
0.33778
0.47556
0.60092
0.70358
0.81396
0.81225
0.73073
0.75392
0.74096
0.83605
0.67626
0.55787
0.43967
0.44007
0.44129
0.42637
0.41435
0.38803
0.32172
0.26393
0.28183
0.3
0.29229
0.35789
0.38815
0.46068
0.4497
0.40314
0.37908
0.43136
0.55359
0.63785
0.74299
0.83417
0.86236
0.83693
0.81726
0.8371
0.84941
0.86269
0.86699
0.86048
0.82946
0.7626
0.6533
0.62716
0.57325
0.52453
0.49969
0.45582
0.37466
0.26131
0.21093
0.2076
0.19663
0.19057
0.21023
0.22124
0.1858
0.18521
0.18036
0.18563
0.21387
0.23589
0.23485
0.25543
0.20877
0.18253
0.18981
0.19031
0.20313
0.19722
0.28963
0.34626
0.37957
0.41674
0.44587
0.46338
0.44157
0.4452
0.45439
0.4718
0.49001
0.49889
0.46729
0.43328
0.42751
0.40339
0.41317
0.47822
0.52487
0.55326
0.59002
0.66233
0.63271
0.57161
0.50229
0.46537
0.4545
0.40458
0.36887
0.42331
0.53171
0.58843
0.45822
0.56799
0.66343
0.68367
0.61194
0.53049
0.36928
0.26577
0.35323
0.37751
0.48892
0.51739
0.44195
0.24122
0.23791
0.23571
0.16495
0.15818
0.18411
0.2307
0.33163
0.29613
0.29387
0.27553
0.27183
0.27892
0.27796
0.30594
0.34574
0.30138
0.29026
0.34404
0.46717
0.54541
0.47414
0.54794
0.57567
0.62919
0.62805
0.65721
0.69543
0.73243
0.73618
0.68429
0.55742
0.48933
0.39721
0.31412
0.3048
0.31844
0.26744
0.24353
0.2275
0.22029
0.23355
0.24031
0.24832
0.27289
0.25454
0.35034
0.49063
0.6401
0.67361
0.69007
0.65777
0.66661
0.70413
0.84048
0.85392
0.82486
0.69179
0.61681
0.5624
0.57366
0.59762
0.70912
0.76697
0.77801
0.79657
0.74904
0.74964
0.6013
0.72201
0.67484
0.66475
0.66337
0.69911
0.73365
0.77119
0.79123
0.78991
0.80693
0.786
0.78381
0.80181
0.78386
0.77338
0.76298
0.74303
0.74042
0.71036
0.69002
0.6665
0.62486
0.63872
0.65527
0.69141
0.7061
0.67734
0.58817
0.4603
0.45721
0.5009
0.58452
0.62202
0.66928
0.67736
0.52145
0.45127
0.52276
0.74368
0.76365
0.79411
0.79505
0.76828
0.78203
0.72617
0.69144
0.72801
0.7962
0.81421
0.80532
0.80426
0.79815
0.77633
0.75702
0.75538
0.76015
0.77083
0.80005
0.80354
0.77741
0.75681
0.75381
0.74954
0.76252
0.87391
0.88747
0.84162
0.88612
0.82796
0.71555
0.64343
0.63608
0.62599
0.61121
0.57059
0.49195
0.47891
0.47459
0.44785
0.45902
0.44433
0.42066
0.41091
0.49259
0.43468
0.46479
0.52222
0.58339
0.59852
0.76574
0.76008
0.58653
0.50475
0.46522
0.42577
0.46031
0.48931
0.37605
0.26693
0.24724
0.237
0.22854
0.2399
0.32671
0.43566
0.40699
0.39394
0.38095
0.37785
0.37037
0.37265
0.48965
0.54792
0.53428
0.49741
0.4751
0.47698
0.47846
0.51173
0.53403
0.56491
0.58129
0.54543
0.51183
0.47123
0.45452
0.42829
0.40464
0.41157
0.42165
0.41127
0.34107
0.30707
0.31189
0.38621
0.36135
0.36363
0.34345
0.33222
0.2877
0.3275
0.30284
0.29042
0.22856
0.24478
0.23278
0.23326
0.23365
0.2443
0.29267
0.28971
0.32931
0.43356
0.50865
0.55846
0.42223
0.33627
0.27279
0.29162
0.2772
0.28644
0.26716
0.3469
0.42034
0.42053
0.46746
0.56237
0.8291
0.82502
0.77112
0.67413
0.56792
0.41225
0.32592
0.30971
0.32049
0.29279
0.24964
0.22651
0.21075
0.19817
0.2356
0.26765
0.27876
0.29424
0.32977
0.38275
0.36104
0.3067
0.34694
0.38823
0.41383
0.43558
0.42435
0.4359
0.34713
0.30427
0.43763
0.5121
0.56153
0.61583
0.66354
0.62358
0.57877
0.57372
0.62039
0.62298
0.62118
0.67024
0.67143
0.64504
0.62582
0.60664
0.58537
0.60755
0.60773
0.64187
0.62643
0.64561
0.59861
0.65429
0.71039
0.74768
0.76412
0.77008
0.76539
0.74639
0.71246
0.68142
0.6512
0.64035
0.6141
0.62909
0.61503
0.57962
0.47021
0.44842
0.38795
0.37852
0.42725
0.45682
0.46983
0.47407
0.49982
0.57551
0.60888
0.60843
0.66855
0.73877
0.8299
0.84776
0.80074
0.75889
0.71034
0.70456
0.78078
0.86459
0.80188
0.80439
0.80364
0.78383
0.76769
0.62014
0.53475
0.48564
0.43681
0.40926
0.39756
0.37526
0.37961
0.38857
0.45203
0.43307
0.39247
0.47925
0.38956
0.35764
0.34583
0.34981
0.34865
0.37127
0.31667
0.48749
0.56046
0.51091
0.46025
0.44869
0.46329
0.60744
0.74277
0.7885
0.78959
0.75059
0.70667
0.73622
0.64538
0.65027
0.6899
0.66728
0.62107
0.53617
0.45475
0.42095
0.42207
0.42551
0.48205
0.45099
0.42069
0.42035
0.41005
0.44971
0.46466
0.47971
0.45453
0.34039
0.30053
0.32714
0.31407
0.25014
0.24711
0.18831
0.29376
0.32323
0.31756
0.30706
0.31139
0.33511
0.38068
0.38007
0.36422
0.32382
0.3074
0.28271
0.28645
0.26888
0.31964
0.46313
0.44567
0.40456
0.36583
0.34652
0.35341
0.37128
0.40943
0.43393
0.4485
0.44117
0.40768
0.37379
0.36466
0.38881
0.41475
0.42439
0.43172
0.43478
0.41747
0.39897
0.40537
0.42887
0.44671
0.49074
0.53365
0.5568
0.55971
0.50178
0.44779
0.39481
0.36055
0.35452
0.31869
0.28452
0.29676
0.2795
0.2464
0.26939
0.29705
0.37654
0.40515
0.40081
0.39142
0.34501
0.33991
0.34147
0.35656
0.37081
0.38394
0.38552
0.37638
0.38592
0.40782
0.42508
0.48683
0.70035
0.76502
0.80637
0.73901
0.58357
0.52918
0.51119
0.50345
0.50622
0.48777
0.47193
0.42817
0.40744
0.40767
0.43364
0.41011
0.43483
0.47265
0.46262
0.46147
0.46894
0.62566
0.64009
0.61695
0.62814
0.63569
0.63695
0.65016
0.59688
0.56487
0.54187
0.52859
0.53344
0.56653
0.57388
0.54212
0.53185
0.49424
0.46627
0.48218
0.53631
0.55531
0.52623
0.49432
0.47037
0.44633
0.40974
0.36602
0.40969
0.44403
0.44804
0.4506
0.49658
0.50314
0.43391
0.38328
0.39013
0.38168
0.35565
0.32066
0.31185
0.27678
0.26262
0.32405
0.31005
0.38319
0.39868
0.38804
0.38338
0.42933
0.43205
0.4677
0.65743
0.79872
0.81014
0.80301
0.74598
0.73024
0.72781
0.76301
0.77663
0.769
0.76078
0.74763
0.73559
0.7131
0.7066
0.72826
0.726
0.70261
0.66727
0.62144
0.56458
0.50695
0.49766
0.54008
0.62102
0.67909
0.65149
0.61865
0.5759
0.55202
0.54877
0.56927
0.59203
0.60523
0.49171
0.43808
0.42097
0.41776
0.42209
0.4705
0.56975
0.7431
0.76804
0.75755
0.66869
0.65419
0.64035
0.63868
0.70631
0.88385
0.85686
0.86621
0.76258
0.66466
0.59924
0.61637
0.63431
0.65208
0.61786
0.5925
0.5444
0.49243
0.46578
0.46298
0.45513
0.45474
0.45559
0.4006
0.37926
0.36158
0.35758
0.35792
0.33823
0.28185
0.21344
0.21364
0.2702
0.3005
0.32702
0.3441
0.3407
0.29815
0.27564
0.29436
0.31558
0.32124
0.32741
0.33984
0.36562
0.31013
0.30248
0.31406
0.34202
0.34092
0.35132
0.36475
0.37904
0.33232
0.30253
0.30164
0.32054
0.29575
0.30942
0.35521
0.39663
0.45638
0.50077
0.43935
0.38571
0.34912
0.36405
0.364
0.40237
0.60102
0.70256
0.70924
0.69339
0.64331
0.59409
0.55079
0.53166
0.43335
0.33855
0.31892
0.3163
0.33083
0.38274
0.43681
0.51108
0.5135
0.53198
0.55005
0.55637
0.52866
0.50143
0.49744
0.52059
0.4942
0.42076
0.32002
0.30678
0.27054
0.27622
0.29546
0.2975
0.29104
0.31231
0.32202
0.30029
0.31695
0.35602
0.35858
0.36502
0.36972
0.3634
0.35235
0.33006
0.3407
0.33609
0.34033
0.35342
0.36997
0.39007
0.40381
0.40712
0.40377
0.42375
0.45751
0.47907
0.47085
0.41493
0.36679
0.35729
0.34649
0.32809
0.35887
0.4199
0.44406
0.43787
0.41805
0.40539
0.39217
0.47514
0.62177
0.80259
0.79838
0.79832
0.81419
0.80785
0.79294
0.7188
0.63563
0.52035
0.5432
0.61507
0.70181
0.71949
0.71934
0.71219
0.7813
0.7942
0.77275
0.69329
0.60173
0.58108
0.48703
0.50763
0.54238
0.57438
0.53965
0.50061
0.47713
0.47481
0.47418
0.49326
0.57062
0.66392
0.84442
0.8444
0.83875
0.80109
0.74987
0.66395
0.67683
0.67407
0.76368
0.86616
0.86212
0.84563
0.81132
0.77333
0.7451
0.73246
0.74329
0.45756
0.33903
0.46861
0.54666
0.53878
0.49774
0.37875
0.33878
0.30165
0.30287
0.37747
0.40378
0.4227
0.4308
0.33119
0.30863
0.26636
0.24846
0.29456
0.37176
0.37019
0.34655
0.29828
0.30862
0.30031
0.30364
0.35422
0.41576
0.44987
0.44312
0.42044
0.386
0.36798
0.33014
0.35627
0.38015
0.37247
0.34256
0.31116
0.37283
0.38492
0.38179
0.40271
0.41689
0.43709
0.4344
0.36966
0.2976
0.29868
0.29928
0.32796
0.3786
0.43042
0.45057
0.46939
0.54431
0.68135
0.63852
0.60324
0.61241
0.52663
0.46691
0.32953
0.28172
0.26191
0.26755
0.30844
0.30003
0.34285
0.3426
0.32544
0.3998
0.36629
0.42079
0.4294
0.45274
0.42278
0.41386
0.4869
0.44323
0.40212
0.39455
0.38211
0.36791
0.35001
0.30687
0.25464
0.2335
0.33036
0.33731
0.36969
0.38517
0.39241
0.36984
0.31516
0.29506
0.33465
0.37831
0.44042
0.46645
0.63753
0.56458
0.57509
0.56534
0.56113
0.55054
0.70774
0.76886
0.78766
0.82575
0.83048
0.80609
0.80028
0.78385
0.76216
0.76205
0.76485
0.77576
0.78019
0.78997
0.78131
0.78862
0.79063
0.7632
0.80677
0.81495
0.73839
0.76294
0.85339
0.85134
0.75718
0.62088
0.57439
0.50361
0.4665
0.38063
0.30495
0.59503
0.63383
0.69255
0.73063
0.79773
0.83997
0.82902
0.79532
0.80014
0.77373
0.78271
0.86961
0.88907
0.79221
0.64067
0.58728
0.54778
0.53928
0.58583
0.55713
0.50135
0.55073
0.60891
0.61391
0.62505
0.74258
0.8388
0.78965
0.72633
0.68692
0.52704
0.47256
0.44076
0.42345
0.471
0.54845
0.71407
0.75299
0.76478
0.74168
0.75354
0.76534
0.77828
0.76558
0.74876
0.75552
0.75894
0.76505
0.76057
0.75658
0.74254
0.7372
0.73456
0.72602
0.71099
0.71452
0.70465
0.70954
0.70123
0.69838
0.69989
0.68856
0.65041
0.58515
0.52048
0.49984
0.55821
0.56414
0.5232
0.42672
0.34608
0.3505
0.34532
0.3404
0.39762
0.4049
0.4089
0.39426
0.39931
0.39251
0.38927
0.42897
0.47611
0.49005
0.47741
0.44496
0.43603
0.41906
0.41896
0.43071
0.43703
0.4252
0.39683
0.35877
0.32471
0.30154
0.29097
0.30953
0.34338
0.34592
0.29587
0.27654
0.26495
0.26873
0.26973
0.27182
0.32478
0.30729
0.28637
0.41627
0.27763
0.2318
0.23552
0.27383
0.30824
0.32371
0.30091
0.27869
0.2519
0.22851
0.21445
0.22321
0.2595
0.2467
0.21489
0.21414
0.23017
0.23201
0.23915
0.25016
0.28768
0.3289
0.3955
0.41614
0.46375
0.64594
0.6933
0.53541
0.45989
0.39074
0.39214
0.3926
0.36374
0.32862
0.31264
0.31907
0.31775
0.32484
0.32631
0.3338
0.32886
0.34326
0.35311
0.35757
0.35245
0.35434
0.35951
0.33013
0.31156
0.30702
0.29697
0.29557
0.32287
0.30511
0.31349
0.35239
0.32375
0.32202
0.30588
0.33069
0.334
0.33228
0.29096
0.28426
0.22143
0.1762
0.17059
0.18815
0.1989
0.21526
0.20659
0.20119
0.19407
0.1934
0.21271
0.3528
0.48589
0.55437
0.4871
0.33743
0.27937
0.23986
0.19771
0.2097
0.21954
0.23148
0.22361
0.25183
0.23897
0.21893
0.21566
0.23018
0.2564
0.41467
0.42799
0.47101
0.40467
0.54907
0.40413
0.60252
0.37091
0.36384
0.34998
0.31275
0.27386
0.21981
0.19795
0.30929
0.34789
0.3469
0.3336
0.3373
0.34929
0.33979
0.32898
0.31065
0.30634
0.2454
0.27153
0.29972
0.32679
0.33667
0.36544
0.37223
0.38714
0.39832
0.41236
0.39603
0.35061
0.34133
0.34453
0.353
0.36527
0.36194
0.34058
0.31698
0.32327
0.32469
0.32831
0.33754
0.35886
0.37109
0.37601
0.39348
0.40194
0.39841
0.39039
0.36255
0.34773
0.30471
0.24246
0.19403
0.17145
0.14898
0.12453
0.19287
0.25944
0.24826
0.22054
0.19945
0.21065
0.22459
0.2378
0.22914
0.24814
0.26868
0.29331
0.29207
0.29597
0.31779
0.35797
0.37495
0.36939
0.43836
0.39387
0.45224
0.50363
0.49992
0.46779
0.44218
0.4186
0.37611
0.33013
0.35714
0.36947
0.35047
0.30214
0.28695
0.3046
0.31252
0.31566
0.3073
0.30762
0.30649
0.30755
0.30457
0.30871
0.3027
0.31551
0.34538
0.40675
0.61026
0.6918
0.72509
0.7084
0.71733
0.66886
0.6751
0.67187
0.58635
0.53255
0.4205
0.39965
0.3821
0.36858
0.35867
0.35155
0.34512
0.32837
0.31277
0.29895
0.29866
0.29992
0.30003
0.34115
0.3342
0.31471
0.29807
0.2757
0.24363
0.21049
0.18666
0.17386
0.1648
0.16047
0.17504
0.19987
0.21258
0.21549
0.24797
0.33258
0.37609
0.44651
0.50253
0.6303
0.64326
0.68331
0.67139
0.67512
0.70534
0.68232
0.63265
0.50891
0.3493
0.37656
0.58337
0.43939
0.4847
0.28599
0.22638
0.13818
0.14758
0.13139
0.19367
0.21703
0.20032
0.17269
0.17215
0.18404
0.21143
0.20362
0.21397
0.21673
0.2151
0.22547
0.26633
0.28006
0.25751
0.27412
0.36076
0.27682
0.21336
0.18759
0.18025
0.18063
0.13917
0.1406
0.14251
0.24162
0.40615
0.40598
0.38956
0.39637
0.38485
0.35848
0.31959
0.27239
0.24638
0.22196
0.23579
0.19621
0.22448
0.22826
0.23089
0.23883
0.24643
0.25701
0.27605
0.30442
0.31907
0.2855
0.2977
0.29172
0.34106
0.39609
0.41235
0.53586
0.75481
0.75895
0.76378
0.75072
0.69794
0.68289
0.65125
0.58972
0.51714
0.50703
0.48881
0.44911
0.36349
0.31453
0.30447
0.30545
0.39373
0.44199
0.38993
0.4708
0.50883
0.38178
0.34519
0.3231
0.27614
0.25026
0.34257
0.4172
0.49859
0.52472
0.5746
0.62963
0.70885
0.69404
0.68663
0.67442
0.64138
0.63035
0.66476
0.66821
0.6224
0.61238
0.61635
0.6024
0.58958
0.50273
0.46388
0.43764
0.38395
0.34883
0.32134
0.30326
0.29074
0.28783
0.30099
0.35005
0.50959
0.49585
0.45779
0.41846
0.39483
0.36497
0.41904
0.54399
0.60948
0.62266
0.52919
0.39908
0.29773
0.25603
0.23606
0.23078
0.23608
0.24784
0.25201
0.24695
0.25047
0.25425
0.26657
0.26686
0.26897
0.2699
0.25988
0.2527
0.24749
0.25245
0.26626
0.29288
0.31148
0.32281
0.34075
0.35507
0.36242
0.37196
0.36835
0.3524
0.35669
0.33656
0.33175
0.34572
0.37534
0.39472
0.3981
0.39602
0.34045
0.3199
0.29466
0.2737
0.24559
0.23315
0.26762
0.26493
0.28086
0.26608
0.23874
0.29765
0.41921
0.65839
0.7596
0.76797
0.70611
0.59486
0.53593
0.54976
0.50853
0.4733
0.52696
0.27738
0.23418
0.15575
0.080813
0.073969
0.074221
0.073592
0.076713
0.080623
0.093669
0.10556
0.16577
0.16546
0.17645
0.17551
0.16653
0.16482
0.34842
0.40397
0.37395
0.35518
0.41969
0.50643
0.50125
0.50153
0.4567
0.30599
0.32675
0.33386
0.35335
0.30678
0.28751
0.2477
0.22051
0.1755
0.099904
0.081499
0.080301
0.13889
0.23388
0.26631
0.26493
0.37687
0.52055
0.65052
0.42794
0.35701
0.38383
0.3432
0.35532
0.35954
0.34459
0.40194
0.38289
0.35536
0.40293
0.35081
0.3532
0.34623
0.33549
0.30369
0.28227
0.27307
0.25854
0.24519
0.21116
0.13601
0.1154
0.10639
0.11385
0.18186
0.16726
0.16013
0.16965
0.28952
0.31731
0.26571
0.27138
0.29633
0.3588
0.3494
0.42188
0.45686
0.36436
0.33147
0.29064
0.43159
0.37387
0.37606
0.47896
0.39626
0.36132
0.37321
0.33199
0.30744
0.29279
0.33298
0.45286
0.61946
0.4994
0.58883
0.67043
0.66851
0.62021
0.46029
0.41737
0.35901
0.33772
0.33949
0.35395
0.3364
0.33336
0.35493
0.38362
0.50233
0.5508
0.57726
0.4922
0.3954
0.357
0.33402
0.31696
0.3115
0.311
0.31121
0.30009
0.26997
0.24043
0.21455
0.197
0.18158
0.17986
0.1845
0.18988
0.21741
0.25101
0.35611
0.48052
0.6498
0.67142
0.72192
0.65045
0.53486
0.48445
0.39657
0.31629
0.27514
0.24919
0.24473
0.26513
0.28206
0.28723
0.26162
0.24854
0.24021
0.23542
0.23193
0.23005
0.23087
0.2203
0.21272
0.20412
0.20177
0.20386
0.22257
0.22244
0.21302
0.19899
0.18818
0.17431
0.17078
0.16389
0.15586
0.15024
0.15278
0.16204
0.18226
0.20749
0.22829
0.24864
0.27921
0.32705
0.34007
0.31862
0.32078
0.32334
0.33163
0.33275
0.30665
0.29121
0.27267
0.25926
0.24391
0.23077
0.21645
0.2121
0.20296
0.20973
0.21705
0.22505
0.23042
0.23482
0.23132
0.2258
0.22157
0.21763
0.21503
0.20486
0.18616
0.16548
0.12705
0.11387
0.098793
0.10691
0.099323
0.11235
0.15331
0.16107
0.1732
0.17873
0.17215
0.14636
0.15218
0.19204
0.24727
0.24829
0.2154
0.21482
0.18024
0.18071
0.18339
0.17918
0.19683
0.21677
0.21261
0.20609
0.20453
0.20738
0.23319
0.35326
0.4033
0.42522
0.45489
0.44584
0.41443
0.40664
0.44261
0.53295
0.59056
0.56681
0.5924
0.60039
0.60453
0.62134
0.61185
0.61927
0.62173
0.65747
0.63593
0.46296
0.31072
0.25303
0.25136
0.25915
0.25146
0.23152
0.21427
0.1957
0.18875
0.19413
0.1927
0.19387
0.19314
0.18685
0.18428
0.17991
0.17348
0.17022
0.17454
0.18142
0.19142
0.19433
0.19648
0.20092
0.20819
0.21158
0.21194
0.22189
0.21853
0.19932
0.16023
0.22586
0.22699
0.24977
0.25701
0.26458
0.27321
0.25378
0.26149
0.24958
0.25139
0.25633
0.25395
0.24921
0.24834
0.24177
0.23949
0.23732
0.23628
0.23943
0.25016
0.24414
0.23978
0.22898
0.22027
0.22629
0.20743
0.21716
0.2295
0.22943
0.24761
0.25484
0.25631
0.25633
0.24797
0.23515
0.20685
0.17972
0.17482
0.15984
0.15099
0.14577
0.14165
0.18766
0.2872
0.30812
0.28941
0.29253
0.27582
0.2707
0.27211
0.29314
0.30405
0.30647
0.32073
0.28419
0.21539
0.19486
0.18652
0.20654
0.21117
0.25425
0.31398
0.30682
0.30971
0.25065
0.18525
0.15771
0.16059
0.17125
0.19679
0.21124
0.22537
0.24666
0.24435
0.23031
0.22301
0.22016
0.23121
0.27255
0.30471
0.2994
0.29534
0.27156
0.26348
0.64174
0.72433
0.75986
0.71882
0.71677
0.7158
0.698
0.63189
0.56303
0.58034
0.58921
0.40096
0.37547
0.38735
0.48145
0.51575
0.46783
0.42968
0.40395
0.3689
0.32327
0.28779
0.26609
0.26619
0.25174
0.22755
0.18906
0.17585
0.12294
0.10004
0.097143
0.12419
0.16353
0.19054
0.21555
0.25984
0.27928
0.29518
0.38752
0.47991
0.69857
0.70341
0.67605
0.71591
0.70219
0.67228
0.68349
0.5255
0.5084
0.68493
0.64496
0.74101
0.74715
