0.18946
0.19849
0.20999
0.19977
0.17403
0.12476
0.087489
0.077946
0.069459
0.070271
0.069964
0.064547
0.05936
0.055993
0.059477
0.062757
0.065924
0.071986
0.079926
0.10484
0.13592
0.13958
0.15065
0.14332
0.1399
0.12595
0.10528
0.10376
0.13468
0.18198
0.36046
0.62538
0.70468
0.64081
0.4252
0.55447
0.48432
0.5191
0.53035
0.52422
0.48528
0.30477
0.23824
0.22691
0.21351
0.194
0.14571
0.15125
0.15925
0.15905
0.21458
0.19571
0.17154
0.12397
0.15161
0.1384
0.1064
0.10306
0.11048
0.12067
0.12375
0.11717
0.73666
0.72215
0.70927
0.66178
0.47319
0.37723
0.34966
0.36961
0.33228
0.4117
0.69502
0.61884
0.53791
0.39298
0.26519
0.18854
0.1955
0.14173
0.1141
0.097664
0.13186
0.1385
0.12793
0.13685
0.14731
0.17108
0.21473
0.26773
0.51569
0.57796
0.65305
0.68257
0.7672
0.75203
0.62991
0.59701
0.6358
0.71214
0.72082
0.69022
0.65121
0.61282
0.56253
0.56853
0.5787
0.48364
0.4337
0.37563
0.24986
0.23522
0.17592
0.16756
0.15056
0.12377
0.11905
0.16964
0.27717
0.31504
0.36892
0.34851
0.26799
0.28524
0.29419
0.29624
0.28562
0.31149
0.33044
0.34281
0.33801
0.31861
0.29546
0.29461
0.28403
0.27232
0.23733
0.18496
0.27448
0.35854
0.61532
0.66135
0.69041
0.712
0.68238
0.6129
0.58462
0.48748
0.43753
0.50963
0.57985
0.62216
0.73446
0.72932
0.55235
0.44084
0.35406
0.25986
0.26153
0.18678
0.17077
0.1728
0.20417
0.21206
0.20774
0.20327
0.19469
0.2052
0.23206
0.22981
0.26413
0.27653
0.26954
0.28401
0.27465
0.29513
0.30787
0.32784
0.33407
0.33856
0.34109
0.33659
0.33378
0.32374
0.32134
0.33693
0.37006
0.49392
0.58638
0.56267
0.59374
0.56477
0.46002
0.44065
0.40919
0.39356
0.39033
0.37043
0.35885
0.36007
0.37204
0.4101
0.55601
0.62977
0.62377
0.62622
0.58673
0.53691
0.45928
0.41974
0.41176
0.37132
0.34499
0.30477
0.26039
0.21899
0.17419
0.1358
0.13269
0.13242
0.13889
0.19775
0.19772
0.19808
0.19495
0.19148
0.19725
0.21039
0.2139
0.21237
0.22371
0.22857
0.2164
0.20158
0.18365
0.1574
0.12429
0.11374
0.10868
0.10743
0.10329
0.10709
0.10701
0.11536
0.12167
0.14145
0.13075
0.12732
0.12545
0.14253
0.15314
0.15481
0.13451
0.11883
0.12082
0.13916
0.27652
0.34737
0.33466
0.30356
0.22426
0.23381
0.26169
0.25233
0.27557
0.32805
0.56829
0.60009
0.66435
0.67211
0.68051
0.66997
0.65805
0.62656
0.54503
0.4656
0.30945
0.24304
0.21477
0.21692
0.23312
0.21974
0.20869
0.18761
0.16852
0.15512
0.14625
0.12728
0.11435
0.13216
0.15317
0.22586
0.22474
0.25389
0.201
0.21729
0.22375
0.21271
0.20265
0.19941
0.20916
0.22409
0.35777
0.63725
0.71004
0.71434
0.69365
0.64588
0.514
0.4048
0.3511
0.31305
0.23421
0.36572
0.47273
0.58174
0.58757
0.56934
0.55493
0.53022
0.44694
0.59044
0.67421
0.68781
0.6713
0.66454
0.62492
0.61406
0.57032
0.50115
0.45576
0.44214
0.41308
0.39479
0.40641
0.44325
0.43412
0.45034
0.51372
0.52755
0.52274
0.55052
0.61754
0.54472
0.47254
0.39093
0.33254
0.34479
0.34485
0.33493
0.31734
0.29999
0.29187
0.28955
0.29289
0.29045
0.27896
0.25543
0.23209
0.24022
0.23669
0.22379
0.22103
0.21409
0.2086
0.1972
0.19404
0.17471
0.16042
0.1358
0.11742
0.11319
0.097311
0.084498
0.080189
0.077137
0.070474
0.069661
0.073548
0.097245
0.12354
0.1192
0.097701
0.087042
0.062787
0.063562
0.060093
0.062267
0.076371
0.10055
0.18431
0.21534
0.23108
0.27197
0.34308
0.4162
0.42829
0.47142
0.51049
0.2495
0.26577
0.24254
0.38841
0.4555
0.3144
0.28593
0.25414
0.22437
0.23665
0.22832
0.23
0.20781
0.19812
0.18538
0.17188
0.1959
0.53217
0.65807
0.69998
0.71433
0.72427
0.74373
0.73563
0.70017
0.59731
0.3974
0.3024
0.39776
0.55767
0.66884
0.66689
0.67238
0.68454
0.6813
0.66053
0.66327
0.6649
0.63406
0.57007
0.48818
0.53537
0.67014
0.65269
0.62818
0.55248
0.61488
0.49445
0.48461
0.42971
0.36861
0.52771
0.44963
0.66767
0.74114
0.69722
0.69424
0.68284
0.53324
0.4521
0.52469
0.68892
0.68768
0.50516
0.27198
0.19123
0.13386
0.10564
0.11873
0.14963
0.15661
0.19968
0.20649
0.22092
0.20265
0.25265
0.31158
0.24371
0.24333
0.23309
0.19743
0.17649
0.19224
0.23588
0.68274
0.62658
0.6074
0.60008
0.59465
0.65629
0.62444
0.52279
0.46551
0.49011
0.44172
0.28343
0.24554
0.24086
0.2396
0.24369
0.24448
0.26515
0.27754
0.32324
0.44797
0.53753
0.59078
0.60944
0.55213
0.46511
0.33992
0.28351
0.24944
0.2426
0.23371
0.22596
0.22838
0.21459
0.19423
0.18883
0.16142
0.1788
0.15557
0.11898
0.094087
0.094
0.1111
0.11076
0.11823
0.20868
0.29295
0.29165
0.26279
0.24825
0.19056
0.2054
0.38344
0.33891
0.24787
0.15574
0.10763
0.10918
0.12934
0.13025
0.18301
0.31296
0.37218
0.21184
0.20118
0.22388
0.22927
0.23006
0.21486
0.19693
0.19183
0.18721
0.20157
0.1975
0.21467
0.21063
0.19459
0.19189
0.20981
0.22341
0.25323
0.25846
0.28731
0.30059
0.29843
0.29027
0.29122
0.29944
0.31584
0.32638
0.33646
0.34093
0.32968
0.30579
0.29031
0.26482
0.26465
0.32585
0.30606
0.28922
0.28733
0.29064
0.28255
0.27576
0.26761
0.2693
0.25799
0.25315
0.23617
0.22499
0.2226
0.21482
0.20103
0.19976
0.21432
0.26524
0.24971
0.28949
0.25981
0.28716
0.31499
0.34848
0.29912
0.2904
0.29899
0.29423
0.28564
0.27676
0.29087
0.3551
0.44357
0.42762
0.53105
0.5481
0.53723
0.57769
0.67473
0.62708
0.44269
0.42343
0.48355
0.33192
0.27361
0.24991
0.23776
0.22983
0.20681
0.19536
0.1889
0.17153
0.14077
0.16593
0.16797
0.19498
0.20831
0.22255
0.23118
0.23723
0.23211
0.23481
0.24357
0.26101
0.30325
0.28706
0.27723
0.2965
0.3208
0.32104
0.30947
0.26488
0.21711
0.17702
0.16597
0.18655
0.20708
0.23176
0.24365
0.23745
0.21481
0.17895
0.15641
0.16196
0.17802
0.23892
0.27445
0.26989
0.25774
0.28769
0.29958
0.27698
0.26526
0.29075
0.35336
0.31243
0.29235
0.28649
0.27099
0.25819
0.2511
0.24984
0.2408
0.23606
0.27078
0.28582
0.28503
0.29746
0.32705
0.39428
0.52453
0.64177
0.65761
0.38596
0.25803
0.22658
0.22942
0.2318
0.20391
0.20402
0.19195
0.13272
0.11344
0.12812
0.14563
0.16416
0.1789
0.22704
0.27025
0.25361
0.17156
0.2128
0.20751
0.18166
0.16704
0.19658
0.22232
0.23225
0.2441
0.23743
0.2385
0.20261
0.20495
0.2318
0.26627
0.25736
0.25184
0.24961
0.25841
0.25964
0.23513
0.23127
0.22531
0.2127
0.21158
0.20928
0.22115
0.22222
0.24723
0.26183
0.26815
0.27127
0.27029
0.26926
0.27611
0.2772
0.27812
0.26756
0.25961
0.24522
0.27301
0.27747
0.29051
0.29183
0.29149
0.30698
0.35768
0.53983
0.54447
0.54096
0.54955
0.61802
0.47144
0.40977
0.41926
0.39294
0.24452
0.21953
0.22465
0.24314
0.26598
0.27853
0.27089
0.24733
0.26414
0.23769
0.19816
0.19597
0.2904
0.34663
0.39498
0.4808
0.565
0.30751
0.23576
0.23034
0.23634
0.27567
0.30241
0.31885
0.352
0.53278
0.76816
0.71608
0.61675
0.70127
0.80633
0.59586
0.3524
0.28129
0.26726
0.25756
0.26614
0.27176
0.2973
0.29911
0.28218
0.28085
0.28619
0.29857
0.295
0.31275
0.55639
0.63702
0.65916
0.64265
0.61735
0.58769
0.61344
0.53451
0.49479
0.38471
0.36552
0.32515
0.2984
0.27612
0.27121
0.27334
0.27873
0.30524
0.29607
0.27857
0.26201
0.25224
0.25059
0.24649
0.25104
0.27503
0.27164
0.25663
0.2436
0.24652
0.26557
0.33642
0.42397
0.43597
0.45329
0.47599
0.51591
0.70238
0.73616
0.74967
0.75647
0.72931
0.72474
0.69756
0.41432
0.31611
0.2986
0.31315
0.18488
0.17678
0.14993
0.15517
0.1659
0.17326
0.21286
0.19861
0.20459
0.23061
0.20509
0.19052
0.23651
0.25882
0.29307
0.32471
0.31774
0.33747
0.33555
0.31777
0.3064
0.29032
0.31704
0.25698
0.29004
0.29023
0.27401
0.26135
0.23016
0.22639
0.21825
0.22069
0.29263
0.31505
0.42623
0.45256
0.51305
0.49016
0.57506
0.52001
0.42967
0.4685
0.52315
0.55662
0.68709
0.65957
0.64112
0.61231
0.51615
0.62067
0.3439
0.27933
0.24144
0.21424
0.23868
0.25568
0.26474
0.25406
0.22576
0.17096
0.10471
0.09955
0.14534
0.18306
0.20822
0.21641
0.2569
0.29186
0.31305
0.29519
0.34891
0.40245
0.44601
0.61368
0.51042
0.33692
0.30949
0.29364
0.29779
0.32068
0.32811
0.31713
0.2798
0.26192
0.25634
0.25415
0.26013
0.27478
0.289
0.30104
0.30444
0.30525
0.31087
0.31312
0.31907
0.32957
0.35528
0.33198
0.31668
0.29319
0.26341
0.30095
0.34116
0.34381
0.28615
0.31442
0.31898
0.34355
0.34362
0.31543
0.2938
0.28112
0.27302
0.21264
0.27388
0.34081
0.36751
0.45797
0.51857
0.63938
0.67336
0.72142
0.73133
0.75899
0.76158
0.72874
0.70243
0.72151
0.72328
0.71548
0.6998
0.69685
0.68013
0.65323
0.62623
0.57694
0.52662
0.53326
0.48269
0.36964
0.29859
0.27735
0.25203
0.22056
0.2086
0.2218
0.23626
0.21836
0.21306
0.21653
0.20999
0.21806
0.21845
0.22832
0.23552
0.1929
0.17267
0.15721
0.15832
0.14843
0.174
0.18863
0.17111
0.15849
0.17723
0.16269
0.15518
0.16133
0.18736
0.19894
0.20236
0.19132
0.25624
0.34982
0.36768
0.40621
0.47533
0.51564
0.63377
0.73245
0.72889
0.79241
0.81936
0.7688
0.74688
0.69617
0.67269
0.65271
0.59416
0.69497
0.68851
0.51343
0.47947
0.45043
0.4355
0.41774
0.41332
0.42533
0.43828
0.48827
0.52865
0.57631
0.52358
0.47201
0.45256
0.4621
0.45131
0.30689
0.27709
0.26327
0.26605
0.2936
0.34564
0.43219
0.45122
0.47654
0.49459
0.50057
0.49654
0.503
0.55267
0.55039
0.48221
0.53479
0.56639
0.57514
0.56183
0.53974
0.51011
0.57346
0.57293
0.48473
0.43955
0.4086
0.39924
0.37273
0.33507
0.31848
0.26603
0.30672
0.31479
0.34267
0.36678
0.44787
0.57975
0.6198
0.63826
0.66122
0.7366
0.76679
0.81941
0.83476
0.84815
0.84775
0.8127
0.77134
0.75095
0.74858
0.80849
0.79126
0.79482
0.78321
0.76615
0.73953
0.73435
0.75705
0.76793
0.71741
0.6754
0.63425
0.59456
0.51773
0.45891
0.47751
0.55064
0.51384
0.48354
0.44068
0.37123
0.3002
0.28186
0.28501
0.26915
0.35271
0.3965
0.42252
0.37256
0.34455
0.39828
0.55042
0.64698
0.64363
0.55727
0.56176
0.56054
0.52751
0.5266
0.54071
0.47781
0.46073
0.52012
0.50367
0.52512
0.53618
0.55725
0.5508
0.53516
0.61058
0.48117
0.36957
0.39791
0.40404
0.42942
0.40127
0.40071
0.3511
0.31373
0.3023
0.30099
0.31667
0.30889
0.30161
0.34228
0.305
0.2569
0.27407
0.27688
0.25817
0.27362
0.3336
0.31859
0.27512
0.24693
0.23832
0.23469
0.22509
0.25308
0.31111
0.31206
0.28833
0.28238
0.27887
0.26866
0.28774
0.31893
0.37818
0.39218
0.36081
0.36925
0.38252
0.37183
0.36622
0.38138
0.45382
0.70076
0.74709
0.63504
0.60706
0.65211
0.68597
0.60306
0.59644
0.51821
0.42928
0.37593
0.31093
0.22234
0.21122
0.21091
0.21512
0.23325
0.24245
0.30498
0.34345
0.41453
0.48606
0.5061
0.50977
0.52988
0.48567
0.4527
0.33376
0.26637
0.27681
0.26132
0.28147
0.2996
0.31349
0.29658
0.26694
0.28221
0.31467
0.34881
0.57716
0.564
0.60611
0.51548
0.55723
0.50388
0.34481
0.42396
0.45295
0.43586
0.36712
0.21539
0.18729
0.16146
0.13739
0.14813
0.20708
0.27193
0.25811
0.23878
0.22906
0.24807
0.45505
0.45745
0.47511
0.52198
0.53568
0.519
0.49182
0.45669
0.4344
0.42282
0.41464
0.40721
0.41023
0.38358
0.353
0.33485
0.31334
0.29646
0.29734
0.31735
0.36104
0.37398
0.36647
0.35295
0.32481
0.3065
0.36851
0.42937
0.47364
0.48399
0.3938
0.31549
0.29563
0.25683
0.29728
0.35533
0.36727
0.39893
0.38047
0.33904
0.32954
0.34868
0.38637
0.43124
0.46282
0.47301
0.45412
0.4228
0.4033
0.38433
0.39464
0.38972
0.40992
0.37821
0.35631
0.32255
0.3176
0.33776
0.37224
0.39844
0.39712
0.38059
0.36461
0.33214
0.3215
0.30437
0.30206
0.33119
0.34699
0.36046
0.36187
0.37775
0.38451
0.382
0.37175
0.41511
0.46484
0.48305
0.45512
0.46641
0.53113
0.57531
0.59104
0.60498
0.58017
0.55087
0.46664
0.40622
0.37428
0.36678
0.36282
0.37311
0.40276
0.41504
0.41168
0.40839
0.39114
0.43488
0.4954
0.55591
0.61824
0.64521
0.62716
0.5967
0.56038
0.52947
0.51525
0.59802
0.66883
0.6712
0.63681
0.60351
0.52049
0.43477
0.43844
0.45768
0.48053
0.45732
0.40963
0.38551
0.35857
0.34481
0.34263
0.36109
0.39067
0.34814
0.29276
0.2552
0.23519
0.22485
0.22003
0.22491
0.25653
0.29851
0.29729
0.27761
0.25902
0.33667
0.44923
0.71318
0.80639
0.78918
0.58304
0.54968
0.68426
0.69783
0.67669
0.75701
0.71047
0.6356
0.61518
0.51974
0.52929
0.47298
0.43715
0.51502
0.55223
0.64468
0.68147
0.67818
0.45819
0.45689
0.43658
0.44384
0.46397
0.46404
0.47831
0.41672
0.38545
0.35607
0.36412
0.39995
0.44757
0.41579
0.37737
0.3705
0.34295
0.31846
0.3124
0.33822
0.38342
0.43665
0.4214
0.39411
0.39706
0.42458
0.45609
0.50872
0.66279
0.73401
0.77748
0.74465
0.72021
0.71887
0.75194
0.75234
0.71088
0.70486
0.61284
0.56459
0.52514
0.59964
0.72433
0.75547
0.75642
0.74288
0.69908
0.6418
0.64613
0.68221
0.71562
0.73944
0.7695
0.77585
0.7569
0.72807
0.72722
0.6649
0.61914
0.62129
0.63911
0.61109
0.46906
0.40017
0.38632
0.37438
0.38628
0.41649
0.43587
0.35417
0.31561
0.2581
0.20508
0.21377
0.24927
0.26958
0.23481
0.19994
0.22064
0.21623
0.19347
0.2664
0.23937
0.26731
0.28182
0.30219
0.32173
0.30694
0.33392
0.37869
0.43616
0.49327
0.7868
0.80936
0.68418
0.56177
0.54383
0.54616
0.58133
0.62781
0.64829
0.65889
0.63324
0.64658
0.62945
0.67257
0.69019
0.68003
0.7234
0.73178
0.70315
0.66228
0.59713
0.53857
0.51089
0.53152
0.52208
0.49558
0.45633
0.45234
0.4503
0.44829
0.4634
0.47189
0.49568
0.51676
0.49972
0.46947
0.48486
0.57851
0.62429
0.60385
0.661
0.67206
0.61619
0.57544
0.54236
0.52339
0.52421
0.52633
0.54174
0.53193
0.48438
0.44958
0.41859
0.39546
0.42024
0.49938
0.53288
0.50756
0.51758
0.52249
0.51828
0.51373
0.53407
0.54999
0.56728
0.57454
0.54541
0.50071
0.49536
0.47975
0.53442
0.58858
0.61078
0.60043
0.63329
0.60476
0.54866
0.50412
0.46793
0.45737
0.40854
0.37733
0.38895
0.38109
0.37113
0.35947
0.35986
0.36548
0.35448
0.33763
0.31822
0.32231
0.32086
0.30981
0.30521
0.33283
0.34481
0.32819
0.27708
0.26589
0.25293
0.21785
0.23852
0.29532
0.29103
0.2855
0.27698
0.25887
0.25317
0.24829
0.26163
0.2604
0.25315
0.20644
0.25267
0.2964
0.29382
0.29863
0.32109
0.32612
0.33248
0.31699
0.30357
0.28122
0.26711
0.25081
0.26106
0.2821
0.30081
0.3148
0.3127
0.29684
0.31693
0.33973
0.33883
0.38224
0.43068
0.43095
0.4067
0.38681
0.35741
0.35608
0.35509
0.36082
0.36135
0.38794
0.40625
0.39668
0.44289
0.48056
0.55072
0.68952
0.6039
0.47687
0.42627
0.39568
0.39547
0.38585
0.37736
0.40031
0.4255
0.41062
0.36168
0.33294
0.28688
0.2153
0.20258
0.19936
0.21374
0.24747
0.29962
0.31276
0.31149
0.31773
0.32665
0.36835
0.34428
0.37665
0.38138
0.35725
0.35557
0.36692
0.41659
0.4766
0.54694
0.59706
0.64274
0.71111
0.66491
0.68008
0.7085
0.74999
0.77147
0.74227
0.64939
0.41766
0.39916
0.39475
0.3961
0.40822
0.39809
0.38375
0.44564
0.54815
0.69444
0.70455
0.73046
0.67981
0.63713
0.57227
0.39887
0.37591
0.38039
0.391
0.42531
0.40008
0.40439
0.35535
0.32219
0.31911
0.31298
0.33392
0.37077
0.38495
0.41222
0.40698
0.40488
0.37865
0.36221
0.34743
0.35018
0.3464
0.29875
0.20222
0.20239
0.25595
0.24794
0.27546
0.31253
0.27448
0.24163
0.23645
0.26301
0.30384
0.34055
0.37722
0.45006
0.46274
0.41057
0.36274
0.3363
0.36167
0.36138
0.37702
0.41584
0.42878
0.44847
0.40956
0.37879
0.3728
0.36085
0.36237
0.36837
0.60441
0.74247
0.70308
0.59578
0.45828
0.37839
0.35903
0.34572
0.35521
0.41087
0.40969
0.51178
0.56654
0.5679
0.58344
0.69166
0.73642
0.70158
0.70955
0.71974
0.72496
0.71458
0.70611
0.75722
0.77139
0.78053
0.7761
0.70343
0.5412
0.43235
0.39588
0.37266
0.36027
0.34086
0.33373
0.3165
0.32952
0.32506
0.29068
0.30989
0.33902
0.39817
0.42218
0.44315
0.66367
0.74116
0.74562
0.75876
0.73423
0.73946
0.71421
0.66069
0.68053
0.70946
0.75151
0.77402
0.79304
0.79948
0.79406
0.74069
0.70791
0.67044
0.67963
0.70939
0.68111
0.58481
0.53167
0.49858
0.46112
0.42937
0.40888
0.39695
0.40287
0.38169
0.33884
0.32491
0.32601
0.33471
0.44331
0.5242
0.52816
0.65025
0.71033
0.63655
0.55981
0.53367
0.56556
0.60781
0.78597
0.79433
0.7991
0.80175
0.80554
0.7942
0.79036
0.81846
0.80727
0.80573
0.81644
0.79258
0.75261
0.73783
0.7434
0.77005
0.80323
0.80552
0.79322
0.74264
0.75018
0.7344
0.75252
0.76996
0.76136
0.78302
0.79798
0.76179
0.77216
0.75456
0.74303
0.73654
0.66231
0.51429
0.43647
0.42591
0.44318
0.49037
0.56875
0.7206
0.75841
0.76584
0.75405
0.80066
0.78721
0.80313
0.81079
0.77861
0.80036
0.76042
0.72084
0.70889
0.68515
0.6744
0.68692
0.7283
0.73147
0.75565
0.77468
0.78355
0.78289
0.78403
0.79018
0.80232
0.80327
0.79574
0.78792
0.7941
0.74324
0.70382
0.74239
0.78434
0.77119
0.7789
0.72698
0.72269
0.69789
0.67761
0.67312
0.70436
0.70016
0.69937
0.70648
0.63226
0.57087
0.5821
0.58012
0.54258
0.55273
0.50934
0.47754
0.45859
0.41188
0.35528
0.34702
0.33783
0.37815
0.35178
0.35454
0.30942
0.2468
0.29373
0.29385
0.25296
0.24549
0.28089
0.28823
0.26618
0.25075
0.27865
0.3127
0.28568
0.28308
0.30878
0.55652
0.50631
0.47762
0.4044
0.357
0.28759
0.38374
0.53902
0.80354
0.80908
0.83751
0.7454
0.71509
0.73748
0.66996
0.73566
0.774
0.75256
0.85767
0.82095
0.85687
0.91802
0.8429
0.75312
0.61834
0.52883
0.50214
0.51185
0.5323
0.54522
0.57345
0.81297
0.87319
0.87356
0.91434
0.87641
0.80051
0.84352
0.84386
0.85446
0.83122
0.80628
0.79183
0.72871
0.72259
0.67465
0.64229
0.61753
0.45482
0.40726
0.45064
0.48059
0.56732
0.57483
0.56485
0.52509
0.52034
0.50921
0.52377
0.56219
0.68091
0.66779
0.55398
0.49139
0.48029
0.45191
0.4456
0.45181
0.46044
0.44012
0.42104
0.40243
0.39745
0.3787
0.38061
0.38645
0.35427
0.30666
0.2708
0.2223
0.20076
0.1633
0.16151
0.18958
0.18647
0.16687
0.16402
0.1814
0.20353
0.21515
0.25419
0.37508
0.76317
0.75059
0.71376
0.64106
0.66125
0.7479
0.81812
0.79314
0.7893
0.7834
0.7809
0.7657
0.73316
0.70805
0.67548
0.65527
0.66707
0.70527
0.69262
0.63436
0.62406
0.60211
0.67942
0.80876
0.82104
0.79378
0.75354
0.72396
0.71889
0.70278
0.62638
0.57658
0.5241
0.44198
0.40425
0.41578
0.44892
0.45352
0.42865
0.45326
0.44514
0.35353
0.29729
0.25833
0.21381
0.18486
0.17459
0.18986
0.24007
0.31263
0.38519
0.64795
0.75839
0.71069
0.70497
0.67559
0.6152
0.6331
0.64954
0.64321
0.61156
0.50278
0.42036
0.40675
0.37572
0.33921
0.32322
0.32117
0.31679
0.30844
0.31895
0.34123
0.32854
0.32041
0.32233
0.35708
0.46454
0.57809
0.62885
0.74243
0.77243
0.75717
0.74077
0.73559
0.81493
0.78757
0.77292
0.80911
0.81129
0.70662
0.71038
0.68681
0.60101
0.56709
0.48048
0.42494
0.34321
0.28418
0.26715
0.25121
0.2488
0.25005
0.2516
0.26786
0.26455
0.23497
0.21505
0.20071
0.17788
0.17391
0.18322
0.18863
0.19606
0.19426
0.19351
0.19709
0.20189
0.21229
0.23538
0.28743
0.3374
0.37091
0.44481
0.52498
0.56391
0.61134
0.73906
0.73712
0.71242
0.69453
0.74183
0.72115
0.63838
0.57548
0.54932
0.46637
0.37866
0.33248
0.30413
0.29276
0.28546
0.2836
0.2906
0.29862
0.293
0.28504
0.29221
0.31123
0.31701
0.30439
0.30011
0.30581
0.31571
0.3084
0.33056
0.57162
0.54531
0.42188
0.34714
0.3169
0.26292
0.24786
0.21409
0.20801
0.17549
0.11696
0.093607
0.12791
0.55068
0.28284
0.20967
0.19254
0.1938
0.19989
0.25974
0.24844
0.24354
0.47972
0.70823
0.73506
0.74379
0.71818
0.77675
0.76692
0.78798
0.77481
0.79302
0.70031
0.64909
0.64092
0.63658
0.66819
0.67429
0.64819
0.63101
0.61249
0.49416
0.36131
0.27388
0.28135
0.23895
0.23546
0.21617
0.22999
0.26706
0.24763
0.20201
0.20217
0.21184
0.22219
0.33514
0.37317
0.32785
0.33547
0.33264
0.32863
0.33105
0.32061
0.29881
0.29474
0.32198
0.32666
0.33915
0.37415
0.36409
0.33589
0.32873
0.37667
0.39326
0.43894
0.45689
0.41778
0.38722
0.34307
0.32069
0.32543
0.32465
0.3243
0.3133
0.28286
0.26769
0.26537
0.26241
0.24942
0.25331
0.26749
0.27234
0.30224
0.36233
0.43406
0.4806
0.72379
0.7463
0.74737
0.74747
0.73102
0.64886
0.57898
0.51387
0.47855
0.46773
0.36776
0.30765
0.29804
0.39663
0.41133
0.46908
0.42068
0.39281
0.37453
0.34995
0.34566
0.32465
0.3006
0.29246
0.28434
0.27497
0.26118
0.24441
0.23427
0.21659
0.19764
0.1743
0.1706
0.17535
0.17202
0.18208
0.1954
0.18649
0.17918
0.19725
0.26205
0.3191
0.32658
0.35746
0.37297
0.36364
0.3913
0.39124
0.40203
0.38772
0.28874
0.30294
0.41787
0.52489
0.46606
0.47606
0.41318
0.33869
0.29381
0.26854
0.25833
0.23623
0.22365
0.17748
0.14545
0.15081
0.15451
0.17049
0.2147
0.23535
0.23034
0.21991
0.21094
0.20265
0.19364
0.19479
0.19016
0.17524
0.17191
0.16874
0.16093
0.16348
0.16226
0.16119
0.15892
0.16776
0.16782
0.17334
0.16915
0.17246
0.18834
0.19691
0.20841
0.21487
0.24163
0.28057
0.27879
0.29087
0.28291
0.25634
0.22203
0.20353
0.19921
0.20735
0.21895
0.23602
0.27555
0.30298
0.3104
0.32263
0.32743
0.35578
0.39159
0.43561
0.44243
0.51893
0.37153
0.21614
0.16809
0.15256
0.16735
0.14463
0.15414
0.14354
0.18566
0.18766
0.17956
0.17853
0.19781
0.1943
0.20314
0.17479
0.21385
0.21714
0.18882
0.16939
0.15552
0.18951
0.25885
0.32633
0.35263
0.40884
0.38641
0.31127
0.25611
0.25565
0.29568
0.28827
0.20882
0.23555
0.24568
0.24306
0.23615
0.22064
0.19967
0.18514
0.20554
0.20515
0.20412
0.20284
0.17979
0.1679
0.16458
0.16543
0.1541
0.15203
0.15761
0.15556
0.1597
0.15278
0.14967
0.14575
0.14034
0.13114
0.12297
0.13933
0.2126
0.30861
0.34833
0.29141
0.3154
0.27152
0.25498
0.21929
0.19073
0.16701
0.17099
0.17076
0.17372
0.16888
0.2279
0.29564
0.26913
0.23881
0.30194
0.28002
0.23919
0.20645
0.21215
0.21269
0.20902
0.16434
0.11151
0.069311
0.077041
0.42774
0.40858
0.6862
0.59341
0.49516
0.54177
0.24737
0.26434
0.27352
0.26896
0.25183
0.24723
0.23349
0.21561
0.209
0.21315
0.218
0.22062
0.2352
0.2309
0.24104
0.25037
0.26412
0.26506
0.25567
0.25491
0.25213
0.25183
0.25073
0.24148
0.23501
0.22202
0.22093
0.21119
0.21226
0.23442
0.25808
0.25144
0.2503
0.25169
0.2462
0.22922
0.13818
0.093601
0.16294
0.26816
0.2881
0.26162
0.1864
0.19719
0.21753
0.22009
0.22746
0.26062
0.26581
0.29518
0.27912
0.24158
0.24262
0.23447
0.21514
0.20123
0.20105
0.20088
0.20602
0.21227
0.21793
0.20686
0.21553
0.22364
0.22095
0.20548
0.19283
0.19778
0.15084
0.096691
0.09733
0.12694
0.2534
0.30429
0.31914
0.43871
0.32929
0.29792
0.28716
0.26765
0.32524
0.34776
0.49104
0.73811
0.75438
0.66339
0.63447
0.66144
0.68328
0.72308
0.72016
0.62804
0.69015
0.70273
0.69443
0.70757
0.54563
0.37673
0.41104
0.32766
0.25414
0.23357
0.17381
0.16272
0.19137
0.19451
0.19971
0.21024
0.21172
0.21534
0.23745
0.28077
0.4611
0.56463
0.64661
0.67181
0.70287
0.71477
0.7115
0.66032
0.60134
0.59573
0.69516
0.64612
0.56729
0.63419
0.66887
0.6537
0.63336
0.69667
0.59181
0.67542
0.67798
0.52014
0.47115
0.48543
0.23525
0.23072
0.19282
0.24665
0.24092
0.24728
0.2916
0.32714
0.32208
0.37645
0.469
0.5234
0.48323
0.39002
0.28921
0.26344
0.25531
0.26445
0.26507
0.26562
0.26795
0.27618
0.27631
0.27632
0.27688
0.27768
0.28139
0.26888
0.24955
0.23149
0.1911
0.16656
0.14254
0.12272
0.10956
0.099273
0.10459
0.096602
0.12327
0.16061
0.27652
0.31707
0.35898
0.37908
0.35219
0.35162
0.27051
0.26719
0.31416
0.42081
0.42725
0.4768
0.57762
0.57802
0.54986
0.55116
0.50938
0.40625
0.33436
0.31379
0.29946
0.27488
0.24335
0.21579
0.20693
0.20899
0.20516
0.20528
0.20323
0.20679
0.20256
0.20204
0.20466
0.21873
0.23087
0.23741
0.23909
0.24221
0.21708
0.17678
0.14622
0.14242
0.13012
0.09402
0.078045
0.076525
0.074865
0.27635
0.31442
0.32412
0.50054
0.39183
0.39497
0.55094
0.62075
0.71933
0.7134
0.67872
0.68946
0.71614
0.70976
0.69999
0.71057
0.66759
0.68962
0.62391
0.56801
0.42181
0.36984
0.37289
0.37912
0.39684
0.3938
0.38207
0.37432
0.36787
0.39118
0.41003
0.39715
0.34077
0.31496
0.30445
0.2742
0.2446
0.25545
0.25519
0.31624
0.44091
0.55857
0.45474
0.53822
0.66782
0.70358
0.71851
0.69685
0.72328
0.74038
0.68747
0.65774
0.72425
0.73705
0.73892
0.76468
0.7376
0.72175
0.69012
0.71168
0.74684
0.75544
0.7391
0.73193
0.73125
0.73369
0.72377
0.73531
0.74154
0.72524
0.69625
0.69825
0.71037
0.72026
0.72498
0.69129
0.68787
0.6867
0.68767
0.69193
0.67564
0.65813
0.61234
0.62299
0.66128
0.71149
0.65745
0.62231
0.45133
0.34725
0.36207
0.64661
0.70629
0.73166
0.76084
0.7062
0.56436
0.41617
0.33936
0.29372
0.28038
0.26369
0.24643
0.22001
0.2039
0.19433
0.1939
0.19126
0.19519
0.23166
0.20795
0.17629
0.16937
0.19013
0.22072
0.22854
0.26833
0.30873
0.37091
0.42271
0.3725
0.37134
0.35806
0.31894
0.31177
0.33333
0.34583
0.33194
0.33023
0.31036
0.32515
0.29702
0.24366
0.21906
0.22574
0.26402
0.26783
0.33905
0.38235
0.39898
0.39374
0.3872
0.35577
0.28783
0.25297
0.23652
0.21064
0.19359
0.18894
0.17952
