0.34024
0.35174
0.75262
0.65118
0.66867
0.38376
0.28824
0.25186
0.22184
0.21888
0.22608
0.173
0.14053
0.096102
0.091601
0.10277
0.15124
0.20433
0.21767
0.2807
0.26062
0.30249
0.27209
0.27405
0.29561
0.28788
0.30011
0.30544
0.29934
0.28745
0.27948
0.25995
0.27993
0.30603
0.29593
0.28227
0.27765
0.25233
0.22855
0.24205
0.28804
0.38027
0.53919
0.60076
0.72137
0.71771
0.72107
0.70859
0.71232
0.53297
0.36112
0.29376
0.27264
0.27989
0.26674
0.28299
0.27811
0.27867
0.29804
0.30527
0.29828
0.30846
0.31163
0.30536
0.29616
0.28407
0.28387
0.27877
0.27316
0.276
0.27721
0.27617
0.28065
0.2886
0.29822
0.34333
0.35716
0.36929
0.3667
0.3777
0.38519
0.37902
0.38589
0.39179
0.39225
0.38932
0.41333
0.44132
0.42893
0.43656
0.41998
0.40721
0.40664
0.39716
0.38821
0.37109
0.6783
0.66499
0.74448
0.75982
0.7622
0.7459
0.73773
0.69297
0.77344
0.72118
0.75018
0.74808
0.74886
0.6809
0.46384
0.42857
0.41616
0.38921
0.36922
0.35653
0.35489
0.35813
0.35649
0.35751
0.34008
0.32579
0.31407
0.30923
0.317
0.3183
0.30589
0.30624
0.30318
0.27109
0.22111
0.21246
0.20136
0.18551
0.17199
0.16415
0.19917
0.2176
0.22296
0.22674
0.25589
0.28264
0.26733
0.24196
0.2322
0.24522
0.23053
0.18639
0.16182
0.15113
0.17422
0.19358
0.2292
0.25516
0.21221
0.17718
0.15044
0.12492
0.15553
0.25572
0.27184
0.2483
0.2929
0.26684
0.26158
0.25011
0.24694
0.18045
0.27745
0.38742
0.25927
0.23868
0.28555
0.25753
0.28051
0.27842
0.27033
0.23096
0.24848
0.2358
0.26214
0.31687
0.26302
0.26469
0.28229
0.26118
0.30804
0.30546
0.30376
0.32597
0.32539
0.32478
0.27481
0.28468
0.25424
0.26142
0.27194
0.27247
0.27295
0.25808
0.25138
0.25628
0.25241
0.25874
0.25903
0.23753
0.23658
0.61282
0.71507
0.70099
0.68511
0.71825
0.68383
0.76482
0.77084
0.74922
0.64996
0.34783
0.29472
0.30386
0.2728
0.37719
0.29125
0.26338
0.26266
0.28359
0.36701
0.48613
0.70442
0.71533
0.67726
0.71951
0.70358
0.7119
0.6277
0.46147
0.37682
0.34575
0.36874
0.41585
0.37295
0.36016
0.3403
0.33628
0.31895
0.28509
0.25932
0.24421
0.23607
0.25466
0.32538
0.36651
0.38492
0.42308
0.4417
0.46228
0.47295
0.46985
0.48761
0.48461
0.63644
0.70606
0.59026
0.57264
0.54918
0.65391
0.75835
0.75213
0.71775
0.50564
0.38061
0.32863
0.31132
0.31612
0.28872
0.30877
0.29443
0.30022
0.31337
0.30277
0.31396
0.27562
0.29774
0.2973
0.31603
0.30319
0.32703
0.32372
0.31295
0.30151
0.29482
0.28611
0.26413
0.2441
0.25921
0.33486
0.30984
0.30328
0.32642
0.30184
0.24241
0.25178
0.28333
0.3014
0.29716
0.32215
0.34445
0.37864
0.39047
0.35733
0.31057
0.28276
0.26157
0.27266
0.253
0.26497
0.27378
0.25419
0.2403
0.28932
0.29538
0.30784
0.31122
0.30706
0.28783
0.28488
0.28244
0.29481
0.30426
0.31595
0.32011
0.33105
0.32367
0.32164
0.32472
0.31072
0.32984
0.27873
0.30102
0.31038
0.30601
0.29898
0.30787
0.30346
0.30877
0.30027
0.28566
0.28426
0.28532
0.29276
0.27181
0.27548
0.31412
0.28396
0.26436
0.26868
0.28752
0.30407
0.27497
0.27761
0.29859
0.30638
0.28732
0.22476
0.17537
0.20952
0.26685
0.26618
0.26006
0.2687
0.59447
0.71959
0.69227
0.715
0.71723
0.74292
0.71569
0.76596
0.79053
0.79026
0.79394
0.78656
0.76915
0.65942
0.54833
0.50976
0.4804
0.46069
0.45227
0.4075
0.37422
0.35588
0.36902
0.32551
0.3251
0.29698
0.31967
0.34417
0.35376
0.33779
0.31432
0.29573
0.30463
0.31499
0.31538
0.29724
0.30891
0.31769
0.29164
0.29653
0.28124
0.26852
0.25317
0.26397
0.27831
0.28154
0.29009
0.30098
0.31048
0.30367
0.30438
0.30669
0.30637
0.29631
0.28498
0.29424
0.29237
0.29117
0.2914
0.31706
0.35246
0.34039
0.38496
0.38074
0.36302
0.36336
0.34437
0.34389
0.34817
0.33733
0.32547
0.33295
0.32395
0.2942
0.28668
0.27915
0.26674
0.24946
0.25055
0.23926
0.22078
0.2101
0.20567
0.22555
0.23527
0.25576
0.22797
0.21964
0.22041
0.18039
0.22263
0.21003
0.32403
0.33269
0.30885
0.28783
0.27775
0.26611
0.26641
0.27143
0.27045
0.27181
0.27306
0.27224
0.27404
0.27831
0.29859
0.36046
0.38337
0.38089
0.37866
0.37511
0.36944
0.35774
0.34828
0.34168
0.32227
0.3011
0.29205
0.27014
0.23692
0.24867
0.27045
0.25911
0.27429
0.25268
0.21795
0.18433
0.1409
0.10547
0.11049
0.21306
0.29995
0.32864
0.30337
0.25942
0.2043
0.18561
0.22532
0.232
0.21511
0.22611
0.21166
0.23363
0.24269
0.24095
0.25471
0.26365
0.23748
0.21809
0.20643
0.18536
0.17459
0.18605
0.17337
0.17375
0.17307
0.1717
0.17652
0.17274
0.17742
0.18919
0.24037
0.30314
0.32635
0.27868
0.22731
0.25902
0.25217
0.25701
0.26493
0.25517
0.29526
0.31065
0.34599
0.3515
0.3199
0.30087
0.30128
0.29665
0.26956
0.24552
0.21534
0.20439
0.19272
0.21107
0.2335
0.27835
0.27042
0.30052
0.29595
0.29303
0.27396
0.28084
0.26379
0.26022
0.24414
0.23206
0.2221
0.22245
0.22907
0.22782
0.23264
0.31953
0.39184
0.39974
0.39713
0.47724
0.68995
0.6336
0.64037
0.65881
0.68897
0.71879
0.74073
0.74051
0.64207
0.46676
0.41308
0.36353
0.34563
0.34797
0.34895
0.34669
0.33773
0.32636
0.31672
0.31083
0.31732
0.32158
0.32463
0.3336
0.33648
0.34479
0.3591
0.33214
0.36531
0.39329
0.42255
0.41946
0.37237
0.34858
0.31801
0.31653
0.32357
0.325
0.33121
0.32775
0.31677
0.30041
0.27812
0.22695
0.23774
0.24772
0.27875
0.4461
0.27691
0.29296
0.45145
0.68962
0.63874
0.78724
0.7784
0.70926
0.78018
0.76626
0.77664
0.81444
0.70835
0.80683
0.80604
0.65782
0.65554
0.44992
0.42219
0.38897
0.38226
0.31446
0.25277
0.55202
0.63916
0.78606
0.78936
0.7594
0.64281
0.56871
0.60053
0.58424
0.47412
0.38986
0.32726
0.30332
0.32063
0.28543
0.22175
0.20468
0.20171
0.21291
0.47053
0.66798
0.52592
0.44602
0.42719
0.37604
0.28587
0.3087
0.31813
0.30598
0.27325
0.27102
0.27187
0.2706
0.26627
0.30391
0.28184
0.28065
0.30082
0.27789
0.2804
0.28269
0.30169
0.29647
0.30337
0.30615
0.28992
0.29233
0.3021
0.30117
0.29112
0.28599
0.28098
0.27511
0.27623
0.26896
0.26847
0.23604
0.23393
0.24854
0.25924
0.24799
0.19468
0.1713
0.25582
0.2587
0.27094
0.26352
0.30112
0.28952
0.35688
0.5998
0.78486
0.78662
0.74563
0.47416
0.34669
0.32545
0.30314
0.2886
0.27078
0.291
0.29546
0.29636
0.28859
0.26173
0.25638
0.3191
0.33667
0.35861
0.3823
0.37228
0.37114
0.34829
0.33241
0.29579
0.2986
0.31665
0.32884
0.34812
0.33694
0.33333
0.3315
0.32593
0.32186
0.32227
0.3178
0.30961
0.34309
0.33366
0.33085
0.32486
0.32429
0.32223
0.31929
0.31435
0.3202
0.33748
0.36225
0.35648
0.34824
0.3414
0.33514
0.32317
0.32369
0.33462
0.32664
0.31192
0.33582
0.37782
0.36483
0.35999
0.35887
0.45456
0.76153
0.69247
0.43173
0.36841
0.34646
0.32993
0.30985
0.29785
0.30861
0.3088
0.31763
0.31824
0.31107
0.29155
0.29797
0.30544
0.28188
0.28672
0.3135
0.28336
0.28786
0.28068
0.28433
0.29925
0.28815
0.23105
0.23607
0.20409
0.19234
0.22905
0.33197
0.39227
0.43731
0.44527
0.43598
0.41553
0.39531
0.35512
0.32083
0.30954
0.26985
0.30571
0.68017
0.69894
0.69921
0.79151
0.80791
0.71456
0.58844
0.53292
0.47138
0.30379
0.32303
0.30745
0.29357
0.29425
0.3162
0.32522
0.32676
0.33327
0.2974
0.28719
0.29047
0.29767
0.29284
0.29007
0.28184
0.26414
0.24751
0.28941
0.2994
0.29676
0.29785
0.29186
0.28517
0.29815
0.30385
0.30688
0.3097
0.31178
0.30859
0.3022
0.30396
0.30807
0.31224
0.29741
0.31452
0.31836
0.32402
0.34028
0.34411
0.34724
0.34107
0.32293
0.3452
0.35801
0.35188
0.37559
0.37978
0.37232
0.35827
0.33156
0.33099
0.33189
0.32114
0.30309
0.29259
0.29069
0.2973
0.29449
0.31879
0.33324
0.31907
0.29727
0.27933
0.26109
0.29434
0.28581
0.3139
0.32122
0.29154
0.28491
0.25796
0.23456
0.22446
0.23685
0.24256
0.2385
0.21666
0.19767
0.20952
0.22191
0.19775
0.19339
0.19404
0.17949
0.21186
0.20907
0.23139
0.23997
0.23405
0.22879
0.21659
0.24344
0.25685
0.28728
0.29716
0.31195
0.29746
0.29774
0.30623
0.29134
0.29362
0.28471
0.26246
0.23376
0.20569
0.30842
0.28302
0.25804
0.26183
0.33315
0.41008
0.41793
0.40531
0.38603
0.41007
0.40785
0.43043
0.39362
0.37939
0.39076
0.36178
0.33157
0.31756
0.33563
0.39737
0.45727
0.49978
0.48867
0.48982
0.47237
0.46555
0.44598
0.42892
0.47136
0.69759
0.68597
0.59962
0.64766
0.58547
0.63208
0.70087
0.69848
0.78717
0.80599
0.81346
0.79621
0.83087
0.82987
0.81405
0.82531
0.87605
0.86211
0.84712
0.76034
0.64367
0.66297
0.66142
0.62574
0.56732
0.52962
0.43863
0.47562
0.5272
0.52898
0.52205
0.46679
0.42273
0.38794
0.40364
0.5553
0.63329
0.64277
0.62488
0.61383
0.61497
0.69973
0.64386
0.51589
0.56955
0.5548
0.49178
0.44209
0.38172
0.34218
0.32609
0.30893
0.30138
0.37798
0.42443
0.40978
0.38254
0.3861
0.36083
0.35351
0.3406
0.3208
0.34573
0.37157
0.3438
0.33534
0.31976
0.31144
0.27921
0.24445
0.2809
0.31506
0.30573
0.29003
0.27371
0.274
0.25983
0.25969
0.26129
0.27258
0.26532
0.2565
0.25285
0.26363
0.26673
0.2581
0.23501
0.2299
0.26318
0.27151
0.26403
0.275
0.28652
0.2831
0.29506
0.2806
0.28681
0.28117
0.27051
0.26781
0.27579
0.27488
0.26959
0.26742
0.25987
0.25349
0.23604
0.24168
0.25079
0.26781
0.26837
0.26362
0.26434
0.24879
0.23375
0.23401
0.2196
0.2031
0.19457
0.25196
0.24165
0.24506
0.23337
0.22236
0.2409
0.24892
0.29295
0.31749
0.25127
0.24872
0.24051
0.2316
0.25712
0.2714
0.28067
0.31609
0.31602
0.29439
0.27718
0.27155
0.2709
0.27539
0.35943
0.37289
0.37133
0.36767
0.33871
0.31282
0.29133
0.27509
0.33639
0.41039
0.42231
0.44814
0.45998
0.51813
0.52619
0.53335
0.54437
0.57332
0.70859
0.71635
0.73801
0.76637
0.7765
0.83956
0.84558
0.76314
0.72725
0.7254
0.71014
0.66482
0.63447
0.64832
0.68417
0.65972
0.70303
0.50985
0.46495
0.48338
0.53383
0.5355
0.53557
0.50977
0.43051
0.36897
0.33923
0.33513
0.34083
0.38849
0.48094
0.45535
0.38857
0.35605
0.34069
0.3416
0.3316
0.36543
0.385
0.3735
0.35167
0.30424
0.30508
0.28378
0.30838
0.46675
0.48567
0.38636
0.37696
0.34761
0.31695
0.29707
0.3061
0.31113
0.31046
0.32565
0.38243
0.39068
0.32182
0.3214
0.3101
0.32523
0.37341
0.33503
0.31797
0.32169
0.26124
0.20079
0.15416
0.18144
0.20503
0.4075
0.33854
0.30249
0.28772
0.27599
0.24249
0.19422
0.22612
0.31672
0.35507
0.36642
0.48716
0.64495
0.65119
0.56492
0.52677
0.51325
0.50594
0.49918
0.5162
0.48758
0.47768
0.4796
0.46588
0.49631
0.51244
0.52054
0.5258
0.51915
0.62883
0.83362
0.87894
0.9425
0.96095
0.93918
0.88644
0.70541
0.61332
0.58697
0.55661
0.53845
0.52325
0.50978
0.48963
0.44506
0.49234
0.51872
0.48612
0.49068
0.49806
0.47327
0.50394
0.41419
0.38556
0.36241
0.39408
0.42793
0.43259
0.43801
0.55461
0.59617
0.53304
0.49675
0.46342
0.44873
0.48234
0.45795
0.42881
0.37954
0.36254
0.37001
0.38183
0.40332
0.46036
0.42369
0.38003
0.35947
0.37708
0.35821
0.38609
0.40583
0.43197
0.4961
0.49869
0.49982
0.46612
0.40022
0.42472
0.44146
0.44813
0.46426
0.41603
0.3527
0.33703
0.31246
0.32495
0.37511
0.42054
0.48059
0.47505
0.41493
0.39498
0.39362
0.41514
0.44284
0.47962
0.49642
0.48598
0.46656
0.46133
0.44222
0.46742
0.5599
0.54581
0.54291
0.53886
0.5308
0.52371
0.53684
0.5454
0.56892
0.56607
0.5359
0.52162
0.51759
0.49833
0.4934
0.53746
0.59604
0.61549
0.62103
0.60431
0.57791
0.56205
0.55781
0.55127
0.57785
0.56016
0.53007
0.51534
0.50819
0.49041
0.47492
0.48375
0.51371
0.53422
0.53294
0.52048
0.48772
0.44914
0.43514
0.46238
0.48223
0.50939
0.45184
0.42017
0.37004
0.37598
0.39198
0.4146
0.42884
0.45552
0.46029
0.41656
0.38601
0.38301
0.4233
0.51332
0.61844
0.67914
0.67171
0.40069
0.3471
0.3389
0.34922
0.35069
0.44106
0.40232
0.37727
0.3764
0.3728
0.36414
0.35246
0.35889
0.3946
0.42015
0.41714
0.39944
0.36343
0.33916
0.31733
0.3476
0.39235
0.41466
0.43216
0.39592
0.34835
0.33673
0.33926
0.34834
0.41741
0.42467
0.40232
0.36604
0.35552
0.30753
0.30772
0.29493
0.29568
0.31379
0.32597
0.32331
0.31213
0.34529
0.3536
0.37336
0.4135
0.44288
0.44434
0.42314
0.4217
0.40136
0.35364
0.34441
0.34179
0.41288
0.48189
0.49396
0.43015
0.40508
0.39566
0.39614
0.39827
0.44381
0.46476
0.51626
0.56296
0.56392
0.56337
0.57115
0.5719
0.54332
0.63988
0.61304
0.56156
0.5445
0.69375
0.85082
0.89677
0.7677
0.54495
0.41779
0.37543
0.36796
0.369
0.39357
0.43229
0.43407
0.4032
0.33844
0.299
0.27959
0.30997
0.34595
0.38536
0.44842
0.41326
0.37763
0.34913
0.32136
0.32105
0.33028
0.34869
0.35358
0.38886
0.40485
0.38507
0.37135
0.35339
0.35102
0.35899
0.35905
0.43637
0.43464
0.39415
0.35313
0.34834
0.36311
0.35652
0.36068
0.38654
0.36284
0.32937
0.31304
0.31922
0.34793
0.40604
0.42611
0.41265
0.39013
0.36424
0.35436
0.34789
0.34808
0.35818
0.35338
0.36919
0.35257
0.33788
0.34169
0.35637
0.36013
0.35956
0.39149
0.41531
0.43268
0.42587
0.38327
0.39663
0.36736
0.39405
0.45261
0.4777
0.4456
0.4065
0.3947
0.39168
0.39196
0.424
0.47939
0.49371
0.48187
0.44611
0.40226
0.37744
0.36738
0.37142
0.39512
0.45032
0.40958
0.3606
0.3425
0.34604
0.37209
0.43222
0.47626
0.49529
0.46363
0.41323
0.38919
0.36888
0.35704
0.36002
0.38528
0.39886
0.42142
0.41507
0.42237
0.40061
0.44359
0.449
0.46533
0.53536
0.47534
0.42314
0.39888
0.42419
0.4184
0.39344
0.39188
0.40383
0.40713
0.39641
0.3957
0.39286
0.38435
0.39232
0.38938
0.39233
0.38461
0.39185
0.40439
0.41611
0.4512
0.47735
0.47729
0.48323
0.45413
0.43292
0.41894
0.41306
0.43302
0.44568
0.46594
0.4727
0.47938
0.48869
0.52289
0.58748
0.62886
0.63065
0.63237
0.68052
0.6643
0.61925
0.57046
0.5488
0.54425
0.5617
0.61025
0.71976
0.66829
0.66012
0.63979
0.61189
0.60092
0.62414
0.66196
0.73997
0.7401
0.64401
0.58417
0.56815
0.57047
0.58151
0.60726
0.6459
0.66489
0.63143
0.60363
0.62331
0.77702
0.74423
0.73085
0.74286
0.72398
0.65146
0.64682
0.67713
0.67144
0.7239
0.84583
0.90854
0.83639
0.7213
0.70592
0.71162
0.74058
0.80316
0.91163
0.90402
0.88988
0.84732
0.74923
0.70583
0.71137
0.7389
0.77307
0.78185
0.74516
0.68569
0.61584
0.59765
0.59226
0.6242
0.64576
0.6684
0.6222
0.62052
0.63142
0.62115
0.60642
0.62903
0.59289
0.51189
0.47152
0.45234
0.44235
0.41992
0.42463
0.45694
0.50488
0.49145
0.48372
0.46926
0.44204
0.45088
0.47762
0.50968
0.54224
0.55998
0.52945
0.48863
0.45857
0.48495
0.52779
0.54556
0.60525
0.49556
0.46916
0.45626
0.42315
0.43047
0.48291
0.53331
0.5194
0.49239
0.50018
0.43537
0.41503
0.41786
0.46641
0.5428
0.56823
0.64436
0.70627
0.71083
0.73573
0.76428
0.82241
0.86202
0.88642
0.87451
0.79934
0.64344
0.55516
0.54083
0.5622
0.63923
0.71638
0.71371
0.67738
0.60517
0.58878
0.59172
0.61926
0.69843
0.74001
0.7572
0.74973
0.65527
0.58556
0.55069
0.5431
0.57554
0.61285
0.49708
0.45968
0.44283
0.39838
0.38311
0.41241
0.47996
0.49976
0.47628
0.48189
0.3981
0.38162
0.38951
0.43703
0.49275
0.51206
0.49347
0.47392
0.42267
0.37243
0.36713
0.41781
0.4707
0.4883
0.48905
0.48129
0.43366
0.39776
0.40537
0.4413
0.50767
0.50347
0.48108
0.42952
0.40901
0.35898
0.34934
0.37471
0.41108
0.40502
0.38921
0.37206
0.35475
0.33674
0.34891
0.36874
0.44516
0.45246
0.44842
0.45258
0.41479
0.36433
0.37179
0.42934
0.46691
0.50567
0.55742
0.56186
0.50692
0.41726
0.4211
0.44936
0.49572
0.46831
0.45757
0.45092
0.43851
0.41817
0.40203
0.453
0.50313
0.49634
0.48714
0.47849
0.4507
0.39068
0.38436
0.42765
0.48794
0.49816
0.47452
0.45498
0.43658
0.39634
0.40932
0.46363
0.48605
0.48966
0.54216
0.58139
0.51875
0.42489
0.41655
0.46071
0.46716
0.46086
0.45319
0.45143
0.41604
0.36659
0.37146
0.42851
0.44723
0.44462
0.44334
0.4304
0.41105
0.37641
0.37547
0.35887
0.34478
0.36539
0.32914
0.31365
0.33837
0.32058
0.34647
0.41606
0.45692
0.46131
0.44954
0.47281
0.49748
0.42692
0.40523
0.49185
0.51148
0.52543
0.53036
0.50073
0.49662
0.48867
0.51567
0.46334
0.50973
0.50538
0.48829
0.46911
0.43132
0.366
0.36685
0.41803
0.4622
0.44536
0.42403
0.52413
0.47847
0.39943
0.42555
0.44831
0.45016
0.41
0.3899
0.3849
0.38816
0.38499
0.38799
0.40435
0.4171
0.41978
0.42296
0.41957
0.4107
0.38346
0.39235
0.44027
0.45091
0.47868
0.47891
0.47541
0.4436
0.36981
0.38256
0.41206
0.36242
0.39088
0.65517
0.79597
0.88356
0.68734
0.66356
0.58536
0.55105
0.55952
0.50721
0.48708
0.48787
0.46494
0.44786
0.50216
0.71361
0.92862
0.89039
0.73554
0.75073
0.68478
0.5926
0.57394
0.58061
0.59007
0.73423
0.73434
0.77143
0.66109
0.44735
0.44471
0.45962
0.46685
0.48761
0.4864
0.47076
0.39343
0.41796
0.4735
0.48016
0.48408
0.46916
0.45656
0.44534
0.39852
0.39701
0.41838
0.3753
0.33766
0.3779
0.42463
0.46533
0.44666
0.46526
0.45431
0.4388
0.45359
0.45495
0.44051
0.4377
0.40471
0.43072
0.46213
0.49374
0.46172
0.43119
0.42619
0.49443
0.60734
0.4189
0.38323
0.36856
0.37355
0.39267
0.37465
0.38711
0.38783
0.38442
0.3897
0.35346
0.3887
0.40754
0.39155
0.36581
0.3341
0.29616
0.47599
0.88807
0.80064
0.79609
0.87671
0.84961
0.72374
0.71909
0.62001
0.63722
0.55867
0.58794
0.52928
0.57281
0.78577
0.78352
0.65724
0.86022
0.78646
0.4484
0.52958
0.53768
0.46282
0.42215
0.40181
0.39253
0.39361
0.38644
0.38535
0.3886
0.40375
0.36498
0.36961
0.34987
0.41438
0.41506
0.38562
0.38526
0.3822
0.37534
0.39277
0.42846
0.53539
0.42154
0.47823
0.50116
0.45013
0.43209
0.43215
0.43653
0.44277
0.43209
0.42796
0.41961
0.41924
0.43145
0.46093
0.46161
0.45973
0.45194
0.44297
0.42081
0.40544
0.37763
0.33658
0.32335
0.2692
0.28947
0.25322
0.21073
0.21634
0.25397
0.3033
0.40814
0.50086
0.55904
0.71416
0.69812
0.64646
0.62349
0.65446
0.84837
0.85081
0.82863
0.85482
0.87579
0.88352
0.87248
0.81038
0.49538
0.4269
0.42793
0.43452
0.44612
0.44979
0.45579
0.52222
0.54755
0.53947
0.5332
0.47348
0.42276
0.3871
0.38245
0.38919
0.37616
0.36165
0.35659
0.36062
0.36719
0.3414
0.34109
0.3346
0.34004
0.32827
0.31916
0.33582
0.33877
0.33757
0.33666
0.34927
0.33867
0.32398
0.32977
0.33143
0.32544
0.31441
0.3163
0.31414
0.31363
0.30862
0.28696
0.27152
0.26994
0.26944
0.27587
0.32216
0.36953
0.34204
0.34793
0.38002
0.46078
0.45778
0.41988
0.77831
0.41498
0.42191
0.38485
0.38637
0.34287
0.34063
0.3382
0.6442
0.80685
0.80159
0.81784
0.80264
0.78817
0.7692
0.72019
0.6119
0.542
0.49744
0.54607
0.49578
0.84166
0.88159
0.86039
0.67456
0.59114
0.72504
0.80015
0.85246
0.86923
0.85806
0.79499
0.65067
0.56832
0.50886
0.36761
0.30065
0.28977
0.30419
0.34014
0.34576
0.32974
0.31446
0.30791
0.26578
0.25752
0.25354
0.19955
0.24475
0.33698
0.3535
0.35994
0.34839
0.38426
0.33162
0.32075
0.33321
0.30877
0.293
0.33365
0.35951
0.40875
0.39795
0.38788
0.38129
0.36576
0.39696
0.36101
0.34081
0.32322
0.30233
0.30094
0.28935
0.28505
0.27962
0.30792
0.36627
0.35128
0.33726
0.35299
0.33129
0.34218
0.37349
0.36212
0.35598
0.37005
0.34816
0.31318
0.33925
0.36887
0.3636
0.3805
0.32631
0.33383
0.31089
0.32232
0.33283
0.32436
0.32077
0.32857
0.31509
0.30306
0.32238
0.29608
0.3019
0.26799
0.24723
0.25267
0.28032
0.29068
0.29039
0.29089
0.27443
0.27048
0.28625
0.22518
0.30137
0.34173
0.32734
0.30582
0.27192
0.23172
0.26338
0.30451
0.33491
0.35596
0.38712
0.41107
0.76507
0.78877
0.78939
0.78917
0.78852
0.78688
0.80961
0.83409
0.6928
0.39924
0.36418
0.33212
0.31574
0.3129
0.33188
0.33394
0.33793
0.3405
0.34316
0.3511
0.36844
0.36653
0.36068
0.35942
0.35574
0.35037
0.33805
0.34254
0.3331
0.33259
0.34319
0.34396
0.34097
0.32885
0.3329
0.3242
0.31513
0.32168
0.31535
0.31173
0.32759
0.38727
0.38851
0.50531
0.3969
0.34894
0.33724
0.32101
0.3125
0.25216
0.44194
0.71532
0.80168
0.65229
0.54348
0.55202
0.51759
0.40138
0.3641
0.35872
0.34014
0.32037
0.28689
0.3943
0.54
0.58731
0.64957
0.67533
0.67011
0.59825
0.45836
0.45586
0.40797
0.44134
0.42115
0.36493
0.40278
0.43725
0.3652
0.32054
0.28534
0.29885
0.28976
0.23972
0.23939
0.31672
0.30812
0.24294
0.30351
0.35186
0.31538
0.34004
0.3563
0.33697
0.34821
0.34181
0.41746
0.4361
0.46165
0.5769
0.70676
0.75185
0.74406
0.66331
0.67585
0.40101
0.31054
0.30083
0.49809
0.71891
0.74158
0.75622
0.55295
0.51643
0.54328
0.53057
0.50468
0.48926
0.47371
0.42693
0.41252
0.40504
0.41412
0.42545
0.44216
0.43386
0.44117
0.43557
0.43385
0.4397
0.46232
0.44844
0.42927
0.39992
0.35041
0.31418
0.29026
0.29947
0.34116
0.35381
0.33629
0.3792
0.41267
0.42712
0.40132
0.38717
0.3274
0.26687
0.30818
0.34234
0.33484
0.30775
0.30878
0.33497
0.36934
0.37774
0.38592
0.39412
0.37425
0.34194
0.29351
0.26655
0.20347
0.1703
0.15056
0.27268
0.40958
0.39644
0.28666
0.25633
0.22649
0.23769
0.31625
0.37729
0.34597
0.3071
0.34477
0.29501
0.40894
0.75585
0.63278
0.54522
0.39347
0.37117
0.36347
0.34322
0.32477
0.30217
0.29334
0.2915
0.27818
0.27503
0.25181
0.21407
0.29735
0.34583
0.30553
0.28301
0.33383
0.25164
0.22777
0.28073
0.27011
0.28037
0.28261
0.28043
0.27589
0.27491
0.28747
0.30415
0.34893
0.33388
0.32622
0.33636
0.33653
0.33788
0.36099
0.34829
0.31245
0.33899
0.35721
0.28249
0.31471
0.30615
0.31187
0.31752
0.31435
0.3058
0.30362
0.30241
0.306
0.32254
0.33525
0.32069
0.28239
0.26295
0.24569
0.2374
0.33428
0.34885
0.29963
0.26703
0.27263
0.28759
0.30768
0.27985
0.22063
0.17298
0.169
0.25288
0.28027
0.40081
0.37313
0.43899
0.44645
0.25327
0.32815
0.33563
0.28052
0.28442
0.29066
0.27365
0.25486
0.25613
0.24441
0.20188
0.24041
0.38436
0.40989
0.33153
0.26555
0.23245
0.21171
0.20196
0.19806
0.20172
0.20969
0.52692
0.59055
0.73706
0.75491
0.68906
0.68331
0.36495
0.30613
0.28458
0.30594
0.3162
0.29697
0.26668
0.27682
0.25551
0.23475
0.37473
0.29083
0.30176
0.2937
0.35135
0.34492
0.28791
0.30029
0.25028
0.24383
0.26746
0.31525
0.32053
0.34897
0.36654
0.33534
0.30975
0.2988
0.289
0.28413
0.28752
0.29951
0.29359
0.29183
0.28494
0.28023
0.26588
0.2698
0.26165
0.24798
0.25785
0.23811
0.24503
0.26044
0.26638
0.29119
0.28598
0.29941
0.27856
0.27359
0.28515
0.29219
0.28963
0.30745
0.30155
0.31436
0.29849
0.2818
0.28014
0.28503
0.28879
0.29468
0.29372
0.30268
0.33331
0.3358
0.31651
0.28877
0.24769
0.23607
0.34861
0.41363
0.47347
0.69486
0.71647
0.74453
0.71635
0.66973
0.71328
0.79723
0.79761
0.77996
0.56814
0.46872
0.40766
0.31
0.3467
0.32709
0.33547
0.36136
0.38246
0.39352
0.3972
0.40052
0.42423
0.41919
0.40995
0.40624
0.40203
0.39736
0.39905
0.38681
0.39255
0.36389
0.35523
0.38424
0.41416
0.42105
0.41402
0.41094
0.43687
0.49561
0.48646
0.48965
0.44435
0.40415
0.39761
0.56485
0.70764
0.72564
0.70842
0.55242
0.45516
0.42762
0.41058
0.38522
0.35552
0.32377
0.28578
0.26332
0.26132
0.23448
0.32771
0.43407
0.43737
0.43492
0.45264
0.45272
0.48746
0.57283
0.59734
0.55154
0.53986
0.49267
0.4449
0.40338
0.368
0.31909
0.29503
0.25524
0.22932
0.22349
0.23122
0.21734
0.18765
0.17323
0.14054
0.13108
0.30604
0.33282
0.33753
0.33101
0.3195
0.29735
0.26875
0.23867
0.24388
0.25928
0.27155
0.28929
0.31286
0.33235
0.31686
0.35109
0.3319
0.31707
0.32515
0.32307
0.32833
0.32302
0.31176
0.2995
0.29737
0.2869
0.2876
0.30708
0.2918
0.27568
0.2651
0.25939
0.26097
0.20613
0.17812
0.20324
0.24888
0.70387
0.73151
0.73642
0.73215
0.61844
0.43176
0.42745
0.36967
0.3015
0.27932
0.26517
0.2152
0.17882
0.2321
0.18104
0.11063
0.08229
0.13673
0.19794
0.68668
0.53217
0.43091
0.38118
0.30161
0.27615
0.29493
0.65477
0.66093
0.78279
0.74661
0.49716
0.44156
0.50929
0.53976
0.41193
0.35321
0.27138
0.27717
0.25676
0.25073
0.22643
0.20291
0.23267
0.16511
0.20437
0.76126
0.76818
0.58542
0.44816
0.39397
0.35636
0.35667
0.34396
0.76535
0.75034
0.81693
0.544
0.4902
0.34403
0.31452
0.29278
0.29605
0.2495
0.18649
0.22619
0.31689
0.43225
0.41344
0.40631
0.69547
0.68362
0.4325
0.23891
0.21221
0.22982
0.20824
0.20324
0.25722
0.19037
0.17718
0.35033
0.55489
0.70789
0.67895
0.68507
0.78517
0.7515
0.56373
0.4956
0.47045
0.40888
0.3093
0.34175
0.3373
0.32035
0.34421
0.34632
0.3477
0.34279
0.33482
0.35033
0.32508
0.29383
0.25507
0.23549
0.24009
0.23867
0.25799
0.26343
0.26942
0.27861
0.28403
0.28949
0.29827
0.30478
0.30327
0.30167
0.29776
0.30364
0.30949
0.28167
0.29659
0.26408
0.23588
0.20938
0.21561
0.2257
0.26448
0.26155
0.24524
0.24423
0.24444
0.25056
0.25524
0.25919
0.26925
0.28079
0.28973
0.28006
0.29223
0.25947
0.24957
0.23707
0.28061
0.27146
0.24477
0.17815
0.12792
0.11326
0.12984
0.13542
0.13571
0.12933
0.18582
0.32945
0.6359
0.66522
0.72435
0.75913
0.81051
0.8124
0.77418
0.67518
0.42875
