0.68164
0.69153
0.64857
0.58623
0.5532
0.54968
0.5215
0.52713
0.5284
0.5252
0.52525
0.53883
0.58001
0.66875
0.75075
0.74838
0.73273
0.74035
0.73436
0.74262
0.70843
0.66254
0.57637
0.46923
0.4011
0.35072
0.31807
0.26241
0.25237
0.27758
0.44818
0.62297
0.65361
0.68282
0.67171
0.69918
0.71307
0.7014
0.68675
0.71668
0.65802
0.55213
0.58676
0.61809
0.49965
0.667
0.56861
0.50817
0.67929
0.48422
0.578
0.58073
0.42194
0.37524
0.56716
0.38947
0.3578
0.54662
0.32308
0.32676
0.21767
0.20287
0.18125
0.16447
0.16822
0.14709
0.13576
0.1594
0.19759
0.22458
0.23539
0.24241
0.22189
0.22803
0.23081
0.24418
0.28954
0.33405
0.33463
0.37948
0.44536
0.47261
0.50857
0.51312
0.61402
0.60419
0.59251
0.63723
0.71992
0.62656
0.56625
0.5888
0.62799
0.68884
0.661
0.37843
0.30317
0.25387
0.24336
0.25319
0.20826
0.19967
0.18729
0.20582
0.21183
0.1877
0.1713
0.17988
0.21718
0.25274
0.2653
0.42896
0.63375
0.54291
0.46394
0.39884
0.47157
0.36779
0.2728
0.22704
0.18837
0.1598
0.14914
0.14802
0.22309
0.62856
0.48204
0.26157
0.21202
0.19134
0.21142
0.20639
0.2253
0.24379
0.29461
0.4269
0.47451
0.51981
0.51098
0.56186
0.61696
0.69302
0.69693
0.65071
0.65538
0.63578
0.69278
0.72947
0.64101
0.58845
0.55662
0.43247
0.40062
0.37594
0.34357
0.31678
0.30632
0.27796
0.26212
0.25857
0.26218
0.27407
0.29542
0.33587
0.40068
0.46309
0.49843
0.49981
0.49897
0.50026
0.47959
0.41455
0.34932
0.33899
0.31823
0.34416
0.25038
0.19624
0.20526
0.21236
0.22455
0.23332
0.22833
0.18131
0.11448
0.056316
0.084829
0.10098
0.14523
0.22971
0.26258
0.34176
0.48831
0.51247
0.56828
0.52794
0.2977
0.18068
0.1447
0.13545
0.13726
0.112
0.11004
0.23631
0.29005
0.34782
0.41042
0.45447
0.54299
0.49943
0.34377
0.28726
0.27653
0.26351
0.24153
0.21509
0.19038
0.16805
0.15796
0.17608
0.1669
0.14117
0.093749
0.082886
0.13763
0.14438
0.16577
0.26746
0.21028
0.19675
0.22352
0.31807
0.41369
0.65091
0.72787
0.71515
0.50054
0.46463
0.32989
0.24519
0.23969
0.25251
0.24444
0.2276
0.22762
0.2166
0.21219
0.23912
0.26754
0.25959
0.25507
0.27018
0.23434
0.34841
0.38212
0.39556
0.45032
0.36069
0.35138
0.34786
0.36367
0.59575
0.64034
0.55152
0.69443
0.63367
0.6197
0.72253
0.69164
0.58601
0.55111
0.3969
0.3739
0.3641
0.5547
0.53289
0.61879
0.69731
0.70586
0.53409
0.47131
0.41507
0.37661
0.35409
0.36672
0.3959
0.41596
0.54318
0.58587
0.60033
0.71095
0.70694
0.72382
0.66168
0.70681
0.71947
0.72538
0.72353
0.72032
0.69382
0.50726
0.24968
0.22616
0.19415
0.16016
0.082553
0.084653
0.11957
0.14382
0.14135
0.13598
0.20717
0.18117
0.14011
0.15818
0.21217
0.25384
0.25313
0.23959
0.22371
0.20292
0.22964
0.36791
0.63279
0.66341
0.62297
0.64001
0.63721
0.63578
0.62572
0.60552
0.60113
0.58844
0.56217
0.61249
0.65229
0.68208
0.61568
0.4937
0.41032
0.38648
0.19966
0.17578
0.16201
0.13487
0.13984
0.1342
0.14002
0.16118
0.1812
0.1867
0.18203
0.21303
0.253
0.31342
0.34471
0.40358
0.3975
0.39262
0.39177
0.31773
0.30157
0.32674
0.42315
0.44008
0.4262
0.40869
0.40231
0.34456
0.3177
0.29646
0.27411
0.2467
0.22169
0.20017
0.18649
0.17935
0.16858
0.16838
0.17618
0.18381
0.22528
0.26055
0.29344
0.31798
0.36621
0.32823
0.31085
0.31174
0.31074
0.3246
0.34252
0.3363
0.2473
0.21437
0.21904
0.20917
0.19558
0.20222
0.19973
0.17084
0.1775
0.19727
0.29049
0.29885
0.38654
0.3517
0.47805
0.29362
0.32832
0.36355
0.43048
0.42636
0.28897
0.2343
0.24776
0.22391
0.21706
0.18846
0.11566
0.12379
0.17599
0.27442
0.31273
0.32917
0.33068
0.5378
0.27791
0.24589
0.2351
0.23446
0.27196
0.29405
0.28218
0.21891
0.13915
0.11171
0.10247
0.16178
0.21911
0.24507
0.25329
0.26731
0.23553
0.18739
0.17511
0.16705
0.1611
0.26031
0.29532
0.28602
0.28874
0.27966
0.27957
0.28898
0.29753
0.30064
0.29912
0.30617
0.30596
0.29213
0.30104
0.3005
0.27545
0.24458
0.20477
0.17411
0.14207
0.14351
0.15168
0.16657
0.16477
0.17502
0.17298
0.18215
0.18901
0.17037
0.16072
0.19672
0.19615
0.2336
0.21327
0.20253
0.20451
0.184
0.21857
0.1894
0.27573
0.27697
0.26512
0.25301
0.26927
0.28212
0.27467
0.27971
0.33515
0.33606
0.58224
0.42616
0.2499
0.26963
0.26613
0.23982
0.20707
0.24427
0.36349
0.5626
0.60171
0.77254
0.7622
0.75318
0.74946
0.74388
0.73071
0.67458
0.6584
0.63101
0.66792
0.63821
0.5925
0.49197
0.5109
0.46365
0.40362
0.44102
0.54369
0.57947
0.62254
0.59576
0.40956
0.42106
0.63493
0.50989
0.53485
0.42411
0.35387
0.32718
0.31646
0.33671
0.35748
0.36901
0.36883
0.35599
0.30001
0.24065
0.20213
0.19522
0.14811
0.14715
0.13775
0.14293
0.11701
0.11369
0.10457
0.10875
0.11917
0.12574
0.15765
0.27848
0.34079
0.32564
0.29496
0.35833
0.41122
0.40265
0.40189
0.44442
0.46506
0.5003
0.5546
0.49221
0.45912
0.29654
0.24122
0.15999
0.12198
0.10838
0.099798
0.08613
0.069472
0.094942
0.13583
0.1285
0.14879
0.14491
0.18825
0.20426
0.20489
0.17053
0.16758
0.31254
0.51724
0.48304
0.3887
0.38836
0.30589
0.27906
0.28076
0.25029
0.21263
0.1689
0.15487
0.23162
0.21387
0.23556
0.19154
0.16499
0.16746
0.17524
0.17756
0.20029
0.2942
0.28182
0.23365
0.22799
0.22714
0.23641
0.21278
0.17399
0.14451
0.14425
0.16749
0.17823
0.18336
0.19154
0.23036
0.28393
0.24469
0.24825
0.24959
0.24387
0.23489
0.22533
0.22069
0.20541
0.20277
0.21477
0.24677
0.25716
0.2868
0.49358
0.49253
0.4654
0.47096
0.53592
0.58152
0.59195
0.61973
0.72553
0.74545
0.44542
0.49245
0.43012
0.32901
0.27959
0.26839
0.29546
0.44555
0.50368
0.54848
0.53646
0.51244
0.43237
0.32625
0.28554
0.26177
0.25561
0.25993
0.26478
0.25708
0.24181
0.22695
0.22654
0.23534
0.22973
0.23611
0.24024
0.23666
0.2279
0.22192
0.21286
0.21204
0.20558
0.20406
0.20497
0.20265
0.20001
0.19241
0.18729
0.17953
0.17355
0.18015
0.18569
0.18365
0.16873
0.1543
0.14629
0.14018
0.13513
0.13336
0.151
0.16031
0.15589
0.14926
0.15568
0.19119
0.21657
0.21597
0.22928
0.22738
0.24275
0.23862
0.24495
0.23745
0.24027
0.23431
0.23478
0.22853
0.21149
0.18577
0.16582
0.14926
0.14781
0.15459
0.18928
0.2243
0.22845
0.19925
0.21401
0.2521
0.23458
0.23012
0.25506
0.2561
0.25626
0.24854
0.23621
0.22713
0.2192
0.22012
0.2179
0.20122
0.19174
0.18236
0.1761
0.2433
0.40567
0.44024
0.55186
0.6972
0.71621
0.66676
0.62581
0.50891
0.3507
0.31271
0.32996
0.31779
0.28847
0.28379
0.28912
0.32169
0.31975
0.3277
0.36953
0.42619
0.51813
0.49651
0.49226
0.45726
0.41951
0.37123
0.3385
0.35561
0.57607
0.59581
0.47544
0.45276
0.29032
0.24446
0.23983
0.20028
0.10912
0.096757
0.10333
0.24901
0.27367
0.34562
0.34381
0.33691
0.35946
0.36077
0.42142
0.49228
0.58958
0.74511
0.73329
0.68141
0.62249
0.54455
0.4811
0.44171
0.2777
0.22891
0.21185
0.21042
0.20015
0.19061
0.18243
0.1613
0.14125
0.1566
0.16356
0.18481
0.18458
0.1649
0.15614
0.15439
0.15942
0.17689
0.19341
0.19735
0.24832
0.2823
0.29619
0.31652
0.31353
0.30073
0.43674
0.47104
0.35898
0.27915
0.29299
0.24852
0.2572
0.26696
0.26292
0.31729
0.39555
0.43423
0.54323
0.55387
0.55442
0.52942
0.52727
0.5861
0.66044
0.67624
0.60111
0.54049
0.52366
0.53609
0.56358
0.59911
0.61722
0.65089
0.67211
0.65122
0.60095
0.59095
0.59223
0.57925
0.57489
0.45453
0.39662
0.39176
0.36913
0.33353
0.32405
0.30799
0.29456
0.28879
0.29508
0.28705
0.26011
0.24619
0.22854
0.22721
0.24273
0.23911
0.25825
0.27235
0.28918
0.3259
0.4208
0.50474
0.54215
0.54914
0.54651
0.48064
0.45626
0.4401
0.4531
0.46009
0.47316
0.4762
0.48376
0.35509
0.3157
0.33727
0.47485
0.54251
0.5933
0.68327
0.6773
0.65346
0.65613
0.67666
0.59597
0.66156
0.69797
0.73492
0.74872
0.74803
0.69817
0.71697
0.76005
0.75014
0.74697
0.74385
0.74459
0.64276
0.62109
0.66467
0.7044
0.75544
0.7029
0.65446
0.60099
0.53228
0.42278
0.29784
0.22608
0.21036
0.23452
0.25303
0.26756
0.28624
0.27737
0.28988
0.26403
0.30796
0.31706
0.33739
0.37742
0.44252
0.40378
0.36515
0.32703
0.34827
0.39341
0.41335
0.41819
0.46342
0.48786
0.36495
0.32413
0.32283
0.34972
0.38077
0.41515
0.55957
0.71495
0.75991
0.74579
0.65677
0.70243
0.75605
0.77538
0.79462
0.78302
0.76727
0.75927
0.75994
0.76207
0.77856
0.7712
0.78304
0.78172
0.75259
0.72542
0.79894
0.76656
0.74706
0.78179
0.79194
0.79032
0.80108
0.73754
0.71283
0.73606
0.77076
0.70198
0.58713
0.49648
0.44238
0.45597
0.45485
0.41612
0.36494
0.30146
0.28274
0.27704
0.22461
0.21249
0.2221
0.21162
0.20711
0.2201
0.22047
0.23181
0.23099
0.28576
0.39031
0.36843
0.35635
0.35308
0.36045
0.3065
0.28266
0.28749
0.35083
0.35936
0.3358
0.32237
0.32819
0.3529
0.37116
0.3411
0.34457
0.38037
0.38663
0.36594
0.34359
0.30487
0.29857
0.20494
0.25811
0.35948
0.36865
0.39869
0.38665
0.33648
0.31522
0.32396
0.3534
0.37245
0.3748
0.38636
0.40449
0.39347
0.35811
0.35918
0.37406
0.39166
0.40371
0.41329
0.44144
0.404
0.38337
0.40962
0.50659
0.54548
0.57753
0.57455
0.67654
0.77096
0.78784
0.83816
0.88088
0.85229
0.73746
0.70252
0.61371
0.56616
0.54075
0.51158
0.5433
0.59152
0.63516
0.85519
0.87184
0.89222
0.85486
0.71812
0.70147
0.73103
0.74306
0.74019
0.74177
0.84351
0.65593
0.57966
0.53689
0.5509
0.50894
0.38944
0.34403
0.33076
0.33416
0.34062
0.35207
0.37568
0.42427
0.53075
0.86525
0.80672
0.79994
0.74835
0.73106
0.70104
0.72958
0.74485
0.51691
0.39804
0.38528
0.43319
0.66813
0.73499
0.7428
0.77449
0.7287
0.57717
0.51406
0.38865
0.3752
0.38987
0.42428
0.5462
0.58981
0.59248
0.51999
0.51679
0.54647
0.63509
0.66752
0.66523
0.56521
0.5497
0.454
0.46201
0.5347
0.56362
0.62922
0.56723
0.38012
0.36104
0.36268
0.34525
0.34674
0.37021
0.36957
0.33018
0.29905
0.30351
0.28519
0.2728
0.27053
0.27107
0.28561
0.29159
0.28198
0.2888
0.28711
0.29459
0.31258
0.31027
0.29449
0.34912
0.32622
0.30163
0.28631
0.27988
0.32266
0.34698
0.40611
0.34966
0.32304
0.30668
0.31397
0.31886
0.33289
0.34579
0.43309
0.45776
0.46652
0.43673
0.43582
0.43828
0.41127
0.44161
0.51205
0.46654
0.4291
0.46888
0.37645
0.31116
0.2946
0.2914
0.29288
0.275
0.25866
0.23846
0.25428
0.297
0.32935
0.35609
0.41155
0.45849
0.48432
0.46543
0.44734
0.41932
0.36412
0.35415
0.3603
0.36635
0.30324
0.27127
0.23701
0.24636
0.26445
0.29565
0.33671
0.34798
0.3278
0.30187
0.29201
0.28355
0.27494
0.28744
0.32049
0.32991
0.33346
0.33044
0.30845
0.29868
0.30694
0.36468
0.38335
0.40194
0.39319
0.36631
0.35163
0.35587
0.41796
0.47419
0.45845
0.62676
0.68123
0.66161
0.70104
0.70109
0.70623
0.74821
0.77218
0.77647
0.76283
0.7091
0.52193
0.47739
0.42444
0.38433
0.39199
0.42121
0.37984
0.33878
0.30555
0.29767
0.3129
0.40045
0.45635
0.44256
0.43257
0.41006
0.3808
0.35385
0.32774
0.33565
0.37206
0.42784
0.38502
0.36785
0.38175
0.61238
0.66685
0.70429
0.75723
0.7939
0.76712
0.75963
0.71427
0.6791
0.65794
0.62676
0.60386
0.52157
0.38387
0.36273
0.32966
0.29399
0.28451
0.2906
0.29007
0.25355
0.29002
0.29852
0.23968
0.2288
0.25737
0.25423
0.28554
0.29862
0.27345
0.28585
0.28191
0.33926
0.37347
0.4253
0.45867
0.44124
0.40391
0.34916
0.34168
0.34074
0.34356
0.45717
0.64312
0.69887
0.76893
0.74772
0.72592
0.70254
0.7063
0.73251
0.75733
0.78783
0.75506
0.69705
0.65418
0.6093
0.56654
0.57331
0.59176
0.59869
0.55636
0.51495
0.46459
0.4007
0.3759
0.38235
0.38957
0.38168
0.3977
0.41556
0.42374
0.44743
0.47115
0.52379
0.47141
0.45746
0.43843
0.40991
0.38452
0.34386
0.31713
0.30437
0.31733
0.34309
0.35751
0.36579
0.37863
0.36929
0.37824
0.45179
0.48078
0.46644
0.44621
0.40774
0.36614
0.33337
0.28168
0.3108
0.36161
0.40087
0.39185
0.36291
0.344
0.33509
0.3561
0.3781
0.36849
0.40566
0.43918
0.42253
0.41982
0.45107
0.49352
0.50474
0.47712
0.4676
0.44962
0.42017
0.39066
0.39728
0.43537
0.46956
0.47973
0.44778
0.43542
0.38489
0.3483
0.31336
0.31481
0.3297
0.35536
0.39973
0.41719
0.40247
0.38523
0.37458
0.38872
0.44331
0.42985
0.4332
0.44256
0.42496
0.39688
0.43968
0.45781
0.50471
0.55307
0.60948
0.62602
0.60442
0.5749
0.54893
0.54217
0.57968
0.6271
0.68109
0.65605
0.65259
0.63723
0.69714
0.73633
0.7385
0.76005
0.76666
0.7561
0.73147
0.70297
0.6868
0.70268
0.72643
0.77738
0.76518
0.75395
0.72613
0.69347
0.65904
0.61998
0.62237
0.70615
0.73765
0.73156
0.70353
0.71761
0.69857
0.59897
0.55839
0.54983
0.56422
0.54658
0.48161
0.4737
0.4441
0.40876
0.39013
0.44596
0.59324
0.77915
0.73866
0.69736
0.62747
0.61632
0.64471
0.70687
0.73816
0.74214
0.64906
0.49063
0.43022
0.37184
0.38457
0.44036
0.44927
0.35584
0.31747
0.30166
0.31541
0.33325
0.34864
0.4077
0.44305
0.44003
0.44818
0.43794
0.49178
0.49678
0.60976
0.73383
0.75321
0.76339
0.72471
0.66112
0.65017
0.70365
0.8133
0.84151
0.85335
0.82722
0.85251
0.82292
0.79911
0.75396
0.70536
0.68459
0.66016
0.67351
0.71311
0.66023
0.63317
0.6145
0.63234
0.6324
0.62342
0.6177
0.61962
0.61122
0.58595
0.5504
0.54927
0.54773
0.54633
0.59047
0.66765
0.61741
0.55434
0.51451
0.48822
0.45848
0.41723
0.38331
0.38963
0.36745
0.3684
0.4167
0.40745
0.42327
0.42803
0.4535
0.53394
0.4571
0.54121
0.63289
0.73926
0.78582
0.79233
0.78569
0.74008
0.68196
0.58607
0.54852
0.51354
0.49296
0.48263
0.43143
0.43844
0.42703
0.46215
0.44962
0.44077
0.42743
0.3722
0.27738
0.23925
0.29476
0.34927
0.37915
0.3806
0.36636
0.35097
0.35875
0.3645
0.3621
0.34403
0.37637
0.3755
0.3681
0.3711
0.35451
0.33245
0.34443
0.34871
0.31343
0.29665
0.25165
0.25014
0.3535
0.38063
0.3489
0.3373
0.33225
0.34118
0.32998
0.29477
0.26089
0.25559
0.26118
0.24362
0.23993
0.23238
0.18209
0.1789
0.20212
0.25178
0.31532
0.32392
0.30204
0.31216
0.3329
0.3845
0.36692
0.35207
0.30623
0.27392
0.25524
0.26004
0.25548
0.24047
0.22852
0.22495
0.22386
0.23435
0.26979
0.27384
0.31272
0.33934
0.33377
0.30684
0.29313
0.2917
0.30837
0.35426
0.37933
0.39854
0.42924
0.43725
0.43867
0.44865
0.431
0.43338
0.45263
0.4606
0.45213
0.43716
0.4151
0.40409
0.39976
0.40775
0.4376
0.45127
0.4652
0.44372
0.42133
0.39867
0.40261
0.41981
0.43707
0.44641
0.45422
0.45259
0.44647
0.46774
0.49353
0.51228
0.58477
0.64744
0.66495
0.67208
0.65043
0.60523
0.57889
0.5737
0.57201
0.52114
0.47077
0.3601
0.34672
0.36858
0.38342
0.40055
0.44594
0.42362
0.39874
0.35154
0.30976
0.28748
0.28508
0.28785
0.29446
0.30571
0.31537
0.31335
0.32925
0.3831
0.41122
0.44023
0.46449
0.49006
0.50294
0.49262
0.46948
0.4686
0.51362
0.60883
0.82336
0.84941
0.86147
0.85337
0.81828
0.78028
0.7776
0.79479
0.79971
0.79194
0.76552
0.71679
0.63471
0.59228
0.54725
0.57015
0.68128
0.68701
0.65263
0.63374
0.66868
0.74468
0.83606
0.8737
0.90288
0.90938
0.84344
0.86293
0.85006
0.82004
0.77444
0.77332
0.74984
0.62499
0.41805
0.37176
0.38687
0.40242
0.38939
0.39026
0.38695
0.40324
0.36819
0.32799
0.33613
0.32074
0.29937
0.3191
0.33115
0.35102
0.35896
0.36
0.3653
0.36785
0.37125
0.38621
0.36234
0.30596
0.2628
0.28491
0.29859
0.36626
0.36645
0.36135
0.32785
0.30999
0.31317
0.33179
0.36511
0.38574
0.408
0.41993
0.43141
0.41177
0.37548
0.35863
0.33894
0.3384
0.31708
0.30041
0.29237
0.24574
0.21692
0.24875
0.26842
0.27809
0.266
0.22267
0.22957
0.23956
0.20832
0.29511
0.25095
0.36186
0.36857
0.36621
0.37153
0.3665
0.36767
0.36884
0.38197
0.36897
0.36922
0.36529
0.37036
0.42172
0.47281
0.56631
0.64279
0.62567
0.56223
0.53119
0.51031
0.50763
0.51564
0.52699
0.55459
0.61801
0.6243
0.6528
0.63805
0.56002
0.30168
0.26535
0.29609
0.26843
0.26986
0.27064
0.2889
0.34073
0.32179
0.31328
0.32766
0.38831
0.41423
0.41829
0.42299
0.42457
0.43356
0.43666
0.42398
0.40556
0.4067
0.42073
0.44641
0.49502
0.49613
0.53824
0.52994
0.55178
0.56427
0.67455
0.76978
0.80007
0.8034
0.78988
0.79792
0.79034
0.79584
0.81474
0.81719
0.77863
0.76937
0.76011
0.69152
0.64531
0.68955
0.74481
0.69373
0.66631
0.68758
0.48833
0.62498
0.72869
0.76793
0.81972
0.82348
0.80798
0.75984
0.70855
0.67416
0.52208
0.53098
0.43836
0.35535
0.32482
0.31792
0.33852
0.35549
0.39059
0.44503
0.4305
0.37103
0.32469
0.27676
0.24388
0.26526
0.29481
0.3039
0.28273
0.26423
0.25171
0.2486
0.26059
0.28278
0.30556
0.31111
0.26158
0.23542
0.22492
0.20727
0.19444
0.2054
0.26723
0.2925
0.27251
0.27003
0.25614
0.25885
0.26706
0.28426
0.33552
0.33773
0.2758
0.21013
0.21282
0.23911
0.26088
0.29953
0.33833
0.36615
0.43154
0.44759
0.40124
0.33869
0.28727
0.29735
0.33742
0.383
0.36258
0.30848
0.2712
0.22639
0.19872
0.1963
0.24482
0.31655
0.37862
0.37825
0.34639
0.29397
0.26406
0.25992
0.32377
0.44073
0.54596
0.55017
0.5258
0.44251
0.33992
0.3036
0.31739
0.30501
0.297
0.28412
0.28315
0.2716
0.28785
0.35611
0.45448
0.55375
0.71478
0.69554
0.71785
0.7032
0.69235
0.693
0.66787
0.68469
0.66975
0.63043
0.5712
0.4541
0.35385
0.37179
0.37981
0.36164
0.32945
0.33923
0.34944
0.34364
0.34694
0.35341
0.38959
0.40116
0.4296
0.46185
0.46882
0.44011
0.40129
0.37359
0.37373
0.38605
0.40409
0.42247
0.44047
0.44497
0.43552
0.44737
0.47853
0.49606
0.47776
0.42614
0.39242
0.34287
0.28298
0.22017
0.19532
0.19209
0.20263
0.19632
0.19905
0.24746
0.26288
0.30569
0.32647
0.32056
0.31695
0.33047
0.31164
0.67961
0.74095
0.79375
0.80704
0.81981
0.84763
0.84081
0.84714
0.835
0.81739
0.73809
0.73704
0.65991
0.5374
0.51661
0.51023
0.42107
0.32503
0.2914
0.29341
0.28194
0.32219
0.37331
0.33967
0.27596
0.26153
0.30434
0.38187
0.41859
0.39563
0.36677
0.34485
0.34851
0.3671
0.38103
0.38326
0.36131
0.33354
0.33345
0.38861
0.40688
0.4187
0.44975
0.51718
0.59705
0.42423
0.37734
0.3894
0.44171
0.30261
0.27667
0.26733
0.27138
0.2651
0.27831
0.30396
0.30235
0.30559
0.312
0.33686
0.32781
0.30081
0.28595
0.27777
0.27305
0.25863
0.24641
0.26431
0.21862
0.1992
0.19174
0.18203
0.20224
0.20083
0.29406
0.33545
0.34428
0.34676
0.32473
0.33631
0.30884
0.25817
0.23773
0.21918
0.21535
0.19351
0.17538
0.17351
0.22217
0.27158
0.29781
0.34065
0.33222
0.33569
0.30797
0.32117
0.33969
0.33467
0.3177
0.32697
0.32316
0.30163
0.2789
0.28214
0.27887
0.28952
0.31291
0.30617
0.31226
0.33253
0.32831
0.29853
0.26733
0.26251
0.27218
0.2982
0.3333
0.38458
0.45095
0.50745
0.52479
0.53659
0.51863
0.4608
0.38094
0.33158
0.33864
0.2596
0.20473
0.19508
0.20759
0.20321
0.20337
0.25266
0.35519
0.37243
0.40947
0.46642
0.5002
0.4943
0.5211
0.54352
0.61203
0.70374
0.73742
0.74555
0.74288
0.76574
0.76133
0.70508
0.71278
0.66407
0.59834
0.5653
0.5562
0.62039
0.76383
0.72347
0.66466
0.71583
0.54429
0.41999
0.24201
0.2467
0.23374
0.22704
0.21679
0.20454
0.19863
0.18364
0.19253
0.19515
0.19372
0.22521
0.22912
0.22777
0.22245
0.23396
0.25255
0.26468
0.25841
0.26349
0.28269
0.29468
0.30374
0.34156
0.39396
0.41029
0.44772
0.45408
0.41382
0.42657
0.34122
0.63749
0.70346
0.64469
0.69599
0.70983
0.61439
0.74781
0.72261
0.70211
0.74792
0.72163
0.71927
0.63955
0.59568
0.56217
0.54272
0.48591
0.42857
0.35842
0.32826
0.28577
0.26489
0.25086
0.25233
0.2511
0.26949
0.28602
0.29692
0.26501
0.24964
0.26576
0.25357
0.23662
0.2146
0.2256
0.2229
0.23336
0.24399
0.26637
0.27828
0.31384
0.49574
0.77302
0.66494
0.7493
0.60371
0.35836
0.30353
0.29526
0.27383
0.25531
0.25033
0.23562
0.21192
0.20351
0.18756
0.1715
0.2267
0.38039
0.38407
0.38048
0.27142
0.33225
0.30587
0.2606
0.22298
0.2069
0.21458
0.23485
0.24604
0.23744
0.23226
0.21606
0.21286
0.18736
0.17027
0.16157
0.14087
0.12408
0.11012
0.10504
0.12428
0.14061
0.14036
0.1613
0.14876
0.1425
0.14479
0.15361
0.16684
0.1866
0.20355
0.21089
0.22211
0.23159
0.22961
0.23019
0.25079
0.24352
0.2369
0.34434
0.42517
0.41652
0.36947
0.33957
0.3204
0.32063
0.29755
0.28749
0.27509
0.27679
0.29052
0.32579
0.31444
0.2982
0.27134
0.26367
0.25243
0.24376
0.22941
0.2154
0.2245
0.26422
0.28395
0.29374
0.758
0.75927
0.63808
0.47356
0.31946
0.24535
0.22095
0.1979
0.17468
0.19244
0.22963
0.27044
0.37043
0.36012
0.35722
0.34556
0.35705
0.35014
0.32379
0.2858
0.26021
0.2422
0.22211
0.21057
0.19123
0.1864
0.18799
0.19135
0.19024
0.23598
0.27279
0.2757
0.26699
0.25875
0.2528
0.24115
0.24039
0.23456
0.21368
0.19015
0.17549
0.18028
0.18516
0.18907
0.1929
0.19727
0.21434
0.22572
0.23351
0.23424
0.24195
0.23435
0.20793
0.1864
0.16335
0.16926
0.18779
0.20311
0.18851
0.16883
0.15727
0.14987
0.14009
0.15619
0.21587
0.23892
0.24882
0.20087
0.19219
0.25314
0.28908
0.4622
0.60668
0.73248
0.65369
0.75356
0.62949
0.29835
0.30932
0.35777
0.37258
0.30162
0.30171
0.28511
0.27469
0.25169
0.20871
0.2031
0.21417
0.2243
0.26355
0.26074
0.27
0.25806
0.23095
0.23556
0.24515
0.361
0.56525
0.65064
0.72004
0.72826
0.61807
0.46093
0.38783
0.33775
0.31942
0.32722
0.3054
0.27047
0.43837
0.47538
0.39003
0.1833
0.16998
0.14369
0.12543
0.12627
0.1374
0.12941
0.10192
0.12179
0.18331
0.13521
0.14848
0.13066
0.12324
0.15065
0.16333
0.17897
0.24043
0.25614
0.21477
0.22247
0.24914
0.24844
0.22609
0.24072
0.23444
0.21984
0.20564
0.2191
0.23445
0.23596
0.22287
0.22995
0.22374
0.21542
0.21554
0.21883
0.20956
0.22054
0.22282
0.23197
0.22271
0.2339
0.24428
0.23241
0.24009
0.23829
0.24621
0.24328
0.24965
0.25555
0.25805
0.27723
0.3087
0.46233
0.41269
0.341
0.32578
0.32241
0.3232
0.32018
0.30506
0.32375
0.34504
0.38122
0.37828
0.38568
0.35766
0.32713
0.33914
0.34423
0.31666
0.31119
0.2851
0.30376
0.28462
0.27822
0.27914
0.28531
0.27561
0.37047
0.51229
0.58093
0.64481
0.7005
0.67868
0.70888
0.56915
0.71108
0.74692
0.74241
0.73699
0.72957
0.6754
0.39476
0.32543
0.30912
0.32458
0.35739
0.34232
0.36292
0.41931
0.37076
0.34852
0.38979
0.34736
0.32952
0.348
0.33447
0.31677
0.29592
0.30074
0.30232
0.29262
0.27841
0.25194
0.25735
0.25888
0.25003
0.23664
0.22583
0.23604
0.29247
0.33031
0.44498
0.47323
0.41654
0.33663
0.30559
0.30162
0.22079
0.19457
0.1718
0.15688
0.15948
0.13998
0.13091
0.12867
0.12792
0.12334
0.12218
0.11028
0.098099
0.088845
0.095729
0.096693
0.10079
0.094041
0.096996
0.09393
0.091795
0.092034
0.095874
0.10682
0.13384
0.18633
0.24191
0.24632
0.2549
0.26251
0.28786
0.27026
0.26246
0.25187
0.21296
0.21289
0.21907
0.21568
0.22986
0.25419
0.28412
0.33647
0.32381
0.29264
0.25726
0.22248
0.20436
0.20752
0.19989
0.20268
0.21175
0.21017
0.19787
0.18635
0.18029
0.18901
0.20346
0.20375
0.2098
0.20054
0.18922
0.1931
0.21455
0.22431
0.23316
0.26276
0.31269
0.36984
0.37065
0.35447
0.36081
0.35954
0.35257
0.36469
0.35229
0.33584
0.3194
0.27534
0.24951
0.23024
0.22184
0.21046
0.19539
0.18332
0.16941
0.16321
0.1712
0.16861
0.15949
0.14972
0.14187
0.13561
0.12908
0.12789
0.12432
0.12717
0.1256
0.12494
0.12865
0.13669
0.14567
0.14736
0.15556
0.15411
0.1447
0.14298
0.14567
0.14905
0.15262
0.15188
0.15128
0.15384
0.15898
0.15421
0.1571
0.14937
0.14637
0.1489
0.16053
0.16915
0.16701
0.16919
0.16889
0.20143
0.27425
0.43794
0.49912
0.49121
0.60501
0.42164
0.31448
0.20319
0.18269
0.15997
0.15032
0.1401
0.13708
0.12291
0.11296
0.096672
0.083492
0.093013
0.1003
0.11739
0.1102
0.12939
0.1346
0.15485
0.16903
0.18393
0.18975
0.21063
0.22186
0.22007
0.22452
0.22892
0.23324
0.23652
0.23367
0.22673
0.20883
0.19519
0.17636
0.17472
0.15849
0.15091
0.13442
0.1324
0.12395
0.14254
0.19909
0.22191
0.23123
0.2237
0.21795
0.22351
0.2195
0.22272
0.2122
0.19924
0.16635
0.16976
0.18962
0.22348
0.24211
0.23992
0.2335
0.20557
0.18398
0.14731
0.12461
0.1282
0.16027
0.16439
0.46908
0.43206
0.32702
0.23296
0.19082
0.1649
0.13677
0.1491
0.12389
0.12877
0.20579
0.24257
0.21279
0.18301
0.14424
0.17468
0.15191
0.18693
0.2667
0.53817
0.53756
0.5927
0.53285
0.59004
0.6165
0.56655
0.52823
0.50107
0.50897
0.44063
0.21606
0.22201
0.21942
0.20488
0.13552
0.16211
0.27632
0.45126
0.42248
0.54999
0.61071
0.56528
0.37872
0.3021
0.24371
0.23723
0.25287
0.3894
0.69617
0.61655
0.7197
0.69288
0.74759
0.73583
0.58365
0.40794
0.3564
0.25212
0.2455
0.23641
0.21444
0.17555
0.15234
0.19404
0.17695
0.16226
0.17763
0.18149
0.26989
0.36026
0.4105
0.46062
0.41559
0.27961
0.33866
0.42179
0.42205
0.37762
0.33449
0.31035
0.30734
0.31029
0.35104
0.44507
0.53008
0.66776
0.64304
0.6749
0.73655
0.74598
0.70183
0.6728
0.67425
0.68511
0.61227
0.65884
0.55405
0.5483
0.62572
0.49564
0.5268
0.51226
0.44906
0.41533
0.38948
0.36599
0.38043
0.39018
