0.16614
0.15714
0.16112
0.16305
0.15924
0.16519
0.16219
0.15936
0.18148
0.20763
0.22426
0.23933
0.26355
0.28243
0.28572
0.2843
0.27505
0.26531
0.26582
0.25904
0.25667
0.24992
0.23769
0.22849
0.22232
0.21647
0.2116
0.1991
0.19332
0.19573
0.20154
0.20074
0.21404
0.26455
0.58415
0.53539
0.45558
0.47472
0.41377
0.36972
0.31563
0.30003
0.29984
0.29863
0.2612
0.24945
0.23869
0.22703
0.22933
0.2873
0.53937
0.66154
0.69085
0.6534
0.63894
0.61498
0.54179
0.49339
0.45567
0.37981
0.29368
0.22743
0.2134
0.18261
0.16844
0.162
0.15767
0.17135
0.20926
0.23066
0.26654
0.25072
0.27608
0.35961
0.31359
0.22468
0.21707
0.23559
0.35071
0.35721
0.32637
0.31546
0.39944
0.41081
0.47486
0.50204
0.57922
0.60953
0.58715
0.49609
0.4386
0.53847
0.62617
0.51758
0.34613
0.28645
0.20309
0.20404
0.51413
0.54227
0.52605
0.52519
0.4574
0.37354
0.35886
0.34307
0.30671
0.28297
0.24296
0.22851
0.22782
0.23324
0.23841
0.22045
0.22208
0.23961
0.24917
0.28347
0.24662
0.21936
0.21079
0.201
0.19063
0.16512
0.15294
0.12166
0.11392
0.12973
0.14253
0.18053
0.18498
0.18447
0.24935
0.26998
0.26326
0.26828
0.26493
0.39451
0.66079
0.69138
0.67422
0.70084
0.69965
0.70136
0.62665
0.62739
0.57228
0.52798
0.45354
0.43858
0.37023
0.36019
0.3308
0.30009
0.30552
0.31246
0.35513
0.464
0.62492
0.74456
0.73754
0.72973
0.70907
0.70734
0.64603
0.56609
0.51014
0.4412
0.3744
0.34787
0.32346
0.32251
0.34441
0.33005
0.32998
0.33661
0.48664
0.46337
0.46262
0.66577
0.72082
0.74087
0.74644
0.76323
0.74255
0.74332
0.74256
0.73095
0.73765
0.75266
0.73796
0.72066
0.7298
0.72764
0.69071
0.69072
0.69455
0.70222
0.70013
0.70384
0.70624
0.71542
0.73037
0.72956
0.73803
0.71954
0.69444
0.67068
0.65725
0.60407
0.51681
0.45285
0.40171
0.36134
0.33123
0.31023
0.29177
0.28274
0.26309
0.25028
0.25997
0.2701
0.26791
0.26327
0.24408
0.22167
0.20687
0.1884
0.1789
0.16665
0.15871
0.15898
0.15745
0.15888
0.14961
0.24525
0.29539
0.45541
0.68129
0.69045
0.69991
0.69698
0.67507
0.67335
0.66207
0.61191
0.55197
0.49604
0.42009
0.34279
0.26803
0.22777
0.20697
0.20769
0.21032
0.21883
0.22284
0.22015
0.22991
0.25347
0.31737
0.35269
0.3675
0.36611
0.37515
0.38039
0.37815
0.35791
0.33747
0.32293
0.29388
0.2745
0.25197
0.24321
0.25042
0.28339
0.33778
0.43269
0.46736
0.64993
0.66049
0.69344
0.71322
0.70809
0.69125
0.68016
0.63468
0.61992
0.51624
0.40471
0.31699
0.25905
0.24923
0.22319
0.2263
0.22212
0.21862
0.21666
0.2101
0.20192
0.19838
0.19871
0.19572
0.19519
0.19661
0.19476
0.19595
0.19338
0.19912
0.20924
0.22038
0.23226
0.23452
0.23716
0.2448
0.27734
0.27802
0.29026
0.30731
0.30735
0.2889
0.26072
0.23131
0.21976
0.21542
0.18479
0.17813
0.17985
0.18258
0.19841
0.1899
0.19651
0.18493
0.16581
0.16519
0.17008
0.16834
0.16079
0.14619
0.14065
0.13562
0.13041
0.12214
0.1213
0.12105
0.12137
0.12114
0.11103
0.10238
0.09555
0.10316
0.11816
0.14866
0.15986
0.16025
0.14216
0.13866
0.13201
0.14174
0.14933
0.16181
0.15964
0.17104
0.1597
0.16245
0.15343
0.14926
0.14753
0.15453
0.12868
0.11507
0.097491
0.1074
0.09797
0.10053
0.12685
0.11876
0.12287
0.1158
0.11758
0.11646
0.11125
0.096312
0.099814
0.08793
0.06835
0.068146
0.060597
0.060477
0.056633
0.052931
0.049432
0.044828
0.044704
0.044755
0.04495
0.045028
0.042601
0.041432
0.038918
0.04515
0.04873
0.045501
0.04806
0.052075
0.054102
0.061993
0.065891
0.073678
0.080497
0.088068
0.093737
0.1043
0.10594
0.13022
0.13993
0.1841
0.21254
0.24032
0.26805
0.29063
0.39612
0.42242
0.39252
0.37482
0.35548
0.35297
0.37276
0.39974
0.43189
0.39869
0.39759
0.47565
0.46519
0.42518
0.42207
0.43857
0.41464
0.28439
0.22614
0.18744
0.14072
0.14063
0.12622
0.10054
0.072605
0.097904
0.089115
0.084948
0.086051
0.079681
0.074757
0.09893
0.11512
0.11109
0.10336
0.11459
0.13326
0.1351
0.14094
0.14394
0.16887
0.17609
0.19874
0.20225
0.18386
0.18115
0.19756
0.19368
0.19982
0.1951
0.19629
0.19877
0.22213
0.20946
0.22679
0.23578
0.262
0.27297
0.24427
0.23314
0.2235
0.22436
0.22674
0.23887
0.26683
0.27871
0.27736
0.25294
0.21889
0.17403
0.16207
0.15973
0.1612
0.16624
0.17274
0.17263
0.16342
0.1622
0.15459
0.14415
0.14077
0.25739
0.2859
0.27255
0.33473
0.53126
0.75379
0.72734
0.73868
0.712
0.71317
0.69886
0.7047
0.69974
0.67445
0.64595
0.49547
0.41484
0.40048
0.37895
0.3822
0.3858
0.37698
0.37237
0.34882
0.31093
0.2838
0.26564
0.24819
0.24948
0.24008
0.24701
0.25194
0.2525
0.23949
0.26324
0.24766
0.22821
0.22636
0.21076
0.18975
0.17787
0.18096
0.2031
0.20846
0.19901
0.16154
0.13534
0.13941
0.12056
0.27088
0.30142
0.32227
0.41369
0.42732
0.38774
0.35451
0.33741
0.40843
0.44877
0.44073
0.37029
0.22055
0.40878
0.66253
0.68576
0.71137
0.71003
0.76339
0.70613
0.67182
0.69075
0.70396
0.69223
0.66158
0.67786
0.62262
0.66813
0.66422
0.66425
0.49688
0.2263
0.24584
0.39334
0.42278
0.4584
0.4997
0.52335
0.56486
0.57888
0.70519
0.29515
0.51666
0.26942
0.24142
0.24647
0.23957
0.23822
0.24408
0.24607
0.24877
0.26856
0.2643
0.41046
0.55367
0.64125
0.65995
0.60317
0.56505
0.57516
0.56244
0.53302
0.51263
0.5301
0.51331
0.51421
0.44204
0.45812
0.49382
0.53352
0.52843
0.54948
0.58496
0.6426
0.58459
0.543
0.5079
0.58534
0.63139
0.60008
0.52627
0.50439
0.49952
0.55706
0.58031
0.64085
0.6636
0.67153
0.67938
0.69977
0.71372
0.71277
0.59847
0.55908
0.50506
0.58164
0.63016
0.58532
0.41796
0.28653
0.16247
0.16385
0.15212
0.13908
0.13914
0.17346
0.1948
0.31981
0.42718
0.42873
0.44589
0.47474
0.59076
0.6093
0.62039
0.36446
0.54019
0.59643
0.71872
0.75181
0.64011
0.42535
0.3555
0.36824
0.54624
0.51744
0.59301
0.72421
0.65131
0.63678
0.63583
0.55694
0.55424
0.56661
0.53004
0.39455
0.31098
0.33224
0.45092
0.27885
0.24011
0.20054
0.22084
0.22812
0.23654
0.19935
0.21276
0.23957
0.24218
0.27533
0.27674
0.2587
0.2536
0.22389
0.18779
0.16024
0.1634
0.17585
0.19437
0.17945
0.17171
0.16719
0.17184
0.17005
0.19291
0.22037
0.23055
0.20324
0.18704
0.18811
0.28417
0.46006
0.52006
0.47151
0.35308
0.30282
0.24731
0.20857
0.17297
0.15656
0.15972
0.16962
0.19583
0.20294
0.22031
0.35019
0.49923
0.46663
0.3937
0.32908
0.25591
0.30917
0.56368
0.60977
0.48794
0.34521
0.39066
0.26677
0.42629
0.44858
0.2887
0.19665
0.16354
0.17168
0.22103
0.28353
0.34039
0.39216
0.40083
0.45789
0.50407
0.53837
0.57972
0.7158
0.73596
0.79099
0.727
0.6602
0.66229
0.68887
0.71039
0.69535
0.49375
0.52382
0.53155
0.52407
0.53965
0.70749
0.75119
0.74863
0.74622
0.73154
0.67473
0.65551
0.64207
0.63539
0.59169
0.57304
0.62859
0.61697
0.69551
0.7629
0.76102
0.73763
0.76389
0.73487
0.4897
0.42371
0.34616
0.29382
0.2861
0.30952
0.34056
0.34837
0.34769
0.33084
0.26733
0.23209
0.20639
0.20984
0.25449
0.32666
0.37488
0.35932
0.36963
0.3933
0.37848
0.31778
0.27929
0.33319
0.3617
0.34733
0.29753
0.26672
0.32267
0.30037
0.35001
0.36263
0.37102
0.36684
0.37402
0.33299
0.32555
0.28553
0.26198
0.27485
0.27381
0.27616
0.28304
0.29784
0.27266
0.26306
0.28639
0.2787
0.26806
0.24622
0.2172
0.18604
0.23753
0.21942
0.19598
0.46009
0.55331
0.56574
0.63429
0.7604
0.74913
0.71313
0.75479
0.71961
0.7115
0.80364
0.75643
0.61922
0.31595
0.26434
0.32652
0.40586
0.50392
0.51149
0.49466
0.45969
0.46212
0.22304
0.23137
0.26112
0.36048
0.48571
0.37954
0.27447
0.23637
0.19106
0.20804
0.21547
0.2015
0.17049
0.13846
0.1103
0.13703
0.1477
0.25103
0.26378
0.2685
0.2683
0.26545
0.27432
0.27966
0.27456
0.26364
0.27579
0.28495
0.25684
0.25339
0.24498
0.2359
0.23586
0.24372
0.28275
0.43396
0.48207
0.46845
0.45428
0.4761
0.53589
0.60751
0.57555
0.60527
0.6049
0.60846
0.61651
0.6225
0.65884
0.61802
0.80594
0.86825
0.81489
0.81553
0.44693
0.27795
0.21847
0.22046
0.19563
0.20139
0.31223
0.29348
0.27961
0.28209
0.28617
0.31028
0.46945
0.53377
0.56674
0.57941
0.62341
0.5497
0.52742
0.5197
0.52204
0.46087
0.43655
0.48333
0.4562
0.3453
0.2313
0.2536
0.24674
0.2444
0.25832
0.19953
0.18417
0.19151
0.2226
0.28602
0.28332
0.28993
0.30933
0.30213
0.28352
0.24088
0.24551
0.32205
0.37297
0.35304
0.35683
0.37237
0.3957
0.36519
0.35216
0.33861
0.32336
0.35035
0.37001
0.37585
0.35527
0.34177
0.34197
0.33982
0.37186
0.38873
0.39593
0.4181
0.60645
0.72349
0.72326
0.80086
0.82196
0.73948
0.73667
0.67959
0.63582
0.62004
0.62655
0.60358
0.57594
0.61128
0.69229
0.791
0.78813
0.8084
0.80849
0.7676
0.67863
0.65357
0.6316
0.63334
0.61506
0.61585
0.60889
0.57281
0.56531
0.58984
0.66002
0.71512
0.61857
0.44665
0.34559
0.31997
0.31842
0.34889
0.35963
0.30468
0.31745
0.35536
0.3408
0.34426
0.36669
0.47299
0.57358
0.64637
0.76792
0.81292
0.80678
0.80427
0.78147
0.74095
0.73615
0.72058
0.71387
0.71308
0.7121
0.76403
0.7181
0.67917
0.64086
0.77158
0.54968
0.47381
0.44479
0.45312
0.43302
0.3803
0.33902
0.30409
0.23371
0.17107
0.20016
0.24423
0.32013
0.4644
0.54422
0.57535
0.58043
0.60618
0.5702
0.43415
0.26929
0.26507
0.28106
0.26048
0.22201
0.19146
0.2012
0.25595
0.26676
0.35928
0.45605
0.56329
0.72412
0.71457
0.37475
0.28189
0.26836
0.28313
0.30654
0.31549
0.30629
0.3187
0.34386
0.34112
0.31883
0.30952
0.30358
0.27755
0.24968
0.2209
0.19656
0.25451
0.28101
0.31697
0.33016
0.3171
0.27038
0.29494
0.29829
0.29746
0.32083
0.32337
0.31594
0.29827
0.27405
0.25128
0.24091
0.25132
0.18685
0.18521
0.2098
0.23621
0.26063
0.3228
0.46181
0.602
0.71723
0.69884
0.68478
0.59838
0.58797
0.58104
0.54807
0.48594
0.48007
0.53008
0.59795
0.56406
0.52581
0.48337
0.4161
0.3765
0.37546
0.40952
0.46478
0.44143
0.52416
0.69665
0.757
0.71245
0.7181
0.7368
0.7397
0.76414
0.74474
0.76177
0.70984
0.59397
0.52207
0.45079
0.45918
0.47941
0.3787
0.26086
0.34059
0.62719
0.67641
0.73813
0.78417
0.8111
0.83687
0.85451
0.79884
0.55216
0.56173
0.4907
0.47621
0.4904
0.55434
0.54607
0.52044
0.47561
0.47299
0.47037
0.46813
0.47718
0.37023
0.29796
0.26375
0.26245
0.29654
0.29838
0.32016
0.31137
0.26259
0.22364
0.21341
0.22583
0.23701
0.23517
0.28486
0.34176
0.25666
0.26961
0.2453
0.25703
0.29132
0.24781
0.30212
0.36019
0.31832
0.24948
0.21532
0.2034
0.20583
0.20803
0.23017
0.27942
0.25286
0.22877
0.24379
0.28705
0.32837
0.38819
0.44538
0.48133
0.45026
0.26409
0.21531
0.22329
0.23592
0.24152
0.26016
0.34338
0.36324
0.27881
0.24604
0.24692
0.24945
0.31719
0.38635
0.37665
0.3887
0.38255
0.34649
0.28557
0.28557
0.28677
0.27933
0.27544
0.28614
0.28068
0.26824
0.26288
0.30996
0.31632
0.31743
0.33112
0.44373
0.64052
0.76778
0.68246
0.65562
0.71284
0.64866
0.49121
0.5586
0.58383
0.61975
0.62368
0.59426
0.5818
0.5734
0.55318
0.52233
0.41857
0.41942
0.28188
0.29356
0.35062
0.35541
0.35815
0.3825
0.3572
0.35308
0.35396
0.33708
0.2692
0.27956
0.28503
0.29461
0.25464
0.24258
0.25563
0.25831
0.25457
0.27123
0.34461
0.36481
0.37282
0.37644
0.38219
0.38964
0.43352
0.40593
0.40986
0.41785
0.42014
0.36776
0.3723
0.38338
0.39434
0.41096
0.44112
0.59541
0.61754
0.47687
0.31342
0.23863
0.20974
0.20532
0.26519
0.2413
0.2174
0.19793
0.20663
0.21296
0.20123
0.21017
0.26129
0.31136
0.3306
0.33359
0.3751
0.40908
0.45284
0.51582
0.53081
0.58826
0.67944
0.7747
0.76554
0.74189
0.70964
0.71364
0.72805
0.76092
0.71973
0.68496
0.65108
0.61068
0.67734
0.73581
0.69185
0.66709
0.62458
0.63408
0.60199
0.54678
0.51756
0.55376
0.59339
0.62636
0.59837
0.53293
0.47469
0.42755
0.41638
0.42503
0.44405
0.45106
0.43906
0.42066
0.39627
0.35393
0.35229
0.34114
0.35133
0.36347
0.36124
0.34866
0.30581
0.29489
0.28762
0.27971
0.28672
0.29052
0.2728
0.26291
0.25176
0.23751
0.22365
0.21474
0.22055
0.23331
0.24057
0.24677
0.25968
0.29121
0.25286
0.25103
0.2789
0.30347
0.29961
0.28643
0.26532
0.25636
0.25286
0.24957
0.26349
0.27253
0.2891
0.28891
0.2868
0.28371
0.30233
0.32853
0.34957
0.38621
0.41008
0.40681
0.36006
0.31692
0.31494
0.33221
0.37759
0.41172
0.42481
0.42585
0.40432
0.38088
0.37526
0.41228
0.45897
0.46953
0.47716
0.4884
0.48844
0.49808
0.51023
0.54464
0.59017
0.61782
0.62644
0.611
0.61317
0.57285
0.56289
0.56253
0.60275
0.60566
0.59143
0.59687
0.58443
0.56986
0.55102
0.57435
0.57251
0.5627
0.57492
0.61685
0.61364
0.58345
0.5912
0.64463
0.59145
0.51771
0.48524
0.46711
0.44317
0.4191
0.43091
0.44644
0.48984
0.50095
0.45954
0.46001
0.43739
0.41491
0.42455
0.46133
0.49266
0.50956
0.49013
0.44326
0.42057
0.42435
0.42835
0.48227
0.48988
0.5991
0.73303
0.78729
0.79878
0.77223
0.73774
0.7213
0.75898
0.79168
0.80236
0.81508
0.83222
0.81541
0.85303
0.81258
0.78276
0.83013
0.80902
0.75931
0.57725
0.54891
0.55532
0.55544
0.57192
0.54423
0.54649
0.53201
0.48035
0.45406
0.42888
0.44557
0.56409
0.60467
0.51709
0.46234
0.42865
0.41124
0.41679
0.4474
0.5224
0.58922
0.59923
0.53331
0.4683
0.43724
0.50209
0.51532
0.53057
0.52481
0.508
0.48504
0.47643
0.49589
0.50193
0.54254
0.57158
0.60373
0.77394
0.82308
0.81294
0.81525
0.78946
0.79656
0.83331
0.84543
0.83733
0.83404
0.85545
0.82224
0.82479
0.84829
0.82093
0.8288
0.82673
0.83211
0.77069
0.78847
0.7897
0.79942
0.81719
0.80022
0.80638
0.79031
0.73236
0.67263
0.70184
0.72899
0.71379
0.7167
0.69463
0.67609
0.71404
0.72528
0.73223
0.74668
0.76583
0.76629
0.68635
0.68814
0.66205
0.6129
0.55235
0.55008
0.56778
0.52324
0.45813
0.434
0.40965
0.3943
0.41286
0.46115
0.43562
0.41314
0.38889
0.36655
0.37137
0.34427
0.34158
0.36555
0.34945
0.31495
0.25232
0.21562
0.2693
0.28449
0.31603
0.35564
0.3199
0.26911
0.24025
0.22361
0.26839
0.30188
0.32196
0.3202
0.33347
0.37381
0.41501
0.50648
0.59173
0.5591
0.54671
0.55317
0.59878
0.60595
0.56113
0.53113
0.57128
0.61124
0.6836
0.79629
0.85753
0.81988
0.80826
0.8391
0.59984
0.45413
0.39691
0.38217
0.44757
0.4317
0.43671
0.39906
0.36987
0.36796
0.36036
0.36538
0.36965
0.36891
0.33032
0.31549
0.33598
0.39612
0.40349
0.43416
0.38171
0.61713
0.74959
0.55473
0.42537
0.40276
0.42291
0.42518
0.47739
0.53209
0.47482
0.41717
0.37953
0.38123
0.48405
0.57374
0.62672
0.60633
0.52613
0.45435
0.47897
0.51609
0.4579
0.45424
0.45194
0.44242
0.46113
0.41896
0.4246
0.4266
0.51644
0.6472
0.6855
0.71346
0.63045
0.56841
0.58185
0.61782
0.62441
0.66692
0.73495
0.78094
0.77379
0.76583
0.74561
0.71341
0.68189
0.69467
0.72396
0.71608
0.65518
0.63724
0.61027
0.5758
0.562
0.57073
0.58767
0.54029
0.44501
0.38089
0.37463
0.37726
0.37069
0.37779
0.36957
0.3274
0.29454
0.29613
0.33191
0.34559
0.3891
0.44641
0.48226
0.44968
0.42779
0.43666
0.48307
0.50848
0.55418
0.62475
0.68452
0.7263
0.65798
0.61183
0.52397
0.4652
0.4327
0.43494
0.47231
0.38526
0.3748
0.35
0.36801
0.35288
0.36472
0.37059
0.34907
0.29849
0.29973
0.27518
0.24536
0.24187
0.27984
0.32309
0.37552
0.3902
0.39946
0.41827
0.65833
0.75348
0.75319
0.76767
0.77693
0.76722
0.57006
0.43387
0.41257
0.40353
0.38367
0.38924
0.25888
0.27334
0.24031
0.30074
0.34492
0.38175
0.39498
0.39024
0.40487
0.43632
0.52537
0.53867
0.57074
0.5478
0.55448
0.60936
0.68403
0.73203
0.78069
0.77835
0.72032
0.67019
0.64262
0.65024
0.63986
0.45249
0.34687
0.33747
0.37636
0.38547
0.36455
0.33168
0.19463
0.1961
0.19976
0.30672
0.37401
0.37393
0.37104
0.34469
0.35736
0.35057
0.31801
0.28913
0.27974
0.2776
0.3523
0.34538
0.4133
0.42925
0.41187
0.37835
0.41468
0.40836
0.39223
0.38338
0.35312
0.39758
0.47313
0.51692
0.51302
0.48262
0.48068
0.49759
0.4669
0.42601
0.39
0.35899
0.35267
0.35768
0.35392
0.35347
0.36574
0.35579
0.35252
0.36506
0.38154
0.38689
0.39466
0.41576
0.42027
0.40751
0.44167
0.72012
0.72252
0.65971
0.63552
0.71233
0.78029
0.82046
0.81431
0.79609
0.75537
0.78971
0.80446
0.83003
0.83327
0.80518
0.81172
0.81269
0.77517
0.76748
0.76301
0.79206
0.79857
0.77962
0.82333
0.80815
0.82205
0.76561
0.73096
0.74476
0.74065
0.68671
0.60535
0.42762
0.3915
0.37916
0.35953
0.30378
0.23732
0.22769
0.20306
0.19385
0.22913
0.25645
0.30926
0.29638
0.41881
0.51374
0.5669
0.5777
0.59544
0.58445
0.56599
0.56988
0.53675
0.52338
0.56644
0.66596
0.71262
0.89267
0.8
0.78773
0.79158
0.80648
0.82087
0.8124
0.80238
0.83477
0.75679
0.79794
0.81502
0.81783
0.81542
0.8128
0.79955
0.79153
0.78496
0.72244
0.71563
0.68036
0.63113
0.59145
0.55656
0.56485
0.59223
0.6589
0.7157
0.6882
0.66905
0.61651
0.57688
0.56935
0.57465
0.53914
0.52564
0.61334
0.64569
0.68657
0.7938
0.74994
0.60971
0.53397
0.52658
0.58085
0.55821
0.48963
0.49259
0.54207
0.46674
0.57613
0.47204
0.30906
0.26445
0.25906
0.25294
0.32074
0.35128
0.34609
0.27887
0.28841
0.31003
0.29844
0.27856
0.3318
0.37178
0.32914
0.30143
0.26587
0.24812
0.24624
0.24909
0.28012
0.27885
0.26491
0.28247
0.3396
0.3526
0.36182
0.37773
0.42506
0.46009
0.39351
0.29555
0.28596
0.28574
0.29118
0.28433
0.3386
0.33161
0.26195
0.22761
0.1914
0.15004
0.1694
0.17342
0.20068
0.32312
0.40371
0.50315
0.62509
0.71653
0.68235
0.6333
0.68864
0.82348
0.83883
0.76253
0.53902
0.34187
0.30466
0.30913
0.29332
0.2599
0.13252
0.25435
0.44523
0.52416
0.48716
0.37176
0.34304
0.39778
0.43761
0.54055
0.64224
0.68145
0.5756
0.59493
0.49567
0.44287
0.34393
0.3356
0.34316
0.34745
0.33164
0.31172
0.30437
0.27759
0.25198
0.2619
0.26106
0.23482
0.17461
0.17074
0.18718
0.21072
0.21442
0.2207
0.21721
0.21456
0.19863
0.20047
0.20631
0.20972
0.21391
0.20208
0.19316
0.18671
0.18017
0.18529
0.2015
0.22533
0.24297
0.28998
0.35895
0.43899
0.45655
0.49844
0.46192
0.4422
0.33023
0.24748
0.20477
0.20783
0.25957
0.27829
0.32634
0.39135
0.62614
0.69699
0.70175
0.73812
0.75919
0.78527
0.85864
0.78623
0.75763
0.70306
0.61523
0.42114
0.45167
0.46978
0.46224
0.46119
0.61435
0.61423
0.63079
0.69141
0.65671
0.67163
0.68645
0.71239
0.56032
0.47791
0.54505
0.62176
0.6168
0.63549
0.73653
0.78172
0.77716
0.73617
0.68268
0.61475
0.52307
0.45927
0.43854
0.46352
0.41938
0.37178
0.50465
0.6172
0.62415
0.63576
0.65958
0.7925
0.77679
0.74201
0.73495
0.72335
0.74632
0.74857
0.65122
0.42833
0.24244
0.18738
0.18284
0.18906
0.18435
0.16226
0.17509
0.19477
0.47197
0.44069
0.42569
0.5272
0.7565
0.74322
0.75668
0.76322
0.76261
0.77754
0.74863
0.73046
0.73111
0.76444
0.75089
0.74932
0.73055
0.64968
0.41419
0.35306
0.32149
0.31651
0.33038
0.33963
0.34526
0.35324
0.35771
0.3535
0.34841
0.32443
0.57648
0.6787
0.64677
0.64174
0.64592
0.61946
0.57348
0.47595
0.44592
0.42253
0.41169
0.4027
0.40059
0.3991
0.37853
0.35138
0.35325
0.3283
0.31427
0.2964
0.28823
0.27894
0.46168
0.68984
0.73662
0.70519
0.64251
0.65434
0.68597
0.74263
0.7052
0.73199
0.73479
0.76669
0.68506
0.65205
0.68212
0.69989
0.63236
0.5822
0.53701
0.25997
0.21197
0.20537
0.22484
0.27984
0.36254
0.32161
0.31426
0.35272
0.27737
0.33809
0.33316
0.31511
0.31484
0.32305
0.32564
0.33273
0.29224
0.26153
0.2375
0.22259
0.22031
0.21728
0.23173
0.21191
0.18094
0.1735
0.18041
0.19382
0.20917
0.22768
0.24522
0.23858
0.23713
0.23092
0.22691
0.21391
0.21459
0.22363
0.24296
0.25761
0.27391
0.28815
0.3164
0.33125
0.34003
0.3428
0.40996
0.44952
0.39221
0.54049
0.49925
0.42675
0.39156
0.32635
0.29976
0.23022
0.22083
0.22183
0.21713
0.2165
0.21605
0.21511
0.21187
0.20108
0.18177
0.1712
0.16118
0.17018
0.17637
0.20556
0.27379
0.25691
0.30148
0.33645
0.41223
0.44711
0.43443
0.49448
0.60567
0.64622
0.69964
0.65003
0.69497
0.73772
0.74661
0.72562
0.71124
0.68683
0.637
0.67326
0.65274
0.5978
0.47821
0.31818
0.31151
0.30614
0.29894
0.29067
0.27382
0.2785
0.29382
0.31471
0.31624
0.31366
0.32316
0.3284
0.32076
0.30149
0.28192
0.25605
0.24023
0.22862
0.2103
0.19837
0.19274
0.20347
0.22148
0.24266
0.2428
0.24512
0.25037
0.25357
0.2558
0.26107
0.26736
0.26868
0.26444
0.26396
0.29953
0.36069
0.40885
0.58845
0.66285
0.70052
0.70409
0.70825
0.71589
0.7246
0.71594
0.68081
0.64414
0.54719
0.60587
0.66701
0.66355
0.69285
0.6948
0.66588
0.68569
0.55143
0.45062
0.41412
0.40837
0.39721
0.33845
0.30881
0.27855
0.25311
0.23736
0.23094
0.22985
0.22053
0.21519
0.22645
0.2234
0.21509
0.20879
0.20206
0.20118
0.19522
0.19148
0.18856
0.18356
0.18505
0.17461
0.16066
0.15158
0.14541
0.19158
0.22798
0.23493
0.22773
0.21352
0.2024
0.18372
0.17469
0.1765
0.176
0.18811
0.19713
0.22987
0.26973
0.28256
0.26811
0.28635
0.28896
0.21203
0.16889
0.16817
0.17878
0.1993
0.19923
0.18788
0.16255
0.14347
0.12331
0.10269
0.089796
0.08284
0.09741
0.1428
0.14479
0.13581
0.13915
0.14255
0.14978
0.16292
0.17974
0.17043
0.16622
0.22481
0.28515
0.31703
0.45777
0.57305
0.60494
0.60247
0.60177
0.52448
0.42036
0.43374
0.38919
0.25983
0.19486
0.19028
0.17342
0.17694
0.17808
0.1705
0.16636
0.16318
0.19398
0.23772
0.22473
0.22378
0.19426
0.14307
0.10804
0.17915
0.26995
0.27624
0.24658
0.23894
0.308
0.35531
0.31172
0.30504
0.31577
0.23333
0.17323
0.1752
0.20689
0.31045
0.4668
0.58244
0.59806
0.60158
0.62031
0.65476
0.6395
0.6189
0.58714
0.58492
0.57275
0.52384
0.45826
0.39396
0.2637
0.2327
0.21733
0.24094
0.23187
0.21901
0.21831
0.22048
0.2521
0.28472
0.26772
0.25851
0.25244
0.23838
0.24276
0.25151
0.21739
0.19916
0.19717
0.18583
0.18165
0.17681
0.1824
0.19033
0.19683
0.20748
0.3271
0.38917
0.42332
0.43404
0.50776
0.63917
0.676
0.60527
0.5252
0.45795
0.34711
0.24635
0.18272
0.16138
0.15133
0.15303
0.15534
0.17748
0.20298
0.26162
0.35259
0.35298
0.32148
0.38228
0.42908
0.51814
0.5522
0.64858
0.69905
0.72983
0.54174
0.46459
0.68076
0.71729
0.6774
0.47376
0.28144
0.22219
0.22364
0.20845
0.24548
0.32783
0.37932
0.42402
0.46915
0.48486
0.45802
0.45266
0.43828
0.43636
0.56024
0.5889
0.59361
0.60204
0.6058
0.63218
0.60394
0.61867
0.63075
0.53739
0.41421
0.22872
0.127
0.15763
0.39981
0.42887
0.4624
0.48642
0.54338
0.53313
0.53814
0.65296
0.65699
0.64118
0.6666
0.73432
0.68127
0.63038
0.36788
0.23948
0.21404
0.5554
0.61825
0.65926
0.58353
0.60428
0.74697
0.71537
0.51661
0.41872
0.46061
0.42386
0.25181
0.1617
0.15229
0.21794
0.17791
0.16034
0.1187
0.097619
0.091965
0.27679
0.44696
0.69156
0.66431
0.71185
0.6099
0.55174
0.51082
0.4804
0.55121
0.60205
0.6241
0.61194
0.67545
0.77289
0.57616
0.56942
0.39579
0.31408
0.25329
0.18565
0.17669
0.23843
0.70383
0.66937
0.75467
0.76106
0.77312
0.77531
0.83744
0.82798
0.81493
0.79985
0.787
0.76545
0.76019
0.79532
0.80169
0.73629
0.73016
0.7603
0.82936
0.7712
0.79535
0.75268
0.7384
0.74114
0.72584
0.732
0.72776
0.75016
0.74909
0.66352
0.63099
0.47244
0.41547
0.34707
0.28174
0.21675
0.21196
0.15758
0.17567
0.18061
0.18583
0.20443
0.21864
0.24029
0.25438
0.27063
0.33441
0.32995
0.35355
0.34558
0.33847
0.31793
0.29808
0.27385
0.25817
0.2476
0.23635
0.22115
0.20806
0.21684
0.29722
0.59559
0.33945
0.3573
0.34812
0.21794
0.21888
0.19718
0.18209
0.69037
0.7184
0.36221
0.25295
0.1678
0.19387
0.22768
0.24265
0.25868
0.27248
0.27051
0.26481
0.26173
0.26161
0.26528
0.26234
0.26092
0.24357
0.23031
0.21837
0.22874
0.23535
0.24824
0.24425
0.21911
0.29001
0.50881
0.7145
0.68475
0.71081
0.72316
0.74292
0.62541
0.50961
0.28273
0.25393
0.25848
0.28959
0.30998
0.47333
0.49337
0.46399
0.3711
0.33073
0.31995
0.37379
0.69355
0.54017
0.33632
0.20839
0.31373
0.41863
0.29765
0.24105
0.1717
0.17301
0.75138
0.70988
0.69775
0.69085
0.77789
0.76573
0.75808
0.75899
0.7147
0.72378
0.71289
0.71176
0.70939
0.72499
0.74604
0.73499
0.71002
0.70851
0.73975
0.75445
0.6958
0.58229
0.45906
0.4001
0.30637
0.25533
0.22381
0.18525
0.20081
0.41515
0.74378
0.78536
0.75799
0.69479
0.55102
0.52079
0.56328
0.50778
0.56667
0.71164
0.70941
0.69245
0.69433
0.67855
0.70957
0.76393
0.787
0.79002
0.79098
0.78197
0.76764
0.76631
0.76109
0.75964
0.76845
0.77101
0.76442
0.63043
0.42055
0.25115
0.21462
0.18599
0.1943
0.20987
0.21116
0.19865
0.21154
0.21986
0.21058
0.18056
0.14822
0.22528
0.38719
0.72167
0.68382
0.74592
0.7467
0.67561
0.66961
0.67391
0.26957
0.23139
0.19122
0.163
0.13387
0.1513
0.17208
0.3072
0.21841
0.20156
0.2215
0.2058
0.21478
0.21296
0.18913
0.24231
0.27774
0.7152
0.75898
0.77816
0.80452
0.81855
0.81634
0.8384
0.84265
0.83524
0.83345
0.83159
0.83012
0.83278
0.82444
0.82765
0.81742
0.80414
0.79814
0.79046
0.78052
0.77373
0.69123
0.7475
0.75203
0.78717
