0.69318
0.68555
0.67657
0.68402
0.73187
0.77545
0.76572
0.73097
0.68343
0.73247
0.66493
0.70397
0.67405
0.61871
0.68535
0.6921
0.75149
0.70189
0.70467
0.71691
0.70235
0.71165
0.75864
0.76763
0.77899
0.78456
0.79124
0.73243
0.66729
0.65064
0.63685
0.48459
0.29788
0.15194
0.22408
0.73396
0.71763
0.73762
0.73418
0.75625
0.71848
0.70696
0.70446
0.69723
0.65972
0.66067
0.66734
0.69036
0.71334
0.72968
0.77017
0.78436
0.8049
0.82907
0.83551
0.83334
0.81913
0.82855
0.82978
0.82454
0.78488
0.73977
0.70626
0.67057
0.65849
0.66307
0.65405
0.63797
0.62799
0.60309
0.63615
0.63584
0.62754
0.63612
0.63588
0.62639
0.62625
0.62082
0.61502
0.62243
0.63709
0.63562
0.65725
0.65163
0.65173
0.67025
0.64987
0.64351
0.63719
0.65623
0.65609
0.62925
0.63085
0.66682
0.69682
0.71078
0.72405
0.76775
0.75882
0.75685
0.74215
0.73447
0.69846
0.54266
0.37359
0.29559
0.29897
0.326
0.42693
0.40991
0.3055
0.24292
0.23419
0.15167
0.0794
0.059494
0.21742
0.43129
0.49241
0.33377
0.60947
0.63498
0.64837
0.69213
0.70144
0.7339
0.711
0.71925
0.7364
0.70834
0.69406
0.68726
0.68511
0.68167
0.68213
0.69062
0.7002
0.69395
0.69386
0.67812
0.67257
0.67868
0.67254
0.66791
0.69028
0.64759
0.65822
0.708
0.72002
0.72934
0.71657
0.69918
0.68663
0.67886
0.67478
0.63976
0.63425
0.63523
0.6336
0.67346
0.68404
0.68464
0.68469
0.69003
0.67257
0.67001
0.67542
0.68116
0.67678
0.67058
0.70533
0.71186
0.70938
0.74178
0.70117
0.70329
0.70566
0.70548
0.70863
0.71076
0.74134
0.76882
0.76729
0.77268
0.74044
0.7082
0.72169
0.7212
0.75932
0.76272
0.77201
0.78231
0.74473
0.76299
0.73055
0.7347
0.76014
0.76964
0.75659
0.67978
0.72535
0.7684
0.77854
0.77758
0.77217
0.7742
0.77267
0.77273
0.77345
0.77694
0.78116
0.78832
0.80005
0.79301
0.76686
0.74848
0.72212
0.74921
0.71481
0.74749
0.71219
0.6474
0.63928
0.65424
0.66267
0.71909
0.67364
0.83529
0.77322
0.78378
0.78662
0.79534
0.77566
0.7829
0.78303
0.7811
0.76069
0.7615
0.78198
0.78182
0.75653
0.77946
0.77344
0.76786
0.77113
0.76436
0.73592
0.72492
0.72675
0.71995
0.72813
0.73017
0.72051
0.39728
0.40364
0.59704
0.67666
0.30029
0.39765
0.25304
0.16538
0.1636
0.51893
0.53479
0.50038
0.63467
0.67668
0.6829
0.68144
0.67247
0.66643
0.65688
0.64015
0.618
0.60958
0.59355
0.6033
0.61469
0.62032
0.6261
0.63542
0.6463
0.64566
0.64232
0.65326
0.65604
0.65692
0.64408
0.64178
0.63811
0.63005
0.61542
0.53361
0.28769
0.25174
0.139
0.12166
0.2038
0.26022
0.20065
0.20676
0.29587
0.28575
0.22635
0.13516
0.098003
0.12307
0.19733
0.75393
0.76903
0.76808
0.76705
0.76943
0.73443
0.68557
0.67558
0.68085
0.73664
0.7801
0.79766
0.78821
0.78534
0.75173
0.59363
0.71219
0.69771
0.68343
0.66814
0.68497
0.44644
0.46188
0.47851
0.77058
0.72028
0.7125
0.72449
0.72932
0.73247
0.73942
0.71455
0.71783
0.69239
0.65881
0.63672
0.72298
0.6483
0.48547
0.23929
0.23268
0.14684
0.12254
0.34369
0.66929
0.69151
0.72308
0.66249
0.2967
0.27539
0.2615
0.22154
0.20896
0.70827
0.73271
0.73469
0.76108
0.76165
0.73822
0.72749
0.73593
0.74193
0.72825
0.70955
0.71152
0.69474
0.67072
0.66781
0.68869
0.71064
0.72891
0.71592
0.7282
0.76979
0.77175
0.77553
0.78089
0.77863
0.77707
0.74093
0.772
0.76246
0.73354
0.70944
0.70313
0.69964
0.75272
0.73363
0.72993
0.73442
0.75776
0.77511
0.79274
0.75537
0.68026
0.62147
0.68542
0.70207
0.5851
0.42642
0.22838
0.20615
0.37154
0.557
0.67999
0.73485
0.7582
0.75807
0.77564
0.78714
0.78212
0.79007
0.79505
0.79061
0.80823
0.77017
0.74793
0.73851
0.73137
0.7022
0.65145
0.63125
0.74237
0.80313
0.81332
0.81309
0.79485
0.77334
0.65946
0.57026
0.60633
0.68995
0.68122
0.68532
0.69427
0.67731
0.70435
0.70824
0.70603
0.69701
0.69724
0.69237
0.6749
0.65907
0.67061
0.65901
0.60504
0.51514
0.3693
0.27747
0.28931
0.23922
0.33725
0.63804
0.65593
0.68712
0.72222
0.73563
0.72977
0.71678
0.74661
0.75126
0.72907
0.61919
0.44405
0.39403
0.40576
0.35469
0.30596
0.28292
0.2913
0.32762
0.42717
0.52359
0.57753
0.57287
0.5479
0.77197
0.81908
0.81678
0.79609
0.80745
0.83868
0.86191
0.85436
0.85961
0.87199
0.87286
0.84133
0.81397
0.7889
0.76902
0.79287
0.79142
0.79338
0.77755
0.763
0.76558
0.7461
0.73263
0.74478
0.75331
0.72081
0.69874
0.67793
0.70767
0.70566
0.70568
0.72758
0.74208
0.69539
0.66514
0.6215
0.43976
0.53988
0.72411
0.78094
0.78669
0.79077
0.78647
0.7803
0.7887
0.77189
0.77117
0.79181
0.80263
0.80381
0.8178
0.83965
0.8402
0.8403
0.84684
0.85667
0.8485
0.83569
0.83412
0.80932
0.68077
0.72793
0.69514
0.7009
0.72189
0.7133
0.68755
0.75383
0.65418
0.6751
0.66417
0.69504
0.7247
0.7232
0.49126
0.27654
0.14958
0.74453
0.78856
0.79885
0.79935
0.78244
0.80938
0.82227
0.81358
0.80458
0.7085
0.73483
0.7118
0.75338
0.77175
0.76208
0.76656
0.78157
0.80722
0.80794
0.81116
0.80015
0.80356
0.81767
0.82328
0.82732
0.81968
0.77933
0.79152
0.78566
0.77296
0.74938
0.7299
0.70217
0.69389
0.70589
0.71918
0.70723
0.71885
0.71971
0.73524
0.73728
0.73209
0.76131
0.77069
0.75224
0.7498
0.76658
0.80741
0.83309
0.85193
0.85864
0.83289
0.80356
0.7573
0.72425
0.70411
0.67847
0.67457
0.69557
0.72093
0.71931
0.70361
0.67556
0.68993
0.67652
0.67538
0.68664
0.69426
0.69588
0.69381
0.7037
0.73651
0.74315
0.72452
0.74348
0.77168
0.76182
0.72242
0.71852
0.73563
0.72783
0.71804
0.77362
0.7876
0.76209
0.70992
0.76816
0.72528
0.75051
0.77673
0.68524
0.58679
0.74518
0.71675
0.75127
0.77086
0.80323
0.77185
0.82198
0.81012
0.81204
0.82783
0.82962
0.83037
0.83131
0.83329
0.82756
0.82483
0.81041
0.79216
0.77538
0.7908
0.80237
0.68892
0.43367
0.30283
0.24375
0.2475
0.24532
0.24997
0.32988
0.5211
0.48076
0.43886
0.83703
0.82938
0.81738
0.76811
0.71773
0.69605
0.79164
0.77929
0.76384
0.73534
0.71208
0.71
0.70338
0.7302
0.77035
0.72055
0.67961
0.65426
0.66753
0.66648
0.63378
0.65873
0.74131
0.80338
0.7749
0.75925
0.75226
0.72762
0.72406
0.7209
0.74031
0.774
0.74107
0.69927
0.71236
0.68595
0.69014
0.67687
0.66478
0.70775
0.72758
0.69005
0.73245
0.77043
0.78058
0.81306
0.83564
0.83849
0.83038
0.8284
0.79709
0.76805
0.76679
0.80589
0.81246
0.81437
0.80359
0.78906
0.66648
0.7831
0.78136
0.77557
0.7907
0.80949
0.80196
0.80177
0.78729
0.7857
0.77766
0.78481
0.81542
0.80242
0.80412
0.78192
0.79904
0.80886
0.80676
0.81609
0.79226
0.79605
0.80946
0.81288
0.79856
0.79768
0.79712
0.80527
0.77793
0.74536
0.78043
0.75526
0.73072
0.72129
0.70112
0.70211
0.69837
0.52685
0.42895
0.33677
0.32779
0.7752
0.77456
0.77704
0.67432
0.70326
0.7024
0.69403
0.69841
0.69096
0.68884
0.69186
0.70072
0.71639
0.71395
0.70384
0.68929
0.66946
0.61524
0.53311
0.77256
0.80623
0.81386
0.77776
0.78436
0.77653
0.72628
0.77242
0.76184
0.76959
0.77211
0.75229
0.75858
0.64251
0.52476
0.52455
0.60259
0.60942
0.62503
0.61911
0.61776
0.61192
0.60571
0.51884
0.44168
0.38404
0.26138
0.30852
0.81644
0.8088
0.7766
0.80318
0.82159
0.81951
0.82388
0.80428
0.77065
0.75648
0.77246
0.79828
0.76429
0.77775
0.81027
0.79638
0.77793
0.79446
0.79764
0.81599
0.77835
0.7756
0.80823
0.77589
0.74213
0.77803
0.7651
0.78589
0.76843
0.7393
0.79719
0.76289
0.73052
0.76841
0.6741
0.63275
0.72505
0.71512
0.66607
0.66894
0.61731
0.45908
0.31664
0.57627
0.67626
0.81081
0.80591
0.79993
0.79066
0.79106
0.78368
0.79541
0.78061
0.77176
0.79593
0.78709
0.78551
0.76229
0.77059
0.78911
0.74595
0.74633
0.78639
0.75628
0.73066
0.71517
0.73657
0.76505
0.7798
0.75649
0.64196
0.68528
0.70881
0.73117
0.61155
0.48754
0.57021
0.63132
0.79914
0.79683
0.80984
0.82418
0.81492
0.83588
0.87222
0.86335
0.87211
0.86406
0.86714
0.86928
0.86925
0.8936
0.88992
0.89468
0.89828
0.87335
0.88254
0.87991
0.88266
0.89703
0.88533
0.89229
0.88432
0.88167
0.87578
0.86732
0.30837
0.52911
0.74268
0.76341
0.791
0.7757
0.75714
0.75133
0.74408
0.73606
0.74518
0.69095
0.75059
0.72848
0.68373
0.72811
0.77125
0.58794
0.49367
0.46491
0.41475
0.31
0.15311
0.10856
0.78461
0.84394
0.86486
0.88813
0.88739
0.87896
0.89148
0.89655
0.9108
0.89856
0.79365
0.78222
0.87699
0.83404
0.83982
0.85557
0.84346
0.50086
0.39215
0.45863
0.46043
0.3867
0.35075
0.40061
0.52221
0.85558
0.79104
0.90075
0.94142
0.93999
0.92453
0.81644
0.85556
0.88697
0.86604
0.86932
0.90115
0.8858
0.87699
0.86314
0.87024
0.89769
0.89138
0.87563
0.89596
0.88538
0.87427
0.89349
0.8693
0.88566
0.84058
0.84992
0.90442
0.90254
0.86868
0.85947
0.85898
0.85504
0.86895
0.84917
0.88053
0.85541
0.83795
0.84516
0.84967
0.85525
0.85719
0.85998
0.88849
0.87682
0.8729
0.87137
0.86982
0.88936
0.88832
0.87482
0.90225
0.87959
0.85744
0.81662
0.83294
0.88335
0.91032
0.83709
0.77923
0.89779
0.90444
0.90353
0.89607
0.88368
0.81153
0.84343
0.88234
0.83476
0.82211
0.85862
0.8733
0.87901
0.77037
0.84218
0.88688
0.85534
0.84159
0.81122
0.82469
0.84057
0.81849
0.83291
0.84871
0.82129
0.78742
0.76617
0.8022
0.77178
0.51695
0.50172
0.44538
0.49603
0.84574
0.86606
0.89264
0.91281
0.88964
0.90538
0.90368
0.88937
0.8475
0.86102
0.87493
0.84928
0.85062
0.87027
0.9001
0.88615
0.87278
0.88205
0.89369
0.90164
0.93215
0.89042
0.88116
0.86638
0.86679
0.8568
0.83281
0.7306
0.63681
0.67331
0.68961
0.80474
0.73097
0.81913
0.80013
0.70798
0.66446
0.58386
0.44698
0.68687
0.89127
0.92248
0.94392
0.95757
0.90089
0.86068
0.94918
0.95692
0.93998
0.93028
0.91466
0.88974
0.86026
0.83445
0.79854
0.7542
0.7966
0.79039
0.79454
0.77312
0.75863
0.76681
0.78917
0.78093
0.76249
0.76163
0.7535
0.58518
0.44615
0.48662
0.68143
0.83956
0.84106
0.86319
0.88754
0.91314
0.8492
0.77176
0.77605
0.92859
0.99484
1.0006
1.0002
0.99713
0.99493
0.97799
0.95281
0.89171
0.75454
0.51518
0.42242
0.35913
0.34096
0.41548
0.46532
0.6344
0.67955
0.75074
0.81495
0.78036
0.59513
0.52889
0.75822
0.87607
0.8809
0.86973
0.86381
0.85929
0.85274
0.84035
0.85372
0.8699
0.84778
0.82534
0.82097
0.81795
0.79098
0.82333
0.86525
0.85764
0.84998
0.86298
0.85925
0.82329
0.81187
0.76083
0.86863
0.84476
0.83597
0.84392
0.83053
0.84892
0.84064
0.73228
0.90501
0.8237
0.81539
0.80105
0.80418
0.85561
0.83312
0.74871
0.74199
0.79976
0.82589
0.84281
0.86465
0.87306
0.8648
0.9264
0.93562
0.91826
0.88721
0.85267
0.87426
0.93438
0.91725
0.8999
0.93561
0.92378
0.90868
0.90343
0.89825
0.90795
0.86828
0.8826
0.89987
0.88547
0.867
0.85801
0.88411
0.89613
0.82899
0.69624
0.76289
0.87079
0.8692
0.87023
0.88756
0.89894
0.86863
0.871
0.88043
0.90826
0.90213
0.89726
0.89234
0.77307
0.87416
0.8859
0.90776
0.91839
0.86806
0.87104
0.89053
0.8896
0.86025
0.86255
0.81538
0.87707
0.89805
0.88685
0.88748
0.88503
0.81229
0.78614
0.82617
0.906
0.86478
0.87139
0.88621
0.88614
0.81507
0.73529
0.68383
0.65404
0.67043
0.74761
0.81287
0.82717
0.79371
0.67434
0.57029
0.64144
0.84183
0.83972
0.87779
0.92111
0.85774
0.88248
0.88776
0.93057
0.89055
0.85937
0.87733
0.91474
0.85605
0.85833
0.89897
0.89615
0.88816
0.88154
0.87751
0.86764
0.87025
0.87804
0.88282
0.87986
0.87723
0.88175
0.87994
0.87585
0.85284
0.8434
0.86195
0.85654
0.84606
0.82763
0.8456
0.8229
0.74682
0.7787
0.84012
0.87
0.86924
0.8713
0.86809
0.81097
0.77558
0.82612
0.66923
0.84665
0.86
0.8364
0.71345
0.73993
0.72607
0.79422
0.80989
0.78223
0.80274
0.78717
0.81093
0.87132
0.93649
0.77869
0.79085
0.87572
0.84903
0.82268
0.71266
0.60124
0.59
0.59364
0.59657
0.63839
0.47363
0.34454
0.29667
0.33962
0.46177
0.50637
0.58227
0.55616
0.53048
0.64653
0.47046
0.41053
0.50944
0.49078
0.64817
0.74485
0.75189
0.55591
0.42724
0.30143
0.32841
0.46565
0.68666
0.78105
0.91697
0.99638
0.7711
0.69895
0.70969
0.76153
0.82638
0.84482
0.87035
0.86252
0.82022
0.73546
0.66601
0.63851
0.63871
0.54553
0.2882
0.10504
0.071621
0.0851
0.094606
0.16494
0.17318
0.23357
0.16536
0.097209
0.085329
0.13022
0.23964
0.34423
0.35259
0.31498
0.2191
0.22002
0.29014
0.3383
0.4929
0.61561
0.60224
0.61284
0.52458
0.63067
0.63894
0.7551
0.82397
0.70773
0.8164
0.76652
0.92266
0.91649
0.92696
0.89649
0.83745
0.62323
0.70705
0.85751
0.92784
0.91587
0.91385
0.89898
0.84516
0.86343
0.86809
0.79852
0.88272
0.87647
0.89461
0.87911
0.78808
0.77914
0.76687
0.77728
0.8857
0.90376
0.91287
0.91467
0.85934
0.84256
0.87487
0.95301
0.92851
0.91511
0.91582
0.90482
0.91064
0.92383
0.94551
0.94216
0.94426
0.93076
0.93044
0.92781
0.90955
0.89378
0.88337
0.94717
0.93697
0.92904
0.93859
0.9134
0.81718
0.7489
0.72452
0.78863
0.92554
0.92316
0.94117
0.96275
0.94362
0.92746
0.92812
0.9421
0.94147
0.93565
0.92265
0.79329
0.77844
0.65392
0.62332
0.66181
0.68292
0.96064
0.95001
0.96793
0.9624
0.96884
0.93413
0.95416
0.94615
0.93642
0.91325
0.89023
0.90929
0.92837
0.91343
0.9388
0.92574
0.90146
0.9073
0.90271
0.76658
0.88778
0.82026
0.83701
0.89566
0.85807
0.79077
0.79892
0.84491
0.69357
0.68216
0.71596
0.84204
0.90028
0.90713
0.9323
0.69038
0.67038
0.69737
0.72745
0.77897
0.6546
0.52366
0.56835
0.66138
0.7483
0.85694
0.94111
0.94318
0.93649
0.94147
0.92073
0.91382
0.92573
0.94456
0.9313
0.93479
0.93056
0.92634
0.93062
0.91277
0.93092
0.94024
0.91857
0.94967
0.94167
0.93553
0.91349
0.88073
0.90891
0.9184
0.95732
0.93973
0.94144
0.94539
0.95526
0.9748
0.97399
0.96483
0.86111
0.71512
0.75082
0.76318
0.7514
0.75636
0.91941
0.94452
0.96146
0.96249
0.97457
0.97739
0.95639
0.95061
0.94444
0.94753
0.94884
0.94873
0.94364
0.95124
0.95666
0.95328
0.95259
0.96037
0.94956
0.96096
0.96363
0.94907
0.91603
0.91437
0.85838
0.78844
0.76805
0.91267
0.91277
0.94928
0.95485
0.95707
0.97642
0.95247
0.97587
0.94582
0.95231
0.96034
0.94512
0.93485
0.94582
0.95253
0.95149
0.95542
0.93914
0.9492
0.94597
0.93554
0.91694
0.92888
0.93452
0.92607
0.92518
0.92914
0.92937
0.79873
0.84055
0.91701
0.95575
0.95915
0.94744
0.93364
0.8905
0.87646
0.85151
0.85429
0.86687
0.90978
0.865
0.78629
0.91496
0.91176
0.88351
0.88543
0.92981
0.91402
0.90835
0.66655
0.69612
0.78561
0.81402
0.94385
0.92589
0.93622
0.93339
0.90426
0.85633
0.78855
0.7157
0.71078
0.80887
0.86441
0.77633
0.70137
0.87581
0.88562
0.90346
0.94485
0.93905
0.94679
0.94053
0.93102
0.96036
0.9384
0.92712
0.94883
0.93974
0.92704
0.94056
0.94236
0.90708
0.78827
0.80108
0.77829
0.81222
0.85252
0.83414
0.69326
0.62004
0.72603
0.88709
0.78183
0.9085
0.9068
0.90024
0.90046
0.8935
0.89134
0.88519
0.90918
0.90627
0.9076
0.90075
0.91886
0.91183
0.91004
0.91209
0.91711
0.90234
0.90272
0.90382
0.91063
0.89606
0.89907
0.90864
0.90316
0.89816
0.9083
0.90238
0.91236
0.90558
0.89652
0.89913
0.90308
0.89308
0.87819
0.8636
0.8769
0.7999
0.50531
0.52856
0.52547
0.89637
0.91237
0.91894
0.90198
0.84963
0.81399
0.87946
0.88794
0.87716
0.87778
0.87387
0.87274
0.82396
0.7857
0.70491
0.8843
0.88016
0.91929
0.95341
0.95118
0.95126
0.914
0.88536
0.90161
0.89596
0.90362
0.8777
0.87817
0.86089
0.85576
0.85768
0.86642
0.87052
0.85879
0.85272
0.88184
0.90997
0.91886
0.95374
0.95581
0.95228
0.94737
0.93952
0.9359
0.93357
0.89064
0.87372
0.86144
0.84649
0.90656
0.92098
0.9063
0.89829
0.89172
0.83625
0.78988
0.79925
0.60888
0.66339
0.71669
0.78061
0.85607
0.95231
0.99924
0.999
1.0046
0.99833
0.9974
0.996
0.99452
1.0025
1.0039
1.0021
1.0027
1.003
1.0045
0.98194
0.97232
0.93256
0.90865
0.92337
0.91486
0.89035
0.88358
0.73932
0.71829
0.82258
0.86502
0.90331
0.88246
0.88237
0.88822
0.89832
0.89023
0.89882
0.79918
0.78322
0.79604
0.82241
0.87188
0.89669
0.93449
0.91505
0.9254
0.91016
0.91543
0.90251
0.87899
0.75715
0.6991
0.69652
0.68632
0.67676
0.61193
0.62117
0.58982
0.65675
0.68958
0.9117
0.92147
0.91053
0.90579
0.90414
0.90842
0.91009
0.89779
0.90178
0.9052
0.89652
0.89118
0.89158
0.91202
0.92927
0.9406
0.93758
0.94354
0.93095
0.93188
0.92806
0.91565
0.9222
0.93188
0.90142
0.9307
0.94854
0.9325
0.93106
0.94022
0.94628
0.92252
0.91523
0.92452
0.92591
0.91034
0.88987
0.7188
0.31173
0.13816
0.30862
0.81367
0.94733
0.89627
0.90283
0.84515
0.55073
0.51686
0.46174
0.53903
0.50152
0.44259
0.36034
0.4054
0.68385
0.73748
0.15358
0.18807
0.18541
0.21428
0.18479
0.17533
0.35158
0.82351
0.84327
0.77315
0.68474
0.55976
0.39144
0.21382
0.20687
0.16461
0.15445
0.16241
0.16868
0.20504
0.34956
0.50677
0.52955
0.53769
0.51988
0.49621
0.46815
0.46251
0.43371
0.42987
0.46493
0.51667
0.54202
0.54937
0.56174
0.57434
0.57943
0.54459
0.53024
0.93393
0.95802
0.96992
0.96311
0.97289
0.97166
0.96494
0.97834
0.93033
0.9125
0.95442
0.94792
0.94047
0.91942
0.89494
0.90976
0.76111
0.5938
0.51611
0.40107
0.33788
0.18817
0.25478
0.43044
0.70009
0.88025
0.89855
0.87131
0.86965
0.8704
0.87477
0.85786
0.84358
0.83633
0.68761
0.82849
0.85734
0.87872
0.87465
0.87512
0.84859
0.85869
0.86216
0.85462
0.84528
0.83724
0.86258
0.636
0.45925
0.45675
0.45055
0.40264
0.39544
0.3683
0.34668
0.37678
0.59929
0.79826
0.87627
0.86767
0.85289
0.82623
0.81053
0.78064
0.74683
0.6713
0.7935
0.78532
0.78653
0.78954
0.7868
0.7882
0.79249
0.79853
0.79918
0.79098
0.79515
0.80232
0.78585
0.80171
0.83485
0.8294
0.80131
0.77342
0.7989
0.80333
0.79387
0.79723
0.73405
0.66611
0.64649
0.61596
0.57368
0.44759
0.31211
0.26972
0.27758
0.36398
0.36345
0.34986
0.2826
0.26197
0.2721
0.27632
0.31202
0.44484
0.5968
0.63376
0.5698
0.64215
0.65535
0.73301
0.76597
0.81937
0.84169
0.77631
0.80317
0.77916
0.81153
0.80239
0.80814
0.78663
0.79106
0.74298
0.82561
0.80631
0.80811
0.82687
0.8414
0.86132
0.85271
0.8503
0.85394
0.85717
0.8576
0.863
0.86748
0.85963
0.85051
0.84339
0.82989
0.83891
0.84322
0.84988
0.86036
0.86048
0.86928
0.87107
0.87155
0.86046
0.86091
0.86594
0.86668
0.87329
0.87158
0.87383
0.87264
0.86695
0.86074
0.85858
0.86336
0.85842
0.85458
0.84909
0.8367
0.85321
0.8624
0.87657
0.86926
0.86264
0.8643
0.86047
0.85519
0.84567
0.83528
0.84376
0.85631
0.85787
0.85321
0.85069
0.84688
0.86534
0.89111
0.90066
0.89934
0.90255
0.89493
0.88523
0.88488
0.88427
0.87689
0.87653
0.87675
0.86875
0.85703
0.83009
0.82801
0.82138
0.8168
0.81504
0.84927
0.78882
0.8189
0.80557
0.82799
0.85386
0.85942
0.84961
0.83203
0.82079
0.83565
0.81378
0.8355
0.78846
0.82076
0.81362
0.6756
0.69674
0.69761
0.66969
0.64655
0.72123
0.74216
0.75088
0.77884
0.79431
0.78146
0.77491
0.7761
0.77129
0.77199
0.78478
0.80797
0.71695
0.69438
0.58322
0.4549
0.49783
0.6763
0.70369
0.80427
0.91733
0.81246
0.81187
0.81854
0.82237
0.83514
0.82745
0.83802
0.83852
0.8258
0.81766
0.8127
0.80916
0.81469
0.80689
0.81307
0.66142
0.59258
0.6031
0.65021
0.61435
0.58988
0.59738
0.71195
0.7682
0.71975
0.68774
0.70675
0.73361
0.72071
0.69404
0.6067
0.41403
0.39267
0.40031
0.36431
0.38952
0.33528
0.54742
0.73472
0.80825
0.80639
0.67561
0.56185
0.53928
0.56477
0.51204
0.40629
0.3179
0.29906
0.33034
0.37933
0.31959
0.27502
0.25356
0.25138
0.2401
0.24635
0.25415
0.36283
0.33094
0.67463
0.74938
0.7753
0.79048
0.79659
0.81074
0.82611
0.83231
0.81029
0.80389
0.82477
0.82751
0.81098
0.79612
0.79356
0.79621
0.79936
0.79946
0.82509
0.83073
0.70009
0.68676
0.69814
0.62113
0.58245
0.50053
0.43115
0.3849
0.45382
0.69475
0.80073
0.76261
0.53687
0.19224
0.16608
0.39167
0.83403
0.84243
0.85663
0.85821
0.87048
0.85856
0.8413
0.84227
0.83464
0.82806
0.82048
0.81462
0.79937
0.78623
0.78237
0.67717
0.6827
0.66422
0.74268
0.73549
0.73906
0.71011
0.67253
0.65198
0.70056
0.7232
0.70522
0.72068
0.74196
0.76227
0.7953
0.79079
0.82032
0.81813
0.80044
0.80796
0.79454
0.79223
0.79497
0.78316
0.7801
0.78432
0.75332
0.76735
0.76034
0.76529
0.76638
0.7534
0.75754
0.77451
0.76682
0.6313
0.70769
0.72912
0.76033
0.7709
0.77328
0.77466
0.77604
0.78056
0.771
0.77
0.76865
0.7361
0.77387
0.79161
0.76332
0.75483
0.75385
0.75066
0.7594
0.75019
0.75441
0.7718
0.75619
0.75064
0.75467
0.74183
0.74951
0.75305
0.74385
0.74215
0.73146
0.74218
0.75519
0.76751
0.80042
0.81632
0.82186
0.8279
0.84025
0.83849
0.80788
0.7892
0.52681
0.48266
0.38263
0.3262
0.27318
0.24207
0.23373
0.32127
0.33427
0.37937
0.50053
0.69037
0.7752
0.77812
0.77319
0.75625
0.75617
0.76081
0.75886
0.75227
0.74488
0.73594
0.72665
0.71974
0.72144
0.74328
0.74682
0.51902
0.31965
0.49085
0.67769
0.74301
0.76055
0.78674
0.78061
0.76909
0.74766
0.74132
0.7677
0.76856
0.77945
0.78987
0.79325
0.79075
0.80306
0.82003
0.81975
0.83124
0.84483
0.85672
0.86053
0.86496
0.86494
0.85401
0.84842
0.85282
0.84423
0.83886
0.83562
0.82621
0.79627
0.77561
0.77854
0.75957
0.76519
0.76789
0.66264
0.5861
0.62762
0.72771
0.73839
0.75458
0.76786
0.77077
0.76811
0.76494
0.77644
0.78812
0.79258
0.80001
0.82009
0.83256
0.83661
0.83232
0.83698
0.84043
0.84419
0.83933
0.84028
0.83777
0.8247
0.82841
0.82823
0.83177
0.83214
0.83431
0.83555
0.82988
0.81739
0.80955
0.822
0.77874
0.67367
0.81883
0.79654
0.85016
0.7549
0.66257
0.65357
0.57814
0.38923
0.27508
0.25975
0.25705
0.29168
0.69568
0.70453
0.71197
0.71634
0.72827
0.74475
0.75728
0.76462
0.7913
0.80836
0.80943
0.78089
0.81817
0.78311
0.77506
0.76169
0.75416
0.73423
0.72328
0.73405
0.75937
0.77059
0.77972
0.79346
0.80404
0.81771
0.82641
0.82703
0.82486
0.81953
0.82539
0.82705
0.82756
0.82789
0.83053
0.83928
0.84053
0.83988
0.84112
0.84563
0.85173
0.85051
0.84994
0.84517
0.84836
0.84844
0.84133
0.8406
0.83129
0.82679
0.84538
0.75886
0.77954
0.74514
0.77792
0.80965
0.8331
0.83524
0.83363
0.82918
0.82148
0.81916
0.81676
0.82464
0.81884
0.80938
0.80861
0.80464
0.80679
0.80692
0.80974
0.80609
0.80331
0.79633
0.7941
0.78524
0.78306
0.77765
0.78524
0.78947
0.80845
0.82121
0.82802
0.83223
0.81494
0.79031
0.77195
0.75302
0.74313
0.74247
0.75572
0.75639
0.75726
0.76693
0.77507
0.77362
0.77435
0.7745
0.76848
0.71219
0.72838
0.6936
0.69773
0.69179
0.68906
0.67302
0.67959
0.692
0.68628
0.67942
0.65652
0.65888
0.68585
0.68385
0.71112
0.74324
0.76876
0.78378
0.77064
0.74918
0.77007
0.738
0.79322
0.71133
0.72772
0.72621
0.73602
0.74082
0.75779
0.76696
0.76991
0.76183
0.73524
0.72984
0.71886
0.71446
0.70448
0.69989
0.69683
0.69189
0.68488
0.67585
0.67443
0.68073
0.67539
0.66647
0.65679
0.64261
0.6255
0.6556
0.67117
0.67528
0.68384
0.68176
0.6851
0.68812
0.73381
0.76334
0.78274
0.78358
0.78795
0.80408
0.80214
0.80832
0.81661
0.81852
0.82685
0.8229
0.81624
0.80817
0.79584
0.79683
0.8042
0.81323
0.81463
0.82414
0.83109
0.80449
0.80008
0.79502
0.7966
0.80607
0.79404
0.79587
0.80014
0.78726
0.76972
0.78367
0.77598
0.77146
0.77841
0.58344
0.36148
0.29164
0.23867
0.20482
0.19354
0.17182
0.1911
0.24213
0.25232
0.25546
0.28333
0.3761
0.38762
0.4327
0.51316
0.72177
0.78158
0.80327
0.799
0.81141
0.81513
0.8152
0.76565
0.77898
0.76875
0.75707
0.73584
0.72948
0.75955
0.76479
0.71989
0.70339
0.71056
0.71276
0.71498
0.70352
0.6985
0.67279
0.67348
0.67056
0.67312
0.67182
0.67048
0.68279
0.69047
0.7197
0.51037
0.59257
0.54166
0.63173
0.71839
0.74878
0.75779
0.767
0.78045
0.79224
0.78972
0.79049
0.80893
0.80557
0.80688
0.81321
0.80729
0.80178
0.80728
0.83279
0.83379
0.82689
0.82226
0.82443
0.81939
0.8102
0.81697
0.77838
0.77969
0.7843
0.79106
0.77081
0.76257
0.72221
0.7299
0.73485
0.71656
0.70166
0.69577
0.72681
0.74993
0.73356
0.75287
0.71443
0.55097
0.36061
0.29248
0.48116
0.65157
0.66448
0.69351
0.701
0.74095
0.74612
0.74523
0.74224
0.72252
0.71594
0.69907
0.69843
0.69777
0.69079
0.68661
0.67264
0.64269
0.61943
0.56377
0.44405
0.47856
0.54528
0.58558
0.61426
0.62861
0.63638
0.63845
0.64218
0.65197
0.65436
0.66075
0.66728
0.67447
0.67616
0.65681
0.64791
0.65985
0.66435
0.66776
0.66187
0.68819
0.73994
0.49539
0.55506
0.71386
0.77946
0.50249
0.15025
0.19579
0.28648
0.35502
0.74021
0.76434
0.7874
0.79614
0.80201
0.80514
0.80888
0.80681
0.81071
0.79455
0.77278
0.77278
0.78438
0.78529
0.44115
0.22451
0.75437
0.79411
0.78861
0.78732
0.78838
0.79415
0.80126
0.80448
0.80941
0.8135
0.81074
0.77232
0.75048
0.73465
0.7375
0.73684
0.71673
0.7436
0.51949
0.71693
0.75645
0.77637
0.77124
0.72014
0.72214
0.73325
0.73724
0.7412
0.73761
0.73406
0.73407
0.72232
0.71057
0.63241
0.54244
0.69465
0.72209
0.73401
0.75017
0.7703
0.78254
0.81033
0.83005
0.82234
0.81828
0.82577
0.83694
0.85199
