0.73009
0.72997
0.72947
0.73215
0.73542
0.73298
0.72659
0.72681
0.72561
0.72435
0.72469
0.73106
0.72832
0.72478
0.71995
0.7084
0.65325
0.40257
0.30383
0.13885
0.032259
0.032045
0.032012
0.032002
0.036422
0.056592
0.38616
0.66811
0.61023
0.64979
0.67934
0.6808
0.68352
0.6719
0.67969
0.68117
0.64989
0.71382
0.57965
0.33527
0.32305
0.42924
0.62578
0.77205
0.79982
0.83987
0.83859
0.80754
0.81468
0.80474
0.7944
0.76924
0.70625
0.57198
0.5466
0.50197
0.48319
0.44457
0.44737
0.48366
0.54678
0.53428
0.50254
0.47158
0.42386
0.46615
0.58614
0.69612
0.76596
0.76582
0.80634
0.78605
0.64981
0.66754
0.67575
0.64876
0.73735
0.81044
0.77977
0.55856
0.46481
0.75781
0.81041
0.81602
0.8103
0.82516
0.8247
0.81218
0.79043
0.72411
0.7399
0.7552
0.73553
0.756
0.76314
0.75259
0.75032
0.72061
0.73521
0.75913
0.74685
0.73935
0.70302
0.6837
0.67018
0.6851
0.68358
0.68013
0.68076
0.67985
0.63783
0.6147
0.61126
0.65619
0.6421
0.64099
0.61744
0.61668
0.51241
0.40477
0.63664
0.65892
0.69159
0.68767
0.69962
0.70711
0.69732
0.68761
0.67706
0.6557
0.53769
0.50935
0.36706
0.25361
0.14029
0.092223
0.10378
0.11129
0.10689
0.086214
0.10684
0.20547
0.69891
0.73031
0.74435
0.75722
0.76049
0.7724
0.7718
0.77077
0.77731
0.78023
0.78598
0.78886
0.79266
0.79385
0.79741
0.7998
0.80117
0.79714
0.7912
0.79626
0.79551
0.78868
0.78689
0.78692
0.79002
0.78607
0.78921
0.7911
0.79597
0.78821
0.78193
0.77054
0.80026
0.80042
0.78205
0.78499
0.78343
0.76655
0.76275
0.75614
0.76088
0.78047
0.8043
0.80955
0.80613
0.79626
0.77954
0.76866
0.74504
0.70896
0.71719
0.66773
0.57325
0.59743
0.49233
0.56105
0.64077
0.78308
0.79825
0.80826
0.79001
0.78844
0.79683
0.81705
0.82149
0.81859
0.81975
0.82852
0.79661
0.72613
0.72556
0.7205
0.71637
0.71996
0.71987
0.71616
0.70246
0.68703
0.66509
0.60853
0.65544
0.59101
0.6183
0.55452
0.47483
0.41346
0.3797
0.30721
0.32834
0.33587
0.66573
0.80075
0.80053
0.78554
0.78238
0.78272
0.78307
0.77836
0.77087
0.77957
0.7831
0.77824
0.7683
0.76883
0.77364
0.76689
0.77628
0.74841
0.73633
0.72395
0.71346
0.73087
0.72238
0.66637
0.64645
0.61223
0.56357
0.59993
0.65693
0.65977
0.68263
0.69058
0.69661
0.70496
0.69474
0.65888
0.66882
0.67234
0.66416
0.66213
0.70132
0.75781
0.76128
0.75499
0.7899
0.81787
0.81941
0.82367
0.83445
0.81131
0.8381
0.83165
0.81968
0.80532
0.78381
0.78831
0.79119
0.7892
0.78373
0.76738
0.75337
0.74708
0.74175
0.73412
0.73473
0.71092
0.68194
0.66102
0.66498
0.66093
0.67202
0.7104
0.74316
0.72922
0.72447
0.7162
0.72526
0.71481
0.69459
0.70008
0.69395
0.73342
0.75675
0.7662
0.77025
0.7421
0.71698
0.70713
0.70672
0.609
0.46097
0.4682
0.5809
0.57437
0.41033
0.67011
0.70551
0.6925
0.69108
0.72951
0.7771
0.78031
0.7819
0.76713
0.73489
0.75034
0.7702
0.78005
0.78109
0.77921
0.77234
0.76966
0.75879
0.77142
0.76887
0.77048
0.78211
0.77028
0.76375
0.75982
0.73333
0.70602
0.68577
0.6768
0.67941
0.70176
0.68509
0.6981
0.70174
0.70307
0.70349
0.71421
0.74779
0.75767
0.76819
0.7807
0.77992
0.78576
0.79344
0.78598
0.78448
0.77754
0.78166
0.80245
0.81153
0.8255
0.83736
0.83385
0.83225
0.82539
0.81851
0.83029
0.83878
0.83008
0.81206
0.81078
0.83996
0.82372
0.84014
0.85694
0.85922
0.86031
0.85175
0.85426
0.85008
0.83865
0.83541
0.80493
0.78845
0.65435
0.64399
0.77382
0.82299
0.83331
0.84017
0.82126
0.79556
0.79336
0.78796
0.79934
0.79176
0.79186
0.77653
0.77824
0.76079
0.76108
0.75884
0.77362
0.80782
0.81251
0.77227
0.75517
0.76296
0.79867
0.72376
0.64957
0.63472
0.59956
0.72414
0.73528
0.68635
0.61522
0.5956
0.47959
0.33723
0.18984
0.11917
0.12134
0.15011
0.21115
0.42415
0.71444
0.73679
0.75608
0.76402
0.76798
0.77979
0.77956
0.78186
0.78221
0.78086
0.78415
0.77735
0.77948
0.77704
0.77331
0.77118
0.77574
0.77236
0.77448
0.76673
0.75222
0.74631
0.74603
0.74813
0.74054
0.76043
0.7783
0.78533
0.7846
0.78764
0.76806
0.73539
0.70976
0.71005
0.7294
0.61655
0.61626
0.56275
0.4426
0.64333
0.6563
0.73465
0.68651
0.69911
0.68349
0.68418
0.68902
0.68193
0.65713
0.56667
0.39882
0.36263
0.49585
0.76034
0.77325
0.77942
0.79343
0.80593
0.82143
0.81245
0.80275
0.79344
0.79945
0.79623
0.77331
0.77304
0.76292
0.72242
0.70905
0.67818
0.7075
0.67719
0.45557
0.47275
0.76753
0.75881
0.77036
0.76563
0.75997
0.74814
0.73391
0.7277
0.72846
0.71482
0.715
0.70134
0.69571
0.68922
0.6774
0.68388
0.68885
0.66607
0.64509
0.62723
0.62388
0.61953
0.63267
0.65688
0.67807
0.67684
0.67745
0.68275
0.68646
0.67734
0.67251
0.69787
0.71859
0.73315
0.72573
0.69667
0.67195
0.64379
0.51639
0.30131
0.37054
0.47373
0.41422
0.51116
0.6435
0.64665
0.64541
0.65961
0.67732
0.67396
0.66008
0.64411
0.64462
0.6644
0.66275
0.74376
0.78232
0.7666
0.75027
0.72457
0.69976
0.65471
0.60147
0.512
0.38991
0.28431
0.17256
0.1754
0.27181
0.42591
0.57891
0.58679
0.76001
0.75562
0.79661
0.72203
0.59971
0.51077
0.62647
0.82821
0.83758
0.80204
0.80461
0.81189
0.76966
0.67621
0.77827
0.81594
0.77715
0.78757
0.78693
0.77465
0.77477
0.77174
0.7935
0.79895
0.80258
0.78025
0.75899
0.77463
0.77464
0.76241
0.76673
0.78796
0.78938
0.76226
0.74333
0.75213
0.7868
0.80969
0.8259
0.82224
0.82093
0.81998
0.82484
0.82705
0.82562
0.83249
0.81825
0.81848
0.82289
0.82749
0.83323
0.81853
0.82266
0.82421
0.82476
0.81482
0.82466
0.78823
0.76417
0.76138
0.75051
0.75149
0.73842
0.69404
0.73344
0.74228
0.76484
0.71483
0.70676
0.70104
0.73946
0.65754
0.60109
0.74171
0.74573
0.69737
0.70351
0.70471
0.70627
0.69926
0.63013
0.58983
0.55583
0.59403
0.71996
0.73252
0.75858
0.77317
0.7803
0.76647
0.74524
0.73443
0.7364
0.55848
0.3143
0.33789
0.73858
0.80549
0.80218
0.84149
0.82124
0.84879
0.86689
0.83563
0.84869
0.84569
0.84274
0.80696
0.78337
0.70786
0.69173
0.75401
0.83746
0.83564
0.83045
0.8266
0.82371
0.81386
0.81532
0.79734
0.7828
0.78486
0.75666
0.73498
0.7123
0.76081
0.74091
0.76616
0.77597
0.78901
0.77517
0.76171
0.73581
0.61548
0.61615
0.59314
0.45163
0.41949
0.44598
0.78489
0.81858
0.80567
0.83981
0.85722
0.88283
0.86414
0.83484
0.84607
0.85865
0.87208
0.86691
0.8539
0.87211
0.85124
0.82454
0.83297
0.83193
0.83618
0.84124
0.8628
0.87989
0.86478
0.88931
0.90338
0.90793
0.90434
0.89523
0.88405
0.87049
0.88965
0.90831
0.89171
0.84554
0.87547
0.83007
0.75774
0.74475
0.70065
0.67662
0.65452
0.55662
0.4198
0.35399
0.35695
0.44174
0.47493
0.41014
0.28084
0.21599
0.2075
0.20455
0.16758
0.2574
0.27782
0.3158
0.39109
0.4305
0.5104
0.55475
0.62744
0.72501
0.84893
0.86784
0.8673
0.85622
0.84876
0.85664
0.86061
0.85847
0.85518
0.85266
0.84524
0.84633
0.85026
0.85812
0.86504
0.86213
0.83894
0.83632
0.83217
0.82453
0.82223
0.83346
0.81771
0.81477
0.82463
0.78926
0.75249
0.75958
0.75286
0.77371
0.71039
0.68087
0.73674
0.77717
0.73734
0.71964
0.72
0.74527
0.81687
0.77535
0.79368
0.73409
0.68076
0.70488
0.51488
0.41515
0.81129
0.84416
0.82495
0.82361
0.82501
0.83554
0.78894
0.76196
0.71719
0.70247
0.75192
0.73184
0.75245
0.7587
0.75502
0.78568
0.74824
0.61693
0.69958
0.76314
0.7592
0.75627
0.75452
0.77983
0.77189
0.77884
0.8044
0.7985
0.77047
0.774
0.57399
0.6923
0.77718
0.79082
0.79141
0.80785
0.74961
0.74694
0.74741
0.76794
0.75664
0.75111
0.77854
0.75874
0.73699
0.72921
0.72691
0.74079
0.73057
0.73418
0.74704
0.72575
0.70752
0.69729
0.6902
0.7113
0.72391
0.65443
0.57282
0.4057
0.27507
0.34511
0.71776
0.75224
0.78958
0.57889
0.6241
0.6789
0.69715
0.72273
0.7244
0.74728
0.72607
0.76483
0.76818
0.76481
0.66819
0.56228
0.58104
0.65027
0.79382
0.81383
0.8217
0.82464
0.81237
0.80096
0.79398
0.7848
0.7478
0.74911
0.79063
0.74836
0.72899
0.73063
0.75409
0.79052
0.77851
0.77298
0.77087
0.76071
0.73393
0.71027
0.5497
0.31499
0.83804
0.88469
0.8593
0.84521
0.86353
0.84605
0.79949
0.77448
0.75717
0.75021
0.78387
0.76243
0.73675
0.71559
0.69815
0.49833
0.44704
0.81998
0.81244
0.80738
0.78629
0.77066
0.77235
0.7798
0.71894
0.76532
0.8092
0.78424
0.77539
0.76642
0.77262
0.75389
0.59667
0.53299
0.50982
0.41526
0.65299
0.80551
0.60534
0.84439
0.88689
0.89965
0.90468
0.88927
0.88496
0.88317
0.87781
0.88578
0.8611
0.89246
0.89938
0.87552
0.86283
0.85656
0.84833
0.8452
0.80888
0.82807
0.87475
0.85211
0.81607
0.80703
0.79556
0.84763
0.83175
0.84701
0.85256
0.82983
0.83875
0.83049
0.8244
0.8259
0.81131
0.80983
0.82391
0.63382
0.67287
0.73352
0.81767
0.87575
0.85704
0.86456
0.88656
0.8602
0.85409
0.8827
0.89179
0.89161
0.89974
0.90985
0.90225
0.87198
0.88832
0.85937
0.7101
0.6021
0.54779
0.53802
0.52855
0.63159
0.82064
0.90352
0.84906
0.82787
0.59186
0.63853
0.76496
0.80296
0.79816
0.78617
0.77996
0.74465
0.7495
0.72966
0.83149
0.69811
0.68826
0.55568
0.51913
0.53124
0.63546
0.69189
0.68056
0.61786
0.50045
0.39864
0.34464
0.31091
0.32598
0.36147
0.35254
0.277
0.22235
0.2595
0.27087
0.29587
0.43898
0.56191
0.5853
0.65599
0.78448
0.78982
0.75684
0.46995
0.43507
0.44706
0.3893
0.34211
0.35307
0.3821
0.28525
0.30026
0.36518
0.39623
0.36029
0.47302
0.66701
0.7465
0.69388
0.6882
0.75688
0.78206
0.62853
0.53876
0.78199
0.78445
0.81204
0.8591
0.8507
0.80974
0.89028
0.86113
0.84461
0.84798
0.85799
0.85593
0.84319
0.8589
0.87058
0.86198
0.85506
0.85745
0.85716
0.86485
0.82384
0.81279
0.87324
0.86851
0.86829
0.86572
0.8717
0.86034
0.84843
0.87135
0.88189
0.87412
0.86231
0.86081
0.86416
0.85827
0.85599
0.84982
0.87038
0.85447
0.84122
0.8373
0.83097
0.85782
0.84048
0.84296
0.87291
0.85264
0.84703
0.83757
0.73642
0.76583
0.72881
0.72298
0.86325
0.85506
0.83884
0.83592
0.84412
0.85618
0.85338
0.84768
0.85838
0.84616
0.83417
0.82613
0.82016
0.74384
0.70117
0.68691
0.82967
0.82836
0.76323
0.78226
0.72489
0.73659
0.74167
0.76007
0.79682
0.87067
0.92125
0.84853
0.81894
0.81803
0.76712
0.78962
0.80409
0.80992
0.76429
0.72914
0.70787
0.76073
0.83152
0.75045
0.69729
0.74243
0.86822
0.821
0.84734
0.84693
0.78118
0.80083
0.83644
0.81797
0.79522
0.7921
0.80441
0.84119
0.73992
0.70283
0.71074
0.73352
0.76973
0.71364
0.75035
0.76663
0.45593
0.4542
0.50749
0.41833
0.30729
0.35243
0.30695
0.3583
0.88058
0.88844
0.90592
0.9041
0.89956
0.89725
0.89868
0.88096
0.89196
0.87744
0.86884
0.8539
0.8507
0.85293
0.85639
0.84549
0.82525
0.82048
0.86265
0.8477
0.86666
0.85515
0.86307
0.87691
0.89625
0.93077
0.93087
0.91383
0.91578
0.92073
0.93132
0.93837
0.91456
0.92851
0.94052
0.92714
0.91103
0.90531
0.90736
0.91887
0.91294
0.88002
0.92354
0.92072
0.89883
0.89981
0.89976
0.9066
0.88705
0.83537
0.88658
0.92064
0.90042
0.87882
0.89673
0.91021
0.86014
0.88056
0.80775
0.86497
0.86412
0.83591
0.85718
0.91027
0.85046
0.69929
0.69597
0.7099
0.7823
0.78864
0.80576
0.76167
0.76741
0.75855
0.72509
0.79376
0.92735
0.88349
0.84885
0.83444
0.81178
0.67804
0.85534
0.94076
0.92929
0.91327
0.90968
0.86204
0.81324
0.74121
0.71864
0.80323
0.81993
0.86828
0.78548
0.87396
0.85092
0.90264
0.91366
0.92107
0.84907
0.8303
0.84681
0.80506
0.78718
0.87023
0.91673
0.92113
0.88361
0.87833
0.88202
0.9116
0.83155
0.73326
0.71701
0.69368
0.71227
0.73352
0.79047
0.81105
0.70553
0.69481
0.74219
0.82117
0.88415
0.88783
0.89324
0.9037
0.90651
0.90753
0.9127
0.89959
0.88533
0.88066
0.8964
0.90572
0.88707
0.87509
0.91057
0.90806
0.90223
0.89856
0.90076
0.88788
0.8243
0.81131
0.79364
0.86417
0.7625
0.67721
0.71476
0.75151
0.80406
0.84339
0.89864
0.93338
0.92469
0.92158
0.91355
0.89368
0.84779
0.84121
0.86413
0.92515
0.89721
0.91635
0.91414
0.89828
0.87428
0.85288
0.90431
0.91846
0.92272
0.91961
0.93122
0.90767
0.87798
0.81246
0.86851
0.89769
0.92094
0.89951
0.90653
0.89124
0.86345
0.83889
0.87434
0.90514
0.89582
0.89305
0.89552
0.88018
0.81405
0.74431
0.81326
0.90063
0.85548
0.87338
0.8749
0.9054
0.89362
0.75363
0.75854
0.72947
0.79472
0.83742
0.87577
0.91016
0.86572
0.89054
0.91741
0.93068
0.90134
0.89052
0.89835
0.89496
0.87074
0.82335
0.79447
0.7774
0.87199
0.87107
0.87933
0.92632
0.85006
0.70188
0.73268
0.83778
0.85478
0.98261
0.90647
0.91014
0.89786
0.89259
0.89769
0.88977
0.88648
0.88648
0.90221
0.89575
0.90257
0.90871
0.91539
0.91514
0.911
0.90551
0.902
0.88598
0.85225
0.81316
0.82268
0.88219
0.85096
0.87952
0.89067
0.86124
0.80658
0.73098
0.88675
0.88105
0.86474
0.86408
0.88081
0.86847
0.88352
0.77935
0.82212
0.8813
0.87138
0.89819
0.90247
0.90527
0.88693
0.78554
0.75513
0.84031
0.87495
0.90411
0.91248
0.8888
0.82217
0.61074
0.61127
0.7058
0.7589
0.83746
0.92053
0.99822
0.76556
0.77368
0.89595
0.92259
0.92605
0.92125
0.91946
0.91006
0.89617
0.87791
0.89446
0.91292
0.90724
0.90338
0.90037
0.88976
0.88482
0.88845
0.89697
0.91062
0.90312
0.87724
0.89717
0.89322
0.87333
0.8937
0.9062
0.92687
0.91088
0.89567
0.88624
0.87868
0.76214
0.70915
0.76424
0.95831
0.95416
0.9654
0.97127
0.9891
0.9856
0.89293
0.86079
0.83769
0.91685
0.92605
0.91923
0.84362
0.66991
0.63836
0.62379
0.74765
0.86987
0.87028
0.87133
0.85212
0.83342
0.84419
0.81669
0.87198
0.87879
0.88005
0.88029
0.87648
0.85562
0.89374
0.90201
0.89154
0.86618
0.86035
0.8787
0.88612
0.87719
0.77302
0.78589
0.77576
0.83113
0.85097
0.9086
0.94242
0.96389
0.95773
0.97412
0.96699
0.97112
0.97986
0.99049
0.99394
0.9902
0.98124
0.95811
0.936
0.91251
0.9187
0.92147
0.90692
0.87245
0.88097
0.88575
0.93048
0.91786
0.9082
0.90583
0.89644
0.80391
0.77665
0.79185
0.85493
0.86185
0.73655
0.8532
0.89387
0.94868
0.93622
0.87038
0.93412
0.96256
0.9505
0.95305
0.95434
0.98026
0.9763
0.96818
0.96318
0.96087
0.95853
0.95987
0.96757
0.97208
0.97504
0.95072
0.93375
0.92332
0.91704
0.91497
0.8884
0.87006
0.83975
0.85478
0.86869
0.91275
0.90631
0.89645
0.72877
0.67839
0.72581
0.8122
0.85141
0.88793
0.90757
0.92395
0.9332
0.88835
0.90234
0.85066
0.90649
0.90669
0.9088
0.7759
0.83066
0.9025
0.86514
0.92155
0.9031
0.8988
0.91054
0.85476
0.4494
0.45844
0.49153
0.5653
0.6049
0.48493
0.44476
0.49301
0.47571
0.46788
0.54525
0.5961
0.75062
0.8767
0.9017
0.9291
0.93953
0.88082
0.85955
0.8657
0.8995
0.85133
0.81319
0.6776
0.62026
0.64396
0.64365
0.73022
0.74678
0.85108
0.90886
0.92011
0.93528
0.93167
0.9273
0.93627
0.93228
0.92806
0.92108
0.93093
0.93614
0.93691
0.92403
0.9346
0.92944
0.92427
0.91826
0.9352
0.91499
0.88129
0.84269
0.90692
0.91854
0.91273
0.90992
0.90043
0.89799
0.88455
0.90379
0.92705
0.91732
0.88931
0.90187
0.89698
0.89589
0.8492
0.84771
0.82549
0.91456
0.90534
0.89382
0.88818
0.89691
0.82334
0.86963
0.91569
0.9161
0.90631
0.90553
0.90707
0.88968
0.84036
0.86549
0.90641
0.88152
0.89247
0.89608
0.88771
0.89511
0.91238
0.90118
0.92456
0.89426
0.89534
0.89499
0.89362
0.894
0.75596
0.65971
0.59564
0.87741
0.89152
0.91629
0.90518
0.91184
0.90974
0.92017
0.93009
0.91208
0.89766
0.89218
0.89708
0.85433
0.79386
0.82852
0.85197
0.85733
0.86864
0.85104
0.85252
0.85243
0.84168
0.84042
0.80782
0.84123
0.84332
0.83372
0.819
0.80998
0.70844
0.72644
0.75884
0.74484
0.71171
0.76239
0.64393
0.57657
0.55646
0.55906
0.51314
0.4246
0.38933
0.31404
0.27001
0.24727
0.23991
0.22204
0.17248
0.13549
0.10832
0.12326
0.11097
0.13173
0.35609
0.60357
0.89296
0.89623
0.88852
0.88223
0.87939
0.88863
0.89049
0.88778
0.88958
0.88649
0.88556
0.86884
0.83163
0.88431
0.90271
0.90979
0.87462
0.857
0.87333
0.86784
0.87151
0.89445
0.881
0.85249
0.89146
0.88431
0.8957
0.89161
0.88846
0.89026
0.89428
0.8936
0.89153
0.88239
0.88075
0.8703
0.8636
0.89687
0.88973
0.89539
0.90633
0.86881
0.86855
0.86451
0.86941
0.88398
0.88855
0.89802
0.89196
0.87519
0.83714
0.72065
0.67825
0.57297
0.56216
0.47208
0.68241
0.69908
0.69558
0.62394
0.59883
0.56036
0.50298
0.49361
0.552
0.57206
0.60415
0.64435
0.68805
0.80282
0.88379
0.87885
0.88314
0.8819
0.87137
0.86477
0.85815
0.58398
0.57308
0.73007
0.73388
0.64248
0.55653
0.52095
0.80895
0.8922
0.92509
0.92439
0.90756
0.89683
0.89164
0.83458
0.83791
0.84587
0.8804
0.87089
0.87342
0.87339
0.87416
0.88186
0.86204
0.85337
0.84677
0.85799
0.8565
0.85024
0.83641
0.8361
0.83197
0.82836
0.823
0.79657
0.86158
0.83874
0.76636
0.63924
0.46675
0.38499
0.34069
0.28231
0.22929
0.23494
0.252
0.2902
0.32762
0.3208
0.28064
0.26183
0.23873
0.22671
0.22726
0.24114
0.27479
0.377
0.50755
0.58089
0.53514
0.7662
0.83153
0.84783
0.84162
0.84327
0.84646
0.84957
0.85319
0.84614
0.84742
0.82503
0.82753
0.84153
0.85372
0.86435
0.8503
0.83115
0.83239
0.821
0.8122
0.68017
0.50639
0.4965
0.47034
0.50689
0.59793
0.81212
0.81591
0.82657
0.84044
0.85346
0.85672
0.82159
0.80816
0.81607
0.81379
0.81836
0.83928
0.82543
0.82088
0.81473
0.80529
0.78874
0.64275
0.56356
0.55504
0.51404
0.44919
0.45648
0.54762
0.53189
0.41096
0.3524
0.30698
0.3218
0.31214
0.29681
0.32277
0.29831
0.28459
0.23084
0.19939
0.17864
0.17441
0.22884
0.1668
0.63786
0.81318
0.82607
0.84697
0.85982
0.85084
0.8458
0.85897
0.88118
0.86897
0.88584
0.84768
0.87021
0.86063
0.84179
0.82833
0.81016
0.81457
0.78747
0.76899
0.78568
0.78892
0.79184
0.8059
0.80249
0.80832
0.79679
0.79239
0.79631
0.79826
0.78169
0.79163
0.76739
0.77546
0.77884
0.77905
0.78362
0.80186
0.7953
0.78329
0.76918
0.72303
0.70067
0.68398
0.69694
0.69885
0.62688
0.57548
0.47291
0.37362
0.28385
0.2101
0.13367
0.092743
0.093656
0.092078
0.090068
0.082155
0.071694
0.10771
0.21361
0.27244
0.39366
0.54385
0.67651
0.84116
0.82751
0.84444
0.8483
0.83716
0.80149
0.80739
0.82028
0.84168
0.83
0.82369
0.82479
0.79744
0.77844
0.81491
0.80635
0.76528
0.7743
0.76944
0.62079
0.55311
0.52686
0.50635
0.49582
0.77796
0.80207
0.86
0.88668
0.88905
0.88232
0.87854
0.8598
0.83852
0.83535
0.83131
0.82662
0.81417
0.81333
0.80924
0.82634
0.81028
0.8094
0.82299
0.79298
0.82213
0.80039
0.79748
0.81566
0.82932
0.82226
0.84541
0.84596
0.83451
0.82815
0.81928
0.83178
0.83163
0.84529
0.84987
0.8467
0.84349
0.83932
0.83369
0.83382
0.83235
0.83799
0.83991
0.83225
0.82447
0.81917
0.8256
0.83054
0.84334
0.86009
0.87017
0.85091
0.86094
0.84953
0.85266
0.85016
0.84312
0.84399
0.85608
0.86305
0.75999
0.70697
0.69609
0.69716
0.7355
0.76465
0.7868
0.79942
0.82304
0.82349
0.81582
0.8076
0.81589
0.82709
0.8163
0.77309
0.77111
0.72726
0.5483
0.36417
0.33237
0.29297
0.25875
0.8013
0.8244
0.80544
0.83857
0.86762
0.88326
0.87896
0.87119
0.86237
0.8559
0.84953
0.85669
0.85362
0.85564
0.8636
0.8883
0.89759
0.90339
0.90294
0.90515
0.90751
0.90471
0.91059
0.90844
0.90904
0.8985
0.88641
0.88515
0.88492
0.88914
0.88595
0.86264
0.83458
0.65038
0.63711
0.59512
0.74106
0.82174
0.85517
0.88682
0.87899
0.87476
0.879
0.8852
0.87935
0.86466
0.87057
0.87289
0.83618
0.68403
0.59513
0.60263
0.59004
0.60344
0.66676
0.70522
0.8374
0.84454
0.85168
0.87113
0.88157
0.88836
0.88847
0.87989
0.88736
0.88342
0.88502
0.88205
0.87272
0.86879
0.8577
0.85286
0.86044
0.852
0.84645
0.84303
0.81964
0.80059
0.79681
0.80636
0.81824
0.8122
0.80779
0.80815
0.80495
0.70173
0.67417
0.83136
0.89164
0.71289
0.58762
0.46356
0.38178
0.35007
0.39304
0.49525
0.61118
0.70251
0.76721
0.76493
0.78471
0.79338
0.80551
0.80827
0.82368
0.81954
0.81216
0.80514
0.79893
0.79286
0.79733
0.79817
0.64486
0.81297
0.77039
0.79236
0.79667
0.79384
0.7864
0.79912
0.79742
0.78771
0.78225
0.78766
0.78412
0.78468
0.78575
0.7885
0.78965
0.78568
0.78405
0.78514
0.79478
0.80108
0.8158
0.81409
0.83086
0.83225
0.80426
0.41526
0.77535
0.82629
0.8417
0.84108
0.83618
0.82881
0.84082
0.84247
0.83099
0.82856
0.83014
0.82446
0.81437
0.81161
0.81342
0.81003
0.81677
0.82005
0.81729
0.82374
0.81566
0.81586
0.82278
0.82565
0.81878
0.81328
0.81328
0.81847
0.8237
0.80884
0.81048
0.81466
0.81271
0.81341
0.8199
0.80476
0.80675
0.80609
0.8091
0.80476
0.80294
0.80513
0.81284
0.82121
0.82102
0.82119
0.6748
0.73752
0.74803
0.77137
0.74542
0.6819
0.70359
0.79608
0.70164
0.70275
0.68034
0.60374
0.54963
0.72362
0.73667
0.72225
0.57723
0.36282
0.29866
0.36961
0.40239
0.32913
0.30886
0.34523
0.43938
0.65599
0.69648
0.70836
0.72311
0.76399
0.7977
0.82084
0.82512
0.78798
0.76784
0.78493
0.78652
0.79618
0.79421
0.78766
0.79008
0.77861
0.77102
0.78084
0.77673
0.78086
0.77152
0.75616
0.75897
0.77235
0.76929
0.75896
0.7649
0.77786
0.77513
0.76688
0.76549
0.74212
0.75146
0.76729
0.7684
0.78546
0.79233
0.80789
0.78604
0.76921
0.78806
0.78314
0.76913
0.77355
0.78466
0.78589
0.80171
0.80639
0.81275
0.58352
0.40045
0.26522
0.11711
0.20989
0.24621
0.2659
0.33128
0.19946
0.36168
0.64054
0.81541
0.8134
0.81574
0.81003
0.79661
0.81289
0.79584
0.79128
0.78028
0.76648
0.74681
0.7468
0.77758
0.5749
0.37885
0.38642
0.42975
0.48364
0.53087
0.68359
0.71533
0.71319
0.71276
0.71836
0.71835
0.71476
0.7126
0.71055
0.70471
0.67863
0.69414
0.7186
0.72548
0.73942
0.73613
0.70878
0.71044
0.70283
0.67653
0.69098
0.70614
0.71937
0.73077
0.75805
0.76687
0.74959
0.75209
0.77137
0.7749
0.79915
0.83274
0.87765
0.90194
0.89758
0.8721
0.85719
0.8325
0.80718
0.79384
0.79184
0.75138
0.72044
0.72118
0.72713
0.73284
0.73754
0.74471
0.74539
0.74653
0.73985
0.73498
0.73344
0.72679
0.71366
0.68505
0.66979
0.65924
0.63913
0.59219
0.43803
0.56909
0.64441
0.6365
0.65664
0.66183
0.66756
0.73132
0.79052
0.81574
0.80719
0.80037
0.78031
0.77353
0.76046
0.75613
0.75501
0.69135
0.57735
0.4343
0.32964
0.22716
0.23306
0.3553
0.55165
0.67989
0.72332
0.7439
0.75083
0.75997
0.76265
0.77188
0.78282
0.75782
0.5727
0.49852
0.49631
0.49931
0.47123
0.39148
0.20377
0.11559
0.14122
0.74301
0.78033
0.78484
0.77844
0.7776
0.74388
0.74452
0.76323
0.76661
0.78629
0.75906
0.77224
0.76716
0.75587
0.72612
0.69202
0.45806
0.60259
0.77658
0.82628
0.81526
0.80049
0.79428
0.78879
0.79532
0.80365
0.80669
0.81154
0.82517
0.83333
0.83585
0.83232
0.80258
0.78834
0.76447
0.75232
0.74996
0.74008
0.73137
0.71967
0.7136
0.69979
0.66957
0.6368
0.65882
0.65077
0.69188
0.68218
0.72466
0.76322
0.75163
0.73883
0.73308
0.74124
0.72249
0.73161
0.74315
0.76131
0.78301
0.76803
0.734
0.70717
0.74021
0.73414
0.73634
0.68128
0.65217
0.65988
0.6342
0.57871
0.55528
0.60602
0.58551
0.59889
0.69802
0.61461
0.60601
0.6104
0.59064
0.67863
0.68981
0.69841
0.61225
0.34608
0.34323
0.33106
0.47774
0.37587
0.46714
0.6682
0.68561
0.6828
0.48028
0.39348
0.31315
0.54718
0.75005
0.74295
0.76619
0.77819
0.78118
0.79457
0.80277
0.80833
0.8139
0.82091
0.82413
0.81984
0.83225
0.84154
0.84774
0.84856
0.82856
0.80684
0.81898
0.8471
0.85777
0.86793
0.86655
0.86237
0.85954
0.85756
0.85065
0.83516
0.8315
0.82821
0.8203
0.81702
0.81921
0.81937
0.81775
0.82021
0.81041
0.80697
0.81071
0.8159
0.80687
0.80818
0.81228
0.81143
0.81806
0.8334
0.83527
0.84525
0.84648
0.84354
0.84532
0.84853
0.85291
0.85276
0.85204
0.85334
0.85199
0.84895
0.83516
0.82482
0.8175
0.81505
0.81125
0.7913
0.76933
0.76993
0.79216
0.80327
0.80507
0.79974
0.79916
0.79422
0.78992
0.77999
0.77599
0.76912
0.75941
0.74812
0.75918
0.76297
0.7087
0.73293
0.73382
0.72379
0.72503
0.71748
0.67914
0.66439
0.66645
0.67129
0.67137
0.66522
0.65954
0.65692
0.65063
0.64411
0.62976
0.61484
0.59832
0.51724
0.73457
0.64255
0.67077
0.68809
0.68123
0.71325
0.73651
0.75647
0.78589
0.78407
0.73427
0.66925
0.57492
0.67374
0.72239
0.72275
0.73248
0.73479
0.73907
0.7525
0.76278
0.60975
0.7481
0.75442
0.76152
0.76279
0.7731
0.78252
0.78692
0.78637
0.78674
0.78062
0.7769
0.78576
0.78842
0.78819
0.8254
0.81824
0.81118
0.80055
0.82489
0.83545
0.8274
0.80281
0.79004
0.81103
0.8066
0.80341
0.78434
0.77387
0.73984
0.71992
0.70535
0.69596
0.69064
0.68569
0.68791
0.69276
0.69692
0.69732
0.69725
0.695
0.67351
0.65962
0.65116
0.43336
0.75116
0.68556
0.70947
0.71457
0.7229
0.72714
0.73828
0.73437
0.73146
0.72456
0.68616
0.60133
0.44413
0.3021
0.70065
0.74803
0.765
0.77497
0.78695
0.79062
0.79202
0.77755
0.77852
0.78048
0.78334
0.76659
0.75524
0.70635
0.67618
0.66423
0.65669
0.66123
0.67292
0.63877
0.61152
0.62891
0.28739
0.080407
0.062547
0.0653
0.12448
0.20918
0.31974
0.68967
0.70114
0.67108
0.66608
0.64845
0.67141
0.65426
0.65995
