0.68554
0.72668
0.66419
0.64482
0.71727
0.68249
0.68166
0.69901
0.71199
0.69708
0.68541
0.67945
0.68157
0.68828
0.69997
0.70932
0.71711
0.72082
0.72264
0.70356
0.71624
0.68207
0.67402
0.65282
0.63939
0.62416
0.64229
0.66475
0.67034
0.67992
0.69428
0.7011
0.69658
0.68673
0.66781
0.64058
0.65057
0.68968
0.70628
0.69715
0.7127
0.69276
0.68051
0.66496
0.65981
0.6631
0.66236
0.66442
0.67538
0.68344
0.69128
0.71354
0.71491
0.71899
0.7156
0.63166
0.71717
0.75365
0.76058
0.76035
0.74892
0.74584
0.74765
0.73088
0.74244
0.74474
0.70998
0.74534
0.70931
0.71286
0.70805
0.70725
0.68674
0.68116
0.6644
0.66215
0.66063
0.65827
0.65104
0.6412
0.62896
0.61714
0.60622
0.60687
0.6062
0.61591
0.62767
0.63333
0.6457
0.66172
0.66781
0.67083
0.67877
0.69275
0.68834
0.67921
0.67426
0.67184
0.66914
0.66725
0.6692
0.67233
0.67166
0.67457
0.68839
0.69942
0.71427
0.73457
0.74452
0.75274
0.74186
0.73365
0.7275
0.71869
0.71785
0.72306
0.70204
0.68811
0.7103
0.71142
0.704
0.58949
0.39524
0.27693
0.24653
0.2731
0.34141
0.35922
0.34092
0.3554
0.48877
0.73764
0.77217
0.77113
0.77118
0.78237
0.77139
0.77372
0.7688
0.73765
0.67946
0.34145
0.38443
0.37336
0.3585
0.34672
0.33341
0.26072
0.12538
0.11189
0.74412
0.80357
0.79906
0.78219
0.77716
0.78943
0.77898
0.75452
0.73478
0.75075
0.74265
0.7311
0.70558
0.69134
0.69365
0.67403
0.68202
0.70294
0.69819
0.69948
0.69053
0.67237
0.65791
0.67102
0.69323
0.64494
0.68007
0.74312
0.76776
0.78267
0.78705
0.81535
0.81818
0.82585
0.82932
0.83757
0.83483
0.83536
0.83273
0.83128
0.8368
0.84176
0.83596
0.83278
0.83781
0.81309
0.80551
0.80177
0.79314
0.77998
0.77789
0.77606
0.78191
0.77147
0.7588
0.75798
0.56667
0.45056
0.46096
0.37443
0.35549
0.7521
0.77653
0.79476
0.79231
0.80103
0.80757
0.80086
0.80249
0.8089
0.81144
0.81695
0.83203
0.78211
0.74701
0.74203
0.77514
0.81434
0.82356
0.82565
0.81337
0.81026
0.80822
0.79544
0.77865
0.76984
0.77007
0.76932
0.76349
0.74519
0.73188
0.60798
0.46319
0.31744
0.27449
0.63457
0.7786
0.74302
0.75972
0.77131
0.79022
0.78581
0.79293
0.78591
0.83524
0.84869
0.83313
0.84507
0.83966
0.82442
0.79726
0.83403
0.80831
0.7898
0.78037
0.7743
0.76423
0.74597
0.74242
0.74617
0.7347
0.29925
0.092647
0.051598
0.054699
0.099301
0.1305
0.12309
0.13554
0.14737
0.18225
0.34475
0.6774
0.71737
0.72219
0.72794
0.72065
0.71115
0.71087
0.70971
0.71095
0.71084
0.73554
0.56793
0.28493
0.14526
0.10038
0.082904
0.3375
0.79147
0.78851
0.79655
0.78866
0.78009
0.77345
0.76224
0.76434
0.7641
0.80007
0.80541
0.80395
0.80874
0.82961
0.8237
0.80271
0.78639
0.77728
0.78047
0.76694
0.76277
0.7576
0.74917
0.76244
0.74998
0.7806
0.77922
0.7611
0.74268
0.74516
0.7351
0.72662
0.72222
0.70953
0.66764
0.64765
0.76948
0.73286
0.74849
0.75933
0.76188
0.76538
0.75434
0.73828
0.73232
0.73252
0.73359
0.74748
0.75721
0.74712
0.76323
0.76873
0.76796
0.80288
0.79987
0.79389
0.78221
0.76686
0.76078
0.75591
0.75505
0.75914
0.74688
0.75252
0.75518
0.7643
0.66839
0.68603
0.69528
0.73127
0.72785
0.72614
0.72723
0.73498
0.72169
0.68845
0.70211
0.67544
0.70764
0.68401
0.65665
0.69944
0.51825
0.46367
0.55516
0.59533
0.60839
0.56652
0.51788
0.49142
0.56464
0.73085
0.76049
0.78161
0.78636
0.78858
0.78545
0.79511
0.80496
0.8116
0.69192
0.78412
0.79859
0.80664
0.81392
0.8301
0.83576
0.83998
0.8218
0.79362
0.76973
0.75027
0.76251
0.6373
0.46476
0.42571
0.47042
0.60281
0.72097
0.72362
0.72113
0.70973
0.69943
0.67677
0.66038
0.63776
0.52208
0.36202
0.44197
0.58573
0.75854
0.79305
0.77587
0.77842
0.7939
0.80485
0.83447
0.83828
0.84075
0.83757
0.8402
0.84273
0.84704
0.84544
0.841
0.84364
0.84308
0.83893
0.8447
0.84234
0.83829
0.84071
0.84342
0.8617
0.84988
0.84367
0.85221
0.86314
0.86162
0.85695
0.73564
0.67885
0.61354
0.64425
0.78326
0.82661
0.83367
0.83036
0.83738
0.83492
0.83136
0.82282
0.82102
0.82345
0.82923
0.73684
0.76322
0.80318
0.74666
0.59516
0.4774
0.39766
0.30312
0.22597
0.2006
0.21525
0.19123
0.16596
0.16636
0.20275
0.23387
0.25692
0.28099
0.32899
0.37623
0.41643
0.3664
0.36731
0.3713
0.3871
0.34756
0.35166
0.3755
0.4117
0.53128
0.62318
0.48849
0.51182
0.69546
0.76472
0.78173
0.71803
0.75337
0.78294
0.7893
0.80349
0.81074
0.81461
0.82417
0.82181
0.81125
0.80057
0.79215
0.78787
0.77471
0.77696
0.77026
0.77478
0.79051
0.78326
0.76893
0.76091
0.78337
0.78724
0.77313
0.75614
0.74449
0.74515
0.7188
0.74296
0.77936
0.52917
0.38055
0.70755
0.71798
0.72112
0.71775
0.73819
0.69498
0.44012
0.37213
0.34605
0.35919
0.42229
0.51082
0.54625
0.58402
0.59059
0.65765
0.64176
0.57907
0.48189
0.4395
0.43255
0.42684
0.4339
0.76517
0.78035
0.77756
0.78936
0.80069
0.77346
0.78334
0.82779
0.83888
0.83187
0.8212
0.81541
0.81464
0.80488
0.80775
0.81369
0.82724
0.83162
0.83629
0.83632
0.82497
0.81755
0.81817
0.85022
0.8668
0.85551
0.85708
0.84242
0.81839
0.8493
0.85276
0.88844
0.87842
0.8792
0.87669
0.89937
0.86191
0.87615
0.90137
0.67697
0.66029
0.73921
0.82371
0.65571
0.65413
0.62217
0.5403
0.52401
0.49537
0.45065
0.46542
0.56062
0.49403
0.34977
0.23436
0.26144
0.37842
0.38527
0.39821
0.38685
0.37098
0.43237
0.49078
0.5295
0.57381
0.59543
0.59036
0.5847
0.62303
0.67026
0.77308
0.82805
0.84443
0.82357
0.80242
0.78655
0.598
0.39509
0.63502
0.93436
0.80418
0.80289
0.78379
0.77631
0.76498
0.76964
0.77761
0.7934
0.80167
0.7874
0.7801
0.78764
0.78539
0.78493
0.79067
0.78255
0.77806
0.78002
0.74812
0.72304
0.7188
0.75561
0.78727
0.79212
0.78833
0.77306
0.76992
0.72263
0.7119
0.7063
0.73221
0.75196
0.7601
0.74352
0.72192
0.70896
0.69251
0.68214
0.69625
0.73622
0.70265
0.63751
0.57131
0.5662
0.53891
0.54074
0.57468
0.58023
0.5274
0.46951
0.4043
0.36504
0.2769
0.25622
0.27008
0.28772
0.37125
0.48792
0.72739
0.6674
0.77713
0.72829
0.18081
0.11599
0.1102
0.13338
0.15269
0.13949
0.13198
0.13871
0.14837
0.17228
0.25197
0.28571
0.74827
0.72832
0.71567
0.62046
0.52959
0.49787
0.50165
0.51751
0.50003
0.58901
0.73647
0.73848
0.75356
0.80193
0.79516
0.7836
0.77979
0.81433
0.8326
0.83639
0.83341
0.85072
0.83403
0.83236
0.82689
0.81672
0.82143
0.82363
0.58477
0.44248
0.4511
0.43496
0.39723
0.40316
0.43079
0.47179
0.48068
0.51355
0.54044
0.558
0.58848
0.62115
0.68887
0.75725
0.8238
0.83828
0.84806
0.84625
0.84416
0.82039
0.80101
0.82966
0.84389
0.88147
0.87514
0.88857
0.88096
0.89341
0.87854
0.86454
0.86556
0.87265
0.87606
0.86302
0.84285
0.82989
0.83104
0.83617
0.82609
0.82037
0.81738
0.8204
0.83733
0.82376
0.83212
0.83177
0.84276
0.83095
0.82985
0.82562
0.81018
0.78578
0.78937
0.78551
0.64297
0.58294
0.55417
0.47749
0.4953
0.63165
0.63396
0.69594
0.68785
0.6909
0.60668
0.80177
0.78599
0.78505
0.80282
0.82348
0.84486
0.79888
0.75985
0.7952
0.76668
0.76103
0.75402
0.67291
0.58589
0.54612
0.5101
0.50742
0.45884
0.37111
0.31492
0.28454
0.29821
0.36057
0.44229
0.4268
0.36392
0.30886
0.25699
0.28098
0.34974
0.49993
0.57438
0.65654
0.72311
0.76127
0.77877
0.77756
0.80171
0.81358
0.80614
0.793
0.75245
0.73851
0.7645
0.79236
0.81361
0.80317
0.798
0.81317
0.77094
0.76771
0.75114
0.74803
0.78666
0.6053
0.83143
0.83362
0.83957
0.83805
0.80268
0.79527
0.80478
0.83792
0.80143
0.79351
0.78989
0.76606
0.74501
0.72668
0.75168
0.67471
0.51255
0.56168
0.7757
0.7887
0.80486
0.82736
0.83463
0.82419
0.81165
0.80909
0.76917
0.76501
0.75353
0.72976
0.73961
0.72875
0.73782
0.74173
0.73405
0.72027
0.71205
0.71473
0.71963
0.68191
0.66938
0.65891
0.66461
0.65497
0.63084
0.58489
0.45525
0.3538
0.5353
0.82509
0.81416
0.82271
0.82635
0.82812
0.8678
0.90362
0.92731
0.92165
0.86931
0.89396
0.90338
0.91106
0.89159
0.89405
0.67521
0.77359
0.74131
0.75975
0.76671
0.76566
0.79378
0.83043
0.81968
0.83659
0.82567
0.83836
0.8019
0.81003
0.8339
0.8075
0.81702
0.85044
0.82741
0.7971
0.77983
0.78083
0.7712
0.70694
0.72908
0.75988
0.7714
0.80968
0.54004
0.51183
0.49038
0.52314
0.78567
0.79618
0.7912
0.77147
0.77508
0.8338
0.79071
0.79442
0.82635
0.82457
0.78638
0.79073
0.78304
0.78953
0.8229
0.8387
0.83801
0.84078
0.80565
0.81304
0.78412
0.80985
0.84795
0.84301
0.86518
0.85325
0.79029
0.78401
0.77854
0.76601
0.82128
0.79581
0.86891
0.88097
0.8376
0.84443
0.85306
0.89033
0.91993
0.9078
0.91351
0.8835
0.91024
0.89198
0.91969
0.93494
0.94583
0.88733
0.83953
0.79811
0.82901
0.88433
0.87608
0.86509
0.78266
0.7328
0.69458
0.70702
0.85143
0.87315
0.87116
0.89977
0.92976
0.87626
0.81332
0.78272
0.85538
0.77219
0.65609
0.57831
0.58763
0.60729
0.53545
0.58213
0.54833
0.6526
0.55071
0.29741
0.33085
0.31224
0.36512
0.53651
0.57793
0.63245
0.68965
0.54972
0.46358
0.44512
0.48734
0.47759
0.44278
0.40548
0.30081
0.25556
0.23103
0.22212
0.36597
0.9322
0.933
0.93783
0.93826
0.93893
0.92456
0.81082
0.77541
0.76245
0.8273
0.87049
0.88324
0.88647
0.86497
0.85923
0.8558
0.85324
0.84219
0.84348
0.85231
0.86097
0.86658
0.85484
0.86162
0.85994
0.86025
0.84956
0.83552
0.83961
0.85124
0.82966
0.83767
0.85949
0.85659
0.84647
0.84012
0.84248
0.8615
0.78203
0.73879
0.77802
0.79536
0.67528
0.54884
0.53719
0.55776
0.56476
0.60606
0.65808
0.71786
0.79173
0.68879
0.54257
0.51418
0.46444
0.51188
0.52014
0.46936
0.43074
0.48261
0.5303
0.57656
0.57225
0.59395
0.65159
0.72116
0.82745
0.81246
0.8542
0.87937
0.84882
0.85897
0.8968
0.70268
0.82539
0.78787
0.33876
0.37588
0.49326
0.4722
0.55581
0.53156
0.4227
0.38012
0.36495
0.35096
0.38041
0.49127
0.46396
0.39301
0.29893
0.25218
0.2371
0.23832
0.2728
0.44241
0.36482
0.32467
0.29159
0.26245
0.2224
0.22071
0.26725
0.37508
0.37668
0.34136
0.35303
0.36138
0.24694
0.23162
0.2291
0.2211
0.21026
0.2069
0.20513
0.20585
0.22465
0.43116
0.66261
0.81336
0.87704
0.87841
0.87182
0.86105
0.85861
0.8616
0.85625
0.87221
0.8713
0.87142
0.86498
0.85879
0.86342
0.87255
0.88147
0.87273
0.87734
0.83976
0.8336
0.82116
0.82831
0.85194
0.77747
0.72389
0.76624
0.7553
0.78271
0.79682
0.78965
0.75984
0.4701
0.4735
0.58853
0.60639
0.72572
0.88528
0.88064
0.86982
0.8362
0.89727
0.8894
0.86406
0.87923
0.87077
0.8839
0.87014
0.83823
0.79838
0.91635
0.88689
0.8846
0.88425
0.88122
0.85533
0.82602
0.84991
0.88812
0.87163
0.81991
0.82678
0.82725
0.87116
0.79727
0.70702
0.69684
0.8647
0.82988
0.82186
0.82177
0.8651
0.89249
0.81951
0.86931
0.87765
0.89756
0.88392
0.88097
0.87349
0.78598
0.76429
0.87261
0.81387
0.86653
0.87203
0.87394
0.73914
0.68439
0.73478
0.79498
0.87041
0.88787
0.85835
0.88662
0.93548
0.93979
0.96836
0.85128
0.7705
0.5919
0.60377
0.93426
0.97159
0.95613
0.95982
0.90741
0.79629
0.80171
0.61868
0.38073
0.26114
0.3002
0.34934
0.31817
0.23667
0.28719
0.40731
0.51898
0.78669
0.60649
0.53841
0.92341
0.91898
0.9098
0.9033
0.89618
0.88422
0.88895
0.89409
0.89486
0.89882
0.88456
0.89845
0.89132
0.78972
0.76895
0.79925
0.85498
0.8532
0.84359
0.82188
0.83744
0.84168
0.83292
0.86309
0.87514
0.86968
0.85122
0.84705
0.86882
0.8978
0.8041
0.69458
0.71689
0.70655
0.73314
0.61443
0.60721
0.58778
0.83195
0.91029
0.91315
0.88863
0.86822
0.84542
0.83135
0.82396
0.81476
0.82121
0.84328
0.83097
0.79965
0.82738
0.83353
0.85343
0.8068
0.76802
0.86363
0.8425
0.82855
0.84468
0.84741
0.65014
0.35949
0.4187
0.51921
0.55952
0.58528
0.62313
0.88532
0.89426
0.88491
0.89386
0.94007
0.94953
0.92738
0.91496
0.91165
0.86614
0.82946
0.80512
0.79908
0.76396
0.76025
0.71607
0.63635
0.52368
0.52649
0.68032
0.65935
0.64193
0.60098
0.57981
0.89128
0.93935
0.96279
0.9193
0.87193
0.81306
0.9051
0.88322
0.83423
0.7891
0.81524
0.78303
0.67269
0.88598
0.88528
0.68933
0.89661
0.89518
0.88368
0.88121
0.87658
0.91396
0.90754
0.89376
0.89075
0.90085
0.83161
0.85356
0.88472
0.80485
0.85117
0.86834
0.87027
0.86563
0.72093
0.67265
0.70783
0.68197
0.70713
0.82915
0.88567
0.93037
0.838
0.77655
0.79452
0.82241
0.80609
0.86699
0.88696
0.91848
0.84167
0.80274
0.79319
0.81864
0.89557
0.90454
0.91897
0.88656
0.84305
0.80815
0.8319
0.83206
0.92924
0.88285
0.74176
0.81457
0.85826
0.91295
0.92315
0.95224
0.93296
0.91125
0.92228
0.92464
0.89389
0.82944
0.47245
0.60843
0.78297
0.77705
0.82927
0.86433
0.7566
0.69001
0.62842
0.61002
0.6284
0.6229
0.57069
0.53329
0.49856
0.50304
0.52752
0.39046
0.3202
0.35543
0.44594
0.99063
0.90679
0.83669
0.82598
0.87005
0.89067
0.88709
0.90341
0.94229
0.85447
0.8645
0.86036
0.81395
0.60321
0.44393
0.35053
0.352
0.42928
0.50069
0.5668
0.6518
0.59306
0.36495
0.33799
0.29784
0.47048
0.61771
0.64534
0.63057
0.65413
0.74909
0.96188
0.82683
0.86943
0.9024
0.90068
0.89944
0.89844
0.90008
0.88889
0.88679
0.89879
0.89575
0.93312
0.92146
0.88905
0.90676
0.88134
0.75966
0.69923
0.65977
0.69771
0.86805
0.87446
0.89907
0.90593
0.9221
0.89809
0.88951
0.92572
0.91941
0.91332
0.91456
0.90526
0.8987
0.89965
0.81514
0.77464
0.70061
0.92022
0.90272
0.92066
0.91022
0.77949
0.78914
0.71582
0.76239
0.90952
0.91069
0.79476
0.79133
0.64076
0.65398
0.63073
0.54374
0.35763
0.20487
0.12594
0.13796
0.21996
0.44571
0.56577
0.70087
0.67298
0.62503
0.79394
0.95101
0.93911
0.93774
0.95092
0.9523
0.92519
0.87437
0.93482
0.97148
0.85575
0.80997
0.80909
0.77045
0.71094
0.57717
0.76995
0.95771
0.98152
0.98922
0.98025
0.98993
1.0001
0.99804
0.89234
0.74733
0.8334
0.75803
0.599
0.49014
0.50571
0.45621
0.40403
0.49165
0.56393
0.47821
0.44332
0.35397
0.27265
0.17087
0.15021
0.14345
0.20674
0.37626
0.48403
0.64149
0.79856
0.94895
0.93019
0.93123
0.92236
0.95055
0.93192
0.95861
0.95922
0.95118
0.93589
0.91918
0.86326
0.86744
0.86759
0.9221
0.92138
0.92361
0.93184
0.91813
0.8542
0.79275
0.78785
0.85198
0.94542
0.80424
0.69897
0.78242
0.82756
0.82553
0.79666
0.84326
0.89419
0.8662
0.74966
0.73541
0.70877
0.69664
0.76713
0.85557
0.8458
0.80895
0.72887
0.80415
0.85179
0.84402
0.71668
0.77691
0.91516
0.94641
0.93306
0.94257
0.8857
0.89978
0.81697
0.92071
0.92478
0.90323
0.89473
0.90043
0.84742
0.85233
0.83932
0.92357
0.91958
0.92389
0.91479
0.92485
0.91545
0.89514
0.92789
0.93422
0.93143
0.92218
0.91794
0.91913
0.91639
0.91399
0.92456
0.92728
0.9229
0.92474
0.93444
0.93472
0.86357
0.837
0.84648
0.92934
0.92365
0.90919
0.9184
0.90308
0.82407
0.83393
0.89398
0.93274
0.93144
0.92397
0.90806
0.88078
0.81934
0.82448
0.83776
0.87002
0.85444
0.62489
0.45117
0.42768
0.50635
0.59412
0.74203
0.79847
0.91357
0.91825
0.9228
0.91087
0.8814
0.91028
0.88932
0.94585
0.9172
0.91375
0.88246
0.92819
0.91769
0.93069
0.93739
0.94125
0.94139
0.96102
0.9616
0.91031
0.69539
0.74877
0.75744
0.80883
0.88371
0.86038
0.60533
0.32441
0.24261
0.24078
0.30738
0.28428
0.31977
0.63631
0.88344
0.9278
0.97332
0.91813
0.94871
0.95218
0.95439
0.9503
0.9685
0.95094
0.94048
0.93676
0.95119
0.95285
0.95843
0.80145
0.65991
0.46667
0.43262
0.63456
0.97462
0.99391
0.9938
0.99657
0.99535
0.99128
0.99855
1.0007
0.99963
0.9994
0.99574
0.99817
0.99875
0.99108
0.98513
0.98866
0.99611
0.99129
0.99347
0.99738
0.99824
0.99705
0.90483
0.95841
0.94824
0.977
0.97587
0.96532
0.95087
0.95619
0.95881
0.95126
0.90435
0.92505
0.92172
0.91031
0.85146
0.82638
0.8327
0.76927
0.82807
0.85796
0.73029
0.83595
0.85121
0.92178
0.95395
0.96024
0.9653
0.95836
0.96236
0.96965
0.96848
0.96796
0.91296
0.9183
0.86829
0.92953
0.91495
0.92726
0.89921
0.92141
0.93519
0.77751
0.82063
0.94643
0.93628
0.92965
0.92494
0.91616
0.87431
0.76607
0.8387
0.91906
0.90127
0.90238
0.8898
0.87759
0.83303
0.78692
0.75658
0.71509
0.51101
0.27605
0.16097
0.13386
0.16143
0.331
0.45146
0.36797
0.513
0.4764
0.84605
0.82824
0.72734
0.64268
0.83856
0.90858
0.89288
0.8829
0.88286
0.8867
0.87322
0.89293
0.87831
0.86645
0.84705
0.71296
0.59136
0.42806
0.3463
0.3552
0.32508
0.29285
0.48107
0.71636
0.83071
0.87502
0.90231
0.83175
0.62581
0.49212
0.47312
0.45645
0.42357
0.42932
0.38074
0.37812
0.40773
0.45954
0.50952
0.51423
0.54574
0.44294
0.22353
0.20955
0.23033
0.23151
0.2132
0.57837
0.86631
0.90462
0.92739
0.9136
0.90142
0.90675
0.89676
0.89166
0.88815
0.90144
0.92927
0.9432
0.93205
0.90545
0.89251
0.87974
0.88198
0.88937
0.91255
0.90521
0.9081
0.8929
0.89343
0.88556
0.87321
0.88329
0.86867
0.85175
0.8743
0.87098
0.87277
0.87092
0.88231
0.89552
0.90498
0.90249
0.88252
0.87434
0.88936
0.89163
0.91249
0.91226
0.89018
0.88213
0.8819
0.87049
0.86564
0.8722
0.87117
0.88173
0.87989
0.89486
0.86731
0.85834
0.84565
0.85363
0.84254
0.80533
0.56385
0.57719
0.86322
0.86742
0.8702
0.87508
0.87204
0.86487
0.78505
0.76672
0.78693
0.80621
0.80948
0.59473
0.2601
0.13741
0.48918
0.86164
0.89585
0.89392
0.89631
0.89833
0.886
0.86903
0.72552
0.83084
0.82803
0.82123
0.82819
0.82292
0.81536
0.8189
0.80732
0.80402
0.82596
0.84825
0.83109
0.79653
0.80662
0.80675
0.85743
0.84372
0.82932
0.81676
0.80258
0.83506
0.69704
0.80611
0.8125
0.86006
0.86669
0.86429
0.87093
0.85293
0.82929
0.86428
0.89679
0.9104
0.89508
0.81485
0.68273
0.59367
0.78783
0.85235
0.89689
0.91356
0.8945
0.87987
0.86667
0.86234
0.86817
0.87871
0.8972
0.88647
0.88896
0.87598
0.8696
0.8742
0.87581
0.87344
0.89106
0.89913
0.8886
0.88503
0.87482
0.88534
0.89043
0.88637
0.74125
0.73109
0.65735
0.84724
0.85657
0.85242
0.85147
0.85369
0.87154
0.86522
0.84526
0.78658
0.6972
0.6725
0.68433
0.72319
0.55625
0.45642
0.39689
0.37344
0.36206
0.3753
0.38855
0.44463
0.47827
0.38466
0.30026
0.26659
0.3274
0.42735
0.91887
0.91356
0.91498
0.90594
0.90628
0.89923
0.89496
0.88633
0.87972
0.87531
0.87368
0.87878
0.87107
0.86362
0.86953
0.86239
0.86489
0.88
0.89795
0.89896
0.89754
0.89895
0.89881
0.89868
0.8988
0.89788
0.90277
0.90676
0.89663
0.88632
0.88836
0.88233
0.90049
0.915
0.92268
0.92207
0.91381
0.90172
0.89539
0.88656
0.87764
0.87629
0.87775
0.87004
0.86803
0.76328
0.6962
0.69293
0.67233
0.60197
0.58352
0.56226
0.5005
0.4455
0.44306
0.44702
0.5672
0.55734
0.81383
0.86846
0.8963
0.90408
0.7887
0.75525
0.728
0.63972
0.5819
0.65047
0.72612
0.72926
0.88851
0.91567
0.91774
0.91462
0.92587
0.91041
0.89719
0.89815
0.86072
0.83525
0.8297
0.82051
0.82243
0.82579
0.81696
0.79953
0.78578
0.79211
0.80414
0.80929
0.8048
0.78867
0.74414
0.71669
0.62501
0.5085
0.36608
0.29839
0.27664
0.28727
0.29769
0.29356
0.26661
0.27476
0.28327
0.32014
0.40295
0.67124
0.84033
0.84179
0.84516
0.84316
0.8438
0.84097
0.84749
0.85387
0.84631
0.83849
0.83714
0.83183
0.8199
0.81505
0.82718
0.81701
0.79084
0.76316
0.78687
0.78811
0.79078
0.78458
0.73841
0.74459
0.80955
0.7771
0.77813
0.77872
0.78593
0.78158
0.69157
0.69989
0.73717
0.63002
0.55641
0.55855
0.6982
0.7323
0.78804
0.80521
0.79971
0.78318
0.77702
0.77318
0.76716
0.76841
0.78811
0.76966
0.70765
0.78443
0.81336
0.81874
0.80969
0.8398
0.86805
0.87504
0.85095
0.80042
0.80873
0.85514
0.86162
0.89039
0.88185
0.83618
0.63571
0.6307
0.61793
0.50875
0.46227
0.43324
0.58943
0.78994
0.87821
0.90449
0.8779
0.26837
0.092136
0.039453
0.15765
0.51596
0.4739
0.15332
0.18789
0.25006
0.30041
0.34389
0.35695
0.32157
0.27892
0.3183
0.3635
0.36446
0.37388
0.50814
0.63659
0.71458
0.65672
0.48823
0.50306
0.55648
0.52856
0.49411
0.53502
0.55308
0.62641
0.61353
0.60455
0.63747
0.62457
0.57741
0.47655
0.41771
0.39568
0.41439
0.40813
0.4651
0.50127
0.56527
0.53816
0.48089
0.48824
0.54633
0.64956
0.6593
0.63253
0.53204
0.49352
0.42049
0.2584
0.23377
0.20949
0.20541
0.19113
0.18759
0.19172
0.19989
0.20545
0.20478
0.21039
0.25537
0.3336
0.40428
0.50523
0.60728
0.63867
0.60399
0.61095
0.55754
0.58649
0.65028
0.67828
0.71364
0.69608
0.71894
0.73973
0.72793
0.73919
0.74134
0.75707
0.76392
0.75259
0.7489
0.75494
0.76088
0.76653
0.76887
0.77419
0.77128
0.72447
0.48986
0.49858
0.49566
0.49674
0.48287
0.33205
0.33929
0.29651
0.28498
0.30749
0.30518
0.29682
0.29962
0.32192
0.30795
0.37335
0.4584
0.70406
0.71374
0.72943
0.7443
0.76581
0.77227
0.77609
0.77705
0.78575
0.77891
0.77501
0.77102
0.79493
0.79637
0.79213
0.79601
0.79674
0.75757
0.78122
0.78605
0.78797
0.80788
0.79816
0.80888
0.81249
0.81742
0.8407
0.85258
0.85299
0.85884
0.85931
0.8604
0.86392
0.86601
0.8415
0.8211
0.83127
0.83205
0.82157
0.82152
0.83404
0.82947
0.81215
0.78574
0.79444
0.78979
0.77184
0.7593
0.57116
0.41499
0.73824
0.7825
0.80637
0.8259
0.80857
0.80011
0.77509
0.77137
0.76856
0.7661
0.75415
0.73877
0.75899
0.70999
0.67741
0.73713
0.77173
0.78254
0.75169
0.75088
0.74609
0.7433
0.744
0.73739
0.72175
0.71946
0.71969
0.71571
0.71366
0.70253
0.75752
0.77545
0.81166
0.82075
0.82158
0.83662
0.83644
0.83239
0.82491
0.80049
0.76802
0.75004
0.75957
0.75605
0.75612
0.73365
0.74929
0.75215
0.75614
0.76164
0.74982
0.76086
0.70548
0.24953
0.26025
0.74616
0.755
0.75252
0.75425
0.76179
0.47034
0.46506
0.62448
0.18468
0.78182
0.77414
0.78914
0.7994
0.79475
0.77751
0.75541
0.74615
0.72219
0.70912
0.70506
0.70493
0.69532
0.68371
0.65344
0.51918
0.47039
0.39086
0.29285
0.27355
0.2592
0.2291
0.19256
0.16172
0.131
0.1357
0.15221
0.41443
0.56594
0.61457
0.71325
0.71421
0.61615
0.49829
0.4365
0.45633
0.49267
0.54713
0.49479
0.41791
0.37408
0.35102
0.44619
0.43149
0.47672
0.43577
0.39391
0.43417
0.71765
0.73465
0.71221
0.73337
0.79091
0.77619
0.77358
0.72739
0.72678
0.70965
0.71786
0.71447
0.71508
0.71215
0.71147
0.7113
0.72849
0.56107
0.46839
0.38806
0.19107
0.082895
0.069475
0.073922
0.091238
0.097995
0.19775
0.26989
0.49904
0.70308
0.75545
0.76137
0.77059
0.75194
0.75735
0.75498
0.75003
0.75617
0.69849
0.62276
0.48778
0.43578
0.35904
0.46932
0.43217
0.33272
0.23138
0.15318
0.084067
0.073474
0.10539
0.098286
0.16338
0.17513
0.53716
0.66382
0.71777
0.7288
0.73546
0.7509
0.75825
0.76463
0.77151
0.78029
0.78438
0.78545
0.7845
0.78534
0.7832
0.78735
0.78728
0.78651
0.77837
0.75665
0.72629
0.75804
0.73927
0.75079
0.7488
0.75464
0.75074
0.7128
0.75984
0.56055
0.41829
0.38755
0.32751
0.70732
0.72553
0.74272
0.76522
0.79264
0.78851
0.78889
0.7903
0.78955
0.79364
0.80424
0.79769
0.80001
0.79553
0.77229
0.7467
0.7476
0.78159
0.78578
0.78011
0.77476
0.76734
0.77122
0.77705
0.76728
0.78395
0.80182
0.79316
0.75656
0.61674
0.6865
0.72799
0.59
0.55179
0.70063
0.73119
0.75381
0.77643
0.77925
0.7456
0.73805
0.73746
0.71437
0.6993
0.71066
0.70066
0.72571
0.7337
0.75065
0.7923
0.81378
0.82156
0.82702
0.81658
0.80758
0.79229
0.79123
0.78967
0.789
0.79662
0.79294
0.7863
0.78798
0.76884
0.75567
0.74626
0.74064
0.7238
0.71546
0.72293
0.71828
0.71378
0.70462
0.69023
0.67765
0.69226
0.69234
0.69715
0.71531
0.73084
0.75118
0.75294
0.77466
0.79389
0.78347
0.77034
0.78169
0.78427
0.7998
0.79642
0.78882
0.77151
0.7735
0.75691
0.73419
0.74797
0.75729
0.74255
0.744
0.75359
0.74511
0.72802
0.73754
0.74483
0.73457
0.72739
0.73095
0.73617
0.73298
0.73543
0.73081
0.75225
0.7536
0.7453
0.77475
0.78311
0.76798
0.66292
0.45136
0.30398
0.23064
0.18149
0.17176
0.21152
0.35441
0.70146
0.74466
0.7477
0.69099
0.41692
0.44333
0.52331
0.72972
0.77811
0.77839
0.78045
0.7782
0.78981
0.78913
0.7786
0.80471
0.82651
0.82211
0.80681
0.82895
0.81633
0.80242
0.82334
0.83057
0.8207
0.82309
0.81601
0.81961
0.83996
0.81283
0.82064
0.81878
0.8153
0.81499
0.69863
0.80162
0.80864
0.78972
0.78014
0.7694
0.76438
0.74257
0.72451
0.69864
0.56611
0.5575
0.69097
0.71037
0.70811
0.66708
0.67819
0.68254
0.68129
0.67598
0.67119
0.75405
0.6923
0.71201
0.73553
0.74923
0.75122
0.75717
0.73895
0.76348
0.74881
0.72071
0.71382
0.68954
0.7467
0.70624
0.73571
0.7645
0.76544
0.78648
0.7945
0.79973
0.74506
0.72143
0.75477
0.73374
0.7197
0.30616
0.34134
0.48583
0.75943
0.86497
0.80172
0.82633
0.82753
0.83407
0.86288
0.86305
0.86327
0.84638
0.84101
0.84194
0.82997
0.81821
0.8363
0.86808
0.85972
0.85906
0.85699
0.85773
0.83866
0.82804
0.83612
0.83465
0.83058
0.81425
0.79953
0.79857
0.80807
0.80054
0.78398
0.80838
0.81491
0.83506
0.85374
0.85927
0.83073
0.82514
0.80316
0.79839
0.80367
0.82681
0.84702
0.84517
0.84838
0.83548
0.83149
0.82867
0.82406
0.82158
0.81136
0.8074
0.74371
0.74175
