0.65869
0.65747
0.65381
0.65221
0.65152
0.64655
0.64173
0.62992
0.62184
0.61456
0.61002
0.60259
0.59408
0.6058
0.62909
0.6302
0.62514
0.62288
0.62908
0.63286
0.63046
0.63075
0.62938
0.63253
0.62346
0.61057
0.62486
0.63799
0.65564
0.68642
0.70197
0.69108
0.68099
0.70321
0.68554
0.68744
0.70062
0.68076
0.6654
0.64701
0.66586
0.67637
0.66343
0.6617
0.6639
0.65274
0.64426
0.65268
0.67255
0.65669
0.64211
0.6626
0.65016
0.64065
0.61458
0.55362
0.49838
0.35567
0.63853
0.65269
0.66841
0.67666
0.69084
0.68791
0.72335
0.77389
0.76733
0.76044
0.75554
0.75876
0.73476
0.72557
0.71848
0.71341
0.72614
0.71491
0.75539
0.77254
0.78365
0.78809
0.78973
0.77911
0.75153
0.73106
0.73529
0.67141
0.54637
0.59983
0.53457
0.51057
0.73907
0.78558
0.79619
0.80628
0.81134
0.85179
0.86868
0.85067
0.84266
0.80871
0.782
0.75619
0.74449
0.63879
0.6075
0.60589
0.70539
0.8218
0.8349
0.80589
0.74313
0.63401
0.64944
0.63896
0.62609
0.61345
0.60144
0.63735
0.64994
0.63138
0.62571
0.64012
0.64874
0.66946
0.67811
0.67211
0.67778
0.67779
0.65895
0.65267
0.64079
0.61032
0.47075
0.30366
0.15291
0.2255
0.30213
0.47372
0.72359
0.75182
0.7952
0.82649
0.84656
0.83938
0.83192
0.83429
0.84841
0.84776
0.83448
0.82669
0.84675
0.83811
0.83677
0.81195
0.79273
0.77253
0.77795
0.78187
0.52425
0.68028
0.78723
0.80776
0.81081
0.80724
0.80752
0.80746
0.80099
0.76526
0.75446
0.72468
0.4451
0.37483
0.51672
0.74747
0.76822
0.76711
0.77266
0.75554
0.75294
0.76213
0.75309
0.73942
0.73849
0.74259
0.74011
0.69314
0.6874
0.67351
0.67783
0.68164
0.69315
0.67961
0.68113
0.68649
0.68528
0.66603
0.66525
0.66728
0.6669
0.6599
0.6587
0.66057
0.66977
0.67335
0.68069
0.69101
0.68298
0.67943
0.63969
0.63432
0.67265
0.69052
0.72106
0.76772
0.76552
0.76634
0.7549
0.7267
0.72322
0.7575
0.76107
0.74441
0.73923
0.76707
0.77826
0.77483
0.78219
0.79229
0.77046
0.76531
0.67376
0.57514
0.35416
0.15318
0.17953
0.18658
0.25079
0.28679
0.26709
0.19084
0.13636
0.072253
0.078459
0.32761
0.52709
0.69726
0.85871
0.688
0.66378
0.6801
0.68682
0.69125
0.72211
0.7269
0.70833
0.69176
0.6872
0.69904
0.71849
0.74219
0.76014
0.76173
0.76016
0.76198
0.78135
0.78566
0.78954
0.78316
0.78686
0.76929
0.76131
0.7564
0.74135
0.72876
0.73391
0.56195
0.39731
0.76992
0.77195
0.79873
0.81766
0.83073
0.862
0.8612
0.7269
0.87043
0.89241
0.89786
0.88483
0.88582
0.89831
0.89787
0.90804
0.89227
0.78814
0.82817
0.86897
0.90827
0.93563
0.93557
0.86
0.85837
0.85207
0.88039
0.8655
0.84952
0.80741
0.78055
0.73939
0.64637
0.43292
0.32504
0.25953
0.34904
0.52038
0.65565
0.5988
0.44427
0.84768
0.86246
0.86805
0.89477
0.88724
0.90124
0.91766
0.92708
0.90514
0.92314
0.92609
0.92165
0.89012
0.87334
0.87667
0.8444
0.74214
0.60107
0.52308
0.40898
0.45731
0.5602
0.5904
0.78203
0.76281
0.7537
0.74351
0.71294
0.6893
0.68096
0.68936
0.68829
0.71563
0.67752
0.64231
0.54244
0.46337
0.35442
0.48768
0.75788
0.76311
0.77781
0.79427
0.80542
0.81152
0.81465
0.81922
0.80861
0.76975
0.7272
0.71512
0.70882
0.74546
0.7718
0.65363
0.71277
0.71414
0.66691
0.65767
0.69139
0.68587
0.67957
0.69838
0.70944
0.63441
0.53732
0.4137
0.26474
0.26789
0.37447
0.46847
0.51832
0.47894
0.48419
0.53701
0.80338
0.80493
0.79381
0.79662
0.80696
0.81095
0.81049
0.81007
0.81673
0.81361
0.80234
0.82115
0.8205
0.81597
0.81918
0.82107
0.81889
0.81518
0.81632
0.81985
0.82383
0.81641
0.8169
0.81056
0.78263
0.78976
0.8014
0.80685
0.78733
0.75826
0.7462
0.72661
0.67392
0.68026
0.66375
0.68233
0.68551
0.6731
0.66189
0.60002
0.47111
0.4086
0.54898
0.47871
0.4343
0.45629
0.48725
0.48008
0.47462
0.51563
0.53706
0.58324
0.5855
0.49055
0.64511
0.65105
0.60018
0.60123
0.42757
0.44818
0.70098
0.71142
0.72211
0.71748
0.71967
0.72889
0.73474
0.7498
0.74381
0.73371
0.73484
0.76595
0.78514
0.78529
0.78581
0.79788
0.79882
0.78971
0.79385
0.76542
0.74916
0.72126
0.70154
0.68729
0.66973
0.65683
0.64372
0.6385
0.63607
0.63626
0.63343
0.63556
0.65099
0.64971
0.63737
0.64174
0.65752
0.65392
0.66324
0.6811
0.68609
0.68619
0.67418
0.56951
0.36844
0.2538
0.21578
0.2334
0.26186
0.28932
0.2828
0.29653
0.36099
0.77042
0.78808
0.8231
0.83133
0.82663
0.79858
0.78908
0.79047
0.79
0.79665
0.81381
0.81929
0.81437
0.80643
0.78148
0.79226
0.74489
0.70841
0.75509
0.76582
0.73941
0.72014
0.73469
0.73546
0.73152
0.75998
0.77719
0.77782
0.75322
0.72984
0.69546
0.49052
0.25272
0.11476
0.080409
0.079129
0.068755
0.05942
0.05954
0.055315
0.0592
0.060096
0.066664
0.098798
0.3004
0.58072
0.75293
0.78655
0.79927
0.8017
0.77756
0.74213
0.49184
0.29236
0.24985
0.22066
0.1764
0.17564
0.2355
0.28346
0.31341
0.36206
0.3946
0.39922
0.36851
0.31668
0.30649
0.30972
0.31216
0.34665
0.41183
0.5538
0.57158
0.63835
0.80502
0.83046
0.83232
0.82678
0.82245
0.82208
0.78747
0.74566
0.77042
0.81385
0.79554
0.7761
0.72968
0.7282
0.68313
0.68557
0.71585
0.72322
0.72436
0.71865
0.71212
0.70747
0.70674
0.693
0.60595
0.73155
0.72662
0.71943
0.74223
0.74406
0.74686
0.7644
0.73805
0.70922
0.70652
0.65983
0.65294
0.65674
0.64699
0.64912
0.63745
0.64408
0.6361
0.63003
0.64301
0.64278
0.65022
0.66856
0.66839
0.66922
0.581
0.66083
0.58963
0.64925
0.59749
0.31587
0.20465
0.30043
0.44377
0.74038
0.78522
0.78214
0.77963
0.7892
0.79028
0.78323
0.78918
0.78147
0.78324
0.78529
0.78734
0.80295
0.83505
0.85354
0.85425
0.86894
0.89816
0.90728
0.93336
0.92906
0.93069
0.93985
0.92392
0.92288
0.91721
0.86038
0.83079
0.83002
0.83457
0.8346
0.80136
0.79084
0.78063
0.80008
0.79525
0.80203
0.75119
0.8024
0.80394
0.78837
0.79535
0.79124
0.79485
0.81186
0.82819
0.8385
0.82986
0.82209
0.8165
0.81416
0.81104
0.81688
0.82143
0.80737
0.79774
0.77849
0.75845
0.74796
0.75511
0.66059
0.56953
0.53361
0.46531
0.36447
0.28037
0.29556
0.46168
0.6954
0.77879
0.83109
0.82307
0.80089
0.81037
0.78435
0.75284
0.76217
0.84542
0.84908
0.85462
0.78538
0.76961
0.81135
0.84379
0.84199
0.83318
0.82558
0.81613
0.80844
0.78887
0.78601
0.7969
0.80593
0.80399
0.81839
0.81806
0.80666
0.78586
0.76849
0.78181
0.79131
0.78657
0.78715
0.7834
0.77593
0.75405
0.71661
0.73464
0.76565
0.78991
0.79508
0.74628
0.73888
0.72557
0.71768
0.71037
0.72958
0.76834
0.79166
0.78174
0.75925
0.71261
0.66231
0.55706
0.77477
0.60841
0.57783
0.56247
0.51013
0.49028
0.53242
0.5369
0.54209
0.55002
0.5442
0.51266
0.46157
0.43954
0.45853
0.49354
0.79733
0.82475
0.8267
0.82081
0.79235
0.77871
0.78024
0.75172
0.77398
0.83159
0.82374
0.83213
0.83583
0.8335
0.82135
0.81629
0.81669
0.81972
0.82379
0.83052
0.83176
0.83646
0.83671
0.8327
0.83834
0.83015
0.84902
0.79345
0.76025
0.74116
0.72026
0.70162
0.70601
0.68382
0.65153
0.65987
0.62653
0.54561
0.53577
0.5532
0.53013
0.56297
0.65483
0.73134
0.70731
0.69482
0.68872
0.68599
0.69684
0.70906
0.71868
0.72681
0.72352
0.71256
0.70461
0.71252
0.73663
0.75835
0.72694
0.68264
0.59259
0.48584
0.47552
0.5975
0.37244
0.40387
0.43801
0.47772
0.65511
0.78133
0.80488
0.82163
0.86122
0.84567
0.82442
0.823
0.88601
0.86508
0.87425
0.88946
0.90533
0.90646
0.91218
0.91803
0.91195
0.91331
0.92374
0.92587
0.93136
0.92822
0.92539
0.92676
0.91973
0.92122
0.91589
0.92036
0.93528
0.94643
0.89794
0.92979
0.93367
0.9337
0.93307
0.93252
0.93101
0.90424
0.89988
0.94747
0.94889
0.94826
0.95068
0.9634
0.97158
0.91626
0.89642
0.88813
0.9252
0.94184
0.9349
0.92758
0.94119
0.92803
0.95451
0.93906
0.92781
0.89284
0.92689
0.94548
0.96015
0.92679
0.92978
0.86027
0.9153
0.91642
0.9166
0.90051
0.85587
0.80931
0.83754
0.8761
0.85558
0.85587
0.87299
0.86594
0.82917
0.77903
0.75216
0.80451
0.82298
0.79906
0.82353
0.87183
0.9062
0.92011
0.92627
0.92367
0.91573
0.88022
0.91369
0.85448
0.87891
0.89993
0.92665
0.93196
0.91229
0.88725
0.89954
0.88545
0.92216
0.90414
0.85196
0.93877
0.92829
0.92441
0.92014
0.89605
0.91179
0.88261
0.87354
0.92621
0.92454
0.91366
0.90944
0.9064
0.90363
0.87776
0.88277
0.87505
0.87251
0.89276
0.89025
0.89735
0.8827
0.83391
0.80708
0.91467
0.88671
0.88802
0.88383
0.87803
0.88699
0.84729
0.76199
0.90901
0.88969
0.89649
0.89551
0.86995
0.84151
0.82027
0.78173
0.77626
0.67434
0.51527
0.34333
0.21766
0.15367
0.30554
0.59668
0.86321
0.86019
0.85129
0.85838
0.85446
0.86622
0.8536
0.8825
0.8649
0.84855
0.83592
0.84313
0.83521
0.84716
0.66684
0.606
0.7353
0.78741
0.82501
0.79417
0.79739
0.83454
0.80705
0.83153
0.849
0.86208
0.82956
0.80074
0.81379
0.84705
0.85705
0.86613
0.87399
0.8538
0.8252
0.78462
0.81422
0.85842
0.83516
0.86449
0.85928
0.86427
0.81859
0.64114
0.55245
0.83205
0.85957
0.86443
0.86911
0.83684
0.84046
0.83683
0.8367
0.86288
0.86933
0.78075
0.75931
0.85192
0.85961
0.85824
0.88114
0.87587
0.8288
0.75434
0.82373
0.80987
0.80153
0.78128
0.7625
0.76248
0.73647
0.73319
0.76277
0.7426
0.77208
0.65508
0.39709
0.21048
0.18912
0.30022
0.30675
0.28726
0.36087
0.77364
0.79269
0.8471
0.88798
0.8973
0.90944
0.90383
0.89047
0.88233
0.87412
0.88057
0.88868
0.87716
0.87821
0.86459
0.87111
0.86696
0.8729
0.89563
0.87168
0.8426
0.84878
0.84351
0.83474
0.47242
0.60809
0.81079
0.88674
0.89672
0.90429
0.89238
0.89135
0.89136
0.88102
0.8678
0.85716
0.86018
0.87816
0.86915
0.82628
0.79624
0.80569
0.84883
0.85251
0.86304
0.87933
0.86243
0.85034
0.84299
0.85282
0.86389
0.67411
0.71762
0.71319
0.67936
0.68127
0.67236
0.73437
0.71999
0.68151
0.88495
0.86148
0.76538
0.78293
0.78922
0.80168
0.88059
0.84707
0.86269
0.88089
0.85472
0.85432
0.83968
0.84673
0.85067
0.8034
0.82078
0.84867
0.84505
0.85537
0.86283
0.8658
0.88502
0.8967
0.90621
0.90657
0.89664
0.89367
0.8849
0.89682
0.91407
0.91846
0.90935
0.93278
0.92871
0.90806
0.89889
0.90342
0.92501
0.90389
0.8753
0.88046
0.91026
0.89953
0.90619
0.90994
0.87496
0.77922
0.78843
0.70426
0.71818
0.77828
0.79996
0.84873
0.92353
0.825
0.76556
0.77991
0.83716
0.85388
0.84139
0.84483
0.80738
0.82624
0.83054
0.88605
0.91621
0.9207
0.89961
0.90889
0.90219
0.78163
0.88468
0.90359
0.92457
0.89908
0.88855
0.8811
0.90406
0.75271
0.72746
0.69864
0.89984
0.89051
0.8884
0.87385
0.85959
0.84652
0.85378
0.87281
0.87354
0.87283
0.866
0.86756
0.87159
0.85981
0.86796
0.89102
0.89758
0.89338
0.88073
0.85252
0.8644
0.80468
0.79248
0.7609
0.84144
0.84373
0.85615
0.88535
0.8819
0.84913
0.87221
0.70811
0.7938
0.87608
0.85177
0.85109
0.64885
0.64713
0.65327
0.67628
0.74992
0.77804
0.76875
0.7491
0.8229
0.8837
0.87891
0.88599
0.87427
0.86894
0.86047
0.8592
0.86433
0.8623
0.85533
0.87449
0.8732
0.84386
0.84552
0.8655
0.86377
0.86398
0.8675
0.90002
0.89856
0.89022
0.86314
0.87841
0.87975
0.77575
0.81873
0.85803
0.85291
0.87997
0.86851
0.85823
0.34119
0.34872
0.43368
0.51914
0.47277
0.34385
0.40647
0.63141
0.55007
0.7241
0.69795
0.76013
0.84098
0.83452
0.81446
0.81076
0.73225
0.70751
0.60358
0.63046
0.67291
0.85165
0.86096
0.8882
0.90294
0.8569
0.87248
0.89808
0.89993
0.88608
0.87896
0.86527
0.86088
0.84312
0.85814
0.86874
0.8649
0.86317
0.85861
0.86564
0.86971
0.87635
0.87985
0.88065
0.86556
0.8584
0.85654
0.86463
0.87505
0.85607
0.8849
0.88492
0.87297
0.85805
0.85548
0.86688
0.88591
0.88627
0.91195
0.92657
0.90626
0.89212
0.88588
0.89764
0.89635
0.82025
0.72167
0.7799
0.86454
0.86739
0.91698
0.92502
0.90559
0.89133
0.89099
0.91525
0.90205
0.90331
0.90924
0.91897
0.9199
0.92219
0.95874
0.96398
0.98216
0.97103
0.96123
0.9388
0.94196
0.91233
0.93526
0.85716
0.90779
0.88957
0.87626
0.87479
0.8607
0.83938
0.84111
0.85378
0.90483
0.87578
0.71611
0.38784
0.20158
0.84084
0.99425
0.99973
0.95843
0.94914
0.94952
0.97381
0.98894
0.98611
0.9524
0.90311
0.88932
0.90498
0.89654
0.89726
0.89095
0.87601
0.85263
0.85825
0.87018
0.80544
0.47909
0.26487
0.2617
0.39677
0.45881
0.50136
0.53358
0.73417
0.923
0.94149
0.92269
0.90955
0.91422
0.93004
0.92408
0.92576
0.91911
0.91864
0.88238
0.52847
0.58415
0.90155
0.88027
0.88219
0.88158
0.86884
0.85915
0.79683
0.85722
0.86201
0.87833
0.86256
0.86078
0.87033
0.84514
0.71378
0.70619
0.83475
0.86626
0.84733
0.8736
0.86621
0.84643
0.82523
0.84733
0.87845
0.87391
0.84811
0.81225
0.85552
0.8939
0.87271
0.8907
0.90189
0.91527
0.90815
0.90458
0.91013
0.86691
0.73268
0.68607
0.57079
0.68974
0.57388
0.66678
0.93386
0.9601
0.97738
0.99813
1.0003
0.99859
0.92756
0.90689
0.90156
0.87169
0.86339
0.90604
0.91406
0.89232
0.88415
0.87469
0.86389
0.83829
0.80843
0.83603
0.86961
0.86783
0.84963
0.83089
0.83639
0.85057
0.81092
0.80096
0.80463
0.81924
0.85512
0.86225
0.87216
0.79262
0.62904
0.5338
0.34779
0.23489
0.24365
0.36573
0.88009
0.92959
0.82868
0.93784
0.96882
0.97207
0.96326
0.94302
0.93514
0.9612
0.90252
0.88436
0.87949
0.92971
0.93612
0.95822
0.9618
0.96504
0.97935
0.99226
0.9917
0.98641
0.98963
0.99331
0.98782
1.0005
1.0001
0.99652
0.98817
0.995
0.99506
0.99268
0.98979
0.98106
0.99065
0.98944
0.98917
0.9678
0.93432
0.89151
0.9089
0.87072
0.71971
0.63986
0.54998
0.61017
0.67134
0.47389
0.59446
0.93225
0.96489
0.9727
0.98551
0.98706
0.99972
0.99586
0.99119
0.99757
0.99839
0.99858
1.0007
0.98894
0.98645
0.97286
0.95172
0.93449
0.91452
0.91656
0.93526
0.93194
0.92799
0.91356
0.92471
0.92676
0.93465
0.94515
0.92861
0.78271
0.92139
0.85726
0.67813
0.51491
0.52802
0.52302
0.62737
0.62619
0.71068
0.79149
0.74536
0.76831
0.79829
0.68105
0.90788
0.9528
0.9444
0.94484
0.93172
0.90244
0.78926
0.8753
0.87643
0.87816
0.88053
0.8509
0.77515
0.77784
0.75346
0.85357
0.92348
0.92061
0.91461
0.90817
0.8962
0.90108
0.6957
0.65139
0.73839
0.88143
0.89253
0.9191
0.92772
0.90628
0.79131
0.82835
0.83308
0.87833
0.82291
0.77019
0.84886
0.90004
0.95233
0.87753
0.88107
0.94546
0.93813
0.92936
0.92575
0.93354
0.91253
0.91411
0.87375
0.91659
0.90953
0.90396
0.90475
0.89972
0.83675
0.77823
0.74748
0.86916
0.76434
0.64148
0.71197
0.80827
0.83568
0.80342
0.72983
0.56201
0.47195
0.41323
0.45298
0.57909
0.71327
0.84849
0.85186
0.93007
0.92655
0.92273
0.92334
0.9259
0.88717
0.91018
0.93054
0.95044
0.93079
0.92774
0.90934
0.7027
0.82609
0.8782
0.94757
0.94302
0.93378
0.92599
0.92951
0.91031
0.77354
0.74012
0.87787
0.88196
0.86201
0.84305
0.83219
0.84302
0.78606
0.79012
0.76292
0.84556
0.81244
0.71331
0.66832
0.86642
0.7862
0.83384
0.87023
0.86967
0.86143
0.85478
0.85205
0.82054
0.77449
0.76982
0.73432
0.59032
0.58314
0.4614
0.82179
0.91654
0.93111
0.92413
0.93505
0.93063
0.93098
0.91506
0.89516
0.87449
0.87198
0.88137
0.89493
0.88549
0.69127
0.54349
0.46125
0.45831
0.92388
0.94867
0.94811
0.94179
0.96017
0.95409
0.95956
0.9332
0.89668
0.84839
0.83585
0.87001
0.88676
0.87466
0.49983
0.31957
0.35016
0.50673
0.59559
0.83248
0.89297
0.90247
0.90593
0.91348
0.8774
0.91497
0.91773
0.91821
0.91185
0.90065
0.91303
0.92248
0.80811
0.59751
0.63555
0.69353
0.75066
0.79417
0.78481
0.89468
0.91533
0.90192
0.92903
0.92811
0.93504
0.94387
0.9505
0.96241
0.95847
0.89174
0.87317
0.93402
0.92303
0.91224
0.91186
0.93717
0.92648
0.93512
0.90867
0.92743
0.90918
0.90075
0.91401
0.92396
0.91664
0.92187
0.93164
0.93047
0.94187
0.94833
0.95151
0.8933
0.89024
0.85209
0.90634
0.89093
0.864
0.85075
0.84212
0.81982
0.81002
0.82608
0.84061
0.83028
0.82373
0.83362
0.83077
0.81918
0.7317
0.65033
0.638
0.72598
0.73531
0.72446
0.8202
0.82213
0.58495
0.54409
0.28724
0.24548
0.26149
0.24969
0.20453
0.30024
0.41654
0.53176
0.62651
0.75918
0.68958
0.86827
0.87037
0.88686
0.90457
0.88847
0.87485
0.88135
0.87381
0.87636
0.86463
0.88278
0.87091
0.89057
0.91074
0.89855
0.8932
0.87265
0.85566
0.84381
0.80839
0.81465
0.85102
0.86322
0.80818
0.82291
0.85855
0.87657
0.75784
0.82234
0.77583
0.84881
0.82839
0.82223
0.8177
0.78591
0.74273
0.80705
0.79702
0.83577
0.84461
0.83587
0.82804
0.82401
0.81455
0.79563
0.77246
0.8593
0.85012
0.80285
0.74577
0.69915
0.65492
0.63815
0.58878
0.54099
0.48001
0.43426
0.42115
0.43346
0.4705
0.53565
0.5824
0.60901
0.6771
0.78106
0.76708
0.8016
0.84032
0.80994
0.85169
0.83332
0.82535
0.82037
0.81952
0.83585
0.8506
0.83102
0.83638
0.80884
0.79441
0.78825
0.79205
0.81338
0.84367
0.7805
0.78388
0.7794
0.77048
0.75883
0.75066
0.77027
0.79848
0.83006
0.82417
0.78273
0.76247
0.75499
0.74301
0.76369
0.76679
0.73758
0.77888
0.79697
0.77521
0.77574
0.79111
0.82058
0.83841
0.85513
0.85065
0.8508
0.86551
0.86153
0.86033
0.85423
0.86284
0.86473
0.86243
0.86313
0.86409
0.85611
0.85909
0.87023
0.87835
0.8638
0.8756
0.87647
0.87947
0.88159
0.87953
0.89209
0.89499
0.89725
0.8905
0.88496
0.88461
0.88416
0.8814
0.88552
0.89358
0.88712
0.88757
0.88621
0.88471
0.88934
0.88805
0.8852
0.88915
0.8896
0.89389
0.89051
0.88813
0.8871
0.90093
0.90648
0.92725
0.94053
0.93189
0.92777
0.92446
0.92183
0.9095
0.91683
0.92261
0.91904
0.90776
0.88424
0.8937
0.88694
0.88791
0.8911
0.89687
0.89649
0.88326
0.88476
0.90301
0.91791
0.91257
0.91559
0.91004
0.91096
0.90986
0.89547
0.88532
0.88072
0.87361
0.88845
0.89988
0.90691
0.91322
0.90582
0.88981
0.88777
0.88408
0.88002
0.87772
0.87365
0.86854
0.85843
0.85437
0.85061
0.83094
0.81563
0.83419
0.84617
0.8363
0.81651
0.82877
0.8259
0.82871
0.8424
0.86752
0.87257
0.85859
0.83794
0.82832
0.81953
0.81199
0.82417
0.85446
0.86992
0.84079
0.84063
0.83013
0.82483
0.81856
0.82506
0.85245
0.86368
0.83377
0.8015
0.80796
0.81062
0.70602
0.59385
0.52901
0.52658
0.53505
0.58687
0.42147
0.16979
0.058636
0.061622
0.074175
0.2877
0.85602
0.87255
0.88183
0.8955
0.90928
0.94449
0.95342
0.95693
0.96585
0.97572
0.96204
0.93018
0.90894
0.88417
0.86735
0.87464
0.85297
0.86384
0.85816
0.84524
0.85905
0.84617
0.81942
0.8068
0.84997
0.80408
0.79144
0.79669
0.79066
0.79021
0.52428
0.37816
0.35012
0.53448
0.82744
0.82111
0.82354
0.83558
0.86586
0.86845
0.85549
0.8403
0.83641
0.83718
0.82169
0.84344
0.85474
0.86182
0.82678
0.82663
0.84397
0.76344
0.60314
0.61358
0.845
0.71683
0.56267
0.82226
0.82799
0.82658
0.83355
0.83928
0.8481
0.84896
0.83995
0.8646
0.84701
0.85399
0.84882
0.82706
0.69557
0.85067
0.84852
0.84899
0.84022
0.722
0.66637
0.6244
0.6768
0.65045
0.82765
0.83529
0.83497
0.82423
0.80202
0.80168
0.8328
0.83648
0.82231
0.83018
0.83343
0.82939
0.8342
0.8371
0.84036
0.84745
0.85261
0.85884
0.86138
0.85765
0.85595
0.85042
0.85425
0.8597
0.85493
0.83761
0.84196
0.84727
0.78642
0.82984
0.81897
0.82075
0.81973
0.82119
0.80302
0.80198
0.76949
0.705
0.78838
0.80861
0.81187
0.8351
0.83675
0.8359
0.82733
0.81837
0.81559
0.80879
0.77984
0.78058
0.79487
0.76928
0.66537
0.73824
0.80677
0.81949
0.81476
0.80905
0.79304
0.79297
0.76235
0.76533
0.79257
0.79688
0.79094
0.78396
0.75851
0.72735
0.76979
0.63896
0.66119
0.6619
0.68223
0.68493
0.63268
0.53127
0.4177
0.31146
0.48999
0.79206
0.79664
0.80493
0.81234
0.80358
0.81276
0.79674
0.80763
0.82517
0.82587
0.82374
0.80065
0.79354
0.80457
0.80379
0.79073
0.77237
0.75363
0.75372
0.75895
0.75421
0.73407
0.55659
0.46512
0.32715
0.22619
0.16389
0.14484
0.15547
0.16803
0.21788
0.45725
0.80379
0.81014
0.80807
0.80692
0.80744
0.80562
0.80657
0.80702
0.79801
0.76893
0.73209
0.70861
0.73817
0.73487
0.71
0.57325
0.36821
0.24087
0.24737
0.7467
0.75826
0.78738
0.81987
0.84229
0.8305
0.82886
0.82029
0.83675
0.80182
0.78992
0.78675
0.77832
0.79323
0.77448
0.75973
0.75192
0.75409
0.75313
0.75464
0.75703
0.77119
0.75751
0.74027
0.6032
0.31327
0.1879
0.13389
0.17305
0.7509
0.76908
0.79129
0.80113
0.81764
0.82673
0.83395
0.85412
0.83292
0.80656
0.77867
0.75774
0.76494
0.766
0.76801
0.78722
0.79906
0.79585
0.77626
0.7488
0.6503
0.45304
0.35583
0.3248
0.30436
0.30625
0.34845
0.34496
0.73066
0.78997
0.81409
0.82715
0.82197
0.83848
0.84877
0.85313
0.85634
0.85093
0.63676
0.37872
0.20796
0.36148
0.83336
0.8493
0.84295
0.83419
0.83002
0.83749
0.82497
0.83086
0.83387
0.82997
0.82019
0.83366
0.83688
0.84039
0.83398
0.82612
0.77813
0.73701
0.75546
0.55656
0.63534
0.7999
0.8022
0.80255
0.8143
0.81533
0.80741
0.78924
0.78857
0.783
0.77749
0.77163
0.77011
0.76433
0.75508
0.72735
0.73596
0.73623
0.73006
0.72328
0.71287
0.70791
0.673
0.47454
0.31744
0.23601
0.22449
0.31536
0.74132
0.76947
0.77443
0.77392
0.75924
0.77508
0.78546
0.77904
0.77521
0.80479
0.79462
0.78744
0.78458
0.78611
0.76798
0.73805
0.70662
0.72167
0.73041
0.74711
0.74576
0.75401
0.75684
0.52584
0.28165
0.16367
0.11155
0.085124
0.1017
0.17387
0.36943
0.60035
0.67061
0.67451
0.7222
0.78259
0.82346
0.84832
0.74871
0.82923
0.87179
0.89732
0.93058
0.91825
0.83944
0.76003
0.85157
0.85252
0.85082
0.85108
0.87959
0.86942
0.86954
0.8704
0.86907
0.85816
0.85355
0.85217
0.84471
0.83132
0.82701
0.83164
0.83082
0.82821
0.83171
0.83474
0.8354
0.83559
0.85263
0.86922
0.87322
0.88105
0.89111
0.88955
0.85535
0.83132
0.86749
0.79459
0.77854
0.25191
0.094154
0.13565
0.61125
0.86646
0.87509
0.87916
0.87892
0.77525
0.7644
0.86099
0.88948
0.89598
0.89851
0.90546
0.90573
0.91507
0.90978
0.91186
0.91815
0.92543
0.92264
0.914
0.90879
0.89992
0.88936
0.8915
0.80423
0.76071
0.66628
0.56438
0.5445
0.54718
0.59802
0.57174
0.62119
0.78705
0.84849
0.84526
0.83011
0.82248
0.80266
0.77449
0.76177
0.7565
0.74627
0.74412
0.75213
0.66705
0.54725
0.44048
0.32342
0.25864
0.22072
0.18358
0.78744
0.82958
0.86305
0.87205
0.86094
0.86102
0.86597
0.86279
0.8634
0.86543
0.87053
0.86412
0.8622
0.85569
0.86149
0.86041
0.85929
0.87721
0.88464
0.8872
0.88484
0.8846
0.87934
0.8383
0.82738
0.74321
0.64553
0.78915
0.63317
0.65006
0.62322
0.59229
0.55894
0.5827
0.51258
0.5199
0.69872
0.74825
0.75503
0.78429
0.7928
0.78742
0.76023
0.73624
0.7092
0.7187
0.72442
0.71918
0.73581
0.69829
0.70304
0.7
0.6978
0.70528
0.70478
0.70249
0.70392
0.56511
0.38411
0.35
0.32748
0.30012
0.30097
0.33767
0.36493
0.35113
0.30687
0.35188
0.40536
0.47479
0.75202
0.76654
0.7727
0.78264
0.77537
0.78054
0.79987
0.78875
0.78994
0.79118
0.78856
0.7968
0.80544
0.81807
0.82154
0.81827
0.8247
0.83164
0.84198
0.84114
0.80643
0.79784
0.79594
0.80228
0.80802
0.81226
0.79056
0.74614
0.72109
0.70417
0.69507
0.7292
0.67749
0.69248
0.69346
0.70219
0.71608
0.71126
0.70959
0.71212
0.71773
0.68649
0.67708
0.70688
0.7263
0.73843
0.74761
0.75146
0.74358
0.76736
0.77369
0.7627
0.77298
0.76487
0.76237
0.76144
0.75735
0.74027
0.72662
0.71461
0.73828
0.74277
0.74369
0.75602
0.7575
0.75276
0.74382
0.73113
0.73545
0.69947
0.5572
0.5608
0.59009
0.7713
0.75831
0.7488
0.7265
0.70819
0.76382
0.68514
0.52174
0.76632
0.80528
0.80817
0.79999
0.79658
0.80092
0.8008
0.80607
0.8078
0.81507
0.82198
0.82272
0.81825
0.81526
0.81191
0.80979
0.80504
0.79899
0.77652
0.76863
0.75808
0.75817
0.73992
0.72333
0.6265
0.60324
0.73601
0.74655
0.75838
0.77356
0.79738
0.80593
0.7845
0.75334
0.722
0.73442
0.70831
0.70042
0.69811
0.72446
0.6353
0.61268
0.56476
0.58159
0.52044
0.63729
0.73921
0.73756
0.7441
0.66917
0.72207
0.75607
0.76412
0.6542
0.49006
0.4831
0.44774
0.47955
0.45267
0.39296
0.41891
0.47401
0.49593
0.64163
0.76614
0.76866
0.77172
0.78216
0.78598
0.78581
0.77707
0.77703
0.74962
0.73052
0.7079
0.73625
0.73086
0.73966
0.76066
0.77577
0.78482
0.8007
0.79544
0.79906
0.76941
0.69746
0.66255
0.63316
0.4498
0.39027
0.43003
0.53583
0.5879
0.72917
0.77181
0.79083
0.77277
0.77273
0.7674
0.77341
0.79481
0.80571
0.79908
0.78436
0.77996
0.76973
0.75711
0.7536
0.75329
0.73262
0.59462
0.53068
0.47153
0.46356
0.41748
0.48908
0.36379
0.38591
0.35474
0.28804
0.25188
0.21757
0.16884
0.14866
0.13271
0.11295
0.11087
0.13328
0.17915
0.24014
0.36171
0.57217
0.74557
0.7568
0.70845
0.72111
0.73492
0.74595
0.75393
0.78309
0.79501
0.79318
0.7888
0.78932
0.78022
0.76712
0.78342
0.77971
0.78873
0.78411
0.76845
0.73308
0.74128
0.73228
0.72023
0.70786
0.70911
0.70972
0.72153
0.72448
0.73077
0.73707
0.73024
0.72429
0.71912
0.69497
0.67867
0.67373
0.66671
0.65878
0.66397
0.71006
0.73889
0.75946
0.75541
0.75984
0.77157
0.73681
0.75732
0.74645
0.72985
0.72161
0.71627
0.71166
0.70512
0.69927
0.69734
0.69082
