0.12305
0.26099
0.76077
0.77399
0.76778
0.76929
0.77108
0.76154
0.73743
0.7148
0.72231
0.70908
0.69217
0.68881
0.7001
0.73073
0.71046
0.64621
0.6854
0.7025
0.76483
0.77239
0.8108
0.81519
0.81568
0.82908
0.82403
0.82642
0.82609
0.8226
0.80968
0.75819
0.74765
0.74237
0.73379
0.72244
0.71088
0.71051
0.70614
0.71172
0.70793
0.68759
0.67965
0.69956
0.40491
0.24087
0.73165
0.77234
0.77644
0.80359
0.82396
0.82852
0.82388
0.81538
0.82348
0.79855
0.74703
0.73588
0.75501
0.77302
0.79172
0.80858
0.81088
0.80418
0.80692
0.81803
0.82085
0.82254
0.82622
0.83055
0.81666
0.79842
0.78487
0.79462
0.81916
0.79923
0.80425
0.80572
0.79706
0.78627
0.78597
0.79688
0.77639
0.78693
0.79199
0.79701
0.79966
0.77655
0.7577
0.73648
0.72272
0.70296
0.6843
0.6982
0.71251
0.64657
0.34084
0.16732
0.1358
0.14182
0.47473
0.70194
0.71371
0.80032
0.80862
0.79119
0.77791
0.76489
0.79308
0.78578
0.78501
0.76257
0.71498
0.71444
0.71306
0.73706
0.7753
0.79074
0.80061
0.79161
0.77908
0.77819
0.77971
0.78134
0.802
0.80015
0.78562
0.80759
0.76403
0.78422
0.79114
0.80298
0.78374
0.79852
0.79184
0.76841
0.76858
0.7748
0.75104
0.74917
0.74813
0.76682
0.77635
0.7706
0.78395
0.78086
0.77994
0.77655
0.77738
0.77916
0.77907
0.79013
0.81258
0.82307
0.82969
0.82756
0.84234
0.84971
0.85137
0.84303
0.84265
0.84077
0.83698
0.83316
0.82493
0.81264
0.79625
0.80286
0.79456
0.79231
0.79928
0.79216
0.81641
0.81136
0.81762
0.82638
0.83131
0.83566
0.83407
0.81903
0.80984
0.81706
0.81425
0.80421
0.80962
0.8174
0.80756
0.79861
0.80123
0.80096
0.80077
0.80306
0.79596
0.79222
0.79981
0.7959
0.78877
0.78449
0.78073
0.77804
0.77438
0.78119
0.77867
0.75477
0.77612
0.76685
0.7547
0.7166
0.73662
0.76349
0.76723
0.7932
0.80202
0.78523
0.78382
0.79321
0.79138
0.79205
0.7655
0.76914
0.7678
0.75634
0.76803
0.74495
0.73792
0.73835
0.73632
0.76117
0.76859
0.76705
0.74715
0.72857
0.7164
0.68595
0.69537
0.55193
0.45241
0.44187
0.40556
0.38087
0.48611
0.72819
0.70857
0.72473
0.73885
0.77036
0.76747
0.76794
0.76608
0.76362
0.78595
0.79934
0.80638
0.81024
0.80832
0.81495
0.82339
0.82393
0.82294
0.76449
0.75161
0.74944
0.72263
0.70546
0.70135
0.72649
0.74407
0.72118
0.74638
0.75414
0.75082
0.74419
0.73227
0.72421
0.72472
0.7156
0.70789
0.70007
0.67571
0.55286
0.11593
0.083019
0.76729
0.82433
0.81305
0.79965
0.79078
0.80697
0.81357
0.82748
0.81724
0.77664
0.76771
0.76561
0.76741
0.75245
0.71594
0.71662
0.70656
0.67988
0.674
0.70456
0.70152
0.75054
0.76473
0.73778
0.73661
0.74744
0.76009
0.77589
0.78079
0.79352
0.80061
0.81103
0.8243
0.83955
0.80632
0.76856
0.74243
0.71772
0.68912
0.69982
0.74062
0.7464
0.74161
0.73485
0.69914
0.68437
0.68361
0.5988
0.34247
0.48121
0.46776
0.62135
0.66813
0.70107
0.79349
0.75502
0.752
0.75802
0.76883
0.77708
0.7777
0.76347
0.72254
0.68781
0.65285
0.6065
0.64954
0.67477
0.70015
0.7414
0.76453
0.7583
0.74602
0.73185
0.77115
0.77105
0.75944
0.75585
0.76013
0.76676
0.77182
0.76097
0.77891
0.77923
0.76826
0.80752
0.75026
0.74126
0.76586
0.76163
0.76137
0.7759
0.76378
0.77636
0.75407
0.67904
0.4212
0.32381
0.31104
0.29107
0.26567
0.3097
0.51201
0.76669
0.80619
0.80055
0.81075
0.82321
0.82103
0.80909
0.78577
0.7954
0.78058
0.77948
0.72907
0.54173
0.5769
0.69481
0.80874
0.85972
0.78684
0.79144
0.84174
0.78984
0.79711
0.79859
0.81869
0.81817
0.81203
0.81328
0.82702
0.82991
0.81641
0.79746
0.81733
0.81823
0.81326
0.80417
0.81412
0.81795
0.7786
0.75876
0.79653
0.79583
0.79849
0.7962
0.78814
0.73916
0.57704
0.32082
0.1572
0.11489
0.25819
0.27655
0.53209
0.72781
0.76928
0.75771
0.75412
0.71311
0.473
0.34302
0.71654
0.79848
0.79133
0.79711
0.79299
0.82173
0.82068
0.82072
0.81611
0.79973
0.44331
0.46377
0.468
0.43558
0.41304
0.24735
0.18502
0.22675
0.30594
0.30323
0.33186
0.45808
0.80486
0.82186
0.84494
0.85192
0.85593
0.81196
0.78342
0.69874
0.42844
0.36236
0.39215
0.43083
0.4284
0.37712
0.35618
0.37193
0.38431
0.36243
0.2633
0.22459
0.16648
0.13372
0.12504
0.12053
0.12826
0.1413
0.14636
0.15266
0.16624
0.18694
0.20961
0.22398
0.28666
0.35385
0.42921
0.50019
0.56152
0.66281
0.76409
0.84469
0.87897
0.89198
0.68777
0.78133
0.77179
0.69475
0.61369
0.39777
0.39784
0.31822
0.33569
0.19813
0.11461
0.16142
0.19052
0.26103
0.31429
0.24643
0.18775
0.1736
0.23185
0.33307
0.44696
0.53904
0.65883
0.7042
0.75215
0.7765
0.79134
0.79751
0.79594
0.80256
0.81589
0.84201
0.85137
0.8559
0.85291
0.85098
0.85202
0.84875
0.84466
0.84962
0.85669
0.85817
0.85116
0.84768
0.84537
0.84808
0.85127
0.86954
0.86157
0.85139
0.83563
0.81568
0.82079
0.80746
0.80935
0.81963
0.83268
0.81075
0.8084
0.77499
0.73168
0.75215
0.74866
0.75334
0.77169
0.76615
0.7003
0.67343
0.58704
0.52469
0.39763
0.27637
0.19694
0.23185
0.3986
0.80296
0.85314
0.86458
0.8656
0.85745
0.89039
0.87518
0.86643
0.87289
0.87734
0.86713
0.85154
0.79478
0.73882
0.85104
0.84337
0.79268
0.77777
0.83403
0.85357
0.86967
0.89535
0.88506
0.87633
0.8693
0.85673
0.84814
0.85488
0.86509
0.86292
0.85763
0.84169
0.83183
0.85279
0.84192
0.7105
0.66301
0.72865
0.71222
0.79062
0.81167
0.85145
0.85173
0.85537
0.85104
0.82358
0.75759
0.76177
0.54437
0.73794
0.74234
0.75577
0.78516
0.80435
0.81378
0.78895
0.77806
0.76848
0.73602
0.727
0.52873
0.48757
0.62357
0.77144
0.76161
0.70275
0.60596
0.56713
0.50869
0.78441
0.79914
0.82546
0.82222
0.81936
0.82036
0.8177
0.82178
0.82729
0.8281
0.81958
0.81266
0.79868
0.78349
0.77408
0.78617
0.81286
0.81243
0.77988
0.76833
0.74963
0.62073
0.62278
0.59164
0.56633
0.5111
0.51696
0.5249
0.54725
0.60266
0.61702
0.57674
0.56419
0.5325
0.48894
0.47643
0.46543
0.4833
0.55443
0.73156
0.7863
0.80995
0.80002
0.78147
0.77736
0.77239
0.76696
0.78594
0.80558
0.80523
0.78897
0.75797
0.75312
0.75891
0.77354
0.8078
0.80907
0.81321
0.82002
0.81218
0.80264
0.79735
0.75198
0.75298
0.80204
0.82389
0.79866
0.77926
0.7804
0.77756
0.75339
0.77136
0.6693
0.62955
0.54642
0.40809
0.4293
0.47325
0.45886
0.46169
0.42268
0.38156
0.35333
0.32095
0.39287
0.69771
0.77691
0.81754
0.83214
0.84237
0.82986
0.81325
0.81613
0.82299
0.8397
0.86406
0.86912
0.87289
0.86241
0.85895
0.8595
0.85691
0.85042
0.85008
0.85385
0.84987
0.8328
0.82182
0.81831
0.81517
0.81334
0.81519
0.82774
0.83332
0.82654
0.81483
0.80938
0.81059
0.81346
0.83239
0.83322
0.84121
0.83326
0.82273
0.81972
0.81144
0.78972
0.79821
0.77242
0.60982
0.57845
0.49469
0.38173
0.33732
0.30065
0.35353
0.32645
0.31022
0.38917
0.45747
0.56013
0.65097
0.7903
0.76128
0.60752
0.45086
0.43179
0.46178
0.5391
0.54461
0.67553
0.69583
0.69754
0.75434
0.86161
0.82515
0.72225
0.74713
0.74779
0.71297
0.72682
0.71264
0.69171
0.6201
0.45906
0.39469
0.31426
0.34
0.51107
0.59245
0.58003
0.43192
0.46578
0.41559
0.43628
0.52121
0.5624
0.55217
0.62164
0.56951
0.46217
0.54717
0.47881
0.44199
0.38711
0.39948
0.42737
0.4318
0.43241
0.40766
0.37542
0.38666
0.43798
0.45131
0.49847
0.55876
0.56974
0.44169
0.31956
0.22053
0.30826
0.36976
0.48712
0.59193
0.76397
0.79713
0.80439
0.81031
0.79753
0.80207
0.80568
0.79837
0.79579
0.79481
0.8178
0.83395
0.84705
0.84521
0.80483
0.78322
0.81942
0.80292
0.79007
0.78916
0.71533
0.74743
0.70466
0.40196
0.40761
0.81812
0.82938
0.82875
0.79995
0.82519
0.82929
0.79745
0.77697
0.76141
0.74201
0.72216
0.70506
0.69106
0.72911
0.73482
0.71428
0.69664
0.705
0.71568
0.66454
0.59373
0.60522
0.49581
0.49803
0.53084
0.65566
0.80127
0.82715
0.77787
0.77301
0.75406
0.77152
0.76878
0.80018
0.83633
0.87677
0.89755
0.8986
0.90154
0.90924
0.92111
0.92768
0.91487
0.90181
0.8879
0.86875
0.84284
0.80748
0.77399
0.76004
0.75907
0.7462
0.75461
0.76603
0.71745
0.55567
0.41496
0.26629
0.23529
0.4613
0.64842
0.84057
0.8423
0.82442
0.79931
0.78149
0.8031
0.7904
0.75385
0.81276
0.78101
0.76619
0.7054
0.73109
0.68626
0.40379
0.39825
0.35151
0.36355
0.50412
0.55247
0.55486
0.48569
0.43756
0.42678
0.41598
0.34242
0.21074
0.14831
0.18652
0.28989
0.41393
0.58162
0.89233
0.89888
0.87597
0.85579
0.83687
0.81154
0.79173
0.77102
0.76829
0.76649
0.72774
0.7147
0.70921
0.66337
0.60432
0.58656
0.56704
0.54746
0.43513
0.22701
0.18448
0.45045
0.616
0.62037
0.80279
0.79909
0.80323
0.77515
0.72266
0.7364
0.77915
0.68516
0.81946
0.81829
0.80821
0.8029
0.81419
0.84671
0.87431
0.8708
0.86113
0.82927
0.82572
0.82502
0.82518
0.82629
0.81249
0.81462
0.83707
0.81174
0.77959
0.77098
0.81503
0.84659
0.8293
0.85923
0.85128
0.82736
0.8007
0.76796
0.75997
0.78564
0.76558
0.66674
0.69923
0.74315
0.75589
0.74842
0.74553
0.75295
0.71411
0.73125
0.75086
0.74691
0.73474
0.72697
0.73013
0.73147
0.6775
0.69041
0.72387
0.76753
0.67946
0.44847
0.30814
0.12968
0.10546
0.25521
0.53725
0.60561
0.8431
0.86271
0.85272
0.86538
0.8733
0.89818
0.86874
0.85589
0.84829
0.84173
0.84234
0.83012
0.78513
0.77975
0.81307
0.56295
0.29206
0.30658
0.85117
0.87674
0.90588
0.90623
0.89936
0.88605
0.87958
0.8773
0.87815
0.87371
0.86754
0.85751
0.86172
0.85627
0.86101
0.84288
0.84192
0.85197
0.86922
0.86167
0.73721
0.81991
0.79943
0.75944
0.76042
0.79451
0.80575
0.66629
0.82538
0.8155
0.7996
0.78955
0.80478
0.80489
0.76353
0.71189
0.6314
0.48818
0.33423
0.287
0.34571
0.40287
0.37625
0.44919
0.30392
0.43199
0.32679
0.45665
0.86472
0.86018
0.84586
0.86516
0.86814
0.84752
0.83415
0.84291
0.85865
0.86732
0.85879
0.85607
0.9022
0.87462
0.85662
0.8301
0.84049
0.88037
0.86799
0.83188
0.83949
0.85401
0.82332
0.81117
0.61254
0.84961
0.85564
0.86644
0.86102
0.85671
0.85526
0.84434
0.87086
0.84544
0.77836
0.80334
0.83595
0.84766
0.85277
0.82492
0.74847
0.66744
0.72044
0.68333
0.84268
0.85774
0.85891
0.84889
0.83746
0.82052
0.80885
0.80889
0.82505
0.83056
0.82844
0.83112
0.83657
0.82766
0.80505
0.84784
0.86095
0.85374
0.81809
0.81334
0.82035
0.8675
0.85009
0.85855
0.89314
0.87456
0.85083
0.82925
0.84137
0.87413
0.83071
0.87752
0.90162
0.88828
0.86472
0.86143
0.88643
0.86012
0.85451
0.86967
0.88741
0.88045
0.87599
0.87723
0.87659
0.87477
0.86566
0.88822
0.8855
0.8893
0.88241
0.88765
0.89296
0.8825
0.887
0.90622
0.91825
0.90513
0.89089
0.87139
0.88251
0.91062
0.83762
0.79516
0.61524
0.6705
0.8802
0.89801
0.92361
0.87574
0.87056
0.89023
0.90257
0.89335
0.89162
0.88642
0.88412
0.88377
0.88498
0.88006
0.89747
0.8765
0.87173
0.88267
0.88926
0.91013
0.8995
0.90053
0.90217
0.88899
0.88275
0.88336
0.88651
0.88802
0.86005
0.8786
0.89068
0.88521
0.87529
0.8794
0.90093
0.88869
0.86912
0.78948
0.81495
0.90479
0.88333
0.87837
0.89026
0.89028
0.87971
0.90329
0.91464
0.89158
0.88289
0.8953
0.90379
0.91298
0.90709
0.91364
0.92624
0.91891
0.91573
0.91305
0.91725
0.91545
0.91466
0.90025
0.91538
0.90983
0.88379
0.84727
0.86255
0.90533
0.79563
0.64355
0.65666
0.69908
0.72665
0.78956
0.82188
0.79217
0.85689
0.84868
0.94106
0.94686
0.9472
0.87145
0.89162
0.9267
0.94236
0.91558
0.92979
0.92488
0.73023
0.76493
0.89147
0.94365
0.86447
0.82604
0.91912
0.91016
0.89712
0.89622
0.90367
0.91417
0.89571
0.89031
0.92316
0.87807
0.85089
0.83702
0.79156
0.88946
0.83763
0.8156
0.74284
0.73933
0.78516
0.83461
0.83012
0.80625
0.8241
0.74328
0.70042
0.6792
0.7911
0.87899
0.90414
0.9531
0.80006
0.69881
0.80423
0.93951
0.92229
0.90332
0.90386
0.92401
0.88724
0.81769
0.56962
0.78638
0.89559
0.89912
0.91231
0.9131
0.8885
0.86541
0.83556
0.89489
0.88368
0.88605
0.90634
0.90039
0.87986
0.88399
0.89937
0.89128
0.88678
0.89092
0.8901
0.89333
0.88591
0.88388
0.86998
0.87672
0.86723
0.85204
0.86308
0.86458
0.85628
0.86939
0.888
0.88116
0.83075
0.88445
0.83635
0.87917
0.88793
0.90308
0.91798
0.92021
0.92748
0.91808
0.92289
0.89343
0.87176
0.85798
0.87591
0.88591
0.88235
0.88169
0.8808
0.8674
0.82617
0.80501
0.7848
0.78846
0.83348
0.81655
0.85335
0.90084
0.81756
0.76158
0.75689
0.84618
0.87022
0.86639
0.86502
0.84641
0.86983
0.87951
0.90708
0.88433
0.86944
0.85329
0.86955
0.89003
0.86248
0.86143
0.91396
0.91244
0.89904
0.88587
0.87062
0.89411
0.85799
0.76052
0.78031
0.72356
0.81513
0.81214
0.84389
0.87356
0.84911
0.8595
0.88475
0.87344
0.88666
0.88455
0.87847
0.881
0.88451
0.88871
0.8923
0.87656
0.85798
0.84835
0.86704
0.88399
0.79066
0.71737
0.66484
0.69256
0.75387
0.8032
0.83893
0.78276
0.72722
0.64927
0.70507
0.67597
0.60005
0.47827
0.3675
0.28298
0.35116
0.47985
0.55424
0.52587
0.4593
0.5026
0.59686
0.69951
0.9043
0.91689
0.92505
0.92192
0.92231
0.9226
0.91985
0.93108
0.90831
0.90312
0.91124
0.93919
0.93026
0.91938
0.91548
0.89288
0.81439
0.86306
0.86975
0.91905
0.92742
0.8992
0.89511
0.87817
0.84852
0.82741
0.85086
0.84265
0.67954
0.86983
0.95355
0.98251
1.0005
1.0007
0.98316
0.94956
0.92262
0.9349
0.90236
0.88884
0.8315
0.74951
0.89761
0.93386
0.92833
0.90183
0.89774
0.89375
0.69249
0.63969
0.68996
0.69845
0.8824
0.84879
0.86691
0.91479
0.85986
0.90663
0.90163
0.93197
0.89929
0.8205
0.89353
0.90357
0.89783
0.8398
0.84062
0.91305
0.90112
0.90302
0.87891
0.82458
0.77406
0.86421
0.83821
0.80797
0.88053
0.86303
0.89258
0.93265
0.79953
0.76373
0.71376
0.7453
0.829
0.83236
0.87354
0.93039
0.78051
0.79616
0.83129
0.83858
0.86078
0.84653
0.87939
0.90163
0.89631
0.89475
0.89761
0.9105
0.91635
0.92811
0.84988
0.85765
0.83988
0.86728
0.90673
0.90454
0.89354
0.90013
0.91197
0.92778
0.89898
0.88012
0.9224
0.93048
0.93075
0.92585
0.92551
0.93776
0.9209
0.91707
0.94556
0.95547
0.95119
0.95347
0.95666
0.95418
0.91723
0.83032
0.746
0.80337
0.89768
0.93691
0.95189
0.89796
0.91491
0.95488
0.97344
0.97846
0.95748
0.96543
0.97154
0.94138
0.89601
0.93831
0.92903
0.93835
0.92581
0.92808
0.92598
0.93746
0.93022
0.83582
0.83493
0.93302
0.93068
0.92314
0.91842
0.91025
0.88085
0.85608
0.86681
0.92723
0.94729
0.93091
0.77344
0.64277
0.71242
0.67587
0.65619
0.6778
0.69374
0.71124
0.74268
0.70427
0.68844
0.63194
0.63126
0.63078
0.51143
0.44187
0.41637
0.43841
0.52907
0.54342
0.69868
0.65248
0.55749
0.47012
0.47931
0.60573
0.75289
0.9193
0.95946
0.95429
0.9185
0.91572
0.93997
0.96272
0.96104
0.91771
0.91659
0.93363
0.93757
0.94471
0.94743
0.84001
0.786
0.77774
0.82178
0.72264
0.70116
0.66415
0.54782
0.54266
0.53197
0.59397
0.65391
0.68166
0.60512
0.44235
0.33626
0.3294
0.40538
0.5483
0.60155
0.59387
0.55119
0.51758
0.51997
0.57122
0.62648
0.72694
0.8589
0.8493
0.85361
0.87879
0.88469
0.86208
0.78955
0.79876
0.81608
0.86151
0.87315
0.86402
0.85801
0.88255
0.82315
0.77712
0.84628
0.83859
0.83391
0.84285
0.85083
0.88485
0.84559
0.75984
0.76956
0.85652
0.8471
0.84973
0.89192
0.91322
0.91477
0.91238
0.92271
0.91196
0.91838
0.91352
0.91833
0.67807
0.95122
0.97468
0.96663
0.96784
0.96409
0.95643
0.95301
0.97437
0.96241
0.94831
0.92306
0.94035
0.93388
0.94136
0.95906
0.96218
0.90964
0.87074
0.81838
0.94896
0.89525
0.90969
0.86334
0.80482
0.8765
0.89594
0.92213
0.9122
0.90861
0.90096
0.86036
0.77574
0.68333
0.66705
0.73378
0.86123
0.86256
0.79173
0.78155
0.76385
0.77219
0.74744
0.90782
0.89933
0.93071
0.92358
0.88681
0.85686
0.80162
0.8024
0.84505
0.83902
0.83567
0.83234
0.82987
0.83164
0.79975
0.81593
0.83297
0.83188
0.82149
0.80796
0.71147
0.50866
0.4204
0.29448
0.25449
0.21491
0.17448
0.15734
0.16257
0.2001
0.23685
0.29292
0.24845
0.35689
0.47934
0.51605
0.60014
0.60175
0.59734
0.62763
0.64304
0.71146
0.702
0.55368
0.35616
0.27132
0.31518
0.1855
0.14529
0.14534
0.16588
0.21814
0.25765
0.18871
0.14304
0.12416
0.13125
0.15316
0.16933
0.18191
0.23925
0.28992
0.32545
0.38411
0.4708
0.53774
0.64167
0.77347
0.79258
0.81511
0.87064
0.90356
0.91458
0.88526
0.86412
0.84791
0.84811
0.85174
0.86721
0.8697
0.87934
0.87855
0.87286
0.88001
0.87898
0.88544
0.903
0.87584
0.85764
0.86934
0.86585
0.831
0.81263
0.79865
0.81068
0.84609
0.85341
0.84435
0.84397
0.85171
0.85145
0.82237
0.81485
0.83423
0.8333
0.8238
0.82292
0.83021
0.8378
0.8414
0.8658
0.89005
0.88845
0.88772
0.88846
0.89578
0.89683
0.90398
0.8895
0.83315
0.80623
0.86186
0.88168
0.83479
0.82535
0.83308
0.82491
0.82833
0.84684
0.8415
0.82969
0.82464
0.82816
0.83461
0.81433
0.82937
0.83327
0.82906
0.82437
0.82367
0.81195
0.74274
0.65241
0.56058
0.53867
0.70898
0.82965
0.86035
0.86484
0.77516
0.53887
0.45639
0.53314
0.63206
0.59006
0.91314
0.93442
0.94602
0.96951
0.97353
0.98734
0.98767
0.98402
0.97964
0.9654
0.95388
0.91146
0.85567
0.8599
0.87293
0.87518
0.86511
0.88521
0.87215
0.86924
0.87262
0.88524
0.86812
0.87105
0.85822
0.87549
0.86095
0.88993
0.88306
0.88591
0.8809
0.87629
0.87165
0.87756
0.77173
0.60611
0.89593
0.89849
0.89759
0.88593
0.89178
0.89602
0.90058
0.89466
0.86042
0.86163
0.8547
0.85594
0.84976
0.84622
0.85184
0.84125
0.85129
0.85133
0.84386
0.83102
0.82341
0.81409
0.81918
0.81855
0.81634
0.82309
0.80636
0.7855
0.76732
0.79398
0.8022
0.67199
0.57513
0.60998
0.76016
0.76337
0.77815
0.77874
0.7933
0.80047
0.80981
0.80841
0.80008
0.8078
0.63263
0.39332
0.30498
0.65102
0.42919
0.32293
0.82338
0.87899
0.88963
0.8826
0.88061
0.8552
0.8738
0.85744
0.85283
0.85121
0.84529
0.84298
0.84901
0.83802
0.831
0.86218
0.85933
0.85327
0.85196
0.85577
0.85575
0.86336
0.86473
0.85606
0.85048
0.852
0.84875
0.84946
0.85327
0.8283
0.84008
0.86543
0.83168
0.82039
0.82691
0.84477
0.85126
0.83106
0.79598
0.76387
0.79418
0.76717
0.75296
0.81305
0.74582
0.78533
0.71948
0.75081
0.69495
0.59115
0.48451
0.41371
0.44669
0.51408
0.53972
0.57088
0.58003
0.64234
0.78877
0.89883
0.86224
0.84779
0.87873
0.86916
0.87932
0.87162
0.88178
0.91142
0.92459
0.88908
0.90804
0.89856
0.8891
0.89014
0.85995
0.74975
0.74403
0.76543
0.80661
0.83232
0.83704
0.85415
0.84984
0.86215
0.86177
0.87159
0.87572
0.86265
0.84666
0.70398
0.51992
0.44516
0.35411
0.33341
0.34416
0.38681
0.41218
0.83364
0.83172
0.81637
0.80853
0.82056
0.8779
0.87436
0.87749
0.8684
0.85399
0.85007
0.86276
0.89114
0.90113
0.8863
0.87444
0.84697
0.82757
0.87959
0.89064
0.91712
0.95259
0.97168
0.96637
0.95824
0.92848
0.91802
0.91957
0.89677
0.89736
0.88732
0.8752
0.8765
0.8771
0.86922
0.8551
0.84878
0.85231
0.7841
0.76773
0.77521
0.79955
0.82557
0.80178
0.82258
0.8413
0.80841
0.67528
0.52889
0.54047
0.56838
0.56328
0.58868
0.61476
0.64375
0.4723
0.23287
0.11104
0.040325
0.064948
0.19684
0.53491
0.7817
0.60491
0.33963
0.21125
0.18204
0.23591
0.2908
0.30862
0.41394
0.56174
0.56123
0.5631
0.4997
0.4798
0.51284
0.57743
0.59356
0.55713
0.42318
0.32656
0.27345
0.2573
0.52393
0.86448
0.90021
0.92894
0.93848
0.91377
0.90602
0.89439
0.90135
0.91787
0.91956
0.89717
0.89176
0.90083
0.90301
0.90427
0.89297
0.81385
0.8391
0.82932
0.84444
0.85708
0.8549
0.85878
0.86457
0.86611
0.86465
0.86333
0.86827
0.87175
0.85967
0.8358
0.82834
0.83835
0.82788
0.82632
0.8078
0.81057
0.68553
0.40279
0.31651
0.32879
0.37218
0.47008
0.83937
0.86081
0.86481
0.88951
0.90529
0.90325
0.89015
0.88593
0.88879
0.9216
0.92141
0.89123
0.84035
0.70605
0.69951
0.66209
0.66974
0.66573
0.67822
0.6829
0.6593
0.61018
0.59761
0.64123
0.68526
0.76826
0.87253
0.79282
0.83966
0.85987
0.85088
0.83632
0.83714
0.83636
0.84383
0.84846
0.8688
0.87316
0.83959
0.8171
0.80802
0.80018
0.79092
0.76844
0.48192
0.22952
0.22312
0.23451
0.2902
0.35568
0.3919
0.37637
0.37164
0.36761
0.35241
0.34981
0.33792
0.31148
0.30526
0.30765
0.3371
0.381
0.3879
0.40658
0.42459
0.45531
0.49953
0.53354
0.55659
0.59028
0.62482
0.68308
0.78043
0.80232
0.81196
0.81863
0.82802
0.82987
0.81873
0.77977
0.75264
0.77692
0.75795
0.76411
0.78525
0.80368
0.8159
0.82616
0.82064
0.80738
0.80705
0.80668
0.81828
0.82458
0.81708
0.80921
0.75359
0.54788
0.55437
0.54513
0.56241
0.60301
0.62622
0.66356
0.65537
0.58869
0.58287
0.62792
0.64505
0.68154
0.70021
0.74779
0.7431
0.74846
0.75607
0.75643
0.75377
0.73144
0.75378
0.77459
0.78125
0.78469
0.80692
0.81588
0.82297
0.81196
0.80863
0.80155
0.79375
0.78848
0.78726
0.78619
0.77611
0.78495
0.80063
0.78271
0.77853
0.74668
0.75866
0.76722
0.78263
0.78909
0.77288
0.76885
0.76707
0.76353
0.75556
0.73681
0.74157
0.71525
0.70312
0.71516
0.6877
0.71649
0.70133
0.73267
0.75961
0.78356
0.78447
0.8011
0.81346
0.82233
0.82915
0.83143
0.83247
0.83333
0.82824
0.82053
0.81188
0.80479
0.79477
0.78807
0.80676
0.76969
0.74206
0.75666
0.74078
0.77242
0.8008
0.79979
0.79979
0.79526
0.79429
0.75532
0.7102
0.64263
0.73542
0.7482
0.76278
0.76822
0.76922
0.78002
0.77565
0.77518
0.78005
0.78045
0.76351
0.75899
0.74958
0.74697
0.74787
0.74408
0.74655
0.76717
0.77195
0.78718
0.80959
0.81222
0.8126
0.81244
0.80911
0.80996
0.80644
0.79656
0.79433
0.80009
0.79642
0.79341
0.7942
0.78247
0.77315
0.77177
0.5175
0.75652
0.75557
0.73439
0.73505
0.75625
0.74509
0.73245
0.73545
0.7232
0.71808
0.70607
0.65536
0.54576
0.412
0.33685
0.26305
0.24486
0.27694
0.34037
0.47773
0.53002
0.42278
0.31973
0.75121
0.77519
0.78324
0.78934
0.79901
0.79587
0.7997
0.79493
0.7914
0.76824
0.76138
0.75688
0.72145
0.73175
0.69403
0.70711
0.726
0.7323
0.7316
0.72959
0.72733
0.72463
0.72487
0.73363
0.73234
0.73129
0.73481
0.74104
0.74256
0.7524
0.77287
0.79473
0.8135
0.83026
0.82604
0.83667
0.84695
0.8522
0.85483
0.85374
0.85963
0.87242
0.88286
0.88699
0.89597
0.79327
0.65404
0.76964
0.83859
0.86474
0.87876
0.88169
0.87753
0.87403
0.88662
0.88171
0.87297
0.87768
0.88415
0.8798
0.87
0.85175
0.82643
0.62287
0.57362
0.56684
0.42978
0.44171
0.35748
0.29871
0.35713
0.47555
0.5443
0.5109
0.43733
0.5085
0.86036
0.86158
0.86173
0.85689
0.84622
0.84615
0.84278
0.84342
0.85741
0.8784
0.8746
0.87383
0.86449
0.86054
0.86433
0.86138
0.84968
0.82133
0.80479
0.77229
0.69514
0.75829
0.78448
0.80634
0.80207
0.71453
0.76604
0.79438
0.79601
0.79171
0.78476
0.77256
0.77788
0.78
0.78689
0.79385
0.77688
0.73851
0.72575
0.74022
0.74475
0.76168
0.42888
0.79346
0.84696
0.86406
0.84425
0.80776
0.83155
0.85954
0.84198
0.81458
0.80462
0.80443
0.8007
0.77791
0.75407
0.72634
0.70511
0.68344
0.61487
0.75088
0.76309
0.72747
0.70839
0.70757
0.70448
0.69728
0.69496
0.67017
0.67248
0.67818
0.68465
0.69228
0.69556
0.69673
0.71931
0.7292
0.73556
0.73691
0.7373
0.73614
0.73583
0.73463
0.73434
0.72932
0.72205
0.69155
0.69313
0.685
0.68633
0.6596
0.51171
0.36561
0.26836
0.2099
0.19039
0.21047
0.19955
0.20717
0.37045
0.75345
0.76665
0.74969
0.75641
0.76754
0.76335
0.72284
0.69302
0.70224
0.73723
0.74436
0.75436
0.76481
0.77019
0.76914
0.7658
0.76234
0.75787
0.7627
0.76719
0.779
0.78019
0.76709
0.74633
0.74559
0.78896
0.78424
0.77772
0.74376
0.71094
0.69764
0.68489
0.74868
0.73582
0.74335
0.75876
0.76553
0.77149
0.79109
0.79121
0.78917
0.78882
0.77678
0.76454
0.74763
0.75388
0.76602
0.7921
0.80159
0.78909
0.79911
0.80178
0.79856
0.80258
0.80591
0.80496
0.81242
0.83434
0.82877
0.81932
0.81442
0.81631
0.82085
0.81761
0.80122
0.78531
0.76919
0.77012
0.77199
0.80372
0.74024
0.78646
0.76055
0.74296
0.75354
0.76525
0.77165
0.77235
0.75942
0.75774
0.74875
0.73226
0.73068
0.72106
0.71412
0.7102
0.68682
0.67646
0.66462
0.67956
0.69402
0.70796
0.70949
0.67945
0.68045
0.71726
0.68905
0.79425
0.68734
0.67529
0.6992
0.69693
0.69838
0.70297
0.70749
0.70288
0.68513
0.67641
0.66226
0.64841
0.59134
0.32972
0.28002
0.46549
0.18264
0.13604
0.11628
0.18622
0.19605
0.18043
0.14997
0.15316
0.16943
0.19609
0.46416
0.72768
0.77828
0.78842
0.79556
0.79781
0.79591
0.79241
0.79057
0.7992
0.80458
0.81287
0.81561
0.80876
0.81303
0.80455
0.80657
0.79594
0.77924
0.77066
0.77399
0.7551
0.73559
0.71305
0.79647
0.74097
0.72474
0.73363
0.73947
0.7335
0.72573
0.72061
0.72867
0.59717
0.53981
0.33116
0.4551
0.64877
0.63016
0.62578
0.55762
0.39312
0.37094
0.66394
0.67697
0.6806
0.67629
0.65374
0.56122
0.41213
0.31447
0.29567
0.32045
0.35528
0.38756
0.53266
0.68775
0.71744
0.70566
0.72193
0.76301
0.77942
0.76944
0.76383
0.74005
0.72359
0.70718
0.72023
0.71906
0.72183
0.77183
0.71314
0.69843
0.71829
0.73101
0.73359
0.73095
0.73467
0.74096
0.74516
0.74824
0.75751
0.76781
0.77487
0.77327
