0.57392
0.5904
0.61392
0.59124
0.62014
0.65612
0.66581
0.66152
0.68557
0.65669
0.62931
0.59588
0.57614
0.55659
0.55214
0.54105
0.54488
0.55296
0.54693
0.54952
0.54787
0.54704
0.54839
0.54404
0.54922
0.54645
0.5366
0.53536
0.55322
0.57359
0.6205
0.63617
0.63979
0.64934
0.67366
0.68071
0.69368
0.69591
0.69823
0.67278
0.6617
0.64094
0.62669
0.60798
0.67744
0.72268
0.73812
0.73267
0.74128
0.73426
0.72254
0.6689
0.68054
0.68755
0.71177
0.6883
0.67382
0.66222
0.64281
0.62643
0.61521
0.60622
0.59994
0.60392
0.59957
0.59583
0.60242
0.66671
0.71367
0.76297
0.78991
0.78075
0.77983
0.79829
0.80334
0.80666
0.76846
0.73265
0.73073
0.70909
0.71941
0.70463
0.68901
0.70174
0.68137
0.67935
0.67278
0.66162
0.64918
0.62243
0.60037
0.59781
0.57891
0.57958
0.6669
0.71669
0.75711
0.75579
0.74016
0.72716
0.70947
0.68145
0.68327
0.7065
0.71264
0.71003
0.69579
0.68836
0.69038
0.68264
0.67589
0.66126
0.65752
0.65091
0.67404
0.66505
0.68425
0.69053
0.66707
0.6731
0.6703
0.66654
0.6511
0.61769
0.6372
0.6235
0.59601
0.61202
0.61681
0.59044
0.60017
0.58542
0.61579
0.64627
0.62464
0.6239
0.62486
0.62276
0.62078
0.61313
0.60768
0.61259
0.61675
0.61205
0.60338
0.59352
0.57274
0.5606
0.55963
0.55714
0.55624
0.55726
0.51152
0.6296
0.67303
0.70034
0.69794
0.7198
0.70704
0.68023
0.67773
0.6759
0.67523
0.66926
0.66142
0.65598
0.64906
0.62874
0.65222
0.67019
0.64157
0.62905
0.63095
0.64194
0.60624
0.60037
0.59647
0.58304
0.58054
0.60483
0.605
0.60347
0.60839
0.59757
0.58194
0.57762
0.56635
0.57286
0.58369
0.58165
0.59354
0.58319
0.58202
0.58557
0.63004
0.627
0.58902
0.58472
0.53487
0.61802
0.63517
0.64069
0.64377
0.63985
0.62907
0.62874
0.61491
0.60727
0.61972
0.63921
0.60745
0.63891
0.63654
0.62687
0.63425
0.65061
0.64402
0.64057
0.63735
0.65335
0.65425
0.65174
0.65267
0.64775
0.64645
0.65727
0.65796
0.66528
0.67648
0.68919
0.69029
0.69074
0.69999
0.72473
0.73044
0.73192
0.72431
0.68983
0.68041
0.67597
0.64338
0.62567
0.73216
0.65609
0.61269
0.67139
0.69671
0.73371
0.74434
0.71867
0.70745
0.69497
0.67401
0.6897
0.70711
0.73347
0.74305
0.73751
0.73585
0.71451
0.71006
0.69509
0.68095
0.68205
0.6757
0.66106
0.64637
0.63859
0.63213
0.6217
0.61319
0.59478
0.58489
0.57441
0.56738
0.56618
0.57176
0.59536
0.66225
0.67852
0.70238
0.68711
0.67422
0.67023
0.62476
0.6509
0.61892
0.63702
0.63655
0.62677
0.61177
0.63024
0.63844
0.60717
0.5988
0.58657
0.60696
0.60275
0.59868
0.61111
0.60025
0.59492
0.58173
0.56442
0.56493
0.56607
0.58442
0.56959
0.55972
0.55399
0.55665
0.56736
0.54593
0.5522
0.57551
0.59091
0.59021
0.59696
0.61117
0.59749
0.59193
0.5914
0.57945
0.56511
0.5931
0.62837
0.62728
0.64889
0.66634
0.66781
0.64125
0.62292
0.61806
0.64092
0.63391
0.61984
0.62533
0.62134
0.62832
0.60927
0.59538
0.61225
0.62493
0.6406
0.6605
0.69229
0.71958
0.75945
0.73996
0.75834
0.75376
0.74744
0.74102
0.74846
0.72114
0.71668
0.70467
0.70344
0.69802
0.68462
0.67744
0.67066
0.65433
0.64862
0.63233
0.66366
0.6418
0.61409
0.63384
0.62088
0.61029
0.5883
0.58724
0.57438
0.57846
0.58401
0.57267
0.57525
0.57682
0.61492
0.6528
0.65521
0.64082
0.62719
0.6219
0.61653
0.57512
0.56476
0.56525
0.61281
0.64018
0.66104
0.676
0.683
0.68267
0.64592
0.62062
0.62448
0.61813
0.58669
0.5818
0.60034
0.6083
0.61012
0.62204
0.63959
0.60981
0.609
0.60623
0.61133
0.64089
0.66669
0.70414
0.7288
0.74782
0.75049
0.73004
0.70745
0.66605
0.63643
0.62055
0.60039
0.58022
0.57374
0.56725
0.57087
0.56951
0.5559
0.54806
0.55306
0.61222
0.6455
0.67162
0.68274
0.66832
0.64791
0.64604
0.64266
0.64286
0.64671
0.68033
0.67858
0.67933
0.69849
0.69929
0.70165
0.69197
0.71745
0.72831
0.6985
0.68361
0.6532
0.65198
0.6821
0.68743
0.66459
0.61428
0.61655
0.60244
0.62389
0.59855
0.60956
0.61811
0.62566
0.62586
0.63073
0.63842
0.68613
0.70904
0.72905
0.73511
0.73382
0.74271
0.73651
0.73067
0.73155
0.73895
0.73352
0.72236
0.72236
0.72081
0.71266
0.71072
0.70722
0.71673
0.72998
0.73508
0.73307
0.72387
0.73803
0.76792
0.77856
0.7871
0.79181
0.78524
0.77597
0.76094
0.72097
0.7109
0.69474
0.68517
0.6859
0.66642
0.64401
0.62805
0.62101
0.61122
0.60829
0.61889
0.62289
0.63505
0.648
0.64539
0.64325
0.63128
0.59635
0.59429
0.58781
0.57802
0.57162
0.56812
0.5611
0.55908
0.55898
0.56898
0.57641
0.57395
0.56997
0.56461
0.56246
0.55919
0.55559
0.56454
0.57955
0.57671
0.57167
0.56389
0.5687
0.5722
0.5705
0.56609
0.58384
0.58135
0.58392
0.58938
0.59142
0.59913
0.61038
0.62696
0.63254
0.63056
0.62063
0.61771
0.60381
0.59254
0.5896
0.59668
0.59788
0.57127
0.58389
0.56856
0.67189
0.71142
0.67699
0.67126
0.71318
0.74343
0.74962
0.75097
0.75436
0.71242
0.69162
0.68929
0.6794
0.66373
0.64138
0.62627
0.65873
0.66237
0.67055
0.65126
0.67594
0.65221
0.62711
0.61261
0.6079
0.60831
0.60388
0.62485
0.63365
0.62056
0.6189
0.62077
0.638
0.70345
0.71107
0.70976
0.73288
0.73343
0.70796
0.64167
0.64824
0.62376
0.62087
0.63577
0.63647
0.61863
0.59863
0.58847
0.58097
0.58068
0.56922
0.58237
0.59654
0.58695
0.57936
0.58007
0.60359
0.64267
0.60396
0.639
0.64184
0.51409
0.52366
0.59428
0.59931
0.59306
0.59887
0.61462
0.61479
0.61096
0.60071
0.59194
0.59091
0.58948
0.5886
0.60199
0.61098
0.60275
0.58723
0.58317
0.58887
0.58132
0.59025
0.60568
0.61009
0.60146
0.57969
0.60731
0.59984
0.57952
0.57078
0.59467
0.61739
0.60598
0.60434
0.59526
0.59265
0.59145
0.58292
0.58611
0.58971
0.58405
0.57072
0.56531
0.57193
0.5649
0.56267
0.57681
0.58688
0.58198
0.57271
0.56892
0.58372
0.56675
0.58353
0.58136
0.59118
0.58332
0.59168
0.60242
0.60215
0.60159
0.62832
0.65514
0.68001
0.68211
0.69008
0.68575
0.68507
0.70447
0.71084
0.72068
0.73798
0.73982
0.70094
0.77493
0.75309
0.71649
0.74685
0.78443
0.80835
0.76854
0.7333
0.74652
0.72257
0.73227
0.71561
0.78301
0.75951
0.75091
0.73656
0.71387
0.68123
0.71729
0.72821
0.75215
0.74512
0.73779
0.7241
0.71428
0.71307
0.69328
0.70302
0.70452
0.70928
0.72084
0.73499
0.75995
0.73524
0.72291
0.71088
0.69784
0.72423
0.71537
0.76671
0.78362
0.76844
0.74641
0.75681
0.79595
0.72159
0.77425
0.75202
0.70791
0.69197
0.71429
0.4376
0.73536
0.78198
0.8035
0.80517
0.80457
0.79637
0.77084
0.75311
0.77757
0.79824
0.76866
0.74565
0.75743
0.78185
0.74705
0.7342
0.7658
0.77102
0.74102
0.68272
0.70064
0.74607
0.73115
0.73245
0.75308
0.74645
0.72156
0.6912
0.67991
0.73044
0.7323
0.70591
0.7237
0.73261
0.70567
0.67124
0.68582
0.68732
0.66119
0.68122
0.69806
0.69409
0.66838
0.6392
0.61669
0.60323
0.59225
0.60246
0.63093
0.6443
0.63518
0.61296
0.60809
0.61184
0.61488
0.64627
0.67765
0.7188
0.69077
0.71885
0.68182
0.68226
0.66634
0.65899
0.71238
0.69743
0.74207
0.74948
0.74121
0.72547
0.72946
0.73718
0.74873
0.77199
0.77185
0.7587
0.75995
0.73159
0.59016
0.62759
0.66194
0.73596
0.79862
0.82793
0.85709
0.83706
0.83596
0.84619
0.84953
0.83575
0.81641
0.81156
0.8396
0.83219
0.78874
0.78204
0.78815
0.83487
0.80244
0.79721
0.77857
0.76861
0.77165
0.7844
0.79887
0.8189
0.79724
0.78966
0.79839
0.81795
0.83423
0.86031
0.85488
0.85879
0.82752
0.80082
0.77451
0.75571
0.73848
0.72952
0.76358
0.7648
0.76892
0.7656
0.77829
0.78095
0.7856
0.80016
0.81285
0.82519
0.82942
0.84238
0.852
0.85811
0.86062
0.85613
0.85521
0.8594
0.85653
0.81621
0.82936
0.82858
0.83866
0.85776
0.83735
0.85518
0.85947
0.82583
0.81048
0.79655
0.80805
0.82789
0.85682
0.85777
0.84674
0.81144
0.76353
0.76139
0.78907
0.80106
0.78933
0.82194
0.83197
0.832
0.83144
0.81608
0.80013
0.80405
0.78793
0.8035
0.81369
0.80184
0.79351
0.7889
0.77856
0.74767
0.73088
0.75004
0.7732
0.77766
0.77582
0.76699
0.76681
0.7409
0.61446
0.59919
0.62918
0.66593
0.66358
0.69448
0.6884
0.65043
0.63827
0.60601
0.49435
0.29877
0.4989
0.60742
0.67161
0.68619
0.66948
0.65005
0.5894
0.41076
0.32323
0.21334
0.22062
0.19828
0.19725
0.16626
0.22063
0.21114
0.25081
0.24658
0.27119
0.72101
0.79322
0.8077
0.79364
0.76881
0.75341
0.74772
0.7587
0.78546
0.77454
0.7916
0.80804
0.759
0.74471
0.73542
0.74169
0.76642
0.74389
0.7506
0.77737
0.74468
0.73596
0.71989
0.7152
0.73988
0.73031
0.71588
0.71968
0.71908
0.70178
0.68382
0.6881
0.71285
0.74783
0.73285
0.69017
0.67228
0.70251
0.67825
0.68241
0.73698
0.71606
0.72184
0.69233
0.68573
0.67016
0.68912
0.69865
0.74224
0.74894
0.74122
0.72993
0.70035
0.7043
0.71717
0.73859
0.77244
0.78095
0.79408
0.81169
0.82357
0.82948
0.82624
0.82503
0.8288
0.83574
0.82418
0.85357
0.85328
0.84636
0.82588
0.81568
0.78691
0.68549
0.76195
0.75808
0.74757
0.70353
0.68408
0.70134
0.72318
0.73889
0.7558
0.77036
0.76421
0.74529
0.70789
0.68701
0.70067
0.69639
0.65932
0.64752
0.61333
0.56304
0.55438
0.67068
0.76745
0.75796
0.75631
0.80677
0.81073
0.81149
0.81333
0.82145
0.84055
0.84956
0.86709
0.87113
0.8727
0.86527
0.87385
0.87573
0.89006
0.91183
0.91599
0.90506
0.86607
0.84366
0.8064
0.78477
0.75782
0.75193
0.77092
0.81586
0.81302
0.81493
0.80625
0.80956
0.80363
0.78767
0.74251
0.61054
0.75063
0.7402
0.75466
0.74427
0.72691
0.68324
0.77905
0.77886
0.79928
0.78988
0.80608
0.79535
0.75922
0.77283
0.77429
0.79914
0.76444
0.74045
0.7879
0.76271
0.79431
0.76366
0.75035
0.82004
0.8133
0.76018
0.76983
0.76719
0.76733
0.73141
0.62513
0.55558
0.45636
0.3202
0.27227
0.75559
0.81575
0.85845
0.88214
0.87924
0.85682
0.83157
0.81683
0.83911
0.87753
0.87231
0.84237
0.87947
0.84992
0.81882
0.84968
0.87305
0.81877
0.78348
0.76714
0.77975
0.82261
0.82423
0.82696
0.86462
0.84987
0.82165
0.82351
0.86501
0.85472
0.83066
0.81615
0.84605
0.85568
0.81374
0.78092
0.75697
0.77064
0.80713
0.80218
0.82298
0.85319
0.88835
0.86125
0.83421
0.82053
0.80532
0.7779
0.7775
0.75817
0.71081
0.67127
0.61995
0.59404
0.6052
0.63323
0.68432
0.70936
0.67934
0.72237
0.68197
0.66904
0.71049
0.75685
0.7809
0.82092
0.82344
0.75918
0.74873
0.7814
0.8012
0.8465
0.82672
0.83576
0.85813
0.85053
0.8918
0.83114
0.82768
0.8165
0.8361
0.85098
0.85148
0.75653
0.69102
0.619
0.50084
0.40342
0.31162
0.27316
0.23868
0.3229
0.25629
0.22965
0.20813
0.19157
0.18674
0.27873
0.43203
0.46585
0.43369
0.38229
0.26056
0.20711
0.15711
0.11656
0.11226
0.17079
0.12839
0.1222
0.21273
0.22936
0.26481
0.37331
0.5581
0.7038
0.73159
0.71804
0.74007
0.80815
0.86703
0.85464
0.83761
0.84929
0.80112
0.84592
0.81629
0.845
0.86645
0.84653
0.82257
0.86645
0.79954
0.79026
0.80899
0.7977
0.78236
0.80792
0.80291
0.7536
0.73839
0.73766
0.79406
0.83784
0.8109
0.83308
0.80015
0.81002
0.85305
0.85147
0.82686
0.83616
0.84554
0.8292
0.75173
0.77006
0.87475
0.87335
0.85911
0.83188
0.8385
0.82546
0.80847
0.77378
0.82083
0.79911
0.79096
0.77394
0.77477
0.78525
0.79538
0.77565
0.77038
0.78086
0.75531
0.76571
0.81579
0.84697
0.8279
0.74078
0.76321
0.77143
0.80781
0.78976
0.78655
0.73623
0.66177
0.68492
0.87552
0.8564
0.80397
0.73366
0.76352
0.79241
0.7938
0.83994
0.87447
0.83171
0.81247
0.82434
0.85141
0.85139
0.79337
0.78363
0.86462
0.80444
0.78427
0.79467
0.82344
0.84063
0.84788
0.85423
0.83416
0.82041
0.79752
0.78632
0.81088
0.84046
0.82637
0.84692
0.84475
0.84061
0.81974
0.84466
0.85971
0.86955
0.86465
0.86071
0.85506
0.82331
0.85782
0.84383
0.8628
0.87001
0.86283
0.75876
0.83759
0.87128
0.86208
0.88277
0.89399
0.84274
0.77781
0.76713
0.74809
0.75447
0.84038
0.8291
0.84006
0.86267
0.84698
0.8608
0.84524
0.76107
0.67565
0.69232
0.78602
0.85955
0.86537
0.882
0.88502
0.83589
0.86679
0.8653
0.85671
0.87178
0.81287
0.8035
0.81054
0.93735
0.86388
0.89593
0.92541
0.93948
0.92608
0.8548
0.93294
0.86405
0.8967
0.91272
0.92482
0.915
0.93203
0.96295
0.88113
0.84477
0.88844
0.91281
0.90622
0.86127
0.83962
0.76053
0.73301
0.80093
0.876
0.89832
0.88047
0.88294
0.86014
0.90468
0.78269
0.93253
0.91847
0.92085
0.90761
0.89446
0.87424
0.87372
0.88568
0.92061
0.93507
0.91758
0.91299
0.91428
0.84286
0.79044
0.85122
0.76365
0.76902
0.81401
0.85527
0.90697
0.92678
0.7621
0.70591
0.68896
0.87332
0.85477
0.89643
0.92
0.90709
0.77262
0.86991
0.94419
0.91621
0.88034
0.88987
0.91115
0.75504
0.74381
0.67903
0.79437
0.79841
0.80931
0.86249
0.91458
0.88509
0.87497
0.78299
0.72855
0.78686
0.82797
0.87954
0.90677
0.88356
0.83218
0.71955
0.87204
0.81447
0.84396
0.86697
0.89003
0.92435
0.90427
0.87809
0.88986
0.85435
0.85501
0.87886
0.90035
0.78619
0.76003
0.87555
0.82004
0.81388
0.82948
0.84137
0.87732
0.90084
0.92044
0.92102
0.90561
0.86935
0.8506
0.85798
0.88103
0.89727
0.80597
0.77828
0.75196
0.77126
0.77403
0.73596
0.76425
0.75231
0.72914
0.88498
0.86817
0.85637
0.86955
0.89019
0.84004
0.83878
0.72399
0.68193
0.81925
0.83051
0.83094
0.8739
0.89731
0.84366
0.82326
0.83406
0.8363
0.82937
0.84177
0.87204
0.89018
0.9387
0.82976
0.83595
0.85551
0.82767
0.83064
0.84579
0.87811
0.85948
0.88896
0.89805
0.89483
0.84764
0.84918
0.89232
0.88448
0.84805
0.77354
0.70527
0.89451
0.86976
0.82808
0.87939
0.92694
0.87444
0.75626
0.70064
0.7967
0.86222
0.86984
0.9005
0.88671
0.84494
0.75797
0.76705
0.78082
0.8334
0.83633
0.85501
0.88078
0.90776
0.91754
0.84619
0.82719
0.81803
0.8396
0.83407
0.82163
0.77758
0.78031
0.91634
0.88155
0.86431
0.88561
0.91303
0.89794
0.87825
0.85753
0.75407
0.87923
0.85725
0.88315
0.90249
0.92721
0.84377
0.78411
0.93767
0.94911
0.95099
0.9567
0.95179
0.94113
0.9043
0.89466
0.90155
0.87558
0.82036
0.79996
0.78666
0.82081
0.81053
0.7942
0.71038
0.70902
0.73893
0.7804
0.80371
0.84525
0.71755
0.9069
0.9377
0.93677
0.94092
0.93466
0.91805
0.93623
0.9268
0.88396
0.94193
0.95215
0.9407
0.91067
0.92433
0.90973
0.90346
0.8909
0.92259
0.89783
0.87745
0.86308
0.8893
0.86764
0.81774
0.75447
0.80633
0.85794
0.85691
0.83693
0.846
0.8627
0.78552
0.69732
0.89464
0.90378
0.8941
0.87219
0.86291
0.84569
0.84812
0.86323
0.84264
0.84466
0.8241
0.8396
0.87179
0.91969
0.94384
0.93503
0.94531
0.92776
0.9018
0.90051
0.91535
0.88162
0.83516
0.84784
0.84485
0.85477
0.93346
0.87497
0.89562
0.88797
0.70788
0.6708
0.66158
0.68267
0.7335
0.79182
0.7684
0.78964
0.73703
0.68141
0.64305
0.64528
0.63986
0.65551
0.67609
0.66728
0.7223
0.70647
0.66301
0.65617
0.63127
0.61212
0.61711
0.63188
0.62155
0.65071
0.65322
0.67557
0.71548
0.78838
0.81083
0.85488
0.87919
0.84995
0.89539
0.88673
0.8588
0.85515
0.85037
0.85299
0.86186
0.85943
0.86222
0.85274
0.85352
0.85724
0.85273
0.86042
0.87229
0.87125
0.8892
0.84218
0.85095
0.82756
0.84145
0.8667
0.87631
0.82657
0.83062
0.84916
0.84685
0.82865
0.81614
0.84457
0.85068
0.84589
0.85498
0.8337
0.82939
0.82916
0.82178
0.821
0.84198
0.8145
0.80388
0.78062
0.7628
0.76789
0.76584
0.8084
0.8374
0.8336
0.84097
0.8309
0.8157
0.80355
0.80591
0.83587
0.8297
0.82059
0.82367
0.7989
0.77926
0.74611
0.75717
0.80224
0.82849
0.85943
0.86872
0.87166
0.89149
0.88798
0.89043
0.90058
0.88762
0.88331
0.88846
0.87421
0.8897
0.90135
0.88586
0.88918
0.86421
0.87151
0.91246
0.89827
0.88601
0.88047
0.87127
0.89127
0.89264
0.92271
0.90043
0.86906
0.85262
0.85029
0.8391
0.85215
0.87872
0.89419
0.88339
0.85604
0.84069
0.83053
0.8335
0.85782
0.87291
0.87167
0.87199
0.85659
0.86755
0.86308
0.86553
0.88053
0.85274
0.85824
0.88043
0.8547
0.8424
0.86116
0.86057
0.86754
0.85708
0.70894
0.82015
0.8464
0.80146
0.80392
0.81619
0.8328
0.84937
0.82657
0.7544
0.7428
0.76499
0.76746
0.7908
0.83024
0.84157
0.85151
0.84807
0.83671
0.83617
0.83237
0.83778
0.82944
0.81587
0.82576
0.82504
0.81547
0.81626
0.85029
0.85487
0.86956
0.86068
0.8667
0.85112
0.82925
0.84162
0.83684
0.84632
0.86482
0.84674
0.85223
0.8463
0.85172
0.84353
0.83814
0.83733
0.84855
0.85221
0.86481
0.86046
0.82927
0.83061
0.84015
0.83877
0.8455
0.87084
0.89423
0.90779
0.8954
0.91119
0.92521
0.91569
0.7556
0.76969
0.85603
0.84909
0.80815
0.76902
0.77865
0.78438
0.79671
0.82295
0.83553
0.84285
0.81637
0.78924
0.80584
0.81279
0.81093
0.80339
0.86663
0.88393
0.88332
0.88148
0.86621
0.85758
0.84454
0.81989
0.81731
0.80583
0.74888
0.76072
0.76542
0.76326
0.76762
0.76321
0.7691
0.76177
0.71203
0.66424
0.68023
0.7613
0.82065
0.8727
0.87315
0.84018
0.8211
0.81702
0.81808
0.80314
0.79192
0.77885
0.76044
0.7766
0.78617
0.77704
0.78994
0.75407
0.74599
0.72753
0.74206
0.78189
0.74778
0.77904
0.73989
0.77174
0.77636
0.75854
0.75755
0.75024
0.73619
0.71716
0.73209
0.76425
0.7359
0.7464
0.75291
0.76048
0.74455
0.74114
0.78694
0.74544
0.77505
0.76287
0.75412
0.759
0.71572
0.7378
0.76052
0.76455
0.78708
0.8024
0.80389
0.77951
0.74684
0.73713
0.72458
0.71866
0.72291
0.74731
0.78276
0.78181
0.78078
0.75197
0.73306
0.7665
0.76824
0.78504
0.78083
0.74423
0.73668
0.7236
0.71469
0.66426
0.6162
0.57126
0.48839
0.40124
0.33483
0.24906
0.24692
0.23265
0.26645
0.56154
0.53917
0.61754
0.72033
0.76519
0.80474
0.8184
0.83751
0.86696
0.87411
0.86631
0.86196
0.85737
0.85185
0.8564
0.87467
0.86965
0.86679
0.8461
0.81911
0.83925
0.84745
0.84684
0.85996
0.85825
0.857
0.85047
0.82879
0.83263
0.83842
0.83753
0.83087
0.85109
0.8622
0.84744
0.84964
0.8506
0.83493
0.83773
0.82979
0.84317
0.84656
0.82408
0.81837
0.84865
0.84897
0.85919
0.87421
0.84187
0.84799
0.84562
0.84086
0.83582
0.83661
0.81174
0.81288
0.81458
0.82841
0.82907
0.8292
0.83105
0.8272
0.82581
0.83275
0.8275
0.82721
0.81719
0.81931
0.8276
0.81685
0.77814
0.76594
0.76604
0.78835
0.75943
0.73925
0.7326
0.75895
0.76436
0.76483
0.78194
0.80309
0.7994
0.75604
0.72179
0.72496
0.74228
0.76665
0.77122
0.76416
0.74648
0.73764
0.74195
0.72091
0.71519
0.72359
0.73332
0.72778
0.70803
0.69152
0.67538
0.66562
0.6704
0.66949
0.69188
0.68907
0.69441
0.63012
0.6987
0.67668
0.66316
0.66864
0.67226
0.71559
0.7242
0.74324
0.73095
0.71361
0.68633
0.71082
0.73556
0.75547
0.7724
0.79144
0.79159
0.80445
0.82567
0.83925
0.8157
0.79976
0.79128
0.76728
0.72692
0.69606
0.71096
0.70639
0.74071
0.76595
0.77879
0.78568
0.79204
0.79645
0.79702
0.79561
0.77177
0.76372
0.75996
0.76086
0.76388
0.77106
0.77785
0.78795
0.78951
0.82148
0.83166
0.84433
0.85408
0.85429
0.85376
0.84323
0.84416
0.84748
0.85018
0.85026
0.85148
0.85392
0.84449
0.81561
0.82175
0.82153
0.81367
0.7898
0.74724
0.74335
0.73614
0.76296
0.7536
0.74867
0.72609
0.76195
0.72788
0.73963
0.75055
0.76462
0.70692
0.7353
0.72707
0.7322
0.73166
0.76023
0.63761
0.57192
0.62953
0.75242
0.58816
0.72896
0.72814
0.72958
0.74607
0.76117
0.75508
0.74966
0.73293
0.73553
0.75717
0.76986
0.75455
0.76198
0.79066
0.80297
0.78043
0.72975
0.69683
0.69327
0.70955
0.72721
0.70651
0.70402
0.69615
0.68859
0.6952
0.69999
0.71563
0.73272
0.74025
0.74701
0.73664
0.71118
0.71031
0.69399
0.6913
0.69029
0.6943
0.68603
0.67309
0.67236
0.67271
0.66887
0.65281
0.62866
0.61974
0.63622
0.64992
0.65087
0.71426
0.65472
0.63061
0.62763
0.65785
0.77111
0.76164
0.66689
0.68712
0.66724
0.7012
0.70303
0.67628
0.67659
0.66191
0.66178
0.65435
0.64472
0.63611
0.63185
0.61907
0.63005
0.6197
0.62161
0.66458
0.70581
0.71927
0.73947
0.75295
0.77473
0.76557
0.75175
0.7527
0.73661
0.71355
0.70865
0.74477
0.73987
0.76332
0.7688
0.76682
0.72991
0.69836
0.67514
0.68545
0.68678
0.6991
0.70874
0.68505
0.70568
0.70798
0.66052
0.64883
0.6333
0.67975
0.60451
0.38348
0.72984
0.77615
0.81454
0.82828
0.82884
0.80618
0.79605
0.82115
0.81168
0.83122
0.84997
0.84866
0.85136
0.8694
0.82547
0.77328
0.77669
0.77656
0.7816
0.7887
0.79595
0.79967
0.80028
0.77287
0.76028
0.7431
0.75221
0.7471
0.74457
0.74285
0.71997
0.70961
0.71929
0.76812
0.72752
0.74216
0.72646
0.72828
0.72422
0.70519
0.69088
0.68018
0.67702
0.68562
0.68922
0.70926
0.71411
0.69594
0.71304
0.71246
0.69173
0.67461
0.64947
0.64058
0.64629
0.65447
0.66697
0.68298
0.68036
0.72637
0.6663
0.71741
0.71542
0.72294
0.74458
0.71933
0.70229
0.7002
0.70504
0.71218
0.70871
0.71037
0.7135
0.70826
0.70791
0.70906
0.70352
0.69976
0.72187
0.74185
0.72567
0.70833
0.71807
0.68633
0.69889
0.60734
0.60795
0.66488
0.62041
0.65722
0.64317
0.65276
0.65489
0.66228
0.64093
0.61564
0.58621
0.58135
0.63801
0.6083
0.60089
0.61703
0.62583
0.59514
0.61369
0.69314
0.64665
0.57494
0.50019
0.45452
0.41806
0.48044
0.68934
0.72154
0.71167
0.71813
0.71111
0.65835
0.63485
0.65953
0.649
0.64577
0.66022
0.62314
0.65831
0.65351
0.6575
0.66832
0.72396
0.7477
0.78507
0.80896
0.81843
0.83678
0.83832
0.83748
0.837
0.81659
0.82444
0.83839
0.80814
0.83375
0.82379
0.81001
0.79401
0.76838
0.74797
0.79984
0.82303
0.8661
0.845
0.8645
0.84037
0.83746
0.8284
0.81633
0.78087
0.76747
0.74218
0.7511
0.73767
0.73246
0.73397
0.71219
0.69725
0.72874
0.70157
0.70648
0.66648
0.68089
0.70681
0.73024
0.75971
0.74401
0.74251
0.73235
0.74577
0.75781
0.74374
0.75561
0.77108
0.77387
0.77097
0.75474
0.72835
0.71051
0.67398
0.68666
0.64646
0.64244
0.64499
0.62182
0.61131
0.5643
0.65452
0.65044
0.67626
0.72217
0.73519
0.75199
0.73121
0.72094
0.69713
0.67112
0.6537
0.68907
0.64677
0.67541
0.65236
0.64724
0.66477
0.64889
0.62629
0.66308
0.64326
0.61965
0.61363
0.60533
0.59764
0.58361
0.58581
0.59732
0.59338
0.58675
0.5971
0.59177
0.59776
0.59487
0.58757
0.5874
0.58602
0.58485
0.60447
0.60568
0.60839
0.61237
0.60963
0.57757
0.56158
0.55888
0.56026
0.558
0.55888
0.56421
0.56633
0.56636
0.56809
0.56453
0.56292
0.56582
0.56512
0.5594
0.56055
0.57305
0.58712
0.56749
0.56409
0.56611
0.56281
0.55799
0.55709
0.54629
0.54446
0.55492
0.56428
0.56255
0.55454
0.55639
0.55889
0.56046
0.56225
0.56353
0.56477
0.56356
0.56875
0.5645
0.56666
0.56291
0.56411
0.55754
0.5565
0.56256
0.56122
0.55134
0.55184
0.4667
0.38569
0.41451
0.59144
0.62669
0.64248
0.64335
0.64206
0.62941
0.62196
0.61835
0.58888
0.58284
0.5804
0.5792
0.5756
0.5752
0.57307
0.57803
0.56937
0.56758
0.57496
0.57018
0.57408
0.57379
0.57592
0.63506
0.59926
0.60693
0.65092
0.60284
0.57651
0.57661
0.54162
0.49595
0.39604
0.37738
0.72456
0.75007
0.76641
0.77148
0.77104
0.7471
0.70846
0.67407
0.65816
0.66318
0.70073
0.7224
0.75946
0.73996
0.75052
0.77782
0.79036
0.7814
0.75923
0.73549
0.73232
0.73338
0.74527
0.75226
0.75315
0.7511
0.74508
0.76394
0.78029
0.77944
0.77119
0.77001
0.76782
0.77666
0.79167
0.80505
0.81189
0.81404
0.81411
0.81713
0.79992
0.78376
0.7831
0.79606
0.77944
0.76123
0.75372
0.75113
0.74621
0.75697
0.75983
0.74798
0.73873
0.73478
0.72844
0.7384
0.6866
0.63163
0.61986
0.6114
0.60499
0.60234
0.60097
0.59484
0.58866
0.58212
0.59198
0.57784
0.56773
0.57073
0.5724
0.57741
0.58536
0.59781
0.58552
0.6171
0.63023
0.63115
0.62064
0.62799
0.64761
0.61786
0.62757
0.63061
0.63764
0.62944
0.6112
0.6081
0.60033
0.58836
0.5764
0.58799
0.59588
0.6045
0.62057
0.62599
0.62627
0.61712
0.60852
0.60359
0.61746
0.60696
0.60612
0.60313
0.59911
0.5968
0.60798
0.60417
0.65186
0.60962
0.59743
0.59727
0.60011
0.60883
0.63659
0.61381
0.59598
0.50939
0.51215
0.57788
0.53528
0.52755
0.50684
0.50045
0.5066
0.4922
0.51388
0.57675
0.5785
0.58833
0.63214
0.65491
0.65753
0.65657
0.65142
0.64759
0.647
0.6409
0.63416
0.62594
0.62441
0.59432
0.58372
0.57675
0.575
0.57665
0.56904
0.56759
0.5636
0.55456
0.55433
0.55324
0.56712
0.55613
0.5513
0.55487
0.56319
0.57481
0.59791
0.57817
0.57173
0.56988
0.55982
0.56865
0.56539
0.56326
0.56526
0.55794
0.55507
0.55455
0.56414
0.56605
0.57314
0.56583
0.56067
0.5544
0.55033
0.54648
0.55244
0.56324
0.57872
0.58055
0.58668
0.59702
0.58956
0.59284
0.58643
0.62742
0.62754
0.63929
0.63735
0.63502
0.63587
0.64828
0.65712
0.68659
0.61851
0.60467
0.58396
0.54614
0.53693
0.56519
0.5706
0.5769
0.57082
0.57178
0.56207
0.56868
0.56714
0.57168
0.57201
0.57623
0.58959
0.60061
0.62792
0.67779
0.70935
0.74624
0.7733
0.75391
0.71094
0.7394
0.73702
0.75944
0.77279
0.79173
0.79983
0.7945
0.73546
0.58956
0.4432
0.31354
0.25822
0.21414
0.2358
0.22274
0.19517
0.19549
0.20918
0.26577
0.25359
0.20914
0.22292
0.28603
0.26604
0.27641
0.30055
0.31188
0.36746
0.35257
0.42121
0.58948
0.65262
0.68189
0.64907
0.43954
0.40895
0.39349
0.35833
0.28984
0.23413
