0.61278
0.61595
0.61775
0.59803
0.64515
0.64622
0.60427
0.60003
0.61472
0.59749
0.58766
0.58433
0.5761
0.56645
0.56422
0.56459
0.55822
0.55224
0.5463
0.55345
0.5536
0.55575
0.49902
0.35948
0.2552
0.23603
0.22951
0.34173
0.32782
0.30224
0.35672
0.62898
0.62027
0.66392
0.65933
0.654
0.65452
0.652
0.64187
0.63495
0.63314
0.65367
0.63216
0.67107
0.64327
0.65605
0.64478
0.65028
0.65292
0.64107
0.62326
0.64348
0.62714
0.61481
0.61284
0.60021
0.60285
0.58554
0.58083
0.5924
0.59112
0.58856
0.58761
0.58527
0.58077
0.5683
0.58542
0.56727
0.57215
0.57828
0.57121
0.56413
0.55692
0.55587
0.55252
0.55859
0.55922
0.56174
0.56051
0.57178
0.56957
0.56476
0.57258
0.5783
0.58165
0.57384
0.55597
0.56421
0.55308
0.54952
0.55215
0.55892
0.55222
0.55006
0.55128
0.54646
0.54518
0.54777
0.54658
0.54727
0.57887
0.60067
0.57773
0.56707
0.55937
0.5743
0.5758
0.57253
0.57024
0.5582
0.5559
0.55682
0.56365
0.56971
0.57482
0.59927
0.61858
0.62619
0.62405
0.65467
0.67267
0.68509
0.67623
0.68329
0.68165
0.68174
0.64301
0.63907
0.6084
0.56793
0.35415
0.60605
0.62396
0.65174
0.65804
0.67391
0.6908
0.68968
0.69354
0.69728
0.69741
0.68931
0.67751
0.66956
0.6656
0.67714
0.65363
0.65772
0.66171
0.66188
0.66202
0.66218
0.65195
0.63116
0.61414
0.59881
0.58488
0.58312
0.56299
0.5544
0.55537
0.55715
0.5637
0.56314
0.56318
0.57161
0.57071
0.5457
0.52379
0.47878
0.37893
0.35947
0.69884
0.70044
0.69164
0.67549
0.65752
0.6259
0.63041
0.60716
0.61584
0.61448
0.61883
0.62217
0.6311
0.636
0.63748
0.64737
0.67409
0.69713
0.71987
0.7357
0.75045
0.74999
0.74019
0.72541
0.71278
0.70382
0.673
0.6743
0.68614
0.67877
0.67483
0.67325
0.70642
0.74306
0.75174
0.7634
0.76736
0.7527
0.74295
0.73434
0.72763
0.71837
0.69858
0.68715
0.70878
0.73489
0.72124
0.73931
0.74866
0.76436
0.79405
0.76715
0.76879
0.75449
0.6908
0.69043
0.67744
0.65277
0.63421
0.61639
0.60428
0.61324
0.60464
0.60815
0.59288
0.61293
0.58993
0.6095
0.62534
0.64785
0.65629
0.63323
0.64928
0.6205
0.59246
0.57819
0.57067
0.56614
0.56387
0.56949
0.55625
0.56085
0.55889
0.55364
0.56119
0.55944
0.56855
0.56104
0.57024
0.56965
0.58137
0.57493
0.56874
0.56645
0.56654
0.57084
0.57723
0.59869
0.59247
0.58622
0.57949
0.58194
0.57746
0.57186
0.57034
0.60307
0.57352
0.56761
0.57585
0.58688
0.59194
0.63968
0.68141
0.7021
0.70577
0.71137
0.72015
0.70739
0.69069
0.68084
0.66702
0.64599
0.63813
0.63352
0.62961
0.63493
0.69907
0.716
0.73465
0.71696
0.65276
0.65326
0.64145
0.61186
0.61274
0.62446
0.62372
0.6309
0.6079
0.60846
0.58514
0.60967
0.59581
0.53031
0.48092
0.706
0.72487
0.73248
0.73304
0.73448
0.74602
0.72469
0.72431
0.70599
0.68289
0.67593
0.68512
0.7432
0.78378
0.76757
0.76618
0.74125
0.76392
0.76359
0.77475
0.7674
0.77489
0.75565
0.76394
0.72852
0.7378
0.70807
0.67141
0.64408
0.62307
0.60196
0.59966
0.58159
0.57519
0.58574
0.57061
0.57331
0.57771
0.57147
0.56616
0.55606
0.55665
0.5631
0.55614
0.5604
0.57817
0.57374
0.59282
0.62043
0.64462
0.66623
0.67118
0.67962
0.65088
0.62597
0.62061
0.60881
0.61918
0.61562
0.61331
0.60365
0.61264
0.66312
0.6661
0.66247
0.65498
0.65277
0.66753
0.65561
0.64176
0.64211
0.65042
0.60647
0.59728
0.62013
0.66369
0.71086
0.74521
0.72486
0.71589
0.70652
0.69535
0.68853
0.68177
0.6732
0.66622
0.6485
0.63125
0.61092
0.62968
0.689
0.74571
0.80302
0.83626
0.85223
0.84975
0.84948
0.83586
0.83183
0.82964
0.82608
0.82478
0.81401
0.81447
0.77481
0.74801
0.72528
0.70713
0.70276
0.70127
0.69341
0.69408
0.69231
0.672
0.64605
0.64998
0.61792
0.62696
0.59463
0.58309
0.59036
0.57118
0.57077
0.55486
0.57256
0.55879
0.5468
0.5582
0.56212
0.55881
0.54657
0.54538
0.56514
0.60563
0.61071
0.62924
0.60733
0.60703
0.6055
0.61657
0.63455
0.65741
0.67484
0.73716
0.77765
0.80297
0.8262
0.83945
0.84092
0.84033
0.82765
0.81421
0.81022
0.8033
0.76961
0.74967
0.74846
0.76244
0.76077
0.74364
0.71715
0.676
0.64126
0.62658
0.60163
0.59806
0.58627
0.58584
0.57484
0.5595
0.56304
0.58623
0.58312
0.58792
0.59134
0.59854
0.61051
0.62554
0.62389
0.62707
0.63585
0.67265
0.70598
0.69206
0.58384
0.60549
0.57972
0.58289
0.56529
0.5425
0.5509
0.63352
0.68661
0.71113
0.71262
0.70842
0.70595
0.70498
0.70537
0.68699
0.67467
0.65135
0.63215
0.6242
0.67353
0.67293
0.66436
0.66243
0.66324
0.66244
0.64235
0.63507
0.61629
0.61366
0.61241
0.64768
0.66445
0.63777
0.62171
0.63731
0.65595
0.67598
0.6895
0.69647
0.68464
0.65538
0.61531
0.59359
0.58
0.56815
0.56436
0.50532
0.32488
0.40717
0.63228
0.67635
0.74468
0.73328
0.76004
0.78669
0.80064
0.80682
0.80914
0.81077
0.81136
0.78485
0.78344
0.79008
0.79716
0.80288
0.80428
0.79493
0.76775
0.73321
0.74787
0.76783
0.76414
0.75244
0.73879
0.72518
0.71335
0.69758
0.68765
0.7039
0.70593
0.68421
0.65997
0.70099
0.68932
0.66532
0.68657
0.74315
0.74497
0.73821
0.73692
0.74922
0.75973
0.7503
0.73312
0.72732
0.72975
0.71567
0.70143
0.67288
0.64493
0.63906
0.62945
0.67416
0.69652
0.68642
0.69121
0.68504
0.69287
0.69175
0.68132
0.68493
0.71398
0.72147
0.70943
0.68635
0.66106
0.65612
0.63518
0.64884
0.65196
0.65552
0.64553
0.64794
0.68415
0.69323
0.67628
0.71172
0.70257
0.67617
0.65807
0.60432
0.5977
0.59572
0.6244
0.61817
0.65533
0.68706
0.69
0.65346
0.63462
0.61334
0.62143
0.63647
0.64466
0.6352
0.61747
0.60986
0.60669
0.60647
0.60998
0.63221
0.6373
0.62284
0.61802
0.6022
0.59533
0.58904
0.5926
0.61656
0.62245
0.61168
0.68992
0.67359
0.72484
0.7605
0.75839
0.74465
0.74951
0.76423
0.75966
0.7466
0.74738
0.71038
0.73022
0.74227
0.7478
0.74807
0.74127
0.71917
0.70415
0.68766
0.66895
0.66738
0.67499
0.69634
0.6722
0.68861
0.69071
0.69488
0.73034
0.77282
0.79007
0.79199
0.78867
0.76726
0.75675
0.71041
0.65168
0.5874
0.56029
0.6171
0.76208
0.76672
0.72128
0.72047
0.72667
0.74049
0.73318
0.73382
0.7187
0.71054
0.7215
0.74695
0.73842
0.71103
0.72058
0.74119
0.74994
0.73019
0.72761
0.71818
0.73623
0.7746
0.77863
0.77293
0.76352
0.78027
0.74442
0.78092
0.79697
0.82638
0.83052
0.84285
0.84039
0.71347
0.6799
0.61655
0.63465
0.62282
0.60303
0.58145
0.5292
0.54214
0.4981
0.45335
0.52748
0.44709
0.43167
0.52262
0.568
0.62362
0.66819
0.70306
0.67257
0.70931
0.72955
0.74719
0.76637
0.74976
0.70182
0.70753
0.72688
0.76082
0.77603
0.75404
0.72951
0.71407
0.70645
0.70324
0.73147
0.76669
0.81876
0.79096
0.78139
0.77487
0.82248
0.7638
0.77033
0.75193
0.66586
0.71091
0.77758
0.79088
0.80361
0.79582
0.82393
0.81273
0.82094
0.80589
0.78952
0.78107
0.77117
0.7403
0.73814
0.7442
0.76862
0.7359
0.71613
0.72201
0.73103
0.73839
0.76635
0.793
0.81326
0.82279
0.81908
0.80903
0.76682
0.77501
0.78214
0.80635
0.81115
0.7751
0.75454
0.77358
0.7747
0.77245
0.77083
0.77092
0.78945
0.78751
0.7789
0.76245
0.75945
0.72973
0.71131
0.71335
0.71272
0.72734
0.7468
0.72945
0.71584
0.71024
0.71774
0.75679
0.72371
0.73719
0.71234
0.75304
0.67654
0.7097
0.7251
0.73286
0.73451
0.72158
0.66847
0.66794
0.7078
0.69419
0.7483
0.75616
0.74258
0.74329
0.67956
0.71552
0.71472
0.7192
0.72402
0.69314
0.71069
0.69514
0.7035
0.68201
0.67283
0.67882
0.70856
0.74423
0.75974
0.73998
0.70213
0.67441
0.68918
0.72165
0.76382
0.79459
0.80221
0.7907
0.77911
0.76128
0.72709
0.71296
0.73736
0.76326
0.78071
0.76932
0.72389
0.71877
0.69808
0.69674
0.72572
0.76524
0.7655
0.7611
0.74116
0.73347
0.71196
0.70441
0.73988
0.74294
0.74268
0.7403
0.7053
0.68896
0.66971
0.66212
0.68283
0.70713
0.72986
0.76237
0.78451
0.79588
0.79985
0.79854
0.78565
0.78183
0.7412
0.77722
0.73441
0.75576
0.75985
0.76705
0.79196
0.76328
0.77477
0.78926
0.77319
0.76994
0.76297
0.76783
0.70549
0.70238
0.52869
0.49244
0.72649
0.72554
0.71117
0.7041
0.74366
0.7481
0.55874
0.68281
0.66116
0.63584
0.61727
0.62546
0.64917
0.692
0.69181
0.67963
0.65849
0.66195
0.65729
0.64133
0.67276
0.66919
0.63709
0.58711
0.55474
0.57737
0.67697
0.62676
0.67443
0.70661
0.70156
0.68042
0.70485
0.66089
0.61565
0.60886
0.6494
0.70588
0.65966
0.63095
0.70039
0.69306
0.68179
0.66879
0.69464
0.70284
0.70674
0.74048
0.71404
0.72254
0.71847
0.71162
0.72354
0.72315
0.73913
0.78313
0.77755
0.77393
0.75941
0.75083
0.74771
0.71703
0.72024
0.77356
0.72941
0.68635
0.67903
0.72553
0.72985
0.7333
0.73848
0.74069
0.73689
0.65809
0.65088
0.67632
0.73418
0.72996
0.72311
0.71123
0.70396
0.72488
0.75834
0.73257
0.78055
0.77863
0.78918
0.80567
0.79948
0.80097
0.78269
0.7968
0.747
0.69925
0.75155
0.71807
0.74042
0.73349
0.72968
0.7529
0.78878
0.78244
0.79415
0.81423
0.8083
0.80941
0.8141
0.81418
0.78961
0.75985
0.6996
0.76653
0.74581
0.7699
0.76693
0.79525
0.83678
0.86769
0.88538
0.91191
0.88566
0.85238
0.79833
0.68851
0.73329
0.70824
0.86224
0.89635
0.89477
0.87904
0.86846
0.79607
0.82278
0.74747
0.73427
0.72933
0.76816
0.79061
0.74351
0.6817
0.73212
0.63032
0.60449
0.61414
0.79972
0.787
0.79455
0.82456
0.85857
0.87442
0.87848
0.8661
0.82799
0.79626
0.77065
0.81623
0.83704
0.87914
0.85391
0.87177
0.85539
0.86461
0.85584
0.85386
0.83199
0.8187
0.82407
0.86119
0.85099
0.84435
0.83002
0.83402
0.82022
0.7953
0.7883
0.71734
0.73161
0.80508
0.82534
0.84674
0.85318
0.79366
0.82078
0.80647
0.84818
0.85162
0.84543
0.85547
0.83821
0.84181
0.78404
0.85746
0.82129
0.80355
0.81129
0.82768
0.85
0.87667
0.88095
0.81988
0.79957
0.83788
0.827
0.84813
0.79569
0.76803
0.88375
0.89909
0.8725
0.82285
0.80118
0.80651
0.85836
0.86307
0.86679
0.87339
0.86037
0.8706
0.87531
0.87833
0.8088
0.73946
0.89363
0.90699
0.90246
0.87844
0.83052
0.82798
0.82511
0.81918
0.85323
0.8387
0.83242
0.79887
0.80526
0.81354
0.83036
0.82957
0.82941
0.83102
0.81024
0.7777
0.77126
0.80786
0.84651
0.86148
0.83421
0.79815
0.78625
0.77323
0.7803
0.81235
0.83584
0.79861
0.74874
0.80605
0.79329
0.75597
0.76693
0.80305
0.80772
0.77652
0.76406
0.75153
0.72701
0.74005
0.77789
0.77664
0.806
0.80098
0.7501
0.72995
0.68558
0.67885
0.70461
0.73228
0.75995
0.73878
0.73104
0.68976
0.6657
0.69413
0.74431
0.75415
0.80385
0.80097
0.79769
0.78581
0.74821
0.77514
0.76114
0.79765
0.7907
0.75017
0.69903
0.68063
0.66847
0.66704
0.67931
0.68429
0.68024
0.67787
0.65997
0.6372
0.56064
0.4907
0.42479
0.38749
0.40682
0.50691
0.51329
0.55008
0.58616
0.64734
0.66334
0.64868
0.60529
0.62024
0.60721
0.68568
0.62408
0.55287
0.46436
0.42327
0.42303
0.49472
0.48481
0.52049
0.50696
0.45868
0.43399
0.43276
0.43575
0.51077
0.5731
0.52959
0.57157
0.62181
0.77701
0.82541
0.86876
0.86336
0.87157
0.87222
0.8617
0.84184
0.77241
0.73562
0.56164
0.56386
0.75677
0.88337
0.79595
0.83745
0.88542
0.89034
0.85271
0.68361
0.60675
0.59869
0.65483
0.77235
0.73748
0.74174
0.83801
0.83086
0.76138
0.69045
0.62579
0.68586
0.74764
0.86446
0.85395
0.80033
0.69788
0.73657
0.73343
0.6607
0.68044
0.85368
0.89715
0.87996
0.84469
0.81865
0.82215
0.842
0.86035
0.90003
0.9044
0.81166
0.70007
0.7626
0.89443
0.90531
0.89628
0.88849
0.86214
0.82778
0.81695
0.8803
0.82974
0.81792
0.83726
0.87142
0.89285
0.88799
0.90032
0.94191
0.93381
0.8968
0.86009
0.82573
0.85316
0.84361
0.84781
0.8594
0.84274
0.79262
0.76979
0.78938
0.81043
0.80087
0.74711
0.69646
0.86265
0.86494
0.85507
0.84774
0.86135
0.77361
0.70065
0.72064
0.86639
0.86676
0.83562
0.88479
0.87093
0.87365
0.8745
0.78183
0.82481
0.85603
0.8689
0.88601
0.85765
0.81749
0.75527
0.75466
0.67833
0.55191
0.4514
0.42994
0.46722
0.51045
0.50203
0.54284
0.58538
0.6171
0.62999
0.74962
0.80091
0.863
0.83833
0.76165
0.67247
0.65407
0.60463
0.58758
0.58232
0.57196
0.52656
0.5842
0.70775
0.82941
0.85373
0.87586
0.86782
0.8381
0.78821
0.79405
0.85519
0.87592
0.88574
0.88663
0.8748
0.87578
0.89109
0.91585
0.87553
0.89181
0.87893
0.86169
0.83295
0.76039
0.73705
0.80025
0.84585
0.87705
0.88286
0.89371
0.88711
0.89551
0.85984
0.89271
0.88744
0.83539
0.84384
0.88151
0.85839
0.74928
0.76396
0.76848
0.82722
0.8559
0.87306
0.87484
0.88794
0.86945
0.75517
0.9127
0.88641
0.83946
0.82149
0.87276
0.88945
0.91417
0.895
0.88812
0.88126
0.87504
0.87402
0.8965
0.89082
0.82817
0.68923
0.70897
0.88599
0.89101
0.88332
0.91162
0.90222
0.89861
0.89307
0.80978
0.92141
0.90781
0.89732
0.88035
0.8388
0.79665
0.70137
0.79483
0.83817
0.83999
0.86062
0.86303
0.83362
0.78362
0.76219
0.93403
0.90845
0.88083
0.86135
0.86621
0.88126
0.7802
0.77666
0.79216
0.72735
0.82396
0.83164
0.87876
0.90812
0.88475
0.91796
0.86042
0.92118
0.8955
0.89765
0.88003
0.87195
0.88869
0.89455
0.82165
0.77417
0.8121
0.81439
0.84282
0.88329
0.91875
0.93979
0.93899
0.90813
0.89558
0.90622
0.88959
0.87186
0.88267
0.88066
0.92993
0.92614
0.90108
0.88555
0.91078
0.92641
0.82387
0.70083
0.70416
0.67471
0.70788
0.76305
0.7817
0.7946
0.74013
0.85069
0.88574
0.87375
0.89977
0.90275
0.90626
0.88029
0.84617
0.88544
0.88757
0.94133
0.91282
0.87621
0.89262
0.88023
0.86747
0.86049
0.79019
0.79707
0.81647
0.84216
0.87239
0.867
0.87289
0.83425
0.88186
0.87077
0.8698
0.86603
0.88527
0.90824
0.85746
0.83123
0.87422
0.91638
0.87248
0.88098
0.87857
0.88695
0.8618
0.87323
0.89779
0.87943
0.87355
0.86994
0.8717
0.88505
0.85749
0.90617
0.91166
0.82935
0.76916
0.81755
0.83892
0.8845
0.88534
0.88408
0.88938
0.85794
0.8377
0.85572
0.9021
0.9022
0.85822
0.83605
0.9089
0.91077
0.8387
0.88678
0.88595
0.87587
0.88288
0.87632
0.83721
0.81256
0.84416
0.88557
0.85567
0.86188
0.85043
0.86434
0.87471
0.8577
0.86522
0.85778
0.87237
0.86071
0.87485
0.88075
0.8753
0.86049
0.82995
0.82079
0.84161
0.86428
0.89552
0.91772
0.87226
0.84618
0.83376
0.82224
0.8317
0.85545
0.89973
0.86272
0.84496
0.77469
0.79131
0.75815
0.6854
0.70559
0.69476
0.64472
0.59395
0.52293
0.48623
0.49462
0.46151
0.46367
0.44271
0.41226
0.39399
0.36971
0.37875
0.39498
0.41236
0.42312
0.44816
0.45745
0.43212
0.38767
0.36745
0.33208
0.35353
0.40865
0.53891
0.63999
0.65351
0.65616
0.67426
0.73957
0.81568
0.85673
0.85737
0.88582
0.90102
0.89532
0.85987
0.88537
0.8781
0.88553
0.89226
0.83427
0.77467
0.72902
0.70253
0.66924
0.69785
0.74537
0.78024
0.71699
0.70176
0.79437
0.7815
0.8351
0.85032
0.8471
0.77407
0.78489
0.85207
0.82863
0.86005
0.82084
0.83973
0.85337
0.83646
0.82259
0.84338
0.81222
0.79842
0.81301
0.84336
0.85235
0.80688
0.81033
0.83303
0.81265
0.8118
0.80223
0.81133
0.8051
0.80839
0.79187
0.84179
0.82029
0.81457
0.81251
0.82151
0.84696
0.86009
0.87208
0.86642
0.83698
0.79176
0.80871
0.82459
0.84756
0.83661
0.8324
0.84858
0.84144
0.84492
0.8349
0.85201
0.88078
0.85634
0.78286
0.85395
0.80936
0.78565
0.81988
0.83928
0.84608
0.8526
0.88191
0.8851
0.89336
0.87945
0.83179
0.81202
0.82714
0.79352
0.86455
0.83976
0.84117
0.84065
0.84183
0.84645
0.85077
0.85354
0.8377
0.83837
0.81974
0.80418
0.79343
0.79438
0.83176
0.82948
0.79592
0.82385
0.79687
0.80886
0.78018
0.80845
0.84293
0.84534
0.84337
0.85225
0.83446
0.84946
0.84231
0.84659
0.87027
0.86503
0.89313
0.89624
0.86913
0.88116
0.86846
0.86426
0.85307
0.85006
0.8375
0.87679
0.84212
0.84905
0.85235
0.85332
0.84428
0.81971
0.82317
0.85396
0.82771
0.79882
0.77522
0.80501
0.8426
0.82671
0.79885
0.77378
0.76286
0.7961
0.83602
0.83917
0.84612
0.85922
0.84196
0.89716
0.84229
0.84177
0.82214
0.83427
0.85694
0.87447
0.85478
0.86778
0.84453
0.8551
0.85844
0.86595
0.88145
0.86209
0.86227
0.83037
0.82803
0.82543
0.83783
0.88887
0.91635
0.93069
0.92239
0.90836
0.89723
0.87385
0.85386
0.87575
0.88503
0.90266
0.90599
0.91019
0.91247
0.90123
0.89979
0.91085
0.91844
0.91728
0.92629
0.93293
0.92778
0.90916
0.90406
0.91567
0.89747
0.89198
0.87821
0.88946
0.87287
0.85692
0.82879
0.82361
0.85262
0.88212
0.87249
0.86154
0.87328
0.87588
0.87051
0.86507
0.86878
0.86756
0.88426
0.87307
0.85509
0.87117
0.87079
0.87005
0.89166
0.89683
0.90257
0.90147
0.86781
0.88492
0.88058
0.88161
0.87661
0.85558
0.85136
0.84025
0.81786
0.81388
0.80221
0.80466
0.815
0.85078
0.68492
0.59399
0.54866
0.52333
0.4671
0.40229
0.38421
0.36975
0.34834
0.37536
0.48344
0.62005
0.83274
0.82948
0.82974
0.86933
0.87151
0.85095
0.82057
0.8016
0.83154
0.84395
0.87434
0.87644
0.89145
0.84236
0.81085
0.8656
0.87415
0.89295
0.90416
0.8912
0.90171
0.89539
0.89934
0.90949
0.9048
0.87687
0.87133
0.85223
0.86112
0.84762
0.84208
0.86621
0.81953
0.84425
0.87835
0.89014
0.8866
0.87553
0.85708
0.87648
0.89799
0.89049
0.8985
0.86114
0.88095
0.85621
0.81952
0.82729
0.83617
0.84241
0.86164
0.85469
0.85861
0.85596
0.83929
0.83425
0.84339
0.85221
0.85304
0.84784
0.85695
0.85223
0.85905
0.82154
0.82952
0.83585
0.85427
0.85047
0.86095
0.86062
0.86214
0.86067
0.84881
0.83497
0.80215
0.80273
0.79538
0.78524
0.79216
0.78969
0.79907
0.8113
0.82884
0.80943
0.8165
0.82132
0.8267
0.83597
0.81094
0.80633
0.83466
0.86627
0.88391
0.82345
0.78475
0.81094
0.78721
0.76613
0.77359
0.7982
0.77967
0.78526
0.80339
0.79345
0.80179
0.82848
0.84633
0.85372
0.83609
0.81854
0.84328
0.84863
0.84418
0.83015
0.83756
0.84639
0.85056
0.85121
0.83967
0.8247
0.81638
0.82022
0.83884
0.82873
0.82889
0.82582
0.83483
0.8258
0.81849
0.81211
0.81983
0.84333
0.83744
0.83474
0.84091
0.83968
0.8442
0.84095
0.83725
0.85192
0.84036
0.78
0.75672
0.74899
0.75213
0.76119
0.7746
0.80384
0.79981
0.81606
0.78454
0.7392
0.70233
0.70956
0.73864
0.76903
0.78103
0.78217
0.7792
0.79264
0.81533
0.82296
0.78422
0.76057
0.78225
0.79083
0.75798
0.77596
0.81171
0.84319
0.85491
0.86446
0.85615
0.83526
0.82631
0.83
0.84814
0.84154
0.83065
0.84393
0.85646
0.85768
0.84465
0.84536
0.82979
0.81019
0.80919
0.8105
0.81042
0.81188
0.81246
0.80645
0.78102
0.76305
0.74666
0.74317
0.73633
0.71653
0.70877
0.76817
0.74875
0.74073
0.76002
0.77478
0.79287
0.7841
0.77751
0.75163
0.75534
0.7632
0.75734
0.77212
0.66635
0.57222
0.73643
0.75423
0.77974
0.78094
0.78173
0.79161
0.75223
0.70428
0.68791
0.6893
0.71638
0.72694
0.73849
0.75547
0.76504
0.76779
0.77257
0.7693
0.76042
0.73548
0.71478
0.7445
0.74232
0.72563
0.70806
0.69572
0.69508
0.68562
0.68389
0.69897
0.71633
0.71984
0.73676
0.7458
0.76018
0.77224
0.77927
0.78619
0.78339
0.77182
0.75311
0.75408
0.76267
0.78449
0.80602
0.80149
0.81739
0.81225
0.80667
0.80165
0.81079
0.81714
0.81653
0.81373
0.80908
0.79929
0.81791
0.82678
0.82355
0.8395
0.84696
0.838
0.82806
0.83527
0.83129
0.82709
0.81242
0.80464
0.81275
0.83047
0.83512
0.82814
0.82037
0.83375
0.85207
0.84109
0.86721
0.88653
0.89486
0.88175
0.88984
0.89188
0.88342
0.8702
0.86884
0.86375
0.8432
0.80892
0.81537
0.83306
0.82409
0.82605
0.82902
0.84211
0.84513
0.71303
0.55341
0.51865
0.56586
0.56162
0.58643
0.65923
0.7084
0.70943
0.68073
0.6642
0.62802
0.46795
0.33684
0.32567
0.38706
0.41242
0.43231
0.40781
0.40318
0.44019
0.35937
0.46391
0.58043
0.65413
0.68173
0.70817
0.73553
0.77099
0.76675
0.78326
0.79487
0.78738
0.77483
0.75284
0.73954
0.72578
0.71686
0.71602
0.7114
0.70591
0.70354
0.71268
0.70465
0.69875
0.697
0.73263
0.76058
0.77499
0.77341
0.77223
0.76436
0.77914
0.75677
0.76374
0.76058
0.76062
0.75617
0.77159
0.75972
0.75176
0.72788
0.71556
0.7133
0.69801
0.71909
0.72309
0.71826
0.72098
0.73648
0.74656
0.74857
0.75056
0.71889
0.70033
0.68288
0.65555
0.62967
0.64542
0.6641
0.66114
0.77176
0.72198
0.77197
0.7888
0.7918
0.79348
0.78087
0.77281
0.75894
0.73713
0.72144
0.71268
0.71481
0.76572
0.77899
0.78107
0.79425
0.80495
0.81238
0.82597
0.83067
0.79928
0.7896
0.80016
0.79855
0.75427
0.72024
0.69219
0.699
0.66443
0.73774
0.71169
0.76089
0.79906
0.81681
0.81004
0.79153
0.7811
0.7695
0.7773
0.78924
0.79955
0.81563
0.84556
0.85922
0.84087
0.84257
0.83996
0.83746
0.81465
0.77441
0.74953
0.74137
0.73708
0.72206
0.70722
0.69849
0.69647
0.70024
0.69982
0.70079
0.70925
0.71088
0.73167
0.75915
0.77459
0.80779
0.83551
0.81295
0.80592
0.82831
0.85765
0.834
0.83733
0.78544
0.74102
0.73208
0.73215
0.7276
0.55374
0.37952
0.67376
0.81247
0.85114
0.8608
0.84651
0.83571
0.83481
0.82949
0.82334
0.8141
0.80426
0.80582
0.78665
0.77384
0.76646
0.75491
0.73505
0.71423
0.72272
0.73569
0.75668
0.76786
0.76733
0.76712
0.78095
0.76683
0.76642
0.78989
0.80534
0.81979
0.8262
0.84158
0.84571
0.85119
0.82158
0.8
0.78144
0.77079
0.78249
0.82432
0.84366
0.79547
0.79601
0.79041
0.80631
0.7989
0.80538
0.80565
0.78779
0.77343
0.79719
0.78682
0.8044
0.80927
0.80201
0.78626
0.77308
0.75336
0.72211
0.68395
0.65613
0.64438
0.65756
0.6979
0.73245
0.76282
0.74726
0.73171
0.71018
0.7502
0.73377
0.70018
0.65838
0.61682
0.60214
0.49882
0.54575
0.65614
0.6436
0.66563
0.65188
0.46785
0.6809
0.69361
0.7315
0.72947
0.74014
0.74541
0.74078
0.7629
0.75979
0.75644
0.74575
0.73338
0.70377
0.71025
0.71793
0.71525
0.71855
0.71522
0.71251
0.70962
0.7012
0.66051
0.67158
0.64956
0.6444
0.6174
0.60039
0.59657
0.59841
0.60042
0.61587
0.59181
0.58816
0.58813
0.58498
0.58668
0.57653
0.63369
0.66011
0.6745
0.6713
0.69578
0.69394
0.66638
0.63174
0.61579
0.60969
0.62087
0.62348
0.62278
0.65509
0.71653
0.74063
0.75128
0.76438
0.74517
0.73981
0.74193
0.72888
0.69719
0.70416
0.70063
0.6962
0.70695
0.73787
0.73644
0.72216
0.75109
0.7129
0.74019
0.72094
0.68693
0.73752
0.72049
0.6474
0.65997
0.65983
0.69244
0.67432
0.67243
0.65324
0.66913
0.68507
0.70463
0.71223
0.70221
0.71441
0.71792
0.74824
0.76471
0.777
0.77856
0.7981
0.80542
0.79037
0.75933
0.7232
0.69228
0.6686
0.68718
0.70485
0.72641
0.74475
0.73827
0.75825
0.78261
0.80934
0.7844
0.79864
0.75364
0.72907
0.75448
0.79719
0.81589
0.81741
0.78534
0.71197
0.68116
0.6632
0.69369
0.70887
0.71514
0.74066
0.64904
0.75461
0.76483
0.73313
0.75883
0.75605
0.74899
0.75519
0.74372
0.74974
0.75955
0.80792
0.71076
0.71569
0.60162
0.73958
0.64591
0.74028
0.7478
0.75395
0.78586
0.80429
0.79065
0.7764
0.75252
0.75794
0.77948
0.78047
0.77441
0.76829
0.77137
0.74524
0.72298
0.70679
0.69488
0.67795
0.67876
0.66739
0.64913
0.67126
0.64484
0.65428
0.62141
0.6053
0.62353
0.60742
0.60107
0.4311
0.71641
0.72505
0.73098
0.74202
0.69472
0.67574
0.69227
0.67987
0.64517
0.64829
0.66993
0.67246
0.67587
0.6848
0.67349
0.65911
0.68054
0.678
0.64814
0.64613
0.67911
0.69158
0.69506
0.69524
0.71319
0.70907
0.69134
0.6994
0.69958
0.70252
0.71139
0.71497
0.71679
0.71239
0.71808
0.70036
0.66071
0.64926
0.6355
0.65658
0.62661
0.63657
0.63858
0.62752
0.61352
0.6031
0.59656
0.60598
0.61787
0.62826
0.63445
0.66296
0.69056
0.70311
0.70926
0.70927
0.70457
0.70141
0.68956
0.65045
0.63245
0.61848
0.60846
0.59187
0.58187
0.56436
0.55293
0.5546
0.55439
0.54655
0.55468
0.55659
0.55706
0.56316
0.56551
0.5774
0.56961
0.57184
0.57058
0.57558
0.60924
0.61963
0.61162
0.61363
0.61356
0.61408
0.61938
0.61458
0.60863
0.61252
0.59774
0.59114
0.58235
0.57693
0.56095
0.56989
0.64772
0.65868
0.66549
0.6602
0.65448
0.65053
0.67562
0.70243
0.71276
0.71986
0.72845
0.72345
0.69069
0.68862
0.69254
0.69278
0.65731
0.64066
0.62874
0.62166
0.61162
0.60034
0.59448
0.58944
0.58148
0.58293
0.57133
0.55434
0.55276
0.55134
0.54721
0.54549
0.5469
0.54572
0.54109
0.54395
0.54367
0.54406
0.55012
0.55756
0.59011
0.59314
0.60036
0.58292
0.58932
0.58053
0.58689
0.57852
0.57523
0.5657
0.57025
0.56961
0.56852
0.55738
0.55631
0.54568
0.53774
0.53542
0.53944
0.54176
0.54362
0.54872
0.55602
0.56327
0.56564
0.55906
0.55772
0.55662
0.55222
0.5607
0.56595
0.58885
0.61952
0.59838
0.58488
0.58661
0.56514
0.56363
0.56358
0.56093
0.57013
0.58468
0.59298
0.61233
0.62638
0.6481
0.66726
0.68633
0.67874
0.70722
0.74714
0.734
0.72072
0.70207
0.72566
0.7202
0.69838
0.68132
0.64798
0.62811
0.61762
0.62881
0.64293
0.60877
0.61187
0.62935
0.62564
0.66943
0.67767
0.69942
0.67818
0.68272
0.73174
0.72403
0.71663
0.70586
0.71151
0.70631
0.69785
0.7001
0.70674
0.69645
0.68802
0.68428
0.69206
0.73376
0.74664
0.74671
0.74847
0.74601
0.75019
0.72685
0.73406
0.71433
0.76727
0.7193
0.718
0.72295
0.72272
0.72619
0.71574
0.71564
0.69288
0.64245
0.61291
0.53933
0.50275
0.45255
0.3962
0.40228
0.37999
0.4112
0.43438
0.54242
0.57413
