0.43235
0.4412
0.449
0.44739
0.42768
0.40199
0.36553
0.32957
0.33157
0.39141
0.49475
0.52513
0.50816
0.50902
0.51196
0.51734
0.54194
0.57962
0.60278
0.63612
0.65529
0.65408
0.67561
0.70044
0.78198
0.84515
0.85692
0.84984
0.8683
0.86413
0.75967
0.55699
0.58459
0.5811
0.632
0.93583
0.59227
0.92001
0.64738
0.48511
0.45477
0.45028
0.45856
0.4717
0.44986
0.43315
0.41162
0.42755
0.40869
0.43071
0.44133
0.42909
0.43724
0.43118
0.43363
0.42801
0.41167
0.41363
0.54583
0.61361
0.61652
0.6888
0.67165
0.8672
0.8789
0.83397
0.76434
0.73446
0.49927
0.44556
0.49214
0.84279
0.49132
0.49614
0.55291
0.57048
0.51328
0.43893
0.47701
0.60937
0.81199
0.81811
0.82844
0.83287
0.82509
0.81797
0.79935
0.75478
0.67839
0.71432
0.60777
0.74847
0.80386
0.75013
0.73228
0.639
0.52709
0.43549
0.33865
0.28686
0.45352
0.90946
0.95341
0.94944
0.93121
0.93009
0.93259
0.59025
0.61448
0.53631
0.93141
0.91863
0.90783
0.89302
0.88723
0.88733
0.87857
0.84378
0.80601
0.7089
0.61893
0.56205
0.49858
0.40607
0.39886
0.37523
0.41158
0.47999
0.50232
0.49664
0.46949
0.44516
0.44564
0.40543
0.36776
0.3462
0.37518
0.37908
0.3836
0.40313
0.40405
0.39956
0.41589
0.40521
0.40398
0.44154
0.43354
0.41945
0.34171
0.30967
0.31253
0.32965
0.35533
0.60253
0.79924
0.85539
0.86471
0.87547
0.88179
0.88098
0.85624
0.64379
0.50898
0.42486
0.3759
0.33856
0.3099
0.27071
0.27253
0.30388
0.34356
0.36606
0.35968
0.35805
0.33627
0.34043
0.352
0.35353
0.35691
0.31831
0.31636
0.2935
0.29398
0.36853
0.39286
0.40707
0.41971
0.42242
0.42115
0.42909
0.44309
0.43541
0.4298
0.42794
0.42383
0.40435
0.36958
0.36759
0.36887
0.37768
0.37562
0.38843
0.39382
0.38694
0.41813
0.42496
0.43056
0.44623
0.45186
0.45679
0.43726
0.44754
0.46159
0.4714
0.4636
0.4413
0.41028
0.30583
0.32136
0.36025
0.35694
0.36315
0.38402
0.38583
0.39435
0.41382
0.4415
0.44761
0.44973
0.46246
0.41994
0.44219
0.46949
0.48179
0.48905
0.4544
0.43801
0.44164
0.40546
0.38192
0.3786
0.38911
0.411
0.41828
0.40724
0.40703
0.4123
0.41487
0.41212
0.41383
0.42191
0.42311
0.42898
0.42843
0.42172
0.41224
0.42082
0.43222
0.44798
0.44671
0.44019
0.44528
0.4529
0.4532
0.45954
0.45603
0.46067
0.46296
0.46413
0.46423
0.46966
0.48211
0.52491
0.53308
0.53357
0.52965
0.53867
0.56848
0.85049
0.85031
0.85331
0.81637
0.81018
0.79158
0.70573
0.60731
0.5268
0.52766
0.50235
0.5012
0.52346
0.5177
0.48312
0.48368
0.54874
0.53915
0.55182
0.59773
0.58356
0.65412
0.4608
0.43138
0.41339
0.39972
0.39499
0.39061
0.39785
0.40359
0.43621
0.44172
0.41764
0.39247
0.38198
0.40142
0.3757
0.37817
0.37637
0.39123
0.4022
0.42194
0.43535
0.43647
0.43379
0.4744
0.47601
0.47585
0.47116
0.48312
0.47363
0.47379
0.47498
0.48267
0.4835
0.48374
0.47623
0.47542
0.47542
0.47185
0.47547
0.47497
0.49055
0.50784
0.54462
0.5522
0.54417
0.52877
0.52464
0.51647
0.50405
0.49851
0.50367
0.50695
0.51728
0.5318
0.54484
0.55912
0.57316
0.58303
0.59055
0.58141
0.55446
0.52527
0.50147
0.48175
0.47822
0.49286
0.48607
0.47465
0.51398
0.50565
0.49778
0.48986
0.5109
0.80472
0.88049
0.85868
0.83332
0.8394
0.83374
0.77975
0.72686
0.63493
0.65576
0.85321
0.88232
0.80723
0.66551
0.50023
0.637
0.8292
0.67247
0.47538
0.45739
0.85801
0.84627
0.57209
0.60183
0.89061
0.85663
0.84072
0.78502
0.77546
0.77954
0.7024
0.71647
0.72684
0.72547
0.67778
0.68726
0.62129
0.56154
0.52608
0.52919
0.53095
0.67683
0.68797
0.73943
0.7452
0.72583
0.57353
0.49719
0.45865
0.42468
0.4759
0.55793
0.72494
0.63077
0.60496
0.6895
0.83977
0.81756
0.80173
0.79245
0.79213
0.79448
0.79197
0.78762
0.79145
0.77861
0.75067
0.60314
0.51442
0.46811
0.73876
0.75985
0.77909
0.77442
0.76232
0.75752
0.76184
0.73545
0.60737
0.53678
0.49634
0.46121
0.46241
0.44955
0.42172
0.39387
0.38901
0.38706
0.38395
0.41333
0.43548
0.48099
0.46135
0.40723
0.57177
0.87082
0.88477
0.85007
0.82036
0.81709
0.80278
0.78029
0.73907
0.63696
0.52305
0.46736
0.49604
0.48352
0.33793
0.40647
0.67201
0.74184
0.56764
0.50505
0.67888
0.88416
0.52108
0.47153
0.44865
0.42816
0.47667
0.45724
0.45393
0.49711
0.59273
0.90494
0.6227
0.47048
0.48126
0.48777
0.45898
0.49518
0.45595
0.84214
0.86229
0.83028
0.80524
0.75655
0.81638
0.84905
0.82958
0.79045
0.63511
0.55868
0.53357
0.52183
0.59767
0.65797
0.7217
0.71343
0.70439
0.70222
0.74047
0.74679
0.56301
0.51751
0.46624
0.43079
0.42173
0.39324
0.41805
0.41989
0.43094
0.52692
0.7198
0.54657
0.49273
0.5283
0.54812
0.51103
0.52196
0.72182
0.63371
0.59977
0.6095
0.67348
0.80645
0.74642
0.75764
0.74314
0.59678
0.54648
0.57896
0.73743
0.64439
0.77213
0.76519
0.69767
0.73806
0.74791
0.75446
0.77074
0.77691
0.78581
0.7746
0.74865
0.65202
0.59547
0.52568
0.4609
0.39165
0.30748
0.28038
0.27749
0.28655
0.2709
0.58395
0.64082
0.60177
0.87969
0.57442
0.4409
0.50652
0.86901
0.86501
0.83985
0.83619
0.83426
0.83082
0.81544
0.72514
0.61397
0.59173
0.58851
0.61973
0.58069
0.58234
0.56063
0.57848
0.62031
0.55443
0.53197
0.52663
0.47705
0.44043
0.54415
0.61544
0.83724
0.89549
0.91694
0.85846
0.79283
0.63986
0.8958
0.91446
0.91108
0.89351
0.89376
0.89231
0.88288
0.86546
0.862
0.63819
0.54936
0.47551
0.43475
0.45747
0.50151
0.59737
0.59429
0.92629
0.97387
0.96115
0.96251
0.95774
0.81081
0.77562
0.73847
0.70294
0.61588
0.56757
0.53229
0.52704
0.51967
0.50263
0.50431
0.53008
0.55206
0.55918
0.5659
0.56013
0.565
0.56277
0.56774
0.59027
0.61002
0.62131
0.66876
0.7159
0.69812
0.66862
0.66872
0.69866
0.70759
0.67437
0.65937
0.66059
0.66535
0.67405
0.71326
0.87322
0.89394
0.89262
0.8762
0.86773
0.80236
0.72154
0.6903
0.66689
0.63498
0.61993
0.61294
0.61631
0.59184
0.55849
0.57152
0.60021
0.67051
0.68891
0.68186
0.67823
0.63089
0.5931
0.5805
0.57862
0.56877
0.53677
0.51618
0.51515
0.51142
0.49426
0.48685
0.47517
0.45617
0.4324
0.502
0.55056
0.56566
0.56741
0.59697
0.62682
0.7626
0.79717
0.84668
0.8615
0.85859
0.84358
0.81919
0.79568
0.8218
0.84577
0.86482
0.87067
0.86861
0.86537
0.86711
0.87159
0.86922
0.86968
0.8473
0.8353
0.79934
0.78785
0.77935
0.75006
0.66402
0.66031
0.64608
0.60826
0.53897
0.50035
0.50036
0.4866
0.47089
0.4909
0.50849
0.5319
0.52064
0.52052
0.52315
0.52695
0.52477
0.5205
0.5258
0.52803
0.50676
0.48109
0.49888
0.53925
0.56883
0.61789
0.68817
0.87372
0.8745
0.8728
0.87754
0.8704
0.70941
0.66574
0.56389
0.50492
0.45005
0.40054
0.34016
0.38303
0.85701
0.64584
0.5173
0.51193
0.49085
0.52701
0.92616
0.90232
0.55955
0.65861
0.88788
0.87071
0.69186
0.72437
0.54368
0.5133
0.52137
0.50228
0.52885
0.86001
0.86104
0.86181
0.84244
0.82456
0.83947
0.84926
0.82409
0.85041
0.82092
0.74315
0.63258
0.43861
0.46211
0.80245
0.83797
0.83
0.84002
0.82579
0.79872
0.77352
0.74591
0.7632
0.79686
0.8219
0.8107
0.79734
0.77314
0.76879
0.75268
0.59585
0.63741
0.69275
0.68785
0.61943
0.63477
0.6021
0.57709
0.78521
0.81835
0.71333
0.8488
0.85532
0.84848
0.85102
0.8574
0.82628
0.8858
0.9111
0.90199
0.89628
0.9174
0.92743
0.91009
0.84822
0.79959
0.78391
0.79104
0.75003
0.70631
0.76371
0.77773
0.8112
0.81063
0.78078
0.79417
0.78424
0.74082
0.6808
0.62317
0.48366
0.41739
0.40163
0.40272
0.7351
0.90221
0.90163
0.90786
0.89814
0.91845
0.76228
0.92267
0.92577
0.89492
0.8434
0.82559
0.81188
0.78476
0.78551
0.79716
0.79454
0.71993
0.58458
0.51333
0.51389
0.5364
0.54399
0.33027
0.33763
0.38075
0.36532
0.35202
0.39566
0.58081
0.58819
0.66095
0.91016
0.91509
0.92788
0.92804
0.92869
0.93508
0.93883
0.93321
0.91301
0.89206
0.87495
0.85715
0.82842
0.81469
0.82402
0.83106
0.84418
0.84692
0.8482
0.84452
0.83762
0.81641
0.83491
0.84652
0.74576
0.63779
0.56024
0.50329
0.51487
0.52803
0.59108
0.59836
0.49412
0.52598
0.48753
0.50919
0.77444
0.79345
0.76804
0.84497
0.77032
0.67314
0.59547
0.66283
0.60275
0.54159
0.57595
0.60769
0.58678
0.60002
0.64625
0.64
0.61262
0.61021
0.63018
0.61048
0.59803
0.62961
0.78908
0.81718
0.86899
0.86847
0.77156
0.61455
0.48959
0.39978
0.53633
0.54401
0.54616
0.56605
0.61782
0.64144
0.5111
0.50599
0.48452
0.51108
0.8441
0.55284
0.58899
0.60976
0.5638
0.51228
0.50404
0.49858
0.50845
0.53263
0.55556
0.55581
0.50027
0.46279
0.43892
0.44198
0.49557
0.61189
0.70936
0.71984
0.96337
0.9639
0.98242
0.98343
0.9906
0.9704
0.91817
0.87733
0.84084
0.73985
0.68562
0.72932
0.6937
0.75067
0.7034
0.68101
0.69366
0.66998
0.66482
0.61476
0.65551
0.68946
0.66993
0.67758
0.61467
0.55015
0.48781
0.43664
0.42762
0.4456
0.51735
0.59854
0.5482
0.46888
0.47011
0.48674
0.68796
0.81639
0.70354
0.70492
0.68291
0.65172
0.63665
0.57106
0.51618
0.50803
0.49242
0.47696
0.45642
0.44243
0.4061
0.39453
0.40054
0.42823
0.46407
0.4911
0.39242
0.50466
0.53693
0.55101
0.5494
0.57677
0.59034
0.58958
0.61304
0.60946
0.58415
0.57819
0.52566
0.55214
0.58362
0.58578
0.60481
0.60016
0.63736
0.61244
0.60327
0.6331
0.7303
0.71553
0.6832
0.64564
0.70097
0.72149
0.63534
0.63147
0.62513
0.6159
0.58737
0.61139
0.59719
0.58285
0.57342
0.58579
0.61199
0.63886
0.65481
0.61085
0.58066
0.56163
0.5769
0.5924
0.61563
0.63724
0.62406
0.58466
0.58604
0.57383
0.57011
0.63438
0.69727
0.62555
0.66244
0.92901
0.94948
0.94858
0.90325
0.60036
0.58349
0.83563
0.8758
0.67648
0.59215
0.59856
0.67912
0.81925
0.97636
0.90104
0.99572
0.81797
0.79059
0.64038
0.7199
0.66903
0.68419
0.61853
0.84047
0.73586
0.77249
0.93103
0.88953
0.90475
0.84561
0.81037
0.84298
0.71753
0.63391
0.62009
0.62749
0.80144
0.92925
0.99206
0.70722
0.74143
0.80582
0.95482
0.92798
0.69534
0.67531
0.65099
0.64198
0.57268
0.64195
0.68868
0.70994
0.74381
0.73683
0.71167
0.73221
0.7571
0.75946
0.67993
0.67156
0.68156
0.68396
0.67964
0.70269
0.68466
0.6497
0.6589
0.67186
0.66886
0.68827
0.70143
0.72194
0.70925
0.67854
0.68009
0.67236
0.60624
0.5603
0.5331
0.51962
0.48464
0.55657
0.81461
0.67593
0.65899
0.68769
0.66128
0.71433
0.71126
0.67395
0.67227
0.68923
0.72239
0.72588
0.69142
0.75507
0.736
0.69332
0.66444
0.7143
0.73145
0.73129
0.78015
0.73869
0.68919
0.68919
0.67956
0.71549
0.99351
0.99895
0.99925
0.99154
0.98407
0.97446
0.97822
0.96694
0.94245
0.94151
0.93216
0.92979
0.94279
0.93168
0.92694
0.85404
0.8683
0.86697
0.86607
0.87745
0.92721
0.92469
0.89086
0.74946
0.72365
0.65779
0.57196
0.58674
0.60579
0.60387
0.60496
0.93467
0.93709
0.92989
0.89421
0.86868
0.84126
0.81447
0.91988
0.95184
0.89453
0.83726
0.77499
0.72553
0.71541
0.69031
0.71502
0.97941
0.97566
0.99479
0.99626
0.99234
0.99446
0.79776
0.72235
0.98354
0.83004
0.67682
0.5818
0.57194
0.56978
0.58107
0.62204
0.63767
0.6054
0.48503
0.59612
0.58887
0.57239
0.48214
0.56345
0.55906
0.53286
0.52144
0.56057
0.57268
0.51046
0.83576
0.99745
0.97079
0.94192
0.69071
0.6001
0.65002
0.61761
0.65894
0.71809
0.70895
0.62123
0.68195
0.75708
0.83339
0.9313
0.99912
0.99985
0.99979
0.99378
0.99259
0.98612
0.97606
0.8701
0.80335
0.78194
0.70987
0.66776
0.63668
0.64975
0.61776
0.62269
0.7587
0.97014
0.88467
0.99301
0.94329
0.91394
0.94077
0.95018
0.95441
0.94117
0.87967
0.8939
0.93147
0.92687
0.94873
0.95768
0.96597
0.94831
0.92008
0.95944
0.91476
0.83994
0.763
0.89403
0.97777
0.96768
0.95277
0.97566
0.96145
0.98432
0.9871
0.98561
0.98241
0.98455
0.9374
0.89112
0.88477
0.87554
0.89138
0.84293
0.88151
0.81604
0.78899
0.77546
0.75957
0.7919
0.7788
0.77383
0.74827
0.71875
0.69292
0.71902
0.68277
0.65888
0.69975
0.79609
0.77009
0.79804
0.84255
0.75952
0.73834
0.68399
0.6313
0.80999
0.90038
0.99576
0.99449
0.99314
0.98195
0.94561
0.96995
0.96768
0.89318
0.82778
0.80435
0.81006
0.84097
0.84042
0.82639
0.80966
0.78735
0.77437
0.79522
0.79857
0.75281
0.68233
0.63183
0.64957
0.62957
0.60453
0.63121
0.65095
0.67436
0.68905
0.71643
0.68169
0.64792
0.64693
0.67699
0.69733
0.63289
0.55967
0.66612
0.66333
0.65865
0.64778
0.68751
0.68839
0.66249
0.67954
0.69427
0.74303
0.66717
0.63669
0.67378
0.62594
0.6246
0.55638
0.54388
0.61492
0.58411
0.70434
0.60766
0.69389
0.6255
0.6318
0.75031
0.75025
0.75257
0.75226
0.73247
0.73677
0.70917
0.67859
0.63097
0.61993
0.71765
0.72389
0.73225
0.73772
0.74528
0.73725
0.77272
0.72643
0.78602
0.82201
0.854
0.92739
0.89369
0.86255
0.86279
0.89564
0.96824
0.98793
0.95391
0.93957
0.87959
0.85216
0.83879
0.78388
0.72538
0.70743
0.72968
0.71871
0.69384
0.68634
0.64669
0.64988
0.66607
0.72533
0.7513
0.77174
0.81877
0.73588
0.65868
0.62737
0.62662
0.6782
0.72608
0.72488
0.68531
0.67345
0.68614
0.68789
0.66496
0.69525
0.72477
0.74193
0.70558
0.63357
0.59131
0.61293
0.61139
0.58582
0.58203
0.595
0.62624
0.69904
0.68055
0.66051
0.65273
0.65115
0.67932
0.71321
0.74103
0.75525
0.7886
0.98685
0.99332
0.9902
0.8749
0.84461
0.80427
0.72405
0.72152
0.70288
0.69832
0.69762
0.71094
0.71518
0.68066
0.71287
0.75467
0.74936
0.72879
0.72461
0.73889
0.70544
0.74356
0.75059
0.85064
0.96491
1.0001
0.9981
0.9998
0.99816
0.99828
0.99934
0.99716
1.0006
0.99724
0.95735
0.84311
0.76994
0.67844
0.7184
0.70378
0.68966
0.67606
0.66325
0.65709
0.69451
0.69248
0.71026
0.69442
0.81127
0.99731
0.999
0.99881
0.99843
0.96094
0.92281
0.88963
0.81507
0.77669
0.7457
0.86103
0.9575
0.9025
0.87742
0.89092
0.99964
0.99923
0.99867
0.9984
1.0005
0.97401
0.95284
0.90217
0.85863
0.75849
0.74487
0.68877
0.68107
0.67702
0.66398
0.66802
0.70533
0.63362
0.99081
0.99916
0.99996
0.99831
0.99607
0.99184
0.97884
0.9586
0.95095
0.95691
0.94979
0.92221
0.90324
0.87876
0.84953
0.76239
0.7774
0.74131
0.70556
0.67377
0.64513
0.62323
0.58521
0.56793
0.58012
0.60199
0.63985
0.63952
0.61578
0.59735
0.54384
0.55746
0.55099
0.60063
0.6222
0.58543
0.49602
0.52304
0.5211
0.51103
0.50136
0.54009
0.62918
0.7881
0.91695
0.90252
0.87151
0.86551
0.85665
0.84008
0.8377
0.93054
0.89653
1.0001
0.99899
0.99745
0.99759
0.99929
0.99484
0.97968
0.86623
0.79939
0.77112
0.76094
0.77345
0.74086
0.74388
0.71979
0.69755
0.69009
0.64964
0.65367
0.64698
0.69093
0.673
0.9457
0.9854
0.99503
0.99762
1.0008
0.99876
0.99706
0.99892
0.99836
0.94109
0.86159
0.80024
0.76645
0.73858
0.72967
0.70221
0.67554
0.66087
0.65145
0.62298
0.56404
0.54328
0.56755
0.5816
0.57284
0.57698
0.59799
0.66568
0.74667
0.80001
0.83876
0.86224
0.89366
0.88452
0.81843
0.72715
0.68897
0.69263
0.70846
0.73191
0.78419
0.78315
0.73396
0.73937
0.79113
0.81366
0.88251
0.94832
0.94726
0.85662
0.8528
0.58775
0.55469
0.5283
0.5189
0.50963
0.5257
0.50132
0.53984
0.5241
0.51523
0.53353
0.54095
0.56909
0.5859
0.60279
0.62384
0.63486
0.62733
0.63911
0.65816
0.65329
0.61163
0.59513
0.5925
0.44924
0.40609
0.43241
0.45792
0.54183
0.58616
0.5778
0.57242
0.5474
0.48633
0.48762
0.47346
0.50543
0.55472
0.57583
0.635
0.62414
0.65552
0.67358
0.66987
0.69231
0.7226
0.73359
0.7571
0.76381
0.96934
0.98067
0.98702
0.98906
0.98518
0.95087
0.93703
0.86867
0.8467
0.84696
0.82145
0.76273
0.73882
0.78831
0.765
0.75592
0.7897
0.84535
0.82726
0.76369
0.73508
0.76803
0.81868
0.81857
0.81573
0.94948
0.92657
0.96218
0.95047
0.94072
0.97063
0.98054
0.98494
0.97593
0.98406
0.96902
0.95789
0.94719
0.93541
0.94777
0.94394
0.91456
0.8549
0.82239
0.8087
0.82745
0.76889
0.7318
0.60395
0.53444
0.5072
0.45422
0.46854
0.48628
0.48503
0.47406
0.47493
0.47164
0.49005
0.53388
0.59773
0.63384
0.65177
0.67115
0.66825
0.6701
0.65016
0.63115
0.65401
0.70507
0.69954
0.67391
0.65609
0.63773
0.63263
0.61318
0.61918
0.62075
0.61652
0.6028
0.60131
0.61288
0.62184
0.64617
0.67132
0.68264
0.66535
0.64423
0.63829
0.61733
0.60537
0.60442
0.61308
0.62625
0.61099
0.59324
0.59136
0.60534
0.64972
0.66165
0.59319
0.56667
0.53716
0.48661
0.46247
0.4514
0.46316
0.48371
0.52711
0.57087
0.62088
0.65265
0.63988
0.65133
0.67417
0.70455
0.72652
0.72502
0.72644
0.68241
0.65008
0.63545
0.60127
0.56142
0.54
0.52759
0.513
0.5067
0.4982
0.49018
0.48688
0.51033
0.53453
0.55126
0.54678
0.54767
0.54013
0.52407
0.50828
0.52351
0.54394
0.527
0.51533
0.49474
0.48899
0.4701
0.46552
0.46835
0.47874
0.47587
0.44582
0.43004
0.42311
0.43636
0.44363
0.48238
0.53143
0.55654
0.57609
0.5794
0.58164
0.58799
0.61005
0.59993
0.62819
0.64391
0.58345
0.5665
0.57848
0.56566
0.54341
0.54823
0.56164
0.57329
0.57863
0.5879
0.5835
0.57345
0.57162
0.5827
0.58738
0.59923
0.60409
0.6109
0.60869
0.59583
0.58602
0.59307
0.61207
0.60912
0.58548
0.58385
0.59565
0.60096
0.62133
0.61422
0.62003
0.6233
0.6019
0.61753
0.61042
0.61953
0.64054
0.66516
0.67472
0.6789
0.68412
0.67468
0.62782
0.59354
0.56194
0.54734
0.53834
0.52769
0.50863
0.48507
0.47089
0.46326
0.45074
0.45049
0.46667
0.46386
0.46116
0.41293
0.3805
0.37216
0.37756
0.3975
0.43103
0.43271
0.43571
0.43699
0.46169
0.59298
0.81046
0.72741
0.61463
0.61098
0.75181
0.70814
0.60195
0.50544
0.46266
0.46541
0.48734
0.5244
0.53633
0.54002
0.54568
0.52089
0.52367
0.53196
0.54843
0.56612
0.56197
0.54388
0.53539
0.53127
0.52265
0.51537
0.5121
0.5166
0.52274
0.52715
0.53549
0.53495
0.54976
0.55795
0.5852
0.59964
0.6614
0.70684
0.71014
0.88817
0.72082
0.66652
0.6565
0.65722
0.63603
0.61456
0.60936
0.60819
0.60966
0.61658
0.6254
0.64314
0.6794
0.79776
0.86167
0.86316
0.87681
0.89738
0.72591
0.62622
0.58946
0.5991
0.47052
0.45704
0.92186
0.94554
0.96919
0.97547
0.97431
0.96957
0.9757
0.96815
0.96317
0.95902
0.96293
0.96462
0.96651
0.96436
0.9617
0.96067
0.96232
0.95046
0.9504
0.9489
0.9401
0.91294
0.68821
0.53876
0.50753
0.50683
0.56851
0.59631
0.65877
0.62929
0.58136
0.5864
0.57103
0.55152
0.51176
0.56353
0.6453
0.67154
0.65973
0.65718
0.55386
0.60241
0.59934
0.57269
0.56658
0.56645
0.55849
0.56345
0.55644
0.5495
0.5462
0.56709
0.53286
0.51523
0.52145
0.55034
0.57714
0.56459
0.62549
0.6597
0.68631
0.58364
0.62491
0.59896
0.6111
0.64122
0.66897
0.70288
0.78714
0.90551
0.92532
0.94236
0.94054
0.94183
0.93693
0.93552
0.9347
0.93365
0.9312
0.93552
0.91452
0.91676
0.92165
0.92188
0.9182
0.91354
0.91153
0.91462
0.92761
0.9319
0.93293
0.93102
0.92101
0.9175
0.88543
0.86192
0.86326
0.83192
0.86264
0.77123
0.68572
0.70293
0.84011
0.75337
0.85792
0.88135
0.87697
0.69456
0.5658
0.49769
0.50152
0.53231
0.56828
0.65837
0.82618
0.83566
0.80901
0.77958
0.6874
0.59204
0.55677
0.53944
0.5206
0.49664
0.4641
0.42458
0.41638
0.52605
0.5581
0.60605
0.55675
0.80839
0.80752
0.85501
0.88181
0.86601
0.87546
0.86403
0.87115
0.82804
0.55399
0.49578
0.48379
0.4925
0.48403
0.47529
0.47313
0.46786
0.46034
0.44567
0.43119
0.41789
0.39615
0.3815
0.37748
0.36614
0.3586
0.34702
0.34962
0.36233
0.39159
0.43474
0.48609
0.53094
0.58947
0.64702
0.65316
0.66151
0.73122
0.76979
0.77363
0.78571
0.7843
0.82076
0.80798
0.75658
0.70267
0.69351
0.69289
0.6964
0.68101
0.6145
0.55072
0.52048
0.5598
0.90464
0.90805
0.89114
0.90511
0.57637
0.51644
0.50904
0.52376
0.53218
0.53144
0.53964
0.54535
0.57475
0.64046
0.88514
0.88774
0.87822
0.88132
0.87902
0.69137
0.58674
0.55448
0.54195
0.56728
0.65085
0.71055
0.86842
0.85664
0.77731
0.56428
0.60212
0.77112
0.9917
0.9966
0.99001
0.82178
0.69202
0.62432
0.60777
0.60054
0.57536
0.51997
0.50037
0.53793
0.57348
0.59682
0.60633
0.92878
0.92472
0.95557
0.96036
0.78271
0.707
0.5901
0.43355
0.33994
0.32437
0.33913
0.32711
0.3375
0.34038
0.35352
0.44068
0.48773
0.474
0.42686
0.38514
0.35371
0.35664
0.34177
0.33778
0.34655
0.36016
0.34048
0.33868
0.34592
0.37196
0.36812
0.37698
0.39145
0.3956
0.4551
0.45512
0.45411
0.45937
0.45649
0.45732
0.45903
0.4635
0.45853
0.46984
0.50535
0.51797
0.52494
0.53563
0.54927
0.56084
0.57773
0.6001
0.61471
0.63227
0.63932
0.67409
0.89048
0.86146
0.79172
0.74522
0.73169
0.81583
0.86042
0.86695
0.87781
0.62534
0.60996
0.85306
0.87871
0.89105
0.898
0.89588
0.90131
0.90328
0.89911
0.87408
0.81378
0.68723
0.71434
0.66952
0.61261
0.55889
0.51903
0.45876
0.45169
0.48452
0.578
0.66337
0.77111
0.85829
0.90106
0.92493
0.93734
0.95792
0.95296
0.93736
0.93411
0.93003
0.90286
0.74773
0.90644
0.91257
0.90448
0.90298
0.88766
0.89176
0.8909
0.85456
0.81718
0.74641
0.60691
0.55054
0.51872
0.44366
0.48191
0.74583
0.78112
0.78926
0.81814
0.77416
0.66038
0.55968
0.52733
0.51589
0.45418
0.42088
0.41687
0.42537
0.45393
0.474
0.47773
0.49176
0.50872
0.48567
0.51835
0.57119
0.52743
0.53424
0.52906
0.52559
0.54916
0.59965
0.7019
0.85965
0.87236
0.68749
0.52924
0.59336
0.70128
0.52988
0.50799
0.52297
0.49809
0.49479
0.56748
0.69306
0.58453
0.54057
0.64752
0.62208
0.64115
0.62389
0.5746
0.5163
0.59769
0.85829
0.70347
0.56513
0.53406
0.52288
0.50377
0.49771
0.50606
0.50259
0.79769
0.4851
0.49339
0.52154
0.83314
0.96106
0.96385
0.96986
0.96438
0.96019
0.951
0.95207
0.95064
0.95421
0.93943
0.94801
0.96541
0.97161
0.9698
0.96979
0.96629
0.96159
0.95268
0.93797
0.93823
0.91309
0.90705
0.88931
0.89028
0.88919
0.63135
0.57443
0.59001
0.60748
0.56736
0.51715
0.50961
0.51396
0.51671
0.52552
0.52429
0.52724
0.52358
0.5208
0.51632
0.51514
0.5011
0.48318
0.4556
0.45372
0.45398
0.46124
0.44494
0.43558
0.43313
0.41353
0.42334
0.42178
0.4295
0.49028
0.81115
0.78523
0.74449
0.71761
0.71824
0.71242
0.63504
0.57587
0.52686
0.48464
0.45016
0.4213
0.3988
0.39155
0.40923
0.45937
0.69316
0.66308
0.60015
0.8502
0.85605
0.88301
0.88924
0.87964
0.88173
0.88361
0.87557
0.86804
0.87228
0.8522
0.83715
0.81012
0.58752
0.52038
0.47496
0.44419
0.43158
0.4283
0.41543
0.40409
0.40159
0.41124
0.43353
0.45197
0.46978
0.48945
0.50041
0.50313
0.52137
0.53939
0.55541
0.57322
0.60992
0.58479
0.55617
0.5358
0.52661
0.50851
0.49921
0.48063
0.49149
0.54186
0.83124
0.6395
0.68015
0.88305
0.89417
0.89598
0.86827
0.79406
0.74956
0.86704
0.91757
0.91362
0.90388
0.89228
0.88185
0.8798
0.87783
0.87532
0.87398
0.86935
0.85363
0.84538
0.86018
0.85768
0.85894
0.86743
0.86944
0.8655
0.86308
0.86689
0.87164
0.85215
0.83497
0.82335
0.84828
0.85017
0.84723
0.83256
0.83706
0.83843
0.77285
0.62374
0.49786
0.44433
0.4126
0.37584
0.32287
0.3769
0.40288
0.34392
0.32464
0.38877
0.61971
0.66189
0.7966
0.84501
0.84247
0.80791
0.78227
0.73544
0.53153
0.5992
0.56387
0.52929
0.43743
0.39499
0.55592
0.62623
0.59837
0.83636
0.96084
0.96698
0.71241
0.696
0.67394
0.67311
0.6408
0.56183
0.95356
0.96758
0.9909
0.98473
0.93755
0.91537
0.90635
0.9056
0.90597
0.90363
0.90369
0.90074
0.88142
0.87816
0.86863
0.87514
0.86518
0.86511
0.86743
0.84587
0.86586
0.87583
0.87842
0.87268
0.85613
0.82884
0.81482
0.79525
0.73103
0.7159
0.64016
0.56127
0.56253
0.5206
0.54182
0.54734
0.55041
0.55299
0.55455
0.5228
0.52444
0.54404
0.57093
0.63649
0.65342
0.71175
0.80371
0.81804
0.58549
0.64652
0.62986
0.61771
0.56871
0.64232
0.63841
0.60342
0.58055
0.56738
0.53637
0.49711
0.45888
0.45045
0.47077
0.49007
0.47255
0.43887
0.4209
0.40001
0.40077
0.4212
0.41661
0.42067
0.41436
0.39585
0.37706
0.36391
0.36593
0.35802
0.36751
0.39049
0.40405
0.42454
0.43449
0.43771
0.44578
0.44302
0.45736
0.47736
0.49876
0.52936
0.58375
0.82014
0.83538
0.84711
0.85184
0.79078
0.62302
0.47466
0.45749
0.44025
0.45802
0.43428
0.4879
0.45208
0.45527
0.45406
0.47903
0.47615
0.48551
0.53404
0.67388
0.68164
0.78788
0.83844
0.85807
0.85308
0.85266
0.84509
0.84838
0.82829
0.58724
0.45666
0.38771
0.33943
0.32254
0.40362
0.40749
0.4236
0.4723
0.49673
0.54582
0.49487
0.51739
0.57588
0.65217
0.81873
0.48274
0.4898
0.44689
0.44774
0.42837
0.41534
0.41665
0.38819
0.39436
0.40764
0.36995
0.38147
0.40239
0.41148
0.42238
0.43418
0.44064
0.43316
0.43498
0.43227
0.44628
0.42772
0.42033
0.42195
0.40989
0.41583
0.38467
0.38041
0.37768
0.37483
0.36502
0.36164
0.37955
0.38349
0.38734
0.39924
0.4591
0.50859
0.52166
0.51904
0.51482
0.51111
0.50984
0.50082
0.48336
0.46107
0.42643
0.39708
0.35884
0.34826
0.45329
0.51811
0.57426
0.66769
0.6916
0.59186
0.74016
0.6089
0.86898
0.86304
0.83419
0.8211
0.81857
0.79871
0.75627
0.75805
0.79053
0.75849
0.76454
0.78724
0.78571
0.76682
0.64385
0.52025
0.478
0.44213
0.41884
0.41005
0.36942
0.52722
0.47199
0.41698
0.51774
0.5103
0.54189
0.71631
0.73417
0.72258
0.72275
0.63091
0.56756
0.51248
0.46254
0.41802
0.42782
