0.42204
0.40383
0.36477
0.34471
0.37393
0.41966
0.44004
0.43583
0.4401
0.43003
0.41044
0.39526
0.38225
0.38073
0.37296
0.36947
0.36195
0.3602
0.38817
0.41806
0.42269
0.5168
0.55974
0.65278
0.77074
0.80017
0.79422
0.79467
0.79914
0.60516
0.55711
0.45771
0.41677
0.40298
0.38915
0.39276
0.41356
0.66767
0.52163
0.44645
0.43489
0.42714
0.45961
0.44419
0.43504
0.42634
0.4122
0.41561
0.44146
0.85311
0.8576
0.84699
0.83521
0.83508
0.83524
0.83411
0.83964
0.79385
0.74064
0.613
0.53199
0.40199
0.42487
0.42873
0.41425
0.41843
0.40695
0.41086
0.40822
0.40437
0.45166
0.40553
0.59871
0.47107
0.53368
0.67614
0.5581
0.83645
0.73522
0.64804
0.64288
0.5815
0.79264
0.81526
0.82354
0.82573
0.79562
0.80374
0.77713
0.74272
0.65276
0.54445
0.51899
0.50524
0.49419
0.4886
0.44011
0.44884
0.43493
0.43497
0.43744
0.40987
0.40341
0.38963
0.36049
0.37505
0.73795
0.74956
0.77372
0.71464
0.51067
0.55691
0.54818
0.54825
0.56549
0.5273
0.47667
0.43569
0.39774
0.40058
0.39972
0.42337
0.41375
0.44339
0.46491
0.46214
0.44741
0.4063
0.37693
0.3759
0.38365
0.3865
0.37934
0.37979
0.39551
0.40586
0.42144
0.52543
0.56842
0.55051
0.53846
0.52259
0.47205
0.43701
0.49103
0.51877
0.47902
0.5045
0.50154
0.49392
0.49136
0.50189
0.52421
0.51587
0.47636
0.42827
0.37678
0.32639
0.30806
0.34115
0.38211
0.64646
0.85425
0.87889
0.88353
0.88735
0.89
0.89039
0.88589
0.86667
0.86814
0.85517
0.83589
0.82276
0.81788
0.81338
0.80524
0.78195
0.75594
0.66789
0.63463
0.63563
0.59212
0.58562
0.70078
0.7275
0.72517
0.60615
0.62202
0.60183
0.60662
0.74681
0.76978
0.81367
0.82581
0.8144
0.81473
0.80167
0.8034
0.80293
0.80402
0.82077
0.75712
0.51045
0.56046
0.49903
0.46148
0.45842
0.4762
0.47637
0.82127
0.84337
0.82812
0.81931
0.7977
0.77581
0.75141
0.67346
0.61572
0.604
0.61625
0.59579
0.58158
0.52925
0.6063
0.78358
0.78219
0.78434
0.80296
0.81462
0.79179
0.76609
0.75843
0.77333
0.7606
0.75064
0.7026
0.62305
0.53241
0.47409
0.47519
0.41015
0.40224
0.4351
0.56206
0.47252
0.70468
0.75205
0.75992
0.75957
0.75691
0.71442
0.67805
0.7126
0.71613
0.71423
0.71832
0.71505
0.71026
0.70601
0.69448
0.67568
0.64693
0.66243
0.63782
0.60857
0.55878
0.54248
0.5313
0.50992
0.46353
0.48785
0.47934
0.44863
0.56297
0.60425
0.77404
0.84593
0.88654
0.90175
0.90811
0.89552
0.89168
0.88703
0.88512
0.8721
0.84671
0.59689
0.4833
0.46484
0.60753
0.8882
0.91146
0.92696
0.93215
0.93583
0.92792
0.93108
0.92293
0.88697
0.86408
0.81063
0.60894
0.57401
0.54391
0.5417
0.93801
0.98061
0.98298
0.97257
0.97353
0.97066
0.96344
0.95259
0.95523
0.95043
0.94473
0.93979
0.94385
0.92912
0.92139
0.92431
0.92799
0.93896
0.93693
0.92948
0.92746
0.93046
0.92432
0.9193
0.89644
0.88389
0.87381
0.8387
0.81148
0.81505
0.82354
0.81239
0.81434
0.8102
0.80594
0.77537
0.77358
0.76524
0.75498
0.77988
0.78159
0.77077
0.76835
0.76558
0.74604
0.56127
0.53082
0.48701
0.4528
0.55701
0.62292
0.69638
0.76119
0.73579
0.7829
0.80172
0.7663
0.74555
0.74635
0.72716
0.63004
0.70468
0.6877
0.69957
0.6859
0.67184
0.66354
0.66206
0.66859
0.68316
0.68274
0.68701
0.69995
0.70526
0.68889
0.6424
0.61311
0.63039
0.6356
0.67503
0.7305
0.68171
0.72462
0.68633
0.6871
0.6804
0.6972
0.72057
0.72213
0.72781
0.71743
0.61154
0.51433
0.44367
0.55983
0.68496
0.53578
0.47131
0.42417
0.40896
0.4136
0.43875
0.43675
0.47858
0.42801
0.4064
0.41399
0.73035
0.62411
0.6041
0.58473
0.44713
0.42303
0.43419
0.46443
0.50881
0.53614
0.53686
0.48872
0.4646
0.42213
0.37495
0.31104
0.24225
0.25889
0.25608
0.32482
0.36357
0.39446
0.44794
0.40849
0.40159
0.63157
0.66549
0.67452
0.66263
0.67015
0.67486
0.68849
0.70021
0.7058
0.68318
0.67643
0.6692
0.67324
0.66231
0.66788
0.66005
0.64945
0.62698
0.60817
0.73238
0.74405
0.6236
0.5436
0.50323
0.51043
0.48492
0.49138
0.45358
0.44683
0.46461
0.44535
0.42797
0.41548
0.45709
0.44287
0.45311
0.46867
0.49037
0.5136
0.53452
0.56333
0.57574
0.82481
0.81806
0.77599
0.75199
0.72122
0.66222
0.64242
0.62435
0.59962
0.55777
0.52053
0.49448
0.45769
0.41197
0.35841
0.32565
0.31917
0.40101
0.74013
0.88123
0.91764
0.93278
0.94165
0.94556
0.94243
0.92948
0.91833
0.90612
0.90997
0.89425
0.85987
0.70208
0.90205
0.93528
0.9521
0.95661
0.96582
0.96563
0.96315
0.56211
0.55773
0.55892
0.55448
0.53094
0.52336
0.53258
0.71562
0.91612
0.9097
0.90152
0.79282
0.67987
0.81973
0.64563
0.72269
0.83849
0.83699
0.83267
0.82577
0.81463
0.80943
0.80412
0.78472
0.76355
0.73306
0.7263
0.68737
0.64874
0.60826
0.59438
0.74714
0.74268
0.72994
0.71575
0.71984
0.69261
0.47722
0.44873
0.39973
0.41893
0.44849
0.46969
0.48009
0.48498
0.49678
0.50881
0.50022
0.49059
0.48858
0.49407
0.50301
0.50896
0.5189
0.52472
0.46415
0.42477
0.41032
0.38624
0.39192
0.36693
0.36143
0.46038
0.58536
0.62422
0.61592
0.60533
0.64168
0.62033
0.62974
0.67241
0.66544
0.63437
0.67817
0.66496
0.70583
0.66912
0.65009
0.65222
0.62751
0.56494
0.53721
0.51711
0.50249
0.48672
0.48654
0.48132
0.48145
0.48615
0.48838
0.4883
0.46525
0.414
0.38699
0.37611
0.38378
0.39712
0.4219
0.46734
0.81845
0.58222
0.57467
0.54333
0.48873
0.44428
0.37399
0.29133
0.24656
0.22583
0.19889
0.21074
0.22799
0.23354
0.31294
0.45609
0.56556
0.58951
0.51462
0.49045
0.51443
0.5458
0.6369
0.66784
0.64054
0.60932
0.58072
0.5755
0.55527
0.49875
0.65405
0.80653
0.80708
0.80908
0.82108
0.8294
0.81929
0.77427
0.70793
0.6122
0.56886
0.52524
0.49348
0.47845
0.48782
0.48858
0.50127
0.54136
0.63108
0.66059
0.82815
0.85896
0.86283
0.882
0.88262
0.88922
0.89953
0.90093
0.90062
0.89244
0.87918
0.87467
0.87217
0.86672
0.87061
0.86771
0.87266
0.85951
0.82551
0.76556
0.70659
0.66701
0.65769
0.61809
0.61702
0.65285
0.65832
0.73297
0.78854
0.82928
0.86091
0.87434
0.89075
0.89679
0.90689
0.90894
0.90155
0.90275
0.88287
0.88351
0.82703
0.73082
0.92423
0.92123
0.64282
0.61847
0.6678
0.68509
0.96603
0.9739
0.96641
0.96441
0.96328
0.96188
0.95973
0.9509
0.90696
0.60838
0.62539
0.65175
0.62403
0.58873
0.53065
0.47482
0.4741
0.49473
0.50199
0.47913
0.46086
0.46209
0.50323
0.52685
0.54926
0.5833
0.5706
0.54958
0.5504
0.55974
0.57523
0.61036
0.6751
0.77704
0.84393
0.79953
0.78179
0.78384
0.78225
0.77351
0.79596
0.81588
0.80493
0.77042
0.7371
0.67946
0.63047
0.58832
0.58226
0.58818
0.56604
0.56546
0.55457
0.56141
0.58869
0.58866
0.63069
0.74708
0.84051
0.82438
0.7995
0.84633
0.82456
0.83281
0.84164
0.80089
0.78955
0.72849
0.60682
0.42549
0.35345
0.35682
0.42616
0.41622
0.39448
0.30895
0.30205
0.28381
0.31207
0.35942
0.41415
0.43636
0.43064
0.39355
0.40047
0.37657
0.39513
0.46791
0.53307
0.88282
0.76506
0.83968
0.84451
0.7161
0.62257
0.65295
0.60564
0.56761
0.50155
0.45024
0.43629
0.44874
0.45251
0.54512
0.61681
0.91569
0.92302
0.93209
0.9426
0.92825
0.92785
0.92578
0.89634
0.89001
0.83313
0.73551
0.6907
0.63967
0.56661
0.49987
0.47061
0.4654
0.47952
0.47672
0.49479
0.50519
0.51829
0.55462
0.58135
0.57834
0.52869
0.46802
0.43851
0.45593
0.48526
0.54663
0.87417
0.80671
0.89028
0.87449
0.87933
0.84929
0.81037
0.75962
0.67281
0.65301
0.61062
0.58645
0.60787
0.57643
0.53944
0.54144
0.60991
0.52874
0.52425
0.51179
0.49841
0.49311
0.49204
0.50986
0.52898
0.56897
0.58791
0.5716
0.54244
0.5435
0.55299
0.54501
0.56321
0.58992
0.64429
0.60622
0.58298
0.56118
0.52467
0.51466
0.50256
0.58677
0.65953
0.56877
0.53156
0.52655
0.50235
0.49838
0.52778
0.55747
0.56666
0.54584
0.54665
0.5443
0.54945
0.5783
0.58687
0.62278
0.6356
0.58476
0.57057
0.5716
0.55894
0.57749
0.59093
0.61121
0.60446
0.56185
0.53561
0.47803
0.4685
0.50417
0.4883
0.50658
0.52355
0.52001
0.52272
0.51779
0.52991
0.56239
0.60606
0.69169
0.74349
0.91157
0.96315
0.96152
0.95625
0.95245
0.93602
0.92721
0.91771
0.92626
0.8797
0.90252
0.90011
0.88952
0.88004
0.84846
0.8537
0.79596
0.73927
0.76257
0.88007
0.90019
0.92128
0.90605
0.89564
0.89586
0.87588
0.89549
0.90841
0.91309
0.90343
0.695
0.90504
0.90981
0.91365
0.91796
0.91854
0.93101
0.93276
0.90164
0.87749
0.87721
0.84927
0.7663
0.73641
0.77637
0.91168
0.94579
0.93902
0.92361
0.91691
0.91637
0.91687
0.89845
0.86909
0.84822
0.87751
0.88348
0.87768
0.87555
0.86963
0.84391
0.82801
0.86846
0.87415
0.80641
0.72936
0.60791
0.60125
0.62282
0.60652
0.66317
0.64618
0.6069
0.56498
0.5744
0.55686
0.58193
0.6224
0.8851
0.72318
0.85684
0.83036
0.83371
0.89988
0.92233
0.86577
0.88009
0.88049
0.85484
0.7071
0.73694
0.80392
0.86538
0.89859
0.84932
0.77985
0.71548
0.70098
0.7818
0.74122
0.87854
0.96228
0.98526
0.97849
0.98098
0.9846
0.96835
0.9641
0.95793
0.95131
0.91636
0.91564
0.92249
0.91141
0.90434
0.89513
0.85276
0.86357
0.87342
0.87353
0.87648
0.86435
0.86474
0.73075
0.7218
0.71971
0.7384
0.75196
0.70883
0.86789
0.8621
0.86042
0.87378
0.85318
0.85949
0.795
0.84947
0.7865
0.73921
0.81014
0.89371
0.86921
0.82254
0.72992
0.61392
0.81518
0.87735
0.8901
0.9197
0.86976
0.85699
0.86192
0.80569
0.80923
0.77189
0.89127
0.87148
0.8629
0.86708
0.87054
0.84762
0.73646
0.55213
0.59832
0.71454
0.78029
0.71839
0.84739
0.88216
0.85453
0.86006
0.86649
0.87489
0.86255
0.82197
0.87327
0.86022
0.86161
0.86803
0.88147
0.90337
0.87761
0.88666
0.8997
0.90318
0.88495
0.85489
0.8658
0.88525
0.84751
0.80669
0.81152
0.75391
0.84282
0.83359
0.63505
0.67905
0.87518
0.89543
0.89702
0.88765
0.73178
0.84532
0.72067
0.88486
0.83526
0.63821
0.65427
0.69254
0.72474
0.70969
0.73515
0.6871
0.69926
0.66551
0.65949
0.66187
0.65298
0.67145
0.68096
0.66305
0.71405
0.75148
0.77968
0.79427
0.79614
0.66292
0.91023
0.92869
0.92569
0.71829
0.66486
0.6786
0.62184
0.57599
0.54237
0.58578
0.95383
0.96765
0.98765
0.98927
0.98621
0.98465
0.99195
0.97891
0.96287
0.95567
0.95902
0.90918
0.91284
0.76638
0.71134
0.70421
0.69135
0.69018
0.66933
0.67664
0.62121
0.49837
0.45762
0.4696
0.51991
0.56249
0.60874
0.70806
0.81355
0.76693
0.75115
0.77216
0.71292
0.68912
0.68999
0.66613
0.63355
0.63612
0.61142
0.62003
0.57349
0.61484
0.65761
0.71198
0.72178
0.57553
0.56885
0.57463
0.59565
0.6211
0.84262
0.96335
0.95629
0.88918
0.78917
0.7017
0.70842
0.85798
0.86557
0.91938
0.94899
0.93471
0.88014
0.93989
0.78845
0.73387
0.68166
0.62145
0.60517
0.58613
0.70567
0.89781
0.99815
0.99355
0.8809
0.99869
0.85387
0.70982
0.72584
0.68571
0.67157
0.69986
0.78244
0.9609
0.93833
0.92564
0.94177
0.91439
0.91342
0.90881
0.90611
0.93879
0.95075
0.94846
0.92424
0.901
0.86199
0.80065
0.65722
0.60627
0.58362
0.63898
0.53667
0.55288
0.59155
0.60268
0.60956
0.6131
0.6637
0.82417
0.76934
0.7177
0.66528
0.64656
0.65767
0.64971
0.65008
0.69135
0.65791
0.69733
0.73366
0.98979
0.99586
0.99808
0.98685
0.97496
0.96823
0.96833
0.96888
0.94569
0.89356
0.86192
0.84713
0.67827
0.65299
0.6245
0.71414
0.72845
0.73446
0.69368
0.74565
0.75832
0.81723
0.9582
0.96037
0.95911
0.9632
0.96609
0.96237
0.9542
0.94627
0.91991
0.93305
0.9469
0.95552
0.96539
0.96461
0.96124
0.92731
0.83376
0.78401
0.71067
0.66878
0.60956
0.58769
0.67728
0.87646
0.97186
0.97388
0.94883
0.97022
0.96854
0.96592
0.95844
0.94904
0.93489
0.88232
0.76858
0.78184
0.73095
0.72444
0.75401
0.95309
0.96983
0.96034
0.7319
0.9839
0.98178
0.97766
0.97627
0.97551
0.98695
0.99425
0.98733
0.99569
0.9622
0.96025
0.94833
0.95225
0.93385
0.95774
0.75967
0.72157
0.65182
0.95106
0.95581
0.94034
0.91624
0.94349
0.83028
0.71193
0.65643
0.67995
0.6164
0.55655
0.5656
0.93682
0.97212
0.97892
0.97854
0.98495
0.97991
0.94193
0.9498
0.90979
0.85731
0.85632
0.81433
0.77193
0.75322
0.74216
0.68461
0.66178
0.66314
0.67207
0.78489
0.81408
0.75177
0.91288
0.8891
0.76943
0.84815
0.81231
0.75706
0.7475
0.82477
0.95678
0.97558
0.97423
0.97279
0.96977
0.96565
0.97345
0.97558
0.98552
0.9594
0.90904
0.91324
0.84943
0.80195
0.78609
0.85116
0.83865
0.8413
0.79817
0.70248
0.68682
0.65454
0.66442
0.68581
0.73692
0.78402
0.75966
0.6955
0.73365
0.69174
0.61647
0.55446
0.6108
0.6355
0.66153
0.67787
0.66866
0.65095
0.65437
0.64181
0.60887
0.57085
0.54208
0.53824
0.56389
0.5884
0.59615
0.58415
0.59487
0.57991
0.57279
0.58231
0.59102
0.60062
0.61947
0.63608
0.64051
0.62716
0.6253
0.60143
0.62518
0.59139
0.58093
0.58831
0.58282
0.57548
0.586
0.59147
0.58312
0.58565
0.57925
0.60037
0.62638
0.63592
0.61876
0.59305
0.56105
0.5441
0.53455
0.55637
0.58276
0.61873
0.58386
0.55807
0.55814
0.57263
0.60106
0.61256
0.5766
0.55978
0.57173
0.55864
0.60151
0.61452
0.60155
0.56028
0.59428
0.62519
0.64519
0.71821
0.76539
0.79611
0.81147
0.81664
0.84547
0.8
0.72893
0.67859
0.71609
0.6936
0.69153
0.66763
0.63196
0.64122
0.74424
0.73971
0.72828
0.73553
0.76235
0.80357
0.77557
0.75162
0.7354
0.72615
0.70196
0.68703
0.70185
0.71367
0.70841
0.73486
0.7258
0.73469
0.75828
0.76122
0.72934
0.73065
0.76207
0.76107
0.7299
0.68841
0.68733
0.7202
0.8871
0.89868
0.96226
0.98885
0.97621
0.87736
0.73723
0.7043
0.76747
0.75546
0.68973
0.67176
0.70681
0.81765
0.88411
0.95241
0.98775
0.92484
0.82185
0.77465
0.7756
0.75738
0.77514
0.82366
0.99558
0.9993
0.99644
0.99818
0.74523
0.7125
0.78226
0.98821
0.96424
0.85852
0.82568
0.78293
0.70437
0.68158
0.65521
0.63891
0.68335
0.75734
0.9537
0.95612
0.82011
0.73459
0.70487
0.69475
0.69622
0.6782
0.6677
0.61791
0.5956
0.59347
0.59181
0.56568
0.6026
0.58732
0.54199
0.53993
0.55919
0.56799
0.5734
0.58352
0.59739
0.6413
0.67062
0.68893
0.71118
0.67672
0.65048
0.64653
0.65396
0.66652
0.67013
0.64098
0.60767
0.59586
0.5298
0.71713
0.85216
0.90484
0.90114
0.94989
0.97237
0.96765
0.92613
0.9657
0.97393
0.96314
0.93499
0.85465
0.8603
0.87038
0.93359
0.96328
0.98591
0.99388
0.99375
0.99436
0.98936
0.79664
0.79054
0.76966
0.76591
0.75565
0.74695
0.74632
0.74497
0.74692
0.7224
0.69741
0.65951
0.60624
0.59169
0.57712
0.57959
0.57889
0.59057
0.60159
0.60884
0.62834
0.65065
0.65823
0.67065
0.65659
0.57813
0.5551
0.56226
0.61199
0.65095
0.6327
0.64333
0.66009
0.65947
0.66343
0.67366
0.68433
0.69068
0.82199
0.81381
0.67331
0.64588
0.66122
0.67389
0.6981
0.65596
0.59584
0.83694
0.90122
0.92827
0.91078
0.84573
0.85137
0.88842
0.9331
0.93804
0.88727
0.87421
0.88456
0.90487
0.93371
0.93047
0.92381
0.9032
0.87906
0.86377
0.88076
0.92857
0.83929
0.84522
0.80947
0.72799
0.68546
0.65282
0.6236
0.65054
0.68836
0.71445
0.7362
0.73321
0.72652
0.71434
0.70505
0.70187
0.69568
0.68367
0.67492
0.65779
0.67045
0.77802
0.83774
0.91167
0.95457
0.97825
0.99535
0.99606
0.98052
0.94813
0.91879
0.90648
0.87288
0.86978
0.89527
0.78575
0.73563
0.75005
0.75514
0.73369
0.70892
0.69548
0.72171
0.75265
0.81232
0.8041
0.79313
0.76621
0.76233
0.71151
0.67013
0.66168
0.65341
0.6175
0.65221
0.69989
0.72721
0.745
0.85187
0.99987
0.99989
0.99714
0.99829
0.99806
0.99898
0.99884
0.99797
0.99882
0.99989
0.96775
0.99027
0.95422
0.82866
0.79216
0.79674
0.78494
0.76534
0.75555
0.71078
0.69034
0.69618
0.67396
0.63138
0.58737
0.53208
0.52065
0.53041
0.53519
0.5398
0.56487
0.58753
1.0007
0.9991
0.9989
0.99749
1
0.73391
0.64739
0.62766
0.80638
0.76237
0.93921
0.9595
0.99928
1.0008
0.99811
1.0008
0.99734
0.97794
0.96365
0.90491
0.99783
0.9982
0.99898
0.89099
0.99501
0.89413
0.87581
0.97903
1.0007
0.99399
0.97897
0.9803
0.97625
0.7937
0.68494
0.61002
0.98962
0.99775
0.99398
0.99386
0.99132
0.99538
0.99816
0.82171
0.79735
1.0002
0.99802
0.99594
0.99534
0.98348
0.98713
0.98169
0.97402
0.96785
0.96376
0.96455
0.95274
0.95013
0.95292
0.95955
0.94323
0.86696
0.62112
0.52664
0.62573
0.97501
0.96312
0.96167
0.93272
0.84599
0.73575
0.64703
0.5922
0.61116
0.67843
0.66281
0.66616
0.64715
0.64003
0.62011
0.61879
0.63753
0.68176
0.67274
0.70206
0.77207
0.92554
0.93039
0.78839
0.85407
0.89997
0.9672
0.83734
0.7534
0.69401
0.66451
0.62924
0.58125
0.88123
0.95206
0.95403
0.94147
0.92143
0.81798
0.70851
0.6388
0.5962
0.58995
0.552
0.6112
0.67165
0.78062
0.94119
0.93377
0.94893
0.9626
0.96266
0.9612
0.93487
0.93461
0.93083
0.92594
0.95007
0.94153
0.94621
0.94376
0.94467
0.94951
0.95458
0.95164
0.95548
0.94846
0.94145
0.94665
0.95793
0.93382
0.93349
0.94385
0.94666
0.9101
0.87844
0.90688
0.91411
0.93008
0.93645
0.93418
0.93336
0.93301
0.93329
0.94131
0.95248
0.9547
0.94366
0.94689
0.94063
0.92096
0.87806
0.80418
0.68714
0.5544
0.54782
0.57808
0.57298
0.57974
0.57535
0.55021
0.5301
0.5183
0.50817
0.53408
0.52362
0.50336
0.49224
0.48014
0.48199
0.47907
0.47467
0.49135
0.49676
0.49715
0.49806
0.49531
0.49704
0.49203
0.49571
0.50945
0.51539
0.51266
0.51014
0.50675
0.50938
0.52008
0.54606
0.60411
0.65109
0.64426
0.63759
0.64251
0.61974
0.62037
0.61673
0.59943
0.58288
0.57387
0.57275
0.57921
0.59865
0.60258
0.58156
0.56973
0.54137
0.52283
0.53956
0.54764
0.54097
0.53219
0.51916
0.52952
0.54196
0.55389
0.58917
0.66717
0.89473
0.90463
0.91462
0.92057
0.92309
0.90455
0.89482
0.87633
0.83708
0.65664
0.61684
0.54246
0.48841
0.44275
0.4355
0.45117
0.49179
0.50836
0.47435
0.45763
0.44536
0.43289
0.43329
0.45076
0.43837
0.41813
0.42049
0.45781
0.48925
0.49035
0.49109
0.53265
0.54095
0.53931
0.51458
0.5548
0.56792
0.57619
0.58249
0.55128
0.53139
0.51438
0.54041
0.57874
0.57631
0.57208
0.56324
0.51123
0.59529
0.57632
0.58292
0.59652
0.6017
0.58794
0.56547
0.55311
0.56651
0.5651
0.56506
0.56292
0.57912
0.60629
0.60109
0.60717
0.59884
0.69006
0.7676
0.98462
0.98627
0.9991
0.98705
0.97698
0.97528
0.95377
0.95281
0.94573
0.95659
0.95509
0.94797
0.93949
0.7713
0.63796
0.58355
0.55828
0.57304
0.59524
0.58796
0.5797
0.54537
0.50658
0.50079
0.4932
0.48533
0.4784
0.48506
0.53534
0.53988
0.56612
0.57672
0.52795
0.55689
0.54913
0.49842
0.46314
0.43538
0.4619
0.4881
0.47713
0.45545
0.41432
0.39105
0.41513
0.40889
0.4421
0.50805
0.56174
0.5836
0.55605
0.65398
0.95698
0.96961
0.98643
0.98213
0.97196
0.97075
0.97551
0.9557
0.94995
0.94748
0.94255
0.93401
0.92176
0.92408
0.92338
0.91311
0.85696
0.7664
0.64597
0.58402
0.55726
0.52808
0.51229
0.5264
0.57078
0.56268
0.52895
0.49168
0.40624
0.39163
0.36223
0.34334
0.32419
0.32399
0.40161
0.47273
0.48049
0.77761
0.94403
0.9566
0.98101
0.98781
0.99366
0.99772
0.99826
0.99007
0.96898
0.96847
0.95897
0.94873
0.94007
0.93954
0.93664
0.92222
0.89363
0.79206
0.65763
0.61188
0.57417
0.54907
0.53211
0.53449
0.52646
0.53098
0.51945
0.52638
0.52812
0.53188
0.52846
0.53326
0.69698
0.83432
0.82703
0.73573
0.66586
0.58585
0.57034
0.56957
0.5612
0.53028
0.51742
0.53411
0.52332
0.52746
0.52927
0.52645
0.52116
0.5005
0.49308
0.53165
0.55712
0.55215
0.58061
0.55949
0.53057
0.51952
0.52385
0.54036
0.54159
0.55199
0.56569
0.56389
0.5618
0.55468
0.54825
0.55103
0.53543
0.52161
0.53695
0.53039
0.51488
0.51693
0.50607
0.51393
0.51291
0.5257
0.52878
0.53471
0.55384
0.5762
0.66871
0.75422
0.69848
0.67253
0.66961
0.61784
0.59953
0.53961
0.52843
0.55979
0.66659
0.74359
0.87764
0.89034
0.89014
0.88606
0.88503
0.88545
0.87093
0.6886
0.55633
0.525
0.51697
0.49408
0.45345
0.4813
0.59747
0.53662
0.5343
0.56889
0.52179
0.51391
0.50111
0.49301
0.48856
0.48483
0.49659
0.48877
0.4835
0.49017
0.56667
0.57313
0.59445
0.53006
0.5622
0.696
0.93498
0.72994
0.61961
0.57431
0.57869
0.55172
0.52589
0.53513
0.58001
0.6635
0.88662
0.93723
0.92862
0.92762
0.90828
0.87801
0.78834
0.7177
0.7581
0.76493
0.81782
0.78214
0.77136
0.78295
0.79339
0.80914
0.82455
0.83904
0.89324
0.87083
0.88157
0.87534
0.88364
0.88547
0.87621
0.85703
0.86157
0.86399
0.82512
0.68864
0.60753
0.56713
0.56903
0.60477
0.63172
0.62487
0.60698
0.58125
0.53568
0.5077
0.51583
0.62703
0.84744
0.89139
0.93279
0.93417
0.9329
0.93565
0.91118
0.85444
0.52097
0.60435
0.62379
0.64479
0.81523
0.55001
0.54155
0.59504
0.81678
0.8601
0.88073
0.88545
0.88194
0.87755
0.87576
0.86863
0.87569
0.87524
0.88412
0.878
0.85854
0.6649
0.57005
0.53398
0.56154
0.80483
0.82535
0.83711
0.85259
0.85405
0.85324
0.83471
0.8088
0.83052
0.86115
0.85913
0.86014
0.83253
0.8128
0.7556
0.60654
0.52055
0.49229
0.49766
0.53309
0.5397
0.5282
0.53728
0.52513
0.49641
0.46264
0.42363
0.40435
0.39929
0.39109
0.38315
0.38375
0.37233
0.38615
0.43787
0.45128
0.47536
0.43499
0.39308
0.37954
0.34366
0.31148
0.26031
0.18059
0.14023
0.15149
0.16883
0.20429
0.33287
0.69653
0.66078
0.58566
0.53713
0.48471
0.43769
0.36685
0.31008
0.28966
0.33162
0.58372
0.75808
0.65965
0.62768
0.60746
0.69852
0.76524
0.75827
0.7739
0.77031
0.77468
0.75605
0.75179
0.67422
0.62798
0.57923
0.53593
0.48335
0.40697
0.32877
0.29258
0.30863
0.32793
0.35106
0.38159
0.406
0.44141
0.65172
0.88531
0.89703
0.89054
0.89463
0.85717
0.85686
0.73504
0.62473
0.92824
0.7742
0.96952
0.97819
0.56926
0.64033
0.94703
0.92831
0.91141
0.90778
0.89029
0.8763
0.83457
0.63464
0.55257
0.55678
0.52579
0.46645
0.46269
0.50753
0.5335
0.47994
0.75218
0.90061
0.52685
0.56319
0.929
0.91983
0.91508
0.90442
0.88497
0.88044
0.87992
0.87054
0.88267
0.88297
0.88756
0.89022
0.89461
0.89833
0.90293
0.79612
0.63445
0.58061
0.88237
0.89744
0.55571
0.76135
0.84839
0.90535
0.82834
0.79617
0.82243
0.84858
0.91072
0.9553
0.97585
0.96482
0.85324
0.97312
0.95013
1.0001
0.99013
0.76117
0.97989
0.97049
0.87501
0.71858
0.66905
0.60491
0.57189
0.59566
0.91294
0.92294
0.90865
0.89236
0.88085
0.88103
0.87887
0.87776
0.87873
0.87986
0.87864
0.87727
0.83925
0.72164
0.67043
0.61382
0.56943
0.49935
0.40956
0.46057
0.47444
0.52699
0.52973
0.53953
0.53648
0.56196
0.65315
0.63905
0.65627
0.6671
0.70314
0.68055
0.73591
0.7559
0.76227
0.7451
0.69772
0.68231
0.64775
0.55903
0.5295
0.53486
0.55637
0.71674
0.73064
0.75091
0.74457
0.72522
0.71586
0.68424
0.62506
0.54824
0.54251
0.55005
0.71685
0.73798
0.73445
0.74032
0.75379
0.75171
0.73748
0.7252
0.72216
0.75862
0.75598
0.65225
0.58057
0.56834
0.57135
0.5874
0.59333
0.57853
0.56796
0.53303
0.48537
0.44005
0.44214
0.4882
0.5115
0.52552
0.5779
0.59052
0.54931
0.55749
0.57795
0.75742
0.79087
0.78949
0.78704
0.79163
0.78952
0.79079
0.74473
0.74015
0.6708
0.63694
0.72096
0.73485
0.77256
0.79256
0.79759
0.77931
0.77168
0.76876
0.75536
0.75563
0.73077
0.62661
0.591
0.62483
0.59255
0.58815
0.58051
0.54683
0.50044
0.43444
0.44064
0.78798
0.84263
0.87518
0.88455
0.90101
0.90766
0.9083
0.90293
0.71207
0.51707
0.54073
0.62407
0.85644
0.8681
0.86851
0.87404
0.87527
0.87293
0.87484
0.87954
0.88399
0.89282
0.88728
0.87107
0.85992
0.83306
0.78495
0.78856
0.79449
0.79489
0.81808
0.79203
0.76703
0.6605
0.57694
0.52904
0.48924
0.476
0.50567
0.5474
0.57849
0.64102
0.63011
0.60717
0.56712
0.53947
0.51818
0.49492
0.47563
0.46509
0.45951
0.45912
0.45767
0.45825
0.45624
0.45906
0.45134
0.44834
0.44667
0.45446
0.45849
0.45027
0.45255
0.79336
0.80203
0.81132
0.80598
0.81105
0.77908
0.72981
0.71553
0.73069
0.7477
0.79912
0.82688
0.8572
0.8711
0.87401
0.59492
0.52123
0.85663
0.87955
0.88381
0.90939
0.90993
0.90245
0.89851
0.89383
0.89105
0.87868
0.87029
0.87005
0.86696
0.85924
0.84743
0.85896
0.87248
0.86961
0.87504
0.88203
0.88897
0.88239
0.86839
0.86623
0.89253
0.90349
0.8986
0.7168
0.65774
0.6157
0.59918
0.58957
0.53946
0.50231
0.46778
0.46771
0.43902
0.44625
0.46724
0.44774
0.43547
0.40703
0.39826
0.47659
0.48342
0.62078
0.66271
0.89577
0.62602
0.56656
0.57236
0.55812
0.58628
0.61675
0.61175
0.59492
0.58461
0.56658
0.58921
0.57209
0.53558
0.48731
0.46929
0.49174
0.51074
0.4995
0.50804
0.48082
0.47804
0.4826
0.50111
0.49674
0.49384
0.47021
0.4809
0.48375
0.49366
0.51984
0.49881
0.4576
0.42794
0.45296
0.45739
0.44282
0.45386
0.46787
0.47658
0.49862
0.50237
0.49812
0.49004
0.51283
0.56417
0.77548
0.80476
0.80662
0.79783
0.77221
0.7061
0.66459
0.63503
0.6439
0.61581
0.59031
0.56703
0.54004
0.52357
0.50689
0.48436
0.61098
0.76734
0.70999
0.61201
0.66844
0.69588
0.56033
0.5752
0.53281
0.4571
0.4706
0.46723
0.4448
0.42107
0.46431
0.45617
0.89523
0.88094
0.85741
0.84987
0.82892
0.83538
0.81185
0.80497
0.55496
0.41904
0.42094
0.55509
0.58974
0.48253
0.41855
0.3568
0.36371
0.40508
0.42293
