0.33153
0.40502
0.43806
0.42615
0.40687
0.38059
0.35818
0.36566
0.4116
0.40999
0.42751
0.4398
0.4511
0.44535
0.46657
0.46303
0.46447
0.47021
0.45255
0.46361
0.47938
0.47762
0.4834
0.46885
0.47785
0.48603
0.49123
0.47454
0.445
0.40771
0.43485
0.81257
0.8234
0.78892
0.83511
0.82588
0.63499
0.78481
0.82156
0.76386
0.81674
0.80992
0.75326
0.74919
0.77218
0.78496
0.7854
0.76747
0.77401
0.76998
0.76389
0.76457
0.76385
0.77106
0.73784
0.67834
0.59504
0.55429
0.58473
0.56896
0.52471
0.46356
0.50167
0.49152
0.53781
0.54877
0.56199
0.50477
0.50965
0.465
0.41105
0.40788
0.38114
0.38399
0.39627
0.41016
0.43031
0.46408
0.46676
0.46241
0.47191
0.47101
0.54523
0.56268
0.58556
0.57775
0.5716
0.54858
0.52183
0.50655
0.49356
0.47689
0.46629
0.4524
0.44971
0.47224
0.47096
0.52824
0.55439
0.52774
0.51247
0.4327
0.39804
0.55145
0.55937
0.54305
0.54064
0.54909
0.53508
0.52304
0.54027
0.55292
0.58708
0.51503
0.51622
0.52895
0.58733
0.51681
0.49905
0.47889
0.40704
0.36478
0.31686
0.39032
0.42774
0.60362
0.79536
0.79141
0.7959
0.7984
0.78775
0.74277
0.79192
0.81189
0.81429
0.7911
0.8197
0.56859
0.59198
0.85353
0.84585
0.79869
0.77908
0.7555
0.74763
0.76698
0.73175
0.61084
0.48983
0.47828
0.51358
0.54108
0.56211
0.60773
0.62196
0.63787
0.62004
0.6339
0.59033
0.56612
0.53584
0.63136
0.59104
0.52799
0.46552
0.41926
0.40274
0.43632
0.50426
0.51785
0.5508
0.76181
0.81603
0.80201
0.77758
0.75752
0.73564
0.71183
0.67338
0.66575
0.61584
0.48557
0.40399
0.71983
0.80298
0.83913
0.85623
0.87003
0.87722
0.88854
0.88784
0.87633
0.86373
0.85155
0.84176
0.83869
0.82997
0.83663
0.82535
0.81492
0.61192
0.58892
0.69436
0.68497
0.93298
0.954
0.92753
0.92747
0.49002
0.49098
0.49295
0.582
0.86825
0.88633
0.8939
0.85902
0.82987
0.81301
0.79546
0.78228
0.7721
0.76827
0.7628
0.76715
0.76098
0.66855
0.55798
0.57715
0.75556
0.76605
0.76312
0.76092
0.75272
0.74996
0.72183
0.7019
0.65538
0.53871
0.48837
0.45325
0.42222
0.40957
0.40239
0.39886
0.39928
0.433
0.47527
0.5196
0.53942
0.55832
0.55605
0.56167
0.54844
0.51398
0.52764
0.67083
0.65885
0.62585
0.61152
0.63917
0.60149
0.59309
0.62043
0.59446
0.54139
0.42191
0.34388
0.35209
0.39364
0.42681
0.45575
0.48466
0.47792
0.45303
0.43684
0.43515
0.43752
0.41557
0.3704
0.31371
0.3571
0.4111
0.65054
0.48343
0.45485
0.43648
0.45186
0.44183
0.43108
0.44177
0.87429
0.86834
0.48343
0.44677
0.43891
0.6179
0.49289
0.86149
0.69516
0.61443
0.47293
0.69352
0.79338
0.77435
0.76255
0.76811
0.73384
0.5268
0.47919
0.43559
0.39696
0.38971
0.36639
0.35576
0.4044
0.4014
0.39889
0.42866
0.428
0.47467
0.54554
0.75401
0.74211
0.76376
0.76728
0.47161
0.40945
0.44546
0.60309
0.77445
0.72909
0.41991
0.35993
0.38969
0.46705
0.455
0.42319
0.72443
0.81395
0.77518
0.66238
0.60352
0.58155
0.64167
0.59719
0.58158
0.54104
0.52383
0.71685
0.73784
0.75097
0.7459
0.7503
0.7569
0.74959
0.5246
0.49194
0.46231
0.459
0.47325
0.47802
0.49009
0.51176
0.53467
0.56157
0.59308
0.6329
0.65061
0.69462
0.65228
0.57666
0.69238
0.71046
0.6674
0.62699
0.62343
0.63675
0.68959
0.74154
0.74124
0.75204
0.76404
0.77217
0.77386
0.75738
0.72592
0.62223
0.49758
0.43167
0.3721
0.33556
0.83888
0.89416
0.91007
0.88974
0.8772
0.86823
0.86277
0.8555
0.85259
0.84583
0.83727
0.83028
0.67194
0.49454
0.41561
0.75859
0.86478
0.88243
0.9124
0.93001
0.8366
0.93178
0.91588
0.8007
0.89043
0.8648
0.84562
0.82087
0.81011
0.81056
0.80606
0.79098
0.78388
0.78135
0.77307
0.76768
0.76372
0.75658
0.73527
0.72669
0.69293
0.61092
0.56714
0.59181
0.58291
0.57137
0.59427
0.69227
0.6528
0.54704
0.51006
0.48848
0.46867
0.45663
0.46446
0.46506
0.47235
0.50632
0.67061
0.78531
0.77478
0.57456
0.54874
0.51328
0.50394
0.58532
0.6658
0.64959
0.8389
0.86607
0.89094
0.88891
0.8848
0.86289
0.83311
0.81689
0.81202
0.8064
0.79459
0.77596
0.7657
0.77311
0.76018
0.75463
0.74905
0.74364
0.73668
0.72287
0.71157
0.68908
0.67194
0.62931
0.54721
0.49991
0.51625
0.56732
0.60991
0.6253
0.61828
0.56839
0.53665
0.53604
0.55583
0.57476
0.58483
0.50988
0.43272
0.50077
0.45598
0.45378
0.40416
0.40237
0.42347
0.44617
0.47154
0.48781
0.4259
0.46946
0.41317
0.37519
0.31418
0.24358
0.21376
0.24794
0.21318
0.3237
0.34655
0.40916
0.44074
0.48357
0.48603
0.41121
0.35577
0.3304
0.47964
0.59994
0.7986
0.80695
0.82332
0.81288
0.80382
0.80393
0.80898
0.77059
0.73499
0.73888
0.74579
0.7502
0.73638
0.73553
0.70417
0.58897
0.52937
0.49984
0.47843
0.43143
0.38467
0.33345
0.30534
0.28217
0.23774
0.19979
0.18608
0.19421
0.20535
0.20075
0.23423
0.26776
0.27398
0.29124
0.30355
0.3161
0.34985
0.38383
0.36356
0.30288
0.24178
0.33009
0.45134
0.63165
0.61897
0.57642
0.53367
0.51025
0.50833
0.54158
0.561
0.59602
0.67593
0.77812
0.78405
0.78968
0.77716
0.77521
0.77526
0.76688
0.76079
0.76658
0.76059
0.79681
0.80333
0.78828
0.77535
0.76592
0.76437
0.76248
0.7571
0.74301
0.7405
0.73929
0.73087
0.725
0.71148
0.71323
0.69652
0.65908
0.58574
0.52488
0.48193
0.44175
0.41569
0.32165
0.36633
0.45584
0.49849
0.54182
0.46965
0.43347
0.44768
0.4965
0.53478
0.55396
0.60256
0.65575
0.69978
0.72057
0.73097
0.75468
0.75725
0.75429
0.74401
0.73713
0.73832
0.69728
0.65565
0.61427
0.56158
0.53081
0.52593
0.52846
0.53306
0.53131
0.51596
0.49975
0.48841
0.49458
0.48857
0.49658
0.49732
0.48928
0.46154
0.4369
0.41855
0.40019
0.41099
0.45766
0.48595
0.42107
0.41682
0.42515
0.45058
0.48277
0.58836
0.62281
0.60375
0.47535
0.49667
0.4634
0.42138
0.41267
0.40029
0.41848
0.44269
0.54632
0.45287
0.51961
0.54467
0.50979
0.47564
0.49261
0.4893
0.47672
0.46974
0.47598
0.48749
0.46587
0.44564
0.42689
0.3704
0.36285
0.41003
0.51891
0.46586
0.45605
0.46445
0.46257
0.4169
0.39401
0.38605
0.4038
0.42748
0.43351
0.39489
0.42688
0.44003
0.42359
0.42589
0.44752
0.45974
0.44475
0.41401
0.40585
0.409
0.41883
0.41811
0.4415
0.47448
0.4951
0.50385
0.48019
0.51277
0.49553
0.47061
0.47382
0.45832
0.43309
0.45102
0.44433
0.45927
0.46842
0.43369
0.467
0.47505
0.49129
0.48102
0.46738
0.48068
0.47592
0.4823
0.50563
0.521
0.52286
0.49404
0.44449
0.41216
0.36741
0.33998
0.35725
0.39261
0.40543
0.41175
0.44784
0.49241
0.46478
0.46945
0.49447
0.55377
0.58703
0.55934
0.55836
0.52994
0.51612
0.51594
0.52254
0.53775
0.547
0.52247
0.50704
0.51505
0.50012
0.50882
0.51669
0.52189
0.52924
0.53139
0.52097
0.51388
0.50208
0.48908
0.45897
0.86508
0.51951
0.6057
0.56432
0.5497
0.54191
0.8083
0.85179
0.84829
0.82543
0.68795
0.66389
0.7282
0.72077
0.71471
0.72076
0.69049
0.88043
0.90363
0.90951
0.91072
0.91027
0.91869
0.91018
0.88748
0.82279
0.82689
0.80512
0.79026
0.78673
0.78605
0.76729
0.7135
0.63448
0.53579
0.4728
0.42314
0.39355
0.40755
0.47404
0.54335
0.53751
0.52108
0.50073
0.55242
0.57348
0.52771
0.52976
0.54475
0.52031
0.4929
0.60836
0.79006
0.79227
0.78805
0.77241
0.7823
0.81922
0.78265
0.69835
0.62186
0.60423
0.59229
0.62739
0.63294
0.72548
0.82863
0.8281
0.81717
0.80747
0.70142
0.81476
0.8129
0.82923
0.80066
0.77802
0.72644
0.68014
0.6459
0.62674
0.5935
0.57014
0.53553
0.52185
0.48142
0.44445
0.4195
0.48251
0.59958
0.59936
0.66697
0.69003
0.85715
0.88572
0.9396
0.95865
0.96627
0.96257
0.93926
0.80034
0.89896
0.9239
0.89752
0.90389
0.90571
0.87088
0.8567
0.85549
0.8387
0.82955
0.86244
0.83946
0.81237
0.75328
0.80366
0.65535
0.85259
0.85285
0.84144
0.82888
0.83643
0.81452
0.7053
0.70458
0.8455
0.84572
0.85079
0.64463
0.89001
0.89519
0.88998
0.88572
0.86235
0.81417
0.80518
0.78964
0.78808
0.77722
0.793
0.77138
0.77548
0.74361
0.78024
0.775
0.76305
0.73067
0.68335
0.53947
0.44266
0.36158
0.33439
0.55004
0.67713
0.79712
0.82024
0.75679
0.61742
0.70801
0.71632
0.6856
0.73453
0.74141
0.80569
0.78818
0.81649
0.73484
0.63745
0.61387
0.58634
0.70698
0.68193
0.66586
0.64166
0.77414
0.81338
0.6106
0.5785
0.87226
0.86333
0.86253
0.85666
0.85332
0.83849
0.8238
0.80313
0.83667
0.7361
0.77808
0.8344
0.80417
0.81346
0.77228
0.75732
0.77938
0.79024
0.76728
0.58022
0.57895
0.57745
0.71847
0.66377
0.7561
0.72967
0.74207
0.58957
0.50068
0.48917
0.63331
0.81726
0.82219
0.84005
0.83253
0.83363
0.82896
0.81802
0.77171
0.61086
0.61731
0.56925
0.52619
0.66341
0.66303
0.66344
0.67862
0.69941
0.72116
0.69002
0.69716
0.74072
0.6607
0.60918
0.52684
0.48874
0.55889
0.52037
0.49831
0.63334
0.56069
0.69461
0.84113
0.81652
0.8252
0.82683
0.82831
0.79441
0.66398
0.62981
0.56644
0.49765
0.46416
0.48652
0.50302
0.6164
0.66696
0.7419
0.79026
0.79024
0.67751
0.59346
0.55159
0.52113
0.5134
0.5279
0.5411
0.58632
0.622
0.74972
0.73084
0.75912
0.69369
0.61412
0.60207
0.60413
0.58769
0.55363
0.54379
0.50927
0.48929
0.4911
0.52074
0.50677
0.47448
0.52758
0.45717
0.42706
0.48357
0.48293
0.48576
0.46864
0.50667
0.5455
0.5328
0.51304
0.61529
0.66962
0.7436
0.65137
0.53992
0.51457
0.49794
0.50159
0.51987
0.61638
0.69474
0.71442
0.63954
0.64049
0.58533
0.53237
0.54279
0.55579
0.62914
0.77578
0.82098
0.82805
0.7982
0.72303
0.63121
0.56636
0.62729
0.66001
0.70885
0.71817
0.71544
0.65033
0.55277
0.4999
0.51796
0.55002
0.56891
0.56755
0.52773
0.49331
0.48346
0.50943
0.56709
0.60203
0.61507
0.61771
0.56256
0.52903
0.51953
0.54524
0.58009
0.56139
0.65824
0.68066
0.67465
0.70973
0.66362
0.67422
0.78292
0.7247
0.68707
0.69411
0.60741
0.58481
0.60594
0.60428
0.67428
0.69234
0.64519
0.60687
0.59629
0.59415
0.58776
0.57711
0.58963
0.73788
0.99839
0.99708
0.98779
0.9964
0.99942
1.0002
0.81758
0.9952
0.99293
0.99621
0.99172
0.97505
0.91392
0.78995
0.79575
0.73214
0.69808
0.68398
0.64262
0.63729
0.67291
0.66239
0.64989
0.64191
0.63961
0.59149
0.61364
0.62283
0.60865
0.61995
0.59976
0.54905
0.54034
0.60265
0.61698
0.63577
0.68345
0.6835
0.71658
0.59249
0.62637
0.68001
0.68566
0.6888
0.75618
0.76084
0.81558
0.77187
0.81013
0.75045
0.67364
0.64898
0.57742
0.556
0.55879
0.57432
0.57761
0.58402
0.62416
0.59133
0.57603
0.6037
0.64112
0.649
0.63898
0.65008
0.69413
0.5451
0.5354
0.57338
0.65253
0.618
0.5319
0.56071
0.69701
0.6713
0.64531
0.64226
0.69549
0.70684
0.68063
0.65675
0.65141
0.57384
0.58273
0.59821
0.60365
0.64826
0.69188
0.68954
0.66258
0.67479
0.69999
0.77791
0.74129
0.68516
0.64774
0.5432
0.64344
0.62819
0.63696
0.60139
0.61242
0.61112
0.62318
0.64751
0.72474
0.90186
0.6928
0.8371
0.96737
0.95356
0.93846
0.90149
0.93525
0.84805
0.78041
0.7834
0.74905
0.70982
0.71318
0.72001
0.77806
0.84342
0.89963
0.95861
0.8282
0.7622
0.71207
0.6703
0.63481
0.64741
0.61062
0.68664
0.72792
0.75677
0.64509
0.60064
0.58354
0.70183
0.76534
0.78631
0.81643
0.79034
0.67681
0.63139
0.56922
0.56169
0.66752
0.69738
0.71758
0.68325
0.62404
0.6336
0.61555
0.61092
0.60664
0.74848
0.68314
0.76038
0.97485
0.99906
0.98883
0.92262
0.85758
0.84637
0.81356
0.77047
0.76005
0.76746
0.79903
0.79395
0.81409
0.88096
0.93666
0.89929
0.87588
0.83193
0.81938
0.80253
0.74005
0.75667
0.78871
0.79351
0.77483
0.69693
0.79839
0.91539
0.91439
0.99832
0.98956
0.98235
0.98879
0.96897
0.9593
0.9343
0.87651
0.71644
0.62486
0.60953
0.5508
0.54196
0.50356
0.59401
0.72298
0.68543
0.95321
0.99711
0.99724
0.99546
0.98212
0.99179
0.99617
0.99807
0.96892
0.97018
0.84174
0.79998
0.78863
0.71062
0.74417
0.68343
0.6549
0.6245
0.58261
0.52012
0.51618
0.55249
0.5657
0.54515
0.52062
0.56777
0.65309
0.74474
0.73551
0.75609
0.78931
0.80706
0.74092
0.66609
0.69909
0.73382
0.72257
0.70811
0.65977
0.63295
0.62472
0.64302
0.64056
0.61388
0.61501
0.61244
0.61102
0.59013
0.5993
0.62031
0.63889
0.64916
0.72003
0.87717
1.0009
0.99673
0.99826
0.97962
0.98546
0.99191
0.95404
0.81543
0.80069
0.70683
0.67265
0.69578
0.6971
0.67631
0.67306
0.66799
0.71325
0.66498
0.70961
0.81909
0.71431
0.80679
0.90439
0.93364
0.98355
0.98868
0.98144
0.93797
0.98255
0.9851
0.99555
0.99228
0.95963
0.95995
0.96022
0.96318
0.9677
0.96785
0.96918
0.97072
0.96468
0.77856
0.7757
0.72001
0.67832
0.60125
0.57384
0.63009
0.61886
0.61992
0.6837
0.72703
0.74359
0.74063
0.74223
0.78809
0.83009
0.86739
0.88677
0.91579
0.86131
0.91334
0.96132
0.84816
0.72412
0.66394
0.5822
0.60792
0.66135
0.97219
0.99765
0.97544
0.96629
0.94427
0.9529
0.95918
0.99405
0.99442
0.95718
0.95828
0.97241
0.95081
0.9594
0.94969
0.89107
0.95923
0.98239
0.96291
0.91699
0.86563
0.83099
0.76885
0.72185
0.68438
0.65208
0.64414
0.64048
0.62296
0.64256
0.65624
0.64949
0.64774
0.63378
0.58125
0.54409
0.59851
0.59182
0.57033
0.54431
0.54761
0.57382
0.58783
0.61626
0.62939
0.65703
0.65854
0.66165
0.72453
0.87215
0.96482
0.95599
0.87186
0.81236
0.72831
0.67602
0.6527
0.65889
0.65899
0.64125
0.66079
0.67544
0.67349
0.64166
0.62783
0.6532
0.68493
0.70748
0.71647
0.70888
0.70225
0.70605
0.7136
0.74743
0.75822
0.71094
0.68888
0.70164
0.72528
0.73913
0.74993
0.74485
0.72387
0.69731
0.68883
0.71903
0.75111
0.77847
0.80489
0.81647
0.81872
0.79817
0.76153
0.74398
0.73659
0.73733
0.75358
0.79558
0.81135
0.8384
0.90043
0.91605
0.9406
0.94063
0.98279
0.99748
0.99036
0.98404
0.95726
0.94774
0.90839
0.93295
0.97708
0.91262
0.86994
0.91857
0.93974
0.8692
0.83195
0.82182
0.82544
0.81604
0.7902
0.74908
0.697
0.69003
0.68486
0.68626
0.68607
0.66582
0.70337
0.72632
0.75376
0.76057
0.7423
0.85812
0.9264
0.97542
0.98053
0.98751
0.98525
0.90241
0.77866
0.85283
0.99225
0.9926
0.98714
0.9963
0.98688
0.96371
0.96981
0.94112
0.93583
0.88866
0.81481
0.81378
0.81384
0.89438
0.93153
0.94561
0.95814
0.97448
0.98485
0.99005
0.98928
0.95412
0.92944
0.91523
0.90478
0.86892
0.84177
0.91373
0.99998
0.99739
0.9721
0.98949
0.93094
0.85772
0.93393
0.91197
0.97122
0.89007
0.81269
0.8088
0.81589
0.79483
0.76806
0.75448
0.72538
0.72786
0.71304
0.69868
0.68612
0.66781
0.60592
0.55298
0.52078
0.51847
0.51995
0.52196
0.52049
0.51979
0.49224
0.47462
0.58052
0.57406
0.72984
0.79413
0.77335
0.74848
0.75129
0.8274
0.80204
0.7519
0.72566
0.79555
0.72735
0.71534
0.53381
0.4445
0.47538
0.49382
0.4749
0.46607
0.47121
0.53847
0.70439
0.95566
0.97193
0.78806
0.7834
0.78769
0.99359
0.99634
0.99525
0.98704
0.93695
0.7311
0.67943
0.63332
0.6255
0.6413
0.63334
0.68739
0.994
0.99662
0.99446
0.93713
0.83566
0.79842
0.77785
0.75351
0.71954
0.68188
0.68142
0.65725
0.67593
0.72977
0.69676
0.67851
0.60588
0.58573
0.5614
0.48632
0.55467
0.53723
0.53907
0.52073
0.49149
0.47337
0.54005
0.59298
0.62604
0.63551
0.66027
0.6449
0.621
0.64129
0.74646
0.80952
0.99378
0.99726
0.99896
1.0004
0.99797
0.99696
0.9977
0.97505
0.8367
0.83253
0.82379
0.94475
0.89686
0.99322
0.99519
0.99838
0.99883
1.0005
0.99976
0.75343
0.76074
0.72321
0.70049
0.58976
0.64976
0.79378
0.81839
0.74489
0.73749
0.60744
0.47832
0.51025
0.56974
0.55027
0.50046
0.43892
0.4138
0.42323
0.46779
0.9137
0.99999
0.98464
0.97159
0.89439
0.89371
0.93127
0.98009
0.98897
0.99462
0.9979
0.99856
0.99503
0.97965
0.82596
0.97906
0.98999
0.98631
0.98272
0.97784
0.95411
0.86479
0.82662
0.85703
0.7596
0.7054
0.66546
0.66485
0.66582
0.69584
0.74549
0.71771
0.72505
0.6949
0.7207
0.68147
0.64876
0.64338
0.65874
0.77541
0.8519
0.9152
0.78438
0.74227
0.73761
0.74455
0.74594
0.83806
0.84247
0.82276
0.7988
0.75964
0.80692
0.74366
0.68306
0.72196
0.65684
0.65703
0.6676
0.66704
0.72923
0.60802
0.58475
0.57321
0.61553
0.8124
0.95824
0.98236
0.9709
0.95541
1.001
0.99271
0.99821
0.99879
0.99885
0.82261
0.80153
0.94362
0.97688
0.96068
0.94144
0.95544
0.96373
0.97401
0.98116
0.98875
0.99931
1.0005
0.99543
0.99028
0.98729
0.95485
0.91567
0.87794
0.84902
0.82743
0.76446
0.701
0.6538
0.61395
0.62049
0.55965
0.53837
0.55608
0.59592
0.64672
0.66104
0.65957
0.68148
0.68128
0.69568
0.94676
0.99807
0.99962
0.99617
0.99189
0.99114
0.99323
0.97886
0.96897
0.94834
0.96937
0.95523
0.82979
0.76051
0.69301
0.62901
0.59746
0.60197
0.63036
0.5756
0.51314
0.46091
0.40094
0.3625
0.38805
0.42602
0.49397
0.56239
0.58429
0.62104
0.61077
0.67053
0.68428
0.7113
0.7764
0.82317
0.98118
0.98964
0.98209
0.94355
0.75432
0.68299
0.62526
0.58676
0.58545
0.57442
0.67512
0.728
0.84458
0.81502
0.73272
0.97498
0.91321
0.68201
0.8612
1.0006
0.97592
0.86023
0.78216
0.80792
0.75245
0.75578
0.66039
0.61395
0.59941
0.60543
0.63895
0.65918
0.71016
0.71144
0.80804
0.81983
0.98816
1.0005
0.9977
0.99366
0.96439
0.75377
0.75006
0.74395
0.70907
0.74293
0.79217
0.74916
0.78929
0.99866
0.99836
0.99922
0.9797
0.99658
0.96429
0.87331
0.70277
0.82487
0.79444
0.72675
0.71242
0.76238
0.89421
0.9231
0.93889
0.94131
0.94802
0.94422
0.93517
0.93484
0.95199
0.95442
0.94256
0.94043
0.92715
0.75585
0.56882
0.55868
0.54607
0.52407
0.54517
0.56911
0.58665
0.52428
0.51962
0.54788
0.54935
0.56644
0.53751
0.48992
0.44794
0.49908
0.52453
0.61642
0.63241
0.58438
0.56846
0.57082
0.53921
0.6146
0.82654
0.58995
0.60417
0.60986
0.59475
0.55505
0.58851
0.69356
0.60952
0.65839
0.54641
0.54004
0.55121
0.5489
0.61881
0.71749
0.63963
0.65981
0.7303
0.71923
0.71873
0.64834
0.58884
0.54357
0.50077
0.49379
0.49499
0.50158
0.58412
0.64414
0.6792
0.56208
0.53666
0.54177
0.5831
0.58968
0.60592
0.63002
0.62631
0.5902
0.56301
0.56125
0.56922
0.55367
0.54901
0.55025
0.54413
0.51868
0.54981
0.61684
0.66735
0.69623
0.6164
0.6119
0.55114
0.4956
0.48025
0.48139
0.47061
0.4567
0.52236
0.5964
0.53031
0.56916
0.53616
0.53302
0.50798
0.67439
0.83124
0.52288
0.49163
0.4543
0.45771
0.46417
0.49037
0.53312
0.96924
0.79466
0.62752
0.6369
0.96193
0.95924
0.95793
0.95473
0.95479
0.95862
0.94982
0.94722
0.95105
0.93688
0.92184
0.84552
0.58571
0.52087
0.43025
0.37989
0.35351
0.39231
0.56424
0.92832
0.95578
0.98291
0.97096
0.98181
0.98037
0.9716
0.96501
0.95085
0.94284
0.93507
0.92531
0.93619
0.93197
0.92378
0.92003
0.92219
0.92818
0.93329
0.92626
0.92442
0.92411
0.91912
0.93009
0.92368
0.92341
0.92225
0.92599
0.93516
0.93691
0.93185
0.92491
0.91384
0.90495
0.90345
0.90228
0.90466
0.89857
0.91704
0.91119
0.84026
0.68727
0.67781
0.79326
0.74975
0.69679
0.61437
0.54535
0.53095
0.49065
0.45193
0.51365
0.53619
0.56074
0.52573
0.47968
0.48846
0.53611
0.53449
0.52477
0.52806
0.52051
0.55053
0.56057
0.86415
0.83813
0.62964
0.57825
0.59498
0.9458
0.96336
0.86479
0.56116
0.5384
0.85903
0.90946
0.8966
0.90228
0.87824
0.9602
0.78021
0.91398
0.9648
0.87135
0.81094
0.66715
0.51173
0.53522
0.62281
0.98488
0.97
0.94924
0.94513
0.95736
0.95987
0.94844
0.92313
0.9381
0.96786
0.93134
0.60594
0.5932
0.62533
0.58881
0.56353
0.5155
0.50574
0.48527
0.48664
0.47794
0.45912
0.45575
0.46006
0.4643
0.45225
0.43018
0.44439
0.4545
0.48678
0.49323
0.49623
0.43661
0.40936
0.38372
0.37254
0.3519
0.36555
0.38544
0.39218
0.39146
0.3855
0.38281
0.39751
0.40465
0.42366
0.44736
0.46989
0.49334
0.52099
0.54409
0.55279
0.5605
0.55301
0.54436
0.54191
0.5286
0.49922
0.46296
0.47383
0.4614
0.52232
0.57854
0.93534
0.94683
0.95266
0.73997
0.67794
0.80354
0.72421
0.90622
0.89723
0.71748
0.71273
0.70599
0.69343
0.86995
0.84265
0.8421
0.82628
0.71676
0.62676
0.60679
0.56712
0.56096
0.54176
0.56675
0.68012
0.85498
0.87332
0.87711
0.88328
0.88139
0.86774
0.70327
0.6183
0.54616
0.47586
0.40311
0.36026
0.34769
0.68848
0.84207
0.9251
0.83447
0.53098
0.51055
0.70754
0.90978
0.76109
0.72769
0.73713
0.70191
0.68533
0.67575
0.66806
0.66181
0.6717
0.65362
0.6448
0.64832
0.67753
0.7877
0.84225
0.87554
0.89391
0.90011
0.90661
0.8843
0.56719
0.47634
0.81287
0.88618
0.92262
0.93667
0.96312
0.96525
0.96238
0.61965
0.60532
0.58981
0.58589
0.61346
0.68627
0.74532
0.76353
0.83969
0.88775
0.90897
0.91027
0.89996
0.90059
0.88378
0.86281
0.87028
0.8738
0.89394
0.89472
0.8977
0.89179
0.82915
0.67638
0.5836
0.53347
0.51947
0.63011
0.64196
0.74334
0.85075
0.86285
0.87154
0.88014
0.89863
0.78734
0.69728
0.6303
0.70341
0.74493
0.69692
0.59934
0.48541
0.39749
0.44593
0.90423
0.93747
0.96442
0.96627
0.95979
0.95681
0.952
0.9584
0.95616
0.94691
0.94098
0.93473
0.91946
0.89494
0.87584
0.81351
0.58271
0.53064
0.51178
0.54819
0.57699
0.59989
0.61498
0.59134
0.60907
0.61449
0.66095
0.65708
0.71159
0.78854
0.80667
0.80642
0.80665
0.80431
0.62237
0.57344
0.54316
0.5247
0.53249
0.54697
0.56631
0.64313
0.74523
0.83728
0.84538
0.85749
0.86007
0.86425
0.862
0.86718
0.8636
0.86103
0.85909
0.85615
0.85279
0.85657
0.85511
0.84321
0.8432
0.81676
0.69129
0.75375
0.75521
0.73306
0.68557
0.62219
0.63398
0.61843
0.54612
0.45333
0.39002
0.32908
0.30682
0.53479
0.68807
0.5496
0.48716
0.47645
0.74907
0.62266
0.77297
0.56942
0.50512
0.52174
0.79009
0.80759
0.81826
0.82354
0.82671
0.82931
0.84182
0.84237
0.8395
0.84276
0.84049
0.83525
0.84293
0.84025
0.83573
0.8285
0.82188
0.8268
0.82229
0.80505
0.73017
0.64566
0.62096
0.6135
0.61601
0.63954
0.66482
0.70588
0.66665
0.63868
0.59207
0.57251
0.56545
0.55934
0.54919
0.52431
0.48433
0.43231
0.40958
0.4614
0.65878
0.63513
0.6044
0.5611
0.4925
0.42165
0.43598
0.41575
0.38947
0.36106
0.3461
0.37628
0.3347
0.36236
0.357
0.36693
0.37731
0.37688
0.42682
0.6186
0.71182
0.63273
0.5074
0.58409
0.64794
0.71984
0.67775
0.47066
0.45532
0.53068
0.53049
0.50564
0.53803
0.55841
0.5739
0.58697
0.76807
0.77399
0.61027
0.5246
0.52882
0.6226
0.62629
0.54596
0.523
0.52651
0.49824
0.54596
0.78872
0.80981
0.82154
0.81714
0.69271
0.49761
0.42633
0.35634
0.35219
0.63249
0.81423
0.69125
0.51819
0.45702
0.54341
0.42714
0.43825
0.42112
0.44317
0.52317
0.4361
0.41073
0.46516
0.53854
0.65725
0.60565
0.67291
0.64991
0.63977
0.5726
0.54091
0.53154
0.48676
0.49279
0.51633
0.54608
0.49094
0.62211
0.34199
0.36618
0.37628
0.57185
0.38646
0.40409
0.46026
0.56623
0.43444
0.41802
0.76692
0.52091
0.43559
0.4314
0.37505
0.61789
0.8746
0.86096
0.84671
0.82674
0.78919
0.80291
0.83125
0.84862
0.85423
0.8534
0.8468
0.83236
0.82397
0.81597
0.81076
0.80376
0.80411
0.79757
0.76501
0.75031
0.55663
0.47297
0.4178
0.37353
0.34571
0.29639
0.23579
0.38047
0.74068
0.73879
0.7303
0.73379
0.70699
0.70399
0.68768
0.58658
0.75376
0.71681
0.46153
0.51181
0.48168
0.34927
0.3427
0.39148
0.34206
0.41376
0.4352
0.4252
0.44158
0.48803
0.53508
0.55304
0.50204
0.44915
0.39472
0.36755
0.4408
0.50435
0.547
0.56444
0.57567
0.58917
0.61833
0.61384
0.57895
0.573
0.56283
0.55239
0.54672
0.53702
0.53377
0.5393
0.55623
0.56921
0.56692
0.55537
0.54232
0.53288
0.5028
0.48744
0.47264
0.49832
0.50614
0.48582
0.4436
0.43956
0.41998
0.40589
0.38801
0.36628
0.38093
0.39437
0.42374
0.43574
0.47647
0.51923
0.53484
0.54687
0.53315
0.5219
0.49284
0.4952
0.49146
0.49149
0.75934
0.80496
0.63418
0.61705
0.81104
0.82256
0.81675
0.54716
0.5047
0.46313
0.44661
0.51879
0.52658
0.53524
0.57161
0.85578
0.81911
0.88126
0.89802
0.8899
0.87352
0.8647
0.85942
0.84979
0.81068
0.73031
0.72977
0.81041
0.83314
0.83392
0.82892
0.80788
0.81753
0.80973
0.77091
0.72371
0.64066
0.58186
0.51619
0.47491
0.48316
0.47729
0.46834
0.42133
0.42278
0.43461
0.3434
0.37307
0.38728
0.35971
0.37752
0.39065
0.4051
0.38874
0.39161
0.41867
0.45422
0.45247
0.41693
0.37526
0.3822
0.38551
0.40323
0.41745
0.436
0.45408
0.46524
0.4893
0.50711
0.52728
0.56961
0.6154
0.70972
0.62272
0.71365
0.72524
0.59401
0.80897
0.83863
0.85222
0.82216
0.80602
0.81327
0.81173
0.80515
0.80382
0.80271
0.80222
0.79898
0.79251
0.77635
0.76015
0.76244
0.74503
0.72332
0.71748
0.71207
0.69248
0.6703
0.57795
0.5339
0.48361
0.4053
0.35685
0.28872
0.28055
0.38164
0.75296
0.91425
0.83698
0.76525
0.71291
0.82316
0.74129
0.64598
0.48745
0.50945
0.50345
0.48358
0.47308
0.46865
0.46324
0.46423
0.46343
0.46919
0.65689
0.53271
0.65033
0.91036
0.85787
0.68272
0.72002
0.61466
0.7596
0.47539
0.4498
0.62428
0.42051
0.40713
0.4294
0.49723
0.44583
0.4499
0.44597
0.46032
0.4693
0.45765
0.44769
0.43742
0.43769
0.46904
0.43718
0.40574
0.39617
0.4029
0.4016
0.40264
0.41022
0.4215
0.40714
0.48517
0.41163
0.39635
0.39026
0.40261
0.409
0.42521
0.44698
0.44134
0.45421
0.4698
0.48516
0.47601
0.47257
