0.28877
0.28571
0.31705
0.46233
0.57327
0.52331
0.57596
0.5912
0.52151
0.65279
0.59025
0.46307
0.39255
0.42378
0.39979
0.24808
0.15425
0.18967
0.19146
0.48702
0.30177
0.29704
0.33745
0.37998
0.35781
0.5152
0.54441
0.60957
0.85791
0.94078
0.91737
0.72992
0.70229
0.58294
0.41975
0.33306
0.22883
0.19982
0.26854
0.19622
0.19295
0.33235
0.57591
0.65876
0.75947
0.74612
0.91
0.95533
0.6241
0.65223
0.80066
0.51265
0.25866
0.23833
0.23521
0.22345
0.2207
0.21691
0.21312
0.21237
0.21286
0.21559
0.20541
0.22502
0.16988
0.091921
0.17664
0.14327
0.38945
0.50125
0.93054
0.98778
0.99858
0.99751
0.99865
0.99025
0.87003
0.23656
0.23073
0.22862
0.22723
0.22026
0.20854
0.20956
0.20872
0.20669
0.20793
0.20068
0.2234
0.17322
0.22537
0.215
0.48516
0.56005
0.6044
0.52919
0.51882
0.28704
0.21281
0.28185
0.25244
0.23223
0.22233
0.21431
0.20874
0.21003
0.2036
0.21961
0.20992
0.17482
0.26182
0.36439
0.41924
0.41653
0.44748
0.47364
0.57488
0.57725
0.45614
0.41919
0.40467
0.34232
0.34641
0.31691
0.28174
0.2446
0.23663
0.26436
0.26915
0.29356
0.29939
0.30417
0.30329
0.32205
0.36682
0.44812
0.53501
0.56417
0.71453
0.71079
0.8733
0.55399
0.46831
0.36987
0.3026
0.2693
0.30321
0.34967
0.29791
0.36964
0.77109
0.67445
0.61308
0.5046
0.6496
0.63784
0.86982
0.75496
0.70704
0.57085
0.57617
0.56653
0.46038
0.4466
0.29423
0.32004
0.44203
0.44514
0.328
0.32644
0.73142
0.49233
0.52548
0.64585
0.66874
0.72537
0.77225
0.92288
0.66648
0.49936
0.56204
0.50972
0.45214
0.79679
0.58975
0.27293
0.25385
0.26036
0.24384
0.21837
0.22245
0.13788
0.11717
0.17932
0.36441
0.32231
0.3898
0.36206
0.40596
0.61021
0.81486
0.85163
0.93674
0.94063
0.82829
0.94515
0.62272
0.57993
0.68222
0.91655
0.92777
0.92016
0.85138
0.76359
0.7241
0.56858
0.53855
0.51948
0.46938
0.44632
0.4316
0.30799
0.32064
0.32744
0.31442
0.33696
0.35718
0.50903
0.45382
0.38059
0.30357
0.22981
0.23515
0.25208
0.18747
0.20067
0.19306
0.23279
0.22337
0.28143
0.29573
0.31708
0.65403
0.60921
0.62441
0.6128
0.74358
0.89387
0.92403
0.93742
0.90667
0.92153
0.92401
0.92407
0.8243
0.60456
0.88758
0.60079
0.4546
0.38639
0.58506
0.43337
0.57548
0.2133
0.29289
0.19231
0.19715
0.18156
0.21025
0.22327
0.21085
0.21197
0.23724
0.29316
0.55957
0.83572
0.86082
0.66176
0.59585
0.92462
0.84301
0.77695
0.74844
0.78351
0.77711
0.7798
0.81032
0.84015
0.7303
0.48614
0.29536
0.23962
0.22829
0.26733
0.2277
0.21547
0.16165
0.14572
0.12212
0.11892
0.20572
0.29023
0.4333
0.51364
0.3618
0.26919
0.23676
0.21412
0.20425
0.1907
0.18556
0.18454
0.17484
0.1772
0.20441
0.25888
0.2074
0.21805
0.20492
0.17171
0.14271
0.18905
0.3021
0.50651
0.66341
0.66743
0.58822
0.60983
0.61556
0.62093
0.58656
0.61901
0.43056
0.36749
0.39172
0.61594
0.44565
0.25415
0.28067
0.27724
0.30241
0.37787
0.75774
0.69138
0.86363
0.95401
0.9813
0.96648
0.94699
0.90678
0.95298
0.89588
0.9129
0.90861
0.67035
0.662
0.5992
0.55891
0.3074
0.2979
0.26728
0.23316
0.43558
0.37909
0.31593
0.24569
0.23164
0.2469
0.23931
0.30838
0.35639
0.84611
0.76692
0.56657
0.41439
0.37698
0.24064
0.24713
0.23697
0.2282
0.23093
0.22553
0.21894
0.20922
0.20002
0.18684
0.17668
0.18586
0.11604
0.14016
0.28862
0.26261
0.44163
0.37831
0.31158
0.30999
0.28469
0.21823
0.19234
0.19997
0.22633
0.21753
0.23721
0.2195
0.3447
0.29194
0.19966
0.20275
0.18826
0.19336
0.28152
0.51434
0.35649
0.32646
0.38845
0.38721
0.4527
0.51995
0.18949
0.26925
0.22602
0.20586
0.46303
0.52296
0.55553
0.58259
0.27264
0.29027
0.40353
0.66635
0.57707
0.42285
0.4685
0.51477
0.77769
0.65963
0.27885
0.19344
0.18192
0.18967
0.43423
0.20202
0.21449
0.21021
0.18758
0.1704
0.149
0.13542
0.18534
0.21803
0.22658
0.22742
0.24963
0.20554
0.19133
0.15677
0.1885
0.15952
0.25087
0.20983
0.14543
0.13299
0.1064
0.14519
0.15711
0.32995
0.38061
0.43223
0.51763
0.92827
0.94605
0.93304
0.93412
0.95917
0.94161
0.94639
0.92645
0.89368
0.92158
0.92549
0.92002
0.88844
0.87869
0.89863
0.90032
0.91357
0.89915
0.86979
0.83715
0.62866
0.70151
0.75122
0.84179
0.90118
0.81649
0.60019
0.48751
0.58425
0.7148
0.74943
0.86486
0.93981
0.67032
0.90964
0.93274
0.41398
0.29091
0.90907
0.93529
0.85336
0.74052
0.73784
0.84852
0.7409
0.71332
0.80729
0.88726
0.73625
0.74208
0.72787
0.88062
0.83844
0.67627
0.64101
0.47132
0.34204
0.44504
0.31607
0.36148
0.22652
0.18419
0.14153
0.15829
0.1733
0.11577
0.099014
0.091233
0.07651
0.0722
0.078308
0.097338
0.11899
0.1087
0.18157
0.23782
0.24376
0.30616
0.22757
0.099611
0.093479
0.087592
0.097194
0.20365
0.26006
0.34254
0.26929
0.32715
0.30101
0.37596
0.40029
0.32637
0.34377
0.43798
0.38011
0.37048
0.45146
0.43874
0.41368
0.28222
0.20749
0.15382
0.176
0.27523
0.40206
0.55045
0.42263
0.30987
0.33842
0.43972
0.48305
0.58095
0.62515
0.63268
0.57633
0.53839
0.47508
0.45597
0.4281
0.41391
0.38756
0.56197
0.89233
0.87077
0.91535
0.91048
0.94935
0.88945
0.9321
0.54983
0.27827
0.24323
0.15995
0.24485
0.45681
0.81546
0.71459
0.73582
0.52832
0.58066
0.5341
0.92834
0.54969
0.42612
0.42076
0.53617
0.8567
0.60741
0.47859
0.38486
0.27974
0.26791
0.20043
0.19769
0.11741
0.078659
0.29462
0.10478
0.3059
0.36072
0.35307
0.33361
0.33899
0.30678
0.24325
0.25745
0.22532
0.34417
0.57583
0.61838
0.51692
0.48942
0.5459
0.63992
0.91447
0.92599
0.79369
0.81239
0.62657
0.73231
0.58422
0.54827
0.53171
0.58686
0.73458
0.73489
0.88168
0.84917
0.63171
0.56802
0.49307
0.42596
0.46471
0.41218
0.46525
0.42078
0.29068
0.26021
0.2072
0.26822
0.29782
0.19916
0.13521
0.1236
0.28684
0.4105
0.54056
0.5423
0.54821
0.62238
0.35731
0.2743
0.27793
0.27346
0.31192
0.3153
0.33236
0.35399
0.31508
0.41622
0.47804
0.41932
0.30459
0.33396
0.36298
0.32185
0.67359
0.89602
0.71402
0.74383
0.72732
0.6985
0.65601
0.64745
0.56533
0.41059
0.45695
0.59945
0.48905
0.34551
0.5681
0.53997
0.67015
0.56544
0.81795
0.67041
0.66962
0.70528
0.65528
0.71826
0.7202
0.79631
0.70916
0.75969
0.98036
0.92718
0.85381
0.91224
0.89124
0.67792
0.93836
0.92212
0.82806
0.81893
0.81017
0.96928
0.92296
0.94378
0.74109
0.59797
0.42478
0.46782
0.39347
0.22738
0.14655
0.15322
0.22713
0.70647
0.82041
0.78614
0.99292
0.99881
1.0005
0.99989
0.99949
0.99741
0.9992
1.0002
0.99746
0.9796
0.9644
0.94102
0.96154
0.96189
0.90998
0.64861
0.54446
0.44024
0.47178
0.56392
0.34763
0.41475
0.33792
0.48355
0.48864
0.53797
0.39823
0.32444
0.30857
0.34168
0.26841
0.35652
0.40839
0.38926
0.2103
0.1741
0.15216
0.13385
0.13434
0.33869
0.42065
0.38713
0.24467
0.18309
0.22823
0.29147
0.33683
0.33406
0.31618
0.32268
0.21843
0.2409
0.29153
0.3141
0.37674
0.40421
0.58209
0.53452
0.94932
0.88495
0.9596
0.97494
0.95977
0.9741
0.90447
0.72644
0.73776
0.7373
0.9286
0.96384
0.98718
0.89326
0.90089
0.94763
0.86026
0.83808
0.64956
0.68
0.83462
0.92757
0.9508
0.96268
0.96856
0.99771
0.99722
1
0.93994
0.82218
0.98809
1
0.99906
0.99976
1.0002
0.97624
1.0008
0.99518
0.98721
0.98603
0.9183
0.94263
0.98345
0.99822
0.99925
0.99809
0.99859
1.0004
1.0006
0.99761
0.99373
0.99048
0.99703
0.99941
0.99941
0.9994
1
0.96201
0.28696
0.27364
0.26077
0.25186
0.31949
0.6322
0.37888
0.25485
0.17549
0.18014
0.24938
0.47301
0.76659
0.85286
0.76035
0.59029
0.56904
0.55984
0.67645
0.93724
0.97268
0.99715
0.9998
0.98952
0.90671
0.81523
0.87729
0.89204
0.92158
0.94541
0.91568
0.84173
0.83561
0.79243
0.82789
0.93103
0.9398
0.9522
0.90128
0.85728
0.64029
0.47266
0.59012
0.85183
0.77897
0.71869
0.60544
0.66347
0.71843
0.7767
0.85093
0.94418
0.99881
0.96603
0.97762
0.95757
0.87093
0.85668
0.9508
0.98088
0.99223
0.99195
0.98859
0.99067
0.98183
0.97775
0.99871
0.98164
0.93903
0.98074
0.96671
0.94092
0.96011
0.96575
0.99028
0.99764
1.0005
0.99044
0.98237
0.96765
0.97071
0.96067
0.9401
0.95854
0.97036
0.97612
0.98108
0.95604
0.93209
0.95109
0.97563
0.97069
0.98657
0.98235
0.98457
0.92268
0.70752
0.37275
0.60382
0.96119
0.97176
0.98114
0.97585
0.97607
0.96647
0.75089
0.72687
0.89564
0.9205
0.85882
0.80978
0.81892
0.6612
0.30419
0.43438
0.61889
0.96154
0.97659
0.98296
0.97034
0.84489
0.85583
0.73206
0.75766
0.95807
0.96968
0.94174
0.70959
0.63303
0.91466
0.86519
0.88064
0.8266
0.96361
0.96134
0.96423
0.96341
0.78788
0.65105
0.87622
0.95231
0.94623
0.88104
0.72094
0.69303
0.62053
0.63287
0.71379
0.86231
0.85883
0.90738
0.96212
0.90077
0.96516
0.98338
0.9997
0.9972
0.99919
0.99935
0.98183
0.90046
0.85238
0.8952
0.94902
0.96481
0.99811
0.97828
0.73699
0.83369
0.86255
0.72051
0.48237
0.50805
0.24636
0.27101
0.25041
0.24658
0.24431
0.27786
0.39904
0.51361
0.83286
0.81499
0.67107
0.33289
0.51123
0.45067
0.39561
0.47572
0.53814
0.4024
0.50445
0.70281
0.58474
0.68932
0.93374
0.97115
0.76771
0.81854
0.94821
0.98911
0.99723
1.0007
0.998
0.9999
1
0.97426
0.83011
0.51838
0.46557
0.83146
0.96261
0.95115
0.97928
0.99888
0.52335
0.33374
0.33165
0.60547
0.75975
0.9428
0.99945
0.94583
0.64696
0.77109
0.77831
0.81144
0.87751
0.91829
0.95819
0.72719
0.38083
0.48123
0.40833
0.70737
0.80434
0.84546
0.99761
0.99068
0.80551
0.71233
0.75238
0.68891
0.92908
0.9735
0.9593
0.95975
0.86935
0.7879
0.79396
0.92712
0.9746
0.98081
0.99582
0.98908
0.95939
0.98076
0.98594
0.98608
1.0009
1.0001
1.0009
0.99933
0.99988
0.98711
0.79466
0.80794
0.91314
0.92511
0.89487
0.74745
0.54642
0.45746
0.74926
0.87753
0.91918
0.87362
0.82478
0.80305
0.68991
0.54889
0.43946
0.62736
0.81863
0.87652
0.88131
0.92808
0.83985
0.84649
0.83337
0.97487
0.98962
0.99539
0.99783
0.99535
0.99863
0.99974
0.98277
0.97677
0.98171
0.99967
0.99134
0.9308
0.83838
0.81781
0.7761
0.84147
0.96257
0.99015
0.98655
0.94162
0.82876
0.72322
0.70719
0.85582
0.77331
0.93299
0.95979
0.92217
0.84738
0.82854
0.77807
0.85779
0.89028
0.9294
0.90072
0.8917
0.87846
0.85842
0.85903
0.89514
0.93281
0.92324
0.92842
0.94937
0.87151
0.79572
0.76812
0.83967
0.89719
0.94038
0.93087
0.89755
0.80424
0.77353
0.66423
0.74551
0.81241
0.89324
0.87461
0.81041
0.63755
0.47764
0.40146
0.58175
0.73086
0.77993
0.7641
0.64762
0.54797
0.48845
0.4719
0.6342
0.63516
0.71194
0.69541
0.65963
0.50665
0.42586
0.37977
0.49938
0.53413
0.54189
0.56589
0.56751
0.46273
0.36999
0.31559
0.52956
0.66356
0.67255
0.68863
0.62429
0.53303
0.45268
0.49984
0.63198
0.7087
0.70476
0.73081
0.68967
0.84363
0.97781
0.99927
0.99887
0.97492
0.96802
0.94017
0.95042
0.96524
0.9852
0.96986
0.78058
0.6701
0.64813
0.67198
0.69079
0.59484
0.54097
0.52965
0.54011
0.57359
0.56783
0.60696
0.6796
0.78389
0.62913
0.6346
0.8292
0.84939
0.89506
0.89038
0.91632
0.94115
0.95688
0.96741
0.95828
0.85925
0.9769
0.98879
0.99833
0.99799
1.0005
0.83336
0.85557
0.88913
0.90846
0.90319
0.81602
0.70843
0.67587
0.54626
0.554
0.67165
0.76031
0.75539
0.65424
0.68672
0.58273
0.34124
0.49404
0.50162
0.64586
0.68802
0.68843
0.71022
0.57741
0.53696
0.56585
0.63755
0.64462
0.71822
0.76531
0.72653
0.75403
0.85141
0.89045
0.89102
0.89692
0.90759
0.97241
0.91708
0.82982
0.71407
0.63751
0.78147
0.69017
0.67791
0.58213
0.46939
0.41913
0.47885
0.69984
0.77168
0.8352
0.73929
0.78983
0.7338
0.72747
0.7308
0.73674
0.73965
0.84509
0.81991
0.878
0.86172
0.81648
0.72217
0.78798
0.91361
0.97751
0.99774
0.98456
0.96755
0.93355
0.86274
0.94431
0.88328
0.86088
0.84966
0.90291
0.91069
0.95019
0.96896
0.90954
0.90557
0.88423
0.89602
0.89388
0.89831
0.90325
0.91883
0.91424
0.8849
0.91325
0.90846
0.94136
0.96835
0.9278
0.94265
0.89912
0.88709
0.84256
0.88476
0.9061
0.94981
0.92718
0.89025
0.81448
0.77765
0.83917
0.91732
0.96952
0.99826
0.99866
0.99904
1.0009
0.95547
0.95514
0.97879
0.99712
0.99782
0.99875
0.99997
0.98236
0.93727
0.89724
0.90488
0.92983
0.93459
0.94129
0.96641
0.90247
0.84842
0.84218
0.88035
0.88566
0.89112
0.89351
0.90761
0.88274
0.89768
0.9245
0.91302
0.95967
0.93898
0.95273
0.83877
0.76193
0.82333
0.74747
0.79653
0.93943
0.94089
0.92338
0.84355
0.83275
0.91116
0.91835
0.90513
0.92334
0.93191
0.94852
0.78315
0.795
0.75084
0.882
0.89725
0.87388
0.91231
0.8569
0.86253
0.98147
0.96988
0.92349
0.85481
0.87641
0.92732
0.91087
0.94843
0.9302
0.8929
0.85935
0.82986
0.89652
0.88061
0.89438
0.89517
0.84818
0.82106
0.83999
0.83284
0.88376
0.85744
0.85959
0.87869
0.82362
0.84232
0.84177
0.85466
0.84299
0.85044
0.83938
0.83589
0.85738
0.84478
0.88503
0.89898
0.92942
0.94669
0.90761
0.9195
0.85388
0.81099
0.85403
0.76868
0.75717
0.68576
0.57716
0.58845
0.56853
0.65899
0.7005
0.70015
0.69337
0.71657
0.74278
0.80627
0.83456
0.90465
0.88539
0.9592
0.97364
0.96575
0.98674
0.97222
0.89472
0.76847
0.71617
0.67803
0.68253
0.81879
0.83094
0.81921
0.79575
0.75772
0.75685
0.83015
0.80896
0.76687
0.71677
0.72751
0.74565
0.72386
0.81023
0.81251
0.89458
0.89799
0.91267
0.92783
0.89764
0.89464
0.86552
0.87461
0.82452
0.73826
0.5484
0.49388
0.56417
0.60195
0.6251
0.67011
0.62888
0.57289
0.58199
0.55907
0.62225
0.70257
0.77969
0.77876
0.9256
0.9716
0.9753
0.99816
0.94139
0.80588
0.95329
0.95455
0.90973
0.87637
0.85587
0.7847
0.85734
0.87651
0.79645
0.81494
0.72172
0.82975
0.87085
0.86922
0.85288
0.86742
0.85453
0.80306
0.88936
0.86431
0.82701
0.80366
0.98388
0.92904
0.93565
0.82438
0.82455
0.87287
0.89487
0.89077
0.91549
0.84768
0.82708
0.87126
0.80458
0.69318
0.5778
0.53382
0.47629
0.41993
0.37512
0.3703
0.32089
0.33599
0.3859
0.4976
0.53566
0.6035
0.68873
0.726
0.81839
0.85612
0.95228
0.96386
0.98587
0.97536
0.99674
0.98457
0.91724
0.96826
0.90341
0.89461
0.9206
0.94634
0.88005
0.9849
0.95996
0.99148
0.98489
0.94386
0.99958
0.99721
0.91434
0.78587
0.55408
0.36964
0.30448
0.39712
0.42233
0.49743
0.28181
0.2204
0.31107
0.5405
0.58302
0.51006
0.67911
0.75427
0.76373
0.83605
0.75534
0.35504
0.34094
0.33166
0.33006
0.31687
0.41402
0.35436
0.32122
0.30847
0.31616
0.36398
0.38844
0.39697
0.55222
0.51953
0.3887
0.37055
0.31066
0.37238
0.49881
0.58125
0.64471
0.60657
0.57352
0.57409
0.57418
0.60265
0.70047
0.75866
0.7919
0.84127
0.90142
0.95225
0.92463
0.82699
0.66854
0.79953
0.72047
0.71336
0.69996
0.65158
0.54613
0.39093
0.32353
0.36292
0.58147
0.5927
0.53117
0.49065
0.48712
0.49992
0.62016
0.71139
0.79915
0.84072
0.89432
0.86782
0.87823
0.90458
0.89394
0.84794
0.90073
0.89148
0.89454
0.81973
0.92547
0.8699
0.84909
0.90874
0.89068
0.90519
0.93087
0.86915
0.86895
0.81367
0.81745
0.84104
0.84
0.81888
0.6664
0.32751
0.38615
0.33364
0.40576
0.45835
0.65469
0.6314
0.53276
0.60467
0.6763
0.67552
0.72738
0.72177
0.74042
0.76904
0.81026
0.89189
0.92291
0.90772
0.87178
0.86542
0.88872
0.85857
0.83921
0.67686
0.47492
0.42991
0.6209
0.73193
0.7086
0.7355
0.44809
0.37039
0.31136
0.33716
0.38665
0.54455
0.69168
0.67524
0.69734
0.54098
0.52736
0.4642
0.50927
0.68006
0.73443
0.75934
0.68025
0.61024
0.53251
0.48809
0.56855
0.65715
0.7544
0.72049
0.7414
0.64361
0.75291
0.71789
0.9048
0.95796
0.90276
0.8734
0.78889
0.7532
0.65
0.76971
0.90299
0.83014
0.84458
0.82621
0.84953
0.81747
0.74482
0.76098
0.8209
0.98028
0.94888
0.98495
0.90291
0.95007
0.95944
0.896
0.82657
0.7987
0.75448
0.73137
0.69643
0.66052
0.46855
0.38506
0.47037
0.67305
0.71371
0.89606
0.94845
0.95178
0.89632
0.76292
0.78942
0.77895
0.7441
0.64828
0.46749
0.39131
0.44455
0.65603
0.73905
0.91187
0.95548
0.95362
0.90296
0.83531
0.76746
0.68924
0.6779
0.76345
0.87885
0.73869
0.72733
0.7268
0.68393
0.71668
0.78647
0.88228
0.86091
0.95786
0.88969
0.96079
0.91279
0.85487
0.93597
0.93099
0.94092
0.94878
0.90347
0.81428
0.91106
0.97132
0.98982
0.90142
0.94988
0.87364
0.83609
0.89822
0.9358
0.92718
0.94621
0.91862
0.91169
0.8878
0.84099
0.77983
0.71906
0.81533
0.86112
0.87084
0.89814
0.99373
0.97743
0.87603
0.94474
0.95475
0.90013
0.87906
0.84431
0.84519
0.85502
0.86668
0.89194
0.92109
0.97249
0.94014
0.95272
0.90926
0.87496
0.79314
0.83709
0.79326
0.86171
0.92058
0.92913
0.89955
0.97707
0.94398
0.89746
0.89664
0.89923
0.96833
0.32903
0.29412
0.2606
0.26853
0.28495
0.24373
0.24419
0.2554
0.25738
0.25005
0.22765
0.22284
0.16461
0.14802
0.1605
0.27113
0.62706
0.59018
0.42657
0.27405
0.22433
0.25627
0.25676
0.2476
0.24481
0.24144
0.22758
0.21845
0.25869
0.25016
0.23817
0.28222
0.3319
0.57486
0.55247
0.32982
0.29067
0.40455
0.28417
0.36792
0.42943
0.55102
0.34947
0.28356
0.26334
0.26034
0.35309
0.33625
0.44041
0.53392
0.35392
0.29192
0.25179
0.21419
0.25942
0.34099
0.4299
0.40743
0.48525
0.37843
0.25661
0.38565
0.24802
0.3649
0.38202
0.41233
0.31715
0.26838
0.27927
0.23038
0.23854
0.32153
0.41557
0.41853
0.24953
0.22072
0.22524
0.23525
0.23309
0.24598
0.27693
0.2872
0.19761
0.16892
0.17563
0.16426
0.16699
0.28219
0.26182
0.20593
0.16686
0.1514
0.18442
0.37718
0.49301
0.46388
0.52354
0.61363
0.70471
0.76519
0.71099
0.75981
0.79845
0.77711
0.92098
0.8585
0.85415
0.83003
0.92606
0.87984
0.80826
0.73293
0.72616
0.9047
0.92458
0.69081
0.83182
0.96403
0.95761
0.9481
0.98591
0.95594
0.85614
0.89903
0.87748
0.8844
0.95197
0.90578
0.87783
0.78884
0.8262
0.8506
0.84274
0.86116
0.78682
0.75332
0.77625
0.76549
0.68555
0.64943
0.59897
0.46856
0.56562
0.70905
0.86752
0.85734
0.8057
0.71473
0.64911
0.52658
0.41835
0.50208
0.60966
0.57516
0.42686
0.39746
0.77251
0.72034
0.79759
0.87828
0.88581
0.90703
0.78025
0.71432
0.81294
0.9383
0.91828
0.77776
0.91335
0.95084
0.98925
0.99823
0.99723
0.99874
0.9992
1.0007
0.98668
0.99862
0.99822
0.99913
0.96715
0.85556
0.87993
0.89231
0.90088
0.93398
0.90952
0.86695
0.85763
0.71128
0.77828
0.99114
0.94653
0.99709
0.98839
0.99179
0.99375
0.95556
0.68511
0.59032
0.87657
0.73347
0.65356
0.78855
0.78215
0.58503
0.43818
0.5082
0.657
0.6617
0.60652
0.7036
0.63549
0.61992
0.62098
0.60665
0.65001
0.85443
0.62348
0.76034
0.73414
0.77098
0.59316
0.40945
0.39742
0.33034
0.32587
0.25427
0.21559
0.21096
0.13608
0.32665
0.38314
0.39598
0.36771
0.45219
0.39411
0.22671
0.36592
0.3577
0.31841
0.30684
0.31945
0.29513
0.40778
0.50832
0.39342
0.60592
0.68476
0.71448
0.55917
0.43611
0.40898
0.39282
0.39401
0.46916
0.50373
0.4244
0.33463
0.26164
0.24455
0.25074
0.2492
0.25144
0.31372
0.28633
0.2898
0.27068
0.26679
0.26739
0.36061
0.44891
0.8307
0.87844
0.89476
0.87631
0.82557
0.56305
0.41306
0.41005
0.38764
0.27004
0.20876
0.18479
0.16648
0.1962
0.17348
0.19985
0.22507
0.18582
0.15474
0.21252
0.19052
0.22654
0.18304
0.21993
0.19498
0.22121
0.18475
0.13999
0.13314
0.19595
0.19948
0.23597
0.3225
0.4523
0.50319
0.59918
0.7753
0.7408
0.74284
0.72604
0.61027
0.5399
0.52062
0.57801
0.56718
0.60235
0.63116
0.56837
0.62982
0.63117
0.58228
0.47203
0.4479
0.39834
0.38169
0.42477
0.42822
0.47387
0.59033
0.52427
0.51262
0.54343
0.79663
0.93224
0.83544
0.69289
0.67821
0.60879
0.53753
0.61498
0.5456
0.60707
0.61877
0.65226
0.62001
0.69103
0.66333
0.62698
0.57412
0.62549
0.47737
0.31425
0.33365
0.3106
0.3166
0.33142
0.37403
0.47454
0.6652
0.78376
0.89505
0.91458
0.92847
0.8638
0.90744
0.89357
0.82942
0.86323
0.83769
0.7527
0.72489
0.63933
0.7399
0.73696
0.47815
0.35316
0.3313
0.3176
0.32366
0.37805
0.36654
0.46279
0.49147
0.51941
0.36108
0.30224
0.2838
0.22361
0.20349
0.13711
0.11768
0.25397
0.52639
0.5827
0.44469
0.42459
0.61532
0.62516
0.6218
0.65774
0.72965
0.7938
0.87028
0.83513
0.94372
0.98147
0.99199
0.96315
0.86454
0.83578
0.38606
0.30391
0.28942
0.31214
0.27251
0.2528
0.24169
0.24552
0.24465
0.2431
0.26784
0.3096
0.38129
0.44597
0.49732
0.34633
0.30913
0.29156
0.25877
0.27341
0.26162
0.25953
0.27109
0.24816
0.28073
0.39893
0.75905
0.82624
0.865
0.76004
0.63598
0.63735
0.42789
0.33355
0.2972
0.32696
0.30963
0.29293
0.31036
0.34588
0.34275
0.33142
0.48895
0.42559
0.37333
0.29944
0.25058
0.24247
0.22114
0.17636
0.19838
0.23535
0.24411
0.21218
0.24386
0.46037
0.5885
0.52467
0.6376
0.545
0.58242
0.65289
0.675
0.72232
0.67489
0.66927
0.65167
0.64727
0.69889
0.64641
0.63139
0.65707
0.46025
0.50878
0.30333
0.28167
0.23301
0.20134
0.17609
0.19377
0.23465
0.22197
0.33723
0.30361
0.34308
0.37094
0.36411
0.32952
0.30901
0.30251
0.29508
0.27807
0.27363
0.25139
0.22666
0.22263
0.19325
0.17466
0.16089
0.15953
0.28533
0.24429
0.27548
0.40172
0.39509
0.40359
0.3946
0.4747
0.54894
0.66132
0.7161
0.83238
0.8763
0.92348
0.96085
0.9613
0.97859
0.97741
0.97894
0.97029
0.97372
0.99627
0.99631
0.99855
0.99955
0.99781
0.99957
0.99751
0.94636
0.93635
0.97063
0.82328
0.83866
0.99892
0.89968
0.88013
0.74271
0.67731
0.52762
0.42961
0.54649
0.37294
0.24218
0.30188
0.24548
0.25589
0.30428
0.34501
0.37303
0.25999
0.20157
0.21038
0.31102
0.4387
0.40603
0.47634
0.56831
0.47058
0.65657
0.52922
0.76921
0.28515
0.23202
0.22045
0.20858
0.20746
0.20456
0.20395
0.20101
0.2027
0.23257
0.24135
0.27146
0.31041
0.51218
0.72338
0.92771
0.84946
0.73264
0.73638
0.86766
0.81983
0.77035
0.65824
0.6023
0.45922
0.4901
0.5344
0.50917
0.61485
0.63115
0.40588
0.27345
0.22536
0.20774
0.29342
0.23567
0.22558
0.71357
0.75246
0.60192
0.55846
0.56639
0.55627
0.47644
0.44498
0.39416
0.39144
0.26898
0.28318
0.32432
0.39566
0.43913
0.646
0.71102
0.54969
0.48728
0.56661
0.53417
0.53425
0.54323
0.58538
0.60455
0.8167
0.82588
0.49159
0.29716
0.20874
0.19133
0.19917
0.82981
0.58016
0.39495
0.33145
0.32294
0.50862
0.56836
0.6668
0.65353
0.7628
0.77112
0.71455
0.64875
0.52283
0.42818
0.35488
0.36478
0.44164
0.53694
0.62505
0.61704
0.52904
0.28936
0.23234
0.22241
0.20025
0.28352
0.17293
0.17031
0.13872
0.11744
0.10588
0.1852
0.27238
0.36509
0.336
0.2331
0.24275
0.2159
0.17373
0.18647
0.19967
0.193
0.20872
0.20107
0.20585
0.20065
0.20753
0.21571
0.2121
0.21388
0.22346
0.23665
0.30186
0.33341
0.36036
0.32307
0.28506
0.28422
0.23946
0.23121
0.25768
0.24986
0.23004
0.1931
0.18194
0.1852
0.24365
0.19389
0.18096
0.15854
0.18208
0.23303
0.45299
0.31011
0.23285
0.20893
0.211
0.23516
0.37304
0.58744
0.626
0.52487
0.62719
0.91987
0.81162
0.66167
0.52318
0.89618
0.88449
0.88333
0.9536
0.96614
0.82436
0.84908
0.82924
0.95107
0.97166
0.7648
0.37335
0.30783
0.30188
0.30367
0.25613
0.24513
0.25991
0.26728
0.29345
0.29516
0.22979
0.18229
0.13708
0.13221
0.13044
0.25161
0.24291
0.28429
0.37361
0.27529
0.27653
0.29506
0.28076
0.21856
0.22379
0.32824
0.37025
0.3653
0.28313
0.2817
0.28946
0.31047
0.28528
0.31941
0.32695
0.35424
0.41609
0.86281
0.93047
0.933
0.93859
0.58476
0.36337
0.43183
0.64034
0.75132
0.78557
0.68959
0.59304
0.66739
0.63687
0.74177
0.49991
0.45054
0.2288
0.25345
0.20611
0.11636
0.094419
0.13538
0.11889
0.16889
0.16069
0.20495
0.35419
0.56518
0.68992
0.54515
0.35361
0.30291
0.24903
0.24166
0.17287
0.12627
0.13274
0.13196
0.12703
0.11355
0.099146
0.090494
0.10313
0.11864
0.15539
0.1783
0.22917
0.23389
0.25024
0.24587
0.2418
0.22902
0.17915
0.20299
0.25443
0.26395
0.2672
0.2934
0.28491
0.26575
0.32443
0.33497
0.39107
0.5066
0.50001
0.5295
0.53378
0.54725
0.52974
0.49542
0.51038
0.4544
0.43001
0.44048
0.35853
0.29543
0.23074
0.29041
0.33298
0.51894
0.82479
0.85325
0.87362
0.82109
0.68993
0.67841
0.49337
0.34876
0.28503
0.15199
0.22121
0.22728
0.20847
0.22318
0.22284
0.27412
0.192
0.16823
0.18364
0.22798
0.22613
0.21998
0.17412
0.17867
0.18826
0.16292
0.14779
0.17226
0.16393
0.17351
0.16371
0.17861
0.19864
0.22083
0.20283
0.19095
0.1832
0.16963
0.26637
0.21934
0.29539
0.24293
0.1517
0.28097
0.46784
0.65674
0.44773
0.27598
0.22132
0.2311
0.21705
0.25306
0.26938
0.23915
0.22956
0.18491
0.14764
0.13084
0.19458
0.3338
0.40894
0.48857
0.48315
0.34426
0.28662
0.23785
0.2093
0.21168
0.22793
0.24779
0.24029
0.67944
0.63967
0.63183
0.59576
0.82263
0.85561
0.93346
0.96875
0.96875
0.96987
0.96358
0.95085
0.94857
0.94798
0.9014
0.84137
0.84484
0.74581
0.81429
0.73541
0.44962
0.42508
0.42721
0.45712
0.48033
0.62127
0.7209
0.85952
0.80047
0.41227
0.46902
0.53603
0.65666
0.65922
0.71462
0.78063
0.59012
0.28226
0.25714
0.2223
0.19949
0.20533
0.19204
0.17001
0.23317
0.18255
0.28411
0.5164
0.57398
