0.81212
0.79247
0.75291
0.73996
0.60651
0.49079
0.36722
0.30103
0.24123
0.21263
0.20516
0.19981
0.27128
0.22087
0.23558
0.20059
0.20794
0.19945
0.16321
0.13885
0.12601
0.11017
0.10232
0.12575
0.18486
0.24409
0.4096
0.67982
0.75085
0.62244
0.49574
0.48549
0.39055
0.40628
0.4336
0.48976
0.46239
0.42867
0.32184
0.31573
0.30742
0.30033
0.28593
0.25643
0.24123
0.26174
0.31124
0.31926
0.31468
0.27349
0.31393
0.35909
0.33907
0.28682
0.28488
0.33009
0.38163
0.38598
0.29893
0.22194
0.17178
0.12803
0.11973
0.12393
0.12699
0.15365
0.1252
0.12581
0.13315
0.12519
0.12274
0.11417
0.10684
0.097228
0.10934
0.1761
0.17485
0.15419
0.1743
0.17575
0.27731
0.32031
0.31432
0.28086
0.26733
0.7861
0.85205
0.85514
0.88027
0.91942
0.91178
0.90364
0.89569
0.89662
0.88814
0.85806
0.73861
0.56046
0.41099
0.35288
0.31325
0.21201
0.17568
0.23839
0.38112
0.37651
0.33983
0.32466
0.31748
0.32438
0.3683
0.54048
0.55657
0.6601
0.70851
0.73864
0.74634
0.77293
0.76241
0.77196
0.77336
0.69798
0.51972
0.42986
0.32462
0.3243
0.32232
0.21495
0.18097
0.22211
0.76425
0.52888
0.49206
0.3747
0.32389
0.27191
0.26003
0.2441
0.18501
0.262
0.27871
0.30312
0.53875
0.63656
0.65451
0.77284
0.80345
0.81928
0.80305
0.82155
0.832
0.83882
0.84067
0.86699
0.87469
0.84073
0.83648
0.8584
0.85977
0.84402
0.84589
0.86657
0.88144
0.8629
0.86111
0.86504
0.85252
0.85638
0.83218
0.82235
0.83504
0.83899
0.83662
0.84476
0.85495
0.82386
0.83673
0.84749
0.84593
0.82905
0.65338
0.75614
0.70228
0.89375
0.70274
0.88767
0.86082
0.68688
0.7561
0.87413
0.80754
0.89255
0.88906
0.55836
0.44825
0.33962
0.3478
0.69777
0.39859
0.31823
0.22794
0.17154
0.23923
0.8236
0.73824
0.82487
0.82149
0.84202
0.83928
0.86368
0.86301
0.86675
0.92087
0.908
0.82966
0.7473
0.64175
0.6146
0.52668
0.53078
0.48931
0.59291
0.76481
0.73554
0.63002
0.49593
0.42404
0.42128
0.86017
0.86971
0.89084
0.89837
0.85323
0.80856
0.77709
0.76211
0.6691
0.54835
0.50182
0.50883
0.599
0.45535
0.41592
0.80949
0.84252
0.83523
0.83614
0.86845
0.56925
0.34607
0.52148
0.3802
0.33846
0.59806
0.74582
0.71325
0.73238
0.60051
0.76279
0.81478
0.84053
0.69883
0.64357
0.51089
0.49739
0.4159
0.38224
0.36201
0.33679
0.30906
0.75791
0.84572
0.84194
0.84765
0.82769
0.84093
0.83678
0.85694
0.87409
0.87836
0.89695
0.89724
0.9045
0.92149
0.90561
0.92642
0.93224
0.92112
0.91619
0.9142
0.92045
0.90801
0.8979
0.8838
0.87847
0.8474
0.85192
0.85935
0.846
0.86024
0.8681
0.87187
0.81265
0.85494
0.87987
0.88937
0.88854
0.86854
0.69792
0.84372
0.58912
0.39148
0.4127
0.52248
0.83097
0.84823
0.81712
0.80851
0.89667
0.88291
0.8825
0.88243
0.79691
0.85492
0.88559
0.80093
0.84002
0.85371
0.60395
0.57531
0.54264
0.38966
0.3982
0.39749
0.31705
0.29838
0.28177
0.26206
0.23113
0.23708
0.27718
0.28703
0.30359
0.50404
0.74707
0.7597
0.54621
0.4111
0.36023
0.37575
0.71297
0.77936
0.83099
0.83884
0.84593
0.83696
0.83566
0.84629
0.80228
0.6981
0.73689
0.71088
0.84412
0.74155
0.68139
0.73423
0.74866
0.82366
0.84242
0.83654
0.83641
0.87582
0.87433
0.85566
0.82854
0.84151
0.84669
0.888
0.84127
0.88073
0.95725
0.9582
0.95523
0.95529
0.95596
0.95508
0.9644
0.9514
0.83215
0.65184
0.89092
0.88819
0.89047
0.87984
0.883
0.92458
0.95555
0.95583
0.90573
0.9065
0.94861
0.95123
0.93695
0.95351
0.94408
0.95831
0.88314
0.88767
0.86978
0.84414
0.84656
0.87355
0.76051
0.69029
0.80387
0.86418
0.88188
0.87827
0.91119
0.87909
0.88985
0.85157
0.87383
0.81377
0.60281
0.54477
0.5636
0.55192
0.47457
0.52925
0.47023
0.61028
0.81135
0.52538
0.47841
0.47959
0.46614
0.42421
0.40823
0.38696
0.41964
0.45334
0.43196
0.45662
0.46335
0.3967
0.34605
0.33439
0.33448
0.32644
0.29749
0.2783
0.27305
0.26462
0.27344
0.29511
0.40204
0.33972
0.8454
0.40856
0.44033
0.39558
0.71595
0.85769
0.85569
0.87103
0.86922
0.86554
0.83075
0.47752
0.36736
0.33147
0.32671
0.38525
0.51274
0.56523
0.57334
0.51846
0.61655
0.68267
0.48072
0.41917
0.3738
0.32818
0.33231
0.33104
0.23818
0.17959
0.17246
0.18902
0.20146
0.27822
0.34401
0.43007
0.45638
0.48804
0.44003
0.45294
0.65051
0.78953
0.8489
0.84877
0.8437
0.81837
0.84422
0.88148
0.85873
0.83191
0.80819
0.66917
0.60523
0.51765
0.3774
0.37547
0.35297
0.37353
0.39854
0.28315
0.26662
0.37583
0.79688
0.82637
0.8458
0.5425
0.36832
0.80659
0.81248
0.63688
0.4279
0.83633
0.8689
0.41178
0.41044
0.68494
0.61138
0.82087
0.61941
0.61607
0.56484
0.83189
0.49282
0.42807
0.34481
0.77901
0.53431
0.6474
0.42734
0.30923
0.30333
0.30062
0.27221
0.21792
0.29433
0.33992
0.31567
0.31327
0.34037
0.38617
0.37607
0.43375
0.7846
0.81928
0.78728
0.37197
0.22211
0.19294
0.36536
0.81633
0.87848
0.879
0.81283
0.83072
0.8297
0.56357
0.31348
0.3323
0.25972
0.18804
0.18987
0.21084
0.26591
0.24538
0.14369
0.12569
0.64415
0.75618
0.49623
0.39922
0.40319
0.48658
0.45093
0.45286
0.33921
0.29112
0.61233
0.38428
0.40243
0.37274
0.32157
0.28117
0.23377
0.19934
0.1723
0.20015
0.26516
0.23027
0.23679
0.20099
0.25512
0.21227
0.23268
0.20756
0.16614
0.22055
0.30759
0.38008
0.40354
0.36448
0.30147
0.36829
0.4364
0.6136
0.84429
0.80583
0.81072
0.82587
0.85266
0.41183
0.34958
0.8639
0.8317
0.86781
0.8622
0.85296
0.84421
0.83778
0.84582
0.83852
0.83921
0.86839
0.56853
0.85782
0.86718
0.91851
0.90857
0.91841
0.93276
0.92433
0.91372
0.90286
0.89992
0.89858
0.87373
0.73344
0.60947
0.47187
0.41405
0.35519
0.80261
0.86836
0.77082
0.6675
0.39796
0.51526
0.86143
0.89492
0.8883
0.86642
0.89457
0.89575
0.87889
0.8488
0.8909
0.81762
0.76377
0.6453
0.47238
0.44827
0.28991
0.31946
0.30084
0.31843
0.37098
0.40414
0.41992
0.35968
0.32112
0.30608
0.32586
0.30952
0.29801
0.86689
0.89032
0.90728
0.90819
0.89352
0.91243
0.93181
0.94223
0.94173
0.83214
0.84528
0.87861
0.86561
0.87348
0.92918
0.94277
0.93641
0.93797
0.93123
0.92158
0.92072
0.91857
0.91933
0.91315
0.91669
0.83256
0.84238
0.86713
0.81814
0.78905
0.89206
0.91235
0.91302
0.91345
0.91257
0.88824
0.76239
0.69114
0.65061
0.55567
0.49997
0.51738
0.5469
0.45789
0.36218
0.33045
0.42115
0.43067
0.83176
0.90468
0.91898
0.90202
0.87923
0.87984
0.6874
0.45337
0.44671
0.53467
0.66114
0.91166
0.92056
0.93854
0.93918
0.73638
0.54757
0.43093
0.41346
0.39355
0.38097
0.34875
0.28304
0.34031
0.35741
0.81242
0.72522
0.88425
0.53209
0.52952
0.47849
0.46667
0.46727
0.46242
0.46127
0.46711
0.35936
0.39022
0.40349
0.46141
0.46236
0.47227
0.45271
0.43798
0.42126
0.40672
0.35628
0.35024
0.36725
0.39306
0.43985
0.52861
0.48893
0.4923
0.532
0.53626
0.72382
0.84108
0.85847
0.88252
0.89562
0.89211
0.87368
0.86979
0.88156
0.88066
0.89338
0.89754
0.90663
0.94155
0.93391
0.90036
0.90377
0.94271
0.94758
0.94963
0.92989
0.91265
0.81817
0.7177
0.65262
0.8393
0.73165
0.80705
0.52327
0.53812
0.49308
0.60672
0.81559
0.82468
0.86129
0.87571
0.88253
0.82529
0.66582
0.64769
0.76281
0.92848
0.92619
0.92261
0.91736
0.88751
0.90195
0.93347
0.94556
0.95157
0.95638
0.95114
0.92715
0.92823
0.95011
0.94643
0.92631
0.96309
0.94505
0.93787
0.91939
0.89592
0.75627
0.79749
0.84623
0.81486
0.81009
0.70675
0.48209
0.38765
0.41072
0.40212
0.42668
0.43343
0.35722
0.39688
0.53832
0.80821
0.74694
0.79038
0.73669
0.5418
0.61048
0.65354
0.77046
0.54168
0.51437
0.51597
0.52204
0.51572
0.4334
0.37985
0.37418
0.36377
0.39651
0.41676
0.73864
0.92313
0.91614
0.92829
0.92523
0.9196
0.91933
0.92088
0.87333
0.92239
0.92655
0.92097
0.90155
0.89637
0.8907
0.908
0.91916
0.81201
0.4953
0.4049
0.37028
0.35178
0.34353
0.374
0.36902
0.57116
0.68883
0.8842
0.84807
0.85924
0.86737
0.8682
0.83558
0.91968
0.8077
0.82969
0.66243
0.40868
0.43766
0.4494
0.56006
0.78242
0.61282
0.47399
0.39352
0.38237
0.38606
0.38955
0.43217
0.76773
0.93547
0.92961
0.92334
0.92212
0.91637
0.89715
0.86432
0.81967
0.90646
0.9284
0.91868
0.35003
0.35231
0.34659
0.34208
0.34939
0.35514
0.36322
0.34645
0.32144
0.45816
0.82703
0.83058
0.83222
0.71845
0.83264
0.34284
0.33007
0.33673
0.32731
0.3203
0.32323
0.32986
0.34576
0.33323
0.32877
0.33286
0.32409
0.36392
0.35954
0.39575
0.49062
0.33458
0.30292
0.27379
0.27234
0.62406
0.74782
0.7909
0.86032
0.78177
0.62064
0.46203
0.44599
0.41551
0.40653
0.40228
0.37866
0.36773
0.38639
0.38906
0.37368
0.37888
0.56613
0.55404
0.76272
0.74389
0.37
0.28362
0.27753
0.3259
0.38162
0.62233
0.77703
0.64554
0.40724
0.41321
0.38017
0.36013
0.4586
0.65363
0.7264
0.61411
0.44394
0.40224
0.32929
0.31739
0.34115
0.54657
0.71475
0.68838
0.53285
0.51171
0.47963
0.4732
0.46576
0.42865
0.39574
0.36987
0.37923
0.38399
0.38031
0.37865
0.40046
0.43931
0.7259
0.72874
0.87238
0.55179
0.58856
0.68996
0.89012
0.74919
0.88227
0.8817
0.87186
0.71584
0.55429
0.52733
0.62765
0.86377
0.94618
0.92646
0.48482
0.42207
0.45011
0.42419
0.45098
0.62319
0.59472
0.43716
0.40985
0.36887
0.33337
0.32321
0.49366
0.71035
0.66343
0.67943
0.62432
0.50076
0.40918
0.38792
0.52491
0.72831
0.93227
0.84601
0.41557
0.36257
0.32822
0.35104
0.57612
0.68139
0.66498
0.68005
0.42482
0.34416
0.36575
0.46945
0.69047
0.868
0.984
0.97235
0.96949
0.95242
0.92142
0.92941
0.96788
0.96989
0.95278
0.95488
0.95398
0.94173
0.83065
0.9614
0.9721
0.89405
0.89011
0.96745
0.90975
0.69729
0.57982
0.59532
0.67931
0.70732
0.71699
0.64976
0.51283
0.43603
0.38342
0.3955
0.52421
0.60573
0.58502
0.64365
0.56543
0.61471
0.60635
0.59264
0.61381
0.73263
0.78053
0.77635
0.59122
0.57949
0.48331
0.45157
0.49282
0.51483
0.50182
0.49327
0.42906
0.30241
0.34189
0.42208
0.57647
0.70345
0.86325
0.87459
0.86619
0.66014
0.60193
0.75852
0.91588
0.94924
0.9365
0.94381
0.83417
0.81051
0.71079
0.76337
0.79101
0.86269
0.8453
0.78148
0.64604
0.50101
0.45145
0.4944
0.57761
0.62726
0.58979
0.56598
0.79625
0.84072
0.57675
0.55631
0.62259
0.88728
0.89003
0.95446
0.94007
0.89711
0.61412
0.56151
0.69089
0.85982
0.88089
0.87915
0.7354
0.53584
0.46062
0.5774
0.81634
0.91411
0.91066
0.77891
0.61162
0.4757
0.44504
0.45837
0.62664
0.76923
0.82793
0.80384
0.64864
0.47926
0.42613
0.35648
0.3739
0.55966
0.56218
0.62145
0.35807
0.32899
0.31085
0.32314
0.50167
0.69703
0.74967
0.62676
0.48159
0.38943
0.42993
0.54112
0.7279
0.56494
0.75556
0.54922
0.42101
0.55605
0.60249
0.61502
0.62604
0.65642
0.49937
0.42583
0.58541
0.81218
0.95682
0.98238
0.97047
0.94249
0.88399
0.91774
0.93531
0.94807
0.94304
0.93837
0.94972
0.9207
0.95614
0.92714
0.91103
0.94437
0.9933
1.0009
0.99887
0.99721
0.94698
0.95588
0.97695
0.98185
0.97007
0.973
0.98861
0.96428
0.94127
0.92845
0.99026
0.96866
0.95533
0.88287
0.8953
0.904
0.88978
0.79076
0.74303
0.62497
0.56422
0.56261
0.6864
0.90632
0.91472
0.99505
0.9698
0.96442
0.98545
0.98432
0.96663
0.98511
0.96728
0.88751
0.84531
0.81708
0.70823
0.69381
0.76491
0.67023
0.61315
0.53451
0.67538
0.65155
0.65187
0.57688
0.55152
0.54589
0.72254
0.52588
0.53086
0.53234
0.51595
0.50287
0.51498
0.55108
0.49569
0.52263
0.47798
0.46702
0.45618
0.47302
0.50983
0.51476
0.47923
0.44848
0.48908
0.49942
0.51874
0.54832
0.60889
0.6981
0.68576
0.63509
0.56774
0.50695
0.47016
0.50636
0.58443
0.63622
0.7539
0.68445
0.7318
0.9894
0.95574
0.88026
1.0003
0.9505
0.93223
0.75115
0.65095
0.58379
0.56046
0.55807
0.67223
0.74228
0.73479
0.68931
0.61707
0.53528
0.51013
0.56756
0.57039
0.60819
0.69989
0.65714
0.58672
0.53659
0.58195
0.58745
0.71031
0.76917
0.66426
0.62869
0.59266
0.60127
0.61667
0.589
0.62514
0.61465
0.66882
0.5814
0.56909
0.56088
0.58992
0.66781
0.74537
0.73179
0.84572
0.93799
0.98131
0.99383
0.99372
0.99751
0.99516
0.99215
0.94664
0.99925
0.99906
0.99717
0.98856
0.9889
0.96892
0.98342
0.99543
0.9442
0.91535
0.84227
0.84474
0.85283
0.95077
0.94353
0.92264
0.97875
0.88283
0.7601
0.61318
0.69447
0.74128
0.74581
0.7351
0.73729
0.66582
0.73977
0.81327
0.89453
0.8501
0.72648
0.63225
0.62209
0.624
0.57802
0.5546
0.56293
0.65199
0.79991
0.6851
0.61724
0.58684
0.56639
0.52387
0.4771
0.50241
0.49485
0.52174
0.51357
0.49932
0.4709
0.49241
0.57029
0.64786
0.74806
0.89379
0.69055
0.7146
0.66773
0.6444
0.62232
0.57836
0.64309
0.66539
0.6378
0.52428
0.50317
0.49966
0.53051
0.60225
0.55535
0.57268
0.66344
0.47987
0.56311
0.55864
0.60734
0.83393
0.9966
0.99612
0.99433
0.8999
0.86408
0.94722
0.98566
0.98898
0.97075
0.97446
0.97114
0.79325
0.52319
0.48841
0.58495
0.98068
0.98866
0.97388
0.95749
0.93354
0.74005
0.6117
0.56458
0.60342
0.59121
0.63862
0.56517
0.39953
0.2984
0.42053
0.424
0.43353
0.48072
0.59517
0.43431
0.32058
0.265
0.26321
0.29288
0.35711
0.499
0.41399
0.39339
0.4463
0.47369
0.45115
0.58117
0.5567
0.59548
0.59228
0.54343
0.58672
0.64286
0.74874
0.74088
0.71317
0.68667
0.58979
0.59483
0.55541
0.53239
0.51124
0.50368
0.50432
0.52946
0.57674
0.513
0.46197
0.4615
0.51815
0.58285
0.66138
0.73668
0.95454
0.9744
0.93638
0.93386
0.80204
0.82409
0.95506
0.99383
0.99879
0.99765
0.99877
0.99138
0.99633
0.98102
0.87248
0.82857
0.80888
0.83682
0.81629
0.75114
0.84122
0.89601
0.97671
0.97967
0.97623
0.81341
0.8154
0.66504
0.63261
0.52675
0.99829
0.99958
0.81714
0.65466
0.54597
0.49159
0.47892
0.3682
0.37404
0.42648
0.65771
0.42402
0.59612
0.82752
0.96705
0.98612
0.9941
0.99686
0.99326
0.90865
0.78751
0.71557
0.66366
0.62567
0.74355
0.5841
0.57715
0.59845
0.50379
0.52148
0.61286
0.79878
0.94063
0.99931
0.94028
0.88618
0.78372
0.48264
0.54461
0.51106
0.48383
0.69794
0.62429
0.59037
0.54068
0.52863
0.49211
0.45434
0.48807
0.57786
0.75724
0.63115
0.74994
0.73587
0.92471
0.9871
0.99942
0.99847
0.9976
1.0002
0.97801
0.98735
0.98528
0.99778
0.99506
0.83975
0.44463
0.46635
0.45181
0.44928
0.44332
0.4397
0.44401
0.45237
0.43329
0.41781
0.41136
0.38413
0.38488
0.40586
0.4235
0.44922
0.46784
0.46899
0.4145
0.40099
0.44778
0.46738
0.49235
0.6503
0.65593
0.62966
0.59802
0.56679
0.5071
0.52752
0.5639
0.53059
0.53014
0.4799
0.50446
0.48382
0.44223
0.42883
0.39757
0.46322
0.43594
0.38343
0.36108
0.36264
0.35097
0.3614
0.40035
0.39862
0.39305
0.38388
0.39821
0.3874
0.40025
0.41714
0.39786
0.37803
0.37475
0.42646
0.46046
0.4987
0.51777
0.8259
0.8848
0.9273
0.90893
0.97134
0.97493
0.97577
0.98561
0.96349
0.88613
0.85371
0.90726
0.89819
0.9438
0.97294
0.97036
0.99312
0.98286
0.99894
1.0007
1.0006
0.99867
0.99976
0.99809
0.98003
0.98611
0.81004
0.74346
0.83138
0.74088
0.70265
0.71729
0.98964
0.99374
0.95708
0.97002
0.99269
0.99128
0.96023
0.98193
0.99847
0.99912
0.98682
0.96647
0.93172
0.7774
0.65944
0.52035
0.55374
0.57473
0.58424
0.59391
0.63152
0.55262
0.55233
0.5674
0.55136
0.63113
0.72931
0.72144
0.68723
0.63753
0.61374
0.54597
0.51509
0.56846
0.62456
0.72454
0.62741
0.67668
0.62722
0.65909
0.64622
0.77692
0.96314
0.93009
0.98239
0.97188
0.9703
0.95958
0.94417
0.9462
0.94961
0.91837
0.89639
0.88036
0.88229
0.86815
0.86415
0.87684
0.87558
0.88985
0.73576
0.68707
0.46653
0.39322
0.43888
0.59516
0.63269
0.6104
0.40499
0.33281
0.38739
0.35096
0.36954
0.41583
0.41062
0.39986
0.43632
0.38933
0.39216
0.41064
0.39962
0.41569
0.46423
0.64123
0.47924
0.38957
0.34591
0.33362
0.40126
0.46937
0.48247
0.47109
0.45482
0.51352
0.51114
0.46533
0.47847
0.55064
0.64949
0.71379
0.58962
0.534
0.50165
0.49179
0.54056
0.61365
0.67932
0.7379
0.6656
0.62724
0.60221
0.65667
0.66789
0.66616
0.73921
0.67662
0.59915
0.48945
0.46973
0.46268
0.4762
0.51538
0.73345
0.77435
0.77301
0.96278
0.94843
0.93782
0.93593
0.92879
0.98133
0.98836
0.98599
0.97402
0.88404
0.66238
0.57929
0.57605
0.56208
0.55602
0.58222
0.76683
0.71674
0.8384
0.86594
0.90591
0.90567
0.89725
0.90611
0.88308
0.93644
0.78633
0.47442
0.7022
0.85689
0.95044
0.90018
0.83853
0.75372
0.69196
0.66219
0.77442
0.83978
0.84408
0.66315
0.53544
0.48977
0.448
0.41992
0.42464
0.40976
0.40185
0.29483
0.32996
0.31782
0.29723
0.2672
0.32353
0.46736
0.68491
0.90855
0.96977
0.95176
0.92385
0.91227
0.91165
0.98026
0.9867
0.98667
0.97962
0.9639
0.78782
0.45493
0.45614
0.4283
0.40729
0.41274
0.39891
0.39469
0.39056
0.39477
0.38159
0.3786
0.38893
0.41686
0.42652
0.38924
0.35737
0.35374
0.34069
0.33309
0.56913
0.36385
0.36918
0.36442
0.37059
0.37939
0.40955
0.41808
0.39498
0.35171
0.32101
0.31146
0.32557
0.38481
0.46458
0.5262
0.58202
0.59823
0.56591
0.56268
0.72443
0.72609
0.82302
0.63864
0.70475
0.58442
0.45289
0.46565
0.36269
0.35716
0.41622
0.57138
0.74874
0.44834
0.45348
0.40693
0.39033
0.38329
0.3853
0.38713
0.41174
0.37408
0.43387
0.62071
0.71825
0.87344
0.65294
0.58393
0.5286
0.49737
0.49175
0.48795
0.47004
0.45899
0.44475
0.41528
0.35213
0.31473
0.34435
0.31218
0.34197
0.27841
0.25816
0.28748
0.36716
0.33929
0.35621
0.32486
0.34455
0.36802
0.38119
0.39602
0.37464
0.35931
0.3423
0.34519
0.351
0.36756
0.39861
0.37786
0.32675
0.24446
0.25664
0.20036
0.19209
0.18935
0.22197
0.30513
0.23366
0.25205
0.23006
0.22493
0.22444
0.28037
0.31643
0.37411
0.37235
0.50195
0.84005
0.8961
0.85754
0.86169
0.87446
0.83646
0.85533
0.64731
0.51293
0.34937
0.39816
0.44523
0.41348
0.39787
0.38811
0.37544
0.37366
0.36895
0.36921
0.43509
0.42358
0.40862
0.36436
0.3578
0.36142
0.37465
0.37147
0.37645
0.39101
0.39225
0.47619
0.3886
0.41142
0.37525
0.37362
0.3737
0.37026
0.39149
0.36618
0.34366
0.27177
0.2346
0.21497
0.19669
0.18975
0.19408
0.16697
0.13585
0.16494
0.13354
0.14194
0.18297
0.28584
0.50455
0.71216
0.86789
0.83083
0.74997
0.50574
0.52922
0.64791
0.69197
0.65291
0.59094
0.561
0.43525
0.31215
0.38368
0.31241
0.26532
0.29139
0.26123
0.33839
0.28879
0.38733
0.68097
0.64125
0.55465
0.44373
0.39404
0.39416
0.40277
0.35805
0.31972
0.31178
0.44771
0.52901
0.46177
0.38736
0.39275
0.38449
0.43049
0.44408
0.62111
0.81041
0.87461
0.87951
0.86644
0.86057
0.91991
0.94698
0.91627
0.61967
0.41409
0.54975
0.91381
0.78475
0.93904
0.95143
0.90138
0.88645
0.87447
0.86103
0.86897
0.8636
0.86143
0.87507
0.88303
0.91041
0.67854
0.43888
0.47898
0.35897
0.37181
0.43658
0.46809
0.37657
0.33
0.3175
0.35016
0.37827
0.43383
0.45764
0.43336
0.90062
0.75776
0.50078
0.42762
0.3644
0.30762
0.29462
0.35021
0.4207
0.46802
0.65957
0.499
0.47605
0.42474
0.44911
0.50746
0.72814
0.55929
0.53658
0.56339
0.55503
0.53906
0.56344
0.52005
0.47675
0.45388
0.44404
0.4145
0.39107
0.41803
0.49228
0.56159
0.52777
0.58391
0.8645
0.90831
0.94549
0.91829
0.92736
0.94056
0.95027
0.942
0.97155
0.98172
0.97112
0.99652
0.99828
0.99888
1.0001
0.99969
0.99843
0.9982
0.99852
0.99923
0.99936
0.99474
0.99803
0.99648
0.95059
0.80356
0.66549
0.87079
0.96495
0.99617
0.99976
0.92587
0.95551
0.96528
0.96622
0.80807
0.6307
0.57837
0.45747
0.42326
0.3956
0.36348
0.36516
0.42066
0.62709
0.7124
0.82892
0.75012
0.74613
0.7175
0.8532
0.8416
0.8838
0.93814
0.94592
0.94362
0.95236
0.95084
0.93519
0.90848
0.89192
0.88779
0.88716
0.85426
0.86256
0.90167
0.89434
0.89447
0.74776
0.76746
0.73798
0.47966
0.42143
0.41824
0.44783
0.4437
0.44855
0.44633
0.49023
0.68919
0.59637
0.5849
0.60007
0.59616
0.63588
0.53306
0.76501
0.80627
0.77665
0.80815
0.82463
0.84457
0.78483
0.59321
0.49922
0.46841
0.44576
0.40049
0.3124
0.26608
0.22786
0.27767
0.32469
0.24695
0.38611
0.54667
0.56727
0.69656
0.74443
0.73492
0.8424
0.92288
0.94391
0.86615
0.93703
0.82872
0.85881
0.79356
0.71536
0.55358
0.46874
0.4315
0.4378
0.45643
0.39221
0.33086
0.33616
0.44879
0.56761
0.90035
0.8927
0.90811
0.93092
0.93775
0.93818
0.91113
0.612
0.75677
0.57466
0.56061
0.78149
0.89249
0.89364
0.87201
0.86081
0.83631
0.83958
0.86807
0.92921
0.9016
0.88618
0.88528
0.88034
0.87737
0.87187
0.84844
0.85363
0.87448
0.86353
0.85736
0.84981
0.84396
0.40326
0.71834
0.39069
0.29503
0.30219
0.47707
0.27351
0.29903
0.20357
0.2269
0.21184
0.15305
0.18838
0.24511
0.24924
0.27537
0.34168
0.36652
0.41627
0.27391
0.29999
0.39695
0.30822
0.35222
0.40452
0.36213
0.36815
0.34995
0.34335
0.35067
0.36673
0.37678
0.28758
0.2227
0.29007
0.46902
0.4546
0.36516
0.3552
0.71992
0.86851
0.81686
0.8304
0.85629
0.88334
0.85637
0.57314
0.61159
0.60133
0.47793
0.55009
0.50515
0.40876
0.34477
0.38798
0.52102
0.54256
0.78064
0.82383
0.74418
0.5921
0.50116
0.41297
0.37476
0.341
0.31568
0.30911
0.30638
0.4036
0.35534
0.42181
0.44287
0.40792
0.78012
0.80499
0.84701
0.84696
0.87198
0.85515
0.72166
0.67376
0.73788
0.64855
0.54638
0.42652
0.45405
0.36889
0.39478
0.36477
0.40045
0.42537
0.41398
0.40911
0.35949
0.387
0.51097
0.89086
0.8148
0.82804
0.74509
0.59465
0.55402
0.57566
0.49583
0.48476
0.41303
0.38112
0.42872
0.4618
0.50462
0.53196
0.52758
0.53584
0.56245
0.7497
0.82818
0.85082
0.82384
0.77734
0.85596
0.86163
0.86901
0.85898
0.8121
0.85538
0.86104
0.85508
0.74768
0.63956
0.5418
0.48423
0.50673
0.39567
0.31035
0.30253
0.34715
0.28095
0.32497
0.36286
0.3663
0.32093
0.32062
0.33227
0.32546
0.316
0.29505
0.30652
0.31396
0.31477
0.26634
0.1628
0.17147
0.83508
0.84867
0.86891
0.74656
0.49077
0.41493
0.41684
0.42326
0.38059
0.33056
0.30135
0.29143
0.30785
0.28377
0.28445
0.29341
0.28673
0.28576
0.28813
0.28147
0.28397
0.30224
0.34557
0.34674
0.33835
0.31875
0.59037
0.79956
0.84363
0.80056
0.85196
0.84933
0.83944
0.83288
0.82958
0.8509
0.53375
0.62068
0.42484
0.41415
0.34639
0.28348
0.31751
0.34369
0.40938
0.48508
0.52496
0.54357
0.5651
0.78889
0.84071
0.85176
0.86785
0.77125
0.76645
0.66622
0.4853
0.39688
0.34141
0.35938
0.37348
0.37352
0.34396
0.29618
0.31107
0.32117
0.33658
0.3109
0.48887
0.82113
0.76471
0.51141
0.43078
0.4651
0.41576
0.40858
0.45854
0.4502
0.42301
0.4114
0.39724
0.39216
0.38868
0.37847
0.37171
0.3526
0.34868
0.33908
0.30284
0.23323
0.82783
0.86459
0.84738
0.81875
0.79583
0.83794
0.85451
0.91892
0.88411
0.89054
0.84795
0.86117
0.87037
0.92072
0.92029
0.87886
0.89242
0.79387
0.88373
0.9011
0.87557
0.86098
0.89462
0.88538
0.90077
0.85203
0.65093
0.40435
0.39994
0.7321
0.88336
0.92058
0.89749
0.9139
0.90349
0.91112
0.90584
0.89629
0.89694
0.88244
0.88685
0.79099
0.67554
0.584
0.43519
0.33186
0.30442
0.33732
0.35606
0.35215
0.23102
0.22223
0.29811
0.70974
0.74352
0.81304
0.75103
0.84845
0.77629
0.75231
0.54997
0.38179
0.62733
0.69089
0.81153
0.8254
0.84071
0.88121
0.87132
0.82233
0.67499
0.7459
0.77239
0.72722
0.46515
0.41411
0.38357
0.35994
0.33287
0.46477
0.5016
0.58402
0.79271
0.79827
0.84044
0.83975
0.85109
0.87132
0.87669
0.87899
0.87981
0.87934
0.87715
0.88929
0.87835
0.89293
0.88356
0.87827
0.878
0.89469
0.92396
0.90924
0.66719
0.71041
0.86727
0.8789
0.88343
0.88953
0.88968
0.85291
0.88661
0.89635
0.88119
0.8693
0.78855
0.70922
0.68708
0.87478
0.8544
0.8454
0.86465
0.87043
0.88822
0.89336
0.87479
0.86095
0.87587
0.86463
0.89182
0.88329
0.85725
0.83637
0.78254
0.69844
0.76232
0.82141
0.82287
0.86203
0.86161
0.83965
0.85196
0.83903
0.83452
0.83242
0.81928
0.86166
0.85672
0.7743
0.42061
0.42052
0.61287
0.49379
0.4864
0.39199
0.78641
0.80245
0.81496
0.57367
0.46989
0.36566
0.38155
0.56586
0.83626
0.82661
0.81582
0.82762
0.82537
0.76501
0.74286
0.73657
0.7613
0.7821
0.775
0.78972
0.80631
0.81269
0.81443
0.81531
0.83653
0.82966
0.82653
0.83026
0.51819
0.55152
0.35438
0.28115
0.3841
0.29367
0.29093
0.32005
0.33993
0.34576
0.35589
0.34453
0.34625
0.3331
0.33631
0.34966
0.36379
0.3709
0.37217
0.38248
0.38018
0.39239
0.39574
0.36877
0.33921
0.30033
0.28186
0.33529
0.3546
0.37228
0.2948
0.21743
0.85133
0.87176
0.83154
0.76881
0.73249
0.7627
0.72509
0.56832
0.79559
0.77262
0.83637
0.81015
0.86836
0.88504
0.81705
0.8586
0.82632
0.88713
0.87635
0.86489
0.86529
0.8535
0.83563
0.73601
0.77681
0.66679
0.80836
0.7785
0.48634
0.36572
0.32395
0.30102
0.28964
0.37891
0.80468
0.83303
0.84956
0.83069
0.8318
0.85429
0.84507
0.86862
0.88475
0.88609
0.87263
0.86508
0.86094
0.86624
0.86349
0.85664
0.84298
0.90053
0.8994
0.87243
0.87041
0.86368
0.86735
0.86372
0.85654
0.85651
0.84189
0.79121
0.65235
0.55302
0.47884
0.40239
0.37389
0.42917
0.33028
0.28068
0.27952
0.30661
0.33124
0.41998
0.51954
0.605
0.6191
0.65214
