0.65847
0.54277
0.48924
0.60938
0.49155
0.40539
0.39746
0.40706
0.3349
0.38176
0.48679
0.40895
0.8267
0.8179
0.82959
0.84961
0.84629
0.86086
0.86362
0.86356
0.85096
0.83878
0.88958
0.89098
0.85241
0.87752
0.87135
0.89105
0.90064
0.80967
0.71488
0.79274
0.73606
0.76779
0.8458
0.84233
0.82661
0.84063
0.84443
0.84679
0.83957
0.84656
0.88116
0.48329
0.44564
0.82038
0.83296
0.88642
0.8843
0.89376
0.87757
0.86661
0.8808
0.89492
0.8992
0.84096
0.84673
0.85864
0.86592
0.90296
0.8967
0.49305
0.44479
0.49624
0.27897
0.39251
0.82908
0.85031
0.9027
0.85314
0.85409
0.85611
0.85715
0.86259
0.53604
0.42951
0.35386
0.40117
0.7383
0.65005
0.7423
0.8303
0.8236
0.90726
0.909
0.87545
0.8942
0.90147
0.8742
0.86624
0.86749
0.85056
0.84255
0.82921
0.8166
0.82826
0.81701
0.83863
0.59654
0.43804
0.52789
0.44781
0.30533
0.28539
0.28563
0.24546
0.27371
0.28197
0.35647
0.43378
0.44015
0.37163
0.40076
0.73758
0.85952
0.89454
0.90118
0.86532
0.8624
0.85763
0.84202
0.83566
0.84574
0.87818
0.91531
0.92189
0.90642
0.86354
0.93067
0.9126
0.90467
0.89927
0.76044
0.7436
0.75048
0.79221
0.75122
0.64867
0.56405
0.47934
0.38602
0.30073
0.257
0.30166
0.2932
0.30992
0.31674
0.3729
0.51501
0.60029
0.70183
0.57705
0.4354
0.44395
0.55144
0.53757
0.54492
0.54702
0.78962
0.82896
0.81562
0.87536
0.8767
0.88642
0.82503
0.72274
0.84543
0.82451
0.7096
0.40865
0.35023
0.3207
0.32319
0.33755
0.29394
0.34655
0.38326
0.79846
0.83968
0.85132
0.86191
0.8614
0.86482
0.84767
0.8818
0.90575
0.92969
0.92378
0.91559
0.92589
0.919
0.90937
0.90061
0.88358
0.8896
0.88506
0.89058
0.88194
0.85292
0.8497
0.67649
0.5287
0.35984
0.34431
0.32567
0.33734
0.32176
0.33141
0.33723
0.33268
0.30668
0.30727
0.30875
0.31172
0.30318
0.29819
0.29957
0.31914
0.33913
0.31219
0.28514
0.27402
0.29532
0.76739
0.81953
0.85411
0.7578
0.70225
0.79702
0.81449
0.84209
0.90426
0.91003
0.90834
0.90249
0.86254
0.85301
0.84076
0.85268
0.85236
0.8484
0.79992
0.76203
0.55351
0.46945
0.38212
0.37985
0.58305
0.88687
0.90039
0.87469
0.89453
0.96025
0.95188
0.94531
0.93565
0.91823
0.91851
0.90773
0.86226
0.84883
0.38156
0.22203
0.21204
0.28911
0.45698
0.81135
0.81606
0.86771
0.7177
0.55442
0.46556
0.33842
0.29083
0.17471
0.18731
0.26475
0.8456
0.89334
0.88922
0.86911
0.91245
0.92031
0.88937
0.88701
0.9037
0.91462
0.91506
0.89457
0.88938
0.9396
0.92659
0.91692
0.91185
0.89685
0.90745
0.90883
0.90164
0.83726
0.82329
0.82444
0.83344
0.83614
0.93443
0.93854
0.94026
0.92359
0.91199
0.86562
0.8488
0.83232
0.79978
0.70281
0.62262
0.71978
0.72956
0.74641
0.66417
0.7303
0.79334
0.79984
0.6397
0.83575
0.8828
0.86003
0.87027
0.84416
0.87418
0.86609
0.85864
0.91427
0.93187
0.86024
0.88179
0.87881
0.89836
0.90145
0.90012
0.95027
0.93545
0.9259
0.91691
0.91995
0.93156
0.92094
0.91753
0.8428
0.7948
0.76605
0.84943
0.8323
0.91834
0.93559
0.93705
0.94227
0.94651
0.93209
0.92013
0.8845
0.43082
0.84805
0.86262
0.87657
0.88768
0.912
0.90549
0.86555
0.85682
0.86281
0.85268
0.85271
0.84415
0.85073
0.84185
0.84394
0.86211
0.8809
0.74576
0.48429
0.3955
0.38437
0.53364
0.8294
0.85017
0.84736
0.84552
0.8354
0.76219
0.58393
0.45247
0.33925
0.35531
0.38487
0.40268
0.46267
0.39566
0.37192
0.33465
0.24814
0.19339
0.17504
0.17092
0.15693
0.14917
0.16259
0.13842
0.12207
0.11023
0.08916
0.081263
0.070823
0.068853
0.066936
0.069237
0.068517
0.065374
0.064036
0.10405
0.12596
0.094698
0.087355
0.14199
0.18478
0.17523
0.15872
0.1421
0.13374
0.11585
0.10873
0.16312
0.33409
0.38902
0.65762
0.81539
0.84641
0.79793
0.48853
0.37562
0.35663
0.36858
0.37798
0.37359
0.32142
0.31403
0.3032
0.26051
0.26764
0.36869
0.37508
0.29652
0.25706
0.23908
0.25742
0.23898
0.25647
0.23541
0.25763
0.24758
0.25002
0.25241
0.24862
0.22463
0.23452
0.25155
0.29591
0.44454
0.50925
0.46885
0.43238
0.38257
0.51526
0.90223
0.84115
0.90525
0.82401
0.54954
0.47492
0.46873
0.70698
0.8964
0.85814
0.87898
0.84169
0.8592
0.86731
0.86323
0.86162
0.911
0.91169
0.89295
0.86179
0.85338
0.85053
0.8576
0.82887
0.81453
0.79692
0.76306
0.66567
0.62646
0.52396
0.44962
0.40287
0.3786
0.35663
0.34266
0.3401
0.33008
0.31648
0.31551
0.36021
0.28236
0.31906
0.33355
0.34488
0.34536
0.3219
0.29941
0.29049
0.26694
0.24242
0.23146
0.21741
0.24151
0.32205
0.2811
0.30055
0.40748
0.72171
0.77175
0.53232
0.46596
0.46916
0.40999
0.35254
0.44393
0.61943
0.78755
0.83392
0.8548
0.86418
0.83866
0.8332
0.9123
0.91567
0.91087
0.90684
0.86315
0.9153
0.88784
0.78965
0.75979
0.74934
0.74111
0.63537
0.88116
0.90959
0.90978
0.82465
0.89426
0.89745
0.89358
0.88971
0.89343
0.91546
0.90806
0.88723
0.61581
0.84118
0.90318
0.94219
0.85646
0.8764
0.83683
0.88697
0.87176
0.9055
0.91031
0.89751
0.89593
0.89611
0.88736
0.87191
0.8689
0.87497
0.87659
0.88196
0.87705
0.81043
0.83776
0.88813
0.86687
0.88995
0.81304
0.73924
0.83893
0.8528
0.88419
0.85814
0.82405
0.82239
0.85398
0.85981
0.78156
0.7567
0.84549
0.8335
0.83395
0.81227
0.85927
0.83132
0.44485
0.40557
0.38301
0.40238
0.41532
0.77737
0.7062
0.81851
0.74497
0.80921
0.85289
0.8138
0.79653
0.8422
0.81912
0.81196
0.79752
0.71872
0.6893
0.77565
0.78001
0.84878
0.89637
0.89761
0.89096
0.84534
0.83093
0.83761
0.83299
0.84383
0.85998
0.86233
0.88985
0.89356
0.89361
0.82486
0.40002
0.62456
0.87527
0.83972
0.85831
0.71069
0.55377
0.59313
0.53325
0.42432
0.33654
0.34971
0.35124
0.3745
0.36129
0.44394
0.61714
0.63545
0.56583
0.54133
0.56785
0.73473
0.76869
0.8621
0.86596
0.83577
0.87957
0.88587
0.83983
0.5315
0.49589
0.44504
0.35565
0.31047
0.54187
0.86502
0.88189
0.84105
0.62298
0.5777
0.51626
0.54729
0.56255
0.5981
0.48478
0.52457
0.57333
0.41381
0.29507
0.20878
0.20389
0.1769
0.19229
0.21392
0.25713
0.20086
0.16795
0.15919
0.16359
0.19239
0.27658
0.2659
0.22369
0.1877
0.38828
0.58689
0.5852
0.5286
0.43946
0.37892
0.43895
0.45378
0.37781
0.39058
0.3796
0.35781
0.34173
0.27293
0.26196
0.30313
0.49704
0.88955
0.90166
0.90856
0.91872
0.92205
0.92661
0.92285
0.90365
0.92285
0.92909
0.92404
0.91393
0.90171
0.89964
0.90192
0.94091
0.94626
0.94198
0.93957
0.94061
0.94004
0.94309
0.9157
0.88459
0.8915
0.93714
0.95747
0.94436
0.93637
0.92032
0.92606
0.92695
0.91446
0.92168
0.90792
0.90136
0.91717
0.91887
0.91263
0.79044
0.84841
0.60525
0.45427
0.59473
0.68459
0.77236
0.74596
0.70949
0.56928
0.5148
0.4498
0.41762
0.43717
0.48241
0.90412
0.82872
0.73786
0.8341
0.86217
0.87897
0.934
0.95377
0.95037
0.90283
0.62646
0.47703
0.44019
0.44496
0.38537
0.52573
0.57794
0.3693
0.35303
0.4395
0.46069
0.44284
0.48966
0.51562
0.43334
0.40163
0.36487
0.34767
0.41782
0.46723
0.40714
0.40261
0.43271
0.37698
0.40102
0.39493
0.42453
0.39743
0.39303
0.71648
0.64418
0.74531
0.89869
0.91037
0.92783
0.94537
0.93062
0.93456
0.9379
0.79124
0.56379
0.41884
0.39795
0.57003
0.72735
0.83667
0.79198
0.65025
0.4906
0.58615
0.88907
0.93164
0.91579
0.8866
0.87722
0.83176
0.85824
0.85424
0.91906
0.93739
0.93229
0.93325
0.92878
0.92081
0.91811
0.90374
0.90429
0.74994
0.91145
0.92011
0.9169
0.90432
0.88049
0.88258
0.82381
0.86207
0.86349
0.87394
0.86061
0.87169
0.7896
0.42056
0.36161
0.35641
0.36795
0.51964
0.66129
0.43374
0.43942
0.34552
0.30962
0.30557
0.39557
0.50367
0.46338
0.36786
0.42873
0.29164
0.374
0.46329
0.50812
0.50026
0.35943
0.27123
0.30164
0.3328
0.35436
0.91833
0.9834
0.97231
0.82923
0.63558
0.4193
0.47118
0.42259
0.35227
0.5306
0.82652
0.94258
0.94873
0.9409
0.94198
0.94428
0.93834
0.84533
0.63883
0.93203
0.93376
0.93133
0.93266
0.93101
0.8096
0.58327
0.84645
0.70544
0.6047
0.70612
0.46837
0.7095
0.81777
0.8199
0.75724
0.72743
0.68325
0.71409
0.83637
0.8404
0.86158
0.88492
0.84162
0.74486
0.85973
0.84532
0.84865
0.84986
0.83844
0.83773
0.84082
0.82607
0.79359
0.8299
0.72165
0.53851
0.54645
0.67222
0.88407
0.58373
0.64882
0.86979
0.87574
0.89592
0.91226
0.81229
0.81994
0.77187
0.82829
0.73189
0.63635
0.59671
0.57457
0.70394
0.69932
0.80195
0.76875
0.50865
0.45817
0.42369
0.46408
0.48799
0.48971
0.40334
0.30597
0.28077
0.25598
0.26096
0.28032
0.31764
0.39011
0.58144
0.26934
0.20525
0.18006
0.14835
0.15031
0.23181
0.44623
0.53398
0.42125
0.30638
0.27873
0.2595
0.32091
0.42515
0.57188
0.61335
0.57691
0.36306
0.3195
0.32314
0.32985
0.3658
0.5143
0.69003
0.87262
0.90064
0.78852
0.64707
0.65528
0.8142
0.90616
0.90754
0.90728
0.89594
0.89421
0.90537
0.94697
0.93602
0.94032
0.93483
0.9292
0.89984
0.91984
0.92684
0.9372
0.91613
0.91989
0.93696
0.943
0.94303
0.94068
0.94526
0.93388
0.921
0.92282
0.92503
0.93064
0.93191
0.91147
0.86592
0.9328
0.9168
0.91595
0.94034
0.94597
0.93581
0.56354
0.48222
0.52616
0.66212
0.71617
0.87282
0.83804
0.49767
0.3665
0.28766
0.38004
0.55962
0.58994
0.72011
0.36006
0.29963
0.28065
0.26597
0.25451
0.44408
0.74843
0.79904
0.88713
0.63304
0.49464
0.5074
0.53677
0.73194
0.77516
0.8127
0.92462
0.64307
0.60775
0.43525
0.53468
0.56406
0.71201
0.84492
0.91716
0.63311
0.76234
0.7326
0.86276
0.83848
0.92173
0.94206
0.94759
0.93658
0.88947
0.88526
0.88266
0.90284
0.91172
0.88655
0.86863
0.86044
0.85531
0.85956
0.86773
0.82829
0.88421
0.90614
0.88658
0.90948
0.62405
0.8546
0.7127
0.94546
0.99844
0.91504
0.95297
0.90545
0.81157
0.66591
0.51825
0.74921
0.64888
0.65951
0.62136
0.46676
0.47829
0.52092
0.49456
0.50957
0.68592
0.45724
0.40108
0.86773
0.93936
0.65018
0.87768
0.96124
0.96222
0.98454
0.97084
0.95369
0.92613
0.80124
0.84923
0.93162
0.92321
0.86815
0.8757
0.62978
0.55799
0.52571
0.5093
0.68239
0.98086
0.88388
0.84851
0.7869
0.76835
0.85392
0.93434
0.96026
0.97175
0.96577
0.95278
0.92162
0.88845
0.89024
0.8735
0.87108
0.89398
0.90142
0.88459
0.84026
0.79221
0.79951
0.86374
0.79226
0.95583
0.96517
0.95184
0.93083
0.83393
0.69816
0.68489
0.86427
0.86667
0.89903
0.79906
0.77608
0.77507
0.71009
0.71299
0.86484
0.93667
0.94272
0.96014
0.88128
0.73405
0.60328
0.70563
0.86103
0.86846
0.96236
0.84165
0.70752
0.67767
0.61302
0.62635
0.8622
0.93688
0.82277
0.76909
0.64193
0.5593
0.53458
0.56086
0.63931
0.65898
0.7418
0.74623
0.72866
0.73257
0.7974
0.79842
0.78344
0.92741
0.92428
0.94437
0.93736
0.91523
0.90047
0.88882
0.88903
0.96013
0.96434
0.93525
0.8781
0.88726
0.8902
0.89171
0.95021
0.97143
0.96452
0.91707
0.88879
0.89972
0.89961
0.8964
0.88479
0.87437
0.90355
0.91343
0.88792
0.89671
0.90161
0.7703
0.91073
0.93145
0.92541
0.77039
0.62628
0.50569
0.47356
0.42711
0.53464
0.76486
0.4735
0.4614
0.31236
0.35948
0.31425
0.98316
0.99732
0.99344
0.99524
0.99375
0.97894
0.98645
0.96649
0.9548
0.99484
0.99099
0.98727
0.99425
0.97024
0.97453
0.97087
0.97683
0.98589
0.99007
0.9881
0.89916
0.94798
0.72209
0.7557
0.64762
0.69537
0.69707
0.93545
0.97779
0.74702
0.45646
0.43285
0.91617
0.99737
0.99891
0.99507
0.98269
0.90473
0.86746
0.80842
0.91079
0.98847
0.97719
0.932
0.92916
0.78871
0.66214
0.62582
0.52509
0.68684
0.80397
0.78992
0.78702
0.61024
0.49644
0.4565
0.48314
0.67708
0.82936
0.76158
0.6931
0.56963
0.50497
0.45676
0.47717
0.58812
0.73349
0.71563
0.64696
0.68178
0.52561
0.5755
0.51112
0.78925
0.89425
0.99903
0.99076
0.97231
0.93163
0.94955
0.98881
0.98109
0.99376
0.98546
0.99983
0.99647
1.0006
0.99683
0.99048
0.99219
1.0002
0.99849
0.99814
0.99983
0.99754
0.98667
0.99445
0.9892
0.99007
0.98126
0.95815
0.96539
0.9557
0.95772
0.97803
0.98263
0.96312
0.96238
0.95965
0.96217
0.96585
0.98513
0.98037
0.9847
0.88606
0.4424
0.42111
0.41071
0.41551
0.44553
0.44427
0.31652
0.51729
0.38294
0.63682
0.81083
0.84027
0.87497
0.91877
0.97316
0.97895
0.9042
0.8244
0.7571
0.90061
0.93342
0.94099
0.97532
0.94751
0.96982
0.99935
0.99791
0.99981
1.0002
0.99893
0.99937
0.99765
1.0001
0.99917
1.0005
0.958
0.91922
0.89447
0.87269
0.75024
0.69591
0.602
0.46733
0.45975
0.45701
0.40496
0.35401
0.36953
0.42436
0.49637
0.5071
0.49841
0.51586
0.56613
0.56359
0.55075
0.5067
0.38563
0.35537
0.29735
0.36411
0.40408
0.39779
0.45127
0.41915
0.44699
0.4357
0.42466
0.40059
0.42018
0.43792
0.43109
0.41914
0.43338
0.41483
0.4005
0.42339
0.42678
0.46213
0.77668
0.92195
0.55096
0.65807
0.59759
0.58832
0.75013
0.82652
0.88977
0.97112
0.96727
0.89546
0.91243
0.87169
0.88824
0.88914
0.73563
0.67659
0.64716
0.57094
0.52373
0.56052
0.63993
0.72525
0.69035
0.7243
0.57328
0.50716
0.47041
0.41888
0.39893
0.40779
0.4845
0.43021
0.39675
0.40984
0.35782
0.30677
0.28164
0.28655
0.27614
0.26121
0.27376
0.21332
0.2108
0.19354
0.20917
0.2742
0.32503
0.37556
0.38749
0.41023
0.38555
0.37668
0.35951
0.36101
0.35725
0.34373
0.31061
0.29998
0.29033
0.28159
0.34904
0.44273
0.50222
0.52831
0.56962
0.43468
0.40676
0.34503
0.33582
0.3165
0.34518
0.34631
0.30412
0.34659
0.35472
0.36206
0.3706
0.37277
0.53537
0.71487
0.63634
0.64668
0.50006
0.51042
0.55629
0.76503
0.74407
0.67195
0.59699
0.51092
0.50039
0.47059
0.45684
0.43115
0.47542
0.49416
0.48689
0.4661
0.41574
0.37799
0.35351
0.35422
0.38283
0.39143
0.40451
0.36199
0.34548
0.30097
0.39709
0.59575
0.69232
0.70683
0.96616
0.98437
0.83034
0.58581
0.52198
0.45441
0.44481
0.44013
0.40972
0.39896
0.37842
0.39508
0.42734
0.46448
0.46615
0.47354
0.33149
0.37814
0.52435
0.67714
0.67753
0.62493
0.61556
0.63354
0.61924
0.60225
0.76045
0.84841
0.86064
0.74631
0.70239
0.68496
0.58225
0.50451
0.49211
0.4975
0.43938
0.40452
0.35776
0.36777
0.36959
0.39084
0.37208
0.36583
0.53106
0.60465
0.69675
0.80037
0.74853
0.70301
0.64578
0.69718
0.66742
0.58618
0.6115
0.52704
0.49143
0.67299
0.76986
0.56619
0.54744
0.46684
0.51061
0.56324
0.52445
0.5501
0.59926
0.6321
0.65634
0.6785
0.65499
0.64676
0.63793
0.62292
0.55473
0.44611
0.55035
0.62587
0.65272
0.64862
0.63986
0.62807
0.5683
0.51424
0.52433
0.60057
0.64971
0.64164
0.61862
0.58218
0.58454
0.59285
0.63565
0.71245
0.70897
0.69779
0.69433
0.66362
0.6509
0.59365
0.63409
0.75303
0.81049
0.79527
0.7771
0.6601
0.50752
0.50962
0.56995
0.6155
0.60913
0.57495
0.48112
0.42945
0.38421
0.39861
0.42658
0.49601
0.55991
0.5507
0.48385
0.44429
0.40937
0.367
0.38469
0.39668
0.4687
0.43929
0.41913
0.52644
0.55836
0.52182
0.51091
0.49988
0.51498
0.47078
0.50314
0.50689
0.51331
0.52154
0.51053
0.47962
0.69652
0.79364
0.77127
0.76307
0.76898
0.92776
0.9849
0.85499
0.76215
0.76229
0.90483
0.99869
0.99735
0.99523
0.98874
0.97923
0.98697
0.98113
0.99034
0.97799
0.97467
0.96796
0.96229
0.98959
0.97623
0.97492
0.96245
0.95463
0.98114
0.98114
0.96093
0.97129
0.97803
0.85226
0.93394
0.59929
0.57412
0.76034
0.70111
0.87061
0.94204
0.95386
0.97516
0.75441
0.62245
0.43619
0.48248
0.58045
0.56284
0.53591
0.49267
0.42551
0.34829
0.3028
0.31631
0.3204
0.44801
0.51121
0.52908
0.58534
0.52458
0.5082
0.5066
0.54488
0.64455
0.63973
0.63382
0.46532
0.40354
0.38727
0.36819
0.3614
0.49517
0.5291
0.52566
0.46526
0.46945
0.50887
0.51628
0.6158
0.70208
0.70525
0.8073
0.82882
0.70912
0.65405
0.6895
0.66534
0.70412
0.65758
0.62731
0.60282
0.58148
0.52275
0.48463
0.52712
0.56272
0.55011
0.44809
0.3775
0.32955
0.2912
0.28034
0.30246
0.37019
0.40642
0.41496
0.33729
0.30964
0.27247
0.29268
0.32626
0.38453
0.47792
0.54198
0.63487
0.60902
0.73618
0.78762
0.76319
0.84419
0.80775
0.81081
0.74827
0.7169
0.74418
0.7132
0.7681
0.81646
0.80072
0.70263
0.57089
0.54049
0.52775
0.53697
0.51631
0.52171
0.51856
0.43947
0.3854
0.34419
0.28232
0.26023
0.42221
0.51404
0.52689
0.51269
0.47753
0.45998
0.44853
0.44535
0.43269
0.4216
0.3848
0.36704
0.3708
0.36234
0.37217
0.43362
0.54125
0.5169
0.67386
0.8869
0.71843
0.6223
0.60129
0.60321
0.57728
0.51956
0.47058
0.36546
0.29014
0.25203
0.25441
0.25906
0.30983
0.37101
0.41839
0.49061
0.45319
0.50439
0.47604
0.42454
0.4532
0.59347
0.74067
0.89869
0.99274
0.99811
0.92076
0.79624
0.85953
0.88294
0.96812
0.98611
0.98821
0.98181
0.98766
0.9997
0.92078
1.0002
0.99994
0.46848
0.44368
0.42798
0.43223
0.42397
0.42139
0.4183
0.4125
0.40696
0.40731
0.39956
0.38975
0.3765
0.38826
0.35708
0.28733
0.29982
0.3764
0.40768
0.46675
0.435
0.45986
0.7502
0.74444
0.67089
0.46714
0.4283
0.40616
0.39298
0.38519
0.38208
0.38002
0.37946
0.38626
0.38458
0.39084
0.40126
0.40595
0.42139
0.40104
0.42256
0.46239
0.46306
0.46622
0.49438
0.45582
0.42987
0.44671
0.49533
0.65298
0.57879
0.49269
0.47495
0.45993
0.45217
0.44865
0.46266
0.63201
0.6921
0.61165
0.56568
0.53795
0.50911
0.52002
0.50742
0.48194
0.48861
0.44924
0.42816
0.37351
0.3142
0.25865
0.21175
0.59984
0.72917
0.70672
0.65222
0.55571
0.48423
0.44573
0.40504
0.38426
0.3548
0.33189
0.32248
0.34842
0.33069
0.32045
0.31521
0.3008
0.28819
0.2793
0.2908
0.35809
0.43013
0.42308
0.35867
0.32882
0.30453
0.30621
0.31877
0.42911
0.44648
0.38421
0.38713
0.37899
0.35811
0.33334
0.33083
0.33652
0.34063
0.32519
0.29978
0.28897
0.26872
0.22913
0.22667
0.23765
0.25889
0.2494
0.24473
0.24755
0.2601
0.32157
0.37467
0.40393
0.36551
0.31163
0.2625
0.25255
0.26395
0.56473
0.80494
0.64845
0.68706
0.89262
0.98644
0.96855
0.97357
0.98859
0.99935
0.998
0.99616
0.99858
0.99762
0.99749
0.96249
0.82397
0.64871
0.43708
0.42582
0.41537
0.39933
0.38409
0.38032
0.38623
0.38446
0.3886
0.40579
0.488
0.48246
0.47704
0.46637
0.6285
0.67377
0.66632
0.73377
0.80515
0.93183
0.91242
0.924
0.89776
0.87322
0.86182
0.80598
0.7069
0.51251
0.44768
0.49391
0.43494
0.40534
0.39349
0.39419
0.39
0.38815
0.40594
0.51573
0.66524
0.65161
0.58067
0.55344
0.55306
0.56474
0.53136
0.45806
0.40313
0.39815
0.41984
0.40255
0.34595
0.29694
0.42389
0.36953
0.83457
0.8856
0.88237
0.89687
0.88111
0.89152
0.90436
0.89994
0.9188
0.89219
0.9097
0.90337
0.91441
0.94372
0.98179
0.9696
0.95526
0.91956
0.87536
0.9083
0.95239
0.89897
0.87398
0.86369
0.86662
0.86299
0.83455
0.77539
0.53777
0.44332
0.40148
0.40432
0.41271
0.49699
0.50521
0.51921
0.42702
0.37674
0.36098
0.35739
0.36692
0.36003
0.39499
0.43211
0.37926
0.34579
0.3576
0.40202
0.40208
0.35629
0.3337
0.28583
0.27466
0.26695
0.27241
0.29522
0.29265
0.24779
0.36065
0.42987
0.41529
0.44315
0.60815
0.65856
0.58147
0.54282
0.53989
0.81169
0.80658
0.68101
0.58968
0.4735
0.40911
0.41242
0.43008
0.42715
0.42866
0.44329
0.47938
0.46978
0.43586
0.39079
0.39771
0.36611
0.28842
0.32491
0.30866
0.34219
0.34631
0.35623
0.3806
0.36334
0.28235
0.26179
0.2933
0.50819
0.54451
0.3504
0.30184
0.369
0.89544
0.86516
0.86766
0.89113
0.89625
0.89052
0.89338
0.90193
0.93373
0.90078
0.90632
0.89206
0.95959
0.77652
0.9831
0.98353
0.94261
0.96855
0.95547
0.94385
0.95747
0.94434
0.94652
0.95222
0.91808
0.8599
0.76002
0.66837
0.86569
0.65502
0.46519
0.47561
0.72893
0.54572
0.64196
0.46136
0.39727
0.54009
0.5499
0.44835
0.41751
0.77878
0.72407
0.74788
0.66242
0.78944
0.80883
0.80883
0.77456
0.74268
0.77059
0.79726
0.88584
0.91027
0.93403
0.91797
0.84849
0.83279
0.72502
0.69675
0.42781
0.39549
0.37665
0.38441
0.42789
0.39177
0.40642
0.85305
0.90689
0.93049
0.92557
0.8872
0.8702
0.86472
0.85521
0.88014
0.85538
0.83289
0.81644
0.85187
0.90979
0.90637
0.57774
0.3595
0.39017
0.39024
0.39111
0.3713
0.26493
0.32493
0.27314
0.25501
0.18702
0.28501
0.37656
0.3883
0.37607
0.41432
0.38173
0.34621
0.32956
0.30906
0.28289
0.29549
0.3681
0.32427
0.29263
0.28996
0.31405
0.29071
0.3505
0.33724
0.38148
0.37002
0.3812
0.40533
0.41133
0.39421
0.49084
0.8049
0.83175
0.83884
0.82653
0.81842
0.85341
0.8737
0.86266
0.78951
0.77878
0.78166
0.82504
0.84054
0.89771
0.90662
0.90253
0.91256
0.92027
0.92209
0.92083
0.90894
0.89829
0.8814
0.86226
0.85723
0.84151
0.86427
0.87514
0.87316
0.88437
0.85332
0.84823
0.84999
0.85943
0.87689
0.87706
0.51971
0.45164
0.3772
0.61598
0.89043
0.83931
0.8106
0.83002
0.86151
0.57195
0.49175
0.44939
0.38672
0.6425
0.67168
0.38875
0.38483
0.33724
0.31046
0.30643
0.33894
0.36749
0.30077
0.33126
0.33396
0.35136
0.7724
0.90342
0.88416
0.9325
0.91591
0.9178
0.79895
0.59369
0.44363
0.6835
0.85949
0.90952
0.92769
0.92344
0.89543
0.89431
0.89742
0.88732
0.88569
0.86316
0.85733
0.84859
0.83926
0.83477
0.84778
0.85636
0.87883
0.86082
0.72814
0.81335
0.85487
0.86295
0.84158
0.9359
0.79224
0.76161
0.65257
0.8299
0.91449
0.92028
0.80606
0.81191
0.82982
0.85701
0.83071
0.45807
0.40921
0.37255
0.34818
0.3338
0.32503
0.32613
0.33925
0.35484
0.32472
0.37021
0.4222
0.84418
0.84725
0.82502
0.53932
0.73683
0.84695
0.51416
0.70543
0.45429
0.29997
0.31852
0.32439
0.31062
0.31944
0.26603
0.25979
0.28717
0.39096
0.43387
0.84251
0.86799
0.86407
0.85831
0.64307
0.77925
0.49867
0.43699
0.81751
0.61505
0.84406
0.86101
0.86822
0.86209
0.86662
0.85983
0.78106
0.82451
0.79268
0.79815
0.77291
0.75882
0.77576
0.77471
0.80091
0.49806
0.45717
0.4145
0.40315
0.29462
0.27921
0.26061
0.23728
0.23805
0.218
0.2426
0.24243
0.25011
0.25702
0.30028
0.42054
0.66963
0.33536
0.4475
0.73398
0.82492
0.78219
0.79578
0.82865
0.79269
0.82512
0.84981
0.86143
0.90203
0.88439
0.84807
0.62606
0.45646
0.44182
0.43359
0.60814
0.4298
0.39859
0.38595
0.33817
0.29721
0.36018
0.42341
0.49956
0.64872
0.67991
0.84606
0.74859
0.78939
0.63642
0.57613
0.52491
0.62079
0.55763
0.78951
0.79023
0.78611
0.80436
0.71011
0.51131
0.52124
0.70025
0.8163
0.77653
0.79683
0.80881
0.80228
0.78764
0.78044
0.79228
0.80463
0.85085
0.89265
0.90537
0.88601
0.89584
0.84979
0.84378
0.83572
0.88611
0.55344
0.39409
0.31322
0.32192
0.2424
0.27883
0.3658
0.30042
0.30794
0.37291
0.27848
0.24048
0.29188
0.25966
0.22594
0.3044
0.22538
0.19811
0.22051
0.23322
0.26693
0.32901
0.28078
0.26442
0.26423
0.1822
0.18449
0.25063
0.25205
0.23417
0.38898
0.56143
0.77096
0.59466
0.81301
0.77285
0.85727
0.75264
0.77445
0.64929
0.55089
0.44467
0.4187
0.37888
0.39979
0.64851
0.5671
0.4161
0.34049
0.32179
0.32235
0.30428
0.29013
0.29292
0.34479
0.35803
0.3681
0.38669
0.3707
0.28509
0.21909
0.25336
0.26019
0.22171
0.21614
0.50273
0.83298
0.84217
0.85301
0.57161
0.37326
0.25202
0.20953
0.26526
0.69474
0.73608
0.58793
0.48013
0.36555
0.36288
0.34949
0.33479
0.28349
0.30196
0.35668
0.22923
0.56301
0.52639
0.44252
0.43953
0.4741
0.48318
0.50011
0.64687
0.64357
0.6636
0.58607
0.48759
0.43705
0.45834
0.80378
0.83122
0.82054
0.56332
0.48204
0.4316
0.39753
0.38411
0.36093
0.37953
0.43213
0.50073
0.38864
0.37895
0.35712
0.34895
0.63673
0.77767
0.41881
0.30042
0.33014
0.30474
0.28476
0.26538
0.15839
0.12364
0.11428
0.13474
0.42166
0.50592
0.46615
0.41828
0.35072
0.36918
0.37671
0.37709
0.36356
0.38959
0.42256
0.73767
0.78473
0.8291
0.84922
0.7975
0.64579
0.36021
0.76938
0.73284
0.76584
0.80523
0.69418
0.81719
0.84314
0.81337
0.86093
0.8761
0.91212
0.89461
0.8848
0.89929
0.84992
0.90603
0.90425
0.90679
0.91281
0.88985
0.8228
0.41676
0.58071
0.72011
0.71763
0.83673
0.82953
0.85836
0.93042
0.92175
0.91219
0.883
0.88056
0.90233
0.9079
0.86694
0.82777
0.758
0.60743
0.39828
0.36171
0.48987
0.56805
0.62306
0.58156
0.36419
0.36565
0.49957
0.85414
0.86121
0.87897
0.84695
0.50713
0.66952
0.64513
0.38695
0.3266
0.43797
0.50279
0.43894
0.36099
0.35148
0.29444
0.31523
0.30707
0.33767
0.30156
0.24992
0.18837
0.18423
0.19981
0.20771
0.30875
0.37524
0.33447
0.36582
0.35097
0.34098
0.28802
0.19392
0.14165
0.13481
0.15868
0.26044
0.24419
0.29408
0.38425
0.37053
0.37665
0.69899
0.81475
0.86665
0.91176
0.92764
0.9399
0.94475
0.95037
0.9466
0.92251
0.90604
0.90138
0.91413
0.9244
0.94975
0.96252
0.93679
0.91702
0.90427
0.80009
0.44423
0.33668
0.30218
0.28481
0.28933
0.29288
0.30037
0.31376
0.26689
0.3175
0.37886
0.35553
0.31107
0.28354
0.27676
0.26465
0.26799
0.27116
0.2771
0.28202
0.29377
0.30357
0.30767
0.32837
0.34956
0.22248
0.62394
0.66169
0.49467
0.41225
0.35121
0.30954
0.33438
0.36393
0.55344
0.34321
0.34395
0.37595
0.37451
0.3808
0.41859
0.48316
0.52127
0.49387
0.43588
0.45836
0.52087
0.47774
0.42007
0.39515
0.37811
0.37153
0.35843
0.35484
0.36118
0.34459
0.35656
0.3479
0.32919
0.2868
0.2917
0.46577
0.40877
0.65157
0.7805
