0.57617
0.56653
0.6056
0.53154
0.33055
0.58093
0.65822
0.67557
0.82528
0.81817
0.76353
0.80445
0.88469
0.79766
0.79762
0.88119
0.79523
0.71691
0.5742
0.43012
0.65765
0.71723
0.95527
0.95751
0.90892
0.94447
0.72823
0.84053
0.63909
0.93383
0.93256
0.95501
0.6458
0.89376
0.73031
0.87105
0.78338
0.68968
0.67503
0.62293
0.66583
0.64198
0.62191
0.60246
0.50356
0.36622
0.33033
0.29332
0.29647
0.27328
0.24987
0.23698
0.23053
0.22681
0.2156
0.25666
0.18592
0.25365
0.21761
0.1627
0.13174
0.17553
0.18906
0.14885
0.27759
0.28771
0.26466
0.24143
0.23274
0.22067
0.20805
0.21897
0.21408
0.20459
0.20347
0.20512
0.19969
0.21295
0.24479
0.28183
0.30474
0.32026
0.32497
0.32171
0.32886
0.31513
0.30735
0.34817
0.41914
0.38438
0.30843
0.29583
0.28033
0.28259
0.30553
0.3003
0.39692
0.49606
0.50898
0.39381
0.34108
0.35592
0.38651
0.35816
0.4423
0.38692
0.30021
0.28926
0.28749
0.25274
0.22233
0.23365
0.21969
0.21479
0.21394
0.20353
0.20986
0.20373
0.20639
0.23095
0.25087
0.28089
0.35617
0.33161
0.2895
0.30435
0.29063
0.25766
0.23155
0.21087
0.18799
0.15561
0.19014
0.71644
0.56805
0.52456
0.42373
0.84793
0.70239
0.40171
0.31227
0.29458
0.32584
0.31868
0.30772
0.30766
0.29434
0.28806
0.28554
0.3072
0.28318
0.28013
0.36937
0.42672
0.45294
0.69959
0.57976
0.64905
0.7465
0.77419
0.68796
0.8561
0.92042
0.78899
0.77178
0.50606
0.49843
0.492
0.40913
0.35573
0.31943
0.29346
0.28291
0.31555
0.32604
0.32853
0.32069
0.27827
0.22479
0.26314
0.16986
0.163
0.38068
0.68131
0.82542
0.93913
0.95983
0.96426
0.97336
0.99534
0.99695
0.99801
0.99612
0.91091
0.97844
0.94981
0.93051
0.95021
0.86736
0.82295
0.81304
0.83466
0.99676
0.9785
0.96974
0.96501
0.96511
0.84119
0.51174
0.51505
0.48439
0.36538
0.42106
0.53304
0.49934
0.76587
0.55757
0.45711
0.40406
0.38312
0.42472
0.64898
0.83203
0.91882
0.82513
0.78891
0.70092
0.74403
0.66731
0.65768
0.86415
0.84542
0.74572
0.7056
0.71615
0.70343
0.67241
0.83963
0.97443
0.96394
0.95844
0.95173
0.89679
0.76666
0.70418
0.72832
0.85282
0.86021
0.85347
0.85334
0.60663
0.69206
0.66012
0.78981
0.78446
0.87212
0.84876
0.88022
0.8006
0.89083
0.95742
0.84966
0.72237
0.63745
0.921
0.96961
0.86189
0.63659
0.65257
0.49617
0.50814
0.4555
0.45593
0.39535
0.37892
0.38836
0.35316
0.33403
0.31523
0.3544
0.34631
0.35257
0.4313
0.43221
0.30032
0.29434
0.30659
0.30881
0.28899
0.31908
0.30861
0.29678
0.28241
0.29058
0.23806
0.22729
0.21366
0.20009
0.21641
0.1821
0.4721
0.86687
0.60507
0.63165
0.73438
0.75443
0.57684
0.42426
0.29616
0.2976
0.36645
0.71108
0.76711
0.71433
0.71677
0.84889
0.95306
0.93672
0.93491
0.81746
0.58182
0.8312
0.72338
0.87107
0.92513
0.92766
0.8197
0.53955
0.39359
0.40306
0.39849
0.56207
0.60016
0.50357
0.6164
0.75385
0.72895
0.76412
0.6812
0.66423
0.90992
0.91841
0.91016
0.75185
0.81455
0.55391
0.41936
0.28455
0.31743
0.64213
0.61639
0.82656
0.92006
0.85456
0.84077
0.7744
0.9153
0.93656
0.93559
0.82536
0.69664
0.68829
0.76034
0.79424
0.54945
0.57074
0.56885
0.58981
0.67659
0.72785
0.64802
0.48505
0.36779
0.34669
0.26267
0.19821
0.14419
0.12952
0.13713
0.1879
0.22678
0.22137
0.20586
0.35203
0.43908
0.34277
0.34777
0.53742
0.45627
0.45527
0.46913
0.58861
0.80896
0.89964
0.93312
0.92998
0.86933
0.91433
0.90144
0.91458
0.94037
0.79469
0.71289
0.95064
0.86135
0.90607
0.98061
0.99758
0.99284
0.95332
0.88699
0.73908
0.67636
0.81632
0.55852
0.37667
0.43094
0.47097
0.52831
0.31488
0.3816
0.34787
0.50099
0.46507
0.3487
0.16662
0.18624
0.24275
0.2498
0.2312
0.23446
0.22509
0.24717
0.53218
0.5236
0.42431
0.40468
0.47747
0.52897
0.48083
0.44429
0.39392
0.31419
0.31756
0.35535
0.3587
0.29987
0.2861
0.28375
0.27188
0.25868
0.2653
0.29138
0.28347
0.2421
0.22331
0.18735
0.18583
0.17336
0.18096
0.22182
0.22682
0.33175
0.39264
0.35786
0.34149
0.3577
0.33738
0.31539
0.31964
0.27203
0.22727
0.19064
0.22376
0.18606
0.15776
0.17427
0.17634
0.15375
0.12193
0.1086
0.09999
0.17519
0.31388
0.32853
0.26154
0.22456
0.17026
0.15588
0.1284
0.11239
0.12474
0.16884
0.20827
0.29533
0.27265
0.172
0.12912
0.16054
0.21865
0.26182
0.32863
0.44295
0.38285
0.42005
0.49239
0.5626
0.55484
0.55379
0.68017
0.8235
0.70649
0.85326
0.76977
0.58864
0.82637
0.84586
0.89448
0.90774
0.90891
0.90994
0.90934
0.90115
0.93096
0.65977
0.64526
0.66931
0.71238
0.77154
0.8119
0.90153
0.93571
0.79114
0.54657
0.5452
0.58824
0.49905
0.41021
0.30937
0.25592
0.24792
0.25945
0.1763
0.13985
0.27971
0.23728
0.16397
0.14811
0.18621
0.23541
0.23277
0.28888
0.31682
0.28816
0.27281
0.20902
0.23121
0.4389
0.27457
0.23923
0.18502
0.13871
0.15911
0.18465
0.17609
0.19486
0.17879
0.21116
0.29718
0.40616
0.39455
0.37709
0.41372
0.40138
0.42952
0.42667
0.37791
0.45527
0.68769
0.78432
0.72775
0.69833
0.65975
0.68395
0.66445
0.67263
0.66911
0.80645
0.85413
0.88242
0.7852
0.84536
0.78773
0.79886
0.81415
0.74339
0.77516
0.8706
0.91826
0.92356
0.96187
0.91269
0.81365
0.72168
0.6926
0.7306
0.75093
0.64793
0.55805
0.36506
0.31748
0.38405
0.42635
0.59303
0.81784
0.81698
0.88484
0.90418
0.92399
0.94529
0.94894
0.94483
0.93214
0.88258
0.8556
0.81629
0.75659
0.68609
0.86544
0.91756
0.91575
0.91067
0.90111
0.88475
0.88901
0.90199
0.87883
0.8874
0.86263
0.73211
0.6889
0.43394
0.66462
0.84205
0.85623
0.74558
0.69351
0.76426
0.61225
0.63217
0.60167
0.53932
0.75434
0.72745
0.86162
0.76839
0.51811
0.48852
0.74978
0.47427
0.42708
0.51634
0.48705
0.33016
0.28164
0.26177
0.23999
0.20133
0.22572
0.28442
0.27697
0.27383
0.23435
0.20019
0.17895
0.18143
0.28712
0.34994
0.27868
0.16332
0.15427
0.13782
0.13526
0.13766
0.15809
0.22219
0.18048
0.12991
0.14042
0.14047
0.12668
0.12547
0.12319
0.16412
0.098415
0.10742
0.10723
0.11675
0.11169
0.12555
0.17444
0.19937
0.17542
0.12192
0.1088
0.093536
0.091571
0.13784
0.22537
0.3016
0.28181
0.25815
0.15902
0.1437
0.2559
0.41009
0.55509
0.68556
0.57868
0.48264
0.30644
0.20395
0.17906
0.20537
0.28693
0.38055
0.39642
0.31253
0.27651
0.23647
0.23067
0.23012
0.28631
0.42407
0.31485
0.20558
0.13074
0.15291
0.17232
0.19669
0.82337
0.86919
0.87143
0.78782
0.72688
0.38393
0.1752
0.26446
0.23936
0.27141
0.22012
0.22926
0.22738
0.23547
0.25304
0.23068
0.2284
0.24357
0.23378
0.24083
0.25396
0.22012
0.21037
0.24567
0.27969
0.28947
0.26422
0.28557
0.28914
0.27757
0.25935
0.21108
0.47913
0.59389
0.49795
0.39659
0.39341
0.39807
0.4036
0.44368
0.72812
0.94247
0.93724
0.92098
0.8963
0.8076
0.82836
0.81437
0.7735
0.88379
0.85556
0.80999
0.76126
0.67978
0.67552
0.64745
0.58095
0.6072
0.91546
0.88439
0.91078
0.87921
0.42223
0.37344
0.70794
0.87448
0.88765
0.73358
0.61211
0.58318
0.5475
0.54331
0.92528
0.86059
0.72364
0.36021
0.34755
0.33798
0.29614
0.29407
0.65435
0.61532
0.62723
0.29012
0.26103
0.23839
0.23541
0.24214
0.27659
0.30307
0.38242
0.38462
0.3672
0.36961
0.37048
0.36852
0.44261
0.39932
0.31742
0.25064
0.22292
0.22183
0.22629
0.22864
0.24212
0.2775
0.26591
0.23874
0.24564
0.28658
0.26194
0.27828
0.30577
0.30223
0.28128
0.27198
0.30883
0.25669
0.30408
0.29017
0.30707
0.30191
0.2702
0.2436
0.23256
0.25895
0.30663
0.36478
0.39827
0.52674
0.5094
0.46457
0.86539
0.89643
0.8148
0.78916
0.90823
0.80924
0.71148
0.65317
0.61762
0.58095
0.51574
0.46262
0.44815
0.44224
0.88199
0.96711
0.68714
0.62517
0.75314
0.65103
0.69919
0.86243
0.91847
0.70276
0.4408
0.39415
0.35086
0.36852
0.42016
0.39016
0.44095
0.26921
0.27886
0.2433
0.21082
0.20791
0.34206
0.37641
0.39719
0.22711
0.20575
0.21287
0.23332
0.299
0.37333
0.37905
0.30947
0.30245
0.27974
0.28729
0.28515
0.27014
0.27471
0.24762
0.23024
0.20915
0.26896
0.20025
0.35637
0.78612
0.97608
0.97989
0.98843
0.99912
0.97459
0.67686
0.35159
0.42659
0.38121
0.74546
0.50066
0.29442
0.29929
0.27455
0.27878
0.29483
0.41297
0.4967
0.53794
0.57351
0.47288
0.40483
0.37458
0.36495
0.46085
0.89315
0.84191
0.76358
0.66125
0.6416
0.64074
0.46694
0.69111
0.87161
0.99931
0.97089
0.95507
0.72821
0.51739
0.61883
0.57958
0.53338
0.7152
0.71997
0.72823
0.84944
0.76609
0.64321
0.49495
0.65051
0.67671
0.48534
0.61773
0.79194
0.92313
0.75811
0.7102
0.98627
0.8259
0.95435
0.88166
0.87619
0.97695
0.79394
0.76066
0.81813
0.73253
0.26728
0.25068
0.25149
0.33954
0.4043
0.4664
0.64007
0.55147
0.53914
0.52089
0.53297
0.45837
0.50052
0.58264
0.66766
0.62233
0.5712
0.4898
0.41905
0.41587
0.50141
0.5414
0.54614
0.51952
0.45299
0.38096
0.34382
0.34508
0.3946
0.47001
0.46176
0.43897
0.40616
0.3425
0.43734
0.42206
0.40013
0.61119
0.74639
0.78916
0.70849
0.51197
0.54681
0.60601
0.61991
0.6638
0.74012
0.75917
0.69902
0.63245
0.58809
0.53409
0.52217
0.59746
0.62015
0.67681
0.6459
0.35079
0.27347
0.26728
0.37556
0.60493
0.74878
0.78767
0.80409
0.73861
0.75857
0.84518
0.96362
0.99832
0.99025
0.9851
0.99136
0.99159
0.96527
0.98803
0.97044
0.99205
0.99252
0.99386
0.99844
0.89426
0.96169
0.82582
0.97986
0.99937
0.99834
0.9615
0.954
0.88081
0.83943
0.75367
0.73406
0.83356
0.95095
0.91809
0.95425
0.96366
0.92215
0.7292
0.72478
0.80937
0.85598
0.87177
0.85786
0.79247
0.65431
0.45516
0.48354
0.64679
0.78575
0.88854
0.87801
0.80345
0.60676
0.46054
0.70168
0.95273
0.98844
0.96546
0.89905
0.6534
0.5412
0.54983
0.73281
0.97459
0.99239
0.9758
0.97897
0.99542
0.80075
0.67451
0.69577
0.83319
0.74178
0.79134
0.71049
0.29414
0.28005
0.25282
0.28213
0.47764
0.55423
0.56753
0.68781
0.30161
0.20824
0.19698
0.30409
0.5601
0.65143
0.74131
0.65472
0.37315
0.25218
0.21757
0.36332
0.59311
0.78616
0.81013
0.72702
0.58456
0.37573
0.23021
0.31446
0.57584
0.75789
0.82199
0.65777
0.41162
0.23638
0.24694
0.43475
0.57285
0.68985
0.75714
0.67955
0.54888
0.31523
0.26762
0.35303
0.42042
0.55555
0.58407
0.57372
0.49291
0.52121
0.45236
0.66238
0.91094
0.97768
1.0002
0.96126
0.93139
0.79629
0.8517
0.80614
0.88538
0.86882
0.88125
0.85929
0.94297
0.89928
0.80878
0.96131
1.0001
0.96217
0.96937
0.97405
0.93115
0.89838
0.81309
0.84578
0.81385
0.89537
0.8854
0.91889
0.85072
0.74856
0.68924
0.6706
0.8362
0.85039
0.94409
0.91484
0.9261
0.97624
0.98546
0.99904
0.99839
0.9976
0.99447
0.95721
0.84554
0.93112
0.84216
0.9647
0.95884
0.99835
0.97405
0.91851
0.99178
0.99866
0.99912
1.0001
1.0004
0.99999
0.99763
0.99751
0.99785
0.99764
0.99755
0.99792
0.99796
0.9992
0.99821
0.99875
0.96788
0.91127
0.83019
0.85005
0.96176
0.94007
0.97808
0.98574
0.92121
0.82906
0.58488
0.59852
0.66876
0.70353
0.75982
0.66729
0.61053
0.48726
0.39834
0.3808
0.63119
0.78867
0.74971
0.78222
0.78721
0.76784
0.75847
0.71768
0.6866
0.52623
0.41132
0.34316
0.33296
0.33352
0.32604
0.32364
0.96035
0.91966
0.81426
0.82651
0.795
0.65731
0.45257
0.68903
0.75102
0.71029
0.6617
0.54789
0.61293
0.56736
0.56024
0.81
0.99052
0.99175
0.98861
0.92616
0.80643
0.71485
0.98117
0.98894
0.99942
0.99847
0.99951
0.99773
0.99984
0.99766
0.9976
0.99793
1.0009
0.99981
1.0001
0.99077
0.85512
0.95643
0.96257
0.90561
0.99941
0.95239
0.72861
0.40968
0.33471
0.32537
0.4783
0.64637
0.67961
0.87122
0.87409
0.83004
0.90337
0.66573
0.77667
0.76928
0.75226
0.76262
0.89407
0.98332
0.86606
0.83129
0.85697
0.7753
0.75602
0.93599
0.88707
0.88547
0.54339
0.58687
0.531
0.65795
0.71105
0.74682
0.82781
0.66108
0.5345
0.40438
0.39313
0.40988
0.59976
0.69464
0.65491
0.63703
0.693
0.60246
0.52884
0.62395
0.63415
0.46528
0.3694
0.34989
0.35791
0.33716
0.30432
0.32447
0.33899
0.34048
0.3781
0.44271
0.43301
0.36496
0.41472
0.42372
0.48232
0.5443
0.61021
0.63728
0.76057
0.95744
0.99829
0.95707
0.91681
0.96662
0.91487
0.96801
0.93997
0.82605
0.90443
0.93424
0.95008
0.98278
0.9508
0.95302
0.97004
0.93282
0.93763
0.91257
0.84333
0.90825
0.92769
0.93766
0.98789
0.98162
0.96792
0.99454
0.92015
0.8289
0.62971
0.63119
0.57823
0.47758
0.51067
0.58271
0.70128
0.8703
0.95468
0.84585
0.85687
0.83183
0.7854
0.81692
0.94323
0.94727
0.90256
0.88895
0.76666
0.88891
0.88772
0.87875
0.80008
0.94096
0.99597
0.99613
0.90581
0.8516
0.66754
0.66613
0.85045
0.92076
0.99737
0.99912
0.99936
0.99719
1.0004
0.94808
0.90951
0.89585
0.98808
0.99515
0.98609
0.82392
0.76677
0.85261
0.91285
0.86188
0.76513
0.68815
0.71824
0.65415
0.64881
0.67782
0.76419
0.74914
0.89862
0.85531
0.89051
0.87105
0.72328
0.59219
0.56694
0.53981
0.45488
0.39739
0.35161
0.24256
0.22763
0.2626
0.31541
0.39966
0.43849
0.43114
0.38446
0.33847
0.29193
0.48481
0.60896
0.65303
0.6957
0.60493
0.53837
0.54073
0.5919
0.55175
0.65798
0.74271
0.69612
0.65791
0.56429
0.51081
0.48142
0.53776
0.61161
0.87896
0.88896
0.87991
0.85157
0.95476
0.86546
0.77741
0.91442
0.8645
0.80812
0.68318
0.65467
0.44582
0.45947
0.45888
0.6211
0.75743
0.85005
0.95008
0.8393
0.75844
0.87859
0.79319
0.89809
0.88951
0.83587
0.85301
0.80785
0.82081
0.82322
0.92604
0.90356
0.9206
0.95823
0.99749
0.89678
0.8949
0.94019
0.99226
0.98652
0.97273
0.87207
0.75848
0.53452
0.4185
0.55258
0.74836
0.92592
0.95086
0.93542
0.94609
0.88497
0.88065
0.85251
0.86453
0.8723
0.91055
0.80796
0.70478
0.70423
0.59378
0.55566
0.58773
0.6774
0.61352
0.61107
0.50699
0.38613
0.40562
0.4231
0.56913
0.67607
0.77481
0.64894
0.5556
0.58594
0.5967
0.54729
0.54756
0.60261
0.65718
0.61697
0.54462
0.42592
0.39647
0.365
0.33327
0.42324
0.47678
0.48962
0.47061
0.48227
0.49136
0.5134
0.55024
0.52877
0.45868
0.31441
0.28756
0.26874
0.28415
0.28303
0.33095
0.48017
0.66142
0.75747
0.7079
0.68528
0.77708
0.81691
0.87655
0.91845
0.96618
0.99832
0.99767
0.99828
0.95899
0.90073
0.90355
0.86326
0.92604
0.93399
0.85178
0.81981
0.76345
0.7795
0.67203
0.89327
0.86306
0.94019
0.84808
0.80479
0.78861
0.76538
0.7082
0.68303
0.78256
0.84353
0.72607
0.5895
0.63182
0.51528
0.58697
0.59549
0.70835
0.82963
0.84385
0.77158
0.70348
0.72497
0.80805
0.89867
0.82839
0.8534
0.80425
0.755
0.63391
0.5854
0.64569
0.69039
0.80603
0.75057
0.8543
0.70994
0.6923
0.8088
0.83402
0.90601
0.98123
0.99948
0.97436
0.9977
0.99421
0.96948
0.96782
0.84123
0.89514
0.81851
0.7936
0.81815
0.78546
0.98044
0.93476
0.95155
0.99993
0.95581
0.84524
0.82915
0.83099
0.82507
0.83316
0.83232
0.93075
0.96367
0.96059
0.86896
0.83497
0.84028
0.80152
0.7811
0.90815
0.81586
0.72571
0.6541
0.70912
0.90415
0.97062
0.90918
0.79714
0.83385
0.7333
0.82319
0.78505
0.68945
0.61908
0.72119
0.8285
0.77718
0.74769
0.78857
0.75028
0.82515
0.8718
0.93608
0.80481
0.85026
0.83257
0.78829
0.73406
0.86684
0.98678
0.99972
0.98537
0.87098
0.8475
0.92577
0.89461
0.86394
0.93765
0.9532
0.93627
0.92541
0.90258
0.90715
0.87991
0.85924
0.85175
0.87152
0.87359
0.68629
0.51474
0.37055
0.33162
0.35609
0.53326
0.80925
0.95329
0.91746
0.88187
0.86455
0.86827
0.79662
0.70094
0.74907
0.98754
0.74026
0.42551
0.41155
0.42645
0.41382
0.39636
0.32715
0.33769
0.35352
0.31422
0.42739
0.29344
0.24144
0.22175
0.28762
0.3913
0.40588
0.37831
0.30043
0.27161
0.24484
0.35045
0.51247
0.59022
0.56642
0.56161
0.53253
0.53254
0.50605
0.51267
0.55326
0.5717
0.58496
0.7231
0.73759
0.69579
0.82978
0.95228
0.97834
0.98251
0.99029
0.98755
0.96469
0.91031
0.83193
0.80295
0.78973
0.83958
0.89057
0.85796
0.81622
0.75392
0.7223
0.69522
0.73911
0.78055
0.80514
0.86461
0.82174
0.89152
0.90207
0.85468
0.88562
0.84018
0.80579
0.81625
0.83683
0.9546
0.9539
0.95656
0.93909
0.91033
0.87923
0.86049
0.87378
0.86715
0.88588
0.90054
0.8704
0.86373
0.9637
0.98938
0.93252
0.86722
0.87027
0.99087
0.99318
0.91973
0.92064
0.94556
0.97976
0.97136
1.0008
0.93464
0.98175
0.91693
0.93974
0.85625
0.75128
0.57405
0.54527
0.71496
0.89921
0.83799
0.90888
0.84217
0.74835
0.6993
0.75005
0.79686
0.92791
0.9984
0.9994
0.99926
0.98376
0.99812
0.82965
0.70541
0.75646
0.87864
1.0009
0.8866
0.91076
0.75933
0.44009
0.37112
0.59372
0.65206
0.59065
0.3515
0.29344
0.28458
0.26732
0.26526
0.36121
0.51875
0.42726
0.42048
0.40405
0.29548
0.28012
0.24762
0.26259
0.22517
0.53893
0.45807
0.52961
0.46118
0.62803
0.5804
0.8102
0.87453
0.75298
0.63332
0.55301
0.55963
0.63034
0.58894
0.79255
0.84164
0.76799
0.6906
0.63079
0.63755
0.62026
0.58469
0.61567
0.62006
0.67763
0.69369
0.63952
0.74103
0.56071
0.5786
0.6343
0.73456
0.71024
0.66004
0.5798
0.6053
0.62059
0.77833
0.96748
1.0001
0.99971
0.99934
0.99873
0.9971
0.99843
0.9982
0.99174
0.9876
0.99909
0.99549
0.98673
0.95814
0.99226
0.99891
0.99707
0.87533
0.96887
0.98334
0.81049
0.86925
0.85035
0.81315
0.95838
0.92094
0.98431
0.89085
0.92488
0.86727
0.90329
0.943
0.95693
0.99719
0.90803
0.95074
0.96182
0.36426
0.31088
0.30147
0.30168
0.24055
0.29429
0.3822
0.33381
0.37098
0.36257
0.67372
0.75287
0.87772
0.99991
1.0009
0.85163
0.66667
0.55754
0.52984
0.86592
0.96027
0.99784
1.0006
0.87016
0.81606
0.81443
0.7755
0.69728
0.71481
0.71214
0.51598
0.62289
0.69444
0.69313
0.69283
0.76563
0.77412
0.82372
0.79788
0.68343
0.88418
0.72382
0.60257
0.75225
0.86353
0.86383
0.85391
0.76476
0.70304
0.6472
0.58281
0.69767
0.91356
0.87497
0.84862
0.96433
0.95218
0.88771
0.90996
0.89329
0.85522
0.86552
0.93458
0.99851
0.92888
0.78206
0.58437
0.51997
0.60616
0.68157
0.66237
0.5506
0.60409
0.42559
0.38246
0.74515
0.65297
0.65344
0.5113
0.52063
0.54382
0.48429
0.49822
0.45357
0.42772
0.50932
0.45454
0.31829
0.30922
0.25464
0.231
0.24765
0.40173
0.54923
0.52187
0.44019
0.54327
0.43543
0.51495
0.6267
0.83779
0.86666
0.78612
0.74146
0.66172
0.64934
0.76513
0.56342
0.58953
0.65628
0.53204
0.60199
0.64024
0.50863
0.59016
0.83071
0.78112
0.83592
0.67612
0.75235
0.70224
0.73599
0.62609
0.66358
0.70365
0.65144
0.52395
0.42615
0.42993
0.36364
0.39007
0.41449
0.47707
0.52163
0.77695
0.74382
0.7378
0.81455
0.81344
0.78596
0.59785
0.93335
0.86656
0.92273
0.88656
0.77607
0.70442
0.70588
0.76457
0.75475
0.70859
0.57511
0.50934
0.47702
0.559
0.53664
0.63648
0.55128
0.54706
0.48994
0.4353
0.4422
0.42452
0.44273
0.47002
0.47052
0.51736
0.5426
0.68885
0.73581
0.78816
0.69127
0.80672
0.8433
0.89333
0.95491
0.95082
0.94899
0.96149
0.95321
0.97291
0.95969
0.82784
0.81384
0.804
0.53673
0.3088
0.29118
0.28673
0.27399
0.27219
0.27015
0.26867
0.27289
0.27023
0.28918
0.31601
0.32617
0.33388
0.33985
0.31709
0.29968
0.29839
0.40164
0.4904
0.44613
0.68419
0.46973
0.32945
0.27155
0.26935
0.26623
0.31968
0.37158
0.37304
0.28657
0.34707
0.41411
0.33706
0.33577
0.38122
0.55334
0.36974
0.34495
0.57011
0.48787
0.42833
0.68655
0.72326
0.77912
0.73972
0.78687
0.56936
0.56031
0.47208
0.43373
0.48287
0.51658
0.28491
0.20001
0.20841
0.17656
0.23471
0.20328
0.20771
0.19811
0.20033
0.24781
0.24214
0.24898
0.27136
0.27632
0.27396
0.26455
0.26365
0.28092
0.26147
0.25153
0.25279
0.28811
0.43763
0.46546
0.48364
0.66883
0.70155
0.86047
0.91402
1.0009
1
0.83923
0.67152
0.71889
0.72232
0.64287
0.78101
0.82717
0.94165
0.99899
0.83383
0.87574
0.75094
0.39977
0.37074
0.28474
0.27431
0.2454
0.25606
0.33102
0.33087
0.43589
0.61367
0.70453
0.3558
0.35671
0.3916
0.33242
0.29302
0.31994
0.34389
0.3257
0.31376
0.24767
0.22064
0.176
0.16134
0.20201
0.22298
0.22253
0.1638
0.21141
0.21479
0.16322
0.17757
0.16138
0.16207
0.17565
0.1898
0.20063
0.21118
0.22565
0.25075
0.28863
0.28053
0.27342
0.26927
0.25114
0.25033
0.28704
0.2776
0.32549
0.24106
0.22957
0.3598
0.23433
0.31586
0.30581
0.37023
0.37472
0.24689
0.23961
0.27205
0.27793
0.24158
0.2798
0.44369
0.42551
0.42977
0.51594
0.53583
0.56092
0.65009
0.67132
0.63037
0.62657
0.70116
0.68101
0.69712
0.83398
0.85009
0.68907
0.53801
0.64118
0.8495
0.65094
0.67457
0.55936
0.5705
0.35692
0.37246
0.34075
0.45228
0.6516
0.64673
0.75259
0.85827
0.51276
0.31167
0.32512
0.33527
0.31715
0.37675
0.34947
0.35314
0.20951
0.21051
0.1647
0.14302
0.12892
0.12445
0.12072
0.12482
0.11608
0.12549
0.14448
0.14727
0.30239
0.4017
0.54132
0.5248
0.4814
0.48327
0.38178
0.36539
0.32831
0.29962
0.3464
0.30049
0.20762
0.18906
0.2047
0.17336
0.14258
0.15184
0.1476
0.13976
0.16784
0.13648
0.16013
0.17668
0.17078
0.15944
0.18488
0.16825
0.16015
0.13773
0.14148
0.14555
0.18503
0.20259
0.19525
0.25103
0.7272
0.7957
0.85322
0.97735
0.99142
0.9883
0.84892
0.51684
0.47467
0.40369
0.32387
0.34043
0.32569
0.33667
0.33434
0.29836
0.29772
0.36812
0.4023
0.50125
0.33762
0.30637
0.29294
0.2298
0.24384
0.24012
0.2959
0.24657
0.23072
0.21923
0.21212
0.20218
0.19694
0.18635
0.18189
0.17316
0.17747
0.21572
0.34374
0.61049
0.63853
0.78817
0.74518
0.72727
0.52437
0.40712
0.366
0.308
0.25361
0.32623
0.44447
0.27387
0.60673
0.69209
0.69973
0.78942
0.82491
0.83174
0.87739
0.81645
0.50175
0.38496
0.29518
0.25708
0.24147
0.22872
0.23271
0.23039
0.21466
0.20617
0.20157
0.19094
0.33447
0.55475
0.67687
0.54549
0.30113
0.23835
0.26331
0.20334
0.17526
0.21202
0.71542
0.67257
0.42977
0.64706
0.45882
0.3322
0.25541
0.24224
0.26125
0.35756
0.40819
0.38462
0.38672
0.4298
0.40734
0.31606
0.28289
0.23071
0.19129
0.1798
0.16936
0.17051
0.216
0.18125
0.15444
0.1396
0.13268
0.11756
0.105
0.12629
0.14294
0.14
0.13959
0.17798
0.22557
0.23367
0.18017
0.17994
0.18619
0.19135
0.19439
0.18305
0.18838
0.18539
0.18375
0.18186
0.18297
0.18026
0.17468
0.17606
0.17706
0.1943
0.23231
0.24494
0.25014
0.2313
0.21116
0.23309
0.21786
0.21447
0.21508
0.177
0.231
0.2152
0.21677
0.17044
0.14026
0.14978
0.15201
0.18446
0.15541
0.17158
0.27874
0.44956
0.60791
0.5902
0.55373
0.54293
0.50545
0.42543
0.40341
0.28319
0.26517
0.28232
0.293
0.28742
0.2649
0.25948
0.24168
0.24828
0.25358
0.25448
0.2681
0.28585
0.25091
0.25083
0.21688
0.22191
0.2343
0.23891
0.25323
0.28451
0.26763
0.25757
0.22558
0.23271
0.21984
0.21965
0.20747
0.21385
0.2012
0.20216
0.20626
0.2581
0.24934
0.25409
0.26758
0.22875
0.21697
0.22791
0.24321
0.2918
0.28488
0.3596
0.33302
0.2586
0.37771
0.14917
0.20778
0.13859
0.15046
0.14258
0.12532
0.1063
0.097043
0.086222
0.18256
0.25444
0.30038
0.25357
0.28851
0.56232
0.75123
0.7583
0.77411
0.69877
0.56331
0.38205
0.28381
0.24885
0.26623
0.26323
0.25424
0.29359
0.24886
0.2396
0.22437
0.20872
0.20284
0.22431
0.22145
0.22369
0.21894
0.20578
0.2183
0.19041
0.19284
0.17204
0.18069
0.22016
0.62572
0.69131
0.79206
0.80659
0.72216
0.73024
0.7609
0.7339
0.67586
0.68722
0.71238
0.67884
0.68682
0.7233
0.75324
0.763
0.76296
0.72936
0.69549
0.67477
0.68291
0.86154
0.88732
0.88275
0.7849
0.80857
0.71989
0.43251
0.40947
0.68926
0.75017
0.75236
0.7902
0.8053
0.80496
0.76906
0.80362
0.82181
0.86601
0.78311
0.70788
0.81734
0.89637
0.88328
0.8285
0.80196
0.70998
0.68872
0.66889
0.60378
0.34847
0.44966
0.42099
0.38574
0.33939
0.39429
0.36917
0.28132
0.3155
0.28497
0.47063
0.2612
0.23474
0.25572
0.37859
0.41308
0.44677
0.44458
0.35421
0.29317
0.26645
0.26611
0.27132
0.33454
0.27059
0.29331
0.2249
0.27313
0.50311
0.431
0.65421
0.79532
0.78402
0.70917
0.5071
0.39079
0.3143
0.25769
0.26621
0.25675
0.27178
0.25248
0.22035
0.20271
0.22942
0.26364
0.23425
0.17504
0.18436
0.21198
0.20623
0.20398
0.18043
0.19147
0.18095
0.25783
0.27182
0.2518
0.22868
0.21567
0.21477
0.19695
0.19444
0.21729
0.25039
0.42075
0.81992
0.73367
0.71105
0.80502
0.80111
0.74847
0.90123
0.85015
0.6166
0.66099
0.88286
0.95769
0.96373
0.9608
0.81516
0.6996
0.80654
0.85489
0.67549
0.6239
0.63238
0.63225
0.83311
0.62411
0.82272
0.56926
0.45864
0.45332
0.34697
0.3478
0.34073
0.23545
0.21209
0.11641
0.10278
0.11264
0.21161
0.30254
0.40506
0.66992
0.66304
0.88486
0.85607
0.79608
0.89977
0.80356
0.74591
0.70054
0.76715
0.86223
0.87006
0.88549
0.95399
0.88218
0.95798
0.78272
0.65384
0.54051
0.34537
0.17747
0.21578
0.22477
0.45644
0.86922
0.79257
0.67555
0.65234
0.89326
0.91914
0.95522
0.9706
0.91196
0.63708
0.70011
0.76987
0.85906
0.88043
0.88898
0.88554
0.91398
0.96893
0.97137
0.79542
0.74785
0.60813
0.62279
0.7026
0.76148
0.70195
0.6912
0.76022
0.796
0.73264
0.74208
0.75261
0.75483
0.97503
0.90776
0.78024
0.6979
0.62045
0.70064
0.81322
0.74173
0.64789
0.69976
0.94906
0.9622
0.97542
0.97146
0.94684
0.96831
