0.97171
0.9764
0.9508
0.98837
0.99866
0.9339
0.96151
0.97631
0.97272
0.95509
0.97546
0.90425
0.85082
0.87258
0.89893
0.99636
0.98055
0.9741
0.89485
0.87139
0.7748
0.78894
0.83874
0.95815
0.99784
0.99965
0.98518
0.98571
0.94197
0.97947
0.97935
0.92828
0.89907
0.90096
0.95896
0.97631
0.99974
0.894
0.80692
0.92963
0.96495
0.69627
0.71886
0.6777
0.72547
0.69733
0.7492
0.67249
0.61288
0.57732
0.5068
0.44318
0.69183
0.65193
0.76778
0.93943
0.88742
0.94999
0.95045
0.90292
0.71325
0.35414
0.25126
0.18796
0.23949
0.13325
0.29754
0.57252
0.5764
0.66954
0.68358
0.96952
0.96828
0.9613
0.76181
0.56644
0.42291
0.34691
0.2888
0.2269
0.2237
0.24772
0.22467
0.24587
0.24297
0.24555
0.25244
0.23896
0.28547
0.35202
0.51953
0.72866
0.35336
0.24853
0.27775
0.19006
0.26145
0.19297
0.28709
0.2047
0.28307
0.21316
0.23851
0.26118
0.30823
0.26075
0.23436
0.24051
0.1965
0.18936
0.21246
0.25655
0.1666
0.20914
0.23352
0.18672
0.149
0.22217
0.20209
0.24116
0.19366
0.21717
0.28416
0.12512
0.1943
0.30779
0.33325
0.18766
0.24321
0.17168
0.12508
0.16611
0.16565
0.14842
0.1858
0.17211
0.23276
0.18477
0.16087
0.10446
0.20266
0.12368
0.10928
0.3828
0.37968
0.35705
0.41845
0.33514
0.29676
0.26659
0.20102
0.2329
0.33625
0.40816
0.32467
0.26035
0.25993
0.29683
0.30795
0.23307
0.18634
0.18966
0.40026
0.4966
0.36764
0.35607
0.46588
0.45388
0.3346
0.22907
0.22019
0.18673
0.19735
0.3277
0.72765
0.52677
0.38596
0.27671
0.38423
0.49723
0.46252
0.61317
0.43296
0.29671
0.21716
0.21613
0.22219
0.20206
0.14661
0.4642
0.35444
0.23157
0.19332
0.20106
0.21773
0.20462
0.19868
0.20593
0.20004
0.3278
0.3947
0.36522
0.36115
0.34987
0.26951
0.23092
0.25148
0.28933
0.72152
0.54191
0.59601
0.80905
0.75992
0.79213
0.60473
0.62441
0.51471
0.47143
0.38519
0.3264
0.25007
0.22814
0.23224
0.17155
0.19134
0.20255
0.28965
0.46985
0.34528
0.27806
0.2336
0.21727
0.18665
0.17754
0.23527
0.46431
0.34323
0.29446
0.27727
0.23548
0.20283
0.21931
0.47567
0.49103
0.45891
0.41406
0.36143
0.351
0.37988
0.43608
0.52725
0.72979
0.68535
0.59339
0.53838
0.465
0.2503
0.29869
0.29278
0.23368
0.18986
0.16933
0.24706
0.15325
0.16788
0.18236
0.26981
0.53016
0.58379
0.59117
0.58987
0.6332
0.63404
0.4391
0.3543
0.34243
0.49812
0.51753
0.49062
0.47588
0.38585
0.21265
0.1785
0.14493
0.1449
0.18975
0.15037
0.15227
0.1644
0.15263
0.17361
0.21878
0.30425
0.28328
0.27856
0.27572
0.26269
0.25307
0.21471
0.21653
0.17496
0.17959
0.16172
0.15859
0.1658
0.16579
0.18604
0.19935
0.23021
0.20697
0.20609
0.19648
0.20051
0.1977
0.2311
0.24342
0.2743
0.31394
0.31006
0.29274
0.31451
0.43704
0.4781
0.44738
0.43751
0.33361
0.37445
0.41456
0.45718
0.42896
0.50035
0.531
0.45005
0.48405
0.40354
0.3039
0.2737
0.27238
0.29285
0.52274
0.36488
0.29338
0.25554
0.22892
0.16063
0.0983
0.1483
0.26299
0.53732
0.57271
0.78762
0.86502
0.88225
0.93496
0.87624
0.83906
0.89085
0.8567
0.93456
0.9532
0.96968
0.92908
0.83882
0.92498
0.92511
0.92946
0.87389
0.90115
0.87119
0.82314
0.73395
0.82114
0.80623
0.73833
0.65316
0.6512
0.65332
0.44518
0.38922
0.39773
0.4102
0.35656
0.33803
0.30917
0.29611
0.27584
0.2244
0.18165
0.25963
0.28075
0.29469
0.34787
0.30211
0.27025
0.24963
0.17491
0.16605
0.19453
0.16578
0.16571
0.15352
0.17529
0.19767
0.18145
0.18491
0.18186
0.15084
0.15758
0.16539
0.18999
0.12895
0.14897
0.1937
0.28234
0.39446
0.41119
0.3714
0.34167
0.35822
0.32788
0.30709
0.26964
0.21105
0.18303
0.17904
0.43815
0.5451
0.55759
0.60312
0.63533
0.54081
0.7388
0.62253
0.70847
0.49598
0.49629
0.4494
0.59005
0.60965
0.41206
0.50501
0.32545
0.28455
0.23579
0.246
0.247
0.20087
0.20322
0.18143
0.33477
0.21923
0.22294
0.23899
0.26513
0.27727
0.26402
0.2586
0.25311
0.24757
0.2303
0.26758
0.24926
0.32026
0.32211
0.3205
0.32865
0.29258
0.37116
0.42558
0.33039
0.41979
0.58228
0.61268
0.74555
0.58923
0.45877
0.48726
0.52262
0.3961
0.25467
0.31727
0.37379
0.60031
0.68757
0.83964
0.902
0.91778
0.92922
0.83906
0.45037
0.46834
0.35651
0.38119
0.387
0.29246
0.26089
0.24372
0.27961
0.24378
0.22512
0.24822
0.24685
0.20096
0.21102
0.39682
0.56615
0.63377
0.6816
0.62163
0.47931
0.42197
0.54241
0.58057
0.55831
0.45553
0.50694
0.405
0.42369
0.47706
0.52011
0.51683
0.45629
0.32375
0.26893
0.317
0.23783
0.19616
0.22159
0.16546
0.13909
0.13958
0.16145
0.19909
0.25746
0.22337
0.16459
0.14547
0.16431
0.18457
0.19448
0.19865
0.25348
0.18553
0.18446
0.21282
0.23038
0.19236
0.21048
0.26555
0.34835
0.23627
0.20423
0.16878
0.17711
0.16238
0.21843
0.24361
0.36655
0.23498
0.23178
0.22141
0.23059
0.23664
0.24385
0.267
0.2776
0.28778
0.3442
0.6704
0.74554
0.75386
0.75683
0.78327
0.7127
0.57286
0.48062
0.37295
0.37121
0.475
0.3561
0.41246
0.67419
0.82085
0.88976
0.90667
0.94323
0.94521
0.9302
0.86105
0.78445
0.68884
0.67704
0.47796
0.37617
0.31163
0.39362
0.5264
0.64502
0.56321
0.19561
0.18823
0.27002
0.41206
0.32041
0.37782
0.50247
0.32675
0.40328
0.43534
0.44935
0.28569
0.22491
0.45784
0.5774
0.66368
0.6643
0.63232
0.5786
0.51228
0.49547
0.34162
0.3601
0.3768
0.33286
0.38515
0.38284
0.35776
0.35183
0.41683
0.50228
0.51931
0.50086
0.68414
0.85461
0.71442
0.8193
0.79564
0.61371
0.53238
0.75752
0.71766
0.67923
0.61401
0.89498
0.92532
0.86245
0.83551
0.85529
0.84887
0.85909
0.83913
0.85023
0.84205
0.7149
0.24315
0.16835
0.14074
0.15788
0.18294
0.20243
0.74658
0.7783
0.91634
0.99124
1.0008
0.96064
0.77573
0.61117
0.53459
0.60256
0.22423
0.20581
0.19824
0.19688
0.19831
0.37329
0.49807
0.4332
0.28843
0.2138
0.2294
0.2346
0.27891
0.18886
0.30475
0.29696
0.18751
0.16506
0.16398
0.19136
0.17986
0.17542
0.2433
0.24704
0.16969
0.17161
0.17859
0.16008
0.13974
0.1618
0.18525
0.19
0.15041
0.14368
0.090322
0.097723
0.13812
0.25737
0.37031
0.28779
0.24159
0.55391
0.57789
0.51857
0.33366
0.22715
0.27163
0.35583
0.47268
0.26789
0.22599
0.15939
0.12171
0.11639
0.28075
0.33531
0.41204
0.30492
0.24734
0.17944
0.18463
0.19396
0.26743
0.35176
0.43121
0.32902
0.29324
0.80163
0.80517
0.72504
0.63884
0.9486
0.94075
0.80435
0.44793
0.43922
0.35729
0.4012
0.51473
0.40518
0.36322
0.30467
0.30303
0.30471
0.28838
0.30585
0.35634
0.33885
0.33284
0.2242
0.25876
0.32721
0.74766
0.89343
0.92534
0.94927
0.97183
0.9793
0.97165
0.95333
0.89394
0.84252
0.74832
0.82274
0.86283
0.91856
0.93415
0.96299
0.9441
0.98121
0.8904
0.85886
0.86939
0.32633
0.25602
0.33183
0.59198
0.68569
0.63715
0.58956
0.97559
0.96634
0.96806
0.96516
0.82636
0.93379
0.82312
0.81938
0.93819
0.61456
0.58283
0.54318
0.46946
0.43033
0.45187
0.42887
0.44752
0.2615
0.25879
0.23703
0.23167
0.27334
0.30934
0.37041
0.24931
0.23919
0.17521
0.22711
0.26177
0.33889
0.3944
0.44925
0.55772
0.40657
0.3015
0.29924
0.29795
0.32744
0.92829
0.97293
0.96398
0.93541
0.93633
0.92567
0.90992
0.73871
0.68345
0.84134
0.97019
0.64597
0.41467
0.31779
0.34283
0.33766
0.53262
0.51655
0.32166
0.28983
0.27806
0.29347
0.31973
0.28705
0.32692
0.40538
0.37429
0.31373
0.26156
0.22927
0.19115
0.20667
0.33008
0.35856
0.29032
0.18514
0.25836
0.46549
0.94834
0.96348
0.98332
0.99913
1.0005
0.87621
0.624
0.37298
0.3691
0.5334
0.45854
0.33733
0.26403
0.24148
0.24021
0.29335
0.23997
0.24683
0.24463
0.23309
0.22943
0.22888
0.2346
0.27288
0.25447
0.4217
0.56314
0.87718
0.86947
0.60048
0.67448
0.8332
0.86024
0.93009
0.82156
0.73195
0.69446
0.62906
0.5779
0.59047
0.7331
0.79701
0.66108
0.58783
0.36169
0.35789
0.21841
0.1738
0.21745
0.2354
0.33306
0.51803
0.48794
0.56912
0.51626
0.68585
0.90561
0.71881
0.70374
0.95538
0.96157
0.77691
0.71908
0.58027
0.63464
0.5879
0.53124
0.51607
0.64608
0.64942
0.3379
0.20831
0.23033
0.26226
0.29762
0.42737
0.44682
0.24344
0.20583
0.174
0.181
0.20726
0.31097
0.42291
0.55705
0.36949
0.30804
0.38568
0.44466
0.47106
0.42854
0.52519
0.66284
0.62292
0.40252
0.34773
0.31488
0.46974
0.531
0.63283
0.6148
0.65324
0.58547
0.73418
0.67875
0.85157
0.76086
0.69626
0.75208
0.78099
0.67856
0.69145
0.75376
0.77422
0.89594
0.9392
0.98488
0.99762
0.93564
0.89303
0.85797
0.83668
0.78523
0.74833
0.9186
0.97378
0.99945
0.99863
0.99968
0.99907
0.99754
0.88972
0.92902
0.92249
0.89723
0.87191
0.88803
0.96929
0.97726
0.97133
0.99916
1.0007
0.99905
0.99712
0.98697
0.93426
0.92699
0.90222
0.96631
0.97774
0.94924
1.0003
1.0001
0.98035
0.99049
0.97505
0.86693
0.92454
0.99925
0.85677
0.83347
0.84649
0.99857
0.99711
1.0005
0.98921
0.86522
0.87336
0.88668
0.85089
0.99866
1.0002
1.0009
0.92851
0.89748
0.88796
0.93015
0.85813
0.99196
0.97577
0.99799
0.98798
0.77939
0.37839
0.31379
0.39456
0.53607
0.66285
0.41562
0.24983
0.24375
0.25152
0.35937
0.66716
0.69165
0.71542
0.7885
0.68017
0.56041
0.5166
0.46817
0.58119
0.66326
0.77371
0.86822
0.78709
0.66531
0.67863
0.82843
0.94252
0.98545
0.92714
0.94802
0.93682
0.89346
0.69666
0.37837
0.62277
0.78762
0.83918
0.79454
0.88152
0.82129
0.80534
0.83786
0.94284
0.94239
0.96782
0.99447
0.96334
0.99306
0.87433
0.91615
0.87005
0.94458
0.94241
0.97291
0.99886
1.0003
1.0003
0.99885
1.0008
0.97681
0.9478
0.99616
0.99746
0.99833
0.99828
0.99928
0.9687
0.89327
0.86107
0.94227
0.94802
0.95412
0.92591
0.76308
0.84361
0.84649
0.86001
0.81662
0.72746
0.47221
0.2834
0.26531
0.3289
0.36707
0.62702
0.65045
0.60123
0.4103
0.25644
0.24754
0.45032
0.55643
0.55946
0.67457
0.68526
0.66912
0.51394
0.46229
0.624
0.75894
0.85687
0.908
0.8966
0.91053
0.88121
0.87118
0.91329
0.96736
0.91839
0.91144
0.87617
0.74612
0.58522
0.5599
0.67602
0.79328
0.75988
0.79116
0.89624
0.85267
0.82012
0.8398
0.87378
0.88848
0.80882
0.76667
0.78577
0.77604
0.75978
0.72021
0.73669
0.79601
0.77713
0.73233
0.77991
0.75145
0.80323
0.84502
0.83225
0.89312
0.90633
0.92768
0.97785
0.99248
0.99771
0.99572
0.99776
0.98845
0.98757
0.99573
0.99896
0.99867
0.99978
0.99948
1.0008
0.97278
0.94466
0.93892
0.98872
0.99844
0.91983
0.97412
0.98147
0.94347
0.97299
0.88093
0.86181
0.83548
0.84917
0.99934
1.0001
1.0002
0.99001
0.97047
0.9913
1.0006
0.81673
0.75819
0.76959
0.92491
0.94523
0.91264
0.85133
0.79234
0.75344
0.76853
0.79881
0.85108
0.89379
0.93768
0.86361
0.80146
0.9583
0.84084
0.90907
0.88164
0.98232
0.99138
0.99394
0.99847
1.0005
0.9977
0.9262
0.89539
0.89465
0.89757
0.82123
0.74609
0.76148
0.73756
0.93129
0.96352
0.93542
0.9337
0.96331
0.98521
0.92286
0.91499
0.87483
0.90408
0.91167
0.92302
0.88214
0.83044
0.80012
0.84253
0.94569
0.94655
0.99683
0.99955
0.99717
0.9975
1.0003
0.99794
0.99779
0.99148
0.99849
0.99977
0.99892
0.99735
0.99711
0.99009
0.98121
0.90249
0.84496
0.87251
0.97141
0.91104
0.92125
0.91851
0.97562
0.96175
0.99754
0.99811
0.99977
0.99902
1.0001
0.99868
0.9976
1.0004
0.99769
0.99781
0.99885
0.99866
0.99772
0.99973
0.99893
0.9037
0.93927
0.9626
0.89224
0.7887
0.54642
0.66164
0.83619
0.88192
0.95191
0.90268
0.83547
0.84223
0.84291
0.82913
0.8741
0.85389
0.82882
0.8221
0.82715
0.75105
0.69864
0.69805
0.7663
0.80884
0.84536
0.83138
0.811
0.80648
0.80381
0.88813
0.95021
0.90737
0.85861
0.90078
0.8759
0.83204
0.89192
0.95745
0.9666
0.9468
0.95195
0.93223
0.88331
0.8257
0.78549
0.79389
0.82094
0.82346
0.91509
0.93375
0.88805
0.72275
0.48985
0.32086
0.46582
0.72155
0.79895
0.71257
0.82435
0.78729
0.67384
0.81049
0.85375
0.84705
0.8725
0.77314
0.73796
0.63099
0.59303
0.76
0.73059
0.85681
0.94984
0.99372
0.91562
0.84791
0.75351
0.77295
0.99741
0.87188
0.73803
0.87184
0.70769
0.66226
0.77676
0.76592
0.85715
0.95538
0.96071
0.92629
0.90468
0.78798
0.66541
0.63501
0.80421
0.86382
0.91207
0.85114
0.82576
0.7994
0.77927
0.78514
0.85301
0.88854
0.94808
0.94988
0.95828
0.94083
0.92154
0.86413
0.85779
0.85132
0.84221
0.8617
0.84625
0.84274
0.82005
0.81803
0.84738
0.85343
0.92044
0.8588
0.81476
0.75855
0.74631
0.77876
0.76662
0.8163
0.84894
0.82027
0.81744
0.78549
0.77882
0.68683
0.7434
0.88258
0.91807
0.94072
0.89337
0.74841
0.65332
0.60537
0.67022
0.81183
0.85223
0.86491
0.83705
0.80588
0.82905
0.87696
0.94339
0.96317
0.92662
0.88555
0.90817
0.85379
0.83765
0.853
0.7843
0.84079
0.8862
0.89217
0.83139
0.8823
1.0003
0.94226
0.861
0.8748
0.86882
0.8979
0.91629
0.92372
0.96412
0.90258
0.89423
0.85624
0.81063
0.80729
0.82985
0.8249
0.82631
0.88179
0.79744
0.88033
0.84202
0.79351
0.74218
0.74561
0.69585
0.69285
0.62193
0.66787
0.70885
0.73221
0.7149
0.67483
0.63094
0.65657
0.71426
0.75284
0.84596
0.82167
0.94725
0.9781
0.92229
0.75876
0.81504
0.78567
0.79638
0.75796
0.7275
0.62136
0.55347
0.54421
0.58419
0.62337
0.66413
0.72619
0.73396
0.76674
0.72044
0.68755
0.65577
0.75246
0.92886
0.97674
1.0005
0.99709
0.99927
0.99839
0.999
0.97899
0.94685
0.88248
0.95657
0.91587
0.95856
0.97142
0.95092
0.89206
0.75049
0.75599
0.886
0.77041
0.78791
0.83828
0.89407
0.91987
0.93853
0.94714
0.91509
0.92933
0.93068
0.95668
0.91542
0.9051
0.99728
0.99463
0.98874
0.97154
0.95032
0.88692
0.94507
0.91101
0.97993
0.98009
0.9839
0.94852
0.85622
0.77103
0.79786
0.838
0.816
0.79916
0.90638
0.83012
0.69096
0.72242
0.93535
0.8989
0.8115
0.85301
0.85483
0.74145
0.76125
0.60546
0.805
0.80824
0.9214
0.94355
0.94611
0.94748
0.9568
0.96852
0.97587
0.94392
0.93871
0.89335
0.93548
0.88797
0.83561
0.89588
0.78183
0.87179
0.88389
0.89523
0.83817
0.88049
0.80989
0.76143
0.67682
0.76407
0.85177
0.75789
0.87313
0.7803
0.72216
0.61349
0.58309
0.75765
0.86849
0.89917
0.85653
0.83203
0.77733
0.70014
0.62707
0.69877
0.70524
0.72147
0.65719
0.51724
0.46579
0.48589
0.75326
0.83355
0.80589
0.86635
0.90476
0.82563
0.85702
0.86407
0.82031
0.84631
0.84666
0.80276
0.79154
0.70319
0.86381
0.91606
0.94974
0.91293
0.94347
0.94853
0.93385
0.89471
0.95798
0.869
0.85647
0.79565
0.93893
0.86595
0.89294
0.93974
0.97507
0.97166
0.97559
0.97884
0.98482
0.96335
0.976
0.95508
0.94265
0.9543
0.99965
0.91089
0.94884
0.89128
0.74442
0.60926
0.52424
0.53729
0.85984
0.94016
0.94032
0.91408
0.88583
0.80104
0.71828
0.71191
0.88892
0.92595
0.99834
0.99937
1
0.98341
0.99028
0.96908
0.95304
0.88128
0.85996
0.87139
0.88973
0.78589
0.52725
0.49333
0.54874
0.65408
0.53666
0.37528
0.32897
0.29978
0.30431
0.38601
0.59015
0.789
0.79905
0.65063
0.51647
0.44595
0.39884
0.36674
0.38626
0.34617
0.33821
0.32291
0.3481
0.35071
0.44903
0.59331
0.64122
0.81959
0.88583
0.94866
0.98825
0.9012
0.78131
0.78361
0.89437
0.88006
0.92602
0.9603
0.95126
0.85761
0.73092
0.72714
0.70408
0.70197
0.65208
0.63111
0.62861
0.78891
0.74808
0.8427
0.82191
0.79447
0.78016
0.79017
0.70832
0.69209
0.70051
0.57973
0.74719
0.78386
0.87029
0.95654
0.94432
0.99029
1.0009
0.96183
0.94242
0.9664
0.96615
0.95642
0.92206
0.90932
0.89272
0.98464
0.91989
0.87954
0.98313
0.98562
0.99781
0.97752
0.94809
0.91565
0.94932
0.89723
0.92379
0.91284
0.68966
0.72761
0.611
0.53187
0.68659
0.89101
0.88109
0.87892
0.76733
0.63739
0.60835
0.60258
0.69268
0.80639
0.84618
0.83557
0.87011
0.79244
0.65708
0.58578
0.66272
0.72492
0.79659
0.68835
0.88636
0.91509
0.90789
0.91115
0.89594
0.90328
0.92535
0.93665
0.87444
0.67639
0.49007
0.43777
0.54029
0.82317
0.90128
0.9498
0.94873
0.94766
0.94834
0.90792
0.91058
0.88866
0.83974
0.85325
0.84696
0.77296
0.57234
0.56779
0.52798
0.42652
0.63367
0.6296
0.46896
0.85324
0.86355
0.87484
0.80821
0.78131
0.88845
0.90432
0.72688
0.79716
0.79505
0.8428
0.89911
0.85643
0.86172
0.79091
0.79745
0.66722
0.73127
0.73818
0.68489
0.75433
0.79907
0.83475
0.77585
0.76404
0.74958
0.75173
0.64374
0.65335
0.66871
0.61513
0.63703
0.63525
0.59118
0.60348
0.615
0.60353
0.70332
0.79314
0.8817
0.82438
0.78907
0.84
0.82203
0.86759
0.91332
0.92733
0.95928
0.95684
0.98859
0.99676
0.96069
0.85959
0.85231
0.89183
0.85758
0.67755
0.59187
0.53969
0.6077
0.74439
0.74938
0.73748
0.68132
0.69496
0.57742
0.54168
0.61809
0.7391
0.8471
0.814
0.71613
0.70355
0.7272
0.76012
0.87575
0.94465
0.98755
0.98114
0.97828
0.91087
0.92237
0.87784
0.87182
0.90304
0.89906
0.90224
0.8414
0.83383
0.8101
0.76625
0.84274
0.87472
0.90404
0.94126
0.83983
0.74855
0.68223
0.66706
0.81314
0.85985
0.84473
0.97735
0.96872
0.88015
0.87016
0.78202
0.77664
0.83806
0.89063
0.87195
0.82377
0.86756
0.95757
0.96275
0.96196
0.98784
0.98771
0.83033
0.91204
0.99835
0.9943
0.97317
0.92289
0.88627
0.83917
0.76741
0.77703
0.83795
0.97676
0.98766
0.96138
0.96156
0.99414
0.99984
0.89843
0.8238
0.91488
0.94729
0.96919
0.96708
0.99586
0.94421
0.94035
0.77852
0.71033
0.74548
0.7287
0.78323
0.67454
0.75973
0.68896
0.40568
0.28439
0.26986
0.26013
0.26509
0.2674
0.25208
0.25642
0.2567
0.25468
0.25457
0.32632
0.39604
0.4277
0.34311
0.49692
0.50265
0.4623
0.42959
0.56478
0.64481
0.61822
0.83063
0.97696
0.71357
0.71005
0.68168
0.73467
0.78317
0.9679
0.84806
0.86685
0.91772
0.95865
0.98408
0.98882
0.98464
0.98373
0.95979
0.95998
0.70502
0.56683
0.44581
0.49175
0.34458
0.26678
0.24344
0.23625
0.22806
0.2292
0.22451
0.22657
0.23267
0.23299
0.23979
0.25672
0.23237
0.27716
0.41615
0.41816
0.47207
0.52799
0.45249
0.38071
0.38663
0.28139
0.2663
0.29072
0.34238
0.31676
0.45692
0.33116
0.48322
0.33882
0.31809
0.28931
0.27496
0.23952
0.24301
0.22805
0.21997
0.2161
0.26492
0.26521
0.34938
0.6373
0.6598
0.32055
0.38346
0.39896
0.2788
0.2425
0.48191
0.3833
0.36048
0.27708
0.35836
0.34415
0.32135
0.30203
0.33073
0.44857
0.47449
0.47073
0.44328
0.46262
0.42318
0.58124
0.66597
0.54688
0.65985
0.65885
0.66666
0.48632
0.35598
0.42329
0.43149
0.4466
0.49608
0.44068
0.50661
0.86186
0.92671
0.94708
0.95586
0.96908
0.97364
0.92931
0.76885
0.65233
0.72355
0.5325
0.42136
0.4053
0.31237
0.30211
0.29836
0.29094
0.28477
0.28875
0.28905
0.29177
0.29458
0.2673
0.2434
0.23902
0.22238
0.21715
0.20678
0.1941
0.18042
0.18217
0.19871
0.24823
0.25074
0.18878
0.22294
0.29767
0.26883
0.28488
0.39039
0.33983
0.43279
0.60547
0.54081
0.58726
0.52698
0.49422
0.54512
0.58007
0.44039
0.35451
0.41306
0.56227
0.57528
0.46724
0.35991
0.46612
0.55122
0.43736
0.40975
0.46882
0.38261
0.24109
0.32904
0.32588
0.28013
0.31497
0.33042
0.26292
0.18089
0.19282
0.43284
0.29074
0.32352
0.2822
0.27539
0.30984
0.29076
0.23473
0.22508
0.37781
0.42178
0.3457
0.43125
0.33712
0.26167
0.21681
0.22419
0.19272
0.14241
0.24968
0.5577
0.67583
0.63917
0.54907
0.63995
0.59144
0.94602
0.89602
0.96539
0.96844
0.97196
0.98056
0.93308
0.94087
0.84332
0.79356
0.89656
0.8686
0.83949
0.94526
0.91987
0.93035
0.94708
0.98962
0.96724
0.86208
0.71355
0.87397
0.9563
0.8686
0.70576
0.60329
0.48674
0.50335
0.55639
0.55955
0.57297
0.43821
0.40552
0.37277
0.37736
0.28179
0.4535
0.42691
0.42386
0.31008
0.32886
0.33303
0.26997
0.23306
0.18643
0.19946
0.18011
0.16998
0.25924
0.35069
0.40124
0.4969
0.39099
0.33244
0.32584
0.28462
0.21973
0.22033
0.24624
0.23084
0.21327
0.19323
0.17811
0.1766
0.16977
0.16719
0.16927
0.21208
0.30066
0.24527
0.23498
0.22787
0.25473
0.27835
0.28197
0.30982
0.4439
0.60584
0.55275
0.58079
0.71658
0.79123
0.91669
0.90681
0.74921
0.69074
0.68192
0.65931
0.73465
0.6463
0.69357
0.68897
0.71383
0.74881
0.746
0.82267
0.73142
0.64346
0.74707
0.957
0.97975
0.98275
0.97933
1.0007
0.99962
0.99769
0.75994
0.89734
0.76325
0.72346
0.74933
0.79571
0.73825
0.96647
0.88253
0.80373
0.77681
0.70651
0.74364
0.79739
0.78818
0.81121
0.76377
0.77686
0.78775
0.88662
0.90368
0.8896
0.93251
0.97584
0.999
0.99871
1.0002
0.99839
0.95998
0.96939
0.99934
0.99939
0.998
0.96703
0.90635
0.84806
0.85837
0.60678
0.76103
0.84836
0.87717
0.90497
0.99811
0.98085
1.0006
0.83838
0.77606
0.804
0.74566
0.77768
0.69313
0.74604
0.85983
0.97037
0.80135
0.69472
0.678
0.78243
0.85916
0.87588
0.9956
0.81298
0.89995
0.91646
0.69984
0.68933
0.75539
0.83604
0.89175
0.97818
1.0009
0.99972
1.0004
1.0004
0.99881
0.99877
0.99754
0.9988
1.0001
1.0006
0.9975
0.99919
0.99107
1.0001
0.9993
0.88853
0.86357
0.90683
0.95684
0.90615
0.87545
0.72665
0.60239
0.76023
0.68129
0.70751
0.56411
0.81602
0.75249
0.79965
0.68406
0.74793
0.67624
0.85115
0.85253
0.86654
0.59883
0.50691
0.49709
0.6922
0.81291
0.81533
0.84294
0.85052
0.87755
0.89808
0.90918
0.91862
0.85849
0.87486
0.93856
0.94271
0.8682
0.93702
0.9826
0.96
0.93411
0.94739
0.9935
0.99947
0.98513
0.97515
0.98028
0.98628
0.91913
0.81163
0.78672
0.80281
0.78794
0.85562
0.8872
0.9031
0.91245
0.83965
0.87569
0.97027
0.98582
0.98551
0.98599
0.95491
0.87309
0.77954
0.72874
0.66336
0.8023
0.69517
0.51214
0.68515
0.51531
0.54342
0.60597
0.60637
0.63998
0.84548
0.82098
0.79886
0.78147
0.65719
0.63363
0.59725
0.74403
0.68778
0.83003
0.69948
0.74511
0.83449
0.83381
0.93244
0.91524
0.84835
0.92388
0.99773
1.0005
0.96193
0.80576
0.65743
0.85883
0.80138
0.72766
0.73921
0.67375
0.62515
0.70233
0.8502
0.9772
0.99247
0.99269
0.97515
0.94782
0.97608
0.80242
0.91864
0.89849
0.92563
0.94815
0.92643
0.7997
0.7451
0.7489
0.55509
0.32754
0.39939
0.35677
0.29445
0.41311
0.30734
0.35514
0.28927
0.27478
0.44722
0.37535
0.35508
0.39797
0.76061
0.67354
0.72219
0.64905
0.73241
0.7314
0.37921
0.39815
0.55159
0.6055
0.61906
0.84253
0.49791
0.57678
0.45248
0.62275
0.59276
0.54504
0.4148
0.31276
0.26047
0.27617
0.28972
0.33959
0.30181
0.25764
0.25002
0.22356
0.22626
0.33104
0.45478
0.3039
0.3619
0.36811
0.31788
0.28973
0.27268
0.25295
0.30131
0.311
0.2728
0.26461
0.26609
0.26168
0.31969
0.27173
0.24034
0.19261
0.18816
0.18596
0.21645
0.21282
0.17027
0.1809
0.24481
0.28539
0.36551
0.33368
0.39038
0.56615
0.85399
0.88339
0.93747
0.95023
0.94592
0.93829
0.86277
0.7052
0.83452
0.79769
0.8951
0.85843
0.83338
0.8721
0.97878
0.98614
0.99568
0.99177
0.84734
0.68306
0.89186
0.37939
0.29775
0.32433
0.26663
0.20598
0.22481
0.51676
0.43933
0.6936
0.77954
0.75683
0.79593
0.82996
0.86155
0.93621
0.99981
0.91449
0.86448
0.53177
0.58336
0.61876
0.79805
0.97529
0.98833
0.98612
0.98796
1.0007
0.99769
0.98241
0.99833
0.98824
0.76535
0.87656
0.79576
0.54422
0.34934
0.37186
0.28882
0.25582
0.24519
0.24148
0.24195
0.27621
0.28378
0.23749
0.27361
0.20493
0.19804
0.14725
0.20261
0.37913
0.8168
0.86854
0.86534
0.81624
0.93427
0.95343
0.92048
0.39515
0.32686
0.24684
0.22718
0.22122
0.23377
0.22506
0.22356
0.21717
0.21413
0.18655
0.18651
0.18211
0.19437
0.19373
0.16676
0.13965
0.12089
0.19204
0.23602
0.22129
0.29702
0.21203
0.22459
0.24447
0.31106
0.33968
0.36842
0.7837
0.89208
0.96274
0.95019
0.96242
0.41576
0.25874
0.21861
0.21451
0.21808
0.21314
0.21028
0.20746
0.20136
0.25786
0.39487
0.57179
0.44597
0.38021
0.37539
0.29631
0.24081
0.31624
0.2841
0.40184
0.33219
0.28629
0.34067
0.75575
0.70857
0.75196
0.77591
0.75792
0.72452
0.86468
0.97755
0.98013
0.98079
0.9102
0.76979
0.9699
0.93034
0.92156
0.98537
0.99838
0.99873
1.0002
0.98823
0.96769
0.87727
0.76586
0.6736
0.57254
0.74385
0.63865
0.49161
0.61364
0.86996
0.98805
0.9803
0.96525
0.97939
0.75567
0.64986
0.67243
0.5932
0.75966
0.93901
0.94388
0.5525
0.42713
0.25128
0.22457
0.2167
0.20245
0.19104
0.18746
0.18246
0.18206
0.18997
0.20304
0.20623
0.20178
0.21227
0.42143
0.42055
0.55134
0.57334
0.55883
0.63282
0.59288
0.66365
0.76736
0.68457
0.60433
0.51985
0.61909
0.60908
0.65467
0.62907
0.61672
0.61493
0.64626
0.93742
0.91518
0.84982
0.58596
0.64668
0.59793
0.63291
0.72424
0.64749
0.32405
0.4992
0.42901
0.28794
0.24421
0.31387
0.27664
0.21853
0.19328
0.15967
0.14995
0.13579
0.16081
0.14522
0.13703
0.13168
0.1962
0.3128
0.32445
0.28492
0.19729
0.19876
0.17283
0.17209
0.19849
0.17675
0.28408
0.37613
0.459
0.40855
0.35649
0.25683
0.22193
0.17226
0.23331
0.23023
0.23427
0.20814
0.2237
0.2692
0.46775
0.66955
0.82466
0.84319
0.90025
0.85378
0.5998
0.40541
0.4943
0.59335
0.47387
0.26662
0.22002
0.25184
0.5292
0.27158
0.39608
0.53865
0.27831
0.22312
0.24893
0.20459
0.15739
0.14906
0.14132
0.13913
0.14201
0.16109
0.16903
0.17687
0.19348
0.2513
0.58994
0.56895
0.87053
0.80407
0.67502
0.91954
