0.83632
0.82784
0.79441
0.80185
0.85006
0.85218
0.82895
0.85136
0.8514
0.6943
0.54343
0.47768
0.48415
0.44984
0.40311
0.41897
0.36322
0.52456
0.80482
0.82541
0.88883
0.90941
0.88863
0.85886
0.81635
0.79419
0.44314
0.36325
0.54264
0.69954
0.75433
0.83434
0.81531
0.56854
0.415
0.45974
0.79533
0.8705
0.88881
0.88548
0.85682
0.83597
0.85939
0.88571
0.87242
0.86874
0.8404
0.88055
0.44699
0.36495
0.42423
0.70539
0.54151
0.55303
0.72956
0.51622
0.50429
0.561
0.46604
0.81547
0.83042
0.85056
0.81506
0.83838
0.89876
0.88175
0.87255
0.85628
0.85442
0.86477
0.85366
0.72256
0.48499
0.35109
0.29865
0.28438
0.26096
0.26654
0.25365
0.22909
0.28979
0.42652
0.46324
0.79466
0.84562
0.85965
0.82763
0.81995
0.58619
0.37512
0.32517
0.30043
0.37304
0.44481
0.2897
0.27933
0.33741
0.42964
0.42632
0.27734
0.28797
0.30423
0.24705
0.2702
0.29981
0.30789
0.29279
0.30101
0.29668
0.31534
0.33167
0.32257
0.31868
0.37023
0.4811
0.5696
0.53
0.55431
0.54664
0.5032
0.44612
0.31498
0.25345
0.21851
0.18891
0.27586
0.38046
0.38908
0.35448
0.26504
0.198
0.24859
0.35149
0.4577
0.77569
0.82715
0.91033
0.91659
0.92023
0.9239
0.91464
0.87904
0.84655
0.82912
0.82901
0.81986
0.81967
0.83877
0.83451
0.82998
0.8453
0.85897
0.63701
0.53512
0.43529
0.45357
0.51981
0.54096
0.48616
0.4535
0.57665
0.7562
0.78587
0.89996
0.77481
0.85002
0.85317
0.84448
0.83142
0.78836
0.61849
0.49009
0.4992
0.52014
0.5335
0.51428
0.50592
0.46027
0.48285
0.44429
0.40533
0.3728
0.38459
0.47499
0.55703
0.52236
0.72487
0.80859
0.72918
0.86402
0.82793
0.81945
0.79479
0.7652
0.79665
0.79703
0.65999
0.52357
0.37401
0.49058
0.41919
0.25814
0.25977
0.59051
0.80798
0.84258
0.87739
0.907
0.91468
0.91512
0.91303
0.86267
0.81373
0.83426
0.7553
0.4837
0.4456
0.78587
0.70909
0.40069
0.80966
0.80148
0.87399
0.73494
0.73909
0.75576
0.86114
0.84281
0.88496
0.89323
0.42216
0.37986
0.3453
0.33049
0.36763
0.40983
0.36946
0.37045
0.27649
0.38691
0.39681
0.32772
0.25848
0.21499
0.23279
0.35172
0.44257
0.42638
0.30364
0.43419
0.5324
0.39465
0.35832
0.3265
0.31022
0.31738
0.25387
0.12192
0.31766
0.85648
0.89215
0.88728
0.89107
0.90159
0.87933
0.90086
0.9241
0.93426
0.93675
0.93483
0.9261
0.68417
0.37718
0.30959
0.13412
0.18546
0.86836
0.94032
0.93576
0.83126
0.36177
0.27326
0.59369
0.91726
0.9289
0.90453
0.9058
0.90961
0.89728
0.81207
0.3378
0.30628
0.30108
0.2998
0.31191
0.61917
0.75609
0.84965
0.87812
0.90804
0.93668
0.94754
0.94393
0.94769
0.94206
0.9426
0.94146
0.94245
0.92991
0.93114
0.92552
0.89724
0.39471
0.3046
0.29491
0.29736
0.29335
0.28047
0.26917
0.2643
0.26201
0.25696
0.26945
0.27911
0.28347
0.28303
0.2878
0.3305
0.34448
0.35278
0.40091
0.41047
0.31964
0.17835
0.16559
0.19435
0.21845
0.31738
0.59609
0.78633
0.77965
0.80797
0.8136
0.84967
0.86829
0.87046
0.82085
0.72218
0.72627
0.62722
0.63576
0.47574
0.61239
0.48696
0.72396
0.78179
0.86669
0.87906
0.87319
0.53611
0.40404
0.4055
0.43055
0.55117
0.73761
0.83074
0.83248
0.83201
0.54937
0.55604
0.43996
0.42563
0.41018
0.38174
0.37045
0.28868
0.20088
0.18907
0.34119
0.68124
0.84363
0.83543
0.8345
0.86046
0.84944
0.80819
0.69534
0.54635
0.79369
0.88752
0.89613
0.88985
0.89492
0.89437
0.89132
0.89586
0.88756
0.87608
0.84669
0.80696
0.75696
0.66431
0.7232
0.74378
0.77347
0.80505
0.81396
0.82898
0.82944
0.83056
0.8637
0.86783
0.87647
0.85909
0.86697
0.85611
0.84983
0.84806
0.70135
0.50305
0.46738
0.38539
0.39846
0.49118
0.41224
0.53569
0.66531
0.64573
0.74175
0.76648
0.85571
0.85429
0.79431
0.79264
0.84037
0.83246
0.84417
0.8479
0.84629
0.83205
0.68487
0.48306
0.35326
0.30856
0.30053
0.2818
0.3091
0.21081
0.23683
0.24868
0.15988
0.15664
0.15783
0.14106
0.13368
0.16343
0.20346
0.30021
0.39712
0.428
0.41981
0.41371
0.32853
0.26783
0.23144
0.2377
0.26739
0.2513
0.25167
0.27035
0.33157
0.40651
0.49712
0.49217
0.42834
0.39361
0.38869
0.37534
0.3756
0.37869
0.3546
0.37754
0.33577
0.36506
0.3892
0.33304
0.32564
0.30134
0.80695
0.77996
0.78119
0.78388
0.80496
0.88359
0.88227
0.87984
0.89884
0.90406
0.86923
0.84062
0.81987
0.82837
0.83786
0.8434
0.83601
0.81024
0.82387
0.8365
0.84121
0.88561
0.9002
0.87025
0.88743
0.87336
0.82164
0.68172
0.60655
0.57801
0.65254
0.52622
0.62408
0.6297
0.79243
0.87612
0.89112
0.65281
0.69982
0.5195
0.42194
0.45503
0.46718
0.43981
0.44434
0.41199
0.50242
0.50431
0.53099
0.48717
0.45928
0.63991
0.67324
0.8604
0.5296
0.44318
0.41025
0.87931
0.87212
0.86861
0.77263
0.55054
0.40558
0.38633
0.33202
0.41992
0.32678
0.64715
0.70933
0.89261
0.88597
0.87844
0.85966
0.87245
0.87519
0.87469
0.86818
0.85949
0.85332
0.83679
0.84122
0.87713
0.89041
0.85864
0.83887
0.83337
0.8602
0.86324
0.91993
0.94738
0.92668
0.87685
0.92812
0.9339
0.89848
0.89735
0.8929
0.88679
0.89013
0.89559
0.90008
0.89961
0.85968
0.71569
0.4544
0.34795
0.31615
0.21321
0.21261
0.37219
0.6416
0.71936
0.71124
0.87508
0.78643
0.8433
0.90662
0.91174
0.91146
0.90274
0.85679
0.84889
0.85806
0.86824
0.86826
0.87952
0.88496
0.88911
0.52367
0.61758
0.56901
0.57661
0.59078
0.76539
0.84563
0.81606
0.86512
0.87472
0.85168
0.84154
0.86397
0.88599
0.88883
0.90227
0.92068
0.922
0.92875
0.90764
0.81285
0.93545
0.42548
0.40256
0.39031
0.38704
0.38224
0.37597
0.37129
0.3635
0.35303
0.34649
0.34379
0.35032
0.35641
0.53293
0.90352
0.92205
0.90528
0.90453
0.91439
0.90756
0.87257
0.84419
0.85225
0.8609
0.86285
0.86098
0.84931
0.8758
0.84509
0.78654
0.77853
0.90755
0.89053
0.85497
0.81633
0.87756
0.87356
0.89493
0.89922
0.88399
0.88126
0.86494
0.85294
0.78644
0.6423
0.75221
0.48688
0.40652
0.30297
0.24573
0.2353
0.22352
0.35528
0.57936
0.86862
0.89118
0.86842
0.85141
0.7814
0.71939
0.59945
0.49791
0.45534
0.4545
0.53621
0.79826
0.80734
0.84862
0.8862
0.82217
0.8628
0.85203
0.8091
0.29846
0.25733
0.23796
0.21982
0.2103
0.19341
0.23196
0.2214
0.25629
0.30034
0.59264
0.7609
0.78679
0.84732
0.9114
0.92367
0.91835
0.88752
0.86229
0.82931
0.70616
0.81331
0.59069
0.62704
0.87726
0.82451
0.85077
0.87865
0.85491
0.85286
0.7918
0.74711
0.55695
0.48582
0.45638
0.45163
0.45348
0.44987
0.42319
0.37282
0.35053
0.38529
0.41363
0.43247
0.4494
0.75612
0.80033
0.83634
0.86188
0.8721
0.89989
0.92251
0.92414
0.91798
0.92033
0.91894
0.85603
0.88363
0.91611
0.92134
0.87206
0.84159
0.6918
0.53508
0.406
0.52509
0.5064
0.77905
0.81488
0.88671
0.88422
0.83157
0.81369
0.82409
0.81115
0.80541
0.83564
0.84466
0.85734
0.83685
0.80674
0.77786
0.5968
0.50943
0.45642
0.51828
0.7183
0.3928
0.33184
0.37933
0.48152
0.61841
0.8801
0.87399
0.91004
0.88431
0.87645
0.88036
0.67805
0.5829
0.54668
0.57972
0.81696
0.58264
0.44961
0.45315
0.49172
0.476
0.47012
0.46939
0.43106
0.36853
0.29388
0.30115
0.30052
0.22824
0.3446
0.39635
0.33375
0.27986
0.23529
0.23397
0.30976
0.83779
0.84943
0.76073
0.74107
0.92515
0.93915
0.94445
0.94475
0.9498
0.95717
0.96463
0.96274
0.96075
0.94289
0.9478
0.95353
0.96597
0.93859
0.91569
0.83337
0.92175
0.74193
0.83843
0.84443
0.88466
0.9252
0.93359
0.94451
0.95191
0.95284
0.959
0.95196
0.96499
0.98004
0.98573
0.98439
0.97262
0.96803
0.95945
0.94617
0.93196
0.9298
0.9325
0.93405
0.91628
0.8607
0.73321
0.45133
0.39373
0.38488
0.38146
0.3464
0.32522
0.34846
0.3536
0.35225
0.35711
0.3674
0.37158
0.36142
0.35919
0.36276
0.37355
0.37334
0.35494
0.34115
0.32837
0.32278
0.39982
0.37926
0.45648
0.81875
0.85113
0.81539
0.73257
0.90097
0.9065
0.8809
0.83655
0.77651
0.58188
0.76919
0.82987
0.81644
0.64343
0.50886
0.79713
0.81957
0.8269
0.84638
0.54555
0.53576
0.52792
0.40193
0.30857
0.3138
0.2799
0.27635
0.36455
0.42422
0.40771
0.3574
0.29216
0.30128
0.31484
0.3502
0.34342
0.34535
0.31732
0.30248
0.3136
0.43253
0.44518
0.46102
0.48807
0.55364
0.47951
0.38127
0.40866
0.43714
0.43681
0.42947
0.45568
0.57799
0.91519
0.84034
0.79483
0.83924
0.88017
0.90175
0.89671
0.90349
0.90483
0.90122
0.73453
0.75417
0.82523
0.86388
0.87087
0.88274
0.86539
0.85518
0.8635
0.61439
0.52588
0.48433
0.49278
0.49172
0.47682
0.34437
0.32429
0.45933
0.41724
0.3886
0.45738
0.52769
0.43739
0.35888
0.38596
0.38691
0.36254
0.37504
0.4295
0.42685
0.37102
0.30831
0.27261
0.26428
0.23249
0.19511
0.18023
0.16588
0.15411
0.1186
0.11171
0.13682
0.18078
0.21621
0.29521
0.36266
0.39648
0.34648
0.42946
0.37366
0.31572
0.30669
0.31812
0.42167
0.4416
0.31661
0.25452
0.25018
0.22787
0.22539
0.22297
0.28969
0.2921
0.29519
0.33551
0.33643
0.38701
0.43555
0.47906
0.60957
0.62049
0.68223
0.72813
0.72617
0.8685
0.90479
0.91812
0.90464
0.91578
0.67545
0.61315
0.50192
0.52325
0.53545
0.68451
0.76217
0.84141
0.89519
0.74329
0.75016
0.84102
0.83325
0.87274
0.85927
0.87177
0.87005
0.86921
0.88041
0.94215
0.92601
0.94283
0.97914
0.97215
0.9615
0.91891
0.90621
0.87664
0.89317
0.88664
0.84561
0.66947
0.62404
0.52322
0.46456
0.33344
0.3039
0.46514
0.71399
0.94611
0.91832
0.5237
0.43277
0.50181
0.41698
0.41282
0.41828
0.40474
0.41603
0.43365
0.46187
0.4612
0.37743
0.43885
0.45668
0.50696
0.47091
0.8962
0.8734
0.87123
0.93125
0.91819
0.92008
0.93293
0.91611
0.85477
0.87191
0.88463
0.89573
0.85946
0.86569
0.87188
0.85012
0.87214
0.58201
0.4676
0.52188
0.61713
0.71505
0.59124
0.63834
0.62701
0.92102
0.94373
0.90747
0.91547
0.94606
0.91342
0.91491
0.89005
0.88013
0.72845
0.96133
0.96995
0.78134
0.44318
0.4304
0.43407
0.50939
0.67732
0.86295
0.98965
0.97174
0.93306
0.92019
0.91102
0.92207
0.90504
0.90596
0.90848
0.88008
0.92823
0.89362
0.83858
0.64573
0.55484
0.57615
0.66553
0.75695
0.74353
0.76522
0.88823
0.63087
0.48153
0.51534
0.76323
0.96031
0.96689
0.97462
0.83531
0.80582
0.93816
0.95097
0.95173
0.92883
0.8848
0.85684
0.81281
0.9387
0.94167
0.93842
0.93698
0.92257
0.88762
0.88886
0.86954
0.89329
0.89
0.86574
0.8981
0.8965
0.87122
0.87149
0.90308
0.86953
0.88046
0.9128
0.83886
0.74255
0.91763
0.89912
0.85733
0.78963
0.55777
0.66755
0.725
0.73921
0.77737
0.56037
0.51846
0.51781
0.43546
0.45118
0.46027
0.47804
0.56114
0.47668
0.31267
0.32995
0.35324
0.37289
0.43061
0.57354
0.62001
0.58047
0.34192
0.27494
0.26125
0.25135
0.26607
0.38967
0.40106
0.40646
0.40128
0.29881
0.26233
0.24804
0.37664
0.56281
0.64975
0.57469
0.46442
0.40598
0.39789
0.39479
0.42361
0.50073
0.58034
0.57322
0.47764
0.43624
0.49616
0.65412
0.98354
0.98193
0.98005
0.95991
0.95667
0.84907
0.66427
0.61249
0.59971
0.57851
0.44398
0.42861
0.41764
0.43001
0.72627
0.63888
0.86766
0.79658
0.8182
0.97059
0.9242
0.74416
0.58955
0.70314
0.97916
0.98374
0.98437
0.79582
0.6606
0.55455
0.46926
0.45468
0.49
0.65874
0.82024
0.76682
0.70573
0.45474
0.39704
0.39547
0.46116
0.62165
0.5676
0.57214
0.57963
0.53156
0.50028
0.46673
0.52971
0.61378
0.61485
0.51718
0.42808
0.38923
0.40772
0.4158
0.42246
0.4973
0.43818
0.41882
0.37124
0.40099
0.45568
0.51302
0.49284
0.5197
0.58698
0.57576
0.92924
0.91707
0.94127
0.92714
0.91981
0.93782
0.53218
0.69912
0.8297
0.79189
0.64185
0.68113
0.80778
0.93154
0.949
0.851
0.68499
0.67668
0.52809
0.55563
0.63418
0.78957
0.87115
0.9184
0.89012
0.7622
0.66208
0.62848
0.65647
0.66368
0.60861
0.62361
0.59096
0.60679
0.58524
0.62067
0.65713
0.6178
0.60088
0.59437
0.5509
0.49563
0.46562
0.46597
0.47415
0.52395
0.53373
0.58252
0.63579
0.68117
0.67775
0.59011
0.52374
0.49649
0.4544
0.42302
0.39924
0.42224
0.40799
0.39949
0.41279
0.44718
0.4708
0.48069
0.47342
0.45994
0.38911
0.38509
0.37734
0.37276
0.37661
0.35746
0.3325
0.35413
0.36432
0.35086
0.31608
0.27267
0.25157
0.27722
0.27218
0.27676
0.29783
0.29678
0.28159
0.25773
0.26019
0.27739
0.30492
0.29822
0.29673
0.31936
0.32602
0.38521
0.49957
0.58369
0.50832
0.37864
0.33803
0.34004
0.3544
0.38495
0.41903
0.4744
0.48055
0.45427
0.39702
0.39798
0.42516
0.41447
0.42522
0.46027
0.49622
0.38923
0.38067
0.43541
0.49286
0.54223
0.54546
0.48646
0.41094
0.37224
0.34939
0.34289
0.38535
0.41546
0.42279
0.44685
0.47007
0.42105
0.42101
0.41318
0.42067
0.41853
0.38572
0.40747
0.39043
0.38543
0.41755
0.49913
0.50054
0.47461
0.46701
0.46075
0.45157
0.46819
0.52066
0.55437
0.61075
0.79247
0.74579
0.69407
0.73485
0.82347
0.65454
0.63357
0.49628
0.45509
0.41124
0.47055
0.47826
0.40486
0.42162
0.4188
0.39934
0.43085
0.42153
0.41772
0.41396
0.39175
0.39321
0.38601
0.41934
0.35568
0.3423
0.33695
0.32394
0.30452
0.30565
0.31249
0.30744
0.30072
0.32062
0.35036
0.36297
0.36224
0.38262
0.40336
0.46082
0.56817
0.58006
0.5867
0.61046
0.64783
0.66035
0.92428
0.99692
0.9078
0.8476
0.63048
0.57405
0.66547
0.70568
0.86891
0.88416
0.94267
0.89567
0.7558
0.72337
0.87123
0.97066
0.8088
0.98343
0.98996
0.95759
0.74049
0.7757
0.84351
0.73612
0.83274
0.82967
0.92871
0.82161
0.75531
0.72464
0.6989
0.62866
0.57274
0.55482
0.57597
0.56728
0.62783
0.57564
0.54868
0.49726
0.50711
0.43094
0.37722
0.39397
0.39623
0.41721
0.40761
0.40752
0.41495
0.40059
0.4056
0.42954
0.42626
0.41897
0.41713
0.43523
0.41736
0.37906
0.34732
0.30754
0.30803
0.31656
0.33285
0.39315
0.43275
0.40922
0.41808
0.3982
0.35529
0.31269
0.30809
0.37847
0.48279
0.53135
0.48231
0.49909
0.55597
0.51202
0.45699
0.425
0.41209
0.40618
0.41352
0.49101
0.59135
0.63025
0.58489
0.54892
0.59497
0.60905
0.63127
0.63608
0.59612
0.6085
0.63887
0.65633
0.74065
0.78568
0.78261
0.75688
0.72234
0.68615
0.61802
0.56308
0.51446
0.4939
0.54832
0.57279
0.60241
0.65015
0.65911
0.63341
0.62665
0.63098
0.66234
0.69228
0.68282
0.63367
0.62708
0.63049
0.62759
0.69844
0.73465
0.71291
0.6956
0.67626
0.62541
0.55797
0.49369
0.48878
0.61482
0.71203
0.62556
0.67176
0.65082
0.60704
0.61223
0.70288
0.71753
0.75089
0.73827
0.69889
0.65504
0.59633
0.5638
0.55459
0.56101
0.56221
0.46288
0.38849
0.37847
0.40147
0.41896
0.43651
0.46172
0.4542
0.38598
0.36612
0.38721
0.3803
0.37564
0.38663
0.40821
0.4128
0.411
0.40858
0.36579
0.33148
0.3305
0.37231
0.40777
0.37694
0.32872
0.33977
0.3988
0.38772
0.40905
0.70434
0.5648
0.53719
0.58146
0.62971
0.52686
0.47806
0.48819
0.50817
0.82304
0.91836
0.90434
0.68435
0.61018
0.4733
0.44023
0.46009
0.45836
0.47415
0.47141
0.44159
0.41853
0.41581
0.44053
0.45901
0.4824
0.54643
0.64028
0.68672
0.76947
0.97282
0.99798
1.0007
1.0006
0.99626
0.93917
0.9803
0.96753
0.88857
0.99816
0.99758
0.9981
0.98032
0.96698
0.8977
0.75573
0.75212
0.69847
0.75147
0.71716
0.79834
0.72449
0.51143
0.46837
0.4542
0.45186
0.46732
0.51455
0.5632
0.52336
0.52911
0.54387
0.53188
0.46964
0.46451
0.45078
0.45054
0.43948
0.44782
0.40957
0.43726
0.50668
0.47917
0.46369
0.4504
0.47275
0.46996
0.47104
0.41955
0.37489
0.38429
0.37975
0.51286
0.50488
0.94535
0.94092
0.95163
0.94081
0.92609
0.83584
0.8297
0.64811
0.51739
0.44973
0.49034
0.48245
0.45515
0.80745
0.74867
0.58855
0.46589
0.43708
0.41505
0.41402
0.39653
0.48179
0.66913
0.53647
0.455
0.41298
0.4081
0.42196
0.52829
0.69973
0.90659
0.76205
0.59983
0.58762
0.47595
0.4252
0.38464
0.3562
0.36282
0.33897
0.36759
0.45269
0.63213
0.77412
0.84291
0.99881
0.99031
0.85034
0.71971
0.53745
0.44951
0.4102
0.4352
0.44179
0.46065
0.42172
0.40207
0.37436
0.3618
0.37848
0.4183
0.40964
0.37772
0.34
0.33325
0.30164
0.28821
0.27922
0.27295
0.27245
0.29054
0.30193
0.29986
0.33254
0.34832
0.29301
0.30063
0.43358
0.43288
0.369
0.38523
0.33097
0.31474
0.33166
0.35859
0.43393
0.39988
0.37747
0.37941
0.41112
0.45522
0.46829
0.47244
0.4768
0.46876
0.44801
0.456
0.43952
0.4287
0.42658
0.435
0.47718
0.45102
0.42156
0.40668
0.41792
0.39724
0.35926
0.44597
0.81455
0.81769
0.82698
0.89427
0.88088
0.86663
0.81225
0.74377
0.73483
0.73628
0.74843
0.81155
0.87833
0.72148
0.66542
0.62105
0.54664
0.5029
0.47463
0.43152
0.37775
0.4917
0.64363
0.88709
0.82194
0.95139
0.71027
0.61598
0.5095
0.50587
0.50816
0.53506
0.544
0.45353
0.42102
0.47311
0.53333
0.56756
0.70919
0.73209
0.82594
0.80195
0.83881
0.86952
0.86672
0.94984
0.99257
1.0008
0.99802
0.99573
0.97611
0.97644
0.88697
0.86019
0.71274
0.73605
0.70907
0.78695
0.87967
0.99439
0.99485
0.98755
0.98461
0.91149
0.74941
0.76973
0.61131
0.50145
0.49007
0.38728
0.23486
0.29973
0.50876
0.88245
0.94068
0.97397
0.97244
0.98831
0.973
0.99755
0.99279
0.99748
0.98869
0.90913
0.81691
0.84827
0.73963
0.68775
0.73586
0.76955
0.64003
0.85868
0.96415
0.96844
0.98306
0.97326
0.9804
0.98265
0.98224
0.99535
0.99493
0.98321
0.96809
0.97834
0.99903
0.99722
0.99806
0.99692
0.94178
0.98393
0.98311
0.91177
0.9804
0.99919
0.82189
0.6658
0.86308
0.91752
0.95608
0.98526
0.99904
0.94904
0.82934
0.88126
0.75297
0.77054
0.84279
0.9395
0.98944
0.95702
0.91711
0.83347
0.98897
0.98773
0.96956
0.95102
0.97425
0.89125
0.77791
0.62311
0.54094
0.50717
0.47152
0.45217
0.44344
0.4077
0.40488
0.38283
0.41397
0.41384
0.40552
0.4111
0.40267
0.39819
0.41154
0.43427
0.43741
0.4192
0.38762
0.32202
0.27165
0.3282
0.32169
0.28888
0.27012
0.24988
0.23491
0.23504
0.21005
0.20972
0.23818
0.24942
0.21505
0.20922
0.24755
0.26116
0.22751
0.19368
0.17626
0.16096
0.16008
0.19068
0.21511
0.24722
0.26246
0.23901
0.2362
0.27885
0.33614
0.44791
0.46416
0.87497
0.85438
0.93869
0.89839
0.90223
0.89521
0.87315
0.89757
0.9017
0.93847
0.95936
0.98133
0.97759
0.99279
0.99937
0.9993
0.94857
0.97942
1.0006
0.97952
0.81009
0.92466
0.96166
0.99773
0.99942
0.99847
1.0009
0.99085
0.96577
0.92608
0.90288
0.86103
0.82969
0.64709
0.67808
0.66181
0.55293
0.56562
0.44284
0.3732
0.39054
0.40798
0.68618
0.69125
0.89472
0.68311
0.68795
0.92647
0.96651
0.93833
0.9166
0.94637
0.94406
0.90954
0.81637
0.88346
0.87114
0.86848
0.87766
0.86921
0.86084
0.87228
0.90434
0.87076
0.87969
0.86503
0.86049
0.86133
0.90037
0.93187
0.92754
0.96268
0.96429
0.97638
0.96716
0.96579
0.96999
0.96989
0.9672
0.96341
0.96086
0.90049
0.92405
0.87341
0.69569
0.78517
0.89079
0.9124
0.93257
0.76791
0.63179
0.55843
0.50783
0.42096
0.42887
0.40371
0.29313
0.20395
0.22537
0.32298
0.34408
0.41484
0.40809
0.39107
0.39582
0.37964
0.37874
0.37091
0.35645
0.34387
0.33895
0.3289
0.34681
0.32872
0.33703
0.45547
0.42691
0.42406
0.4276
0.43364
0.44624
0.30797
0.33128
0.28938
0.29079
0.35048
0.5328
0.40021
0.38955
0.33517
0.37631
0.37371
0.64437
0.45855
0.61805
0.68624
0.84212
0.85108
0.88162
0.93358
0.8361
0.68106
0.62036
0.40849
0.41013
0.83629
0.92296
0.88795
0.91325
0.86906
0.83445
0.83697
0.87687
0.90342
0.89829
0.63395
0.43654
0.41918
0.77335
0.73806
0.62592
0.53066
0.41418
0.4084
0.44297
0.451
0.43817
0.50222
0.58194
0.54618
0.56596
0.81312
0.86261
0.88724
0.85201
0.82685
0.81794
0.81737
0.80788
0.7025
0.57392
0.51454
0.45484
0.47261
0.52581
0.66711
0.85588
0.85695
0.8755
0.86779
0.8694
0.89246
0.91114
0.90395
0.88154
0.87318
0.8626
0.85209
0.82401
0.75372
0.60745
0.53248
0.44643
0.46367
0.42905
0.41625
0.41136
0.39902
0.30309
0.2
0.18177
0.18873
0.24976
0.87053
0.9302
0.9488
0.95698
0.96206
0.9424
0.92669
0.9355
0.83927
0.89139
0.94223
0.94176
0.93263
0.90524
0.97441
1.0003
0.99808
0.98497
0.99239
0.98577
0.98074
0.91593
0.83154
0.71541
0.41347
0.39483
0.38543
0.37807
0.35926
0.35596
0.36675
0.32559
0.30088
0.31126
0.30956
0.26755
0.24131
0.30853
0.54006
0.52697
0.44986
0.44598
0.41357
0.39654
0.37093
0.33397
0.35758
0.32679
0.28724
0.27223
0.31517
0.35568
0.59413
0.83055
0.86535
0.885
0.74312
0.73661
0.74394
0.75616
0.75057
0.68966
0.56529
0.48004
0.38873
0.37008
0.43497
0.40281
0.40676
0.44128
0.38637
0.38101
0.36423
0.38309
0.4849
0.52059
0.45909
0.39868
0.36068
0.33302
0.40132
0.53075
0.56211
0.75093
0.78001
0.61177
0.72905
0.83463
0.85092
0.85689
0.88193
0.91072
0.91864
0.92276
0.91136
0.9394
0.93813
0.93352
0.94904
0.8982
0.87806
0.87356
0.8765
0.86951
0.89077
0.92232
0.92954
0.91151
0.92279
0.90113
0.93592
0.95349
0.9529
0.96481
0.92828
0.73922
0.80366
0.92768
0.89151
0.89553
0.95296
0.92702
0.94085
0.94078
0.87386
0.87925
0.86304
0.83382
0.6072
0.52387
0.40463
0.32622
0.25326
0.21493
0.19841
0.2135
0.24386
0.25198
0.28663
0.31613
0.31448
0.3065
0.25831
0.21256
0.25586
0.23858
0.24539
0.26024
0.32732
0.34374
0.58403
0.78688
0.79144
0.85447
0.85233
0.85593
0.85619
0.87085
0.8611
0.85554
0.85256
0.83186
0.83453
0.85406
0.84117
0.84411
0.84469
0.88113
0.8021
0.50798
0.41546
0.49345
0.63302
0.83822
0.85906
0.85267
0.86131
0.85698
0.85705
0.87035
0.86958
0.86778
0.90051
0.65418
0.5036
0.45245
0.43984
0.36796
0.29358
0.27546
0.29102
0.31071
0.32514
0.34413
0.34545
0.33456
0.30044
0.28096
0.27383
0.25656
0.24841
0.22684
0.2849
0.40323
0.46483
0.63263
0.56217
0.44891
0.80438
0.86828
0.79054
0.83084
0.85651
0.85405
0.85096
0.84818
0.83874
0.88157
0.85231
0.46752
0.38679
0.41087
0.48377
0.47484
0.69107
0.65487
0.67384
0.69917
0.57267
0.60161
0.60756
0.56991
0.51624
0.50225
0.49224
0.4847
0.44765
0.43545
0.44492
0.44217
0.3971
0.35298
0.32912
0.33297
0.34787
0.34156
0.35996
0.41795
0.57011
0.80077
0.63824
0.59766
0.53545
0.46509
0.42184
0.40415
0.51017
0.56573
0.57424
0.486
0.43076
0.40327
0.38442
0.42201
0.66048
0.765
0.6353
0.79571
0.57869
0.47778
0.42705
0.40484
0.42285
0.38469
0.35733
0.35759
0.34076
0.30735
0.32973
0.321
0.29943
0.28453
0.27275
0.2697
0.25602
0.25987
0.24688
0.24713
0.24715
0.59188
0.45321
0.43346
0.42619
0.43586
0.44515
0.45564
0.47904
0.50145
0.50423
0.51622
0.51767
0.50585
0.4369
0.52683
0.52822
0.96661
0.95776
0.94105
0.86846
0.73012
0.39871
0.37995
0.3777
0.36165
0.34915
0.34018
0.33703
0.34042
0.34723
0.35532
0.3662
0.37273
0.36322
0.35903
0.38689
0.41464
0.33595
0.26416
0.2746
0.86975
0.87105
0.87696
0.86158
0.75476
0.48505
0.42731
0.38531
0.36604
0.34499
0.33893
0.32059
0.31174
0.30006
0.30435
0.35062
0.51617
0.76091
0.78703
0.80595
0.82015
0.83448
0.85036
0.82951
0.48419
0.43247
0.42332
0.46057
0.75382
0.45098
0.3624
0.30073
0.30734
0.37285
0.62369
0.75584
0.78365
0.84196
0.85724
0.81907
0.81717
0.82195
0.8687
0.85132
0.86503
0.83217
0.8484
0.84171
0.54935
0.34574
0.65699
0.71083
0.82063
0.84171
0.85195
0.84448
0.86218
0.8504
0.87084
0.85941
0.84766
0.86991
0.8772
0.85824
0.84702
0.86118
0.84649
0.84901
0.82331
0.83377
0.82066
0.81396
0.80179
0.76069
0.73599
0.60256
0.29925
0.31602
0.32069
0.33749
0.31525
0.30415
0.29821
0.29177
0.27163
0.24201
0.24364
0.21002
0.20382
0.23085
0.27006
0.76073
0.86705
0.78051
0.78391
0.78641
0.86366
0.81922
0.82787
0.90191
0.85469
0.64641
0.55762
0.8234
0.82343
0.78175
0.59496
0.43236
0.29177
0.30543
0.61312
0.77196
0.84755
0.82164
0.81903
0.82714
0.52541
0.33246
0.40336
0.35182
0.35485
0.33148
0.34691
0.29201
0.24363
0.21546
0.21655
0.21842
0.24952
0.29022
0.30568
0.29613
0.28238
0.28548
0.27933
0.26085
0.2562
0.24033
0.24837
0.28127
0.30006
0.33306
0.51786
0.59633
0.58095
0.76405
0.69506
0.77571
0.81505
0.85631
0.86912
0.86785
0.86497
0.84206
0.83886
0.84729
0.86398
0.87822
0.9157
0.9181
0.92349
0.92387
0.92924
0.9227
0.91958
0.86813
0.85088
0.85311
0.91435
0.92184
0.89748
0.88724
0.90401
0.90098
0.89981
0.89718
0.9106
0.59217
0.61414
0.65632
0.9176
0.91557
0.90239
0.80615
0.65445
0.86384
0.87705
0.88203
0.87957
0.63635
0.518
0.48094
0.46201
0.50089
0.57107
0.6297
0.69628
0.77845
0.86551
0.86236
0.79646
0.7776
0.84103
0.55516
0.45823
0.44251
0.39411
0.37606
0.40482
0.34246
0.38881
0.68907
0.76039
0.79112
0.81216
0.82603
0.84479
0.73199
0.42796
0.70288
0.49454
0.52169
0.49982
0.45862
0.42051
0.42702
0.43403
0.39065
0.36478
0.38536
0.35122
0.34559
0.35188
0.38275
0.38873
0.3703
0.34231
0.34478
0.3308
0.79873
0.80879
0.8371
0.88064
0.77619
0.87839
0.90329
0.91455
0.92475
0.911
0.92477
0.9177
0.88256
0.86192
0.82306
0.53623
0.45047
0.82469
0.85342
0.82607
0.85452
0.55549
0.73878
0.7979
0.88862
0.9198
0.90738
0.77098
0.8847
0.90931
0.91235
0.87405
0.81642
0.83105
0.85955
0.81911
0.83186
0.83478
0.85019
0.76344
0.68423
0.37978
0.36255
0.42344
0.47164
0.39376
0.35428
0.3128
0.34556
0.37442
0.43175
0.44059
0.83503
0.82535
0.87658
