0.80691
0.77715
0.41111
0.29297
0.26108
0.26867
0.44043
0.43831
0.43255
0.43254
0.53366
0.90114
0.90482
0.8843
0.86866
0.84179
0.82676
0.8218
0.86752
0.85966
0.8744
0.87784
0.61224
0.50817
0.45007
0.45955
0.50417
0.47699
0.59204
0.84873
0.82816
0.82789
0.83762
0.86544
0.69346
0.58843
0.8813
0.86798
0.86396
0.85851
0.83566
0.83484
0.82647
0.83876
0.82455
0.82819
0.82124
0.8122
0.79836
0.76486
0.75257
0.76895
0.77924
0.75039
0.57889
0.65737
0.77251
0.71411
0.72529
0.69202
0.31858
0.2743
0.24166
0.2228
0.41179
0.20892
0.17283
0.19406
0.29723
0.41954
0.77596
0.86001
0.54856
0.86259
0.54386
0.33186
0.33824
0.38554
0.45314
0.64615
0.68761
0.40452
0.40954
0.57914
0.74103
0.84029
0.8317
0.8624
0.82342
0.78421
0.48077
0.38181
0.3152
0.41125
0.39863
0.32435
0.25061
0.26441
0.26451
0.30133
0.33258
0.36577
0.40299
0.43383
0.77782
0.78061
0.73855
0.75853
0.78225
0.78925
0.79562
0.77007
0.72107
0.72196
0.68765
0.65626
0.56134
0.65048
0.56162
0.65841
0.64671
0.56613
0.45121
0.37818
0.33328
0.32033
0.28533
0.39479
0.59864
0.56104
0.49451
0.45396
0.29951
0.56001
0.70751
0.64377
0.66138
0.75414
0.76718
0.75278
0.71415
0.76557
0.6906
0.56338
0.53539
0.64195
0.75815
0.76744
0.79235
0.80732
0.77996
0.75674
0.77915
0.79551
0.79753
0.79148
0.77929
0.75406
0.43024
0.35631
0.77265
0.7699
0.73998
0.65986
0.76644
0.73055
0.73215
0.63311
0.52601
0.47506
0.47133
0.51211
0.40912
0.42739
0.458
0.46765
0.56685
0.74377
0.7264
0.73413
0.72129
0.71296
0.70466
0.70704
0.72555
0.52294
0.53125
0.32613
0.22028
0.19932
0.20025
0.23359
0.34982
0.5242
0.52632
0.49443
0.39058
0.58507
0.62245
0.68173
0.81712
0.76699
0.77
0.78181
0.7827
0.78656
0.75536
0.7611
0.75129
0.75846
0.74418
0.72914
0.75016
0.75704
0.76021
0.75913
0.76441
0.77226
0.77663
0.78094
0.75389
0.78574
0.79532
0.79864
0.50703
0.40879
0.33592
0.30381
0.31264
0.25199
0.17412
0.14254
0.16003
0.34193
0.90249
0.91723
0.92332
0.9267
0.87612
0.89924
0.89528
0.87805
0.85188
0.82695
0.79367
0.78837
0.77438
0.79398
0.79702
0.81055
0.76922
0.77343
0.60478
0.64329
0.52734
0.64659
0.75026
0.74664
0.75929
0.77242
0.77851
0.78391
0.78063
0.74329
0.60161
0.60542
0.63948
0.71841
0.5513
0.33489
0.23801
0.22728
0.21342
0.22833
0.26846
0.3045
0.63975
0.61513
0.31912
0.74469
0.76755
0.74839
0.52578
0.4128
0.33233
0.46229
0.64509
0.62991
0.58598
0.38157
0.40444
0.27425
0.2177
0.13841
0.13904
0.14182
0.15492
0.3782
0.8568
0.81939
0.82054
0.81
0.79318
0.82115
0.82916
0.83088
0.8103
0.79871
0.79141
0.7863
0.80107
0.8154
0.80828
0.81403
0.84087
0.60456
0.55109
0.55089
0.51546
0.53162
0.53031
0.48345
0.46075
0.46092
0.47331
0.51871
0.44963
0.46793
0.44812
0.42114
0.36349
0.42406
0.47743
0.49117
0.48819
0.53117
0.44441
0.44699
0.69636
0.67373
0.46496
0.4091
0.44729
0.86515
0.82329
0.78862
0.7803
0.75183
0.7348
0.72833
0.62527
0.57459
0.40434
0.30033
0.29383
0.23167
0.17818
0.29513
0.63059
0.75503
0.66836
0.85871
0.87267
0.86424
0.82997
0.81174
0.57649
0.44666
0.38625
0.37612
0.39959
0.39493
0.38198
0.38482
0.39081
0.42852
0.48247
0.40592
0.37491
0.3916
0.39999
0.40864
0.41925
0.38142
0.3669
0.35724
0.35493
0.35203
0.34955
0.37044
0.40956
0.51937
0.9044
0.87924
0.86892
0.86831
0.78598
0.8034
0.83017
0.84573
0.85473
0.8467
0.821
0.84058
0.84618
0.84935
0.85645
0.86023
0.84697
0.83517
0.84035
0.85792
0.86772
0.88564
0.89274
0.90912
0.91169
0.91655
0.91502
0.91501
0.91939
0.91933
0.91916
0.89008
0.8931
0.84914
0.82124
0.76429
0.55405
0.83109
0.85363
0.86559
0.86856
0.87398
0.87766
0.87215
0.68775
0.55531
0.87226
0.76702
0.7686
0.77203
0.80579
0.80231
0.80711
0.8152
0.8028
0.79056
0.83211
0.80433
0.7844
0.78205
0.77695
0.77023
0.77991
0.82135
0.80842
0.79836
0.75002
0.76804
0.74471
0.73635
0.65249
0.48202
0.4131
0.36251
0.41159
0.41807
0.76441
0.80054
0.77307
0.79285
0.8099
0.81931
0.80448
0.78782
0.75227
0.76952
0.75776
0.53312
0.45189
0.38679
0.24403
0.33576
0.53137
0.6601
0.81084
0.80944
0.81403
0.82263
0.83444
0.85338
0.87787
0.86541
0.84449
0.82625
0.83989
0.84118
0.82582
0.88818
0.85599
0.82852
0.80912
0.78485
0.75117
0.74109
0.72682
0.71679
0.68758
0.72176
0.7313
0.75111
0.69796
0.71246
0.70035
0.70474
0.72425
0.75254
0.75143
0.72397
0.71899
0.72365
0.71741
0.70245
0.7244
0.75375
0.74586
0.72779
0.7178
0.72097
0.72373
0.72768
0.73478
0.72249
0.70019
0.69002
0.68584
0.68599
0.66205
0.55402
0.5009
0.44804
0.48164
0.5412
0.61879
0.66868
0.70762
0.73034
0.75905
0.78628
0.78184
0.65042
0.62824
0.72939
0.70178
0.63116
0.67131
0.73009
0.73481
0.51145
0.42089
0.69827
0.66315
0.55359
0.46233
0.40415
0.71145
0.45565
0.32946
0.30553
0.30937
0.22365
0.24359
0.3212
0.25806
0.25848
0.57347
0.67202
0.66704
0.61859
0.37267
0.55924
0.70784
0.65015
0.50779
0.47034
0.42102
0.79112
0.81043
0.8026
0.81001
0.81608
0.77666
0.45757
0.27049
0.1944
0.2278
0.36466
0.38939
0.30452
0.24817
0.23679
0.26997
0.29328
0.29185
0.31814
0.31397
0.39255
0.51149
0.51161
0.7571
0.78079
0.79228
0.79707
0.79301
0.83329
0.84378
0.8312
0.79507
0.7684
0.7389
0.72008
0.69661
0.7809
0.77579
0.72537
0.73383
0.74283
0.74606
0.73618
0.65847
0.66673
0.76285
0.74793
0.53433
0.37534
0.3219
0.38562
0.43136
0.6533
0.7618
0.73888
0.74515
0.74532
0.74902
0.7569
0.77018
0.75549
0.75346
0.67214
0.43738
0.50675
0.53881
0.53033
0.34313
0.33403
0.36182
0.70373
0.77939
0.78484
0.73387
0.74019
0.77597
0.77339
0.73311
0.40958
0.3382
0.30222
0.31676
0.339
0.37382
0.37768
0.40608
0.40692
0.36634
0.46092
0.57838
0.51152
0.74582
0.73456
0.68547
0.65125
0.6658
0.68657
0.70823
0.72064
0.61677
0.56704
0.44183
0.39068
0.42623
0.64884
0.62223
0.57724
0.58959
0.59585
0.658
0.69608
0.7433
0.78213
0.69048
0.65166
0.58758
0.68357
0.78028
0.78468
0.80958
0.80783
0.81669
0.80182
0.78145
0.80235
0.80174
0.81567
0.86454
0.88478
0.8672
0.84129
0.82488
0.82703
0.7812
0.71945
0.70546
0.74017
0.75731
0.73462
0.5336
0.41501
0.41299
0.37822
0.37341
0.407
0.44939
0.4227
0.3916
0.44662
0.65332
0.72206
0.72873
0.60924
0.57358
0.63402
0.69489
0.62841
0.69626
0.78183
0.79894
0.82733
0.77989
0.82981
0.83757
0.8299
0.81728
0.80824
0.78951
0.80373
0.81919
0.83047
0.83622
0.77851
0.77383
0.77324
0.81027
0.81543
0.75702
0.75872
0.80326
0.75529
0.76638
0.75369
0.73943
0.73926
0.75881
0.77627
0.78112
0.77199
0.78803
0.78042
0.80136
0.75747
0.76139
0.68163
0.71662
0.77403
0.84333
0.84582
0.83873
0.836
0.80509
0.78971
0.79412
0.80126
0.81787
0.82078
0.82691
0.83168
0.82677
0.84214
0.82794
0.82633
0.82178
0.81059
0.82006
0.81002
0.84513
0.84765
0.8435
0.84304
0.83362
0.80861
0.78501
0.77973
0.78995
0.76199
0.76083
0.77932
0.78774
0.76993
0.76828
0.71383
0.57663
0.56804
0.58168
0.74531
0.77369
0.77365
0.70127
0.56646
0.6064
0.47753
0.52774
0.70921
0.72785
0.73915
0.72999
0.71456
0.68438
0.68823
0.64355
0.59556
0.62732
0.6213
0.56485
0.5371
0.6111
0.60535
0.65457
0.64816
0.55746
0.40112
0.43078
0.44911
0.78386
0.777
0.77644
0.77628
0.78529
0.75921
0.75976
0.76166
0.78254
0.7834
0.78018
0.75589
0.74377
0.55836
0.43319
0.41676
0.44943
0.45207
0.46608
0.47716
0.46538
0.54165
0.66239
0.75095
0.74295
0.75792
0.61051
0.58999
0.58395
0.61896
0.69243
0.76651
0.77447
0.68727
0.70557
0.69208
0.54202
0.55727
0.57713
0.56095
0.49249
0.44166
0.53521
0.40404
0.2782
0.39139
0.64343
0.87145
0.83497
0.87074
0.84095
0.82699
0.63414
0.54149
0.48899
0.42259
0.33138
0.28746
0.26289
0.29639
0.33543
0.48104
0.62006
0.62975
0.67345
0.71305
0.70156
0.61345
0.64227
0.67094
0.7357
0.67288
0.6653
0.37379
0.33434
0.38204
0.42487
0.64806
0.77981
0.80996
0.78084
0.71818
0.63759
0.64809
0.61643
0.4809
0.35993
0.38111
0.42788
0.451
0.44798
0.49254
0.47032
0.42287
0.4397
0.45563
0.4432
0.44629
0.43935
0.43812
0.3299
0.32712
0.37445
0.39411
0.43003
0.45829
0.48607
0.53163
0.61198
0.57887
0.5053
0.47476
0.50369
0.52307
0.52187
0.51188
0.49751
0.49182
0.45999
0.44566
0.42659
0.42588
0.38008
0.425
0.39928
0.36051
0.4315
0.48361
0.57783
0.80221
0.88771
0.88409
0.87843
0.8888
0.81174
0.68266
0.64577
0.48776
0.44081
0.51152
0.50212
0.48866
0.49601
0.53313
0.95447
0.99701
0.9832
0.92906
0.90794
0.97404
0.96653
0.95373
0.92515
0.9
0.93757
0.92066
0.90994
0.91325
0.90908
0.93141
0.94002
0.90492
0.85018
0.88825
0.8772
0.87055
0.86973
0.87403
0.86498
0.76944
0.8216
0.79009
0.94282
0.94109
0.9249
0.93916
0.9204
0.91688
0.93093
0.9292
0.92328
0.86906
0.82919
0.73407
0.79504
0.79489
0.82758
0.90784
0.89225
0.72193
0.78901
0.82841
0.85069
0.84469
0.843
0.85642
0.8616
0.85287
0.85029
0.85077
0.83867
0.85345
0.84659
0.84831
0.78347
0.58698
0.48222
0.43241
0.50587
0.61852
0.64626
0.60757
0.62267
0.59697
0.70563
0.7316
0.73541
0.70322
0.67324
0.58272
0.70978
0.71425
0.53941
0.53967
0.60424
0.63515
0.64279
0.66056
0.6682
0.63527
0.53475
0.60708
0.66553
0.66969
0.6877
0.69025
0.67432
0.67806
0.5915
0.55811
0.54452
0.55185
0.68086
0.80388
0.83624
0.83656
0.8615
0.84714
0.8541
0.82798
0.78581
0.75619
0.72174
0.70978
0.6548
0.79672
0.85205
0.79063
0.7264
0.94285
0.87997
0.87484
0.87128
0.85601
0.85954
0.84905
0.87489
0.87095
0.87823
0.85061
0.8546
0.84551
0.88296
0.81485
0.80957
0.94125
0.91717
0.88188
0.87294
0.89716
0.76874
0.66841
0.62826
0.62136
0.66989
0.67751
0.65764
0.5805
0.51348
0.47889
0.48068
0.45968
0.43413
0.44718
0.44315
0.61987
0.69952
0.71612
0.70719
0.71302
0.75056
0.73472
0.72702
0.70861
0.75193
0.72399
0.69237
0.70773
0.68447
0.61268
0.57649
0.4468
0.51833
0.51602
0.44638
0.42663
0.50956
0.50664
0.43204
0.44997
0.52667
0.58503
0.57124
0.53872
0.51537
0.4822
0.52305
0.69771
0.85545
0.90179
0.83111
0.71662
0.68011
0.62033
0.61201
0.58249
0.55788
0.51052
0.48079
0.64325
0.70426
0.68159
0.7216
0.70442
0.71192
0.74948
0.85996
0.89281
0.90889
0.87273
0.87415
0.75596
0.66562
0.7023
0.81381
0.94842
0.97894
0.96842
0.95875
0.96735
0.9704
0.96221
0.8647
0.95102
0.96143
0.94721
0.89818
0.84119
0.83485
0.94078
0.7798
0.74956
0.79037
0.86008
0.8588
0.85774
0.85416
0.9207
0.92149
0.92201
0.91616
0.90835
0.90677
0.9117
0.91625
0.91569
0.91647
0.86234
0.66783
0.90351
0.86531
0.64273
0.60778
0.57732
0.562
0.54462
0.5695
0.6607
0.63239
0.65734
0.62599
0.61596
0.75749
0.84285
0.71691
0.61456
0.73164
0.77921
0.86136
0.85093
0.86449
0.8978
0.88401
0.95531
0.99146
0.94608
0.8873
0.89629
0.90588
0.87196
0.79035
0.73225
0.6884
0.67711
0.65964
0.66329
0.69616
0.71921
0.7108
0.6876
0.67754
0.65113
0.59888
0.5286
0.63196
0.61485
0.60003
0.60363
0.61493
0.62667
0.60031
0.65114
0.66696
0.65441
0.66165
0.66203
0.68572
0.66824
0.63042
0.62679
0.62092
0.60228
0.5847
0.57365
0.5682
0.54996
0.56255
0.60332
0.62686
0.64966
0.66499
0.70256
0.70238
0.71304
0.69269
0.6825
0.66694
0.64675
0.6391
0.65652
0.71076
0.71938
0.73847
0.76625
0.81871
0.85885
0.89418
0.89652
0.88363
0.86884
0.87824
0.87819
0.87586
0.88077
0.90321
0.9066
0.90182
0.89329
0.89974
0.88795
0.88658
0.8845
0.90166
0.91122
0.90598
0.88733
0.86937
0.82724
0.83673
0.81493
0.80287
0.7639
0.72785
0.67909
0.64081
0.61691
0.58497
0.54154
0.53872
0.63085
0.66049
0.64115
0.60219
0.6383
0.71593
0.90999
0.95741
0.9889
0.99683
0.98267
0.85156
0.81656
0.74459
0.74033
0.73811
0.69676
0.67808
0.81086
0.90326
0.82601
0.7586
0.78628
0.76617
0.72133
0.66085
0.64991
0.74435
0.77953
0.77097
0.8034
0.80982
0.876
0.94216
0.91397
0.89095
0.85871
0.84084
0.87033
0.88727
0.9038
0.8635
0.80755
0.71886
0.67354
0.74622
0.69542
0.67802
0.69965
0.68356
0.64924
0.58253
0.51802
0.69717
0.62128
0.51881
0.4553
0.53108
0.54646
0.54563
0.52173
0.50497
0.5306
0.69713
0.75372
0.72282
0.62783
0.5189
0.54062
0.61341
0.74526
0.70753
0.76659
0.7825
0.7851
0.77504
0.77368
0.86388
0.91059
0.93608
0.94803
0.90232
0.89715
0.90479
0.84219
0.8228
0.85965
0.88991
0.86559
0.80883
0.82785
0.85656
0.91012
0.91686
0.90907
0.92178
0.92626
0.8524
0.90408
0.90951
0.84189
0.83321
0.86496
0.90054
0.86216
0.81075
0.79909
0.75042
0.73187
0.71602
0.68728
0.69217
0.73253
0.75152
0.7549
0.76682
0.79621
0.78913
0.77362
0.75182
0.70696
0.65863
0.61342
0.54527
0.51867
0.50237
0.47509
0.46968
0.4554
0.36778
0.37261
0.3657
0.39579
0.4344
0.49872
0.56703
0.57451
0.59568
0.71024
0.87369
0.81926
0.77509
0.80766
0.79232
0.73604
0.77044
0.78955
0.97029
0.98841
0.98489
0.928
0.89421
0.91251
0.94349
0.96133
0.89983
0.93629
0.96824
0.95736
0.93597
0.98424
0.96697
0.9826
0.97733
0.96957
0.92634
0.91093
0.92586
0.92462
0.92356
0.92201
0.94694
0.97053
0.98435
0.99811
0.98357
0.93486
0.92612
0.98576
0.83726
0.7366
0.7705
0.77665
0.76671
0.71926
0.72003
0.703
0.68369
0.63814
0.54943
0.5463
0.54972
0.55784
0.54566
0.45263
0.44698
0.43771
0.44925
0.46447
0.5334
0.63287
0.73698
0.67348
0.72206
0.73235
0.73836
0.76496
0.70233
0.70742
0.70496
0.65215
0.64209
0.60433
0.54104
0.52596
0.5325
0.59152
0.66705
0.76366
0.98704
1
0.95393
0.93186
0.9323
0.93141
0.90253
0.88928
0.7481
0.64935
0.64824
0.64194
0.73046
0.94362
0.90612
0.88526
0.8841
0.83934
0.83856
0.83941
0.83256
0.81983
0.80914
0.80624
0.81214
0.70443
0.6376
0.56977
0.55783
0.53607
0.49355
0.81034
0.97649
0.94368
0.95385
0.94736
0.9421
0.94405
0.95388
0.95439
0.94943
0.9563
0.95449
0.94944
0.95373
0.94914
0.94281
0.95891
0.9553
0.92417
0.92245
0.92819
0.93772
0.96583
0.9752
0.98419
0.93668
0.91159
0.90975
0.94384
0.91395
0.94656
0.94718
0.9018
0.88306
0.91619
0.89423
0.86643
0.88783
0.89095
0.89041
0.87166
0.84965
0.72936
0.67652
0.6846
0.7376
0.86098
0.97585
0.89071
0.88944
0.95186
0.93191
0.93089
0.91589
0.93364
0.91877
0.88629
0.87197
0.87538
0.88299
0.88595
0.84292
0.98236
0.9947
0.93839
0.90135
0.91534
0.97757
0.99753
0.91031
0.88922
0.89754
0.88174
0.78667
0.86522
0.87748
0.87011
0.88237
0.88528
0.88662
0.8958
0.90147
0.90814
0.90464
0.91772
0.93744
0.9333
0.92368
0.94495
0.95925
0.95288
0.93042
0.94205
0.95289
0.95062
0.94548
0.93049
0.91398
0.92319
0.91789
0.91744
0.91695
0.92108
0.91388
0.92376
0.99824
0.99995
0.99007
0.99335
0.98347
0.95289
0.93979
0.92888
0.89442
0.92904
0.94734
0.94845
0.94439
0.93909
0.94732
0.94413
0.94837
0.94652
0.93427
0.93533
0.93495
0.92132
0.90823
0.89897
0.89796
0.87543
0.90682
0.97905
0.99869
0.98173
0.95616
0.89499
0.9011
0.89322
0.87957
0.8458
0.9858
0.97467
0.97187
0.88807
0.89584
0.8981
0.86945
0.82574
0.89604
0.93036
0.80145
0.88671
0.88926
0.88037
0.8796
0.87534
0.93914
0.94131
0.95565
0.8808
0.84327
0.89126
0.84448
0.84235
0.86769
0.88416
0.89712
0.88092
0.86561
0.8519
0.84451
0.76611
0.90597
0.7936
0.50202
0.41006
0.52743
0.69019
0.71433
0.74002
0.73378
0.73552
0.68399
0.68238
0.72457
0.75393
0.70613
0.9971
0.98485
0.99729
0.98102
0.98928
0.99812
0.99908
0.98613
0.9866
0.9887
0.99289
0.99715
0.99675
0.9908
0.98724
0.95134
0.94011
0.9421
0.92396
0.96265
0.99028
0.99737
1.001
0.96617
0.96325
0.95439
0.95648
0.95244
0.95729
0.96072
0.97679
0.9798
0.98715
0.9986
0.99751
0.99823
0.99909
0.99777
0.98347
0.89861
0.8134
0.68104
0.53621
0.63966
0.91768
0.9786
0.98219
0.98574
0.96776
0.9669
0.95668
0.95103
0.95168
0.94288
0.94966
0.94446
0.95144
0.95139
0.93956
0.93949
0.94367
0.9556
0.99615
0.99994
0.9956
0.98495
0.95846
0.95353
0.95494
0.96162
0.98655
0.97949
0.959
0.95181
0.9731
0.9581
0.95554
0.94955
0.93592
0.92924
0.95409
0.95409
0.96779
0.95243
0.95706
0.95222
0.95285
0.9473
0.94908
0.95673
0.95218
0.95421
0.94925
0.95922
0.94268
0.84574
0.85565
0.90983
0.90745
0.75754
0.66181
0.60462
0.56643
0.57996
0.58811
0.5792
0.63484
0.72707
0.63797
0.96218
0.96476
0.96526
0.99452
0.99616
0.98486
0.97214
0.9636
0.93367
0.92159
0.95161
0.97682
0.99665
0.99811
0.99889
0.99937
0.99234
0.98841
0.97594
0.99392
0.99212
0.99743
0.99938
0.9997
0.99891
0.99629
0.96869
0.93723
0.97102
0.94751
0.95567
0.93569
0.90577
0.86752
0.87344
0.91477
0.90731
0.91128
0.89366
0.83354
0.7242
0.70083
0.68186
0.6631
0.74749
0.80612
0.873
0.88812
0.91689
0.91817
0.86162
0.89355
0.90464
0.91268
0.92569
0.92423
0.92426
0.93286
0.9269
0.93024
0.93313
0.91973
0.91037
0.90126
0.52705
0.48389
0.47917
0.446
0.39208
0.48259
0.86075
0.91235
0.89723
0.91815
0.73186
0.87424
0.69205
0.67254
0.86378
0.8812
0.87399
0.88186
0.78068
0.63845
0.54216
0.52022
0.55306
0.53052
0.49498
0.60286
0.45752
0.33555
0.31006
0.28939
0.26955
0.22894
0.22898
0.3142
0.61022
0.96956
0.95922
0.91667
0.90203
0.93737
0.97759
0.99985
0.95745
0.95582
0.93894
0.94073
0.94126
0.93967
0.92264
0.91272
0.93764
0.93631
0.94533
0.81944
0.74414
0.68533
0.66669
0.76607
0.92308
0.96414
0.96945
0.99203
0.99762
0.99846
0.99161
0.99726
0.99749
1.0004
0.99618
0.96749
0.97006
0.95583
0.93808
0.92656
0.92675
0.94041
0.93351
0.92106
0.91663
0.90245
0.8939
0.8878
0.89002
0.89708
0.90771
0.84995
0.73953
0.66373
0.60315
0.59598
0.69444
0.77813
0.75255
0.60379
0.49442
0.40651
0.31642
0.32378
0.26372
0.32629
0.48809
0.54388
0.52765
0.77279
0.57221
0.49225
0.4478
0.59918
0.91155
0.91562
0.90991
0.91043
0.90583
0.9102
0.91537
0.91495
0.91534
0.92329
0.92529
0.92352
0.91204
0.90189
0.89816
0.88871
0.89892
0.90387
0.92538
0.92768
0.94367
0.9447
0.94578
0.94355
0.94758
0.93572
0.90557
0.80681
0.68604
0.73567
0.77721
0.73907
0.61174
0.75563
0.80994
0.80378
0.78802
0.80044
0.84312
0.84518
0.84734
0.85167
0.85274
0.84692
0.84629
0.85032
0.8929
0.91239
0.91027
0.92681
0.90704
0.90987
0.93937
0.94161
0.93188
0.92585
0.91999
0.90859
0.90098
0.89341
0.88628
0.92421
0.95142
0.91495
0.94342
0.95463
0.91489
0.91563
0.85891
0.85259
0.85191
0.88122
0.91148
0.76647
0.67401
0.64612
0.50817
0.47862
0.48364
0.47319
0.47945
0.46525
0.44474
0.4372
0.4283
0.50977
0.65106
0.65816
0.70617
0.62307
0.6549
0.63762
0.65364
0.66374
0.65359
0.6033
0.65395
0.65426
0.58957
0.528
0.51218
0.50242
0.68004
0.7286
0.75213
0.74186
0.52317
0.52035
0.58761
0.53583
0.45044
0.4271
0.42866
0.43975
0.35515
0.29076
0.29425
0.29706
0.30201
0.30252
0.30737
0.27965
0.24163
0.23813
0.26645
0.30387
0.37299
0.37632
0.39437
0.41491
0.34271
0.74836
0.82461
0.83731
0.83881
0.85345
0.87391
0.88775
0.88898
0.84001
0.83131
0.87002
0.88217
0.87569
0.90241
0.89687
0.88537
0.87576
0.85325
0.80865
0.70813
0.65632
0.64876
0.60194
0.56795
0.77228
0.63388
0.51353
0.43841
0.46672
0.48485
0.49269
0.62672
0.78896
0.78791
0.64803
0.52357
0.49062
0.50788
0.68502
0.6549
0.67105
0.50263
0.56946
0.71995
0.74589
0.7875
0.80713
0.82075
0.82715
0.83324
0.84285
0.81652
0.51224
0.61939
0.79727
0.77975
0.78002
0.80894
0.82326
0.81877
0.81134
0.7943
0.80511
0.7879
0.78228
0.80381
0.76476
0.67532
0.74362
0.70063
0.57601
0.47492
0.69569
0.63305
0.63305
0.71206
0.71143
0.70027
0.71914
0.69443
0.65637
0.46528
0.26953
0.29771
0.36795
0.36564
0.4155
0.41609
0.71189
0.68525
0.7555
0.63883
0.67693
0.75017
0.73196
0.6608
0.65705
0.77713
0.70751
0.69442
0.5405
0.25365
0.2278
0.26554
0.35632
0.42581
0.55499
0.38245
0.33215
0.29258
0.28528
0.37454
0.41368
0.46532
0.62911
0.75712
0.78977
0.56611
0.4386
0.40577
0.39439
0.41562
0.39612
0.50498
0.7112
0.74501
0.64699
0.61081
0.68406
0.46649
0.45174
0.51263
0.55864
0.61295
0.52434
0.54061
0.54852
0.43253
0.38412
0.44398
0.50673
0.6312
0.66314
0.68477
0.70671
0.73303
0.69552
0.60128
0.75681
0.76794
0.78326
0.80263
0.80729
0.83141
0.82466
0.82956
0.8051
0.6141
0.48507
0.43286
0.37147
0.34003
0.30319
0.26402
0.25021
0.26458
0.31909
0.38267
0.43609
0.47944
0.4666
0.55245
0.43458
0.41029
0.35753
0.38827
0.36504
0.40682
0.45546
0.64458
0.4433
0.45518
0.86737
0.88523
0.84595
0.79957
0.79278
0.80416
0.80279
0.86518
0.87714
0.84929
0.82378
0.79705
0.76954
0.79875
0.8123
0.79891
0.77937
0.77474
0.79874
0.80252
0.79988
0.79327
0.78124
0.76094
0.58787
0.8123
0.78021
0.49327
0.49744
0.58485
0.72059
0.65999
0.5841
0.74213
0.76394
0.78897
0.79308
0.78062
0.76753
0.76719
0.77433
0.7615
0.54195
0.42639
0.44819
0.39832
0.36905
0.36812
0.34317
0.33086
0.40247
0.50089
0.27336
0.24754
0.25939
0.23131
0.21425
0.2067
0.41189
0.79918
0.85083
0.84755
0.84788
0.82599
0.83637
0.83825
0.86465
0.76894
0.57201
0.4117
0.80337
0.82526
0.81937
0.76317
0.43803
0.34942
0.37581
0.40035
0.38612
0.54234
0.55519
0.58896
0.44564
0.3598
0.36678
0.50471
0.54323
0.42042
0.36648
0.37353
0.41637
0.43867
0.54607
0.87321
0.82048
0.71687
0.38194
0.32463
0.29495
0.31842
0.35971
0.35574
0.4011
0.42268
0.71563
0.63566
0.63135
0.71675
0.74867
0.74558
0.61829
0.46662
0.3675
0.40789
0.64557
0.6824
0.69865
0.59421
0.28497
0.28154
0.30439
0.29034
0.30026
0.33304
0.33045
0.3294
0.32825
0.33791
0.36342
0.36763
0.35628
0.34931
0.37687
0.37389
0.37399
0.40602
0.38987
0.38323
0.37525
0.39854
0.40545
0.40184
0.36976
0.30635
0.2338
0.22094
0.31211
0.19211
0.25485
0.26453
0.35209
0.3591
0.41496
0.45137
0.41612
0.37469
0.34923
0.31291
0.29793
0.31193
0.39885
0.47266
0.60033
0.84386
0.82437
0.80783
0.80301
0.80892
0.73518
0.48982
0.51909
0.61356
0.43381
0.40465
0.49468
0.45736
0.42548
0.40426
0.45851
0.65204
0.78028
0.77779
0.78242
0.78611
0.78093
0.77652
0.76912
0.75561
0.75494
0.7499
0.69841
0.48433
0.32834
0.36478
0.42435
0.51872
0.48759
0.43744
0.7532
0.68562
0.53818
0.38211
0.38412
0.37714
0.4141
0.45682
0.53064
0.72141
0.67143
0.57494
0.76333
0.76975
0.7632
0.75642
0.74573
0.74154
0.69713
0.59489
0.60376
0.47547
0.4745
0.48766
0.51924
0.52616
0.51452
0.4666
0.43244
0.40756
0.41886
0.47219
0.71364
0.72907
0.70954
0.71574
0.70376
0.70126
0.72636
0.74445
0.75674
0.75534
0.76654
0.76223
0.75332
0.7479
0.74873
0.73929
0.72351
0.71496
0.7142
0.7312
0.74998
0.77479
0.78523
0.76242
0.7247
0.70768
0.68897
0.7286
0.73397
0.587
0.57417
0.43073
0.43616
0.48138
0.36716
0.35898
0.70696
0.74643
0.76898
0.76019
0.78811
0.77864
0.78008
0.75876
0.72889
0.71239
0.72005
0.72482
0.74421
0.75249
0.74963
0.77286
0.78686
0.79887
0.81216
0.81867
0.81601
0.80652
0.80745
0.80302
0.80977
0.8098
0.78001
0.75833
0.79201
0.79409
0.78328
0.72019
0.69022
0.79308
0.74452
0.76857
0.75735
0.72669
0.7454
0.75737
0.56771
0.51081
0.51872
0.80101
0.74691
0.73595
0.73629
0.72566
0.64583
0.54843
0.50063
0.43994
0.39135
0.51364
0.53129
0.5329
0.45442
0.3711
0.24642
0.2235
0.2262
0.22076
0.24615
0.28086
0.32007
0.2873
0.2877
0.28616
0.27927
0.26541
0.25201
0.23959
0.21906
0.20619
0.26372
0.33765
0.40052
0.73466
0.6435
0.446
0.42126
0.26911
0.23925
0.26329
0.25062
0.22392
0.32505
0.38266
0.23675
0.2424
0.23883
0.22152
0.19609
0.2533
0.23525
0.27109
0.3175
0.29884
0.3243
0.45902
0.86023
0.82648
0.80447
0.77925
0.77397
0.77219
0.76094
0.76421
0.76833
0.76821
0.7748
0.7567
0.61798
0.35688
0.34664
0.24683
0.27722
0.31844
0.3869
0.37274
0.62889
0.51337
0.36303
0.37465
0.5705
0.68556
0.785
0.77187
0.84144
0.82587
0.84181
0.79641
0.78997
0.48284
0.33551
0.37367
0.43933
0.461
0.37429
0.35088
0.45077
0.3131
0.37523
0.50629
0.56688
0.64732
0.64206
0.54459
0.63273
0.71241
0.56132
0.72504
0.69704
0.57499
0.44133
0.31727
0.32876
0.34044
0.34833
0.38297
0.60961
0.80713
0.79941
0.79238
0.77457
0.42083
0.37361
0.34478
0.49419
0.88524
0.91279
0.91216
0.89955
0.84128
0.80803
0.77899
0.77321
0.81085
0.81196
0.83754
0.80655
0.8149
0.80022
0.7824
0.77472
0.74673
0.72635
0.70998
0.69928
0.63143
0.72709
0.69689
0.71804
0.72952
0.72068
0.71025
0.70985
0.71559
0.60687
0.74574
0.71511
0.63272
0.5074
0.55204
0.70439
0.73547
0.74214
0.72272
0.75248
0.76011
0.7377
0.72559
0.71721
0.70085
0.69507
0.7078
0.63752
0.47936
0.63189
0.5979
0.3144
0.71857
0.71378
0.70857
0.72514
0.6935
0.7223
0.70017
0.7211
0.7194
0.72922
0.75337
0.7541
0.76658
0.75732
0.7558
0.71156
0.80347
0.72831
0.72043
0.73666
0.77476
0.7904
0.81368
0.81851
0.80531
0.79217
0.72309
0.74125
0.70249
0.70884
0.71959
0.77453
0.78149
0.78231
0.79461
0.82295
0.84077
0.83455
0.8547
0.82347
