0.70051
0.70128
0.68397
0.68398
0.68297
0.68056
0.67759
0.67574
0.67224
0.6691
0.54099
0.45336
0.40347
0.3729
0.36835
0.35123
0.3265
0.34051
0.33941
0.31679
0.29835
0.27734
0.40068
0.7017
0.70854
0.70937
0.6351
0.46391
0.38218
0.28285
0.18893
0.25693
0.32481
0.38794
0.52999
0.54352
0.62845
0.65339
0.60643
0.54093
0.47341
0.43075
0.38981
0.39149
0.38311
0.37824
0.35226
0.3309
0.30339
0.27963
0.25301
0.20649
0.21923
0.25351
0.75055
0.75132
0.73253
0.58157
0.48508
0.40281
0.38466
0.43108
0.73698
0.71756
0.75525
0.75856
0.70878
0.69457
0.67596
0.67588
0.68914
0.69052
0.60686
0.56762
0.52431
0.36571
0.32737
0.30156
0.34492
0.34168
0.4022
0.41556
0.38339
0.37312
0.5746
0.74183
0.73821
0.74586
0.7088
0.6735
0.67235
0.55252
0.5497
0.58082
0.4575
0.43961
0.62635
0.6372
0.62453
0.55392
0.65203
0.68301
0.6697
0.68158
0.66732
0.57953
0.45057
0.41631
0.41484
0.43078
0.5461
0.63068
0.6684
0.66746
0.6375
0.52857
0.49026
0.54204
0.66455
0.68599
0.70074
0.72083
0.676
0.67526
0.64208
0.72602
0.44284
0.44886
0.40995
0.4482
0.42863
0.35136
0.27174
0.26516
0.29097
0.31162
0.60098
0.8324
0.83314
0.78392
0.74576
0.82032
0.64031
0.40432
0.34956
0.6237
0.83301
0.77244
0.8018
0.83035
0.86564
0.87759
0.86775
0.85374
0.82204
0.77486
0.77902
0.80999
0.8017
0.62054
0.70925
0.8355
0.81207
0.80423
0.77909
0.78719
0.7989
0.71097
0.66981
0.66211
0.68211
0.68624
0.69766
0.66992
0.65745
0.65783
0.64907
0.666
0.64913
0.63685
0.61791
0.62538
0.60668
0.53669
0.47389
0.31043
0.34214
0.4668
0.50737
0.57191
0.62122
0.64867
0.64059
0.46
0.35752
0.26658
0.21142
0.20956
0.2852
0.3683
0.36861
0.33939
0.50167
0.79864
0.81646
0.77623
0.76298
0.73758
0.74367
0.73852
0.75091
0.75999
0.74584
0.72839
0.70398
0.67334
0.65929
0.65205
0.65853
0.65553
0.65721
0.55421
0.68493
0.39418
0.42219
0.50259
0.32236
0.33792
0.66251
0.7059
0.72226
0.71901
0.69709
0.69227
0.66771
0.65011
0.63522
0.61037
0.57586
0.66014
0.66106
0.66373
0.66829
0.67428
0.6654
0.6404
0.64174
0.64645
0.65395
0.69421
0.71128
0.73107
0.71951
0.69029
0.69275
0.68401
0.6633
0.62994
0.60296
0.51902
0.50855
0.51355
0.53802
0.66356
0.63938
0.68548
0.69186
0.55882
0.40409
0.42096
0.39262
0.32847
0.31647
0.21976
0.17534
0.13736
0.15276
0.13607
0.13289
0.1289
0.14225
0.13161
0.13775
0.34961
0.50109
0.39417
0.41445
0.70191
0.85185
0.72292
0.76053
0.74677
0.57877
0.37539
0.23194
0.20968
0.18374
0.18809
0.24651
0.31918
0.37069
0.47795
0.63208
0.63024
0.64971
0.65046
0.50681
0.46424
0.42269
0.42012
0.45252
0.45775
0.47385
0.46217
0.3223
0.36776
0.62547
0.6343
0.6396
0.64307
0.6517
0.65324
0.61229
0.44548
0.33549
0.26549
0.22236
0.20323
0.19851
0.21266
0.22125
0.21014
0.20688
0.19309
0.17661
0.17137
0.27633
0.80464
0.79392
0.73845
0.73006
0.68497
0.72118
0.703
0.71397
0.73499
0.72615
0.69262
0.68351
0.66947
0.62118
0.59925
0.61936
0.43854
0.45993
0.55543
0.50687
0.63834
0.78942
0.79546
0.76619
0.7401
0.67453
0.53013
0.51088
0.52451
0.47289
0.38562
0.3965
0.38858
0.70356
0.80333
0.7207
0.69403
0.67873
0.80473
0.52456
0.75108
0.66706
0.67506
0.69659
0.77587
0.77089
0.76684
0.72614
0.64866
0.64014
0.5549
0.40567
0.28652
0.30085
0.33783
0.35215
0.30188
0.29368
0.26636
0.59038
0.72817
0.71253
0.68587
0.67686
0.67666
0.66143
0.65996
0.65968
0.65821
0.64852
0.54411
0.6871
0.65408
0.62232
0.64247
0.65939
0.31727
0.45115
0.26838
0.33235
0.48343
0.56467
0.55684
0.32048
0.27665
0.33953
0.3075
0.20942
0.27302
0.50973
0.49643
0.32658
0.46258
0.46945
0.30566
0.36693
0.69976
0.67293
0.60995
0.42924
0.583
0.33524
0.32942
0.60231
0.69896
0.67149
0.5441
0.50488
0.63793
0.70155
0.57009
0.38581
0.49073
0.71635
0.51014
0.3462
0.50405
0.72004
0.64065
0.41097
0.38447
0.28175
0.29137
0.39464
0.51288
0.6049
0.51622
0.41556
0.29814
0.34658
0.49405
0.51472
0.4819
0.65177
0.63004
0.47988
0.4461
0.42728
0.4272
0.46641
0.50964
0.50983
0.40841
0.32239
0.27769
0.27834
0.37003
0.61935
0.42713
0.36627
0.35381
0.29514
0.26377
0.31688
0.38581
0.35573
0.3666
0.38925
0.37475
0.41678
0.44551
0.47363
0.52286
0.59751
0.72036
0.69015
0.58524
0.60942
0.55976
0.55
0.48184
0.48976
0.684
0.74941
0.72936
0.74508
0.73687
0.73076
0.70565
0.69021
0.67527
0.68464
0.7036
0.67586
0.63818
0.65036
0.66567
0.63006
0.63582
0.64403
0.62058
0.53186
0.46534
0.4449
0.3887
0.37035
0.40002
0.38761
0.43262
0.36539
0.33239
0.32423
0.36417
0.41671
0.4014
0.35294
0.36121
0.5071
0.66485
0.59047
0.55367
0.65713
0.69571
0.68146
0.676
0.67395
0.67309
0.67307
0.66096
0.60044
0.6854
0.60439
0.54925
0.53838
0.48687
0.38784
0.37005
0.36765
0.3758
0.27323
0.33788
0.35208
0.37147
0.39745
0.43136
0.4494
0.5088
0.56358
0.56532
0.55869
0.55468
0.50251
0.43519
0.34697
0.30474
0.27059
0.2164
0.19883
0.17402
0.18251
0.17661
0.14383
0.16701
0.228
0.26634
0.31566
0.35282
0.35701
0.30247
0.28276
0.24782
0.25769
0.19133
0.19614
0.20804
0.22945
0.28458
0.31823
0.35288
0.40326
0.48103
0.55173
0.53624
0.46282
0.39996
0.38121
0.39605
0.43665
0.5528
0.63598
0.6287
0.51919
0.51797
0.45995
0.4403
0.48213
0.44886
0.40948
0.38056
0.35673
0.34897
0.33612
0.33243
0.33551
0.33875
0.34049
0.36332
0.41707
0.44076
0.45712
0.50241
0.56291
0.64107
0.69182
0.70258
0.69471
0.69482
0.69079
0.69399
0.69867
0.69706
0.67779
0.67594
0.6932
0.69186
0.70242
0.7121
0.72082
0.72914
0.71882
0.70719
0.7074
0.69911
0.72388
0.81045
0.80141
0.69198
0.58678
0.63501
0.50244
0.34188
0.35432
0.44885
0.3215
0.41101
0.5666
0.51317
0.46241
0.42304
0.43975
0.455
0.4325
0.37133
0.37447
0.66391
0.70964
0.54935
0.47064
0.33979
0.45179
0.48386
0.50253
0.47783
0.43623
0.38964
0.36415
0.37979
0.41821
0.57204
0.66379
0.66186
0.66232
0.66548
0.67941
0.67948
0.68326
0.67863
0.67448
0.67553
0.67563
0.67403
0.67706
0.68186
0.69938
0.66841
0.51123
0.40974
0.42057
0.61576
0.63103
0.56206
0.47712
0.391
0.31318
0.31986
0.29881
0.24443
0.22041
0.20132
0.19577
0.18319
0.31902
0.34086
0.41938
0.40413
0.48757
0.50657
0.51211
0.51173
0.45231
0.32002
0.20218
0.22136
0.26882
0.30413
0.31722
0.31377
0.33836
0.36167
0.38113
0.39166
0.41958
0.4454
0.48083
0.59409
0.65935
0.70027
0.69476
0.70072
0.70182
0.67995
0.60507
0.4523
0.35384
0.3098
0.26943
0.28592
0.32415
0.34934
0.3451
0.34851
0.34237
0.30912
0.30029
0.2975
0.30377
0.28353
0.39017
0.27925
0.25438
0.23678
0.25081
0.28525
0.34733
0.41107
0.45272
0.39338
0.33071
0.3228
0.40325
0.54383
0.6962
0.53126
0.6419
0.5209
0.4954
0.61336
0.62584
0.57236
0.43256
0.36129
0.34548
0.31097
0.26451
0.24319
0.22586
0.19869
0.1935
0.20403
0.22995
0.3149
0.32791
0.24184
0.30298
0.31797
0.37597
0.44598
0.53378
0.53159
0.48225
0.48178
0.51122
0.56769
0.64109
0.6445
0.65729
0.60007
0.62185
0.63555
0.59577
0.63458
0.61183
0.53733
0.42003
0.42974
0.43538
0.4454
0.44043
0.43092
0.47264
0.42334
0.40261
0.32619
0.25319
0.24032
0.25283
0.31019
0.32848
0.29788
0.32463
0.33995
0.29852
0.25058
0.2088
0.1832
0.20252
0.25085
0.32066
0.42136
0.52237
0.56414
0.56565
0.54518
0.54623
0.50912
0.49538
0.60635
0.78485
0.75271
0.73729
0.73364
0.72614
0.72908
0.73022
0.73931
0.74507
0.75395
0.7497
0.74917
0.74311
0.74152
0.6733
0.5382
0.48263
0.39245
0.39007
0.38376
0.36279
0.36273
0.37385
0.44455
0.46082
0.32515
0.27489
0.42925
0.47471
0.46051
0.36838
0.32583
0.31109
0.32753
0.42084
0.49617
0.54683
0.6358
0.68747
0.77224
0.75732
0.71719
0.61675
0.5751
0.5877
0.59921
0.63646
0.59264
0.5776
0.53151
0.44057
0.39508
0.36409
0.35428
0.34402
0.27656
0.29232
0.28024
0.22508
0.26058
0.40906
0.62752
0.58034
0.56024
0.54425
0.55736
0.60542
0.62597
0.7213
0.81684
0.83392
0.82629
0.74704
0.74909
0.72383
0.6338
0.63796
0.74599
0.82286
0.82584
0.84905
0.72935
0.72541
0.7731
0.77297
0.77109
0.78346
0.77593
0.76484
0.78688
0.62464
0.4668
0.47793
0.49154
0.50576
0.55893
0.50333
0.46297
0.47735
0.5239
0.56908
0.58113
0.59807
0.58707
0.63543
0.77853
0.80214
0.76966
0.774
0.77378
0.77255
0.76965
0.76064
0.77322
0.76987
0.68755
0.75282
0.75808
0.742
0.77824
0.68096
0.55479
0.59928
0.75304
0.77171
0.73728
0.66205
0.55439
0.60432
0.50338
0.53807
0.54254
0.62951
0.84095
0.82531
0.81981
0.81493
0.77071
0.79339
0.81753
0.77716
0.78187
0.79864
0.80647
0.81525
0.77903
0.79387
0.81438
0.84184
0.85669
0.85783
0.85881
0.84113
0.84992
0.82911
0.88461
0.77743
0.74295
0.77523
0.80592
0.75946
0.80235
0.74032
0.67408
0.58027
0.5919
0.59988
0.60636
0.67321
0.76566
0.7913
0.77161
0.61666
0.6561
0.72191
0.78028
0.70841
0.62066
0.48059
0.38326
0.38436
0.40257
0.42749
0.43469
0.39455
0.31911
0.25536
0.22488
0.24341
0.27856
0.38138
0.42007
0.41019
0.38467
0.4058
0.38991
0.39728
0.44385
0.47418
0.49468
0.52745
0.48286
0.48877
0.505
0.61374
0.74702
0.68392
0.5609
0.74524
0.67952
0.71768
0.66439
0.61593
0.54915
0.46788
0.45757
0.55705
0.62089
0.55448
0.43619
0.4618
0.50599
0.68879
0.79239
0.7525
0.67957
0.71169
0.76341
0.82402
0.83032
0.88682
0.87767
0.88281
0.89546
0.88467
0.84417
0.83051
0.82407
0.81287
0.8109
0.78492
0.75801
0.64631
0.58763
0.57073
0.55355
0.48833
0.45755
0.41579
0.43894
0.30989
0.30729
0.34344
0.44608
0.48459
0.48709
0.54331
0.51053
0.46074
0.49282
0.52512
0.55592
0.59263
0.60398
0.78422
0.79306
0.83413
0.85024
0.87964
0.92141
0.90869
0.90879
0.90252
0.86186
0.84194
0.83028
0.85388
0.77844
0.9118
0.88689
0.87563
0.88477
0.83574
0.76303
0.78896
0.80468
0.90636
0.88856
0.86213
0.82586
0.80396
0.78776
0.75897
0.71463
0.68664
0.74967
0.71502
0.70099
0.77137
0.72119
0.70499
0.7079
0.57654
0.54351
0.5052
0.64677
0.72749
0.74879
0.85181
0.80788
0.86331
0.90172
0.92721
0.8257
0.8577
0.8008
0.82234
0.83329
0.84346
0.84638
0.84849
0.83322
0.81055
0.79863
0.69883
0.6869
0.68327
0.71485
0.77675
0.76632
0.78888
0.76191
0.78662
0.7595
0.7397
0.75495
0.84275
0.78633
0.70418
0.67934
0.68769
0.74405
0.78938
0.95395
0.95431
0.93414
0.92081
0.91573
0.79201
0.63357
0.60978
0.66536
0.7572
0.74109
0.7277
0.67602
0.58994
0.53963
0.53474
0.55434
0.56876
0.58026
0.52202
0.47213
0.44849
0.41057
0.41967
0.43551
0.41725
0.39254
0.45991
0.71783
0.81991
0.79822
0.80266
0.75791
0.5987
0.61999
0.61255
0.58398
0.46565
0.43385
0.69706
0.77545
0.84882
0.71043
0.53214
0.58378
0.59188
0.70235
0.66017
0.67507
0.69922
0.83025
0.88307
0.80182
0.70048
0.64904
0.72583
0.69397
0.72798
0.95156
0.94059
0.92189
0.91333
0.94647
0.75014
0.65497
0.76123
0.8478
0.88307
0.88473
0.84375
0.82344
0.72976
0.89484
0.83524
0.78928
0.7654
0.70176
0.57193
0.56186
0.57594
0.60703
0.61177
0.6048
0.55766
0.65409
0.57198
0.61876
0.55411
0.5719
0.69194
0.68702
0.84456
0.94508
0.85489
0.84055
0.83334
0.83754
0.84508
0.86037
0.86308
0.82602
0.71147
0.60706
0.62387
0.61859
0.63552
0.70022
0.74896
0.98848
0.99013
0.96554
0.9561
0.95529
0.96195
0.93965
0.87757
0.86652
0.87412
0.89513
0.88198
0.87741
0.8676
0.87143
0.73566
0.75299
0.78073
0.72804
0.69765
0.58607
0.83442
0.99855
0.9871
0.87312
0.86681
0.84363
0.83187
0.82718
0.81023
0.85785
0.85117
0.80137
0.73272
0.78887
0.74381
0.65596
0.577
0.52909
0.88678
0.87907
0.8704
0.87115
0.8716
0.88058
0.88356
0.87704
0.87475
0.867
0.84304
0.79539
0.69045
0.78838
0.81156
0.75034
0.61591
0.5423
0.52848
0.56596
0.60577
0.6231
0.65136
0.59135
0.57379
0.55848
0.53414
0.53739
0.55467
0.55085
0.49954
0.45567
0.42745
0.3861
0.38107
0.4038
0.39933
0.39748
0.43474
0.4092
0.43353
0.45202
0.47021
0.45979
0.41237
0.452
0.4811
0.50657
0.48802
0.42165
0.42301
0.42923
0.42745
0.4408
0.46828
0.59943
0.73289
0.74665
0.71741
0.70097
0.67477
0.64109
0.59103
0.55535
0.5358
0.57203
0.51651
0.4652
0.4242
0.39735
0.39293
0.39068
0.39109
0.409
0.41391
0.37323
0.39183
0.43095
0.43517
0.42524
0.43627
0.44477
0.4459
0.42726
0.4017
0.39149
0.39353
0.444
0.45132
0.44148
0.4189
0.40875
0.37835
0.4616
0.56644
0.54935
0.52512
0.53991
0.54638
0.54071
0.52645
0.52514
0.51148
0.49984
0.48654
0.46002
0.44756
0.44393
0.50392
0.59399
0.59114
0.60527
0.65051
0.63684
0.65539
0.68264
0.6808
0.67966
0.71277
0.72554
0.71858
0.78463
0.78374
0.80231
0.84643
0.83058
0.78066
0.75365
0.75032
0.79369
0.93103
0.94776
0.97071
0.97265
0.99752
0.99468
0.99899
0.99924
0.9997
0.99838
0.99992
0.97983
0.86869
0.96151
0.87908
0.81417
0.90696
0.9504
0.94985
0.95025
0.96426
0.99814
0.92541
0.87453
0.85833
0.85169
0.80489
0.82671
0.8817
0.90888
0.90037
0.84486
0.83946
0.81414
0.75434
0.74868
0.82817
0.88125
0.8607
0.85253
0.83315
0.83815
0.84799
0.87038
0.86242
0.86052
0.8833
0.85739
0.84402
0.84031
0.82517
0.83695
0.86018
0.88767
0.87274
0.84673
0.79807
0.74606
0.7116
0.73077
0.81259
0.88742
0.88129
0.86076
0.86022
0.87726
0.90367
0.87955
0.86961
0.86622
0.86264
0.85742
0.87151
0.87972
0.88748
0.90229
0.90651
0.88921
0.87965
0.89037
0.89424
0.88989
0.88461
0.87964
0.88989
0.87721
0.87541
0.88274
0.88923
0.90483
0.90106
0.88097
0.88398
0.89178
0.89684
0.91839
0.96818
0.98361
0.99353
0.99867
0.99777
0.95535
0.8633
0.87572
0.89465
0.90639
0.8858
0.86024
0.83721
0.98613
0.98024
0.84601
0.818
0.78037
0.81217
0.97969
0.99791
0.96294
0.93555
0.91557
0.83543
0.84152
1.0009
0.96184
0.99827
0.99707
0.98639
0.93938
0.87283
0.84611
0.86733
0.88285
0.77516
0.62493
0.60669
0.52984
0.59363
0.77867
0.93937
0.97864
0.98854
0.99277
0.99244
0.98081
0.98611
0.95959
0.82936
0.76918
0.74587
0.58384
0.43734
0.4257
0.41357
0.55174
0.68784
0.68001
0.76279
0.72103
0.64724
0.53631
0.45438
0.37572
0.35579
0.36955
0.39734
0.37563
0.39022
0.44622
0.49882
0.54992
0.54821
0.55882
0.59321
0.62263
0.62693
0.61651
0.59767
0.58131
0.55693
0.52039
0.51441
0.53447
0.56157
0.52089
0.55544
0.57159
0.61185
0.75274
0.80461
0.88045
0.88164
0.87644
0.87174
0.87203
0.86891
0.8698
0.87554
0.86806
0.86042
0.86973
0.86241
0.87626
0.86891
0.88162
0.87767
0.88067
0.88147
0.89996
0.89103
0.90126
0.92592
0.95498
0.93272
0.94335
0.99
0.99762
0.8862
0.83083
0.91707
0.98042
0.99871
1.0004
0.99774
0.96225
0.96129
0.95775
0.9684
0.96579
0.90107
0.91439
0.91647
0.95652
0.91678
0.93804
0.95323
0.93788
0.94516
0.89264
0.8487
0.86381
0.88067
0.88112
0.91794
0.95275
0.93292
0.93166
0.92512
0.89709
0.90387
0.88634
0.86479
0.86215
0.87519
0.97611
0.95819
0.8718
0.78788
0.96907
0.98132
0.98532
0.98857
0.99499
0.9907
0.95705
0.91065
0.86894
0.92942
0.87121
0.86671
0.86808
0.87045
0.69264
0.74512
0.82544
0.79826
0.77668
0.59003
0.32174
0.23785
0.32403
0.43541
0.49359
0.51471
0.61827
0.4572
0.38791
0.32946
0.35444
0.37089
0.51851
0.5196
0.59228
0.62109
0.46627
0.53828
0.58151
0.626
0.84178
0.9509
0.96975
0.98598
1.0004
0.8964
0.82021
0.85984
0.87187
0.86434
0.824
0.88399
0.82321
0.79457
0.78551
0.85801
0.90909
0.962
0.92366
0.86461
0.86109
0.83564
0.85708
0.81972
0.80917
0.80541
0.78756
0.76509
0.66951
0.65746
0.72066
0.67158
0.66771
0.66116
0.66694
0.72129
0.67096
0.66046
0.60274
0.52838
0.60175
0.74131
0.76719
0.68155
0.68189
0.59789
0.53553
0.47486
0.44893
0.40013
0.5325
0.40537
0.51455
0.6472
0.69903
0.68985
0.64935
0.60674
0.73852
0.78744
0.64949
0.57857
0.55155
0.53841
0.51956
0.53025
0.58628
0.61138
0.64637
0.73294
0.76731
0.77894
0.86321
0.87124
0.87561
0.86838
0.86409
0.86333
0.86459
0.85211
0.82566
0.8249
0.8417
0.78103
0.75809
0.76487
0.7226
0.64791
0.58817
0.55421
0.58479
0.64498
0.60032
0.49427
0.42121
0.40936
0.43305
0.45206
0.4718
0.56579
0.78903
0.91363
0.99762
0.99937
0.99603
0.98607
0.99565
0.98983
0.97891
0.98574
0.92711
0.89467
0.799
0.83293
0.94313
0.98088
0.95797
0.92446
0.98077
0.98085
0.93786
0.88013
0.93336
0.98936
0.95
0.73573
0.72082
0.63348
0.62601
0.62543
0.59692
0.6196
0.53449
0.42597
0.38439
0.36834
0.53442
0.41574
0.38648
0.35616
0.36955
0.41986
0.45964
0.48465
0.52603
0.55139
0.53265
0.50084
0.47199
0.46114
0.53025
0.56697
0.75339
0.84157
0.90752
0.81219
0.85029
0.90544
0.88412
0.85657
0.84153
0.83397
0.89074
0.86629
0.7029
0.75181
0.69259
0.61599
0.58916
0.6138
0.67569
0.63304
0.55732
0.47972
0.43519
0.41324
0.39713
0.39582
0.3938
0.42326
0.47268
0.50247
0.50214
0.4919
0.48596
0.5151
0.49112
0.47087
0.47155
0.4511
0.45134
0.45531
0.46042
0.46185
0.43291
0.41041
0.39662
0.37049
0.35495
0.33812
0.32375
0.31676
0.29312
0.27854
0.27639
0.29305
0.30791
0.3194
0.31542
0.32963
0.45676
0.47107
0.5307
0.48898
0.42981
0.40082
0.37409
0.37353
0.46853
0.49944
0.51392
0.51398
0.48525
0.46977
0.49968
0.56459
0.64134
0.66627
0.54872
0.47009
0.45104
0.46238
0.49998
0.48131
0.49619
0.50347
0.50181
0.50516
0.44202
0.3877
0.36631
0.38093
0.397
0.37711
0.3758
0.3501
0.34692
0.34685
0.36201
0.37678
0.35856
0.3459
0.35125
0.36696
0.3796
0.38056
0.37682
0.36488
0.33852
0.31708
0.30388
0.30408
0.32961
0.3905
0.38635
0.39235
0.38439
0.32627
0.28736
0.40925
0.52782
0.6426
0.66571
0.73243
0.74542
0.76023
0.65607
0.54769
0.4621
0.4489
0.48438
0.50146
0.49358
0.50554
0.52501
0.57261
0.59896
0.54442
0.46891
0.43135
0.42648
0.42605
0.31903
0.37899
0.39776
0.43212
0.45695
0.45243
0.46027
0.47343
0.46654
0.44912
0.41435
0.39158
0.41682
0.41214
0.37676
0.37684
0.3354
0.30976
0.30186
0.30704
0.33179
0.35637
0.31508
0.23258
0.27099
0.41158
0.48944
0.49165
0.47053
0.5009
0.53936
0.53146
0.48419
0.42315
0.397
0.38229
0.3768
0.35496
0.37398
0.48416
0.6014
0.80898
0.93859
0.97986
0.96268
0.8868
0.66774
0.74403
0.61127
0.75664
0.74114
0.85398
0.74164
0.59183
0.60534
0.76287
0.90378
0.91325
0.9595
0.93183
0.93508
0.88892
0.5938
0.42017
0.34433
0.29333
0.30232
0.46885
0.76416
0.89618
0.93399
0.942
0.96419
0.93553
0.94648
0.94583
0.947
0.84334
0.64977
0.69639
0.62284
0.57558
0.56105
0.54738
0.45141
0.47912
0.57475
0.54171
0.72004
0.75241
0.78865
0.80533
0.85934
0.86441
0.8569
0.86224
0.86471
0.86439
0.85111
0.59482
0.47812
0.4474
0.46398
0.4538
0.45685
0.53954
0.54241
0.58748
0.70346
0.77767
0.78704
0.84119
0.78919
0.77839
0.74924
0.78449
0.87402
0.93389
0.87752
0.84802
0.85751
0.84403
0.83873
0.79964
0.73753
0.7396
0.73713
0.64781
0.53701
0.54089
0.52868
0.5252
0.51786
0.56339
0.5726
0.59764
0.65606
0.68398
0.64431
0.66297
0.71992
0.79193
0.79023
0.81094
0.7963
0.64646
0.61638
0.69844
0.69643
0.87255
0.87707
0.87285
0.935
0.93861
0.93218
0.92604
0.924
0.89906
0.85443
0.80274
0.84483
0.82027
0.82391
0.85105
0.8109
0.83281
0.86055
0.82575
0.82498
0.79584
0.77584
0.76056
0.83271
0.89493
0.88374
0.92023
0.9345
0.93915
0.93794
0.92909
0.91051
0.91913
0.8773
0.87376
0.85608
0.86127
0.8831
0.87165
0.87821
0.89124
0.90416
0.82654
0.65105
0.48967
0.34532
0.32124
0.30053
0.58717
0.66153
0.86956
0.86604
0.88693
0.82553
0.84737
0.83959
0.83151
0.83075
0.86005
0.86808
0.87034
0.83321
0.8251
0.59541
0.59672
0.52413
0.47121
0.40891
0.34414
0.31597
0.29947
0.2794
0.2669
0.26554
0.25676
0.27321
0.29171
0.34815
0.78476
0.92924
0.93492
0.93206
0.93346
0.95219
0.9268
0.90941
0.90063
0.91943
0.90908
0.92887
0.90043
0.87551
0.86397
0.8559
0.8487
0.85559
0.85534
0.85195
0.86388
0.77475
0.66602
0.71526
0.88518
0.90134
0.95973
0.96115
0.93304
0.90108
0.89418
0.89298
0.87956
0.90382
0.7287
0.55421
0.41669
0.20874
0.13721
0.38804
0.53897
0.53121
0.49391
0.54131
0.86989
0.87852
0.9427
0.90034
0.90086
0.91426
0.88995
0.87746
0.86383
0.91412
0.95265
0.95723
0.95492
0.80134
0.76431
0.54218
0.34376
0.39919
0.82235
0.83228
0.84198
0.87568
0.89018
0.90006
0.89076
0.88965
0.90167
0.86544
0.5429
0.4506
0.40181
0.37176
0.38736
0.40873
0.45649
0.46442
0.57846
0.79497
0.81789
0.81587
0.80183
0.76726
0.5144
0.43122
0.49628
0.68652
0.86044
0.89759
0.89895
0.88046
0.85103
0.83966
0.89825
0.83333
0.85909
0.87353
0.57615
0.80024
0.84288
0.84677
0.50564
0.32818
0.3184
0.39061
0.66812
0.81986
0.7589
0.76486
0.84926
0.82824
0.76582
0.83059
0.78971
0.78032
0.80103
0.81195
0.8144
0.81083
0.82438
0.81347
0.8102
0.82897
0.81971
0.76547
0.54194
0.56224
0.75585
0.87427
0.88107
0.89105
0.88073
0.87118
0.86415
0.85889
0.86245
0.83232
0.83573
0.82099
0.78794
0.82043
0.84253
0.84993
0.85312
0.85257
0.84989
0.8474
0.84496
0.844
0.83842
0.83565
0.81725
0.6896
0.68333
0.60732
0.79874
0.8047
0.81121
0.81989
0.75194
0.68795
0.69998
0.48868
0.44451
0.38971
0.34717
0.31467
0.33318
0.32138
0.27541
0.23448
0.20012
0.2619
0.36927
0.35595
0.3422
0.33385
0.33766
0.42076
0.66425
0.67183
0.58625
0.43785
0.42151
0.48237
0.58683
0.60623
0.64006
0.72215
0.81808
0.82375
0.83735
0.86
0.87084
0.86404
0.83907
0.81256
0.54628
0.49739
0.43214
0.45998
0.51052
0.65181
0.73704
0.77999
0.78453
0.79076
0.78062
0.7728
0.78099
0.72795
0.69074
0.54953
0.38294
0.30225
0.31588
0.24399
0.18583
0.24512
0.33507
0.38137
0.37037
0.35949
0.35696
0.35007
0.39053
0.49976
0.75484
0.63723
0.42055
0.3683
0.38527
0.72715
0.77251
0.30816
0.45381
0.41231
0.34633
0.32912
0.32291
0.34681
0.50395
0.5811
0.72
0.53543
0.71955
0.75167
0.69436
0.74406
0.71974
0.54526
0.47576
0.33048
0.33987
0.567
0.64875
0.69623
0.71085
0.68426
0.68737
0.67262
0.65183
0.74322
0.78413
0.75921
0.77048
0.74532
0.75481
0.65184
0.40191
0.36256
0.37159
0.37205
0.39689
0.41016
0.49543
0.71889
0.72756
0.73362
0.71703
0.7126
0.71336
0.71234
0.72385
0.67701
0.56702
0.6678
0.70693
0.74159
0.7595
0.77709
0.75982
0.72203
0.72311
0.73869
0.75549
0.76504
0.78599
0.74988
0.6915
0.71241
0.71242
0.61117
0.47472
0.45897
0.40848
0.37812
0.37328
0.44134
0.57073
0.68845
0.72961
0.75385
0.77058
0.73648
0.72512
0.71809
0.70221
0.72741
0.71149
0.761
0.72758
0.73596
0.71577
0.70359
0.69532
0.69409
0.69577
0.69318
0.70711
0.69676
0.67378
0.52288
0.42302
0.36455
0.31166
0.28676
0.26816
0.25861
0.25337
0.26695
0.30722
0.31504
0.33632
0.32959
0.34252
0.46656
0.56018
0.59457
0.47316
0.41824
0.40576
0.42361
0.43247
0.42781
0.4268
0.38197
0.33555
0.31568
0.30965
0.29468
0.2777
0.28084
0.29361
0.29437
0.29038
0.25296
0.2154
0.20806
0.19998
0.25357
0.27778
0.31054
0.33156
0.4348
0.50756
0.57824
0.53436
0.47184
0.44911
0.40279
0.35188
0.33155
0.29057
0.24944
0.27774
0.34302
0.34613
0.28258
0.26893
0.27441
0.26935
0.25435
0.26834
0.35546
0.45963
0.59554
0.6225
0.69786
0.69024
0.71294
0.71728
0.70952
0.69914
0.70701
0.71223
0.70185
0.6945
0.69737
0.70233
0.70081
0.70069
0.70188
0.69317
0.69453
0.72073
0.72394
0.72773
0.74129
0.73809
0.7408
0.7449
0.76174
0.75178
0.72417
0.72292
0.72273
0.72862
0.71692
0.71259
0.78261
0.77682
0.79996
0.78319
0.79319
0.60629
0.5754
0.75608
0.78533
0.78062
0.77839
0.74549
0.73971
0.55866
0.71006
0.69867
0.6961
0.68807
0.72372
0.68363
0.69147
0.68102
0.6554
0.63171
0.54332
0.58447
0.63848
0.62186
0.5997
0.52951
0.46983
0.38467
0.4109
0.29889
0.26938
0.29439
0.25349
0.44733
0.63942
0.44617
0.38467
0.35883
0.35718
0.35974
0.37592
0.35678
0.29761
0.30443
0.33401
0.30704
0.29719
0.31224
0.28937
0.26644
0.24284
0.25683
0.22656
0.21868
0.21745
0.22482
0.22922
0.24088
0.2394
0.2495
0.29465
0.29072
0.31286
0.33238
0.32615
0.32111
0.33924
0.32569
0.33212
0.33777
0.32656
0.32782
0.32453
0.28606
0.26868
0.24895
0.24892
0.24951
0.24808
0.25045
0.25343
0.23893
0.22334
0.20174
0.17635
0.14744
0.12945
0.11982
0.12956
0.14659
0.20632
0.28734
0.32605
0.72366
0.7248
0.7512
0.74061
0.68125
0.50077
0.32913
0.37144
0.61522
0.76116
0.75447
0.76254
0.75486
0.73349
0.71269
0.68486
0.69972
0.72905
0.77103
0.7767
0.78932
0.79363
0.79305
0.79187
0.75869
0.74152
0.74812
0.75525
0.75615
0.6985
0.66982
0.66618
0.676
0.67714
0.67565
0.68694
0.70967
0.7273
0.73016
0.70297
0.68622
0.686
0.69918
0.68486
0.67204
0.5046
0.44458
0.3822
0.32102
0.26788
0.41204
0.35117
0.26781
0.20285
0.1864
0.17211
0.18374
0.18521
0.19918
0.26298
0.19431
0.7321
0.76623
0.76881
0.76858
0.73417
0.72747
0.51677
0.45858
0.34991
0.32553
0.3593
0.36321
0.33286
0.46039
0.84571
0.80312
0.79
0.78277
0.76018
0.75846
0.76186
0.74594
0.74043
0.74029
0.73894
0.75497
0.72726
0.7169
0.69845
0.68888
0.67184
0.66428
0.65938
0.72127
0.80022
0.78919
0.76548
