0.73063
0.75539
0.58352
0.67674
0.69034
0.74778
0.75645
0.74833
0.70963
0.72691
0.71513
0.52416
0.44085
0.45495
0.43937
0.43979
0.37757
0.34457
0.48192
0.58603
0.40316
0.30587
0.30584
0.47309
0.75902
0.7533
0.7864
0.78686
0.78742
0.79266
0.7368
0.69209
0.66677
0.52016
0.47509
0.34588
0.33543
0.28877
0.256
0.23551
0.26301
0.35683
0.4518
0.68247
0.82176
0.85603
0.75985
0.64608
0.44927
0.3492
0.32244
0.42902
0.5188
0.66321
0.77665
0.74818
0.76152
0.75088
0.74845
0.65597
0.32496
0.86293
0.81159
0.81936
0.82441
0.82859
0.53195
0.57493
0.55665
0.47468
0.57666
0.56178
0.48933
0.45154
0.40087
0.35192
0.50731
0.66848
0.33288
0.34335
0.4085
0.38228
0.50358
0.72541
0.74151
0.6226
0.71359
0.70608
0.70292
0.70366
0.69964
0.69679
0.69868
0.70055
0.70513
0.68781
0.74089
0.76915
0.76305
0.75528
0.69916
0.59737
0.39169
0.32323
0.31753
0.27349
0.39029
0.74565
0.73466
0.74589
0.75676
0.72488
0.79427
0.37246
0.34284
0.49214
0.69542
0.61147
0.51103
0.55683
0.53643
0.49758
0.55047
0.51761
0.5235
0.59104
0.3771
0.31255
0.2949
0.32902
0.59068
0.68337
0.53169
0.59073
0.58692
0.50351
0.24175
0.26762
0.31061
0.30832
0.308
0.29602
0.30018
0.3042
0.32306
0.32737
0.35792
0.41075
0.46638
0.58377
0.7062
0.66205
0.53593
0.44947
0.39433
0.37749
0.36116
0.34201
0.3354
0.3099
0.32742
0.48631
0.53003
0.69139
0.75071
0.79751
0.71813
0.64039
0.53042
0.43308
0.54392
0.4333
0.51167
0.61964
0.59913
0.64541
0.55133
0.54367
0.57235
0.55851
0.53697
0.52235
0.59602
0.55046
0.65781
0.6689
0.70564
0.72725
0.72749
0.62918
0.55975
0.45384
0.39868
0.34101
0.23988
0.26362
0.29911
0.35636
0.40496
0.45918
0.61262
0.7739
0.72978
0.6667
0.66593
0.667
0.69585
0.72405
0.71448
0.59747
0.7158
0.63634
0.42187
0.65525
0.67661
0.66644
0.66157
0.65003
0.64697
0.64306
0.63969
0.63876
0.68314
0.67378
0.6063
0.65858
0.50094
0.51871
0.52562
0.55681
0.58476
0.57077
0.55921
0.45693
0.62389
0.65298
0.64401
0.6582
0.6535
0.60691
0.42051
0.59765
0.64833
0.60697
0.49566
0.32018
0.35311
0.33798
0.28336
0.34941
0.54597
0.30817
0.43196
0.6501
0.64192
0.6283
0.54254
0.45724
0.40948
0.36226
0.49136
0.54287
0.60396
0.61946
0.60657
0.60857
0.60566
0.59716
0.55865
0.50211
0.35806
0.34723
0.3348
0.32753
0.32859
0.35425
0.33263
0.34202
0.3006
0.28066
0.31045
0.34083
0.42683
0.53547
0.65856
0.6182
0.53812
0.46407
0.62783
0.70703
0.74034
0.75148
0.7474
0.74337
0.69778
0.44365
0.37714
0.36858
0.36824
0.39088
0.45002
0.70516
0.79254
0.83573
0.79391
0.79561
0.78567
0.41811
0.38141
0.35538
0.30947
0.31441
0.49078
0.86665
0.89664
0.84887
0.82364
0.8187
0.80322
0.75724
0.72999
0.71728
0.71315
0.61864
0.80802
0.78495
0.56808
0.46953
0.35792
0.38024
0.42379
0.50499
0.57302
0.57308
0.56539
0.5338
0.50713
0.46864
0.44715
0.4352
0.46609
0.51365
0.57436
0.64415
0.6417
0.64707
0.66831
0.68483
0.6746
0.69137
0.76948
0.78392
0.78082
0.78389
0.78093
0.34216
0.2987
0.29013
0.30416
0.34126
0.45087
0.65328
0.65301
0.65571
0.6526
0.66466
0.6691
0.66953
0.66817
0.65269
0.65465
0.65231
0.65573
0.67378
0.69593
0.67534
0.69836
0.71435
0.7351
0.74432
0.62248
0.36115
0.36702
0.3882
0.39342
0.47972
0.57035
0.52937
0.4629
0.39727
0.33945
0.28978
0.27923
0.27135
0.29635
0.28641
0.26821
0.25608
0.27605
0.24836
0.5403
0.59121
0.25844
0.17053
0.29527
0.42459
0.45266
0.51688
0.4719
0.39265
0.37332
0.3478
0.38665
0.42176
0.34677
0.28379
0.23316
0.20104
0.18085
0.16466
0.15974
0.13772
0.1338
0.12671
0.14497
0.30835
0.48854
0.68355
0.54542
0.42194
0.35654
0.40451
0.68419
0.42216
0.23821
0.20184
0.30693
0.21799
0.21751
0.21236
0.25655
0.31498
0.34202
0.3897
0.33693
0.29787
0.33861
0.32771
0.32487
0.36451
0.38418
0.39668
0.39444
0.37099
0.41117
0.4512
0.67067
0.51754
0.47843
0.61188
0.55532
0.57745
0.47527
0.50445
0.53045
0.4692
0.45464
0.42945
0.48442
0.49047
0.4858
0.53131
0.41943
0.46092
0.54289
0.49427
0.44329
0.42124
0.41098
0.42339
0.49669
0.66181
0.71349
0.6973
0.65481
0.68175
0.70883
0.69075
0.68556
0.69059
0.68069
0.6937
0.70769
0.67369
0.54201
0.46628
0.3973
0.36195
0.33778
0.2992
0.26921
0.27263
0.4065
0.41822
0.41509
0.39823
0.42224
0.31237
0.18731
0.38253
0.76222
0.66692
0.60517
0.54465
0.5107
0.63629
0.71192
0.66876
0.76393
0.77305
0.78429
0.80502
0.84354
0.84344
0.83586
0.84508
0.80547
0.82237
0.81205
0.82339
0.81235
0.86346
0.83145
0.8136
0.77737
0.77208
0.78231
0.78971
0.78671
0.72479
0.72349
0.70646
0.71831
0.69324
0.69009
0.67161
0.65222
0.65655
0.63951
0.64516
0.65729
0.67627
0.67916
0.6845
0.68859
0.6809
0.68816
0.69482
0.69661
0.69628
0.69459
0.70016
0.73009
0.75061
0.71944
0.71193
0.6799
0.65465
0.61358
0.71673
0.80379
0.80974
0.80406
0.74738
0.66337
0.61618
0.62907
0.63624
0.63801
0.54661
0.44347
0.37835
0.35099
0.31172
0.27217
0.23814
0.18856
0.15548
0.16489
0.21928
0.32169
0.37656
0.37348
0.33292
0.39724
0.38787
0.42743
0.43347
0.42048
0.3501
0.33017
0.32961
0.35796
0.39688
0.41232
0.44226
0.39161
0.35334
0.3751
0.33596
0.35588
0.27338
0.18777
0.14955
0.14941
0.16275
0.25003
0.2564
0.24814
0.27363
0.27389
0.28161
0.31685
0.31928
0.30368
0.30304
0.31297
0.34302
0.37467
0.42949
0.4858
0.51869
0.5395
0.48344
0.46009
0.42545
0.41306
0.70529
0.72928
0.61611
0.4455
0.33581
0.39835
0.43354
0.47525
0.65753
0.6373
0.60813
0.52905
0.47059
0.43208
0.53174
0.71952
0.46221
0.47163
0.55162
0.64152
0.64735
0.6548
0.66196
0.66145
0.57611
0.48392
0.49639
0.5247
0.52964
0.58421
0.63715
0.6094
0.60896
0.58548
0.49138
0.43341
0.50641
0.59875
0.61577
0.60375
0.59556
0.54325
0.48795
0.43467
0.49563
0.41357
0.31302
0.275
0.2892
0.34114
0.33977
0.31206
0.29591
0.30613
0.3173
0.36702
0.49269
0.65832
0.5611
0.47995
0.42303
0.36481
0.33919
0.33215
0.36554
0.4108
0.42457
0.44843
0.434
0.461
0.67257
0.70984
0.723
0.74454
0.74936
0.7561
0.77081
0.81233
0.84134
0.83713
0.86844
0.86485
0.84722
0.81485
0.77829
0.68239
0.66965
0.79759
0.66697
0.68008
0.67909
0.667
0.67857
0.63221
0.57638
0.63426
0.63926
0.7559
0.65101
0.62493
0.61053
0.53057
0.47998
0.50239
0.47392
0.43779
0.42458
0.44103
0.38005
0.27835
0.29005
0.44072
0.5661
0.59784
0.46359
0.65679
0.65884
0.59475
0.49226
0.35065
0.394
0.4768
0.41885
0.40897
0.35524
0.30625
0.3305
0.30101
0.31865
0.34729
0.45608
0.50769
0.50282
0.45197
0.39725
0.41585
0.4463
0.43035
0.40251
0.32294
0.30726
0.29331
0.28984
0.26352
0.33604
0.43799
0.52927
0.52088
0.51533
0.53704
0.57948
0.50038
0.44356
0.39448
0.37535
0.38017
0.38927
0.30426
0.2852
0.27743
0.30745
0.39158
0.46777
0.61141
0.69688
0.65294
0.62807
0.62291
0.65626
0.75725
0.85531
0.74686
0.73953
0.75147
0.77795
0.80876
0.84105
0.83358
0.82524
0.81519
0.8003
0.77673
0.77168
0.77697
0.77506
0.80583
0.76803
0.76292
0.74856
0.73253
0.73047
0.73228
0.73376
0.74329
0.74722
0.7493
0.75295
0.75411
0.75378
0.75186
0.75446
0.75296
0.77359
0.78776
0.74738
0.73704
0.7304
0.71025
0.71896
0.69666
0.7024
0.74711
0.74108
0.7001
0.67163
0.64371
0.6114
0.56997
0.4409
0.3637
0.34929
0.27131
0.26353
0.26656
0.30535
0.30984
0.28176
0.26021
0.34205
0.47303
0.47112
0.82084
0.8139
0.79768
0.83601
0.86951
0.81733
0.80454
0.73642
0.83367
0.74475
0.67385
0.60676
0.74947
0.69194
0.74831
0.71688
0.60227
0.60554
0.61694
0.64137
0.63767
0.61196
0.5442
0.542
0.66662
0.76646
0.72203
0.68986
0.68
0.67108
0.63907
0.72494
0.852
0.87388
0.87135
0.87006
0.86306
0.85289
0.84633
0.8322
0.82124
0.82199
0.78013
0.78007
0.68385
0.62629
0.66441
0.60483
0.54014
0.46278
0.41306
0.34701
0.24265
0.16162
0.13256
0.12917
0.14064
0.18236
0.21105
0.30126
0.33131
0.42014
0.38538
0.42176
0.47325
0.58232
0.61068
0.7475
0.8694
0.87558
0.8586
0.84307
0.77586
0.74753
0.76146
0.76611
0.75861
0.75799
0.75167
0.74109
0.71988
0.73518
0.74042
0.85846
0.79006
0.77429
0.70038
0.63847
0.61269
0.61699
0.59095
0.55992
0.5126
0.57127
0.61934
0.667
0.67687
0.62859
0.67066
0.63247
0.58553
0.57812
0.54745
0.65757
0.77651
0.79617
0.91655
0.8733
0.77896
0.78974
0.75985
0.75684
0.7398
0.7075
0.87261
0.85721
0.76066
0.76403
0.80749
0.66407
0.65816
0.57478
0.58845
0.66473
0.66674
0.7779
0.72509
0.75797
0.73036
0.74346
0.74133
0.74782
0.74889
0.75244
0.74578
0.71657
0.62214
0.56942
0.59931
0.6108
0.65092
0.7033
0.65843
0.74209
0.83724
0.74448
0.73881
0.74356
0.68973
0.66965
0.66941
0.75046
0.7564
0.74728
0.75158
0.74937
0.75398
0.74866
0.74142
0.70131
0.65249
0.72041
0.73688
0.74673
0.75176
0.75055
0.73341
0.7301
0.71228
0.72745
0.7324
0.71926
0.77757
0.78866
0.83519
0.78996
0.79897
0.84214
0.79845
0.76233
0.75516
0.74028
0.692
0.64573
0.59794
0.49842
0.53369
0.5757
0.62997
0.69286
0.71903
0.58508
0.53221
0.5509
0.61524
0.58774
0.46945
0.45585
0.42292
0.43628
0.43912
0.37121
0.35359
0.62291
0.45837
0.55171
0.60311
0.55777
0.49031
0.41239
0.38617
0.36782
0.4519
0.51016
0.40182
0.44704
0.50257
0.48589
0.44396
0.39163
0.57094
0.61564
0.73892
0.66835
0.70665
0.73818
0.63616
0.53121
0.55677
0.50525
0.38348
0.7497
0.74513
0.73402
0.75364
0.65169
0.79203
0.77803
0.71024
0.72645
0.77271
0.88057
0.75217
0.77037
0.6663
0.83678
0.79553
0.72759
0.7409
0.72651
0.69267
0.80162
0.79902
0.80801
0.79549
0.79541
0.78892
0.79888
0.79589
0.78126
0.76469
0.76718
0.77958
0.73374
0.79315
0.8134
0.82281
0.80952
0.78647
0.81017
0.82223
0.80283
0.80401
0.79055
0.70896
0.65739
0.81849
0.7136
0.825
0.83945
0.8516
0.92333
0.82745
0.93921
0.92641
0.8902
0.89971
0.90914
0.84686
0.73585
0.71718
0.80599
0.87818
0.8387
0.83991
0.74119
0.62881
0.65188
0.69611
0.65516
0.63356
0.88849
0.76112
0.73421
0.89133
0.8778
0.8353
0.83693
0.84168
0.84793
0.8357
0.81485
0.93552
0.98301
0.9473
0.91699
0.91675
0.87184
0.84415
0.83703
0.81635
0.80347
0.70839
0.61024
0.73449
0.69368
0.49278
0.45006
0.50428
0.50389
0.54624
0.65337
0.72761
0.72005
0.68084
0.69404
0.58401
0.79459
0.99077
0.99425
0.99293
0.97206
0.96688
0.89347
0.87427
0.89219
0.88418
0.85261
0.82334
0.87631
0.8501
0.75823
0.77143
0.74219
0.69419
0.69772
0.74145
0.72902
0.71104
0.70561
0.81389
0.88532
0.87339
0.86079
0.86306
0.86049
0.88014
0.87348
0.85095
0.85105
0.84573
0.83629
0.83173
0.87519
0.95958
0.90563
0.77159
0.68105
0.66606
0.70181
0.73278
0.74107
0.71022
0.65836
0.63251
0.60611
0.5715
0.64059
0.68443
0.69908
0.65661
0.6058
0.79232
0.74474
0.70689
0.6341
0.61481
0.67502
0.70159
0.62365
0.6198
0.64049
0.63378
0.81331
0.85706
0.86163
0.85307
0.85757
0.84936
0.83315
0.80878
0.74982
0.68714
0.72261
0.72246
0.69426
0.69653
0.75203
0.76704
0.73955
0.72039
0.71869
0.68916
0.61139
0.60866
0.53276
0.53102
0.54886
0.647
0.74449
0.72213
0.67927
0.70326
0.77382
0.83497
0.96739
0.98776
0.99858
1.0006
0.9995
0.98367
0.80658
0.67586
0.60383
0.54643
0.53957
0.52035
0.51289
0.61271
0.78724
0.74054
0.71218
0.72799
0.71201
0.69236
0.666
0.61274
0.58361
0.62349
0.57867
0.57008
0.60577
0.63434
0.65408
0.66292
0.65207
0.66097
0.66815
0.67753
0.71243
0.70849
0.66327
0.59498
0.55039
0.75147
0.8826
0.87217
0.8686
0.87482
0.88801
0.90576
0.89749
0.90684
0.90283
0.81819
0.63683
0.57418
0.55967
0.52675
0.47409
0.47219
0.50912
0.52063
0.56611
0.57317
0.56117
0.47863
0.45608
0.43319
0.44657
0.43681
0.45223
0.41318
0.52369
0.87961
0.86904
0.87782
0.87057
0.87293
0.88159
0.87394
0.87327
0.85755
0.86153
0.87208
0.83221
0.85183
0.84687
0.72842
0.68669
0.60869
0.55025
0.51017
0.48244
0.48105
0.49944
0.44975
0.4459
0.5387
0.57997
0.63366
0.7323
0.78756
0.88212
0.88279
0.88383
0.87271
0.8272
0.78535
0.75754
0.73987
0.72443
0.70976
0.73285
0.76161
0.76612
0.75372
0.71018
0.61468
0.59039
0.53881
0.82324
0.83751
0.92201
0.9893
0.90315
0.90314
0.88183
0.86834
0.86175
0.86607
0.87418
0.86506
0.85273
0.84859
0.85116
0.86599
0.86084
0.8177
0.76498
0.76104
0.73657
0.70739
0.70143
0.68614
0.65902
0.55653
0.45331
0.4524
0.50424
0.49928
0.62477
0.7944
0.90894
0.97403
0.97084
0.96553
0.97126
0.92391
0.84103
0.78856
0.731
0.69052
0.64371
0.59514
0.53762
0.5649
0.57633
0.64565
0.66584
0.70561
0.72684
0.72774
0.69046
0.65853
0.63608
0.62879
0.62716
0.59405
0.55846
0.52752
0.52498
0.53015
0.54144
0.55157
0.54814
0.51959
0.4899
0.505
0.50362
0.52066
0.52615
0.52482
0.51092
0.49766
0.52274
0.54152
0.5402
0.53455
0.57981
0.59448
0.58357
0.54871
0.56588
0.63626
0.66247
0.67918
0.69459
0.69379
0.6965
0.71627
0.72661
0.72261
0.71608
0.68359
0.66184
0.64116
0.6291
0.59441
0.58149
0.63257
0.7258
0.7685
0.78148
0.81422
0.82735
0.8305
0.76844
0.70047
0.69751
0.70715
0.70669
0.72571
0.74669
0.78331
0.88424
0.88062
0.88397
0.88344
0.86607
0.82245
0.80631
0.8604
0.94881
0.99492
0.98
0.987
0.98711
0.98966
0.99658
0.98361
0.98079
1.0005
0.9995
0.99887
1.0002
0.99645
0.98372
0.9799
0.90325
0.95686
0.88427
0.8871
0.90649
0.91148
0.96932
0.98402
0.97892
0.98723
0.98164
0.93935
0.95858
0.84207
0.73426
0.63649
0.61062
0.57551
0.55007
0.48775
0.46781
0.51716
0.88012
0.97482
0.97222
0.97436
0.97991
0.97214
0.97195
0.96129
0.9513
0.95226
0.94297
0.96976
0.98821
0.97987
0.91711
0.89209
0.95481
0.95437
0.91205
0.87396
0.86547
0.91773
0.96046
0.96542
0.97956
0.9998
1.0002
0.99784
0.93303
0.95403
0.91648
0.87864
0.93823
0.93544
0.85519
0.74415
0.67115
0.6026
0.50529
0.5498
0.4579
0.41856
0.41955
0.48356
0.48196
0.52708
0.60614
0.5964
0.54831
0.5315
0.50875
0.50204
0.49419
0.47037
0.4673
0.42795
0.39879
0.44361
0.47867
0.48683
0.49057
0.46935
0.40484
0.36208
0.36395
0.3669
0.42468
0.50816
0.61413
0.7005
0.77954
0.83733
0.8273
0.80562
0.76101
0.73047
0.70547
0.75544
0.90404
0.97422
0.99045
0.98936
0.99195
0.98585
0.96888
0.95341
0.89628
0.87586
0.85179
0.84654
0.82504
0.82787
0.78334
0.79623
0.8328
0.83778
0.84274
0.82959
0.80936
0.7976
0.80862
0.8354
0.80412
0.74049
0.66605
0.60815
0.55893
0.51954
0.54338
0.55835
0.58074
0.58845
0.57801
0.55349
0.5468
0.54228
0.55405
0.576
0.56323
0.55786
0.58762
0.59116
0.603
0.62635
0.65731
0.70123
0.71763
0.71064
0.67397
0.61038
0.58091
0.60014
0.52797
0.49807
0.67559
0.7517
0.77294
0.80523
0.85602
0.83124
0.81815
0.858
0.9259
0.95391
0.89647
0.9696
0.98844
0.98096
0.97061
0.98716
0.98773
0.99756
0.99306
0.97017
0.90812
0.84423
0.83454
0.7521
0.89149
0.91367
0.95885
0.96368
0.93355
0.89793
0.94724
0.98703
0.98474
0.95321
0.83899
0.77107
0.68998
0.62177
0.50571
0.47026
0.4741
0.46654
0.50316
0.52731
0.55864
0.59656
0.64535
0.65257
0.6385
0.58462
0.53589
0.55528
0.74344
0.68755
0.69264
0.76103
0.88079
0.88688
0.7803
0.60812
0.51154
0.46816
0.41422
0.37949
0.34436
0.35604
0.37325
0.40387
0.43466
0.45343
0.40611
0.31317
0.39128
0.44422
0.47687
0.56627
0.64051
0.71589
0.79126
0.88087
0.8896
0.88165
0.90032
0.87773
0.85927
0.88182
0.8809
0.85657
0.85209
0.88981
0.91392
0.91385
0.96847
0.97821
0.96468
0.93643
0.96961
0.86927
0.90872
0.94284
0.98129
0.99721
0.99135
0.98832
0.99683
0.97893
0.98988
0.98504
0.97956
0.98327
0.99359
0.99612
0.98781
0.9677
0.99875
0.97045
0.98503
0.87671
0.66653
0.67897
0.71954
0.91608
0.9969
0.99734
0.99747
0.97928
0.9635
0.97439
0.93179
0.97945
0.99256
0.97939
0.97616
0.98518
0.99075
1.0007
1.0018
0.99459
0.98812
0.95672
0.97339
1.0013
1.0006
0.98962
0.99385
0.97055
0.99777
0.99913
0.96804
0.64269
0.5639
0.80906
0.89473
0.82614
0.64047
0.81956
0.77254
0.68635
0.64184
0.85293
0.878
0.93642
0.96846
0.96446
0.96966
0.98417
0.90877
0.90416
0.90212
0.91018
0.9407
0.96948
0.97111
0.97875
0.97339
0.97569
0.95536
0.92325
0.92828
0.95939
0.98226
0.94796
0.89328
0.82631
0.85418
0.49159
0.41699
0.41957
0.44612
0.45129
0.67665
0.59659
0.60019
0.5857
0.36789
0.41339
0.42829
0.39997
0.54533
0.65765
0.65184
0.70182
0.73091
0.77377
0.8
0.79529
0.81144
0.8056
0.74616
0.68315
0.5836
0.61086
0.86927
0.87745
0.87901
0.88403
0.86901
0.86306
0.72202
0.72635
0.68377
0.6833
0.70869
0.62282
0.37917
0.48175
0.65336
0.8488
0.8986
0.88366
0.80872
0.90715
0.91642
0.65951
0.62139
0.5288
0.79149
0.86954
0.88987
0.86333
0.87243
0.86809
0.87913
0.86318
0.86963
0.86853
0.88667
0.90578
0.91469
0.87505
0.80117
0.5927
0.66074
0.65602
0.58926
0.48017
0.58975
0.82748
0.85704
0.84991
0.86095
0.87423
0.89752
0.92884
0.89011
0.89026
0.85518
0.84469
0.69527
0.78001
0.78287
0.92691
0.7924
0.59651
0.41674
0.43004
0.45595
0.46503
0.47211
0.50787
0.5817
0.55621
0.47907
0.45514
0.46791
0.48504
0.49324
0.50587
0.52265
0.54001
0.56625
0.55821
0.58367
0.60914
0.64938
0.81483
0.83878
0.84142
0.85602
0.83903
0.8424
0.87375
0.89036
0.86415
0.88079
0.86584
0.886
0.87064
0.85333
0.89928
0.87855
0.854
0.84874
0.84083
0.84867
0.84328
0.84707
0.83043
0.82361
0.71534
0.59842
0.54097
0.54391
0.55822
0.5842
0.63571
0.72186
0.65558
0.50311
0.41426
0.36948
0.32868
0.39323
0.4895
0.61549
0.83623
0.83336
0.83708
0.84805
0.86293
0.92527
0.922
0.90369
0.91596
0.93164
0.92929
0.93024
0.93528
0.94201
0.93364
0.94461
0.94892
0.94295
0.93447
0.92203
0.92049
0.92656
0.93065
0.93567
0.9325
0.94281
0.9433
0.96119
0.9677
0.93761
0.87652
0.86526
0.73874
0.82472
0.94936
0.80735
0.82166
0.82874
0.9474
0.98224
0.96168
0.8706
0.72811
0.56069
0.43057
0.47152
0.46889
0.32231
0.22953
0.33827
0.37119
0.40103
0.42443
0.49261
0.54005
0.58286
0.62453
0.64233
0.66134
0.6549
0.63478
0.73071
0.72846
0.6202
0.5769
0.40667
0.70575
0.90299
0.96843
0.93401
0.91753
0.91994
0.95188
0.95512
0.9549
0.93484
0.94292
0.94109
0.92851
0.90774
0.9278
0.89611
0.87349
0.83861
0.75079
0.77054
0.71189
0.65808
0.62568
0.5744
0.52816
0.46065
0.48297
0.53576
0.51392
0.61554
0.59607
0.57642
0.49006
0.50096
0.58575
0.90291
0.93201
0.92994
0.92621
0.91903
0.92452
0.93429
0.94555
0.94065
0.92735
0.93887
0.93914
0.92573
0.91101
0.89268
0.72041
0.88602
0.82622
0.90519
0.91664
0.93042
0.93185
0.89176
0.87932
0.87488
0.86548
0.85697
0.70217
0.6968
0.81328
0.9194
0.92777
0.94007
0.84058
0.8912
0.8428
0.91844
0.92596
0.9391
0.90964
0.90624
0.93069
0.93645
0.85897
0.85153
0.6443
0.41724
0.29695
0.26174
0.24246
0.22528
0.22223
0.27008
0.28859
0.29053
0.28678
0.30685
0.31039
0.2971
0.25362
0.24412
0.27295
0.36585
0.51376
0.57336
0.72691
0.65925
0.55378
0.81779
0.84625
0.85152
0.85376
0.85633
0.72981
0.76474
0.51926
0.40617
0.43654
0.54375
0.80141
0.82142
0.82232
0.86495
0.87338
0.89734
0.94276
0.92757
0.92569
0.91799
0.88598
0.87761
0.87403
0.64633
0.40521
0.28504
0.2423
0.50192
0.84285
0.85319
0.86769
0.86417
0.85977
0.84619
0.8373
0.85014
0.84074
0.8587
0.84374
0.79729
0.61849
0.72128
0.71215
0.66335
0.55999
0.47586
0.48437
0.4545
0.40259
0.34793
0.3263
0.3221
0.31945
0.31175
0.34115
0.38107
0.36549
0.35276
0.37335
0.4116
0.42143
0.44447
0.5137
0.61402
0.70734
0.79223
0.79753
0.79461
0.89909
0.86906
0.88336
0.89171
0.88401
0.87753
0.87249
0.86983
0.87081
0.8667
0.85481
0.83034
0.65498
0.62484
0.70813
0.75555
0.775
0.79041
0.85736
0.81282
0.82505
0.84357
0.87256
0.89367
0.85795
0.88117
0.87328
0.8722
0.86801
0.84012
0.81686
0.83253
0.84424
0.84678
0.84564
0.8401
0.81141
0.66476
0.491
0.47235
0.59444
0.65764
0.77682
0.70164
0.7579
0.83259
0.74703
0.65089
0.55076
0.50579
0.45647
0.45693
0.53098
0.58096
0.40418
0.28328
0.36629
0.4524
0.82317
0.8167
0.79618
0.82563
0.80168
0.81823
0.79857
0.77776
0.77008
0.75033
0.74138
0.72918
0.75755
0.78001
0.78159
0.5477
0.51828
0.62621
0.70859
0.67017
0.69211
0.72356
0.75505
0.75987
0.75463
0.66278
0.38992
0.47547
0.37097
0.26714
0.26094
0.231
0.21473
0.21114
0.20516
0.20291
0.21951
0.25701
0.25839
0.2454
0.2208
0.21586
0.24897
0.26316
0.23326
0.23317
0.24244
0.25273
0.24923
0.23296
0.23566
0.25428
0.27025
0.2987
0.34638
0.32725
0.69396
0.74295
0.74753
0.75851
0.7893
0.8138
0.82332
0.77651
0.7899
0.78099
0.78788
0.81154
0.80483
0.75895
0.75117
0.72759
0.6978
0.72824
0.75658
0.60958
0.60396
0.74787
0.77319
0.78201
0.8169
0.75811
0.73607
0.74717
0.77836
0.79307
0.81407
0.77919
0.76626
0.76257
0.74822
0.65794
0.50031
0.41186
0.33378
0.30279
0.3407
0.42234
0.74643
0.75485
0.75905
0.76897
0.73865
0.47863
0.6902
0.34906
0.33058
0.30923
0.28897
0.25289
0.24078
0.23919
0.27304
0.30774
0.3329
0.46601
0.74693
0.77856
0.79359
0.85128
0.8301
0.82846
0.62909
0.48404
0.43899
0.46935
0.42147
0.39622
0.32448
0.29637
0.31128
0.34184
0.44462
0.65977
0.6567
0.70749
0.68437
0.73171
0.80683
0.8221
0.77188
0.73736
0.73158
0.73515
0.73335
0.74291
0.73502
0.7379
0.73051
0.71465
0.6909
0.70972
0.70288
0.69141
0.62828
0.54546
0.57672
0.43742
0.46103
0.45483
0.41936
0.3991
0.3552
0.35793
0.34451
0.28983
0.27897
0.27239
0.31221
0.32594
0.31893
0.25516
0.15778
0.13639
0.3763
0.65097
0.84167
0.80648
0.81459
0.81485
0.81801
0.80254
0.78878
0.7835
0.51509
0.65452
0.38108
0.34325
0.39131
0.37821
0.43155
0.33305
0.35755
0.43966
0.45857
0.86429
0.80804
0.79673
0.79313
0.79381
0.80428
0.78133
0.7577
0.78184
0.79222
0.84148
0.88139
0.89018
0.86619
0.84477
0.81994
0.4851
0.32332
0.32444
0.3782
0.38102
0.40327
0.46541
0.84202
0.82351
0.78122
0.47824
0.38718
0.33685
0.24227
0.18154
0.62836
0.62833
0.81034
0.8711
0.92561
0.91514
0.83147
0.84533
0.85738
0.62778
0.54403
0.48287
0.38454
0.62695
0.81071
0.81637
0.80354
0.78107
0.78611
0.78098
0.77571
0.79237
0.78023
0.7759
0.82085
0.8038
0.80794
0.78847
0.75744
0.7635
0.77699
0.6977
0.79344
0.70055
0.29243
0.23518
0.2328
0.25002
0.27648
0.27345
0.26258
0.25935
0.2598
0.26618
0.27635
0.27975
0.26825
0.26884
0.27387
0.28731
0.28877
0.29465
0.32611
0.43376
0.72747
0.73285
0.73694
0.73539
0.68033
0.61334
0.77089
0.75736
0.75317
0.50201
0.36689
0.33601
0.30673
0.30457
0.30249
0.29998
0.29551
0.28857
0.28987
0.29895
0.3124
0.32667
0.33787
0.33698
0.33349
0.29646
0.41837
0.77889
0.78694
0.58302
0.2799
0.30933
0.33195
0.30447
0.25989
0.25758
0.27021
0.29931
0.30749
0.35139
0.67539
0.6854
0.71137
0.72063
0.73694
0.73874
0.72048
0.75255
0.76358
0.7333
0.70335
0.69752
0.69188
0.69052
0.6871
0.6804
0.69337
0.69356
0.68673
0.68505
0.69703
0.72296
0.72427
0.73554
0.76546
0.73708
0.72486
0.71723
0.73042
0.7231
0.76647
0.37033
0.24891
0.17856
0.14862
0.13845
0.15882
0.15376
0.13486
0.12168
0.13395
0.14988
0.1501
0.15532
0.15722
0.17279
0.19273
0.22561
0.36355
0.61511
0.74202
0.75845
0.77071
0.74829
0.77009
0.75388
0.74274
0.73931
0.74198
0.72606
0.73589
0.75192
0.77121
0.75297
0.73969
0.72691
0.72147
0.72826
0.7158
0.726
0.71661
0.68803
0.68787
0.64883
0.71214
0.72045
0.71947
0.71525
0.70178
0.68242
0.67094
0.54322
0.43216
0.4513
0.4108
0.38013
0.39765
0.39656
0.44744
0.54209
0.59511
0.73571
0.73193
0.70808
0.68302
0.64883
0.6575
0.45976
0.48957
0.49074
0.51736
0.65169
0.696
0.69944
0.70863
0.70147
0.69797
0.69704
0.71095
0.72167
0.52851
0.4392
0.33319
0.26627
0.23147
0.22579
0.23415
0.51573
0.52351
0.60867
0.69574
0.68337
0.61639
0.67083
0.7029
0.73815
0.73805
0.73787
0.7553
0.75633
0.75004
0.7375
0.7249
0.6988
0.6848
0.66701
0.67378
0.69256
0.71891
0.74805
0.73978
0.73289
0.5484
0.58176
0.76993
0.82263
0.83888
0.85052
0.85308
0.87203
0.88521
0.87352
0.87688
0.87187
0.84357
0.76566
0.80764
0.81218
0.82678
0.83327
0.76665
0.67203
0.5333
0.67531
0.69566
0.67925
0.75628
0.80195
0.81118
0.78142
0.76889
0.78693
0.78558
0.75294
0.69976
0.66752
0.74512
0.80419
0.80882
0.80113
0.72413
0.80292
0.82924
0.83658
0.83369
0.83349
0.80903
0.71813
0.63429
0.65656
0.73319
0.69197
0.7131
0.70296
0.59411
0.54828
0.5359
0.57724
0.64455
0.65487
0.643
0.67781
0.68536
0.70814
0.72042
0.73642
0.77742
0.74412
0.69627
0.67846
0.69439
0.69975
0.70143
0.7064
0.75253
0.78172
0.77016
0.74316
0.7345
0.72955
0.73046
0.58364
0.41187
0.39358
0.42451
0.48484
0.52009
0.6619
0.75099
0.64999
0.73835
0.61122
0.42426
0.37839
0.33123
0.29243
0.32726
0.34055
0.40828
0.56835
0.53737
0.41877
0.7846
0.80404
0.78153
0.47293
0.31357
0.34672
0.35587
0.49599
0.58019
0.57871
0.34899
0.36762
0.40898
0.53231
