0.53646
0.52122
0.59147
0.5864
0.79403
0.76358
0.60507
0.7183
0.75893
0.62869
0.44738
0.37712
0.31547
0.31179
0.29737
0.33224
0.36631
0.39148
0.411
0.47892
0.53123
0.53222
0.52048
0.48777
0.50105
0.53768
0.51717
0.49281
0.51365
0.39897
0.41582
0.47486
0.50382
0.76894
0.74636
0.74422
0.73069
0.72762
0.74413
0.72876
0.76279
0.73586
0.60066
0.55381
0.62314
0.66187
0.62433
0.56524
0.45692
0.27709
0.30249
0.32706
0.33341
0.32828
0.32121
0.31904
0.327
0.33951
0.3299
0.32847
0.32193
0.31779
0.3031
0.29676
0.31069
0.36242
0.51673
0.63767
0.43849
0.5092
0.69674
0.69253
0.67919
0.67299
0.65855
0.55082
0.43809
0.38588
0.34387
0.31591
0.30935
0.29951
0.30128
0.29687
0.29666
0.30063
0.30988
0.30909
0.30165
0.2925
0.28677
0.28453
0.28426
0.32097
0.31638
0.26267
0.23981
0.2305
0.25546
0.50497
0.67572
0.66956
0.66449
0.66581
0.66844
0.55516
0.54121
0.61327
0.49964
0.67258
0.67438
0.65874
0.66048
0.67185
0.63161
0.48266
0.4043
0.342
0.31874
0.32325
0.34179
0.3596
0.43022
0.38524
0.37289
0.45046
0.46231
0.46592
0.43001
0.4026
0.39183
0.38098
0.36261
0.34583
0.38881
0.42124
0.64025
0.5375
0.46819
0.4689
0.44679
0.40103
0.3927
0.39324
0.70921
0.75632
0.75606
0.74767
0.69619
0.70641
0.52005
0.3206
0.33059
0.38943
0.48425
0.64764
0.62324
0.65377
0.71518
0.70773
0.70106
0.69776
0.67874
0.67143
0.67605
0.65605
0.76983
0.77879
0.61312
0.31257
0.35934
0.45792
0.45369
0.57738
0.6838
0.66275
0.48093
0.38346
0.3413
0.31309
0.30346
0.31841
0.33769
0.37887
0.45913
0.502
0.4284
0.37597
0.49463
0.64999
0.42088
0.44455
0.43773
0.44509
0.52703
0.5803
0.57862
0.61055
0.57517
0.46708
0.33838
0.2792
0.45458
0.26063
0.26957
0.29824
0.34871
0.40184
0.53214
0.61753
0.52088
0.46507
0.412
0.33375
0.3244
0.36721
0.33707
0.34846
0.32856
0.29868
0.28337
0.26887
0.24722
0.23831
0.24451
0.25586
0.26157
0.27167
0.27655
0.27453
0.27362
0.25913
0.24019
0.24815
0.22868
0.23774
0.23621
0.25025
0.25759
0.27612
0.39691
0.61953
0.4673
0.37181
0.34261
0.3154
0.31174
0.26209
0.27621
0.35832
0.62376
0.72178
0.74109
0.58915
0.31638
0.24517
0.34777
0.40437
0.39812
0.42045
0.4972
0.72673
0.75006
0.72753
0.5771
0.50667
0.60489
0.6991
0.6018
0.44602
0.47388
0.57736
0.6314
0.58678
0.49922
0.55904
0.53111
0.56949
0.45055
0.42443
0.70033
0.67748
0.61724
0.67496
0.7014
0.70951
0.5045
0.44369
0.29805
0.3331
0.34188
0.34386
0.39453
0.39272
0.32814
0.2751
0.23045
0.24749
0.23247
0.27435
0.23753
0.27701
0.29238
0.29184
0.29626
0.27999
0.25738
0.2369
0.22482
0.2335
0.25938
0.27431
0.26262
0.24913
0.24844
0.27725
0.30012
0.35739
0.40655
0.51287
0.49032
0.39473
0.53745
0.62412
0.45421
0.26911
0.3624
0.59998
0.38807
0.82165
0.81557
0.81149
0.78246
0.7511
0.72582
0.83742
0.81609
0.82009
0.73246
0.66402
0.72301
0.70121
0.69248
0.69742
0.70131
0.71025
0.70634
0.70252
0.6602
0.653
0.64492
0.64705
0.64615
0.64471
0.66545
0.73357
0.77201
0.75839
0.74492
0.71973
0.71611
0.70713
0.69517
0.73307
0.73285
0.72294
0.7155
0.73498
0.69093
0.6704
0.66481
0.65854
0.6554
0.65279
0.64985
0.64395
0.50505
0.39344
0.36855
0.34172
0.36729
0.39602
0.44568
0.64805
0.71532
0.71432
0.66457
0.67754
0.66215
0.47963
0.55021
0.39241
0.37242
0.3255
0.28836
0.2438
0.22228
0.18477
0.12546
0.15727
0.20934
0.22322
0.16763
0.15301
0.17921
0.20618
0.26989
0.35265
0.40931
0.54422
0.5819
0.59319
0.81177
0.80917
0.79585
0.78501
0.77153
0.7494
0.718
0.69854
0.70228
0.68737
0.65545
0.6839
0.76654
0.73397
0.65654
0.69502
0.6797
0.65704
0.72865
0.72459
0.74061
0.73218
0.73263
0.73918
0.73174
0.68936
0.5857
0.53879
0.56101
0.79271
0.82747
0.68652
0.74496
0.79527
0.83851
0.84302
0.81652
0.82047
0.81454
0.80203
0.80841
0.8085
0.79335
0.73039
0.64114
0.63755
0.63379
0.5434
0.45464
0.54671
0.6214
0.63614
0.61421
0.65003
0.66538
0.68102
0.66034
0.67611
0.71081
0.75119
0.70095
0.70785
0.71247
0.70404
0.70805
0.71508
0.71769
0.71987
0.7203
0.72005
0.71447
0.70537
0.69677
0.67361
0.58051
0.61734
0.65084
0.54776
0.49954
0.5765
0.61164
0.64072
0.63655
0.64649
0.56727
0.52333
0.53712
0.64536
0.66725
0.66386
0.55881
0.5174
0.52318
0.5844
0.58282
0.59964
0.65567
0.69342
0.69434
0.66275
0.55734
0.57148
0.67304
0.71462
0.6338
0.63412
0.81071
0.71479
0.67663
0.67649
0.68623
0.69415
0.68955
0.65515
0.6796
0.61424
0.62104
0.6168
0.61674
0.62465
0.62813
0.63511
0.63425
0.63044
0.62922
0.62586
0.5767
0.55439
0.5463
0.49045
0.4067
0.40625
0.44294
0.47016
0.57804
0.54862
0.55538
0.5308
0.64338
0.71744
0.70473
0.71561
0.72345
0.74205
0.71451
0.72432
0.69971
0.6818
0.67067
0.62614
0.60699
0.59631
0.67266
0.66942
0.60809
0.64665
0.68584
0.6495
0.66064
0.67131
0.68002
0.6424
0.58915
0.59954
0.63172
0.40105
0.3654
0.62167
0.64527
0.6445
0.61325
0.5554
0.42211
0.43847
0.48908
0.54975
0.67371
0.68801
0.68786
0.68464
0.6898
0.70261
0.71622
0.74701
0.74889
0.74753
0.7447
0.74269
0.74168
0.73885
0.72227
0.70768
0.69198
0.67761
0.67404
0.63734
0.55486
0.42187
0.3617
0.34592
0.47236
0.36894
0.39791
0.4939
0.36768
0.34038
0.29791
0.2632
0.21967
0.19855
0.19534
0.17934
0.16363
0.1586
0.1643
0.14299
0.18233
0.18512
0.25394
0.2597
0.26827
0.2582
0.23882
0.25746
0.34527
0.22606
0.25883
0.24421
0.22007
0.22286
0.24468
0.31336
0.41356
0.53455
0.66374
0.66405
0.64901
0.6276
0.61394
0.53924
0.51016
0.50591
0.4493
0.39
0.35191
0.34697
0.30968
0.31332
0.31958
0.33706
0.35175
0.37312
0.37498
0.36387
0.37759
0.33298
0.37473
0.73742
0.72532
0.60799
0.54284
0.67107
0.66293
0.6303
0.64687
0.76058
0.81879
0.72083
0.61308
0.57615
0.49944
0.51316
0.48279
0.47011
0.3645
0.34057
0.38252
0.23763
0.25832
0.59427
0.75371
0.72767
0.68978
0.69369
0.67347
0.67306
0.66806
0.67152
0.68951
0.67718
0.67561
0.74019
0.67198
0.54608
0.33835
0.38102
0.35477
0.32002
0.33541
0.30857
0.29889
0.22207
0.18736
0.16857
0.16321
0.18343
0.23028
0.27197
0.29199
0.31272
0.31375
0.29984
0.31147
0.32298
0.31191
0.33127
0.31356
0.31816
0.34388
0.32327
0.31352
0.27856
0.29739
0.29627
0.32521
0.34344
0.35439
0.34694
0.37646
0.40751
0.40332
0.43287
0.48971
0.51437
0.58225
0.67433
0.66142
0.6236
0.56006
0.51583
0.36766
0.38559
0.35837
0.47865
0.73614
0.68309
0.56226
0.53942
0.53207
0.51314
0.48009
0.46206
0.45115
0.66972
0.77623
0.75936
0.69372
0.61176
0.59425
0.5964
0.67259
0.72552
0.75606
0.7659
0.72079
0.69918
0.7606
0.75264
0.74939
0.73679
0.73035
0.68628
0.58565
0.49581
0.54542
0.5811
0.63634
0.72223
0.71428
0.70651
0.72569
0.67527
0.60025
0.59505
0.60011
0.73017
0.77288
0.74995
0.7421
0.67807
0.66079
0.60613
0.56926
0.60629
0.77955
0.75883
0.7223
0.72742
0.73727
0.72509
0.75753
0.77063
0.78779
0.78546
0.77503
0.75633
0.69219
0.70157
0.68928
0.64887
0.67334
0.67705
0.65316
0.64916
0.59924
0.64062
0.78363
0.77077
0.72598
0.7305
0.73484
0.73013
0.72693
0.74807
0.74185
0.7341
0.79795
0.85769
0.88004
0.89075
0.89141
0.87444
0.86294
0.7868
0.82753
0.78993
0.72487
0.71579
0.73363
0.77002
0.83584
0.78313
0.82472
0.69183
0.665
0.61064
0.55114
0.47414
0.41128
0.35456
0.33076
0.24971
0.19836
0.17814
0.22513
0.33976
0.57442
0.82216
0.8562
0.87321
0.83161
0.81219
0.84172
0.80422
0.79799
0.80239
0.81679
0.83492
0.85675
0.87641
0.89352
0.89896
0.92168
0.92429
0.89333
0.9134
0.90478
0.89783
0.87417
0.8728
0.86523
0.85636
0.86223
0.85767
0.85995
0.89869
0.91031
0.86995
0.85674
0.84827
0.90425
0.92727
0.87895
0.8347
0.83684
0.88774
0.89291
0.93274
0.75957
0.65791
0.69755
0.76437
0.76228
0.60586
0.46701
0.50774
0.47782
0.43394
0.41921
0.76896
0.75565
0.68008
0.68147
0.4902
0.45956
0.60736
0.72856
0.72657
0.5905
0.48487
0.47714
0.48211
0.49394
0.5361
0.53002
0.44176
0.40874
0.4029
0.66825
0.4527
0.53209
0.65011
0.7528
0.75747
0.6483
0.63266
0.47231
0.49406
0.59295
0.67359
0.70846
0.64408
0.60203
0.55299
0.5721
0.49026
0.42645
0.51624
0.58675
0.551
0.44294
0.418
0.41848
0.41829
0.41155
0.37513
0.33188
0.25754
0.24733
0.23537
0.30513
0.40424
0.4278
0.41876
0.43122
0.53155
0.5082
0.57304
0.63661
0.6569
0.69202
0.69049
0.68939
0.68611
0.70259
0.72782
0.69777
0.64535
0.59697
0.54681
0.52888
0.40196
0.35747
0.41
0.42531
0.56163
0.65846
0.73419
0.64923
0.51612
0.5342
0.50383
0.47427
0.43254
0.44344
0.47754
0.49378
0.50072
0.54693
0.58529
0.61872
0.61062
0.61886
0.61041
0.55822
0.50133
0.42306
0.4122
0.44923
0.51357
0.52578
0.50376
0.55016
0.55558
0.49027
0.44375
0.41808
0.40795
0.42931
0.5282
0.61704
0.6818
0.70975
0.68789
0.66428
0.66282
0.59894
0.62189
0.60776
0.64439
0.56673
0.46702
0.45722
0.50054
0.52515
0.54157
0.54929
0.47398
0.36613
0.36803
0.43335
0.48303
0.49672
0.50051
0.52598
0.46196
0.41582
0.38676
0.40342
0.43376
0.40755
0.41444
0.50177
0.70149
0.75151
0.92175
0.96595
0.94306
0.88692
0.88808
0.87462
0.87541
0.90244
0.92025
0.91682
0.92746
0.90823
0.8986
0.88085
0.88798
0.84624
0.86799
0.88843
0.86024
0.86364
0.90165
0.87771
0.87399
0.88462
0.86078
0.94959
0.98402
0.98786
0.98195
0.97078
0.93723
0.82613
0.89013
0.78249
0.74814
0.72791
0.79801
0.90557
0.90387
0.92997
0.77264
0.68615
0.62322
0.72949
0.84375
0.92137
0.84771
0.87138
0.92296
0.78037
0.66187
0.56685
0.63087
0.75806
0.84237
0.84533
0.76771
0.77133
0.66877
0.6335
0.49813
0.47059
0.40854
0.39041
0.51422
0.73232
0.70532
0.73839
0.67714
0.85123
0.86381
0.87974
0.85717
0.85274
0.84968
0.84554
0.84127
0.83111
0.8747
0.89052
0.84978
0.82831
0.82064
0.77602
0.78538
0.82149
0.81495
0.75886
0.73427
0.69877
0.66928
0.59942
0.6058
0.67119
0.63931
0.6584
0.78038
0.81681
0.80036
0.78698
0.76853
0.71904
0.68604
0.63846
0.59181
0.62049
0.62851
0.59607
0.48658
0.58249
0.62135
0.74006
0.77865
0.79647
0.83826
0.86862
0.81107
0.68986
0.8291
0.89672
0.83434
0.78633
0.72681
0.68528
0.67397
0.65878
0.6054
0.54499
0.90505
0.90638
0.88247
0.87063
0.86984
0.87123
0.85887
0.86557
0.87182
0.8874
0.92749
0.8947
0.89834
0.8216
0.91114
0.9293
0.77204
0.66432
0.55818
0.4724
0.45626
0.48065
0.62469
0.7018
0.72116
0.71335
0.72203
0.68719
0.60829
0.57162
0.6367
0.74007
0.77167
0.78558
0.8157
0.83188
0.84418
0.82795
0.83981
0.83558
0.83599
0.78843
0.67766
0.60262
0.61947
0.71044
0.70165
0.70322
0.69507
0.66037
0.63099
0.605
0.40238
0.41533
0.49046
0.57572
0.60108
0.55171
0.47354
0.45093
0.52467
0.61428
0.69404
0.76577
0.74892
0.70493
0.6526
0.55723
0.60142
0.56116
0.62939
0.60919
0.57637
0.56525
0.55717
0.55358
0.47323
0.63735
0.77258
0.73729
0.74389
0.81217
0.73992
0.71286
0.70264
0.69723
0.78167
0.78676
0.78065
0.76761
0.81967
0.77877
0.73361
0.73453
0.80169
0.79033
0.74778
0.74517
0.79807
0.77887
0.66901
0.76943
0.81509
0.7241
0.63078
0.64195
0.84489
0.82928
0.83042
0.85405
0.86582
0.86671
0.87092
0.87307
0.87718
0.86693
0.87414
0.86919
0.85278
0.83698
0.63841
0.56121
0.54668
0.52292
0.46369
0.40204
0.39304
0.31646
0.31636
0.31653
0.32512
0.39071
0.50599
0.57164
0.88623
0.89379
0.86395
0.79856
0.7068
0.662
0.45473
0.41519
0.41824
0.31191
0.30514
0.357
0.59663
0.71998
0.74757
0.73074
0.68917
0.62937
0.58244
0.56258
0.58158
0.69352
0.79318
0.80091
0.8323
0.85086
0.8757
0.87134
0.86505
0.95606
0.92081
0.74588
0.77994
0.80227
0.65746
0.5914
0.54948
0.56626
0.64627
0.59924
0.5958
0.57586
0.52042
0.81566
0.7998
0.76356
0.81837
0.84493
0.8592
0.86101
0.85265
0.83334
0.77293
0.70589
0.71686
0.73029
0.74623
0.92374
0.89152
0.88253
0.88226
0.8875
0.90759
0.93966
0.99806
0.97997
0.92908
0.95271
0.95215
0.92933
0.92386
0.92329
0.90694
0.8869
0.87703
0.8655
0.85909
0.88542
0.88677
0.86267
0.89939
0.91128
0.93054
0.74007
0.70662
0.59915
0.96342
0.92114
0.89376
0.9291
0.90485
0.87542
0.83685
0.78479
0.7491
0.88868
0.95299
0.86066
0.79245
0.86392
0.94328
0.8896
0.81471
0.85894
0.90324
0.97403
0.9188
0.84917
0.94151
0.87691
0.86618
0.98723
0.95951
0.94067
0.89395
0.81927
0.70391
0.74853
0.73344
0.75033
0.82318
0.83098
0.78818
0.71756
0.77119
0.71818
0.73271
0.73473
0.68699
0.66067
0.63713
0.79348
0.86638
0.85894
0.85539
0.86409
0.86224
0.86568
0.85452
0.84598
0.83488
0.82125
0.84296
0.84848
0.83712
0.79906
0.77455
0.76395
0.81764
0.9187
0.92176
0.90458
0.88564
0.91114
0.8946
0.88189
0.84225
0.92477
0.8737
0.81373
0.74131
0.70327
0.65908
0.61262
0.57503
0.60061
0.60247
0.59711
0.58881
0.5302
0.51422
0.5013
0.51079
0.52598
0.54178
0.52686
0.4726
0.43919
0.44868
0.48067
0.48041
0.49086
0.49687
0.50227
0.47023
0.42629
0.43701
0.46923
0.46418
0.48934
0.52107
0.55263
0.56801
0.55534
0.5489
0.52784
0.52746
0.57427
0.57329
0.54668
0.56699
0.59222
0.61682
0.61684
0.65692
0.65332
0.67537
0.78205
0.88363
0.93127
0.97881
0.88324
0.85831
0.89445
0.88205
0.89428
0.97675
0.97804
0.92223
0.96784
0.98214
0.99861
0.95272
0.91755
0.86646
0.78653
0.64935
0.60393
0.58339
0.61583
0.62276
0.64973
0.66659
0.723
0.56817
0.59562
0.85452
0.97567
0.97354
0.95925
0.89947
0.89385
0.8998
0.96172
0.97487
0.98454
0.95661
0.95375
0.93776
0.99779
0.94982
0.99444
0.99168
0.88977
0.86121
0.8505
0.85125
0.75385
0.71117
0.67817
0.85938
0.79097
0.67678
0.7076
0.68595
0.84045
0.87132
0.99224
0.97342
0.82947
0.8155
0.95156
0.99465
0.99211
0.97556
0.82721
0.78636
0.77271
0.78777
0.78114
0.66727
0.57507
0.67596
0.72377
0.71174
0.69956
0.71659
0.6238
0.59879
0.60116
0.70642
0.86367
0.92985
0.93254
0.89489
0.87986
0.8729
0.93018
0.97108
0.96967
0.97642
0.98838
0.9816
0.97497
0.97995
0.98709
0.99181
0.98958
0.98444
0.89711
0.9086
0.92749
0.89566
0.93861
0.89086
0.89078
0.88219
0.85971
0.84528
0.9342
0.99945
0.99705
0.98571
0.94121
0.92731
0.94138
0.94889
0.95626
0.90712
0.93409
0.9398
0.93937
0.92901
0.92348
0.92629
0.92524
0.9323
0.91481
0.90023
0.90025
0.96313
0.94304
0.95272
0.96389
0.97187
0.97608
0.97354
0.97272
0.99268
0.99474
0.96372
1.0012
0.97092
0.97482
0.92846
0.74296
0.65879
0.72219
0.91976
0.90498
0.97718
1.0003
0.99795
0.72165
0.82618
0.9078
0.90158
0.88451
0.78891
0.57721
0.64101
0.764
0.93596
0.97989
0.98984
0.98095
0.97914
0.99868
0.99449
0.92039
0.84437
0.64092
0.7395
0.90465
0.95519
0.94772
0.89426
0.88097
0.86434
0.88334
0.88201
0.88751
0.90568
0.89231
0.95071
0.91507
0.91982
0.90879
0.88295
0.76134
0.61766
0.64817
0.45163
0.47676
0.52351
0.64465
0.68547
0.7062
0.80566
0.87229
0.86957
0.8768
0.70324
0.69922
0.97579
0.95794
0.94421
0.93927
0.95735
0.93475
0.95032
0.94844
0.93499
0.90369
0.86384
0.82474
0.8068
0.61786
0.52487
0.83642
0.89641
0.88237
0.72163
0.65026
0.62654
0.70028
0.77319
0.84135
0.89236
0.94567
0.90213
0.8145
0.76917
0.84599
0.90551
0.89188
0.86542
0.85371
0.87568
0.86643
0.79588
0.7546
0.66359
0.57069
0.55494
0.508
0.455
0.43746
0.41368
0.43418
0.47902
0.48149
0.50236
0.47876
0.44512
0.40804
0.3766
0.37061
0.40521
0.46554
0.47602
0.51476
0.52374
0.53788
0.58237
0.6141
0.63976
0.71663
0.75675
0.79264
0.8272
0.81852
0.8111
0.7892
0.75987
0.77095
0.87809
0.9647
0.95817
0.97307
0.99041
0.929
0.89413
0.89179
0.91811
0.9944
1.0003
0.99968
1.0001
1.0002
0.99169
0.89721
0.93615
0.96365
0.93323
0.89232
0.91737
0.88217
0.88373
0.85693
0.84817
0.87191
0.89351
0.87067
0.86318
0.8444
0.83545
0.85062
0.86867
0.89034
0.8905
0.90106
0.90059
0.87855
0.86914
0.87102
0.87718
0.87805
0.88774
0.89246
0.87775
0.83973
0.83191
0.83504
0.85609
0.9033
0.89307
0.8826
0.90992
0.90989
0.98366
0.98446
0.97945
0.97638
0.97412
0.97347
0.9819
0.97195
0.92971
0.90919
0.98258
0.97196
0.96882
0.83039
0.69643
0.79299
0.89658
0.77447
0.84856
0.76309
0.63987
0.42846
0.37319
0.34604
0.33531
0.35814
0.29078
0.22507
0.18199
0.15313
0.19576
0.32335
0.44352
0.47696
0.50511
0.59212
0.63528
0.56638
0.56078
0.56144
0.59646
0.62595
0.62011
0.58475
0.5443
0.51064
0.47315
0.43743
0.41899
0.43186
0.44836
0.46477
0.41654
0.48282
0.74752
0.74219
0.71099
0.86027
0.99536
1.0003
0.94836
0.9725
0.98663
0.68546
0.51811
0.52174
0.54252
0.48333
0.46678
0.43635
0.40528
0.41377
0.42957
0.44273
0.42255
0.40127
0.38534
0.40739
0.42317
0.48543
0.47825
0.4698
0.49556
0.36507
0.35261
0.4021
0.37374
0.37701
0.38667
0.46747
0.60602
0.81365
0.83936
0.84275
0.81106
0.77124
0.72247
0.74141
0.80802
0.61645
0.59146
0.68077
0.79953
0.78213
0.78778
0.81365
0.81737
0.81442
0.7857
0.82834
0.84497
0.67453
0.60358
0.53665
0.53386
0.46375
0.40113
0.40804
0.40702
0.40113
0.42552
0.49749
0.5552
0.50242
0.44243
0.41107
0.39422
0.4259
0.47223
0.525
0.56454
0.59742
0.56966
0.55499
0.56269
0.55219
0.52735
0.51436
0.51672
0.52933
0.55252
0.54664
0.54474
0.53058
0.52929
0.61082
0.74652
0.758
0.86741
0.86114
0.86457
0.8598
0.85695
0.86649
0.90423
0.95401
0.98859
0.88875
0.88257
0.84984
0.74095
0.67088
0.69362
0.88379
0.86017
0.84366
0.85639
0.8808
0.8961
0.90223
0.91306
0.9114
0.91808
0.92977
0.932
0.91752
0.91915
0.92717
0.95346
0.92978
0.95036
0.94016
0.96234
0.96942
0.97214
0.97825
0.97675
0.96919
0.95595
0.95491
0.9521
0.92071
0.89999
0.90981
0.91957
0.94197
0.89505
0.90593
0.9479
0.94087
0.95239
0.94951
0.91046
0.78483
0.80338
0.84654
0.83976
0.82552
0.81609
0.86042
0.86896
0.78138
0.81318
0.83111
0.85568
0.86044
0.88234
0.91966
0.95139
0.94111
0.95918
0.96045
0.9502
0.94293
0.94291
0.95993
0.93995
0.89025
0.89242
0.885
0.69685
0.74427
0.70706
0.8096
0.74767
0.59589
0.71576
0.76899
0.86605
0.8933
0.9167
0.92156
0.93799
0.94174
0.9438
0.94243
0.93195
0.84187
0.82566
0.82226
0.81567
0.81344
0.80791
0.62631
0.49244
0.44682
0.41253
0.39526
0.39472
0.48302
0.54848
0.65659
0.73307
0.78584
0.74427
0.64634
0.2987
0.32726
0.35452
0.3621
0.40151
0.42995
0.43702
0.42594
0.40888
0.38544
0.28355
0.30086
0.30918
0.33313
0.39756
0.55647
0.82257
0.88761
0.92126
0.92541
0.92029
0.92736
0.93231
0.95319
0.84876
0.91083
0.89131
0.85883
0.75938
0.81941
0.83955
0.90205
0.907
0.87996
0.85241
0.87197
0.87517
0.93815
0.93795
0.94206
0.9291
0.8546
0.86955
0.70174
0.79824
0.8262
0.84944
0.85893
0.77726
0.68786
0.61804
0.46842
0.32414
0.24512
0.21535
0.21147
0.26418
0.32611
0.37882
0.39363
0.40092
0.79114
0.88257
0.83579
0.82507
0.80535
0.73904
0.7756
0.75452
0.59874
0.4531
0.47202
0.46178
0.42778
0.36821
0.32295
0.28948
0.25929
0.22744
0.21542
0.1855
0.16851
0.19827
0.22576
0.28673
0.22483
0.26478
0.19841
0.17563
0.19285
0.18174
0.18263
0.17396
0.20555
0.3336
0.50376
0.43498
0.71659
0.75251
0.78956
0.78086
0.7831
0.798
0.79626
0.78852
0.76074
0.73909
0.82225
0.82858
0.83983
0.67691
0.61217
0.58262
0.50387
0.4232
0.40546
0.3404
0.36616
0.43943
0.74705
0.77697
0.74395
0.58742
0.55451
0.58197
0.55246
0.51426
0.51043
0.55779
0.57669
0.71089
0.75647
0.73838
0.40052
0.3511
0.3003
0.30034
0.32837
0.34951
0.59949
0.65982
0.74797
0.75944
0.77471
0.78492
0.79034
0.79771
0.81318
0.81856
0.84605
0.84517
0.83101
0.85516
0.84155
0.86755
0.8675
0.84322
0.80984
0.58054
0.46095
0.36609
0.32653
0.33512
0.34322
0.3484
0.63603
0.74536
0.76791
0.77093
0.77264
0.66382
0.46943
0.45037
0.4539
0.44329
0.42644
0.39691
0.32713
0.30846
0.29073
0.26336
0.24246
0.24114
0.27373
0.28888
0.29045
0.29977
0.31237
0.32331
0.3239
0.32154
0.31696
0.29511
0.29065
0.35984
0.55923
0.69498
0.65953
0.52336
0.44626
0.37884
0.34759
0.41514
0.52743
0.41138
0.46421
0.45575
0.47112
0.44039
0.41869
0.38778
0.37762
0.36628
0.3487
0.33713
0.34086
0.38731
0.77193
0.80269
0.78333
0.77303
0.7405
0.66546
0.66612
0.56862
0.55842
0.66593
0.68308
0.64159
0.69347
0.77226
0.80673
0.79151
0.77994
0.78033
0.75731
0.76748
0.78569
0.77232
0.74427
0.63889
0.58054
0.5415
0.46789
0.48322
0.34699
0.38039
0.42936
0.443
0.43174
0.42281
0.40737
0.39613
0.39144
0.39226
0.38377
0.38705
0.38016
0.36784
0.35632
0.34748
0.33523
0.32589
0.32121
0.32108
0.30708
0.29936
0.29302
0.29188
0.29201
0.2896
0.28794
0.27312
0.27428
0.26701
0.27461
0.27736
0.27619
0.26262
0.2696
0.2681
0.26558
0.26521
0.26467
0.27526
0.28194
0.30447
0.35678
0.40158
0.44126
0.49381
0.51007
0.52033
0.53577
0.56243
0.61664
0.68177
0.7021
0.7141
0.76576
0.77415
0.77596
0.77506
0.78023
0.78977
0.79295
0.77863
0.79282
0.79189
0.7894
0.78528
0.78711
0.79341
0.80696
0.7947
0.78347
0.79513
0.81098
0.81358
0.84913
0.8805
0.84233
0.78697
0.76553
0.77301
0.77527
0.77775
0.76009
0.69012
0.64011
0.6611
0.40196
0.28951
0.25256
0.23437
0.25046
0.28102
0.2736
0.26218
0.25827
0.25853
0.31112
0.41758
0.49233
0.51339
0.47439
0.4983
0.49831
0.47627
0.52793
0.50813
0.91196
0.89914
0.89491
0.89732
0.90368
0.88353
0.82232
0.82494
0.82274
0.8291
0.83447
0.85068
0.87691
0.88629
0.89467
0.89437
0.86273
0.82351
0.8527
0.84458
0.71924
0.6249
0.71969
0.71166
0.74021
0.79277
0.7461
0.65597
0.61837
0.72914
0.64269
0.62969
0.54835
0.45773
0.56103
0.49983
0.54079
0.56343
0.51769
0.50717
0.47621
0.41571
0.29832
0.25606
0.26709
0.29947
0.23348
0.47156
0.77621
0.65908
0.52687
0.60856
0.67323
0.68396
0.80556
0.79642
0.79426
0.80125
0.81368
0.81383
0.82738
0.82755
0.83261
0.8294
0.82762
0.8272
0.82867
0.83582
0.82696
0.83589
0.83871
0.8597
0.90077
0.89113
0.87192
0.89582
0.87381
0.863
0.84811
0.83725
0.81431
0.82348
0.85084
0.80561
0.79633
0.81548
0.84126
0.8554
0.88079
0.87537
0.8309
0.79746
0.77212
0.75601
0.72861
0.73678
0.75054
0.73301
0.8376
0.82269
0.77455
0.77013
0.71092
0.51337
0.47031
0.67392
0.73207
0.69975
0.73222
0.74892
0.70221
0.65256
0.69419
0.72158
0.69846
0.47029
0.45181
0.48652
0.45476
0.43346
0.45638
0.39654
0.34171
0.35888
0.36733
0.38257
0.40284
0.42632
0.45254
0.45062
0.45005
0.45738
0.47167
0.49393
0.46015
0.4954
0.66546
0.52102
0.48178
0.58519
0.66313
0.75002
0.63534
0.50479
0.59802
0.71649
0.67525
0.56928
0.74097
0.728
0.67747
0.58702
0.62033
0.70547
0.71514
0.74818
0.77888
0.89101
0.72934
0.68027
0.67974
0.73213
0.72514
0.72889
0.72166
0.73708
0.7111
0.67965
0.68852
0.68758
0.59373
0.7255
0.57486
0.48308
0.48181
0.50043
0.3954
0.37753
0.36882
0.35509
0.3657
0.35784
0.3504
0.34519
0.37062
0.4677
0.48896
0.39625
0.44229
0.66841
0.47026
0.42376
0.58092
0.74655
0.69561
0.41034
0.35541
0.28904
0.25409
0.29569
0.23154
0.2208
0.21014
0.24721
0.29717
0.6595
0.81039
0.72965
0.46053
0.54742
0.73177
0.72135
0.40522
0.48113
0.63642
0.63111
0.52834
0.47323
0.65291
0.66065
0.66719
0.67207
0.67779
0.68792
0.70822
0.72807
0.75271
0.75975
0.75095
0.70134
0.68455
0.76942
0.74998
0.73209
0.72444
0.67877
0.61324
0.72886
0.74483
0.69941
0.66195
0.66243
0.68137
0.58642
0.34924
0.43901
0.53234
0.4971
0.33517
0.22667
0.20421
0.24472
0.25238
0.26945
0.27553
0.28764
0.35543
0.41939
0.6904
0.69895
0.68871
0.69236
0.69672
0.72524
0.73972
0.73727
0.7448
0.74427
0.74046
0.76404
0.7781
0.83358
0.82565
0.85422
0.84436
0.85666
0.85044
0.83829
0.8067
0.76562
0.78538
0.80099
0.78681
0.75836
0.72898
0.72777
0.71009
0.7672
0.76028
0.73205
0.74414
0.72724
0.77213
0.77001
0.77044
0.75747
0.65328
0.64441
0.63759
0.63386
0.5994
0.66159
0.58685
0.49276
0.55496
0.43567
0.41648
0.42101
0.75557
0.64208
0.67147
0.66186
0.66012
0.65848
0.6572
0.66264
0.66554
0.67349
0.67182
0.67038
0.61122
0.44396
0.44164
0.53194
0.56085
0.7116
0.72324
0.73012
0.72611
0.73636
0.72259
0.72245
0.73884
0.74793
0.75725
0.78405
0.83765
0.82524
0.54694
0.57
0.80052
0.78752
0.58979
0.49697
0.4586
0.3658
0.37961
0.49259
0.53389
0.40501
0.35453
0.33445
0.38177
0.40088
0.41904
0.55998
0.70656
0.70869
0.77476
0.77078
0.72708
0.71991
0.7184
0.71957
0.69912
0.67803
0.67433
0.67184
0.68309
0.67075
0.67741
0.62043
0.61717
0.61334
0.68499
0.61892
0.52676
0.43897
0.40335
0.37671
0.7238
0.7587
0.76492
0.75377
0.71274
0.62946
0.59298
0.57805
0.61303
0.38782
0.32897
0.36283
0.41672
0.48921
0.53237
0.73792
0.75386
0.77181
0.77367
0.77599
0.754
0.7342
0.73086
0.73557
0.74346
0.74168
0.75813
0.74012
0.74158
0.73229
0.77821
0.73908
0.75457
0.77462
0.71672
0.70685
0.57063
0.68746
0.70695
0.6913
0.49682
0.43435
0.33673
0.40359
0.64972
0.71231
0.55332
0.44822
0.38561
0.37513
0.40342
0.51725
0.70363
0.74731
