0.76579
0.75539
0.52883
0.68846
0.68643
0.72044
0.71348
0.72489
0.70182
0.723
0.70341
0.53979
0.42913
0.44713
0.41984
0.389
0.35023
0.34066
0.45067
0.56649
0.38363
0.29805
0.30974
0.48481
0.78636
0.78845
0.79031
0.78686
0.78742
0.78485
0.74852
0.71943
0.70583
0.51235
0.42431
0.33026
0.33543
0.29267
0.26381
0.23942
0.26692
0.36073
0.46352
0.72544
0.86083
0.89509
0.75985
0.64998
0.45318
0.35701
0.33416
0.44074
0.52661
0.67883
0.82352
0.78724
0.80058
0.77823
0.76407
0.73019
0.35621
0.81605
0.81159
0.81545
0.80097
0.81687
0.5007
0.59446
0.56447
0.47859
0.58057
0.54616
0.48152
0.45154
0.40868
0.35974
0.46044
0.63333
0.29382
0.30038
0.34991
0.36665
0.52702
0.75276
0.78058
0.67338
0.76437
0.74124
0.73026
0.73101
0.73089
0.72804
0.72602
0.72789
0.73248
0.71906
0.74871
0.76915
0.77087
0.75137
0.67182
0.58565
0.40341
0.33104
0.32924
0.2813
0.35514
0.71831
0.72294
0.73417
0.73723
0.71316
0.78255
0.34121
0.32721
0.48433
0.69151
0.61928
0.53056
0.54902
0.5169
0.48977
0.52313
0.52151
0.55475
0.60276
0.36147
0.30474
0.291
0.33683
0.59068
0.60134
0.47309
0.5087
0.55176
0.47226
0.22613
0.26762
0.31061
0.30441
0.308
0.29212
0.29627
0.30029
0.31915
0.33127
0.36183
0.41465
0.47029
0.59158
0.74136
0.66986
0.53984
0.44947
0.38652
0.36577
0.35725
0.35764
0.35493
0.32162
0.3157
0.46287
0.49878
0.68748
0.7429
0.7897
0.6986
0.60133
0.48746
0.39401
0.50877
0.4333
0.56636
0.6548
0.62257
0.66495
0.58649
0.5671
0.58406
0.58585
0.5526
0.52626
0.5843
0.58562
0.68125
0.67672
0.69002
0.71162
0.66499
0.5784
0.51287
0.41478
0.36353
0.30585
0.22425
0.25971
0.30302
0.36417
0.41277
0.4709
0.61652
0.78562
0.76103
0.70186
0.70499
0.70216
0.71929
0.74749
0.72229
0.58965
0.71971
0.59728
0.41796
0.66697
0.70786
0.7016
0.69672
0.68518
0.68994
0.68212
0.68266
0.68173
0.7183
0.67768
0.61021
0.63514
0.48922
0.51481
0.51
0.52165
0.5457
0.51999
0.51624
0.39443
0.66295
0.67642
0.68698
0.70117
0.67694
0.59519
0.42441
0.60937
0.64443
0.57963
0.4605
0.31627
0.36093
0.33017
0.29899
0.37285
0.56551
0.3277
0.44368
0.66963
0.67317
0.66345
0.53863
0.46114
0.40948
0.37398
0.50308
0.54678
0.62349
0.65071
0.64173
0.63982
0.633
0.6206
0.56646
0.49429
0.35416
0.36285
0.33871
0.33925
0.33641
0.33472
0.33263
0.34593
0.30451
0.28066
0.31436
0.34865
0.43074
0.53937
0.68199
0.62991
0.54203
0.46798
0.70205
0.75781
0.78331
0.79055
0.79427
0.77462
0.70949
0.45536
0.39276
0.38421
0.38386
0.41041
0.47346
0.74032
0.82769
0.87479
0.83297
0.83467
0.8052
0.42983
0.38141
0.35538
0.30947
0.31441
0.51031
0.87447
0.89664
0.85278
0.83536
0.83432
0.81494
0.79631
0.76905
0.76024
0.73659
0.61083
0.80802
0.77323
0.54074
0.42656
0.35792
0.38415
0.4316
0.50889
0.56912
0.57308
0.56539
0.5338
0.51104
0.47255
0.45496
0.45082
0.48172
0.52928
0.58999
0.65587
0.66123
0.65879
0.68003
0.68092
0.69022
0.73824
0.76948
0.78783
0.78473
0.78389
0.77702
0.35388
0.30651
0.30185
0.31978
0.34908
0.45087
0.67672
0.68426
0.67914
0.67994
0.69591
0.70816
0.70859
0.70723
0.69175
0.69371
0.69528
0.69479
0.70894
0.71155
0.7105
0.71789
0.73779
0.74291
0.74042
0.61467
0.36115
0.36702
0.39992
0.41295
0.51487
0.58988
0.53327
0.46681
0.40118
0.33945
0.28978
0.27923
0.27525
0.29635
0.28641
0.27212
0.25608
0.28386
0.2718
0.58718
0.5834
0.21937
0.17053
0.29917
0.42068
0.45657
0.50125
0.45237
0.38093
0.3577
0.33999
0.37493
0.41004
0.33896
0.27988
0.22535
0.18541
0.16522
0.15685
0.15584
0.13381
0.1377
0.12671
0.14497
0.31225
0.50807
0.69527
0.51026
0.41803
0.34483
0.38498
0.66075
0.41435
0.24602
0.20184
0.31864
0.21409
0.2136
0.21627
0.27218
0.32279
0.35374
0.40533
0.34084
0.30568
0.33861
0.32771
0.33268
0.38404
0.40762
0.41621
0.40225
0.39052
0.46195
0.49417
0.68238
0.51754
0.45108
0.61188
0.55922
0.56964
0.47527
0.50445
0.51873
0.47311
0.46245
0.4607
0.50395
0.51781
0.50923
0.54303
0.43896
0.47655
0.55461
0.5138
0.46282
0.43296
0.41098
0.4273
0.51231
0.68915
0.74865
0.73636
0.67435
0.7169
0.74789
0.72591
0.71681
0.71793
0.71975
0.74057
0.74676
0.67369
0.51857
0.46237
0.40511
0.36976
0.34559
0.31092
0.26921
0.26482
0.41822
0.41041
0.41118
0.39823
0.42224
0.30456
0.19903
0.38253
0.77003
0.68645
0.61299
0.56028
0.5146
0.67145
0.75098
0.71563
0.79908
0.81211
0.80773
0.82064
0.84354
0.85907
0.85149
0.83726
0.8289
0.8419
0.83939
0.85855
0.85532
0.87128
0.83926
0.8175
0.79691
0.7838
0.79403
0.80142
0.79452
0.75604
0.75084
0.74162
0.74566
0.72058
0.71743
0.69896
0.69128
0.67999
0.67076
0.68032
0.68854
0.70362
0.7065
0.71575
0.71984
0.71605
0.72332
0.72998
0.72786
0.72362
0.72584
0.7275
0.76134
0.78186
0.74678
0.73927
0.71115
0.67418
0.63311
0.77532
0.80379
0.80583
0.80406
0.76691
0.68681
0.64352
0.63688
0.64015
0.63411
0.53099
0.43565
0.37054
0.33146
0.30781
0.26826
0.23033
0.18074
0.15158
0.15318
0.23491
0.27091
0.34531
0.33442
0.32121
0.39333
0.39568
0.43915
0.43738
0.42438
0.35401
0.33408
0.33352
0.37358
0.4086
0.41623
0.44226
0.3838
0.35334
0.37119
0.32815
0.34807
0.26166
0.18777
0.14564
0.14941
0.15494
0.25784
0.26422
0.24814
0.27754
0.27389
0.28161
0.32076
0.32318
0.30758
0.30695
0.31297
0.34692
0.37467
0.4334
0.49362
0.52651
0.54341
0.48344
0.47181
0.43717
0.41696
0.7092
0.73318
0.62001
0.42597
0.33581
0.40616
0.44916
0.49088
0.68487
0.65683
0.60813
0.52905
0.49012
0.42426
0.53174
0.71561
0.49346
0.48726
0.56724
0.66105
0.66688
0.68214
0.6893
0.68489
0.57611
0.49173
0.51202
0.53642
0.54527
0.63108
0.67231
0.63284
0.6324
0.5972
0.49138
0.44512
0.51813
0.61828
0.62749
0.61937
0.60338
0.56668
0.49576
0.43467
0.48782
0.37842
0.3013
0.2711
0.2892
0.35286
0.34759
0.31206
0.30763
0.30613
0.30949
0.39437
0.56691
0.66613
0.55719
0.48776
0.43085
0.36481
0.33528
0.33606
0.37726
0.41861
0.43238
0.46796
0.44963
0.61725
0.72336
0.74109
0.75425
0.77188
0.78061
0.79517
0.80206
0.82796
0.84525
0.84494
0.86844
0.86485
0.84722
0.79141
0.75095
0.6238
0.64621
0.84056
0.72557
0.70742
0.69862
0.69044
0.70592
0.67518
0.56857
0.66942
0.64708
0.75199
0.63538
0.59368
0.57928
0.49932
0.44873
0.47505
0.44658
0.40654
0.39333
0.40587
0.3488
0.25882
0.28615
0.45244
0.59344
0.60565
0.49875
0.64897
0.64712
0.59475
0.42585
0.35846
0.40182
0.44165
0.40323
0.4246
0.35914
0.31407
0.3305
0.30101
0.31865
0.34338
0.46389
0.53504
0.53016
0.43635
0.40897
0.42366
0.45021
0.42254
0.38688
0.31122
0.31117
0.30503
0.29765
0.27524
0.31261
0.46142
0.56443
0.54823
0.54658
0.56829
0.58339
0.50038
0.43965
0.39058
0.37926
0.3997
0.38537
0.29254
0.28129
0.27352
0.3348
0.43846
0.49511
0.65047
0.72422
0.67247
0.6476
0.64244
0.67579
0.78068
0.89828
0.77811
0.7786
0.79444
0.8131
0.8322
0.85668
0.84139
0.83696
0.83472
0.83155
0.81188
0.80684
0.80431
0.79459
0.80974
0.79147
0.78635
0.77981
0.76769
0.76563
0.76744
0.77282
0.77844
0.78629
0.78836
0.79201
0.78927
0.78893
0.79092
0.79743
0.79983
0.80875
0.79558
0.763
0.74876
0.74602
0.7415
0.75021
0.71229
0.69068
0.71586
0.72155
0.67667
0.656
0.61246
0.56062
0.52309
0.40574
0.34417
0.34147
0.2674
0.25571
0.26265
0.30926
0.30984
0.28567
0.26412
0.33424
0.48866
0.49847
0.85991
0.85686
0.83675
0.83601
0.8656
0.80952
0.79283
0.7208
0.82585
0.75647
0.66604
0.64191
0.7651
0.68412
0.73268
0.68173
0.57102
0.5782
0.58179
0.62575
0.66111
0.61196
0.55982
0.55763
0.66662
0.77037
0.71422
0.68596
0.6839
0.67499
0.63907
0.74447
0.84809
0.86216
0.86354
0.86615
0.86697
0.8607
0.85805
0.84001
0.83296
0.82981
0.79575
0.79179
0.7112
0.64973
0.68394
0.62046
0.55577
0.47449
0.42477
0.3431
0.24265
0.16162
0.13256
0.13698
0.14455
0.18627
0.21105
0.28173
0.31959
0.3967
0.36195
0.40223
0.46153
0.60185
0.64193
0.78266
0.90065
0.89902
0.88204
0.86651
0.80321
0.77878
0.78099
0.78954
0.78595
0.78924
0.77902
0.77234
0.74723
0.76253
0.7912
0.84674
0.79396
0.7782
0.7082
0.65409
0.64003
0.62871
0.60267
0.56774
0.52822
0.57908
0.63106
0.67872
0.6964
0.66375
0.68629
0.64028
0.60506
0.59374
0.55526
0.66929
0.79604
0.82351
0.89702
0.8733
0.79849
0.81317
0.7911
0.78809
0.76714
0.73094
0.88433
0.87674
0.72941
0.75231
0.79968
0.67188
0.66597
0.5826
0.61189
0.66863
0.67846
0.78962
0.73681
0.78141
0.77333
0.77471
0.77649
0.77907
0.78014
0.77979
0.76922
0.74392
0.64558
0.60848
0.654
0.64205
0.67045
0.71111
0.66233
0.75771
0.84505
0.77964
0.77787
0.7709
0.70926
0.7009
0.71238
0.78952
0.79937
0.77853
0.77893
0.78062
0.78913
0.78381
0.76877
0.74038
0.69156
0.72041
0.76032
0.77407
0.78692
0.7818
0.76075
0.74572
0.73962
0.74307
0.75974
0.70364
0.69945
0.82772
0.82738
0.79777
0.8185
0.84605
0.81017
0.79749
0.79031
0.77153
0.72325
0.67698
0.64482
0.52967
0.51807
0.57961
0.6495
0.7163
0.75028
0.60461
0.55956
0.59386
0.65821
0.59946
0.48117
0.45195
0.41902
0.42846
0.44303
0.37511
0.37312
0.50572
0.46228
0.55171
0.5992
0.55777
0.49421
0.45145
0.4018
0.37954
0.48706
0.51016
0.40964
0.45876
0.48695
0.51714
0.4713
0.33694
0.62954
0.63517
0.73892
0.6957
0.70665
0.80849
0.69476
0.57809
0.59193
0.48963
0.41082
0.78876
0.7881
0.71449
0.74192
0.71419
0.85062
0.81709
0.76493
0.77333
0.84693
0.904
0.78733
0.79381
0.71708
0.8446
0.83069
0.76665
0.77215
0.75776
0.71611
0.83287
0.83417
0.83926
0.82674
0.83056
0.82017
0.82622
0.81542
0.81251
0.78813
0.78281
0.77567
0.76108
0.8244
0.84074
0.84624
0.84859
0.806
0.83751
0.85348
0.82627
0.84307
0.83743
0.74412
0.70036
0.86536
0.74094
0.85234
0.88242
0.89066
0.88426
0.78839
0.86499
0.89126
0.84332
0.86846
0.89352
0.83905
0.77101
0.74843
0.73958
0.87818
0.86214
0.86726
0.76072
0.66788
0.71048
0.73908
0.6747
0.69997
0.92365
0.7494
0.76546
0.92649
0.90124
0.86655
0.86818
0.87293
0.87918
0.86695
0.85781
0.95505
0.94785
0.95512
0.87793
0.94409
0.89919
0.87931
0.87218
0.8476
0.83472
0.74355
0.64149
0.76183
0.69758
0.48106
0.46178
0.516
0.51952
0.56968
0.69244
0.75495
0.78255
0.76677
0.737
0.64261
0.82584
0.99467
0.99816
0.99683
0.97597
0.98251
0.93253
0.90943
0.93515
0.92324
0.89167
0.8585
0.89194
0.86963
0.78557
0.80268
0.75391
0.71372
0.72897
0.7727
0.74855
0.73839
0.73686
0.83733
0.92048
0.91245
0.90766
0.90603
0.89955
0.92311
0.90864
0.88611
0.89012
0.88088
0.87145
0.87079
0.92597
0.97129
0.94078
0.81456
0.71621
0.67778
0.72525
0.76403
0.76842
0.72584
0.68961
0.67157
0.63736
0.59494
0.66793
0.72349
0.73814
0.68786
0.64877
0.83529
0.82287
0.73814
0.66144
0.6656
0.71799
0.76018
0.66662
0.66277
0.68737
0.66894
0.79768
0.8805
0.89288
0.88823
0.89663
0.88842
0.86831
0.84003
0.76935
0.71448
0.76948
0.75762
0.7138
0.71607
0.80281
0.81001
0.7708
0.75555
0.73432
0.70479
0.63092
0.62819
0.54448
0.53492
0.5684
0.66263
0.76402
0.74166
0.73005
0.76576
0.75429
0.83497
0.98692
0.97995
0.99858
1.0006
0.9995
0.9993
0.86908
0.71493
0.63118
0.56206
0.55129
0.53598
0.53242
0.63615
0.80677
0.76788
0.73562
0.75533
0.72764
0.7119
0.68944
0.64008
0.62658
0.64693
0.60992
0.60133
0.61749
0.63043
0.63064
0.64729
0.68723
0.69613
0.71112
0.70487
0.74368
0.72802
0.6867
0.63404
0.58164
0.78663
0.91776
0.91514
0.91157
0.91388
0.93879
0.95263
0.94046
0.9459
0.93799
0.84162
0.65245
0.57027
0.57921
0.55018
0.48972
0.49562
0.52865
0.50891
0.58955
0.60442
0.59242
0.50207
0.48343
0.46444
0.47392
0.45244
0.44833
0.41709
0.51979
0.91086
0.91201
0.91297
0.91353
0.912
0.92066
0.913
0.91624
0.90052
0.9045
0.91115
0.86346
0.88698
0.87812
0.74796
0.71404
0.63994
0.5815
0.53361
0.50979
0.50839
0.51897
0.46537
0.46934
0.55433
0.60341
0.6571
0.75965
0.81881
0.91337
0.91795
0.91899
0.90787
0.85455
0.8166
0.78879
0.76721
0.74787
0.7371
0.7641
0.78896
0.79346
0.78497
0.72581
0.63031
0.60602
0.55443
0.85058
0.87266
0.94154
0.99711
0.95784
0.95001
0.92089
0.9074
0.90472
0.91295
0.92105
0.90802
0.89179
0.89156
0.89413
0.90896
0.89599
0.84114
0.7767
0.76885
0.74438
0.73083
0.72487
0.71348
0.68636
0.57606
0.47285
0.46021
0.52377
0.49928
0.6443
0.81784
0.93238
0.98184
0.98256
0.97725
0.98298
0.94344
0.86056
0.812
0.75835
0.72177
0.67496
0.62639
0.54543
0.58052
0.60758
0.66518
0.69319
0.72514
0.73856
0.73945
0.70608
0.67806
0.65561
0.64832
0.6506
0.62921
0.60143
0.56658
0.56014
0.55359
0.55706
0.5672
0.57158
0.55084
0.52115
0.53234
0.52706
0.53238
0.53787
0.54044
0.53436
0.52891
0.54618
0.56105
0.55191
0.55799
0.60325
0.6062
0.6031
0.57605
0.60494
0.66361
0.682
0.6909
0.71412
0.70551
0.71213
0.73189
0.74224
0.74604
0.73562
0.70702
0.67747
0.66069
0.64863
0.62175
0.59321
0.6482
0.74923
0.78803
0.80492
0.84547
0.8625
0.85784
0.79187
0.73562
0.73657
0.7384
0.72623
0.74524
0.77404
0.81065
0.91549
0.91968
0.92303
0.9186
0.89732
0.8537
0.83756
0.89165
0.97224
0.99883
0.98781
0.99091
0.99492
0.99747
1.0005
0.99924
1.0003
1.0005
0.9995
0.99887
1.0002
0.99645
0.99154
0.98771
0.93841
0.96077
0.91942
0.92616
0.93774
0.93492
0.96932
0.98402
0.98283
0.99113
0.99336
0.97841
0.9703
0.85379
0.74989
0.65993
0.63796
0.58333
0.54226
0.47603
0.46781
0.52888
0.89184
0.97872
0.97613
0.98217
0.98772
0.98386
0.98367
0.97691
0.96693
0.96398
0.9625
0.97758
0.99602
0.99159
0.93274
0.91553
0.96653
0.9778
0.9472
0.90521
0.91625
0.94898
0.9839
0.98495
0.99128
0.9998
1.0002
0.99784
0.96428
0.97747
0.93211
0.87473
0.94213
0.93544
0.85129
0.75196
0.67506
0.59479
0.50139
0.53027
0.44618
0.43809
0.4508
0.51871
0.51712
0.56223
0.60224
0.60812
0.57175
0.55884
0.5439
0.5372
0.51763
0.4899
0.47902
0.43576
0.4066
0.47486
0.50602
0.50636
0.50229
0.47326
0.41265
0.3738
0.37567
0.39034
0.44812
0.51988
0.62976
0.71612
0.80298
0.86858
0.85465
0.82905
0.78054
0.75
0.7289
0.78669
0.93529
0.98594
0.99827
0.99717
0.99585
0.99366
0.9806
0.96122
0.9119
0.88367
0.87913
0.87388
0.85239
0.85521
0.81459
0.82748
0.86014
0.85732
0.86618
0.85694
0.8367
0.82885
0.86331
0.85884
0.81193
0.7483
0.68167
0.63159
0.58237
0.54298
0.56291
0.57788
0.59637
0.61189
0.59755
0.58474
0.57415
0.56963
0.5814
0.59162
0.58667
0.58521
0.61496
0.6185
0.62643
0.64979
0.68856
0.72467
0.73716
0.72236
0.68569
0.626
0.60044
0.61577
0.54359
0.50588
0.68731
0.77124
0.79638
0.81695
0.86773
0.84296
0.82596
0.87753
0.94152
0.96563
0.90819
0.97741
0.99625
0.98877
0.98623
0.99107
0.99164
0.99756
0.99697
0.98189
0.91984
0.85204
0.85407
0.76382
0.91493
0.9332
0.97448
0.98321
0.9648
0.9409
0.97458
0.99875
1.0004
0.94539
0.83899
0.77889
0.69779
0.61396
0.50181
0.48198
0.48972
0.47044
0.50707
0.53122
0.56255
0.60047
0.64926
0.66038
0.6385
0.59243
0.55152
0.57872
0.7825
0.69927
0.70436
0.78837
0.90814
0.90641
0.79202
0.5925
0.50373
0.47207
0.42203
0.39121
0.35608
0.36385
0.37716
0.40777
0.43857
0.45734
0.38658
0.31708
0.37956
0.41297
0.45344
0.57018
0.6327
0.73151
0.8186
0.91212
0.91694
0.9129
0.92766
0.90507
0.8827
0.90525
0.90043
0.87219
0.89506
0.92497
0.95689
0.94119
0.97628
0.9743
0.96468
0.94425
0.9579
0.90443
0.94388
0.96237
0.9852
0.99721
0.99916
0.99613
1.0007
0.99065
0.99769
0.99285
0.99128
0.98718
0.99749
1
0.99172
0.97161
0.99875
0.98217
0.98894
0.88062
0.6509
0.68678
0.70783
0.94342
0.99299
0.99734
0.99747
0.97928
0.96741
0.97439
0.95523
0.98335
0.99646
0.9872
0.98397
0.98909
0.99466
0.99681
0.9979
0.99459
0.99593
0.98407
0.98511
0.99744
1.0006
0.98962
0.98604
0.97055
0.99777
0.99913
0.98757
0.63097
0.5639
0.81688
0.91426
0.82224
0.59359
0.83128
0.79207
0.69807
0.64184
0.87246
0.90144
0.95204
0.96455
0.96446
0.96575
0.98808
0.93612
0.9237
0.92946
0.94534
0.95242
0.96948
0.97501
0.97875
0.97339
0.96787
0.95536
0.95059
0.95172
0.9672
0.98226
0.96359
0.92062
0.79897
0.82683
0.48768
0.41699
0.42348
0.44222
0.4552
0.72743
0.6005
0.61972
0.5896
0.36789
0.42511
0.45172
0.43122
0.56486
0.65375
0.64403
0.69401
0.72701
0.7933
0.84688
0.85779
0.8466
0.80169
0.72272
0.66752
0.5797
0.65383
0.90052
0.91651
0.92198
0.92309
0.90808
0.89822
0.71421
0.74979
0.71111
0.71455
0.72431
0.59938
0.38698
0.49347
0.66899
0.85661
0.93375
0.91491
0.82434
0.91105
0.91251
0.60873
0.5667
0.53271
0.84227
0.9047
0.92502
0.89848
0.9154
0.90325
0.91428
0.89833
0.9126
0.90369
0.92182
0.93312
0.93813
0.9063
0.79336
0.56536
0.6998
0.68336
0.59317
0.48017
0.60928
0.85482
0.88438
0.88507
0.89611
0.90938
0.91705
0.94056
0.91746
0.9137
0.88252
0.87203
0.73824
0.81907
0.83755
0.96207
0.81193
0.54573
0.40111
0.43004
0.45595
0.47284
0.47211
0.51568
0.58561
0.55231
0.47517
0.45514
0.464
0.47723
0.48543
0.50978
0.52265
0.54391
0.56234
0.55821
0.58758
0.62477
0.65719
0.84217
0.87003
0.87267
0.89118
0.87028
0.87365
0.89328
0.90208
0.88368
0.89641
0.88927
0.90553
0.89798
0.88458
0.92663
0.9098
0.88916
0.89171
0.88771
0.89555
0.87453
0.88223
0.83824
0.82361
0.69971
0.61014
0.55268
0.55172
0.56604
0.60764
0.64743
0.72186
0.65167
0.47576
0.40254
0.36167
0.32478
0.39714
0.49731
0.63111
0.85967
0.8568
0.86052
0.87148
0.89418
0.92918
0.92591
0.91932
0.92378
0.93164
0.92929
0.93414
0.93919
0.94592
0.94145
0.94461
0.94501
0.94685
0.93447
0.92984
0.92831
0.93046
0.93846
0.93957
0.94031
0.94281
0.9433
0.95728
0.9677
0.95714
0.89995
0.8926
0.75827
0.82862
0.93374
0.76438
0.79822
0.8014
0.92397
0.9588
0.9734
0.90576
0.7242
0.53725
0.40323
0.44027
0.43764
0.29497
0.21781
0.33827
0.38682
0.40885
0.42834
0.50042
0.54396
0.59458
0.63625
0.65405
0.67306
0.66662
0.67775
0.76196
0.74799
0.62801
0.5769
0.39886
0.72919
0.93815
0.96843
0.94182
0.93315
0.93166
0.95188
0.95121
0.95099
0.94265
0.94683
0.94891
0.94023
0.93118
0.93562
0.91955
0.89693
0.81908
0.71954
0.75101
0.70408
0.6659
0.62568
0.56659
0.53207
0.46456
0.48297
0.52795
0.51002
0.61554
0.58045
0.5686
0.49006
0.49315
0.57013
0.91463
0.93592
0.93775
0.94574
0.94247
0.94405
0.94992
0.95336
0.95237
0.95079
0.95058
0.95476
0.94917
0.94226
0.92393
0.73213
0.92509
0.84966
0.94035
0.94007
0.94214
0.93966
0.91911
0.91057
0.90613
0.90845
0.89603
0.7217
0.72414
0.86406
0.87643
0.91214
0.93226
0.82886
0.88729
0.87015
0.91453
0.92596
0.94301
0.92918
0.92577
0.9346
0.94036
0.89803
0.88278
0.6443
0.42505
0.30476
0.26955
0.25027
0.22918
0.22614
0.26617
0.28859
0.29053
0.28678
0.30295
0.30257
0.28538
0.24581
0.23631
0.26514
0.37757
0.52939
0.58508
0.74253
0.65535
0.55769
0.80997
0.86188
0.88277
0.88892
0.88758
0.73371
0.78037
0.52707
0.41007
0.43654
0.55156
0.82876
0.85267
0.85357
0.8962
0.91244
0.92469
0.93885
0.91976
0.92178
0.91018
0.88598
0.8698
0.8545
0.61117
0.38958
0.28504
0.24621
0.50974
0.84285
0.8571
0.86379
0.86026
0.86368
0.86181
0.84121
0.85405
0.84855
0.85089
0.86718
0.82463
0.63411
0.74862
0.73168
0.68288
0.5678
0.48758
0.49218
0.4545
0.4104
0.34793
0.3263
0.32601
0.31554
0.30394
0.31772
0.35373
0.35377
0.34495
0.36945
0.4116
0.42143
0.45228
0.52151
0.64137
0.73078
0.82739
0.82097
0.80633
0.87174
0.86906
0.87554
0.8839
0.8801
0.87362
0.86859
0.86983
0.87081
0.8667
0.8509
0.83815
0.69404
0.68734
0.71985
0.7868
0.79844
0.82166
0.85736
0.84407
0.84849
0.85919
0.86865
0.88195
0.86577
0.87336
0.86547
0.86048
0.8641
0.84403
0.80904
0.82862
0.84424
0.84678
0.84564
0.8362
0.81141
0.59836
0.48709
0.48017
0.55147
0.57951
0.75338
0.70945
0.74228
0.82087
0.7275
0.63135
0.53904
0.48235
0.43303
0.42178
0.49192
0.51846
0.34168
0.26766
0.33895
0.44849
0.80364
0.83232
0.83525
0.84126
0.82121
0.82214
0.8142
0.8012
0.79742
0.77768
0.77654
0.75652
0.76536
0.77611
0.77769
0.5438
0.54172
0.66137
0.72422
0.6897
0.71946
0.7509
0.77067
0.78331
0.78197
0.6706
0.40164
0.45594
0.36706
0.26714
0.26094
0.22709
0.21473
0.21114
0.20125
0.1951
0.21951
0.26873
0.27402
0.26103
0.24033
0.23149
0.25678
0.26316
0.22935
0.23317
0.24635
0.25273
0.25313
0.23296
0.24738
0.266
0.28588
0.31042
0.35029
0.33116
0.72911
0.74685
0.78269
0.77413
0.80102
0.82552
0.83113
0.82338
0.80552
0.80442
0.80741
0.82326
0.82045
0.79801
0.77461
0.76275
0.74076
0.75558
0.77612
0.54317
0.52974
0.77131
0.79663
0.80154
0.8169
0.78936
0.76341
0.77451
0.8018
0.8126
0.82578
0.80263
0.79751
0.79382
0.74431
0.62278
0.47688
0.39624
0.31425
0.27935
0.33288
0.42625
0.78159
0.79
0.7942
0.80412
0.71912
0.47472
0.65114
0.36078
0.33839
0.32095
0.28116
0.24507
0.22906
0.22747
0.25741
0.29992
0.3329
0.49726
0.78209
0.81762
0.82093
0.863
0.85744
0.85581
0.64862
0.49576
0.45461
0.48107
0.42928
0.37278
0.30105
0.28465
0.27221
0.25199
0.34306
0.6168
0.68405
0.70749
0.70781
0.75906
0.80683
0.82601
0.79532
0.7647
0.76283
0.76249
0.7607
0.77416
0.76627
0.76524
0.76176
0.73809
0.71434
0.73316
0.72631
0.71485
0.62437
0.53374
0.55328
0.42961
0.46103
0.44702
0.41546
0.38738
0.33958
0.33449
0.31326
0.27811
0.27115
0.26848
0.3044
0.29469
0.27596
0.21609
0.15387
0.12076
0.38411
0.68222
0.87292
0.84163
0.84584
0.85001
0.85317
0.83769
0.82003
0.81475
0.42134
0.56858
0.34592
0.33153
0.3835
0.37431
0.41983
0.30571
0.33411
0.38888
0.37654
0.87601
0.83539
0.82407
0.82438
0.82506
0.83553
0.81258
0.79677
0.8209
0.83128
0.86492
0.8892
0.89409
0.88182
0.86821
0.80432
0.50073
0.32332
0.32444
0.38211
0.38102
0.39936
0.47322
0.87717
0.86257
0.83982
0.48215
0.38327
0.31341
0.23055
0.18154
0.63617
0.64395
0.84549
0.88282
0.9178
0.90733
0.86663
0.8883
0.89644
0.63559
0.55184
0.49068
0.39236
0.64257
0.85368
0.85152
0.83479
0.81232
0.82127
0.81614
0.81087
0.82362
0.80758
0.80715
0.84429
0.82724
0.82747
0.80018
0.77307
0.77522
0.79261
0.68598
0.77781
0.62633
0.28071
0.23909
0.2328
0.25002
0.27257
0.27345
0.26258
0.25935
0.2598
0.26618
0.27635
0.27975
0.26825
0.27275
0.27778
0.29122
0.29268
0.29856
0.33783
0.44548
0.75091
0.7641
0.76819
0.76273
0.71549
0.63677
0.76308
0.76126
0.75317
0.48638
0.3708
0.33992
0.31063
0.30457
0.30249
0.29998
0.29551
0.28466
0.28597
0.29895
0.3124
0.32667
0.33787
0.33698
0.32568
0.28864
0.46915
0.76718
0.77131
0.48146
0.26818
0.32105
0.34366
0.30837
0.24817
0.23415
0.27021
0.30712
0.31921
0.36311
0.70664
0.72837
0.75043
0.75579
0.76429
0.76218
0.75563
0.77208
0.78702
0.76846
0.74632
0.74049
0.73094
0.72959
0.72225
0.71165
0.73243
0.72871
0.7297
0.71239
0.72438
0.73859
0.7438
0.75116
0.75764
0.76052
0.74049
0.75239
0.75386
0.74654
0.77819
0.37423
0.24501
0.18247
0.15253
0.13845
0.15491
0.14985
0.12705
0.12168
0.13004
0.14988
0.15401
0.15923
0.16503
0.1767
0.20445
0.24123
0.40652
0.6659
0.74593
0.77407
0.78633
0.76782
0.78962
0.78904
0.77789
0.77446
0.77323
0.77684
0.78668
0.78708
0.79855
0.79203
0.77485
0.75425
0.75272
0.75951
0.75096
0.76506
0.75567
0.7349
0.71912
0.66055
0.73949
0.74389
0.74681
0.73088
0.70568
0.69023
0.67875
0.54322
0.44388
0.46302
0.42251
0.38403
0.38984
0.38484
0.4279
0.50303
0.58339
0.72399
0.72802
0.70418
0.68302
0.66445
0.67703
0.46757
0.47785
0.49465
0.52517
0.67122
0.72334
0.72679
0.72035
0.7249
0.72532
0.72438
0.73829
0.71386
0.53633
0.44311
0.33319
0.25846
0.21975
0.20626
0.23415
0.5587
0.55476
0.6282
0.71918
0.72243
0.68279
0.72161
0.71071
0.76549
0.77711
0.77302
0.78264
0.78367
0.78129
0.76875
0.75225
0.72224
0.70824
0.69045
0.69722
0.71599
0.73063
0.77149
0.77103
0.75242
0.56012
0.59348
0.80509
0.83825
0.87013
0.88177
0.86871
0.86422
0.88131
0.87352
0.87688
0.86797
0.83967
0.80081
0.81154
0.79265
0.81115
0.81765
0.75884
0.64859
0.5372
0.70265
0.71519
0.69878
0.77191
0.81367
0.83461
0.82049
0.80014
0.79475
0.78558
0.76075
0.71539
0.71049
0.74121
0.78466
0.78929
0.78941
0.66945
0.78729
0.82533
0.82486
0.82588
0.81786
0.80512
0.65172
0.60304
0.6214
0.6785
0.66463
0.7131
0.70687
0.64098
0.58344
0.55543
0.59677
0.66018
0.6705
0.6469
0.69343
0.70489
0.72767
0.74386
0.75204
0.77742
0.75193
0.7158
0.7019
0.71392
0.71928
0.71706
0.73765
0.78768
0.81687
0.80532
0.78223
0.77747
0.76861
0.74999
0.5602
0.40015
0.37796
0.43233
0.48484
0.524
0.67361
0.74317
0.64999
0.76178
0.62294
0.43598
0.38621
0.33513
0.29634
0.32726
0.34836
0.42
0.57616
0.52565
0.41486
0.7846
0.8431
0.82059
0.47684
0.32138
0.34672
0.36368
0.49599
0.58409
0.54355
0.3568
0.37934
0.41289
0.53231
