0.56836
0.57349
0.58108
0.69586
0.70528
0.71461
0.72421
0.7342
0.73352
0.73433
0.74575
0.75595
0.76248
0.77084
0.77823
0.78151
0.78077
0.78292
0.77133
0.76109
0.75311
0.74505
0.73658
0.72535
0.62818
0.59079
0.59356
0.58033
0.48234
0.55698
0.59093
0.60585
0.62655
0.72284
0.73379
0.77322
0.79291
0.74957
0.63192
0.62578
0.66496
0.74618
0.68355
0.70347
0.61194
0.61197
0.62228
0.65515
0.64362
0.61609
0.62864
0.62149
0.59732
0.58491
0.57739
0.56418
0.55171
0.58353
0.61829
0.57771
0.56906
0.54686
0.56479
0.57762
0.56083
0.57194
0.62944
0.61551
0.56841
0.55711
0.56275
0.56405
0.55049
0.55634
0.57698
0.57267
0.54644
0.55572
0.5705
0.56752
0.58285
0.59376
0.60061
0.59553
0.58496
0.56654
0.54966
0.55389
0.55848
0.5646
0.57428
0.58578
0.59446
0.61617
0.61876
0.72078
0.70022
0.73373
0.74127
0.74339
0.74426
0.741
0.73715
0.69095
0.63284
0.55681
0.53963
0.58129
0.60558
0.59047
0.58189
0.57507
0.4767
0.47225
0.4826
0.47924
0.49796
0.51339
0.52327
0.56114
0.59158
0.59069
0.57268
0.5079
0.46606
0.43686
0.48093
0.62399
0.60778
0.53031
0.55286
0.58423
0.60796
0.64227
0.63559
0.6395
0.64749
0.6498
0.64948
0.65933
0.63485
0.58713
0.58104
0.59872
0.6316
0.5543
0.52994
0.51873
0.48832
0.47447
0.47829
0.49716
0.5118
0.54182
0.57969
0.58927
0.59625
0.58799
0.57793
0.56178
0.57311
0.62593
0.63777
0.58706
0.60227
0.48061
0.49156
0.49817
0.568
0.58137
0.56881
0.5695
0.59376
0.61604
0.6184
0.59201
0.58522
0.58175
0.58407
0.59247
0.60281
0.62174
0.63847
0.65186
0.66899
0.6924
0.70209
0.69314
0.66842
0.63299
0.61327
0.61165
0.60846
0.60081
0.58106
0.58496
0.5544
0.56574
0.5776
0.57491
0.6572
0.66791
0.66539
0.66884
0.65893
0.64966
0.65313
0.6541
0.65069
0.62287
0.66567
0.65257
0.61452
0.60555
0.59632
0.5979
0.59607
0.60064
0.60144
0.59726
0.59983
0.59228
0.58835
0.59261
0.58558
0.58991
0.59178
0.58539
0.57719
0.57174
0.56746
0.5645
0.56797
0.57267
0.57818
0.57927
0.58132
0.57859
0.58134
0.5879
0.59548
0.59147
0.58748
0.58411
0.5826
0.57895
0.57606
0.58044
0.58249
0.58003
0.57501
0.56887
0.57201
0.56805
0.57394
0.6001
0.58902
0.57393
0.58856
0.62387
0.63051
0.62444
0.61716
0.61952
0.62323
0.62883
0.65423
0.62743
0.61748
0.67211
0.68832
0.6856
0.62289
0.58359
0.56847
0.5945
0.60632
0.58288
0.56633
0.59583
0.61593
0.61818
0.62276
0.63292
0.6529
0.67856
0.6736
0.66244
0.66122
0.60873
0.46567
0.60477
0.67786
0.64842
0.65022
0.65089
0.68079
0.62677
0.64796
0.67988
0.7326
0.75925
0.77964
0.7896
0.79988
0.79637
0.7913
0.75916
0.77181
0.78371
0.7847
0.75837
0.67952
0.59619
0.59773
0.54658
0.57194
0.57325
0.52758
0.52241
0.51725
0.53576
0.52968
0.56281
0.57755
0.68016
0.64445
0.55937
0.57032
0.58318
0.58466
0.58277
0.49901
0.50807
0.55875
0.61122
0.60599
0.61049
0.57622
0.5588
0.54227
0.53099
0.53942
0.54862
0.55848
0.57452
0.57082
0.57135
0.56751
0.55758
0.54781
0.54218
0.54187
0.54737
0.5507
0.55998
0.56412
0.56793
0.56803
0.56835
0.57263
0.57535
0.58041
0.57737
0.57969
0.58392
0.58076
0.57315
0.57839
0.61236
0.60571
0.60929
0.59341
0.57278
0.56066
0.56542
0.56657
0.57357
0.57355
0.57771
0.58448
0.58795
0.58598
0.58314
0.57841
0.57919
0.57962
0.5818
0.58809
0.59274
0.60228
0.6255
0.62952
0.62353
0.63605
0.62714
0.62751
0.63939
0.63159
0.58934
0.58999
0.62144
0.61888
0.60003
0.58002
0.59452
0.59008
0.59156
0.59994
0.61504
0.63234
0.6375
0.6864
0.61897
0.60157
0.6373
0.64936
0.66198
0.61795
0.58542
0.57974
0.58748
0.59891
0.5986
0.60513
0.60443
0.60318
0.59307
0.58892
0.579
0.57314
0.55519
0.55954
0.55239
0.54725
0.54999
0.50475
0.50906
0.5271
0.48427
0.46897
0.49436
0.54332
0.56568
0.53295
0.54457
0.48273
0.52758
0.55862
0.5522
0.55115
0.56682
0.56611
0.57317
0.53316
0.51065
0.49534
0.60746
0.5732
0.55204
0.53267
0.52362
0.51688
0.51417
0.51936
0.52448
0.53142
0.5367
0.54026
0.55505
0.57077
0.57758
0.58811
0.59328
0.58469
0.5733
0.57965
0.58708
0.58075
0.59977
0.61009
0.61021
0.60306
0.58508
0.5758
0.57615
0.57664
0.57512
0.57426
0.59319
0.59701
0.63739
0.63854
0.64876
0.65062
0.65179
0.65102
0.63413
0.64213
0.64292
0.6753
0.68379
0.69043
0.68625
0.66644
0.65328
0.64069
0.61073
0.59792
0.58992
0.56867
0.52287
0.53166
0.55011
0.55409
0.54478
0.54662
0.5497
0.47399
0.50517
0.52255
0.54228
0.52913
0.51596
0.50806
0.50954
0.52482
0.52448
0.5329
0.52342
0.49477
0.44639
0.4045
0.38197
0.43196
0.53188
0.56938
0.54084
0.49558
0.45138
0.48809
0.55121
0.57166
0.60098
0.6489
0.64562
0.64934
0.6504
0.64575
0.60817
0.55428
0.55861
0.54849
0.53948
0.55439
0.56485
0.57641
0.71467
0.69501
0.69459
0.73485
0.7684
0.7781
0.78838
0.79752
0.80684
0.81622
0.75546
0.78637
0.78731
0.7721
0.73381
0.74044
0.74662
0.73546
0.75546
0.73938
0.69265
0.67498
0.64356
0.76335
0.6381
0.62126
0.61936
0.66954
0.78645
0.77576
0.75198
0.72633
0.69939
0.7219
0.67757
0.65077
0.64838
0.65232
0.61899
0.59038
0.55026
0.59727
0.73409
0.71136
0.66606
0.67779
0.63139
0.62973
0.64287
0.65368
0.68571
0.80205
0.81689
0.82754
0.8104
0.83167
0.8342
0.81434
0.73027
0.75904
0.74036
0.70269
0.64348
0.59974
0.56769
0.55234
0.54605
0.53895
0.5158
0.46866
0.55026
0.68295
0.72243
0.73833
0.70843
0.68716
0.68374
0.67765
0.66797
0.65982
0.67706
0.66005
0.65696
0.60442
0.58367
0.57856
0.66545
0.69069
0.69388
0.78315
0.79286
0.78478
0.78174
0.72729
0.71963
0.65941
0.59602
0.54812
0.51362
0.47561
0.46098
0.45832
0.77881
0.7726
0.75388
0.73755
0.75407
0.76743
0.77958
0.78189
0.78617
0.79333
0.7968
0.7916
0.77224
0.76917
0.77307
0.7595
0.73227
0.7304
0.72204
0.73571
0.76708
0.76991
0.76673
0.74984
0.75252
0.75169
0.74734
0.72332
0.73034
0.73887
0.72158
0.71068
0.6925
0.66911
0.6537
0.63987
0.64084
0.65236
0.64739
0.64977
0.6336
0.63371
0.63335
0.64835
0.65641
0.65156
0.64172
0.64463
0.69062
0.71532
0.72728
0.73017
0.73015
0.72842
0.73095
0.72463
0.69439
0.67704
0.65201
0.60725
0.58785
0.5929
0.59006
0.58542
0.57604
0.57555
0.56314
0.56595
0.57996
0.60508
0.60216
0.6073
0.61013
0.59846
0.58468
0.57989
0.6022
0.63116
0.66646
0.70659
0.65738
0.6212
0.60799
0.61111
0.62966
0.64816
0.65892
0.67173
0.67265
0.67381
0.66977
0.65928
0.65582
0.67591
0.71238
0.7723
0.84618
0.86166
0.68581
0.69999
0.70072
0.71284
0.72533
0.73131
0.67847
0.6129
0.66144
0.63904
0.63905
0.62578
0.57622
0.76658
0.7152
0.72775
0.71621
0.74733
0.71726
0.74941
0.74894
0.72722
0.71228
0.68257
0.68404
0.62142
0.59234
0.57704
0.54826
0.53112
0.69728
0.76786
0.77506
0.75245
0.75825
0.74372
0.72519
0.73561
0.73003
0.70518
0.67743
0.66617
0.6649
0.67582
0.70867
0.70287
0.60989
0.68973
0.76605
0.77568
0.77437
0.80038
0.81744
0.68529
0.65437
0.62525
0.59154
0.61749
0.6201
0.81452
0.82438
0.82598
0.81266
0.80404
0.74089
0.73237
0.73661
0.72359
0.732
0.76049
0.76339
0.73037
0.72013
0.68024
0.65935
0.72388
0.69561
0.68584
0.71543
0.66055
0.64948
0.6344
0.65445
0.65897
0.66156
0.64886
0.63275
0.64892
0.65053
0.63128
0.5822
0.55412
0.56669
0.593
0.66585
0.69107
0.68226
0.659
0.63099
0.64678
0.67213
0.65986
0.65797
0.62565
0.5716
0.55568
0.53665
0.55361
0.58387
0.59123
0.58005
0.56189
0.53271
0.51967
0.51759
0.51864
0.54901
0.5596
0.55869
0.55127
0.53649
0.5406
0.56212
0.57558
0.59156
0.60672
0.55532
0.53433
0.50879
0.49336
0.52401
0.53088
0.58954
0.64826
0.65185
0.6035
0.62075
0.62755
0.63326
0.65178
0.63024
0.61516
0.59068
0.5786
0.56638
0.55834
0.55049
0.56443
0.61678
0.72988
0.75049
0.72559
0.63724
0.55035
0.55484
0.56058
0.58909
0.59705
0.59024
0.58771
0.58115
0.57438
0.57341
0.59674
0.61252
0.58783
0.59847
0.61274
0.59884
0.62266
0.65143
0.63951
0.6529
0.62332
0.61063
0.6173
0.61398
0.77775
0.78776
0.78223
0.77433
0.76629
0.75482
0.65271
0.58983
0.61401
0.57667
0.59005
0.61181
0.64086
0.64294
0.63415
0.63275
0.63698
0.6521
0.67635
0.67024
0.66078
0.63938
0.62254
0.62481
0.62885
0.6409
0.78928
0.80247
0.82829
0.84897
0.82428
0.70803
0.86129
0.86195
0.73418
0.66784
0.6123
0.60239
0.60925
0.62068
0.6228
0.65279
0.80175
0.78548
0.79391
0.68654
0.76048
0.78664
0.83079
0.8329
0.83321
0.82798
0.8303
0.83915
0.81526
0.81312
0.82876
0.81699
0.77888
0.75435
0.74308
0.70826
0.67069
0.65943
0.59967
0.56472
0.58448
0.59937
0.61329
0.57234
0.60337
0.56798
0.54993
0.55267
0.58946
0.60759
0.54857
0.55374
0.54619
0.55049
0.54472
0.55974
0.57962
0.61798
0.62206
0.63098
0.60546
0.59978
0.6066
0.60471
0.63506
0.66942
0.67831
0.69034
0.69258
0.69517
0.65207
0.64377
0.62882
0.61952
0.62325
0.60596
0.59371
0.59643
0.60548
0.61424
0.60745
0.56874
0.56194
0.56545
0.58911
0.66875
0.58289
0.71957
0.75427
0.66447
0.65591
0.64163
0.63453
0.63181
0.62621
0.66988
0.69899
0.72582
0.67143
0.65312
0.64452
0.64974
0.63881
0.63686
0.61654
0.59318
0.59882
0.61928
0.6233
0.59349
0.57186
0.57073
0.63735
0.6347
0.66266
0.67778
0.66404
0.686
0.67635
0.67232
0.67878
0.68158
0.83164
0.83377
0.84729
0.87889
0.78608
0.72199
0.67255
0.65464
0.6555
0.61199
0.60973
0.61923
0.62344
0.61799
0.6657
0.69053
0.7052
0.73087
0.73641
0.72104
0.7333
0.63241
0.62756
0.64225
0.62761
0.63826
0.65732
0.6741
0.65741
0.66706
0.71366
0.7544
0.84384
0.86739
0.88072
0.85642
0.86186
0.86318
0.86157
0.85732
0.85743
0.85209
0.83719
0.82029
0.86252
0.86949
0.81116
0.78868
0.75925
0.75471
0.72477
0.72062
0.72751
0.70689
0.70134
0.7765
0.73365
0.65638
0.63223
0.63732
0.63658
0.76524
0.84099
0.84182
0.8444
0.84131
0.79768
0.74985
0.71449
0.65088
0.64363
0.60414
0.80004
0.81836
0.78142
0.76879
0.75946
0.72781
0.71854
0.74668
0.73805
0.71262
0.68852
0.65491
0.64845
0.64845
0.65355
0.69992
0.83441
0.85494
0.84935
0.82395
0.7919
0.7718
0.76516
0.77467
0.78277
0.74239
0.69948
0.65655
0.61021
0.60009
0.62532
0.65924
0.68032
0.68313
0.68786
0.68768
0.68907
0.69359
0.697
0.71959
0.7266
0.72687
0.72119
0.71402
0.69392
0.71441
0.7063
0.69253
0.71247
0.74913
0.71352
0.69393
0.69459
0.68124
0.67722
0.69737
0.72237
0.74293
0.74513
0.64701
0.66085
0.65779
0.67287
0.69754
0.72034
0.75368
0.78754
0.78666
0.78003
0.80337
0.77694
0.7314
0.74061
0.74968
0.70731
0.71091
0.66825
0.67857
0.69558
0.67607
0.70282
0.7114
0.65793
0.67406
0.68555
0.67831
0.65363
0.68317
0.77517
0.73903
0.63619
0.64804
0.62913
0.61992
0.64162
0.65986
0.73569
0.64159
0.59983
0.60272
0.61232
0.6226
0.64126
0.67563
0.67051
0.63279
0.56747
0.54115
0.5467
0.51399
0.52728
0.55133
0.53104
0.54036
0.72724
0.73406
0.73052
0.74068
0.76983
0.90675
0.91265
0.82229
0.77146
0.77776
0.75636
0.79541
0.78958
0.79634
0.86682
0.82778
0.80549
0.75095
0.75839
0.74705
0.7657
0.78592
0.80222
0.77626
0.75865
0.7613
0.73874
0.76266
0.72042
0.9482
0.91335
0.90373
0.8795
0.91979
0.84507
0.86296
0.89942
0.92539
0.91333
0.80767
0.92844
0.53418
0.65275
0.63658
0.69149
0.80909
0.92735
0.81951
0.79439
0.7354
0.66371
0.71249
0.73626
0.76989
0.77443
0.75873
0.68455
0.65776
0.60167
0.80378
0.7732
0.77664
0.81725
0.70146
0.68478
0.65417
0.63787
0.6836
0.72525
0.75169
0.79039
0.75401
0.74337
0.72624
0.73956
0.75697
0.79621
0.8253
0.80718
0.83478
0.85716
0.83903
0.79753
0.81355
0.81641
0.81117
0.78324
0.76328
0.77332
0.74718
0.7512
0.75342
0.75595
0.78133
0.77523
0.75778
0.75319
0.7574
0.77298
0.73639
0.70354
0.68457
0.7359
0.80292
0.82474
0.8216
0.78447
0.73169
0.73152
0.74287
0.73262
0.74904
0.84163
0.88884
0.91368
0.8988
0.8954
0.90949
0.92196
0.83398
0.79392
0.71602
0.67281
0.653
0.66412
0.66826
0.68307
0.79176
0.78435
0.68466
0.68248
0.68531
0.71879
0.74267
0.73808
0.75911
0.76253
0.71314
0.67316
0.65851
0.65497
0.68133
0.68401
0.7112
0.70043
0.71558
0.72267
0.68193
0.64232
0.63293
0.62601
0.65124
0.6452
0.69392
0.72357
0.74138
0.7261
0.72153
0.72065
0.73068
0.7871
0.7386
0.71449
0.71424
0.72801
0.69937
0.67366
0.7524
0.86444
0.87486
0.80377
0.71337
0.70225
0.74139
0.78299
0.78391
0.7917
0.75841
0.71177
0.70073
0.76788
0.78297
0.79143
0.77675
0.76482
0.76377
0.74208
0.73275
0.72717
0.72571
0.73
0.76911
0.78768
0.77615
0.74515
0.6884
0.65107
0.65198
0.66811
0.68996
0.73974
0.77747
0.8535
0.79922
0.88666
0.81033
0.773
0.77162
0.81029
0.78324
0.73995
0.71641
0.72126
0.72335
0.73033
0.75508
0.77113
0.77206
0.7664
0.73944
0.73434
0.73289
0.74908
0.75932
0.75847
0.75474
0.74804
0.76191
0.7602
0.77515
0.76984
0.74392
0.7496
0.7572
0.77299
0.76024
0.75227
0.76823
0.76482
0.67997
0.69727
0.70596
0.74536
0.73442
0.73091
0.75463
0.75579
0.77483
0.7794
0.78984
0.77452
0.73997
0.73494
0.73188
0.72798
0.721
0.68158
0.70681
0.74475
0.79014
0.83758
0.84061
0.96933
0.99927
1.0009
0.92506
0.88992
0.86218
0.96079
0.95186
0.96137
0.96689
0.95757
0.94991
0.91675
0.91049
0.89137
0.90365
0.85549
0.83806
0.83541
0.82373
0.77652
0.81668
0.81895
0.84323
0.85477
0.83906
0.83702
0.8311
0.82277
0.83127
0.83943
0.8527
0.87081
0.84447
0.82861
0.81679
0.81569
0.85385
0.87585
0.8791
0.9365
0.99732
0.98377
0.99214
0.97343
0.96383
0.94018
0.94208
0.92579
0.92614
0.93812
0.93452
0.94368
0.92125
0.95475
0.94115
0.91602
0.90921
0.85422
0.8653
0.89345
0.92499
0.96181
0.98861
0.98291
0.97727
0.96801
0.9446
0.92895
0.91671
0.93891
0.93247
0.90283
0.90163
0.90413
0.9299
0.8898
0.87144
0.91245
0.86171
0.81863
0.79515
0.78128
0.77744
0.73876
0.79126
0.79589
0.78294
0.81041
0.84966
0.85602
0.85668
0.8599
0.87189
0.84872
0.82038
0.8552
0.84401
0.83496
0.82332
0.97681
0.94766
0.82228
0.79722
0.77307
0.79012
0.79223
0.77173
0.73038
0.72133
0.7219
0.78847
0.7683
0.71046
0.67663
0.6541
0.65703
0.68549
0.71529
0.77793
0.82701
0.83201
0.82961
0.75471
0.78059
0.76648
0.7969
0.78746
0.78145
0.7734
0.74272
0.72645
0.70212
0.74942
0.76271
0.74736
0.82857
0.8165
0.75194
0.69983
0.68712
0.67723
0.73635
0.72778
0.75391
0.76777
0.72414
0.71884
0.7226
0.70514
0.72499
0.74249
0.76221
0.76677
0.74313
0.68272
0.72501
0.66203
0.69112
0.67234
0.65465
0.70403
0.72829
0.79342
0.76899
0.76576
0.76452
0.80216
0.79181
0.76198
0.78414
0.97398
0.76805
0.7121
0.72709
0.72822
0.76028
0.78694
0.71885
0.69114
0.70174
0.70317
0.71882
0.69862
0.77164
0.80486
0.76647
0.74258
0.75928
0.76561
0.78319
0.79696
0.79001
0.77313
0.76635
0.77365
0.79844
0.82619
0.89028
0.89938
0.90267
0.88019
0.8546
0.81783
0.79296
0.75403
0.71526
0.87696
0.90669
0.92669
0.94289
0.93787
0.95656
0.96258
0.95518
0.95692
0.96281
0.95974
0.9497
0.92767
0.90592
0.90838
0.92003
0.88355
0.84629
0.82786
0.81534
0.77712
0.76425
0.79172
0.78313
0.77253
0.7727
0.78329
0.76356
0.72859
0.70706
0.88777
0.9135
0.92785
0.8802
0.80384
0.77414
0.75222
0.7274
0.7518
0.73869
0.80024
0.76989
0.80307
0.90825
0.88484
0.95881
0.81159
0.74534
0.76112
0.79676
0.90015
0.91553
0.92487
0.89571
0.88566
0.87528
0.85933
0.795
0.88015
0.83543
0.81215
0.75979
0.84349
0.88744
0.90578
0.89459
0.89075
0.90384
0.88813
0.87135
0.81455
0.66643
0.66658
0.68849
0.67418
0.64427
0.62798
0.61659
0.62295
0.63209
0.65891
0.64874
0.65057
0.65891
0.64588
0.6461
0.63371
0.62602
0.64623
0.65635
0.68108
0.69225
0.6774
0.70052
0.7062
0.75754
0.82452
0.85331
0.8707
0.88179
0.88624
0.89157
0.88657
0.88399
0.88218
0.87944
0.8485
0.79931
0.72026
0.6959
0.66413
0.65885
0.66906
0.67819
0.67275
0.6431
0.65229
0.68595
0.71236
0.68638
0.64495
0.65093
0.66034
0.65594
0.65497
0.65476
0.66459
0.67466
0.67868
0.68428
0.66976
0.63939
0.65034
0.66482
0.66487
0.67369
0.74158
0.75765
0.75902
0.76414
0.76478
0.75234
0.71957
0.7162
0.71707
0.7119
0.74695
0.75123
0.77083
0.74424
0.72524
0.71589
0.70707
0.69883
0.71746
0.7222
0.70434
0.71146
0.74073
0.89146
0.89478
0.90279
0.91034
0.91799
0.92439
0.92621
0.92542
0.92365
0.92298
0.92195
0.90497
0.9069
0.90709
0.90451
0.9045
0.90491
0.90912
0.91028
0.91584
0.92006
0.91641
0.91591
0.91466
0.89865
0.89859
0.89441
0.90049
0.88907
0.90064
0.8997
0.87849
0.88152
0.85365
0.85733
0.86875
0.84627
0.8588
0.84939
0.8135
0.79862
0.7864
0.76011
0.73211
0.81137
0.82534
0.81014
0.76811
0.73715
0.71761
0.71206
0.70808
0.696
0.71505
0.74137
0.74775
0.74765
0.78948
0.75784
0.75257
0.74011
0.76296
0.75515
0.78219
0.82047
0.81195
0.81976
0.83259
0.82429
0.77152
0.7418
0.7207
0.68512
0.67285
0.70468
0.69313
0.68731
0.67124
0.66986
0.74534
0.676
0.6397
0.62192
0.63742
0.66483
0.72353
0.77249
0.7533
0.76527
0.74917
0.73493
0.74684
0.71615
0.71895
0.71928
0.72449
0.74628
0.74402
0.77584
0.8409
0.85752
0.857
0.8579
0.84468
0.79683
0.75275
0.72315
0.73986
0.70243
0.70337
0.69841
0.71683
0.71223
0.7115
0.72131
0.71314
0.69205
0.65765
0.62896
0.62806
0.68671
0.69647
0.71633
0.71308
0.69935
0.68855
0.6546
0.63595
0.7114
0.67788
0.68606
0.68777
0.69672
0.70285
0.73023
0.75402
0.78805
0.82341
0.83753
0.84262
0.83808
0.84369
0.85434
0.85323
0.85581
0.86498
0.8682
0.87252
0.87512
0.87592
0.87561
0.88125
0.88446
0.88753
0.88811
0.89096
0.89032
0.88794
0.88654
0.88211
0.88202
0.87872
0.87379
0.85576
0.85415
0.84716
0.83855
0.8351
0.82039
0.79588
0.7576
0.72046
0.70676
0.69802
0.61916
0.5833
0.57386
0.56404
0.56955
0.64979
0.67786
0.68647
0.70202
0.71089
0.71265
0.68399
0.64093
0.60965
0.60555
0.64988
0.70762
0.66689
0.48481
0.505
0.64243
0.6814
0.69548
0.68383
0.68183
0.81996
0.81648
0.80738
0.82133
0.84735
0.88184
0.90145
0.9084
0.91137
0.9078
0.91312
0.92633
0.94504
0.94939
0.94995
0.94612
0.92151
0.91537
0.88686
0.88637
0.84122
0.81486
0.74285
0.68026
0.65425
0.60718
0.60127
0.60977
0.62006
0.62123
0.62483
0.62307
0.62932
0.64505
0.66303
0.68876
0.69803
0.69768
0.75179
0.71497
0.74066
0.80811
0.81699
0.83178
0.84168
0.84356
0.84177
0.83622
0.82923
0.83071
0.83031
0.82309
0.8227
0.82081
0.82103
0.81186
0.81541
0.81726
0.81679
0.81626
0.82676
0.83341
0.84416
0.85947
0.86921
0.87661
0.88251
0.88278
0.87885
0.87915
0.8779
0.87827
0.88139
0.88403
0.88524
0.88913
0.8901
0.89114
0.88941
0.8863
0.88225
0.87431
0.85101
0.80537
0.79689
0.79603
0.77681
0.77247
0.79059
0.79808
0.8113
0.83599
0.82191
0.82255
0.80361
0.7545
0.72677
0.67728
0.67788
0.68172
0.64416
0.59488
0.60231
0.61613
0.64273
0.69709
0.70189
0.7162
0.69241
0.67805
0.67333
0.68732
0.70653
0.71639
0.76703
0.77931
0.77031
0.77618
0.77882
0.77656
0.77308
0.76412
0.76338
0.76689
0.75635
0.72418
0.67163
0.67232
0.66741
0.66385
0.65656
0.63907
0.63825
0.63065
0.66019
0.66785
0.73362
0.76826
0.77404
0.78095
0.78449
0.78627
0.77274
0.71465
0.68603
0.6888
0.68203
0.66798
0.64792
0.63721
0.63401
0.63458
0.63597
0.6377
0.62862
0.62477
0.6522
0.63572
0.6874
0.66175
0.69014
0.70426
0.71333
0.71942
0.72458
0.70156
0.69667
0.68675
0.66917
0.63741
0.6227
0.62443
0.62441
0.6302
0.62392
0.61856
0.6563
0.67296
0.67644
0.67608
0.67564
0.67209
0.63914
0.57397
0.39272
0.33514
0.33791
0.36131
0.43794
0.57823
0.5827
0.48546
0.64976
0.71046
0.75924
0.70856
0.71764
0.7217
0.71575
0.74562
0.76093
0.75989
0.77316
0.75735
0.75061
0.7505
0.76855
0.78545
0.77537
0.77521
0.78291
0.79541
0.81962
0.76477
0.80549
0.82807
0.8092
0.84151
0.86201
0.86081
0.85532
0.82013
0.78175
0.79619
0.77382
0.75121
0.77386
0.75789
0.80158
0.77114
0.73254
0.74974
0.73898
0.7338
0.73378
0.72842
0.73328
0.73974
0.74514
0.75437
0.76185
0.75504
0.7463
0.74347
0.75137
0.73102
0.72699
0.7157
0.70918
0.70902
0.70601
0.7076
0.72171
0.71601
0.74038
0.72774
0.70736
0.70974
0.75609
0.74171
0.7601
0.74409
0.75044
0.7342
0.73386
0.74137
0.74763
0.69477
0.6702
0.67959
0.69315
0.72498
0.76805
0.74482
0.72223
0.69155
0.67817
0.67197
0.66696
0.66746
0.67772
0.68783
0.69019
0.70549
0.71293
0.67766
0.64489
0.62177
0.60218
0.62859
0.6846
0.67155
0.65841
0.66787
0.68504
0.64966
0.65184
0.64756
0.63166
0.62584
0.62401
0.6138
0.61123
0.60646
0.59154
0.57123
0.60393
0.64279
0.66268
0.68345
0.68457
0.68347
0.69256
0.6875
0.66359
0.66629
0.60494
0.58079
0.53461
0.54691
0.55155
0.56328
0.60488
0.61538
0.61822
0.61986
0.62089
0.62485
0.63037
0.63009
0.62558
0.61413
0.63832
0.64201
0.62503
0.60882
0.5501
0.4702
0.59556
0.5915
0.59618
0.58141
0.59415
0.58202
0.57454
0.58613
0.5993
0.60368
0.60767
0.61118
0.6156
0.60868
0.59797
0.57909
0.57623
0.56353
0.55018
0.5434
0.53645
0.53527
0.51975
0.52282
0.52744
0.53305
0.53026
0.52941
0.54313
0.57018
0.58088
0.60015
0.61226
0.6172
0.62792
0.62792
0.62729
0.64976
0.64204
0.65552
0.67388
0.68464
0.69352
0.70028
0.65493
0.63641
0.61595
0.59986
0.5994
0.5574
0.53045
0.5057
0.46992
0.68708
0.70791
0.60334
0.59564
0.58249
0.56404
0.55711
0.55671
0.55568
0.55441
0.5665
0.56634
0.56692
0.56777
0.56425
0.56609
0.57167
0.57353
0.59329
0.60591
0.65358
0.68091
0.68331
0.68583
0.68547
0.6823
0.67354
0.64845
0.62958
0.61172
0.60837
0.59183
0.5792
0.55523
0.46026
0.57326
0.62411
0.6356
0.62684
0.62982
0.57165
0.58079
0.58944
0.606
0.59882
0.58861
0.59466
0.58535
0.57934
0.57207
0.56059
0.56278
0.57245
0.57322
0.58876
0.57227
0.51015
0.5573
0.56998
0.60453
0.58474
0.55987
0.55341
0.53133
0.5385
0.5409
0.55582
0.55771
0.56327
0.56447
0.56471
0.57347
0.57218
0.57113
0.57074
0.56917
0.56677
0.561
0.55803
0.56035
0.55959
0.56463
0.56433
0.57886
0.58523
0.59439
0.60092
0.61546
0.63697
0.65758
0.70317
0.71511
0.73582
0.74249
0.65794
0.61339
0.61593
0.62646
0.61313
0.54185
0.61191
0.62403
0.59756
0.58093
0.58391
0.58081
0.57556
0.60636
0.58484
0.54706
0.76002
0.60334
0.56971
0.57075
0.55478
0.55499
0.5606
0.69324
0.69306
0.58102
0.58727
0.58512
0.57014
0.5749
0.5713
0.56861
0.54923
0.58346
0.58841
0.58443
0.58497
0.59342
0.6035
0.57762
0.56991
0.56914
0.56762
0.59882
0.59089
0.58404
0.58015
0.58305
0.58995
0.61604
0.6678
0.66844
0.69464
0.65009
0.61847
0.62078
0.6137
0.62641
0.62023
0.61593
0.65976
0.63193
0.60601
0.5886
0.56423
0.55166
0.57766
0.5471
0.53825
0.5449
0.54944
0.56246
0.5656
0.58253
0.57352
0.575
0.58253
0.67105
0.6753
0.66814
0.65057
0.64661
0.64056
0.64037
0.64836
0.65681
0.6486
0.62868
0.62698
0.62094
0.60706
0.59463
0.58731
0.59465
0.60292
0.62945
0.59901
0.61134
0.5973
0.59595
0.53186
0.52974
0.56746
0.56338
0.55494
0.57954
0.60603
0.71358
0.73166
0.74082
0.70605
0.61896
0.59911
0.60963
0.58199
0.60432
0.70643
0.71108
0.70485
0.71625
0.72148
0.72991
0.73046
0.7328
0.73711
0.72944
0.73335
0.71828
0.70737
0.67201
0.59701
0.58939
0.59477
0.60126
0.60406
0.60348
0.57585
0.58612
0.5563
0.56162
0.55754
0.55686
0.55124
0.55387
0.51628
0.51132
0.50799
0.51234
0.51568
0.53614
0.57188
0.55634
0.56535
0.57178
0.57055
0.57762
0.57802
0.59674
0.59413
0.58751
0.57422
0.58827
0.58332
0.58852
0.54832
0.55976
0.52438
0.53506
0.53712
0.45516
0.50606
0.50011
0.51929
0.56193
0.67861
0.67341
0.68357
0.63712
0.69054
0.6805
0.68753
0.66239
0.62209
0.59153
0.57602
0.57934
0.57449
0.58586
0.5609
0.56315
0.55369
0.5527
0.53897
0.55913
0.52073
0.54341
0.53922
0.53091
0.53965
0.54934
0.57715
0.63868
0.63802
0.69023
0.76639
0.76916
0.77306
0.74821
0.6825
0.64614
0.63665
0.63938
0.68539
0.69943
0.72887
0.75709
0.76879
0.78057
0.78193
0.7818
0.78112
0.77996
0.78218
0.78371
0.78492
0.78592
0.77976
0.77498
0.75909
0.76546
0.72216
0.68357
0.62271
0.61244
0.58578
0.59811
0.60132
0.54841
0.41859
0.76382
0.77731
0.78665
0.76331
0.73315
0.72721
0.7178
0.72979
0.74519
0.76044
0.77808
0.76637
0.76716
0.78988
0.78662
0.78984
0.78056
0.78237
0.78609
0.79232
0.79556
0.79
0.77247
0.70647
0.66947
0.6742
0.68348
0.67615
0.66717
0.6447
0.61771
0.61314
0.61516
0.63969
0.64643
0.6105
0.57477
0.59495
0.7434
0.76773
0.7535
0.73707
0.74036
0.71019
0.61056
0.59678
0.60073
0.56046
0.54117
0.54639
0.57887
0.57725
0.59182
0.59018
0.57938
0.56718
0.55762
0.55328
0.56235
0.5741
0.58713
0.59857
0.59816
0.59906
0.60419
0.60353
0.60354
0.59645
0.58998
0.59356
0.61412
0.6186
0.61744
0.61978
0.62362
0.62427
0.64583
0.63489
0.62881
0.65055
0.6463
0.63765
0.5939
0.58741
0.57844
0.53433
0.55699
0.5647
0.56952
0.57376
0.55523
0.51874
0.56298
0.54717
0.54174
0.55375
0.57636
0.57392
0.55687
0.5444
0.52717
