0.62517
0.61086
0.51321
0.45018
0.51456
0.55247
0.56895
0.56864
0.60807
0.59019
0.55888
0.56322
0.57757
0.59167
0.57609
0.5765
0.57679
0.57504
0.57958
0.5704
0.57504
0.54024
0.49334
0.48091
0.59496
0.65955
0.62625
0.66186
0.72101
0.7536
0.7329
0.75068
0.73317
0.58266
0.55321
0.55682
0.53856
0.49189
0.49038
0.48942
0.48176
0.48573
0.5768
0.61216
0.60692
0.60994
0.63095
0.64608
0.66411
0.63826
0.59588
0.57745
0.59302
0.67493
0.67899
0.69349
0.70292
0.71182
0.7172
0.70675
0.71559
0.74184
0.74127
0.74514
0.64472
0.64109
0.61789
0.58665
0.59962
0.69734
0.56494
0.56569
0.5909
0.6195
0.61571
0.60974
0.58153
0.5552
0.53991
0.55038
0.61163
0.6479
0.65983
0.67073
0.67511
0.66166
0.64719
0.62405
0.62479
0.63335
0.68011
0.72804
0.75337
0.75524
0.75201
0.74641
0.69011
0.68712
0.69665
0.7045
0.7226
0.70283
0.70419
0.69042
0.68471
0.67974
0.66373
0.65581
0.66434
0.67167
0.66301
0.65066
0.64974
0.642
0.62018
0.60542
0.60167
0.59975
0.56181
0.55683
0.57159
0.55618
0.55047
0.54886
0.55866
0.70432
0.70132
0.69927
0.72459
0.74308
0.73912
0.73806
0.73091
0.7001
0.71583
0.73789
0.74957
0.7559
0.75983
0.76535
0.76893
0.77259
0.77674
0.78076
0.78399
0.7883
0.79542
0.79356
0.7867
0.78299
0.78042
0.77923
0.77421
0.76587
0.73027
0.68608
0.65803
0.63107
0.5854
0.56381
0.51102
0.50584
0.49487
0.45702
0.4929
0.51626
0.52672
0.54274
0.54605
0.55026
0.55564
0.55439
0.55464
0.56105
0.56397
0.56729
0.57477
0.59054
0.6036
0.6132
0.60729
0.59657
0.59212
0.61296
0.61484
0.59078
0.61189
0.58662
0.57905
0.59402
0.58319
0.55541
0.5354
0.55195
0.568
0.57612
0.58036
0.58292
0.59637
0.61153
0.59309
0.59421
0.57353
0.55733
0.54483
0.53419
0.53179
0.54827
0.58557
0.58965
0.60252
0.57384
0.54687
0.53806
0.53208
0.54535
0.56782
0.58362
0.65088
0.62743
0.57719
0.58407
0.58158
0.59956
0.58677
0.57655
0.56344
0.53043
0.52562
0.52165
0.5496
0.54734
0.57093
0.59365
0.61217
0.61783
0.59713
0.62695
0.7121
0.72409
0.7291
0.73437
0.73818
0.73588
0.72612
0.71862
0.70858
0.71298
0.58805
0.51738
0.53426
0.55035
0.53743
0.53291
0.56379
0.59705
0.61676
0.61349
0.70635
0.6982
0.7062
0.69131
0.73677
0.75228
0.75501
0.76482
0.76972
0.77295
0.77349
0.77554
0.77603
0.77692
0.78012
0.78456
0.78172
0.78394
0.78185
0.77952
0.77716
0.76503
0.70108
0.66115
0.62605
0.52765
0.52965
0.59476
0.63578
0.68282
0.70596
0.72656
0.74034
0.68898
0.64974
0.65352
0.6509
0.65068
0.65448
0.6303
0.60261
0.54713
0.58283
0.70126
0.75347
0.74979
0.73141
0.70576
0.69973
0.70717
0.70173
0.6171
0.579
0.59957
0.59234
0.62447
0.67789
0.70434
0.71036
0.72495
0.77978
0.74553
0.64795
0.65868
0.65846
0.60302
0.61271
0.58963
0.59152
0.61796
0.66651
0.67321
0.65816
0.68077
0.69412
0.70198
0.70992
0.7213
0.72197
0.71864
0.72059
0.72036
0.72391
0.72459
0.70717
0.69884
0.68857
0.68223
0.69565
0.69264
0.69804
0.69918
0.70307
0.70189
0.7027
0.69795
0.6989
0.70154
0.69714
0.68857
0.68697
0.65376
0.61103
0.58297
0.53973
0.58539
0.56275
0.54356
0.57144
0.65781
0.67208
0.68003
0.68199
0.67184
0.58151
0.54878
0.5514
0.55816
0.57727
0.57764
0.56323
0.55682
0.54826
0.53693
0.53108
0.5132
0.50279
0.50315
0.57035
0.59187
0.59962
0.59258
0.57773
0.56321
0.55267
0.53697
0.53854
0.52469
0.52603
0.49045
0.48308
0.4593
0.46608
0.48184
0.43422
0.41662
0.45152
0.3699
0.48001
0.56375
0.51878
0.52546
0.49832
0.48452
0.49212
0.49988
0.49521
0.49473
0.5652
0.5526
0.55194
0.55138
0.56209
0.5635
0.5713
0.54077
0.53559
0.50366
0.42604
0.43745
0.73683
0.65631
0.66514
0.67404
0.67638
0.67998
0.67961
0.6745
0.63505
0.60471
0.60032
0.59127
0.61202
0.64701
0.65062
0.64361
0.67677
0.6924
0.70189
0.72615
0.74284
0.75904
0.77871
0.79902
0.81631
0.82802
0.83305
0.83401
0.82692
0.81832
0.81046
0.79548
0.77407
0.76495
0.73699
0.69195
0.66326
0.61373
0.57573
0.56226
0.54692
0.54125
0.54048
0.54303
0.54443
0.57811
0.65226
0.65052
0.65423
0.67124
0.6727
0.68121
0.68809
0.68134
0.67053
0.65433
0.63919
0.64659
0.66195
0.67513
0.69728
0.73356
0.74319
0.72495
0.66082
0.6815
0.69045
0.70065
0.61214
0.60023
0.57997
0.58436
0.58561
0.55388
0.56275
0.55103
0.50493
0.5037
0.5199
0.54284
0.54668
0.60128
0.60597
0.60051
0.6247
0.68918
0.68257
0.67145
0.62207
0.61407
0.6194
0.66367
0.64757
0.65267
0.64823
0.65985
0.66008
0.64586
0.66093
0.65831
0.67533
0.66324
0.65219
0.6369
0.65957
0.68469
0.68362
0.6588
0.66512
0.68814
0.70077
0.63495
0.57896
0.57365
0.57378
0.59558
0.77212
0.77317
0.77722
0.77765
0.74107
0.70376
0.62214
0.6294
0.61275
0.59075
0.58703
0.58324
0.55535
0.55029
0.55989
0.57128
0.58131
0.58688
0.58947
0.59436
0.571
0.60256
0.60569
0.6195
0.64093
0.68548
0.66317
0.64568
0.63609
0.63019
0.6204
0.61618
0.61735
0.61671
0.63411
0.62083
0.62706
0.62444
0.62052
0.6125
0.61201
0.60533
0.60652
0.6047
0.61802
0.62553
0.62638
0.66172
0.66255
0.68839
0.70583
0.69646
0.70087
0.71472
0.70563
0.70948
0.71299
0.72024
0.72124
0.70938
0.7092
0.70789
0.6963
0.68537
0.71103
0.72659
0.73478
0.74213
0.74637
0.70423
0.61816
0.74087
0.7344
0.73687
0.73642
0.73457
0.73483
0.73473
0.70748
0.67865
0.64352
0.60773
0.68015
0.69458
0.69889
0.69902
0.6694
0.61635
0.57856
0.58891
0.589
0.58561
0.59665
0.60373
0.59256
0.58876
0.56659
0.54674
0.51945
0.55854
0.56509
0.5794
0.57871
0.57688
0.57983
0.58387
0.58833
0.59814
0.59061
0.5794
0.5771
0.6063
0.64933
0.65516
0.66261
0.65415
0.63801
0.6347
0.58939
0.57452
0.57548
0.5648
0.56077
0.55512
0.55471
0.55818
0.56595
0.56169
0.56231
0.565
0.56359
0.56499
0.53344
0.51353
0.512
0.53482
0.54795
0.55032
0.5542
0.54349
0.54063
0.5392
0.54817
0.57415
0.58549
0.56935
0.55222
0.53605
0.52718
0.52003
0.5177
0.53766
0.55808
0.57928
0.57575
0.55403
0.53137
0.53742
0.56314
0.60425
0.61249
0.59416
0.56646
0.55539
0.55359
0.53941
0.54532
0.56967
0.58814
0.57941
0.57014
0.56009
0.60275
0.5989
0.62657
0.62066
0.61172
0.60641
0.58473
0.58762
0.54759
0.58103
0.59024
0.52675
0.53809
0.5106
0.52674
0.5295
0.52879
0.51817
0.49028
0.48695
0.4843
0.47772
0.46417
0.46044
0.45942
0.48173
0.49639
0.59255
0.69884
0.72771
0.70414
0.71583
0.72197
0.79657
0.75799
0.74093
0.7271
0.73306
0.74318
0.75398
0.76471
0.769
0.76587
0.7587
0.74882
0.74196
0.73985
0.74457
0.75023
0.74052
0.72229
0.60452
0.58582
0.60048
0.58869
0.57694
0.5721
0.55568
0.53191
0.54313
0.70966
0.67836
0.69175
0.71171
0.72446
0.70323
0.64111
0.54881
0.57948
0.5583
0.53704
0.5326
0.53163
0.52559
0.52339
0.53942
0.56377
0.57677
0.5816
0.57817
0.58602
0.59261
0.58299
0.56933
0.58016
0.59532
0.60997
0.61244
0.6151
0.62891
0.62443
0.61312
0.60233
0.58719
0.60303
0.66076
0.65642
0.63402
0.61483
0.61821
0.63941
0.64014
0.64001
0.63496
0.61681
0.63053
0.64568
0.67037
0.6887
0.71341
0.73644
0.75391
0.77525
0.77673
0.67297
0.65347
0.66727
0.6631
0.64865
0.62878
0.59561
0.60603
0.62015
0.64078
0.66667
0.68488
0.63548
0.64056
0.67119
0.67599
0.68104
0.69849
0.71586
0.65905
0.74307
0.70288
0.71402
0.69343
0.69106
0.6909
0.69573
0.71257
0.72834
0.68149
0.6689
0.66082
0.64577
0.64113
0.64302
0.61939
0.59803
0.61956
0.606
0.52874
0.46175
0.46882
0.64685
0.64936
0.63658
0.5997
0.57195
0.57678
0.5801
0.60676
0.63619
0.64897
0.65456
0.63485
0.61008
0.60164
0.60523
0.62965
0.68455
0.72524
0.68092
0.64357
0.64318
0.63755
0.64391
0.68596
0.70344
0.66717
0.6586
0.67806
0.68403
0.64341
0.62135
0.60443
0.6365
0.68492
0.7018
0.67595
0.64546
0.61887
0.62388
0.63944
0.67604
0.6927
0.68784
0.67514
0.69249
0.65028
0.65915
0.75717
0.7153
0.70068
0.68725
0.66433
0.64064
0.59643
0.5548
0.55516
0.58912
0.59982
0.55335
0.58192
0.62559
0.59013
0.58724
0.60297
0.64284
0.62558
0.63985
0.61651
0.63914
0.66159
0.68333
0.70751
0.72345
0.74627
0.75949
0.78015
0.80582
0.82893
0.81854
0.8233
0.82131
0.81336
0.80976
0.79472
0.77675
0.76933
0.78626
0.78649
0.77432
0.74705
0.73262
0.72169
0.71203
0.71844
0.70191
0.67544
0.66365
0.66796
0.67635
0.6732
0.69057
0.70242
0.65483
0.62721
0.63052
0.6413
0.64266
0.66309
0.62652
0.57469
0.56011
0.57596
0.62784
0.66246
0.65515
0.64063
0.59956
0.59041
0.59235
0.59832
0.62768
0.66071
0.62744
0.60563
0.58192
0.5833
0.57727
0.57985
0.59264
0.61182
0.61687
0.6111
0.61433
0.58114
0.54072
0.56002
0.56498
0.56268
0.57249
0.58584
0.60286
0.60385
0.606
0.62637
0.64286
0.63059
0.64206
0.67624
0.67046
0.70431
0.66174
0.67515
0.69929
0.72522
0.65549
0.60756
0.58218
0.55244
0.52985
0.54751
0.54082
0.60602
0.6045
0.56604
0.56775
0.55167
0.54099
0.54348
0.53148
0.5621
0.64769
0.67277
0.68959
0.64683
0.6422
0.62952
0.63016
0.63481
0.63731
0.64573
0.66825
0.6781
0.67432
0.68898
0.69247
0.75146
0.73465
0.75305
0.75096
0.75402
0.73634
0.73618
0.77414
0.76445
0.7862
0.80346
0.7985
0.8048
0.81844
0.81822
0.82556
0.82906
0.84139
0.86246
0.88093
0.89285
0.89399
0.88345
0.85034
0.83828
0.83151
0.69314
0.65492
0.64605
0.72521
0.73147
0.68423
0.62736
0.62564
0.64101
0.63634
0.63661
0.63226
0.64059
0.67005
0.68103
0.73113
0.76142
0.81154
0.82386
0.82005
0.81576
0.80375
0.79366
0.7454
0.73036
0.72974
0.66572
0.59983
0.59069
0.56083
0.58678
0.67053
0.72368
0.7448
0.74604
0.70439
0.64147
0.62324
0.65957
0.70174
0.74072
0.76158
0.80278
0.80761
0.73047
0.71782
0.70078
0.70145
0.63999
0.62518
0.62199
0.63531
0.65718
0.65366
0.65001
0.64645
0.60752
0.56963
0.52493
0.4824
0.46989
0.48646
0.49875
0.59453
0.8746
0.90238
0.91161
0.91339
0.88452
0.86001
0.85114
0.79815
0.76852
0.73749
0.73194
0.69765
0.69271
0.68677
0.68245
0.67194
0.66697
0.6835
0.7261
0.6922
0.70204
0.76247
0.81037
0.80018
0.80453
0.8054
0.84655
0.79624
0.81349
0.77918
0.70731
0.69507
0.63516
0.64646
0.64707
0.65043
0.64355
0.66675
0.70388
0.86759
0.91125
0.76166
0.70581
0.72793
0.73524
0.70714
0.68196
0.71544
0.75085
0.73866
0.69139
0.67906
0.66119
0.64558
0.59896
0.86052
0.70966
0.71683
0.71256
0.70171
0.68957
0.74683
0.79628
0.7872
0.788
0.78052
0.77109
0.74355
0.73933
0.75303
0.76694
0.76026
0.76213
0.77924
0.76563
0.7645
0.76022
0.7727
0.79152
0.79698
0.81498
0.80999
0.80329
0.78745
0.77094
0.77321
0.8019
0.80201
0.79926
0.81189
0.8198
0.83401
0.82457
0.80048
0.84003
0.84239
0.83531
0.81456
0.77871
0.72465
0.70572
0.6859
0.71763
0.72194
0.72086
0.72235
0.74283
0.72775
0.707
0.7899
0.89049
0.92614
0.94173
0.93295
0.89709
0.8397
0.8255
0.8531
0.75705
0.81096
0.88537
0.94011
0.94909
0.93457
0.9344
0.92737
0.92804
0.91557
0.90444
0.86889
0.84878
0.92206
0.86701
0.93323
0.91792
0.94512
0.91692
0.90357
0.90828
0.62642
0.65361
0.65399
0.74994
0.89619
0.90045
0.79225
0.72808
0.76149
0.77152
0.71731
0.71715
0.74166
0.75739
0.81263
0.82851
0.81153
0.80724
0.87838
0.89702
0.91862
0.937
0.94461
0.93158
0.91805
0.92805
0.91753
0.91066
0.91488
0.91133
0.88615
0.89271
0.88507
0.89968
0.90768
0.89951
0.92283
0.86132
0.7768
0.81799
0.79927
0.7818
0.77711
0.77764
0.78277
0.80251
0.77229
0.75754
0.76253
0.73065
0.71659
0.74368
0.75536
0.76874
0.80201
0.83555
0.771
0.73416
0.74717
0.78657
0.80842
0.85286
0.87451
0.81155
0.84434
0.84033
0.8885
0.87901
0.89449
0.89561
0.8744
0.84518
0.80422
0.77084
0.79406
0.85127
0.79973
0.76039
0.80285
0.76077
0.74178
0.74345
0.7415
0.7413
0.72568
0.75026
0.80539
0.81045
0.77625
0.73775
0.74012
0.77222
0.7919
0.81077
0.84583
0.92012
0.92286
0.92596
0.92604
0.92499
0.92374
0.91716
0.84307
0.85494
0.89689
0.89651
0.92245
0.90569
0.80522
0.77012
0.74573
0.787
0.82507
0.79871
0.7485
0.804
0.87498
0.78227
0.79459
0.81939
0.88692
0.82004
0.80627
0.78693
0.79569
0.78363
0.77724
0.77393
0.72247
0.69065
0.70843
0.7193
0.67162
0.6748
0.67345
0.68373
0.70805
0.74299
0.73517
0.7373
0.73552
0.78753
0.80357
0.7648
0.74787
0.74336
0.74312
0.66366
0.60037
0.62255
0.6302
0.64779
0.62823
0.62329
0.68005
0.74049
0.74083
0.73714
0.69716
0.65253
0.64771
0.69565
0.71022
0.74196
0.76315
0.80347
0.8295
0.8185
0.83272
0.80329
0.83016
0.86056
0.97606
0.95366
0.93662
0.80777
0.8178
0.83449
0.85396
0.8029
0.76674
0.75959
0.76811
0.75027
0.7668
0.74515
0.76791
0.80796
0.85535
0.89278
0.91437
0.91002
0.8908
0.87264
0.76062
0.84613
0.86017
0.91142
0.97272
0.94693
0.93468
0.97237
0.96597
0.96365
0.9545
0.9328
0.88048
0.8743
0.86574
0.86441
0.82752
0.87669
0.87182
0.86873
0.88855
0.87448
0.82767
0.84606
0.79637
0.78053
0.80317
0.82931
0.81392
0.81255
0.82026
0.83327
0.80077
0.7595
0.85209
0.86738
0.82878
0.77681
0.76148
0.76095
0.76069
0.78929
0.82985
0.83516
0.8305
0.85047
0.96609
0.99829
0.96496
0.91373
0.90149
0.91076
0.92003
0.92721
0.91578
0.89959
0.89906
0.96373
0.94354
0.93131
0.93852
0.92927
0.86992
0.80422
0.83856
0.7957
0.74747
0.73096
0.73752
0.67219
0.68797
0.71044
0.70981
0.70721
0.72301
0.69857
0.63225
0.58684
0.57014
0.61083
0.65272
0.73071
0.74351
0.74666
0.72621
0.74846
0.78801
0.79024
0.79091
0.82186
0.88504
0.79285
0.9529
0.96218
0.96223
0.95241
0.9565
0.93265
0.89607
0.79028
0.74825
0.71441
0.71654
0.71038
0.70652
0.70633
0.69957
0.68568
0.6671
0.67735
0.69242
0.69133
0.81581
0.83899
0.79834
0.82981
0.82937
0.83002
0.80755
0.83422
0.78882
0.72609
0.6998
0.72956
0.78105
0.81662
0.84159
0.84319
0.97357
0.97508
0.9138
0.98119
0.9745
0.98019
0.98243
0.97193
0.96588
0.95842
0.93652
0.92665
0.93809
0.84533
0.80778
0.80227
0.77708
0.80536
0.7839
0.73581
0.73072
0.73531
0.74032
0.77153
0.77115
0.74855
0.73263
0.71129
0.6897
0.68571
0.70558
0.72494
0.70373
0.67437
0.64724
0.62176
0.60128
0.58483
0.60191
0.7157
0.59893
0.6897
0.73968
0.77262
0.74312
0.74147
0.73047
0.77187
0.78278
0.93138
0.93515
0.93186
0.8917
0.87476
0.96241
0.88294
0.96122
0.96269
0.9032
0.76585
0.78794
0.77426
0.77318
0.77163
0.76888
0.78202
0.75575
0.81149
0.86866
0.88748
0.85619
0.83206
0.81977
0.90568
0.83815
0.91214
0.85424
0.83237
0.79298
0.84026
0.92554
0.94402
0.95173
0.95301
0.95583
0.94915
0.95244
0.94858
0.93537
0.93823
0.93677
0.91965
0.82163
0.81393
0.91932
0.95419
0.96686
0.86216
0.85517
0.90834
0.86038
0.77622
0.72124
0.76625
0.80666
0.78497
0.74389
0.72216
0.73491
0.79742
0.85077
0.79862
0.81503
0.83215
0.86016
0.8535
0.82116
0.82047
0.81689
0.80264
0.78794
0.79632
0.84131
0.85634
0.83736
0.84562
0.86767
0.88532
0.881
0.89149
0.9332
0.90807
0.84258
0.82027
0.79637
0.77146
0.82296
0.8949
0.90633
0.9132
0.92342
0.90092
0.90693
0.90024
0.88042
0.88816
0.91185
0.92895
0.94138
0.95317
0.95594
0.95785
0.95335
0.94319
0.93228
0.93824
0.92637
0.88016
0.9063
0.9192
0.91337
0.91204
0.91032
0.9053
0.905
0.91779
0.92519
0.92594
0.92637
0.9303
0.93417
0.93575
0.92731
0.92294
0.91046
0.91002
0.91083
0.91471
0.9325
0.89484
0.8983
0.89442
0.88386
0.89673
0.89649
0.89351
0.88947
0.88079
0.88554
0.89052
0.88572
0.87699
0.85657
0.84428
0.83512
0.87095
0.87869
0.88253
0.86102
0.75375
0.75284
0.81727
0.79896
0.772
0.75925
0.75083
0.7433
0.74526
0.77347
0.79761
0.79924
0.79066
0.78582
0.78035
0.76843
0.77484
0.7969
0.80031
0.79974
0.79954
0.79467
0.78972
0.76734
0.74465
0.73756
0.75079
0.76764
0.76643
0.75906
0.7045
0.80349
0.84632
0.89627
0.91226
0.92476
0.91052
0.91689
0.78866
0.77034
0.75247
0.75853
0.76743
0.76412
0.76937
0.77704
0.77808
0.76697
0.76236
0.77478
0.79072
0.80258
0.81027
0.81554
0.81179
0.80285
0.77093
0.75828
0.73066
0.70895
0.73422
0.77269
0.77254
0.75666
0.7395
0.72402
0.72566
0.75673
0.7458
0.73009
0.74309
0.74589
0.75252
0.77526
0.86306
0.82034
0.84695
0.81713
0.75236
0.72094
0.7273
0.74131
0.74052
0.72012
0.73688
0.69376
0.6971
0.70968
0.70969
0.72475
0.7448
0.74549
0.7373
0.73598
0.73128
0.71692
0.68446
0.65909
0.69394
0.69117
0.71164
0.72589
0.6861
0.66559
0.68204
0.72015
0.72997
0.71354
0.71529
0.7269
0.72969
0.71717
0.70988
0.70794
0.69538
0.69877
0.7086
0.74758
0.7638
0.75636
0.74229
0.75122
0.84948
0.86306
0.85874
0.87088
0.87908
0.86299
0.82978
0.7947
0.7776
0.72784
0.71977
0.61833
0.63688
0.64538
0.65637
0.6884
0.72111
0.72592
0.75029
0.77489
0.75633
0.86563
0.87815
0.88286
0.88806
0.89153
0.89475
0.89833
0.89307
0.89197
0.88667
0.89016
0.88735
0.88286
0.8832
0.88567
0.8873
0.8904
0.88614
0.88642
0.88272
0.87826
0.82579
0.77569
0.72814
0.70626
0.69439
0.68275
0.67527
0.69104
0.87862
0.84078
0.73042
0.7136
0.70474
0.673
0.65177
0.75666
0.76049
0.74645
0.74501
0.74628
0.74164
0.73834
0.71842
0.70856
0.71345
0.72467
0.72572
0.71551
0.70418
0.71681
0.82343
0.79782
0.82406
0.74571
0.68523
0.66773
0.65329
0.65467
0.65909
0.68126
0.69196
0.72966
0.73302
0.74094
0.7302
0.72352
0.75579
0.7799
0.81178
0.81595
0.79864
0.80944
0.75746
0.73291
0.74327
0.7549
0.76664
0.75344
0.74942
0.80699
0.80408
0.80518
0.80545
0.79878
0.79781
0.7926
0.79514
0.77243
0.76092
0.71808
0.66717
0.65645
0.66635
0.67243
0.67839
0.66137
0.66627
0.71123
0.68102
0.67302
0.65273
0.67543
0.70652
0.69153
0.66541
0.65815
0.65429
0.64413
0.63727
0.62669
0.61779
0.61333
0.58132
0.57392
0.56014
0.57118
0.58219
0.58846
0.55156
0.54784
0.55285
0.5575
0.52875
0.53705
0.57447
0.58098
0.57433
0.58355
0.58791
0.61765
0.66066
0.71108
0.7136
0.70447
0.70765
0.70131
0.7088
0.70777
0.70263
0.69295
0.68569
0.66885
0.65512
0.66029
0.54497
0.66313
0.7328
0.74229
0.79947
0.79553
0.64495
0.67287
0.68833
0.70656
0.69702
0.67697
0.70569
0.72072
0.70728
0.70112
0.70613
0.72534
0.72308
0.68231
0.7194
0.70281
0.69963
0.69878
0.74416
0.75266
0.83402
0.86896
0.87624
0.88433
0.8825
0.88163
0.8804
0.88093
0.88048
0.86958
0.86204
0.85626
0.84086
0.81736
0.80262
0.77412
0.7619
0.75082
0.74971
0.76812
0.78186
0.79517
0.79523
0.7992
0.79907
0.6971
0.67674
0.64825
0.59041
0.53748
0.50025
0.46527
0.69247
0.7878
0.80148
0.70336
0.69846
0.69688
0.7084
0.69304
0.69526
0.70398
0.7169
0.72041
0.72196
0.6895
0.70988
0.72132
0.78199
0.76779
0.71208
0.71135
0.65223
0.63892
0.64603
0.63967
0.6343
0.62578
0.61862
0.62308
0.63538
0.66089
0.67245
0.74905
0.84422
0.84003
0.85316
0.85105
0.84765
0.83694
0.74505
0.7574
0.66794
0.66774
0.66333
0.67586
0.63674
0.62527
0.59637
0.57379
0.5357
0.51125
0.51319
0.52506
0.55295
0.61507
0.68382
0.6755
0.64647
0.6753
0.67835
0.7286
0.72571
0.66831
0.6241
0.62409
0.75919
0.77203
0.75777
0.74048
0.70008
0.6634
0.69052
0.7341
0.74992
0.73341
0.68828
0.67641
0.66908
0.66607
0.66183
0.65463
0.65906
0.6537
0.65804
0.65225
0.64846
0.64769
0.65495
0.67872
0.6932
0.69036
0.6366
0.64074
0.62692
0.56942
0.55241
0.563
0.57901
0.58243
0.59228
0.54824
0.53764
0.53605
0.55401
0.5703
0.58244
0.59114
0.59628
0.60668
0.59694
0.61858
0.6282
0.62499
0.62637
0.63306
0.62918
0.62708
0.60726
0.58507
0.60472
0.61068
0.63498
0.66627
0.62229
0.61945
0.61863
0.61283
0.61244
0.62308
0.62965
0.63312
0.62426
0.61784
0.62274
0.62565
0.62688
0.62945
0.62609
0.62229
0.61581
0.60687
0.60811
0.62862
0.65576
0.65559
0.6819
0.72529
0.7303
0.71595
0.70867
0.66172
0.64587
0.63861
0.62923
0.61802
0.617
0.61865
0.61242
0.60014
0.59992
0.59594
0.56751
0.53207
0.5159
0.48483
0.5044
0.57081
0.60459
0.59954
0.61354
0.62781
0.69992
0.71365
0.6872
0.68428
0.70451
0.644
0.64305
0.64853
0.64119
0.64156
0.62745
0.61717
0.61907
0.62053
0.62099
0.62864
0.63956
0.64637
0.65828
0.69832
0.72193
0.69036
0.63701
0.62431
0.6186
0.64543
0.63855
0.65404
0.65276
0.63726
0.63705
0.63591
0.64715
0.6677
0.66673
0.63706
0.63755
0.64328
0.64575
0.63828
0.6272
0.61789
0.60637
0.6027
0.59972
0.70384
0.71747
0.74149
0.73328
0.72253
0.70854
0.67891
0.66068
0.67567
0.71114
0.7325
0.73026
0.72733
0.6867
0.67245
0.6829
0.68174
0.65727
0.65131
0.67722
0.69419
0.69411
0.69557
0.69413
0.69845
0.59624
0.56769
0.63319
0.57103
0.57995
0.67841
0.58897
0.61974
0.63357
0.63425
0.64523
0.6643
0.66146
0.67097
0.74135
0.75084
0.77317
0.77226
0.77248
0.73842
0.71207
0.7043
0.70025
0.6978
0.6423
0.60033
0.58614
0.59224
0.59552
0.5935
0.61014
0.60987
0.60186
0.62279
0.61436
0.63383
0.63292
0.62266
0.61903
0.61392
0.61804
0.6115
0.61106
0.6136
0.60327
0.64238
0.60748
0.58679
0.56687
0.56675
0.54
0.5442
0.53068
0.53162
0.53332
0.58083
0.63031
0.70167
0.71938
0.73429
0.74507
0.7525
0.747
0.75351
0.76086
0.76649
0.77069
0.77818
0.78247
0.78187
0.78097
0.78322
0.78549
0.79315
0.79654
0.79836
0.79748
0.79647
0.79075
0.79323
0.76512
0.68628
0.59965
0.47196
0.53868
0.55514
0.56687
0.54765
0.55984
0.55683
0.56038
0.55313
0.56548
0.56751
0.59452
0.61226
0.6101
0.61393
0.60899
0.60551
0.61309
0.56981
0.56909
0.57006
0.56641
0.56187
0.55718
0.565
0.57023
0.57041
0.57592
0.58733
0.59832
0.59739
0.59621
0.5867
0.58671
0.56022
0.60051
0.57002
0.52125
0.70956
0.72391
0.74371
0.75357
0.7552
0.67832
0.68542
0.52132
0.58803
0.63516
0.63833
0.63457
0.60128
0.60772
0.60103
0.56858
0.56076
0.58153
0.61397
0.62431
0.64249
0.66899
0.68958
0.75997
0.74763
0.81742
0.85101
0.85142
0.84
0.82506
0.80428
0.80086
0.80458
0.80527
0.80394
0.62273
0.61967
0.62456
0.62791
0.62602
0.62853
0.62964
0.63582
0.64475
0.66336
0.68571
0.66108
0.61775
0.63889
0.62429
0.5781
0.60715
0.58249
0.53606
0.50008
0.58779
0.57367
0.7338
0.79471
0.75001
0.7342
0.7042
0.80022
0.79064
0.748
0.65903
0.67684
0.6938
0.79079
0.77148
0.78337
0.7773
0.78401
0.79669
0.80173
0.81223
0.82258
0.82362
0.8193
0.81496
0.79351
0.79599
0.79232
0.66347
0.7926
0.79475
0.7848
0.78755
0.77781
0.78648
0.79243
0.79378
0.7953
0.79299
0.79601
0.79298
0.78602
0.77888
0.77152
0.73102
0.6865
0.67037
0.65887
0.64384
0.62153
0.59981
0.59736
0.59543
0.59565
0.59782
0.57122
0.56488
0.56897
0.58695
0.5983
0.60552
0.64199
0.66751
0.67505
0.67388
0.6833
0.69148
0.70126
0.71082
0.70093
0.71404
0.71739
0.69482
0.69612
0.7013
0.70693
0.70167
0.71287
0.71198
0.70849
0.70661
0.70743
0.71249
0.72053
0.73146
0.73693
0.74292
0.74601
0.74587
0.74817
0.74977
0.74677
0.74462
0.74109
0.74201
0.7418
0.73618
0.72699
0.72454
0.71741
0.7114
0.70485
0.70567
0.68937
0.69814
0.71507
0.71706
0.71141
0.70615
0.691
0.65697
0.61134
0.59199
0.58126
0.57958
0.57203
0.57843
0.58364
0.57929
0.57014
0.5652
0.56471
0.56098
0.56246
0.56685
0.57116
0.57345
0.67469
0.67466
0.67206
0.66189
0.62366
0.60298
0.55674
0.55528
0.55582
0.53269
0.53292
0.5147
0.52831
0.53217
0.52476
0.54201
0.49637
0.49402
0.48421
0.46939
0.46993
0.48266
0.50446
0.60935
0.62164
0.62993
0.63261
0.64012
0.64214
0.65036
0.65402
0.66703
0.67328
0.67222
0.65897
0.65404
0.66893
0.67522
0.65802
0.63724
0.62928
0.66055
0.63793
0.62279
0.62181
0.61369
0.61193
0.65507
0.66313
0.66431
0.65873
0.66615
0.65689
0.65356
0.64765
0.64265
0.63103
0.62412
0.61073
0.56774
0.56006
0.55574
0.55411
0.52774
0.5325
0.56522
0.5716
0.57277
0.57205
0.56966
0.56709
0.56272
0.5602
0.55303
0.54954
0.5447
0.54298
0.54979
0.55195
0.55248
0.55975
0.56705
0.57522
0.58126
0.58962
0.59776
0.6407
0.6282
0.61762
0.61305
0.60467
0.60442
0.60915
0.60924
0.60133
0.59724
0.59905
0.59617
0.59379
0.59687
0.5999
0.59724
0.59496
0.5967
0.60347
0.59881
0.59782
0.59961
0.59915
0.59617
0.59137
0.59738
0.60587
0.60778
0.70607
0.7138
0.72417
0.71187
0.63131
0.62743
0.62688
0.58672
0.59748
0.60159
0.6631
0.67156
0.66271
0.63796
0.6143
0.69937
0.69345
0.67921
0.68003
0.68315
0.67425
0.67304
0.64711
0.65642
0.67905
0.701
0.69964
0.71778
0.71148
0.71049
0.70606
0.69091
0.6721
0.64097
0.61866
0.63495
0.66908
0.64127
0.59931
0.59911
0.59809
0.59704
0.59913
0.63703
0.62772
0.60213
0.59982
0.60531
0.59801
0.59125
0.59449
0.62021
0.62502
0.63143
0.61565
0.60749
0.59551
0.58705
0.5798
0.57236
0.39461
0.44724
0.60252
0.61596
0.62407
0.63334
0.63893
0.67124
0.71737
0.71922
0.72328
0.71191
0.74232
0.72955
0.71093
0.67739
0.65015
0.65139
0.63545
0.5864
0.59041
0.57986
0.5752
0.60312
0.62507
0.61903
0.61567
0.60496
0.58123
0.60884
0.61242
0.61398
0.59969
0.61132
0.61159
0.6297
0.68303
0.68685
0.70341
0.65652
0.70419
0.69047
0.70353
0.64053
0.64659
0.64902
0.64977
0.69574
0.76836
0.70418
