0.5634
0.58683
0.59365
0.59601
0.57393
0.56016
0.54807
0.54678
0.5227
0.52606
0.52886
0.52626
0.49356
0.48652
0.49542
0.49661
0.54045
0.56406
0.57164
0.58161
0.55844
0.54166
0.53936
0.54274
0.54768
0.54671
0.56037
0.56776
0.57195
0.57905
0.58706
0.59296
0.59765
0.58301
0.57835
0.58834
0.60362
0.604
0.57918
0.56184
0.56369
0.55337
0.53264
0.50506
0.49841
0.50985
0.51883
0.47672
0.43507
0.42051
0.55613
0.59982
0.61786
0.66434
0.67532
0.64219
0.57162
0.54234
0.53964
0.58745
0.58752
0.58184
0.55242
0.5311
0.51251
0.5205
0.52023
0.5202
0.52919
0.54813
0.62404
0.61468
0.66271
0.61695
0.5783
0.57274
0.49021
0.48139
0.52407
0.56135
0.53708
0.5382
0.53138
0.53022
0.52416
0.55411
0.58671
0.59099
0.58123
0.60594
0.57172
0.53386
0.52164
0.51027
0.47543
0.59565
0.59886
0.58541
0.65562
0.5408
0.50433
0.50824
0.4958
0.49418
0.49653
0.50721
0.52411
0.54937
0.55711
0.58687
0.63692
0.66698
0.65677
0.66146
0.65726
0.6585
0.67846
0.61929
0.62254
0.69579
0.62927
0.58446
0.5598
0.53716
0.50392
0.5043
0.5334
0.56647
0.57647
0.57435
0.56838
0.60106
0.62463
0.60906
0.71501
0.69134
0.68452
0.66172
0.66628
0.66548
0.69109
0.67444
0.6786
0.69388
0.69057
0.76341
0.76985
0.77379
0.77458
0.74724
0.75632
0.70988
0.65151
0.62464
0.62799
0.62594
0.59835
0.57161
0.554
0.57916
0.54144
0.531
0.51873
0.53306
0.53706
0.5488
0.53989
0.51852
0.52884
0.56583
0.49287
0.53472
0.55214
0.5076
0.51758
0.54034
0.52588
0.53494
0.55165
0.56023
0.57336
0.5769
0.57249
0.55911
0.56656
0.56374
0.56991
0.56615
0.56158
0.5363
0.5528
0.55802
0.5524
0.43602
0.61883
0.62333
0.64243
0.6346
0.67935
0.70704
0.74885
0.72543
0.65411
0.62137
0.61862
0.6311
0.66762
0.68516
0.69257
0.69339
0.65119
0.78022
0.65218
0.64309
0.64192
0.65073
0.66017
0.65887
0.64973
0.65038
0.64387
0.65112
0.67487
0.78379
0.75814
0.70275
0.68367
0.72395
0.78481
0.80076
0.80488
0.80599
0.77521
0.7051
0.68956
0.64771
0.63307
0.58548
0.60482
0.59517
0.59262
0.63494
0.60923
0.62198
0.63356
0.62558
0.61621
0.6317
0.71671
0.66936
0.64831
0.61966
0.64734
0.69764
0.66149
0.60315
0.5561
0.50704
0.47965
0.51165
0.56914
0.78769
0.82161
0.79357
0.70653
0.74291
0.76197
0.77773
0.78535
0.79035
0.79229
0.79137
0.78719
0.78195
0.78363
0.78401
0.78765
0.78569
0.69928
0.64798
0.59835
0.55073
0.52447
0.53267
0.54424
0.53682
0.52957
0.51434
0.52865
0.54463
0.56565
0.60202
0.6167
0.63294
0.62209
0.62129
0.58545
0.57205
0.53187
0.49322
0.48251
0.49102
0.51055
0.51319
0.51588
0.52359
0.53781
0.55912
0.54566
0.53807
0.53757
0.53982
0.54399
0.54919
0.56057
0.56337
0.574
0.57243
0.56648
0.56056
0.56694
0.56487
0.56139
0.55681
0.55436
0.55888
0.56417
0.58829
0.60762
0.61865
0.6153
0.6335
0.59212
0.61931
0.53977
0.54129
0.52861
0.53285
0.53715
0.58534
0.58083
0.58127
0.59256
0.59165
0.58772
0.58324
0.5806
0.52655
0.42919
0.43155
0.45247
0.45418
0.48175
0.50255
0.482
0.45151
0.43234
0.42707
0.45401
0.47773
0.48222
0.59742
0.52192
0.5649
0.59672
0.58837
0.58189
0.57427
0.57747
0.57985
0.57521
0.57368
0.56759
0.56182
0.54982
0.54589
0.6117
0.61304
0.56317
0.53464
0.52585
0.53563
0.54862
0.57411
0.55927
0.59072
0.5926
0.58703
0.58273
0.59798
0.59972
0.59963
0.60531
0.60997
0.61454
0.62662
0.6265
0.62719
0.63004
0.63471
0.64131
0.64525
0.64911
0.65139
0.65385
0.65996
0.65988
0.66409
0.66379
0.63891
0.58413
0.55058
0.50776
0.46112
0.43001
0.40498
0.38579
0.37379
0.37994
0.43816
0.60041
0.60298
0.61037
0.61537
0.63312
0.6086
0.6643
0.67705
0.67511
0.67311
0.68147
0.68379
0.68383
0.6849
0.68015
0.67185
0.66737
0.66121
0.62411
0.64053
0.66595
0.67076
0.67538
0.67459
0.67885
0.67412
0.6457
0.64862
0.62652
0.60411
0.58367
0.57173
0.54591
0.46307
0.50707
0.54779
0.5229
0.49748
0.54485
0.61962
0.55134
0.52316
0.52004
0.51508
0.52576
0.55346
0.57626
0.57013
0.50148
0.58956
0.74312
0.64284
0.60374
0.60865
0.61872
0.62203
0.65189
0.65906
0.66375
0.65295
0.64361
0.73959
0.73943
0.70938
0.7332
0.73207
0.73151
0.65586
0.62618
0.61248
0.60148
0.56835
0.54111
0.53503
0.53794
0.5315
0.54551
0.55225
0.56211
0.57413
0.59017
0.58027
0.57612
0.56759
0.52739
0.48671
0.56019
0.59036
0.5873
0.54892
0.5497
0.51206
0.57119
0.59598
0.64072
0.61015
0.56969
0.56749
0.55166
0.51412
0.51351
0.53831
0.5679
0.61377
0.61536
0.61382
0.59161
0.5543
0.53369
0.52091
0.51113
0.50994
0.51108
0.50448
0.52036
0.52685
0.52187
0.53061
0.53788
0.53698
0.54757
0.48462
0.49148
0.5659
0.58512
0.59385
0.58689
0.56607
0.56016
0.56377
0.57473
0.58381
0.58306
0.59698
0.61776
0.6018
0.60154
0.61257
0.65264
0.54933
0.55053
0.58752
0.60991
0.62157
0.5388
0.78018
0.81474
0.82894
0.82663
0.82664
0.82226
0.78911
0.65833
0.66246
0.61628
0.61173
0.60845
0.60669
0.59546
0.64823
0.75136
0.70334
0.75042
0.74862
0.70637
0.67167
0.62175
0.60909
0.60667
0.61276
0.59983
0.59153
0.55718
0.55422
0.59204
0.61882
0.65435
0.7139
0.72065
0.71921
0.71079
0.70537
0.67475
0.62315
0.60362
0.53967
0.52608
0.5253
0.53974
0.55508
0.55394
0.56083
0.55895
0.55918
0.57029
0.58351
0.58565
0.58435
0.57784
0.59664
0.58868
0.59612
0.6277
0.62692
0.6147
0.60565
0.61047
0.58212
0.58473
0.59158
0.57702
0.5673
0.56014
0.56037
0.55097
0.52071
0.6426
0.67072
0.68203
0.66944
0.67796
0.66741
0.60251
0.56582
0.54048
0.52649
0.51862
0.53184
0.55937
0.57473
0.57134
0.55471
0.51316
0.49423
0.48651
0.51223
0.51139
0.53347
0.55428
0.52717
0.52528
0.53925
0.54841
0.53133
0.54162
0.52043
0.55077
0.56626
0.5938
0.59939
0.63983
0.65028
0.67762
0.70642
0.70026
0.67681
0.62315
0.59364
0.59843
0.62424
0.66287
0.67074
0.65892
0.66366
0.64984
0.66494
0.6595
0.64552
0.61594
0.59001
0.5894
0.57965
0.58752
0.5924
0.59711
0.60997
0.63034
0.6555
0.65605
0.65795
0.64115
0.73519
0.73478
0.72882
0.71714
0.71685
0.68305
0.65025
0.63039
0.63644
0.63074
0.61722
0.61631
0.63021
0.64903
0.63619
0.65773
0.65385
0.62538
0.55943
0.60672
0.58549
0.58356
0.56045
0.56025
0.53536
0.53538
0.56305
0.57506
0.57334
0.57681
0.57907
0.56658
0.5357
0.49432
0.49132
0.47024
0.41919
0.45058
0.48857
0.61238
0.6118
0.61492
0.67802
0.71156
0.70452
0.69698
0.65807
0.63048
0.62331
0.64582
0.69267
0.70042
0.69957
0.68986
0.67107
0.65826
0.7036
0.72817
0.72978
0.71941
0.74076
0.73543
0.70454
0.68678
0.67741
0.6422
0.60888
0.61075
0.60959
0.58784
0.70901
0.67294
0.56931
0.55938
0.57003
0.61843
0.64161
0.63774
0.60137
0.57075
0.55776
0.54641
0.57357
0.60154
0.63838
0.64728
0.65502
0.60035
0.57477
0.5735
0.57328
0.55421
0.61216
0.62807
0.65387
0.66377
0.56474
0.56215
0.58045
0.61641
0.64913
0.659
0.64654
0.63627
0.60221
0.58888
0.53854
0.54822
0.59399
0.62649
0.61194
0.57078
0.53363
0.51444
0.57161
0.5883
0.59128
0.63704
0.71229
0.74702
0.79382
0.80392
0.80541
0.8244
0.82433
0.82763
0.8317
0.82779
0.82885
0.82627
0.82159
0.82121
0.8146
0.82033
0.82667
0.84421
0.84456
0.83849
0.83352
0.83201
0.826
0.82865
0.82834
0.83627
0.82208
0.81912
0.79668
0.78799
0.77255
0.74481
0.73106
0.69904
0.69414
0.57885
0.5385
0.56315
0.59873
0.59226
0.57447
0.57652
0.54707
0.53355
0.51598
0.5773
0.61188
0.57998
0.58275
0.55761
0.56194
0.57878
0.62021
0.63245
0.63595
0.59973
0.56459
0.55918
0.57049
0.60825
0.71687
0.74731
0.7451
0.69444
0.65079
0.62622
0.63587
0.64368
0.65375
0.66547
0.65253
0.64888
0.62999
0.64015
0.61207
0.61587
0.5971
0.59919
0.60016
0.59838
0.58892
0.5741
0.5652
0.56349
0.55526
0.57785
0.58341
0.55941
0.59173
0.58745
0.59194
0.64172
0.76206
0.8648
0.86712
0.87143
0.87107
0.87558
0.87888
0.87268
0.83767
0.81798
0.75385
0.67621
0.65636
0.64231
0.64108
0.62399
0.62746
0.64071
0.65637
0.68399
0.69184
0.68258
0.64618
0.63781
0.62613
0.61304
0.61549
0.61371
0.61286
0.61086
0.60817
0.60507
0.60474
0.61435
0.60719
0.60916
0.61124
0.63421
0.77113
0.77148
0.75573
0.74932
0.74679
0.75189
0.76147
0.77694
0.78205
0.78426
0.77969
0.77734
0.77468
0.77097
0.77713
0.77927
0.78373
0.76864
0.74055
0.70183
0.67547
0.65068
0.66948
0.69062
0.6851
0.67568
0.60782
0.51862
0.60715
0.59403
0.55877
0.5747
0.60973
0.62564
0.66072
0.67095
0.70781
0.73976
0.78362
0.79184
0.762
0.74925
0.74707
0.77166
0.82803
0.75427
0.75717
0.75808
0.72997
0.69943
0.694
0.70937
0.69727
0.69618
0.68939
0.68752
0.69291
0.69446
0.70012
0.69957
0.67752
0.67149
0.68016
0.69762
0.69171
0.6514
0.64677
0.59776
0.58152
0.58652
0.59493
0.60883
0.62208
0.63195
0.64661
0.66506
0.67636
0.67616
0.67476
0.69504
0.7158
0.68334
0.62249
0.56233
0.51907
0.53949
0.56623
0.59131
0.6247
0.65651
0.69166
0.72209
0.75689
0.76515
0.76014
0.74757
0.85621
0.81337
0.76706
0.78566
0.78219
0.76582
0.73999
0.72137
0.68213
0.69713
0.66259
0.6571
0.67537
0.68098
0.67549
0.6947
0.65327
0.68953
0.71532
0.72966
0.73558
0.74441
0.74313
0.74604
0.75605
0.75289
0.74527
0.77866
0.78657
0.72648
0.72898
0.73609
0.69946
0.73244
0.7435
0.77348
0.7666
0.77916
0.78468
0.78186
0.78566
0.73386
0.67484
0.70947
0.78362
0.79386
0.7769
0.75522
0.74858
0.714
0.67475
0.6669
0.68161
0.68056
0.70872
0.71008
0.74609
0.82901
0.81575
0.7874
0.76809
0.81608
0.75257
0.73253
0.63806
0.62202
0.64251
0.64982
0.66868
0.63877
0.65281
0.64461
0.64429
0.63828
0.64399
0.66771
0.71153
0.71089
0.69797
0.67479
0.632
0.71494
0.74078
0.64482
0.68219
0.62451
0.58584
0.6205
0.59425
0.61026
0.61642
0.68432
0.67831
0.64361
0.61646
0.60395
0.62255
0.62791
0.63268
0.63634
0.64501
0.70242
0.65806
0.6513
0.63523
0.63569
0.63623
0.63707
0.64275
0.63084
0.63508
0.63724
0.62381
0.6255
0.64282
0.6476
0.59883
0.60646
0.61048
0.59885
0.58849
0.59119
0.63205
0.64652
0.60098
0.60759
0.62021
0.63827
0.6849
0.71949
0.68952
0.64822
0.61294
0.58477
0.7528
0.66694
0.68657
0.65112
0.64487
0.642
0.60598
0.64476
0.73329
0.70538
0.69391
0.65658
0.66243
0.6813
0.72035
0.71017
0.69318
0.67081
0.69531
0.69319
0.70824
0.73142
0.75156
0.7614
0.76964
0.78336
0.78878
0.75274
0.67471
0.63517
0.6565
0.69823
0.7236
0.78852
0.78256
0.75788
0.71633
0.67278
0.70701
0.72172
0.74521
0.78035
0.7856
0.76662
0.75774
0.78629
0.82707
0.83952
0.85276
0.84365
0.83764
0.83719
0.82386
0.8222
0.85531
0.85822
0.88057
0.89167
0.89626
0.8604
0.82228
0.84009
0.84157
0.84519
0.78515
0.75702
0.73388
0.74177
0.72265
0.66684
0.64599
0.69115
0.74736
0.67752
0.65018
0.65708
0.67795
0.69717
0.68786
0.73411
0.76388
0.74581
0.75375
0.91698
0.917
0.90962
0.91174
0.91196
0.8907
0.78646
0.79665
0.64268
0.6448
0.60825
0.58585
0.59127
0.71216
0.78208
0.70745
0.71796
0.6715
0.67132
0.72648
0.76275
0.75748
0.74608
0.73805
0.73205
0.72465
0.74516
0.76693
0.76807
0.81819
0.85093
0.88123
0.85442
0.78223
0.7858
0.77189
0.88139
0.73848
0.72387
0.6525
0.62854
0.6891
0.70773
0.72113
0.7669
0.79336
0.63686
0.67487
0.67204
0.6794
0.70781
0.76427
0.80672
0.83188
0.82356
0.85755
0.86499
0.90006
0.91751
0.85886
0.91888
0.88675
0.84674
0.83032
0.81982
0.81333
0.84476
0.87187
0.88848
0.91396
0.92042
0.9457
0.93893
0.91608
0.85218
0.82806
0.87932
0.94209
0.95882
0.97933
0.99391
0.99863
0.88095
0.85445
0.79782
0.77786
0.78372
0.77804
0.76282
0.75878
0.76655
0.76016
0.72657
0.74889
0.74636
0.6096
0.6387
0.58808
0.62026
0.83422
0.7615
0.65959
0.69865
0.59166
0.56255
0.59976
0.6488
0.67115
0.68768
0.70904
0.69621
0.72599
0.75375
0.75591
0.74462
0.76244
0.75386
0.84103
0.78951
0.77922
0.77404
0.79375
0.83807
0.96301
0.97599
0.97571
0.93332
0.88781
0.97845
0.94265
0.88995
0.87525
0.85485
0.87059
0.83971
0.82865
0.82757
0.83193
0.87778
0.84532
0.94484
0.85015
0.73772
0.92724
0.9478
0.93479
0.92597
0.79954
0.80817
0.8359
0.85343
0.88091
0.77548
0.83574
0.93128
0.933
0.91091
0.87221
0.79406
0.90367
0.81141
0.91717
0.88519
0.81837
0.89242
0.80036
0.93324
0.81754
0.94196
0.91973
0.94845
0.92652
0.86502
0.91657
0.82717
0.74098
0.84522
0.82323
0.92471
0.92036
0.94097
0.9403
0.93745
0.94123
0.88873
0.92465
0.9308
0.9311
0.92098
0.88812
0.81591
0.84165
0.77363
0.76524
0.81506
0.8678
0.90397
0.91269
0.89038
0.76183
0.79576
0.83998
0.88265
0.96585
0.93379
0.71739
0.71311
0.67871
0.66456
0.92974
0.84496
0.95862
0.92232
0.77264
0.92571
0.84326
0.90812
0.8651
0.93329
0.92347
0.88977
0.78091
0.72108
0.66571
0.70001
0.66053
0.82238
0.93955
0.85069
0.8705
0.79883
0.75576
0.65404
0.77498
0.75575
0.75598
0.77835
0.63101
0.70389
0.64238
0.63123
0.61203
0.50499
0.59908
0.72146
0.78379
0.77404
0.76028
0.75938
0.73537
0.80381
0.79843
0.87977
0.79903
0.79441
0.7959
0.80736
0.78138
0.8015
0.83105
0.85035
0.8414
0.85257
0.95919
0.82193
0.72526
0.69756
0.80362
0.7357
0.86408
0.69948
0.68982
0.88522
0.77125
0.86218
0.93547
0.84947
0.79439
0.75422
0.69544
0.6882
0.73578
0.7534
0.77391
0.78833
0.7818
0.79746
0.81911
0.75295
0.78314
0.79054
0.80584
0.79531
0.76212
0.78772
0.79866
0.78065
0.76915
0.80741
0.82427
0.81849
0.80677
0.81382
0.8528
0.78312
0.7776
0.79359
0.77529
0.819
0.83894
0.82347
0.8004
0.80514
0.78687
0.7751
0.78331
0.77209
0.72127
0.7025
0.68881
0.68787
0.69897
0.69586
0.72113
0.72446
0.79532
0.89074
0.9337
0.96151
0.93842
0.99851
1.002
0.9997
1.0001
1.0003
0.97846
0.98267
0.98117
0.97051
0.96515
0.96634
0.98332
0.98595
0.98534
0.98426
0.98694
0.97154
0.96247
0.96801
0.99169
1.0001
0.99811
0.99923
1.0001
0.991
0.9801
0.94529
0.91705
0.9409
0.92957
0.95515
0.87766
0.88819
0.89754
0.82497
0.78192
0.7406
0.71232
0.68523
0.74822
0.85211
0.80918
0.794
0.79077
0.77339
0.71626
0.74124
0.75506
0.76066
0.75858
0.75084
0.77994
0.80959
0.81373
0.79249
0.8125
0.83873
0.85686
0.89442
0.90174
0.95197
0.8374
0.8484
0.79985
0.81398
0.74544
0.76585
0.83832
0.85503
0.81278
0.8083
0.79917
0.82601
0.84146
0.82581
0.82211
0.93408
0.93676
0.93709
0.89842
0.87915
0.86267
0.82264
0.79399
0.8083
0.80071
0.75726
0.7668
0.74239
0.76076
0.79407
0.82431
0.83992
0.84597
0.8552
0.91346
0.9244
0.92666
0.93313
0.9412
0.93727
0.91484
0.93435
0.9356
0.9456
0.93517
0.93801
0.93374
0.92928
0.94372
0.93262
0.92648
0.93949
0.92203
0.89391
0.78746
0.77094
0.7604
0.75949
0.77498
0.78238
0.80215
0.80766
0.80932
0.81801
0.82278
0.79816
0.78534
0.78848
0.76992
0.77854
0.78694
0.76358
0.74385
0.7559
0.75486
0.75172
0.7625
0.77589
0.76135
0.72721
0.72004
0.70464
0.71368
0.73743
0.7526
0.74837
0.77049
0.74199
0.7289
0.72018
0.72225
0.71059
0.70921
0.75232
0.78389
0.80384
0.79887
0.80647
0.73985
0.71996
0.73537
0.73843
0.74062
0.7503
0.7503
0.75277
0.76116
0.78483
0.80448
0.81615
0.81803
0.78841
0.7848
0.80372
0.82613
0.85943
0.8955
0.92404
0.89443
0.916
0.83389
0.8198
0.82567
0.82454
0.82806
0.82881
0.83148
0.82466
0.80476
0.81369
0.81692
0.83333
0.84683
0.84246
0.81703
0.81009
0.81645
0.81052
0.82011
0.84897
0.85898
0.8639
0.8473
0.83874
0.83754
0.94585
0.85957
0.81874
0.83059
0.82231
0.94492
0.96251
0.96707
0.84495
0.97398
0.90238
0.94747
0.92394
0.84084
0.82649
0.84006
0.89595
0.89102
0.90986
0.90004
0.92412
0.94228
0.9463
0.90666
0.87518
0.85631
0.81384
0.81108
0.81579
0.813
0.81954
0.8219
0.81009
0.80265
0.82092
0.85942
0.8704
0.88857
0.9181
0.92847
0.92638
0.91811
0.90876
0.90195
0.89315
0.85752
0.84143
0.8957
0.88954
0.88154
0.87183
0.8688
0.87284
0.88505
0.88782
0.87944
0.8756
0.85839
0.85112
0.85987
0.87189
0.76543
0.74623
0.73622
0.72771
0.71035
0.72377
0.71396
0.70633
0.71392
0.71052
0.70066
0.70904
0.71802
0.73731
0.71723
0.71733
0.69516
0.70019
0.68749
0.69445
0.70437
0.72114
0.72468
0.71561
0.7199
0.71634
0.71152
0.71403
0.72375
0.75771
0.77677
0.75188
0.72169
0.69869
0.6864
0.68542
0.71415
0.70208
0.71893
0.72423
0.72415
0.70896
0.69471
0.67606
0.6912
0.71253
0.72459
0.72443
0.72152
0.71573
0.70939
0.7089
0.6901
0.67585
0.67644
0.68415
0.68136
0.66275
0.67086
0.69171
0.71196
0.74022
0.74486
0.73246
0.72344
0.72066
0.7111
0.70673
0.7184
0.73994
0.74705
0.74704
0.72718
0.72167
0.72965
0.72581
0.73211
0.71463
0.71574
0.74132
0.75526
0.75481
0.73756
0.71828
0.70985
0.70259
0.73286
0.74733
0.74145
0.73224
0.70541
0.69059
0.70423
0.71918
0.72235
0.71459
0.69616
0.67808
0.66956
0.66349
0.65717
0.65557
0.66818
0.66079
0.65437
0.65219
0.64347
0.64408
0.65519
0.66688
0.66263
0.67389
0.6527
0.6467
0.64578
0.63395
0.5697
0.55227
0.5436
0.55047
0.62887
0.63655
0.64919
0.64844
0.65808
0.69253
0.70602
0.70009
0.69031
0.70558
0.66468
0.65226
0.66918
0.68836
0.6771
0.66435
0.69431
0.69988
0.70726
0.64572
0.65026
0.67091
0.69419
0.6925
0.64091
0.62619
0.69065
0.71209
0.70192
0.69351
0.68673
0.66985
0.65953
0.70015
0.71659
0.71027
0.71129
0.71102
0.61676
0.58445
0.54662
0.48797
0.68456
0.80602
0.78109
0.70542
0.7133
0.71842
0.71231
0.7132
0.69004
0.6628
0.65813
0.7191
0.73699
0.72506
0.72452
0.72453
0.80204
0.73524
0.72205
0.72266
0.72619
0.7555
0.73631
0.76165
0.76313
0.76172
0.75396
0.76329
0.75719
0.7574
0.76263
0.74152
0.67706
0.58893
0.51494
0.45781
0.45509
0.46817
0.6862
0.73463
0.83651
0.8475
0.77156
0.75885
0.7936
0.83619
0.81302
0.81719
0.85184
0.8711
0.87381
0.86875
0.86664
0.86285
0.86007
0.83851
0.79809
0.73645
0.68514
0.6203
0.58265
0.56666
0.5746
0.59241
0.60876
0.60773
0.61267
0.60852
0.59951
0.59482
0.59744
0.59977
0.60694
0.60763
0.59937
0.59165
0.58856
0.58627
0.58509
0.57456
0.57312
0.56374
0.56811
0.58599
0.59271
0.60623
0.59995
0.58212
0.55096
0.5451
0.52037
0.47714
0.4483
0.44879
0.43949
0.4542
0.46693
0.48009
0.48994
0.5103
0.54666
0.58048
0.62967
0.6671
0.73223
0.74748
0.77347
0.77386
0.77199
0.77062
0.72094
0.68622
0.67181
0.65009
0.64437
0.65351
0.67947
0.72408
0.72471
0.68102
0.67558
0.66536
0.67928
0.69588
0.66232
0.66845
0.73397
0.81746
0.78434
0.78813
0.78909
0.78625
0.78334
0.77289
0.7199
0.71368
0.68066
0.67168
0.66361
0.66805
0.66309
0.6617
0.65954
0.63705
0.63935
0.66873
0.68846
0.71047
0.74543
0.75493
0.73641
0.69478
0.68943
0.68386
0.68061
0.67703
0.68002
0.66792
0.66509
0.66728
0.70505
0.68355
0.65353
0.6318
0.62018
0.61976
0.63185
0.66252
0.65848
0.66447
0.67251
0.68128
0.68723
0.69396
0.68587
0.67994
0.67414
0.67103
0.67413
0.66115
0.67347
0.66457
0.65966
0.65678
0.66019
0.66289
0.67603
0.67438
0.68221
0.71369
0.67911
0.69251
0.71648
0.71994
0.67156
0.66769
0.65727
0.64344
0.64208
0.70155
0.6641
0.7019
0.73843
0.66509
0.75684
0.70694
0.73704
0.7305
0.66944
0.64315
0.63306
0.5964
0.64439
0.64317
0.65248
0.6643
0.66854
0.66959
0.67722
0.69034
0.69635
0.68741
0.67692
0.71357
0.70247
0.69408
0.6746
0.66795
0.66612
0.66419
0.66074
0.64729
0.63034
0.59556
0.57845
0.5853
0.61416
0.65755
0.65979
0.6701
0.67441
0.70197
0.71328
0.72578
0.73551
0.7282
0.71023
0.68026
0.64776
0.62125
0.5543
0.5031
0.47381
0.5014
0.58717
0.60513
0.63621
0.64854
0.64811
0.64586
0.62977
0.62952
0.63155
0.62389
0.61461
0.6172
0.6246
0.62573
0.63144
0.63873
0.65222
0.64869
0.65785
0.65594
0.65685
0.65256
0.65332
0.66519
0.66943
0.66364
0.6536
0.65652
0.67217
0.68125
0.68544
0.68945
0.69653
0.69834
0.70779
0.71491
0.68903
0.67687
0.6703
0.66078
0.6836
0.70092
0.70284
0.68304
0.72897
0.67087
0.65232
0.64569
0.7384
0.74441
0.72693
0.62112
0.60432
0.62097
0.63038
0.63516
0.64938
0.76473
0.75993
0.75802
0.77993
0.76624
0.77922
0.73528
0.68204
0.64192
0.62494
0.61838
0.61079
0.60908
0.60759
0.58624
0.57365
0.57856
0.57029
0.54694
0.54909
0.55806
0.55795
0.56257
0.566
0.57261
0.57818
0.5832
0.59331
0.60391
0.60667
0.6041
0.60619
0.60493
0.56828
0.58119
0.57815
0.584
0.59012
0.58688
0.59528
0.59832
0.59982
0.60074
0.60743
0.6214
0.62191
0.62587
0.63974
0.65992
0.68286
0.69988
0.70928
0.71645
0.73713
0.74543
0.73468
0.73232
0.72887
0.71251
0.71361
0.70399
0.69669
0.6826
0.69183
0.69538
0.70482
0.70761
0.71455
0.71508
0.74215
0.75876
0.74596
0.74783
0.70235
0.70658
0.71778
0.68443
0.67979
0.68334
0.67671
0.68376
0.70092
0.71841
0.71846
0.71476
0.70674
0.69857
0.73192
0.73393
0.71562
0.72829
0.71949
0.7362
0.73038
0.74092
0.7359
0.70133
0.70866
0.67985
0.60373
0.58192
0.61653
0.64636
0.64146
0.62041
0.60108
0.59347
0.58702
0.59399
0.60017
0.59885
0.59075
0.58642
0.58899
0.60295
0.60985
0.59476
0.56876
0.58528
0.57548
0.57812
0.59337
0.6008
0.60272
0.60072
0.58543
0.56214
0.55524
0.57171
0.57137
0.57596
0.58615
0.59038
0.61755
0.61692
0.59863
0.60069
0.58839
0.53745
0.57608
0.55969
0.54394
0.53585
0.54509
0.5568
0.5422
0.52625
0.58027
0.62648
0.59948
0.71475
0.71589
0.68924
0.6318
0.60171
0.69875
0.73998
0.73865
0.73151
0.71594
0.68063
0.68526
0.69557
0.69847
0.7183
0.71651
0.69966
0.69243
0.70431
0.70957
0.72054
0.72772
0.73329
0.75526
0.73942
0.77063
0.79629
0.77781
0.79564
0.66286
0.5293
0.586
0.47269
0.43879
0.43662
0.5793
0.61187
0.59667
0.59582
0.60071
0.61266
0.62719
0.58711
0.58764
0.58486
0.60029
0.62628
0.59764
0.63101
0.60339
0.54445
0.40755
0.42607
0.45878
0.58814
0.62432
0.62286
0.61601
0.58702
0.59329
0.67178
0.64676
0.61873
0.61564
0.61827
0.60014
0.58214
0.57567
0.58745
0.59707
0.59628
0.59883
0.60061
0.61483
0.62661
0.62939
0.61704
0.60094
0.5774
0.55797
0.58123
0.59732
0.57785
0.5832
0.58681
0.58693
0.58721
0.59246
0.59487
0.58308
0.55998
0.58325
0.60081
0.58759
0.57627
0.57934
0.58614
0.5921
0.6042
0.608
0.60993
0.58644
0.55175
0.49536
0.54047
0.60318
0.60165
0.63162
0.46148
0.60509
0.64195
0.54847
0.43528
0.44321
0.54719
0.54816
0.55675
0.56103
0.56596
0.56957
0.57907
0.57328
0.58129
0.57757
0.57861
0.58313
0.58251
0.66109
0.65623
0.63803
0.63591
0.65701
0.6253
0.62139
0.61817
0.71513
0.84144
0.78428
0.7867
0.84818
0.77517
0.65179
0.61613
0.58109
0.58803
0.60803
0.61463
0.60805
0.62096
0.59707
0.59123
0.60549
0.62357
0.60572
0.60164
0.61504
0.61812
0.61586
0.62772
0.64148
0.62005
0.6201
0.61601
0.61482
0.59214
0.56811
0.57064
0.54908
0.5881
0.59058
0.57727
0.57665
0.58105
0.58021
0.58142
0.58713
0.56853
0.54443
0.53869
0.54649
0.54557
0.54888
0.54775
0.54978
0.56446
0.57748
0.57806
0.58097
0.57733
0.5637
0.55706
0.52076
0.46019
0.42301
0.41722
0.62286
0.58966
0.613
0.64726
0.65788
0.63303
0.62929
0.59701
0.59044
0.67078
0.65576
0.7065
0.70614
0.7128
0.71424
0.71267
0.70731
0.70515
0.6681
0.65627
0.65265
0.68411
0.67489
0.64449
0.62033
0.6162
0.61014
0.61047
0.60361
0.60126
0.58709
0.5798
0.56617
0.56773
0.52941
0.70229
0.74719
0.65571
0.6314
0.61892
0.61526
0.63192
0.6543
0.6678
0.67048
0.66453
0.67859
0.68099
0.66485
0.66827
0.65437
0.65936
0.60578
0.6739
0.73761
0.74718
0.74818
0.74486
0.7439
0.73797
0.72965
0.7247
0.71869
0.70426
0.69582
0.66173
0.6577
0.65196
0.60213
0.57253
0.58263
0.57315
0.57353
0.56212
0.63478
0.64605
0.64677
0.64455
0.62682
0.62531
0.63704
0.62947
0.62803
0.62667
0.63645
0.64099
0.64658
0.64986
0.65175
0.69152
0.70017
0.70943
0.69944
0.68024
0.67381
0.63966
0.62869
0.61734
0.61014
0.61085
0.6085
0.60586
0.60192
0.59771
0.59486
0.59536
0.59666
0.59824
0.59816
0.59914
0.60926
0.61771
0.6489
0.62902
0.61068
0.62096
0.61112
0.59851
0.57101
0.56445
0.55119
0.54155
0.54042
0.56429
0.59796
0.60745
0.62181
0.62267
0.6336
0.63853
0.64107
0.65728
0.65075
0.63399
0.57102
0.53284
0.49324
0.48933
0.52128
0.51852
0.54033
0.55067
0.56052
0.5574
0.55473
0.54817
0.55695
0.56353
0.55752
0.56401
0.5751
0.56909
0.56782
0.56452
0.56228
0.56014
0.56044
0.55364
0.56272
0.58449
0.58563
0.58407
0.60168
0.59836
0.57742
0.52883
0.50563
0.53016
0.57919
0.57889
0.57971
0.57269
0.56877
0.59445
0.59877
0.60221
0.60024
0.59496
0.58386
0.56909
0.56612
0.53122
0.53515
0.51564
0.53897
0.53074
0.52138
0.5286
0.53362
0.55726
0.57266
0.59512
0.5944
0.59864
0.59723
0.58626
0.54172
0.54105
0.57059
0.55809
0.55018
0.53537
0.52106
0.48092
0.44642
0.45557
0.46364
0.46778
0.4833
0.4925
0.4949
0.51992
0.59403
0.59304
0.58622
0.57227
0.57146
0.55611
0.55839
0.5534
0.55822
0.56651
0.56991
0.61622
0.61801
0.6099
0.61464
0.60953
0.57752
0.56116
0.5598
0.57065
0.59672
0.62652
0.62449
0.57734
0.56667
0.5629
0.56286
0.56597
0.57596
0.57341
0.5669
