0.56937
0.55843
0.55236
0.51571
0.51038
0.51983
0.53963
0.55053
0.55475
0.58399
0.61999
0.61129
0.60863
0.60305
0.59815
0.65652
0.66805
0.6655
0.65656
0.69561
0.66933
0.6991
0.69421
0.70424
0.62675
0.64027
0.63362
0.6029
0.63338
0.62009
0.60825
0.59235
0.59048
0.59237
0.61911
0.65209
0.64427
0.62447
0.69755
0.70306
0.69542
0.68846
0.77354
0.76364
0.70203
0.70515
0.67498
0.65296
0.62851
0.62028
0.58102
0.59162
0.58245
0.58161
0.57637
0.5449
0.52804
0.43046
0.34889
0.31307
0.33825
0.41274
0.50126
0.56296
0.67699
0.62934
0.5866
0.59986
0.5764
0.59142
0.53515
0.54374
0.52687
0.5863
0.64072
0.59379
0.55963
0.593
0.59349
0.6019
0.59479
0.59537
0.60749
0.62478
0.61797
0.59711
0.59228
0.61005
0.6214
0.63327
0.64844
0.64663
0.64242
0.61963
0.61369
0.60413
0.57005
0.56406
0.58397
0.59142
0.60729
0.60769
0.60179
0.57759
0.55042
0.54981
0.60155
0.62723
0.61447
0.68936
0.69683
0.70577
0.71347
0.71696
0.69837
0.62031
0.57868
0.58935
0.59272
0.59663
0.5921
0.58045
0.57713
0.57824
0.58102
0.58123
0.56762
0.56266
0.55961
0.56231
0.56649
0.56845
0.5719
0.5781
0.58424
0.58617
0.58042
0.5793
0.5554
0.53415
0.54641
0.55727
0.57412
0.57811
0.58671
0.57971
0.5708
0.56561
0.56629
0.63768
0.65024
0.64696
0.5511
0.56051
0.5317
0.4752
0.50993
0.50776
0.43295
0.46744
0.53399
0.51388
0.41198
0.48488
0.51217
0.52013
0.51666
0.57106
0.54554
0.55328
0.49363
0.39377
0.71298
0.73395
0.74327
0.74162
0.68674
0.65171
0.6186
0.59098
0.57971
0.5702
0.54624
0.55843
0.54919
0.51691
0.53079
0.56534
0.59973
0.65951
0.64741
0.67298
0.66598
0.69716
0.71773
0.65384
0.62836
0.61609
0.6102
0.60905
0.60564
0.5996
0.55646
0.58034
0.58591
0.5942
0.60695
0.62918
0.61214
0.60441
0.60773
0.61374
0.70524
0.65541
0.65942
0.64784
0.61627
0.61206
0.59613
0.59984
0.61335
0.59142
0.57989
0.57389
0.57416
0.57364
0.5709
0.56751
0.57575
0.56712
0.52656
0.52587
0.51868
0.50566
0.55949
0.55806
0.53073
0.56399
0.57414
0.56751
0.56611
0.57087
0.57333
0.57306
0.55657
0.52343
0.54893
0.55413
0.55566
0.56108
0.54287
0.51495
0.42364
0.46839
0.53448
0.5314
0.50421
0.4901
0.52715
0.53837
0.52971
0.50917
0.47753
0.50481
0.52725
0.49486
0.48466
0.48719
0.47442
0.43101
0.4844
0.48867
0.50122
0.44692
0.44024
0.51821
0.46687
0.41987
0.44765
0.429
0.43273
0.44702
0.43241
0.46133
0.54334
0.50225
0.49412
0.46868
0.45346
0.37919
0.43142
0.46096
0.4605
0.50203
0.47388
0.49837
0.55175
0.55776
0.56237
0.54075
0.53434
0.52724
0.53281
0.5414
0.56424
0.58376
0.67432
0.67982
0.67943
0.55463
0.54203
0.52851
0.52473
0.51801
0.51235
0.50905
0.50867
0.51706
0.5171
0.50367
0.48248
0.4722
0.46638
0.46691
0.46486
0.46642
0.47992
0.48487
0.49624
0.50709
0.51988
0.52709
0.52036
0.53092
0.54807
0.56171
0.55886
0.53019
0.50769
0.50321
0.52504
0.53557
0.53679
0.56095
0.57469
0.59049
0.5819
0.57159
0.52169
0.5024
0.51028
0.50564
0.49553
0.48184
0.49342
0.47578
0.4846
0.49733
0.49706
0.49617
0.49702
0.48767
0.49507
0.5031
0.51104
0.49587
0.52623
0.52225
0.50791
0.54971
0.60895
0.59068
0.58358
0.57817
0.59066
0.55354
0.58691
0.57018
0.58844
0.55008
0.51176
0.48156
0.51381
0.50448
0.46018
0.436
0.43143
0.42774
0.45104
0.51903
0.59547
0.66037
0.67321
0.65697
0.64025
0.64366
0.60355
0.56953
0.57594
0.56025
0.51289
0.4917
0.48282
0.51348
0.50913
0.51779
0.51412
0.51305
0.70055
0.71733
0.72661
0.731
0.72495
0.6964
0.68743
0.66119
0.6253
0.6073
0.59259
0.57788
0.57662
0.55871
0.53136
0.54631
0.55795
0.55534
0.56463
0.55368
0.53671
0.56892
0.61503
0.60208
0.61472
0.59129
0.57801
0.55489
0.55487
0.5549
0.54715
0.51362
0.54017
0.55982
0.5619
0.57954
0.59366
0.61028
0.60712
0.6251
0.63456
0.63555
0.60205
0.59403
0.57884
0.5581
0.49602
0.49449
0.47735
0.5617
0.54835
0.55452
0.57227
0.57739
0.58589
0.60336
0.60956
0.60208
0.64023
0.62506
0.6209
0.62727
0.6151
0.62134
0.61268
0.61664
0.60095
0.59549
0.58882
0.58902
0.59142
0.5828
0.57899
0.57691
0.57687
0.5821
0.58183
0.5856
0.57794
0.57765
0.57344
0.57147
0.56209
0.55963
0.56478
0.55887
0.55809
0.55386
0.54059
0.53742
0.53284
0.53371
0.52947
0.53201
0.54081
0.55086
0.5726
0.57787
0.58299
0.59175
0.61773
0.62384
0.62119
0.63226
0.63917
0.63644
0.61178
0.59679
0.5925
0.58775
0.55128
0.5084
0.44652
0.68676
0.72609
0.72596
0.59043
0.56987
0.61413
0.663
0.67327
0.7094
0.70599
0.70442
0.62096
0.55824
0.56321
0.59427
0.60641
0.60181
0.60254
0.59292
0.59318
0.58941
0.58397
0.57118
0.56439
0.57022
0.55174
0.55814
0.55852
0.57101
0.55267
0.57533
0.57113
0.57164
0.56863
0.56609
0.56782
0.56187
0.57092
0.5599
0.57297
0.59388
0.58039
0.57197
0.58341
0.5901
0.58856
0.5903
0.58837
0.5971
0.60151
0.60448
0.60748
0.59942
0.6002
0.60172
0.61123
0.6173
0.60781
0.61781
0.61168
0.61169
0.60991
0.6007
0.60199
0.64635
0.65224
0.65676
0.66574
0.67117
0.67321
0.67704
0.68108
0.68476
0.69053
0.6944
0.69828
0.6958
0.69212
0.6878
0.68433
0.67627
0.63081
0.58212
0.57704
0.54934
0.53378
0.53219
0.533
0.5431
0.5435
0.54913
0.55549
0.55006
0.5504
0.55883
0.56201
0.56298
0.55916
0.56187
0.56428
0.55541
0.5604
0.56333
0.56484
0.55862
0.56088
0.56277
0.56136
0.57259
0.57791
0.5868
0.58258
0.57336
0.55036
0.5693
0.55346
0.54731
0.55192
0.57393
0.62782
0.60892
0.63354
0.61764
0.62454
0.64761
0.62066
0.60529
0.57543
0.52706
0.47584
0.49086
0.51002
0.57427
0.5869
0.59413
0.59387
0.67742
0.68294
0.6868
0.66064
0.60252
0.58041
0.4639
0.52034
0.57002
0.57261
0.54476
0.5385
0.57131
0.66955
0.74096
0.75293
0.75157
0.74518
0.74047
0.74026
0.74179
0.74155
0.73724
0.55753
0.55101
0.54063
0.53652
0.57818
0.70712
0.57423
0.68068
0.69132
0.74996
0.55096
0.5348
0.53236
0.52829
0.53297
0.53489
0.53797
0.55071
0.55381
0.55242
0.55244
0.54937
0.56448
0.56555
0.54345
0.53132
0.68109
0.68706
0.70624
0.70576
0.69081
0.675
0.6482
0.63185
0.61881
0.60605
0.59975
0.58239
0.58596
0.59602
0.59318
0.56564
0.5553
0.5578
0.48778
0.46422
0.53704
0.6018
0.68875
0.71069
0.70416
0.67833
0.65805
0.66035
0.65777
0.6884
0.71512
0.70006
0.67236
0.66645
0.67791
0.67516
0.68294
0.70279
0.72527
0.74781
0.6776
0.67073
0.70223
0.69425
0.69525
0.66795
0.68193
0.67971
0.68682
0.69648
0.70791
0.72166
0.78987
0.75545
0.61813
0.62408
0.63048
0.63171
0.62456
0.60161
0.5773
0.56524
0.5654
0.57052
0.57362
0.5769
0.59598
0.60009
0.61674
0.61777
0.60602
0.5958
0.58863
0.57887
0.63258
0.72605
0.72876
0.72477
0.6857
0.65605
0.66229
0.66225
0.64496
0.73409
0.7373
0.75931
0.73759
0.72688
0.7287
0.73848
0.75671
0.74907
0.70382
0.67706
0.68439
0.64083
0.6804
0.68814
0.63155
0.64762
0.65455
0.65603
0.66895
0.63937
0.61448
0.60146
0.61403
0.57744
0.57743
0.58685
0.59708
0.59821
0.58989
0.58107
0.57799
0.58597
0.58506
0.59016
0.61009
0.60783
0.58311
0.61651
0.64313
0.62918
0.61242
0.59166
0.5379
0.51552
0.53492
0.56683
0.60142
0.61869
0.61082
0.55222
0.51233
0.51701
0.52643
0.75172
0.77871
0.78608
0.78259
0.73905
0.71947
0.71144
0.71426
0.73236
0.77223
0.7921
0.80789
0.80982
0.80844
0.8113
0.81224
0.81604
0.81836
0.71403
0.5286
0.47811
0.4693
0.46158
0.53037
0.56504
0.5341
0.58507
0.60209
0.56762
0.60056
0.60736
0.57223
0.57637
0.57572
0.59514
0.60778
0.6282
0.75193
0.76601
0.76732
0.77808
0.77198
0.77606
0.7724
0.77185
0.77366
0.77288
0.774
0.78107
0.79361
0.79906
0.79525
0.79189
0.78776
0.78242
0.77821
0.76212
0.76296
0.71633
0.67493
0.67594
0.75759
0.76625
0.77998
0.78529
0.7978
0.77142
0.76403
0.79539
0.75357
0.74802
0.7487
0.75883
0.76275
0.75241
0.7106
0.68241
0.6061
0.60382
0.56967
0.57038
0.57483
0.56867
0.55532
0.55425
0.59408
0.64667
0.65417
0.60352
0.58983
0.55513
0.47421
0.45411
0.43947
0.4544
0.50377
0.66461
0.67652
0.64612
0.65776
0.64579
0.63551
0.64275
0.64584
0.62523
0.61566
0.61041
0.61565
0.59215
0.60101
0.6474
0.65169
0.62341
0.60823
0.59159
0.56909
0.58386
0.59393
0.59382
0.58441
0.57521
0.57397
0.57424
0.55621
0.52434
0.50344
0.48418
0.46
0.48438
0.50695
0.49313
0.49817
0.49583
0.62387
0.62114
0.67955
0.61406
0.60297
0.60327
0.60207
0.62653
0.6622
0.63912
0.59626
0.62574
0.62898
0.58427
0.57876
0.57534
0.58539
0.64707
0.62858
0.61626
0.5991
0.60457
0.58137
0.58265
0.61989
0.61019
0.60287
0.606
0.61007
0.60805
0.62025
0.65694
0.70608
0.74321
0.72525
0.71942
0.71996
0.71862
0.69287
0.66524
0.6758
0.72292
0.72663
0.71082
0.70142
0.70161
0.83177
0.85423
0.85081
0.84505
0.84518
0.83477
0.81888
0.81742
0.82861
0.82124
0.82616
0.80695
0.81246
0.62432
0.61194
0.62133
0.64155
0.64335
0.66701
0.68484
0.69968
0.75266
0.90212
0.92498
0.92768
0.91767
0.9083
0.89792
0.89192
0.88675
0.88763
0.88942
0.89219
0.85921
0.80625
0.79449
0.74999
0.67888
0.61744
0.56699
0.60881
0.65283
0.69323
0.73925
0.76896
0.72182
0.76092
0.73856
0.71978
0.72459
0.83718
0.87785
0.89874
0.79017
0.7081
0.54042
0.91677
0.66729
0.69815
0.69275
0.74556
0.75559
0.70559
0.71418
0.68517
0.67449
0.65723
0.68815
0.71677
0.73581
0.77442
0.74126
0.68978
0.68209
0.68447
0.75324
0.77944
0.78021
0.78442
0.8135
0.77369
0.76449
0.74639
0.7347
0.73714
0.72731
0.72291
0.71342
0.7071
0.68887
0.67802
0.64281
0.64772
0.62104
0.5417
0.54857
0.67664
0.71364
0.73537
0.73841
0.73183
0.7108
0.69415
0.66079
0.65256
0.65325
0.69877
0.70919
0.72625
0.73515
0.65222
0.62702
0.63873
0.76529
0.75405
0.76426
0.69285
0.66517
0.52127
0.57509
0.71753
0.58761
0.56365
0.68582
0.70838
0.77244
0.75504
0.78266
0.63847
0.64269
0.66834
0.70933
0.72274
0.71407
0.74471
0.7426
0.7005
0.68086
0.70706
0.78444
0.79427
0.85571
0.76985
0.68566
0.67007
0.65796
0.63783
0.67559
0.67574
0.68237
0.75177
0.67601
0.67292
0.66858
0.69401
0.76759
0.78661
0.79919
0.84679
0.87088
0.84952
0.85413
0.84911
0.83838
0.8333
0.83615
0.80327
0.78914
0.80658
0.8216
0.84014
0.84928
0.859
0.87276
0.83611
0.78835
0.75745
0.76068
0.69398
0.65603
0.63229
0.70002
0.7384
0.75716
0.76314
0.76606
0.80703
0.8417
0.87646
0.8135
0.80285
0.73081
0.68561
0.71337
0.67533
0.69292
0.70247
0.71496
0.71897
0.72829
0.70094
0.70223
0.70377
0.71907
0.72303
0.76569
0.70616
0.68351
0.68217
0.66773
0.7025
0.70656
0.72166
0.73631
0.7417
0.69457
0.65252
0.62533
0.65302
0.67705
0.66897
0.74501
0.68633
0.68935
0.67498
0.68925
0.7094
0.7075
0.7516
0.75824
0.81726
0.78527
0.74914
0.75873
0.81249
0.81226
0.81569
0.79457
0.78384
0.76745
0.71886
0.71722
0.7313
0.71583
0.70405
0.76936
0.7908
0.79448
0.71599
0.70245
0.71325
0.73371
0.73707
0.73866
0.73952
0.74292
0.73392
0.74327
0.75922
0.74253
0.78309
0.8142
0.8196
0.8188
0.83181
0.79579
0.7825
0.78618
0.8143
0.79371
0.78921
0.82543
0.81001
0.78391
0.74697
0.76891
0.77789
0.81156
0.79378
0.80614
0.8067
0.82008
0.83105
0.78523
0.77603
0.79838
0.80904
0.8141
0.75953
0.70979
0.68616
0.68131
0.74191
0.74893
0.77479
0.75177
0.72822
0.70864
0.71058
0.71439
0.75148
0.78541
0.73348
0.73316
0.64096
0.63626
0.61567
0.69447
0.76663
0.78426
0.79139
0.66866
0.70101
0.69824
0.68074
0.72989
0.70196
0.77412
0.74243
0.63052
0.6517
0.60397
0.60726
0.62022
0.64985
0.66115
0.66518
0.64767
0.6
0.66496
0.67189
0.68489
0.69963
0.70879
0.70852
0.72149
0.73301
0.75831
0.79445
0.76986
0.72358
0.69204
0.71408
0.75493
0.78532
0.7904
0.80087
0.81016
0.84821
0.85645
0.86609
0.85363
0.84928
0.87514
0.88104
0.8965
0.90033
0.89281
0.89784
0.90766
0.90204
0.87077
0.92396
0.92115
0.92406
0.98059
0.98571
0.98109
0.97809
0.95077
0.92213
0.90976
0.89795
0.86069
0.8797
0.91772
0.90699
0.89519
0.91617
0.95254
0.90655
0.59153
0.59991
0.62477
0.64895
0.63515
0.66298
0.74354
0.65454
0.61671
0.6021
0.65426
0.68317
0.63045
0.72518
0.82224
0.77342
0.73973
0.83776
0.92074
0.93425
0.93484
0.93693
0.89419
0.88757
0.85779
0.80445
0.74455
0.69373
0.67047
0.6904
0.61692
0.68132
0.69113
0.57609
0.66653
0.62442
0.68585
0.78199
0.74631
0.70454
0.70021
0.77333
0.79035
0.74605
0.76666
0.70737
0.72413
0.67901
0.67699
0.67165
0.73057
0.71806
0.7879
0.82263
0.94629
0.82022
0.71319
0.68683
0.70379
0.70475
0.75502
0.79416
0.78998
0.69336
0.74807
0.7327
0.80552
0.76837
0.73239
0.72879
0.83374
0.978
0.96398
0.91892
0.8276
0.73202
0.76498
0.76902
0.78158
0.72742
0.71647
0.69511
0.71648
0.74946
0.7366
0.77919
0.80397
0.76586
0.76923
0.73515
0.7247
0.74869
0.75954
0.77803
0.80678
0.79585
0.84822
0.88033
0.97093
0.93805
0.93359
0.9292
0.96538
0.85301
0.84849
0.95302
0.97838
0.90799
0.95319
0.83108
0.93563
0.97688
0.82364
0.88956
0.83814
0.86464
0.69725
0.7281
0.73869
0.72751
0.67442
0.69192
0.65967
0.65639
0.68063
0.72292
0.79176
0.75905
0.74825
0.92415
0.84773
0.859
0.77693
0.71205
0.78294
0.76958
0.78077
0.69777
0.7062
0.6408
0.68795
0.66506
0.74536
0.74448
0.80368
0.7954
0.73982
0.74185
0.71048
0.72055
0.75544
0.77611
0.70482
0.71237
0.66846
0.62709
0.63209
0.66885
0.71369
0.74063
0.76907
0.78315
0.80963
0.75573
0.7315
0.70667
0.70021
0.71059
0.73964
0.79963
0.76681
0.74073
0.74264
0.74107
0.86048
0.69942
0.65601
0.66492
0.65571
0.6715
0.68703
0.73758
0.79372
0.88822
0.92677
0.85753
0.81991
0.71322
0.70326
0.68169
0.6558
0.67945
0.70097
0.7739
0.69431
0.68113
0.67514
0.7102
0.7261
0.70311
0.71516
0.66371
0.62452
0.93184
0.94611
0.92404
0.92946
0.94508
0.94071
0.91267
0.8098
0.77225
0.79486
0.77469
0.74186
0.77869
0.75449
0.70382
0.71983
0.70773
0.68973
0.7008
0.72005
0.73018
0.77057
0.81876
0.82052
0.80477
0.76766
0.75687
0.76513
0.78927
0.76278
0.71077
0.6263
0.6687
0.64559
0.69141
0.67186
0.67279
0.67785
0.68706
0.68962
0.70194
0.71578
0.71256
0.73922
0.75152
0.7103
0.69683
0.70433
0.72963
0.72507
0.73188
0.72031
0.7586
0.72266
0.75647
0.76463
0.76369
0.77592
0.78132
0.75444
0.71685
0.71537
0.72933
0.72081
0.72978
0.72291
0.69939
0.71189
0.73619
0.71584
0.71362
0.77878
0.76439
0.76013
0.73271
0.79929
0.72556
0.72559
0.72884
0.68795
0.65866
0.69084
0.72071
0.79421
0.77461
0.74183
0.7273
0.71446
0.73503
0.77177
0.78114
0.77424
0.80683
0.79734
0.74485
0.75282
0.78908
0.79208
0.77369
0.76906
0.77441
0.81471
0.86735
0.88115
0.88219
0.93362
0.95997
0.96293
0.96127
0.94913
0.94378
0.93808
0.93779
0.94051
0.94605
0.96084
0.95036
0.95499
0.94314
0.94291
0.9456
0.94226
0.94822
0.90977
0.80398
0.79327
0.78119
0.77171
0.69751
0.80553
0.82485
0.96134
0.95659
0.95657
0.93992
0.90852
0.90885
0.87154
0.79602
0.77715
0.80034
0.76232
0.73756
0.7374
0.76897
0.72654
0.74886
0.7735
0.81486
0.8475
0.80193
0.80883
0.8353
0.88485
0.79902
0.77779
0.8873
0.85643
0.76447
0.92161
0.90455
0.91767
0.91781
0.92776
0.81145
0.82191
0.84916
0.83875
0.82923
0.84895
0.87568
0.8802
0.89223
0.79016
0.72918
0.73748
0.7456
0.76464
0.75201
0.76654
0.77043
0.75101
0.75156
0.75912
0.76111
0.76191
0.7687
0.75991
0.75808
0.75973
0.76235
0.76829
0.74734
0.72046
0.70799
0.7098
0.70862
0.71886
0.71364
0.69332
0.67456
0.64279
0.63386
0.66569
0.70765
0.74128
0.7582
0.7678
0.74611
0.6892
0.67645
0.69039
0.71196
0.73565
0.75952
0.74853
0.74182
0.69824
0.66354
0.67661
0.6561
0.67834
0.68195
0.90987
0.84851
0.88245
0.84478
0.80243
0.79396
0.75922
0.76265
0.75738
0.69836
0.64006
0.78186
0.91195
0.9534
0.96998
0.9638
0.96378
0.96542
0.96045
0.95938
0.95615
0.95089
0.93401
0.89648
0.87099
0.82981
0.78837
0.78468
0.75203
0.71623
0.70767
0.73121
0.73523
0.73506
0.73459
0.74387
0.75027
0.74203
0.74571
0.75396
0.74392
0.72854
0.70735
0.68388
0.66224
0.66702
0.67254
0.69236
0.68984
0.69716
0.66464
0.67504
0.71565
0.6874
0.72004
0.75823
0.72485
0.67069
0.64304
0.62341
0.63239
0.63064
0.62812
0.61819
0.62183
0.61123
0.62922
0.65869
0.6693
0.6816
0.70093
0.71681
0.71895
0.7111
0.6981
0.69938
0.70704
0.70719
0.69703
0.69962
0.69457
0.69686
0.70928
0.71856
0.73859
0.76238
0.76928
0.76193
0.75075
0.73558
0.72868
0.71661
0.72077
0.72719
0.72879
0.73657
0.73375
0.72185
0.71648
0.73012
0.76882
0.77215
0.77434
0.75863
0.73381
0.69682
0.68488
0.69183
0.70377
0.71325
0.71559
0.71809
0.72193
0.72724
0.68531
0.8054
0.72705
0.70987
0.71166
0.69991
0.71156
0.67568
0.59922
0.54086
0.55619
0.56703
0.61617
0.84738
0.85716
0.85923
0.86327
0.86183
0.86192
0.83112
0.78189
0.7622
0.74317
0.72735
0.72653
0.73562
0.68656
0.64139
0.6243
0.65056
0.67188
0.69226
0.69487
0.71912
0.71539
0.75963
0.74321
0.74565
0.72599
0.72095
0.68548
0.65851
0.67008
0.68411
0.70414
0.71049
0.66729
0.65022
0.64422
0.65045
0.67208
0.67906
0.69575
0.70374
0.70508
0.71078
0.70311
0.70661
0.70394
0.71291
0.73091
0.72098
0.73805
0.73327
0.71769
0.70821
0.71814
0.72595
0.71308
0.72073
0.66673
0.63083
0.64599
0.65568
0.68282
0.72299
0.77966
0.81978
0.83381
0.84193
0.85017
0.85045
0.85233
0.72332
0.6896
0.67729
0.68551
0.69857
0.71957
0.76046
0.80605
0.81241
0.8304
0.83622
0.84478
0.83454
0.82462
0.82295
0.82724
0.8223
0.83233
0.83785
0.8429
0.84415
0.8317
0.83569
0.82584
0.79658
0.77398
0.72292
0.7142
0.63166
0.61623
0.65424
0.64105
0.60597
0.64019
0.68052
0.68084
0.68875
0.70891
0.71244
0.71358
0.68545
0.67188
0.67017
0.6822
0.69291
0.69813
0.79878
0.80841
0.80678
0.8166
0.82363
0.82095
0.80405
0.79477
0.78506
0.7892
0.72724
0.70868
0.69785
0.69566
0.67957
0.67101
0.659
0.65132
0.64622
0.64869
0.64215
0.64577
0.61801
0.61868
0.62232
0.61454
0.6282
0.64021
0.64625
0.64902
0.65589
0.64868
0.63346
0.62553
0.61083
0.60578
0.40379
0.40283
0.41908
0.43333
0.46383
0.52384
0.57526
0.77469
0.77995
0.7142
0.72839
0.72073
0.72453
0.70871
0.66537
0.6828
0.71285
0.75391
0.76532
0.77213
0.82682
0.82616
0.77786
0.70845
0.70493
0.68097
0.68358
0.68286
0.69802
0.68998
0.67671
0.65411
0.6668
0.65658
0.65333
0.69493
0.71026
0.71483
0.71574
0.7161
0.71042
0.70217
0.73815
0.80602
0.81399
0.81828
0.82383
0.82782
0.83202
0.83474
0.83364
0.8337
0.83324
0.83277
0.83176
0.83433
0.83569
0.83472
0.82886
0.8228
0.82371
0.79511
0.81324
0.78253
0.75028
0.68829
0.66727
0.66379
0.66773
0.65623
0.64763
0.60547
0.56034
0.5521
0.56995
0.58797
0.58809
0.58788
0.57711
0.55764
0.5615
0.5779
0.56747
0.56489
0.59429
0.63018
0.66059
0.69126
0.69881
0.7032
0.70292
0.66687
0.65326
0.65791
0.65904
0.647
0.63511
0.63401
0.64574
0.66157
0.62425
0.62277
0.60477
0.55564
0.54883
0.61452
0.61108
0.60973
0.61961
0.62781
0.64053
0.64258
0.6461
0.64571
0.64448
0.64649
0.64607
0.64194
0.64241
0.64031
0.63582
0.64067
0.63136
0.59985
0.55011
0.55628
0.54758
0.52493
0.57867
0.58172
0.58133
0.57821
0.57761
0.57759
0.57769
0.55919
0.59188
0.63032
0.66371
0.6601
0.66205
0.67254
0.65802
0.63806
0.63521
0.64333
0.63933
0.63178
0.62817
0.6147
0.61201
0.6111
0.60783
0.60882
0.59155
0.58689
0.58078
0.59446
0.60083
0.59933
0.57658
0.53569
0.60975
0.59097
0.58792
0.59523
0.59448
0.59865
0.59028
0.569
0.58878
0.62133
0.60979
0.62311
0.59127
0.57335
0.58093
0.57503
0.55896
0.57072
0.57975
0.57759
0.57519
0.59923
0.60952
0.59412
0.59999
0.6073
0.62732
0.62191
0.61899
0.61641
0.60287
0.5988
0.60535
0.60464
0.57873
0.59896
0.6102
0.60648
0.60619
0.60669
0.60796
0.61365
0.61915
0.61986
0.61502
0.61154
0.59247
0.56306
0.5539
0.58528
0.60379
0.67493
0.65262
0.63848
0.63497
0.61085
0.58883
0.59256
0.64444
0.5883
0.72752
0.71768
0.6416
0.63278
0.64772
0.65853
0.67074
0.64521
0.67931
0.6891
0.70525
0.70984
0.70075
0.71174
0.59308
0.56915
0.55075
0.58756
0.62081
0.63967
0.644
0.64401
0.63036
0.61771
0.60068
0.60809
0.56845
0.60108
0.60806
0.66006
0.66149
0.53804
0.43642
0.73365
0.79588
0.78386
0.73458
0.72104
0.69435
0.67251
0.6595
0.63611
0.63081
0.65453
0.67197
0.64103
0.63181
0.62241
0.60868
0.61008
0.60764
0.60419
0.60358
0.61757
0.64508
0.65869
0.6784
0.74541
0.7066
0.65659
0.65407
0.6601
0.61765
0.59928
0.5787
0.57753
0.58425
0.5793
0.55838
0.5126
0.52685
0.53173
0.55229
0.56099
0.55921
0.57996
0.60304
0.57432
0.548
0.50162
0.48523
0.48019
0.48479
0.50817
0.54568
0.57299
0.57957
0.58864
0.58599
0.58649
0.59906
0.60466
0.60826
0.57041
0.59696
0.67368
0.79326
0.7584
0.74981
0.73037
0.7231
0.65634
0.64926
0.59226
0.60707
0.63329
0.70473
0.71836
0.64311
0.59262
0.55906
0.54481
0.53171
0.5074
0.55565
0.56967
0.5168
0.55378
0.55569
0.52814
0.50431
0.53408
0.51091
0.54192
0.56114
0.58558
0.63183
0.64909
0.65146
0.73033
0.69247
0.64584
0.5557
0.58156
0.63495
0.65531
0.62942
0.60364
0.5521
0.52681
0.56325
0.63922
0.73809
0.79097
0.7121
0.71006
0.69687
0.58016
0.57309
0.56265
0.56688
0.56717
0.5687
0.5584
0.55928
0.56792
0.56395
0.54411
0.51334
0.61897
0.57621
0.5061
0.63499
0.50711
0.4898
0.53111
0.61761
0.61484
0.64421
0.62546
0.61768
0.60637
0.61654
0.63454
0.62567
0.6348
0.62912
0.61813
0.62581
0.60115
0.56825
0.55496
0.56832
0.57839
0.57714
0.58839
0.59162
0.58088
0.53243
0.5046
0.51373
0.5368
0.5278
0.48537
0.48935
0.55587
0.69476
0.76622
0.71204
0.79
0.72062
0.71109
0.70233
0.71739
0.69595
0.66044
0.64503
0.63921
0.6236
0.6167
0.61882
0.61395
0.62506
0.62485
0.63174
0.63737
0.63173
0.6201
0.62781
0.64884
0.65567
0.66111
0.66537
0.66945
0.67874
0.68234
0.69499
0.69942
0.71228
0.75972
0.76597
0.71836
0.68312
0.63171
0.61495
0.61281
0.59436
0.59569
0.5478
0.4964
0.50752
0.51643
0.50784
0.49016
0.48706
0.50573
0.52209
0.54232
0.56416
0.56151
0.57238
0.57496
0.61354
0.63156
0.62773
0.61394
0.58569
0.58306
0.60139
0.60158
0.64153
0.65595
0.66698
0.65009
0.63983
0.62361
0.60248
0.65773
0.68426
0.71408
0.71779
0.71927
0.71725
0.7142
0.70993
0.7075
0.70699
0.67515
0.65844
0.64269
0.63401
0.653
0.64299
0.63442
0.61516
0.58823
0.56371
0.5534
0.55101
0.52957
0.54071
0.56226
0.57786
0.63914
0.63339
0.62887
0.62992
0.64514
0.64532
0.65574
0.67395
0.65092
0.6805
0.67244
0.63186
0.62635
0.65335
0.62331
0.57208
0.53475
0.53083
0.55437
0.53071
0.52076
0.51611
0.48525
0.46105
0.46194
0.52239
0.54513
0.55191
0.62683
0.71313
0.71704
0.71386
0.67093
0.57996
0.50998
0.63933
0.60528
0.61761
0.68479
0.62552
0.63414
0.61876
0.60274
0.6042
0.62895
0.60331
0.61296
0.6296
0.6266
0.64647
0.68192
0.67574
0.64035
0.65
0.67858
0.68875
0.68527
0.66874
0.55445
0.54098
0.54207
0.53835
0.54664
0.56527
0.56113
0.56562
0.58221
0.57993
0.58085
0.58084
0.57761
0.57834
0.57462
0.58338
0.58409
0.58187
0.59442
0.59796
0.60407
0.60609
0.6042
0.60231
0.59827
0.59231
0.60877
0.60788
0.60637
0.58045
0.56179
0.54984
0.53807
0.53758
0.53812
0.54139
0.56129
0.58105
0.55058
0.55923
0.57196
0.59238
0.66031
0.66125
0.74803
0.639
0.62746
0.59359
0.55201
0.54932
0.56005
0.54868
0.59472
0.60695
0.50951
0.52436
0.53111
0.54264
0.5384
0.53735
0.54621
0.55121
0.56073
0.53911
0.54721
0.56007
0.57097
0.5599
0.56679
0.56975
0.56894
0.56624
0.57317
0.57372
0.57829
0.58707
0.59067
0.60341
0.61482
0.60742
0.59231
0.53135
0.57998
0.64593
0.68067
0.6481
0.62923
0.56645
0.56667
0.55974
0.55534
0.55437
0.57521
0.59213
0.61982
0.57051
0.58198
0.54581
0.59212
0.66039
0.65016
0.65847
0.64619
0.61912
0.61271
0.58239
0.57309
0.5818
0.61702
0.59807
0.51845
0.5252
0.51704
0.55134
0.58538
0.6542
0.70464
0.75247
0.74
0.75525
0.75519
0.75191
0.74795
0.74542
0.74182
0.73434
0.73324
0.72893
0.72513
0.72257
0.70623
0.70178
0.69274
0.67533
0.63149
0.61774
0.6085
0.59399
0.57423
0.56944
0.53865
0.48221
0.53613
0.56136
0.57453
0.63081
0.64814
0.59999
0.54704
0.52297
0.51337
0.52516
0.52335
0.53628
0.54904
0.56252
0.59199
0.60574
0.60166
0.58361
0.58889
0.58577
0.58514
0.59697
0.60435
0.59968
0.68106
0.71024
0.74587
0.75578
0.76905
0.77495
0.77642
0.77409
0.76632
0.76203
0.76059
0.7587
0.75811
0.75804
0.75757
0.75979
0.76516
0.76267
0.76193
0.76099
0.73925
0.7372
0.7316
0.70119
0.66246
0.64945
0.63574
0.58912
0.60976
0.60831
0.63648
0.6874
0.70424
0.71589
0.74967
0.76072
0.77112
0.77778
0.7885
0.78697
0.78738
0.75605
0.73353
0.75602
0.77304
0.75122
0.7549
0.77471
0.77919
0.7792
0.78721
0.79842
0.80818
0.81737
0.82859
0.84268
0.85303
0.85661
0.86391
0.86788
0.8696
0.86467
0.85641
0.84872
0.84484
0.83801
0.82943
0.81651
0.79161
0.75725
0.72204
0.70627
0.73985
