0.57775
0.59325
0.60838
0.63059
0.64558
0.64313
0.64066
0.62525
0.56545
0.58372
0.56453
0.41075
0.50175
0.52166
0.55979
0.59902
0.62981
0.66039
0.6593
0.64276
0.59867
0.57111
0.55545
0.50856
0.50517
0.50581
0.50725
0.50404
0.50866
0.52088
0.51918
0.55971
0.59758
0.6094
0.6211
0.63039
0.64598
0.65132
0.68512
0.68292
0.65898
0.6558
0.62187
0.58846
0.50685
0.59377
0.6003
0.58098
0.49827
0.5938
0.61472
0.60518
0.56953
0.57589
0.57395
0.56837
0.57303
0.56567
0.56065
0.56179
0.56631
0.62022
0.57676
0.61221
0.59574
0.56772
0.5627
0.56331
0.56674
0.57441
0.58368
0.58683
0.57559
0.57379
0.55856
0.56672
0.57329
0.67763
0.57665
0.71872
0.67184
0.64453
0.69322
0.66758
0.64623
0.62985
0.57861
0.53483
0.5209
0.5288
0.5485
0.58332
0.59491
0.59584
0.55221
0.57291
0.59017
0.63467
0.71958
0.72007
0.72731
0.73935
0.74599
0.75011
0.75221
0.75542
0.7539
0.75825
0.76279
0.75407
0.75111
0.74361
0.74016
0.69525
0.68898
0.69567
0.70338
0.69871
0.69991
0.71727
0.71477
0.71361
0.71112
0.7072
0.70353
0.6993
0.68951
0.6837
0.65363
0.63226
0.63535
0.59529
0.54675
0.53486
0.55826
0.56879
0.57643
0.57613
0.55611
0.53153
0.53653
0.56875
0.5661
0.55844
0.56857
0.56972
0.56517
0.56537
0.55696
0.55983
0.56247
0.56148
0.52817
0.47246
0.51922
0.53213
0.5396
0.51465
0.56289
0.47683
0.54511
0.5111
0.56894
0.57384
0.58376
0.60333
0.62596
0.70404
0.74625
0.74813
0.76863
0.70618
0.71552
0.72757
0.74167
0.66371
0.72736
0.74984
0.74828
0.75874
0.75494
0.74832
0.74525
0.7336
0.71446
0.71189
0.67332
0.65172
0.63891
0.62022
0.62004
0.57224
0.51016
0.53883
0.64356
0.67946
0.69155
0.70559
0.70327
0.6737
0.65763
0.65592
0.71969
0.70641
0.68746
0.73893
0.73946
0.67405
0.55022
0.57071
0.61301
0.63238
0.624
0.64628
0.66169
0.66527
0.65347
0.64585
0.63605
0.67531
0.6104
0.62025
0.60075
0.59101
0.58705
0.58968
0.59201
0.58924
0.59064
0.60018
0.6135
0.62493
0.64229
0.6445
0.656
0.66836
0.63785
0.61476
0.59166
0.57523
0.5404
0.50613
0.50185
0.50871
0.44018
0.46805
0.46895
0.57939
0.56144
0.58435
0.5918
0.59505
0.59237
0.59025
0.58957
0.60387
0.60738
0.61223
0.61435
0.61556
0.62178
0.63633
0.61623
0.60855
0.60676
0.59949
0.58537
0.60029
0.56726
0.5825
0.57432
0.5215
0.45522
0.58203
0.5855
0.53234
0.56334
0.59522
0.57331
0.56586
0.53757
0.52615
0.49044
0.48399
0.50327
0.50845
0.5299
0.56566
0.60369
0.62514
0.63529
0.65019
0.67524
0.64942
0.67144
0.6599
0.6566
0.65232
0.61163
0.62977
0.66888
0.66093
0.67202
0.7104
0.73534
0.74484
0.75572
0.76698
0.71354
0.69528
0.6399
0.61804
0.56895
0.58888
0.59269
0.58261
0.51634
0.51163
0.51386
0.52744
0.57
0.58946
0.58988
0.58148
0.57699
0.57437
0.58221
0.58808
0.60395
0.63781
0.67936
0.69435
0.70679
0.70609
0.70377
0.70073
0.69193
0.68393
0.62957
0.59255
0.52328
0.50968
0.57312
0.60951
0.55567
0.58782
0.62434
0.62595
0.61414
0.61012
0.6075
0.58404
0.51458
0.51462
0.56468
0.58305
0.58566
0.58458
0.5679
0.577
0.58845
0.57807
0.48865
0.47202
0.42357
0.47642
0.50256
0.44476
0.51039
0.4967
0.55125
0.51645
0.51104
0.51582
0.51995
0.5212
0.53028
0.53253
0.53658
0.5487
0.55491
0.55976
0.5646
0.63888
0.58878
0.58008
0.57377
0.56468
0.54699
0.55028
0.55889
0.56788
0.61313
0.62203
0.633
0.59255
0.5493
0.52615
0.54244
0.61353
0.6322
0.75201
0.67133
0.6371
0.61596
0.61456
0.6097
0.55564
0.54556
0.5668
0.58093
0.6509
0.64332
0.63561
0.65544
0.62199
0.61235
0.61264
0.62603
0.60956
0.6086
0.60938
0.6004
0.60283
0.60671
0.60727
0.6261
0.63395
0.64644
0.64253
0.64992
0.71966
0.72932
0.72851
0.73622
0.74522
0.74739
0.74843
0.74807
0.7229
0.63839
0.62912
0.60384
0.58162
0.54538
0.56076
0.5648
0.56095
0.59229
0.59597
0.59827
0.65721
0.64023
0.6865
0.67969
0.67792
0.66766
0.66394
0.65399
0.65074
0.65127
0.64558
0.64173
0.63894
0.64085
0.64056
0.64656
0.63898
0.63153
0.61033
0.60173
0.58929
0.58452
0.56494
0.54008
0.52226
0.53818
0.54971
0.56577
0.59282
0.63307
0.61448
0.60037
0.5938
0.58231
0.58885
0.60146
0.6288
0.58652
0.56402
0.56474
0.56729
0.57839
0.58242
0.58138
0.58179
0.58847
0.59747
0.60754
0.60593
0.5989
0.54799
0.54292
0.5215
0.48875
0.54164
0.55013
0.56628
0.59726
0.61448
0.5857
0.5489
0.5649
0.52391
0.47797
0.51416
0.51963
0.68159
0.70022
0.72739
0.74219
0.74825
0.75595
0.76125
0.76676
0.77534
0.77341
0.76969
0.77165
0.73086
0.73219
0.72037
0.66435
0.63416
0.59966
0.7154
0.74832
0.76841
0.7875
0.79673
0.79751
0.80307
0.7745
0.73604
0.76088
0.78021
0.79062
0.80141
0.81115
0.81625
0.8269
0.85464
0.85292
0.84774
0.84301
0.84452
0.84428
0.83929
0.83701
0.83219
0.83147
0.831
0.83024
0.8251
0.82367
0.82185
0.81849
0.81242
0.80426
0.80087
0.7894
0.79557
0.74767
0.72372
0.70801
0.66043
0.64253
0.63335
0.61955
0.60537
0.62138
0.61257
0.60462
0.60225
0.60118
0.60384
0.58216
0.61797
0.62585
0.60767
0.60328
0.60911
0.59703
0.59581
0.40139
0.41163
0.67587
0.61102
0.5872
0.57805
0.5658
0.56653
0.56684
0.59858
0.58157
0.53105
0.57663
0.59943
0.65356
0.64977
0.63112
0.55912
0.54114
0.51742
0.50681
0.48164
0.46994
0.5637
0.59444
0.59095
0.58483
0.54719
0.55132
0.55583
0.55291
0.55243
0.57531
0.5759
0.54099
0.49671
0.49576
0.5475
0.55361
0.55999
0.56687
0.56825
0.47082
0.52602
0.56187
0.57933
0.59197
0.60001
0.59765
0.6021
0.59607
0.58638
0.60464
0.63136
0.6481
0.65676
0.77102
0.7892
0.74873
0.62797
0.58603
0.60078
0.62889
0.65597
0.64245
0.63399
0.63019
0.59328
0.60109
0.6051
0.62315
0.65273
0.75158
0.76095
0.71488
0.64185
0.61717
0.63005
0.66434
0.66918
0.68565
0.68045
0.67551
0.63577
0.62194
0.60461
0.60162
0.59968
0.58192
0.57992
0.58789
0.59405
0.54378
0.57952
0.59149
0.67671
0.68082
0.65205
0.60516
0.59869
0.57616
0.58884
0.63118
0.64275
0.63755
0.59017
0.51964
0.51324
0.53486
0.5453
0.56098
0.57371
0.58339
0.57704
0.57078
0.56405
0.57001
0.57307
0.57873
0.56777
0.5694
0.47919
0.52788
0.5455
0.55463
0.54861
0.58593
0.58737
0.58032
0.57318
0.58924
0.58835
0.58355
0.57489
0.57005
0.5803
0.59473
0.62106
0.69707
0.68361
0.66882
0.69031
0.64295
0.60084
0.59473
0.58957
0.58827
0.61039
0.58171
0.63704
0.67281
0.66396
0.69556
0.70843
0.63623
0.59473
0.63822
0.61196
0.62604
0.65011
0.74419
0.78195
0.63405
0.60487
0.58496
0.57237
0.5714
0.5721
0.59031
0.61913
0.53508
0.54163
0.56003
0.57115
0.56858
0.56443
0.56042
0.5454
0.52492
0.50815
0.50227
0.54686
0.66366
0.71208
0.67625
0.68111
0.64024
0.58943
0.58642
0.59314
0.60593
0.618
0.62759
0.62115
0.61181
0.61173
0.60674
0.62175
0.65246
0.67653
0.64173
0.65351
0.6028
0.53425
0.50752
0.505
0.68118
0.70962
0.71354
0.70187
0.69707
0.69417
0.67879
0.73475
0.74624
0.73078
0.72458
0.72408
0.72396
0.70539
0.69573
0.69161
0.70562
0.72833
0.73723
0.75418
0.7807
0.78634
0.78752
0.7928
0.82327
0.82901
0.82547
0.83121
0.84031
0.84566
0.8093
0.77315
0.73545
0.7166
0.69066
0.70812
0.70582
0.71135
0.72339
0.7533
0.73907
0.76523
0.77722
0.81665
0.77188
0.69857
0.58005
0.58731
0.61573
0.64542
0.64955
0.63334
0.63106
0.62865
0.62537
0.64595
0.6342
0.62345
0.61389
0.66655
0.64298
0.63821
0.64034
0.65006
0.63375
0.64118
0.6404
0.63761
0.63656
0.62285
0.59219
0.60472
0.62461
0.60241
0.57945
0.63512
0.75664
0.75502
0.79026
0.78999
0.78777
0.7878
0.78941
0.79548
0.80479
0.81621
0.79392
0.79215
0.78955
0.78323
0.7566
0.75036
0.72001
0.71302
0.70954
0.73382
0.69695
0.70449
0.72166
0.74442
0.76614
0.7703
0.7491
0.69843
0.65418
0.6368
0.64628
0.6301
0.59326
0.59686
0.59631
0.757
0.76975
0.76931
0.77244
0.76745
0.74695
0.71617
0.66935
0.65276
0.65221
0.66424
0.62992
0.64027
0.63452
0.6163
0.49376
0.48664
0.51024
0.54703
0.5705
0.57959
0.60273
0.60891
0.63024
0.64743
0.70659
0.70637
0.71377
0.74467
0.75992
0.7636
0.76164
0.74756
0.74634
0.73668
0.72918
0.73151
0.72592
0.71505
0.69403
0.69212
0.71331
0.72731
0.72549
0.6663
0.64236
0.61295
0.62104
0.6902
0.73941
0.73941
0.74891
0.76027
0.76972
0.78095
0.78967
0.79987
0.79492
0.78985
0.76481
0.76952
0.78808
0.7908
0.78326
0.67698
0.63737
0.71958
0.75378
0.63345
0.65251
0.66528
0.65078
0.69005
0.75214
0.73473
0.70984
0.6514
0.63063
0.62293
0.62204
0.6138
0.5972
0.59875
0.61005
0.62645
0.60966
0.58197
0.55444
0.55133
0.71842
0.80312
0.81509
0.8281
0.84347
0.85482
0.85647
0.85327
0.83875
0.80315
0.80487
0.81027
0.79177
0.75905
0.71844
0.65335
0.64552
0.63196
0.64188
0.68825
0.7047
0.68878
0.67953
0.69614
0.71347
0.73427
0.72383
0.72755
0.72006
0.70282
0.67959
0.67276
0.63051
0.65624
0.67103
0.67632
0.65717
0.6474
0.64574
0.65894
0.67611
0.69649
0.70063
0.69115
0.68952
0.6815
0.69855
0.71702
0.73957
0.7432
0.74871
0.74074
0.72606
0.71794
0.70649
0.66686
0.66482
0.67287
0.65976
0.61718
0.60031
0.59033
0.56337
0.54364
0.54342
0.55489
0.56339
0.58044
0.5916
0.59194
0.61425
0.5856
0.59344
0.74387
0.82165
0.85055
0.75148
0.73769
0.73764
0.74193
0.79229
0.80154
0.82715
0.84495
0.73195
0.76737
0.69399
0.68586
0.6812
0.67507
0.68759
0.71041
0.65424
0.64232
0.6181
0.60583
0.61622
0.64494
0.67825
0.67648
0.72954
0.75472
0.72618
0.64813
0.60621
0.61648
0.63236
0.64816
0.75304
0.70427
0.66372
0.61503
0.61805
0.64095
0.68611
0.69578
0.65569
0.63624
0.62449
0.63932
0.67537
0.7051
0.72044
0.68907
0.6754
0.68389
0.67402
0.68101
0.70033
0.73682
0.75842
0.75487
0.75468
0.74635
0.72955
0.71396
0.70996
0.73971
0.73916
0.73717
0.73099
0.70529
0.70631
0.72557
0.75528
0.76699
0.7255
0.725
0.69204
0.72577
0.81432
0.84483
0.85875
0.86882
0.87314
0.85958
0.81475
0.70345
0.73435
0.74959
0.78806
0.79685
0.79334
0.78586
0.76744
0.76956
0.8115
0.86178
0.86542
0.88082
0.89048
0.76728
0.75195
0.70253
0.68905
0.69555
0.70854
0.71586
0.72098
0.74831
0.89011
0.87726
0.8476
0.86285
0.8275
0.83681
0.82284
0.82193
0.79446
0.75056
0.71034
0.69664
0.67054
0.67445
0.66491
0.6162
0.62058
0.63326
0.6387
0.61352
0.55572
0.50459
0.46844
0.48755
0.55462
0.69536
0.77004
0.87266
0.86944
0.87804
0.88254
0.88025
0.86883
0.87861
0.88261
0.85852
0.84395
0.83082
0.87144
0.75882
0.76452
0.73935
0.80437
0.85192
0.84245
0.82508
0.82257
0.80361
0.73995
0.74781
0.73014
0.70097
0.68471
0.63943
0.59399
0.61925
0.64196
0.61963
0.5954
0.59218
0.61632
0.73965
0.76264
0.72439
0.71197
0.71501
0.70249
0.68755
0.74947
0.73015
0.67947
0.69332
0.63844
0.65343
0.6379
0.69508
0.72047
0.74885
0.71648
0.75087
0.71925
0.68241
0.67489
0.68104
0.71962
0.76078
0.78236
0.80168
0.83481
0.86439
0.81026
0.85431
1.0004
0.9506
0.92319
0.89878
0.89096
0.93303
0.93736
0.92845
0.91995
0.91398
0.90845
0.9024
0.88749
0.81025
0.72962
0.72044
0.71959
0.73825
0.84156
0.84777
0.80749
0.72664
0.67644
0.64349
0.61824
0.61677
0.62217
0.68354
0.69319
0.68043
0.75244
0.73907
0.73594
0.72333
0.8176
0.86178
0.85866
0.78351
0.67956
0.69466
0.73788
0.76484
0.7925
0.76438
0.74292
0.76074
0.77332
0.74854
0.73399
0.71593
0.70345
0.7138
0.71811
0.72686
0.73397
0.7492
0.75923
0.74437
0.72572
0.74256
0.72858
0.71398
0.71361
0.71801
0.73126
0.74161
0.78046
0.81394
0.80421
0.76841
0.75216
0.75618
0.86852
0.99523
0.92329
0.92042
0.78756
0.72997
0.70312
0.66492
0.69665
0.70424
0.70574
0.61854
0.62916
0.62628
0.63536
0.68084
0.70954
0.7166
0.59952
0.60103
0.5941
0.6329
0.75822
0.72446
0.74989
0.67591
0.74841
0.66913
0.5743
0.67069
0.68818
0.67667
0.7
0.75924
0.70304
0.73589
0.72203
0.71448
0.76582
0.78104
0.81922
0.89814
0.8862
0.92103
0.90639
0.91934
0.87194
0.85093
0.92846
0.93588
0.91023
0.86703
0.76881
0.77476
0.76759
0.85986
0.88365
0.90399
0.83357
0.73579
0.68266
0.69918
0.66148
0.81175
0.76469
0.92686
0.92606
0.77015
0.68376
0.69435
0.71027
0.77233
0.82941
0.85009
0.86036
0.84502
0.79842
0.7365
0.75076
0.76782
0.78126
0.78353
0.79287
0.80775
0.79597
0.738
0.74682
0.749
0.75566
0.7632
0.80155
0.8125
0.81494
0.85148
0.85881
0.78224
0.76462
0.73817
0.72257
0.72308
0.74965
0.84288
0.73588
0.9024
0.87199
0.94139
0.82465
0.72319
0.67428
0.66282
0.69362
0.787
0.76494
0.92402
0.94944
0.78904
0.78848
0.77931
0.80394
0.9093
0.94898
0.95289
0.8983
0.96607
0.96117
0.93605
0.90367
0.90343
0.90709
0.90551
0.87856
0.82348
0.93037
0.87566
0.90081
0.82359
0.80018
0.80139
0.81255
0.81828
0.80658
0.79348
0.81644
0.81855
0.83349
0.85627
0.8105
0.80207
0.81711
0.82622
0.82993
0.85395
0.87919
0.90991
0.92981
0.94042
0.95724
0.95741
0.93872
0.91062
0.87495
0.84161
0.84608
0.85755
0.82608
0.80606
0.82221
0.90892
0.92687
0.90777
0.92444
0.90056
0.90618
0.99243
0.9897
0.98509
0.9573
0.95641
0.95462
0.95303
0.94695
0.97947
0.99602
0.98714
0.97755
0.97369
0.97849
0.97961
0.97857
0.9822
0.98291
0.98093
0.96953
0.96708
0.98311
0.99478
0.99833
0.96401
0.7851
0.75499
0.77416
0.79411
0.79639
0.78883
0.79729
0.77946
0.76814
0.77472
0.77837
0.82868
0.82674
0.79379
0.75904
0.73668
0.70845
0.70097
0.76841
0.79714
0.75516
0.68737
0.64647
0.67351
0.69801
0.76719
0.86987
0.96013
0.93383
0.88727
0.84123
0.79732
0.82841
0.74698
0.6952
0.68083
0.68888
0.73976
0.75406
0.71795
0.74576
0.77044
0.77243
0.75488
0.7537
0.81581
0.80688
0.79255
0.77026
0.76404
0.753
0.76503
0.80313
0.84867
0.85842
0.82883
0.78662
0.75605
0.768
0.79236
0.75612
0.70878
0.69332
0.67655
0.71201
0.72897
0.74844
0.76245
0.75741
0.73114
0.70058
0.72863
0.69434
0.72736
0.7577
0.76758
0.77692
0.8105
0.81954
0.85868
0.87778
0.85493
0.78372
0.72092
0.77898
0.8509
0.91352
0.89325
0.91335
0.97709
0.94302
0.93097
0.9218
0.90746
0.86307
0.80833
0.76505
0.77177
0.70697
0.85306
0.78408
0.77225
0.78458
0.80316
0.75541
0.74625
0.76707
0.81938
0.82122
0.81028
0.83099
0.8124
0.91338
0.94291
0.93618
0.93365
0.93161
0.9397
0.9362
0.94065
0.93329
0.92563
0.92308
0.91538
0.91223
0.91367
0.90788
0.91797
0.90534
0.86743
0.83638
0.81505
0.78762
0.78379
0.7736
0.80264
0.81218
0.92263
0.93005
0.93007
0.79226
0.84393
0.73578
0.74544
0.71764
0.69865
0.68025
0.70648
0.71958
0.72571
0.7335
0.73665
0.83438
0.72718
0.73999
0.67904
0.68691
0.68171
0.6777
0.65643
0.63914
0.68466
0.69508
0.67256
0.66197
0.74136
0.64396
0.60459
0.66772
0.68818
0.68312
0.70964
0.74433
0.75559
0.74808
0.77496
0.78783
0.83071
0.92415
0.9328
0.95827
0.8463
0.79629
0.80293
0.79398
0.78491
0.80318
0.81669
0.87661
0.87593
0.8852
0.83097
0.83661
0.8287
0.8268
0.83179
0.83793
0.85893
0.87283
0.87254
0.86064
0.85872
0.93619
0.89796
0.8501
0.8373
0.7867
0.76177
0.76299
0.75441
0.7569
0.76101
0.76709
0.77972
0.7999
0.78369
0.75554
0.72078
0.72271
0.74147
0.74692
0.75296
0.77395
0.79518
0.78532
0.75652
0.75965
0.79061
0.82912
0.80527
0.81473
0.81134
0.80738
0.76535
0.75081
0.75046
0.76081
0.76509
0.77158
0.77299
0.7597
0.77585
0.77824
0.76785
0.74502
0.72825
0.7652
0.86939
0.96915
0.82224
0.85078
0.86093
0.86583
0.88948
0.91105
0.92617
0.92619
0.9042
0.87255
0.83541
0.80174
0.77821
0.76356
0.71152
0.65157
0.66936
0.68317
0.72434
0.74869
0.73967
0.71235
0.703
0.69243
0.68624
0.68437
0.7038
0.71815
0.725
0.72833
0.71921
0.69674
0.67851
0.66667
0.64998
0.64111
0.64571
0.68913
0.72204
0.71935
0.68627
0.68645
0.69357
0.70081
0.71766
0.735
0.70513
0.70156
0.64232
0.65805
0.65958
0.68408
0.67769
0.67174
0.68074
0.67473
0.66774
0.63556
0.58368
0.58554
0.60697
0.59412
0.71839
0.88243
0.7906
0.78349
0.75846
0.75432
0.75383
0.756
0.71968
0.71568
0.72024
0.75508
0.74317
0.75565
0.74964
0.74194
0.74907
0.747
0.74567
0.74403
0.73749
0.72298
0.73281
0.75301
0.74696
0.72274
0.72818
0.75918
0.80982
0.81863
0.84101
0.84949
0.85505
0.86071
0.84004
0.84105
0.83002
0.83059
0.83469
0.80044
0.78067
0.77225
0.76939
0.7659
0.87003
0.88008
0.88848
0.90142
0.91158
0.91528
0.85331
0.91665
0.79669
0.78961
0.87313
0.90332
0.92181
0.80892
0.90534
0.89872
0.89602
0.89331
0.89648
0.90121
0.86288
0.86278
0.88467
0.84949
0.88423
0.87926
0.87658
0.8665
0.87751
0.87631
0.85777
0.83305
0.80333
0.81448
0.76774
0.7554
0.74198
0.68982
0.64292
0.65931
0.66702
0.68626
0.70493
0.80771
0.8033
0.69635
0.6979
0.74657
0.74235
0.72259
0.7268
0.74878
0.71063
0.68971
0.70983
0.73121
0.73299
0.73628
0.74827
0.76647
0.73543
0.72538
0.73104
0.74028
0.75505
0.7534
0.73876
0.72986
0.72668
0.72701
0.73452
0.74679
0.74896
0.75526
0.75981
0.74583
0.74495
0.73436
0.77401
0.78466
0.80486
0.81427
0.81593
0.81521
0.81832
0.7985
0.76801
0.74195
0.73909
0.7455
0.73607
0.73653
0.70029
0.67062
0.66709
0.6527
0.64912
0.62861
0.60985
0.58452
0.63713
0.77502
0.78424
0.79715
0.80821
0.812
0.80704
0.81309
0.82612
0.83329
0.83721
0.8355
0.8356
0.83332
0.82617
0.82756
0.76684
0.74275
0.7366
0.73107
0.70671
0.72087
0.70028
0.68004
0.68592
0.65622
0.67913
0.73902
0.73501
0.6844
0.64927
0.64291
0.64211
0.64418
0.64838
0.65089
0.65378
0.64397
0.66444
0.64861
0.6552
0.65488
0.65462
0.66289
0.6613
0.67255
0.67764
0.67509
0.67623
0.67506
0.69736
0.71444
0.72103
0.68928
0.67881
0.67581
0.65146
0.64969
0.64257
0.66036
0.68516
0.7091
0.72106
0.71821
0.69193
0.70689
0.69809
0.69262
0.69702
0.68332
0.6757
0.6752
0.68303
0.68498
0.70357
0.73304
0.74786
0.77546
0.78275
0.79468
0.79924
0.67686
0.6703
0.65829
0.64418
0.62537
0.61864
0.76601
0.7985
0.78869
0.81438
0.68095
0.66822
0.65096
0.6276
0.63198
0.63367
0.63571
0.65616
0.65067
0.62132
0.64075
0.63419
0.60381
0.59251
0.58885
0.58507
0.58682
0.60229
0.6146
0.61266
0.61397
0.61392
0.63403
0.65305
0.65896
0.66794
0.66981
0.65813
0.64791
0.66072
0.65681
0.66125
0.67428
0.69307
0.69496
0.70789
0.70694
0.69891
0.69764
0.70264
0.70557
0.70676
0.71936
0.66144
0.63344
0.60543
0.6742
0.60888
0.61682
0.61371
0.60415
0.64003
0.62037
0.60787
0.61886
0.63755
0.64518
0.67791
0.70481
0.73127
0.68627
0.65626
0.66197
0.66758
0.6803
0.68675
0.66526
0.64257
0.64229
0.64674
0.6392
0.64065
0.6474
0.66772
0.66366
0.55233
0.48659
0.48342
0.49192
0.56588
0.6501
0.65804
0.63313
0.6544
0.65241
0.65647
0.64479
0.6512
0.66935
0.68211
0.67928
0.69993
0.71392
0.70247
0.69688
0.71672
0.73547
0.76422
0.72202
0.68774
0.6842
0.67164
0.66234
0.6601
0.6375
0.64247
0.66128
0.66309
0.65009
0.66271
0.6707
0.73364
0.78847
0.76463
0.68698
0.68256
0.66005
0.63637
0.69689
0.68819
0.69673
0.70011
0.71128
0.72266
0.7275
0.73099
0.73456
0.71169
0.69404
0.68794
0.71139
0.71099
0.68369
0.61627
0.55121
0.51359
0.63794
0.66221
0.64861
0.66048
0.6422
0.63196
0.63777
0.64513
0.65124
0.66141
0.66253
0.64887
0.64281
0.63951
0.6485
0.65594
0.6625
0.67789
0.72117
0.76486
0.80404
0.80724
0.7871
0.77773
0.70059
0.6434
0.62643
0.62079
0.56651
0.48836
0.4568
0.44931
0.42426
0.42622
0.64591
0.73385
0.68148
0.73462
0.71137
0.69669
0.68857
0.68769
0.68548
0.67066
0.65444
0.62646
0.59845
0.65637
0.61331
0.65891
0.79852
0.74785
0.72364
0.73501
0.73889
0.73268
0.73361
0.72819
0.73207
0.68192
0.6927
0.70029
0.76997
0.77223
0.74147
0.75714
0.74981
0.72259
0.72823
0.74012
0.71845
0.70622
0.72222
0.71511
0.70564
0.72104
0.72589
0.73148
0.73632
0.72434
0.70965
0.68256
0.68992
0.69772
0.70619
0.70884
0.70641
0.72033
0.74931
0.7769
0.78947
0.72739
0.78092
0.73774
0.74141
0.77701
0.73482
0.72862
0.71865
0.67624
0.65364
0.62533
0.60985
0.55945
0.54236
0.48026
0.55555
0.58327
0.56475
0.57086
0.58068
0.59866
0.60798
0.61615
0.62843
0.64903
0.64397
0.64122
0.62552
0.60436
0.58202
0.57993
0.57061
0.54627
0.54846
0.49883
0.426
0.36286
0.32151
0.27925
0.24426
0.32217
0.59498
0.60962
0.58662
0.5205
0.47138
0.44427
0.58637
0.72467
0.73852
0.7714
0.74911
0.77435
0.79441
0.77381
0.71458
0.69619
0.6714
0.66332
0.66352
0.61966
0.63815
0.58831
0.61406
0.575
0.5255
0.48777
0.51587
0.53314
0.64669
0.64083
0.64154
0.64802
0.65241
0.65441
0.64594
0.63332
0.62507
0.63497
0.65278
0.7269
0.69231
0.76633
0.66494
0.7334
0.67502
0.63865
0.61121
0.61652
0.61159
0.60203
0.61249
0.58445
0.57775
0.55925
0.54124
0.52228
0.56346
0.51792
0.52303
0.58504
0.57767
0.57991
0.59617
0.61333
0.63772
0.65261
0.66554
0.67766
0.6677
0.64961
0.65367
0.68405
0.69368
0.72348
0.66068
0.53996
0.46767
0.4944
0.53102
0.62246
0.69462
0.68484
0.67829
0.6768
0.7122
0.8179
0.8199
0.82751
0.81992
0.74418
0.721
0.66913
0.65907
0.60522
0.53631
0.51099
0.57474
0.62278
0.62626
0.60143
0.57415
0.54834
0.59151
0.61215
0.61749
0.64389
0.63992
0.65713
0.66374
0.65525
0.65423
0.67929
0.67589
0.63232
0.59839
0.59468
0.65405
0.62916
0.5757
0.54108
0.59725
0.63664
0.71771
0.69543
0.71903
0.69457
0.63305
0.72496
0.73039
0.73728
0.74309
0.74933
0.75144
0.74192
0.73867
0.71381
0.7444
0.69825
0.6532
0.62962
0.5593
0.57055
0.67255
0.68745
0.68329
0.68365
0.67895
0.69102
0.67968
0.67236
0.67804
0.69323
0.71445
0.73788
0.74601
0.75166
0.74961
0.74377
0.74113
0.70977
0.70689
0.69813
0.68083
0.6502
0.63456
0.6245
0.6208
0.63747
0.6363
0.65927
0.66077
0.66827
0.67211
0.66531
0.65194
0.64662
0.63074
0.61475
0.60383
0.63743
0.60421
0.58944
0.6007
0.60648
0.58376
0.56688
0.57671
0.5868
0.54965
0.56779
0.56028
0.56103
0.55916
0.56877
0.58129
0.59627
0.61257
0.63325
0.72032
0.72326
0.72563
0.72288
0.72537
0.72411
0.72839
0.73346
0.73679
0.73672
0.70365
0.65113
0.65223
0.62869
0.61758
0.60715
0.55038
0.65319
0.5913
0.57355
0.58454
0.60115
0.63187
0.64853
0.63936
0.63113
0.63001
0.62103
0.62423
0.65696
0.68121
0.6881
0.68619
0.69124
0.68446
0.66035
0.6491
0.64234
0.65708
0.67013
0.70015
0.72891
0.74376
0.75001
0.75629
0.76024
0.75803
0.74931
0.73295
0.73913
0.73502
0.72106
0.71153
0.70395
0.69439
0.67156
0.64562
0.61745
0.59545
0.57264
0.56401
0.56348
0.54801
0.5364
0.49881
0.49763
0.52149
0.51519
0.52405
0.53619
0.50884
0.48751
0.49425
0.50666
0.49971
0.48178
0.50754
0.52969
0.54974
0.52934
0.52248
0.61033
0.67318
0.64835
0.64873
0.66195
0.67115
0.69807
0.69764
0.67964
0.64242
0.63371
0.64154
0.66673
0.65292
0.61879
0.62509
0.65101
0.59609
0.64891
0.70562
0.63481
0.59916
0.56022
0.5318
0.44011
0.34671
0.35921
0.4113
0.42284
0.71053
0.70488
0.72897
0.73009
0.74623
0.73239
0.74195
0.7715
0.73206
0.78107
0.78098
0.78654
0.78965
0.78965
0.78571
0.78864
0.78639
0.78005
0.77086
0.75835
0.70024
0.66095
0.62785
0.61949
0.61247
0.62397
0.64296
0.67527
0.68653
0.70431
0.70399
0.6898
0.64867
0.62311
0.61249
0.58965
0.56145
0.56315
0.56672
0.56645
0.57889
0.58259
0.59069
0.60149
0.60317
0.60355
0.60521
0.6264
0.62169
0.59366
0.58156
0.59007
0.58763
0.59384
0.61028
0.61762
0.64668
0.63148
0.67522
0.63512
0.66481
0.65952
0.64753
0.66422
0.68177
0.6944
0.69063
0.68307
0.58993
0.64843
0.64515
0.64343
0.6553
0.64197
0.64052
0.619
0.60775
0.69743
0.68699
0.67406
0.66365
0.64822
0.64346
0.64228
0.6498
0.6673
0.68119
0.69023
0.68729
0.68517
0.64541
0.66541
0.66135
0.74266
0.75569
0.76215
0.74348
0.7336
0.74669
0.74719
0.74083
0.72141
0.70926
0.72637
0.73087
0.6945
0.68608
0.67226
0.67474
0.65854
0.66531
0.59852
0.57686
0.45177
0.52694
0.62269
0.6075
0.57559
0.60672
0.62667
0.63528
0.63617
0.63395
0.63128
0.63155
0.64008
0.63705
0.64301
0.67129
0.67137
0.68865
0.69079
0.67255
0.65454
0.65192
0.62194
0.63047
0.64519
0.63834
0.6291
0.61912
0.61999
0.61778
0.60701
0.60387
0.59979
0.5924
0.58277
0.58095
0.57802
0.5755
0.5671
0.57608
0.55833
0.5665
0.55279
0.5512
0.53985
0.55719
0.57138
0.56678
0.57232
0.57082
0.56621
0.52061
0.49966
0.5208
0.48614
0.50902
0.54064
0.55406
0.56596
0.56701
0.55795
0.55772
0.55978
0.56824
0.57681
0.56618
0.54754
0.55029
0.55397
0.55671
0.55567
0.54931
0.53316
0.56512
0.54997
0.48871
0.47421
0.48164
0.56473
0.57096
0.56954
0.5646
0.57463
0.55994
0.56411
0.57232
0.59178
0.58563
0.57976
0.55806
0.55351
0.54664
0.55585
0.56056
0.57275
0.57004
0.57446
0.58261
0.57813
0.53124
0.51662
0.55269
0.57678
0.56617
0.5457
0.48179
0.51706
0.50193
0.55797
0.55622
0.54086
0.57969
0.44827
0.53927
0.45039
0.53048
0.55678
0.53612
0.56384
0.6126
0.62931
0.6486
0.62153
0.65342
0.68464
0.68955
0.70137
0.71875
0.72489
0.73275
0.74614
0.75671
0.7612
0.77168
0.78068
0.76389
0.75583
0.72967
0.68561
0.7422
0.67531
0.61129
0.61698
