0.4974
0.45781
0.4578
0.40588
0.38198
0.36716
0.36259
0.3578
0.35806
0.36628
0.35643
0.3669
0.33934
0.36003
0.36064
0.36454
0.32783
0.32686
0.31755
0.31422
0.31525
0.31849
0.31894
0.32907
0.32482
0.33859
0.34502
0.33771
0.3549
0.36437
0.34785
0.34197
0.33707
0.34371
0.35463
0.34944
0.34362
0.34577
0.35489
0.35452
0.39839
0.37297
0.36221
0.36447
0.39384
0.36632
0.3001
0.27491
0.25297
0.25754
0.23069
0.22243
0.22505
0.22382
0.23161
0.28089
0.43648
0.48605
0.51197
0.48457
0.46915
0.4522
0.4766
0.50463
0.50195
0.47959
0.4681
0.45205
0.44183
0.42782
0.39738
0.36466
0.34595
0.33021
0.34023
0.35829
0.36634
0.39043
0.37531
0.3856
0.42215
0.41723
0.42201
0.44774
0.46191
0.45779
0.47083
0.47722
0.49953
0.49896
0.61521
0.53302
0.49947
0.48824
0.48629
0.49622
0.4994
0.43809
0.47935
0.55515
0.82554
0.84385
0.84762
0.84822
0.83031
0.80722
0.81267
0.76656
0.70622
0.68189
0.68876
0.67457
0.67258
0.61953
0.57432
0.53403
0.64031
0.82952
0.8431
0.85702
0.86481
0.87458
0.87821
0.88746
0.89764
0.87734
0.68492
0.50554
0.44739
0.43038
0.42651
0.37729
0.36244
0.33243
0.34885
0.44852
0.61326
0.84624
0.86974
0.87105
0.86951
0.8248
0.84169
0.81988
0.77833
0.81594
0.78847
0.74974
0.78902
0.52254
0.49971
0.46915
0.43721
0.44466
0.44153
0.39641
0.36961
0.36214
0.32404
0.31751
0.40328
0.41534
0.46853
0.44919
0.49445
0.45668
0.40164
0.43674
0.47008
0.52599
0.82658
0.48107
0.57096
0.89162
0.62168
0.78914
0.91335
0.90567
0.89369
0.8026
0.89263
0.891
0.87747
0.87722
0.87518
0.83765
0.72148
0.92099
0.89332
0.87642
0.85275
0.8403
0.84111
0.83508
0.82444
0.72858
0.52549
0.44033
0.43581
0.40011
0.37294
0.36934
0.36968
0.47828
0.49018
0.4985
0.52649
0.72083
0.89639
0.89213
0.87249
0.81581
0.74001
0.61942
0.56242
0.53491
0.51977
0.52211
0.52584
0.49905
0.49243
0.47747
0.45531
0.53443
0.53928
0.88396
0.88593
0.87634
0.838
0.81884
0.81953
0.57301
0.83499
0.82051
0.58694
0.84262
0.83912
0.83455
0.7929
0.73081
0.72494
0.8172
0.81191
0.68131
0.69059
0.62667
0.50601
0.46659
0.44599
0.40459
0.39323
0.43335
0.5203
0.45681
0.51092
0.41369
0.89933
0.89062
0.86482
0.85147
0.83647
0.48582
0.43297
0.42287
0.41722
0.40878
0.39723
0.386
0.3798
0.37772
0.38557
0.39001
0.58703
0.74508
0.54011
0.432
0.3953
0.40295
0.73229
0.56819
0.44284
0.40272
0.41192
0.39172
0.35233
0.38369
0.34098
0.32529
0.30656
0.32196
0.30137
0.33331
0.4411
0.47669
0.47387
0.36349
0.36947
0.36588
0.32841
0.36561
0.34248
0.35511
0.36297
0.3583
0.35085
0.37395
0.36062
0.37315
0.36667
0.3435
0.33897
0.35543
0.34094
0.32751
0.33597
0.34553
0.32605
0.33384
0.32468
0.35062
0.32587
0.35534
0.37761
0.36257
0.36826
0.37232
0.38896
0.3921
0.39394
0.38683
0.36065
0.34526
0.3355
0.42074
0.436
0.45693
0.46288
0.46527
0.78942
0.80664
0.81944
0.80367
0.79661
0.69006
0.4362
0.44097
0.45048
0.44574
0.76961
0.48737
0.42987
0.4265
0.41163
0.3993
0.39683
0.38711
0.3442
0.36249
0.34303
0.3056
0.21733
0.18561
0.18282
0.15265
0.15527
0.20069
0.26
0.2717
0.25791
0.25858
0.25378
0.27308
0.2744
0.26815
0.34711
0.38325
0.36009
0.41926
0.48874
0.49191
0.50592
0.57012
0.67458
0.7293
0.67267
0.686
0.66242
0.7213
0.71634
0.71427
0.69777
0.53294
0.52121
0.48959
0.49369
0.46896
0.47333
0.47883
0.61334
0.68166
0.65756
0.65222
0.54622
0.65269
0.51432
0.55973
0.69994
0.78979
0.80831
0.81792
0.79868
0.76441
0.75707
0.42354
0.38732
0.36809
0.38873
0.38505
0.37961
0.37619
0.38389
0.37229
0.37714
0.38345
0.36926
0.40562
0.39194
0.38636
0.36441
0.38452
0.39822
0.34547
0.35037
0.37367
0.38636
0.59841
0.64898
0.57018
0.6226
0.6439
0.65604
0.64977
0.63021
0.66585
0.60305
0.57506
0.5669
0.5382
0.51176
0.4453
0.3919
0.3484
0.32707
0.70103
0.74485
0.7733
0.7795
0.77444
0.76516
0.54727
0.41627
0.38876
0.34172
0.29956
0.28422
0.29343
0.29174
0.2839
0.29116
0.28952
0.32326
0.3448
0.38239
0.38253
0.36626
0.33426
0.31204
0.27598
0.21073
0.25777
0.25848
0.25966
0.26587
0.25628
0.21605
0.35741
0.40879
0.42765
0.447
0.43927
0.48139
0.47775
0.47562
0.49487
0.48044
0.4841
0.52344
0.6003
0.53056
0.50718
0.51534
0.50542
0.45789
0.45395
0.46353
0.50047
0.46578
0.44835
0.48276
0.47864
0.44267
0.42724
0.41115
0.40299
0.40771
0.42286
0.44671
0.45411
0.44628
0.43556
0.4569
0.46141
0.45954
0.4619
0.52432
0.82118
0.75208
0.57494
0.76559
0.73386
0.64543
0.76044
0.79827
0.72516
0.5793
0.46723
0.43709
0.42597
0.4084
0.40111
0.40031
0.40257
0.39531
0.38408
0.39538
0.4047
0.39936
0.40108
0.41276
0.38607
0.36308
0.29438
0.36232
0.33189
0.29337
0.28274
0.32236
0.38688
0.35159
0.33677
0.32104
0.3288
0.33267
0.32884
0.3292
0.30803
0.27157
0.2274
0.26218
0.20094
0.16007
0.17825
0.16593
0.17084
0.15556
0.15461
0.10474
0.096174
0.34907
0.59893
0.58044
0.57781
0.67327
0.74167
0.74894
0.76447
0.74522
0.5752
0.49674
0.50476
0.49506
0.46944
0.41721
0.39475
0.38547
0.38663
0.40201
0.39841
0.39172
0.38757
0.41831
0.43323
0.4519
0.63157
0.79108
0.47966
0.46898
0.50734
0.67297
0.56713
0.6226
0.55812
0.71215
0.58772
0.65149
0.74342
0.597
0.57344
0.55554
0.46164
0.52018
0.53897
0.54006
0.55308
0.62011
0.69273
0.68934
0.87545
0.86738
0.86116
0.8204
0.82044
0.79094
0.79298
0.73493
0.54823
0.61364
0.64582
0.7897
0.72638
0.693
0.45418
0.44816
0.45122
0.40729
0.32483
0.30918
0.3606
0.42527
0.47562
0.53482
0.48973
0.44811
0.45344
0.43353
0.40926
0.40941
0.41482
0.42583
0.41158
0.39557
0.37536
0.35609
0.33739
0.33298
0.33124
0.33384
0.31592
0.31519
0.30659
0.28657
0.3136
0.35705
0.35005
0.34487
0.36135
0.40109
0.47062
0.55182
0.80814
0.5503
0.52339
0.50586
0.50529
0.51511
0.88509
0.61333
0.48257
0.44732
0.38629
0.3365
0.32249
0.35818
0.39075
0.38908
0.40353
0.44344
0.45099
0.44089
0.48563
0.49362
0.46703
0.43127
0.41108
0.41099
0.39275
0.4026
0.40024
0.41044
0.50664
0.37927
0.72474
0.77696
0.50754
0.40611
0.37666
0.45775
0.49307
0.50738
0.46015
0.45867
0.51898
0.52428
0.54205
0.55599
0.53831
0.51919
0.50578
0.49384
0.51548
0.49869
0.6205
0.66089
0.72872
0.6016
0.59935
0.56009
0.47848
0.50105
0.60074
0.75951
0.90752
0.88221
0.7366
0.75925
0.79858
0.85491
0.82518
0.87102
0.91212
0.90995
0.88732
0.85485
0.84815
0.79415
0.70521
0.72468
0.74121
0.69844
0.62726
0.58539
0.54861
0.51936
0.63684
0.76099
0.63538
0.60598
0.51852
0.48391
0.47666
0.43618
0.40326
0.39816
0.39602
0.37796
0.35856
0.38523
0.38089
0.4231
0.44531
0.44901
0.49275
0.43878
0.35001
0.48555
0.5137
0.531
0.48279
0.61439
0.6509
0.6531
0.59188
0.56683
0.54814
0.53114
0.58407
0.61364
0.59335
0.58062
0.59577
0.61255
0.61836
0.64575
0.67748
0.86807
0.99656
0.88878
0.96222
0.95582
0.85888
0.64094
0.63625
0.66064
0.75684
0.99162
1.0007
0.99762
0.9884
0.97249
0.9699
0.947
0.93208
0.91593
0.77906
0.7152
0.45866
0.49612
0.49787
0.49458
0.68183
0.9494
0.93138
0.92977
0.90326
0.87192
0.82102
0.76584
0.81705
0.75656
0.67486
0.64953
0.61843
0.51415
0.59563
0.57903
0.68144
0.6687
0.79431
0.81493
0.78765
0.74171
0.60983
0.5258
0.51738
0.50547
0.45256
0.42582
0.42882
0.45361
0.49887
0.48552
0.52402
0.44382
0.37446
0.35669
0.53705
0.57983
0.62675
0.70476
0.92975
0.89547
0.86554
0.83358
0.80074
0.73269
0.78328
0.81562
0.91955
0.91725
0.89021
0.87876
0.84291
0.70337
0.60848
0.56733
0.60743
0.56433
0.50359
0.45645
0.4438
0.44396
0.42296
0.40168
0.41875
0.40757
0.36002
0.33406
0.3394
0.35363
0.3884
0.42411
0.43603
0.42048
0.35921
0.34558
0.39653
0.34943
0.36975
0.40779
0.50525
0.4674
0.50815
0.86947
0.7639
0.62062
0.58346
0.62709
0.73155
0.69112
0.86454
0.89607
0.88765
0.88027
0.87897
0.84319
0.83192
0.84942
0.83399
0.8028
0.7596
0.70511
0.63449
0.72291
0.73621
0.70462
0.81152
0.76198
0.48245
0.45481
0.46062
0.47409
0.47531
0.46198
0.50014
0.5202
0.52175
0.50366
0.52138
0.55734
0.49882
0.47634
0.41347
0.40932
0.36845
0.36228
0.44544
0.55719
0.57003
0.58214
0.5593
0.55458
0.55585
0.54113
0.53981
0.57017
0.62231
0.97009
0.73838
0.58335
0.50879
0.44963
0.47785
0.5006
0.58262
0.61657
0.97668
0.96045
0.94788
0.91838
0.90809
0.9292
0.92881
0.93011
0.85719
0.592
0.52872
0.51541
0.52634
0.76128
0.84563
0.87759
0.80877
0.63295
0.47799
0.48618
0.47492
0.52674
0.62452
0.66133
0.58436
0.56674
0.51694
0.49742
0.4911
0.53399
0.54114
0.56155
0.48556
0.44192
0.44564
0.53085
0.95584
0.96593
0.96422
0.96193
0.9593
0.94745
0.94475
0.9464
0.95519
0.94301
0.92303
0.92557
0.92007
0.91464
0.90747
0.89206
0.88096
0.78419
0.87255
0.90424
0.88206
0.80028
0.63356
0.70419
0.76461
0.82789
0.88943
0.89429
0.85425
0.80449
0.63734
0.5646
0.54453
0.59465
0.71797
0.74586
0.68693
0.55481
0.47015
0.51703
0.51478
0.53745
0.54497
0.49435
0.41528
0.37211
0.25696
0.31467
0.30501
0.28005
0.36322
0.45935
0.44241
0.43322
0.50813
0.51755
0.49432
0.51638
0.58416
0.55598
0.48158
0.48571
0.472
0.33508
0.47142
0.58685
0.74861
0.94179
0.92717
0.92216
0.82594
0.66761
0.61531
0.58968
0.55847
0.79106
0.85909
0.49559
0.43822
0.43479
0.57601
0.61431
0.59125
0.60406
0.52134
0.45018
0.41411
0.41419
0.41235
0.4318
0.5055
0.54745
0.97093
0.95689
0.97078
0.96796
0.96629
0.96782
0.97762
0.97983
0.9757
0.96169
0.93355
0.96268
0.98507
0.77277
0.63185
0.73649
0.70048
0.63454
0.62241
0.63871
0.66578
0.9985
0.99766
0.99968
0.99801
0.99991
0.9597
0.98149
0.99757
0.9977
0.99894
0.82105
0.57159
0.61602
0.84375
0.95532
1.0004
0.92735
0.9405
0.94861
0.95785
0.79908
0.65261
0.70907
0.95857
0.95564
0.93482
0.91035
0.81843
0.95844
0.8449
0.96301
0.97657
0.98123
0.96645
0.97031
0.98615
0.99673
0.9981
0.99851
0.99861
0.93159
0.85699
0.69957
0.63295
0.70445
0.9986
0.99723
0.99337
0.99871
0.9762
0.97853
0.96515
0.96249
0.95665
0.9516
0.89935
0.78822
0.86482
0.6165
0.53582
0.49563
0.44338
0.44843
0.47009
0.45243
0.48528
0.61277
0.67393
0.5612
0.51134
0.48479
0.52113
0.46771
0.55482
0.52839
0.44602
0.44238
0.41503
0.42214
0.42349
0.38824
0.40978
0.43079
0.39905
0.43239
0.49639
0.49187
0.3992
0.33758
0.31674
0.30944
0.36667
0.41303
0.37769
0.42698
0.60735
0.67434
0.67329
0.56963
0.4956
0.44549
0.39814
0.32742
0.24844
0.2041
0.26254
0.33244
0.35751
0.41544
0.55676
0.62556
0.77027
0.82855
0.86464
0.86848
0.84562
0.78986
0.72839
0.69365
0.66891
0.63594
0.60852
0.5848
0.60414
0.6439
0.61197
0.57897
0.53849
0.52882
0.51183
0.56649
0.61563
0.67067
0.65645
0.60788
0.57991
0.53922
0.52814
0.51414
0.5495
0.55326
0.5784
0.61368
0.65442
0.62753
0.66266
0.69691
0.74189
0.72322
0.77055
0.83879
0.82903
0.80365
0.80455
0.8223
0.85507
0.86575
0.85455
0.84312
0.7738
0.81514
0.80517
0.78859
0.75377
0.72995
0.71737
0.64011
0.52523
0.54301
0.49448
0.47662
0.46587
0.48269
0.50147
0.51731
0.52138
0.53928
0.46985
0.43477
0.45008
0.45674
0.44075
0.43155
0.42534
0.41034
0.3672
0.37576
0.37684
0.37949
0.45003
0.50519
0.50122
0.49292
0.51369
0.56895
0.56671
0.57128
0.54607
0.50929
0.48983
0.48445
0.46071
0.4939
0.49696
0.47783
0.48739
0.48922
0.62508
0.64198
0.68845
0.79348
0.98793
0.96567
1.0003
0.97984
0.98769
0.98985
1.0007
0.89637
0.77025
0.76511
0.70134
0.66996
0.62062
0.58977
0.59074
0.60408
0.64501
0.74848
0.73227
0.79854
0.85372
0.78324
0.70911
0.77202
0.98708
0.99757
0.9751
0.99846
0.9991
0.99899
0.95028
0.99981
0.9703
0.94839
0.98091
0.9769
0.9972
0.99917
0.99796
0.96225
0.85647
0.86498
0.82003
0.80645
0.82165
0.7999
0.76567
0.76337
0.69077
0.61443
0.58158
0.61503
0.63421
0.56518
0.52496
0.51558
0.54795
0.60355
0.56338
0.56419
0.55329
0.53885
0.58439
0.59195
0.61368
0.54701
0.51593
0.53255
0.42923
0.43816
0.47456
0.48865
0.50752
0.52941
0.54207
0.57574
0.67476
0.68752
0.63114
0.57801
0.59587
0.57411
0.56076
0.53766
0.57889
0.54677
0.5064
0.50168
0.55192
0.61922
0.60311
0.55435
0.52042
0.63002
0.63827
0.63528
0.62648
0.65933
0.70394
0.71316
0.70988
0.67801
0.6542
0.66666
0.65965
0.61715
0.57038
0.54707
0.54659
0.53583
0.55214
0.51213
0.53893
0.59998
0.53303
0.50139
0.55695
0.50337
0.52077
0.54308
0.57819
0.61974
0.64326
0.66252
0.7545
0.78578
0.77567
0.78125
0.88794
0.93193
0.94506
0.98383
0.97527
0.86726
0.8204
0.86215
0.78488
0.6807
0.63932
0.66236
0.63228
0.60296
0.61616
0.62696
0.63303
0.6103
0.5761
0.55661
0.55741
0.62058
0.67731
0.77622
0.88963
0.98888
0.89337
0.88301
0.90628
0.86675
0.89259
0.89634
0.98051
0.93933
0.87987
0.8726
0.87398
0.88824
0.86485
0.83678
0.78607
0.77142
0.84207
0.82418
0.86672
0.80474
0.76186
0.7704
0.76952
0.80154
0.7805
0.78844
0.75844
0.73769
0.65941
0.71025
0.78978
0.67186
0.65096
0.66552
0.63997
0.71195
0.79604
0.86172
0.92533
0.9376
0.95724
0.98627
0.99344
0.99368
1.0001
0.99775
0.99732
0.99789
0.99299
0.99609
0.99678
0.90263
0.85054
0.99206
0.95665
0.72383
0.7069
0.74713
0.70512
0.74934
0.7649
0.83601
0.8711
0.84112
0.80915
0.64088
0.5896
0.617
0.62332
0.60904
0.56206
0.548
0.52187
0.43006
0.39426
0.38656
0.38746
0.35737
0.36643
0.41726
0.47533
0.48396
0.46913
0.41952
0.40972
0.41292
0.44844
0.4415
0.42041
0.38824
0.34026
0.33492
0.33416
0.34156
0.33567
0.32325
0.37911
0.39145
0.55298
0.58087
0.5578
0.4528
0.39578
0.40916
0.39411
0.47911
0.45268
0.40768
0.44485
0.47848
0.47932
0.47266
0.47749
0.44408
0.41584
0.43422
0.44361
0.47005
0.50383
0.50344
0.44367
0.43725
0.43913
0.44695
0.44273
0.42695
0.46738
0.46427
0.4449
0.46315
0.45655
0.45052
0.42808
0.47905
0.51237
0.51715
0.50217
0.50395
0.48643
0.50475
0.49825
0.50122
0.54517
0.54157
0.54591
0.59137
0.55615
0.59215
0.53624
0.51092
0.45457
0.53253
0.53572
0.52001
0.48732
0.49741
0.50025
0.51352
0.51272
0.51764
0.50841
0.50401
0.47766
0.45565
0.44473
0.4486
0.45619
0.46695
0.48937
0.51844
0.53378
0.53057
0.53006
0.53556
0.5415
0.55315
0.56093
0.5661
0.55188
0.6322
0.6251
0.63606
0.62857
0.64789
0.66777
0.63749
0.70814
0.65304
0.64628
0.67025
0.65321
0.63022
0.5892
0.59241
0.55609
0.51134
0.50097
0.49692
0.48237
0.47907
0.51081
0.52688
0.5729
0.64365
0.68637
0.72473
0.75809
0.69047
0.71981
0.74863
0.68942
0.67603
0.6725
0.72005
0.73647
0.69321
0.66697
0.69781
0.77538
0.78108
0.81298
0.87915
0.95486
1.0004
0.98805
0.85858
0.88823
0.9039
0.95504
0.9602
0.94192
0.93932
0.93528
0.93046
0.92449
0.96112
0.99642
1.0008
0.99865
0.99768
0.99279
0.96453
0.94573
0.94529
0.86974
0.83414
0.85269
0.80049
0.70334
0.90147
0.91923
0.97448
0.98159
0.96899
0.99763
0.99889
0.99911
0.99743
0.99604
0.96626
0.94912
0.86826
0.93063
0.96867
0.85063
0.80174
0.70104
0.62744
0.64951
0.52613
0.66166
0.53233
0.52441
0.50453
0.5112
0.54797
0.55238
0.69449
0.60253
0.67796
0.77205
0.60185
0.49683
0.48989
0.77244
0.76738
0.81258
0.81093
0.60895
0.47131
0.48552
0.56034
0.55242
0.70501
0.91042
0.89464
0.96489
0.93726
0.69254
0.82866
0.80472
0.76321
0.71292
0.77786
0.68028
0.61759
0.51203
0.47369
0.44811
0.42084
0.41906
0.45591
0.54655
0.55818
0.5073
0.49253
0.49466
0.76523
0.86671
0.95494
0.87428
0.82942
0.644
0.57446
0.52982
0.53455
0.52029
0.50344
0.46189
0.44297
0.43798
0.43683
0.44778
0.46026
0.51145
0.551
0.51975
0.4991
0.43612
0.38789
0.46612
0.53811
0.63788
0.66369
0.69893
0.67248
0.56302
0.52376
0.63563
0.83174
0.95459
0.89816
0.87412
0.93281
0.72186
0.61219
0.95928
0.99818
0.9989
0.98492
0.8563
0.7493
0.75678
0.85742
0.9043
0.88378
0.84436
0.72626
0.57678
0.69551
0.83424
0.73262
0.71392
0.6868
0.66689
0.64794
0.58683
0.54568
0.47661
0.42015
0.41938
0.43667
0.39357
0.37832
0.35499
0.51202
0.4895
0.47687
0.61589
0.6646
0.58837
0.56401
0.49723
0.44259
0.51185
0.45905
0.36068
0.32576
0.34881
0.3833
0.43812
0.4538
0.472
0.44051
0.45729
0.50964
0.53367
0.51084
0.47867
0.46463
0.43247
0.42431
0.39067
0.39651
0.44909
0.50669
0.57553
0.84738
0.76106
0.8037
0.83906
0.87317
0.95746
0.97203
0.90901
0.89862
0.95221
0.97756
0.96557
1.0009
0.99713
0.99754
1.0008
0.99928
0.9899
0.99041
0.92105
0.91521
0.86223
0.85812
0.96693
0.9791
0.99006
1.0001
0.93246
0.81356
0.70489
0.47531
0.47014
0.4594
0.42425
0.37707
0.3869
0.392
0.38092
0.39796
0.46251
0.49798
0.48817
0.57596
0.65613
0.68065
0.55857
0.64138
0.68152
0.64259
0.6363
0.67657
0.71748
0.93958
0.99051
0.98035
0.92793
0.76767
0.78303
0.90349
0.97337
0.99999
1.0003
0.99893
0.99767
0.99853
0.99722
1.0002
1.0003
0.99435
0.91712
0.95021
0.96146
0.96849
0.96308
0.83705
0.90072
0.92008
0.91041
0.97896
0.98136
0.97322
0.97327
0.99263
0.99807
0.88306
0.87448
0.92568
0.92537
0.90776
0.75495
0.83753
0.89328
0.86374
0.90666
0.82765
0.74352
0.94059
0.94107
0.79682
0.83086
0.7771
0.76598
0.59572
0.55627
0.50541
0.45142
0.44461
0.45201
0.4955
0.4025
0.39329
0.39377
0.41922
0.41614
0.35823
0.34701
0.34239
0.34564
0.33637
0.34606
0.32869
0.32668
0.29557
0.30515
0.31666
0.32259
0.32725
0.3178
0.3109
0.28852
0.294
0.28283
0.31085
0.30019
0.30019
0.32161
0.32399
0.33063
0.3029
0.29072
0.30917
0.31832
0.31288
0.30012
0.29852
0.28332
0.28048
0.28489
0.30089
0.32014
0.33312
0.34739
0.36759
0.33911
0.37863
0.3375
0.35842
0.40547
0.4211
0.43912
0.46389
0.47891
0.43646
0.42318
0.4344
0.42489
0.3985
0.40999
0.41033
0.39944
0.39654
0.38733
0.39125
0.38428
0.38836
0.36837
0.35003
0.33314
0.31282
0.30864
0.32047
0.32714
0.3317
0.34354
0.35609
0.3642
0.35516
0.33823
0.35555
0.41465
0.42254
0.43019
0.45724
0.4643
0.44087
0.4223
0.45795
0.48912
0.48975
0.47367
0.48507
0.50316
0.51356
0.49117
0.48247
0.49196
0.47733
0.44789
0.41901
0.38319
0.34341
0.3389
0.34308
0.33967
0.3117
0.30866
0.29626
0.28679
0.27635
0.30239
0.31501
0.31721
0.33926
0.39241
0.31143
0.32005
0.28972
0.25742
0.32364
0.41276
0.46331
0.54372
0.59198
0.60305
0.46948
0.49494
0.51159
0.48284
0.45767
0.43583
0.50411
0.56753
0.82323
0.92688
0.90536
0.68253
0.57007
0.50012
0.45282
0.46161
0.42753
0.42784
0.42575
0.46308
0.45654
0.48813
0.55392
0.54293
0.51521
0.47827
0.49484
0.50678
0.53045
0.52525
0.51249
0.49568
0.46237
0.44677
0.45638
0.40976
0.35939
0.351
0.33364
0.36394
0.35979
0.33811
0.33948
0.35764
0.35789
0.35977
0.35863
0.37743
0.37989
0.38959
0.39687
0.41546
0.41122
0.38928
0.40778
0.40457
0.38258
0.40259
0.39855
0.39976
0.39121
0.38106
0.38905
0.41792
0.42045
0.4298
0.38971
0.48505
0.54073
0.37168
0.30527
0.74502
0.94903
0.91983
0.85775
0.55371
0.56778
0.61031
0.58905
0.64251
0.87828
0.88583
0.90203
0.82956
0.71764
0.74256
0.60206
0.55964
0.84869
0.80139
0.59469
0.602
0.52321
0.509
0.61953
0.76529
0.71359
0.61423
0.52357
0.51366
0.50729
0.47982
0.47283
0.41967
0.37447
0.36615
0.44478
0.49858
0.50831
0.52593
0.52988
0.52996
0.54441
0.5754
0.96986
0.8795
0.68871
0.51137
0.49981
0.47997
0.46341
0.46535
0.48111
0.49921
0.46935
0.46353
0.47546
0.46156
0.45258
0.42633
0.55534
0.7487
0.88976
0.90381
0.90861
0.87725
0.91346
0.91401
0.87408
0.63475
0.52948
0.53735
0.62064
0.89603
0.92448
0.89839
0.8797
0.85914
0.86198
0.88678
0.89196
0.90069
0.90143
0.90241
0.90658
0.87438
0.92188
0.92586
0.92368
0.91822
0.92049
0.92493
0.91976
0.92254
0.76915
0.76766
0.692
0.82005
0.93009
0.88635
0.89354
0.90105
0.70564
0.84489
0.89928
0.89504
0.87916
0.89063
0.86433
0.63425
0.66958
0.58896
0.5873
0.57904
0.70763
0.72614
0.57215
0.60315
0.55003
0.49241
0.47876
0.45158
0.42902
0.42277
0.48654
0.65165
0.58341
0.72338
0.66905
0.78065
0.87623
0.88576
0.76659
0.80291
0.81033
0.77886
0.78802
0.67613
0.665
0.6738
0.57726
0.52844
0.5126
0.47452
0.5032
0.46871
0.45748
0.45422
0.43305
0.40034
0.38336
0.36761
0.35553
0.33976
0.34024
0.32171
0.30536
0.29451
0.29471
0.2981
0.34127
0.36139
0.3627
0.35745
0.36685
0.38156
0.35474
0.34109
0.36727
0.4353
0.45355
0.42876
0.36941
0.3286
0.31688
0.31471
0.32729
0.34737
0.37257
0.37491
0.38085
0.38976
0.39179
0.40046
0.4029
0.41708
0.41331
0.39423
0.39606
0.37711
0.36787
0.35656
0.37082
0.38896
0.39368
0.37154
0.37454
0.40718
0.40721
0.43314
0.45291
0.44591
0.44439
0.43275
0.41488
0.40733
0.4013
0.38386
0.38391
0.37705
0.35084
0.351
0.35843
0.34699
0.40348
0.40712
0.42875
0.44436
0.45659
0.46258
0.48429
0.49475
0.50774
0.49388
0.50078
0.46006
0.43815
0.40822
0.39074
0.39302
0.41979
0.49134
0.50877
0.62067
0.8365
0.91526
0.93059
0.94115
0.93317
0.91748
0.92124
0.88196
0.73046
0.53607
0.49686
0.45565
0.45736
0.4679
0.44812
0.43998
0.40626
0.28669
0.2951
0.32449
0.87112
0.8916
0.89874
0.89922
0.89231
0.88699
0.88665
0.86953
0.8187
0.56702
0.53824
0.52523
0.51973
0.54547
0.52312
0.52984
0.45743
0.46004
0.45646
0.46422
0.47984
0.46945
0.51813
0.53712
0.49499
0.39225
0.39882
0.53309
0.38107
0.45816
0.46086
0.41862
0.3459
0.35182
0.39345
0.42967
0.44469
0.48827
0.61983
0.75102
0.66894
0.80973
0.8402
0.84441
0.84381
0.78106
0.76117
0.57399
0.47601
0.40848
0.37985
0.35443
0.3617
0.36691
0.36593
0.37568
0.39292
0.33857
0.35428
0.35571
0.36243
0.38216
0.39253
0.4024
0.40587
0.39431
0.37777
0.38695
0.3881
0.38349
0.37518
0.37247
0.37472
0.36388
0.36282
0.3577
0.35135
0.36191
0.3836
0.38328
0.38234
0.39179
0.38576
0.37974
0.35803
0.34672
0.35409
0.39597
0.46022
0.52266
0.53964
0.53124
0.53295
0.5341
0.55147
0.52788
0.42772
0.39967
0.41521
0.47881
0.50856
0.44451
0.40269
0.40855
0.43107
0.45895
0.47044
0.48708
0.52788
0.49291
0.45005
0.43191
0.43536
0.4365
0.3999
0.40561
0.40557
0.4353
0.42926
0.43321
0.43551
0.45283
0.45643
0.45943
0.45675
0.42718
0.39066
0.36118
0.38856
0.4043
0.40905
0.42662
0.60434
0.67623
0.89219
0.90659
0.90842
0.88482
0.77912
0.57657
0.52267
0.44368
0.3712
0.34944
0.37995
0.45263
0.49333
0.42622
0.41922
0.43182
0.40376
0.37248
0.37212
0.3703
0.34497
0.3563
0.36059
0.33695
0.33567
0.34952
0.36228
0.34963
0.36199
0.34134
0.34181
0.31137
0.31198
0.32311
0.32705
0.32428
0.33627
0.37578
0.40376
0.46151
0.55068
0.56139
0.49646
0.47605
0.46726
0.41633
0.41843
0.59426
0.78052
0.73879
0.6186
0.59346
0.57504
0.50894
0.51665
0.59156
0.51473
0.5099
0.5005
0.5158
0.55317
0.60814
0.50923
0.44743
0.40157
0.38916
0.3973
0.40078
0.39325
0.40943
0.45486
0.61956
0.77752
0.78875
0.70992
0.71581
0.70382
0.58502
0.63904
0.51733
0.4797
0.45626
0.44514
0.44964
0.42608
0.40184
0.37374
0.36378
0.36302
0.36035
0.34816
0.33401
0.43178
0.52038
0.68237
0.6389
0.62183
0.581
0.46998
0.43042
0.44893
0.46666
0.46726
0.46683
0.47986
0.46026
0.46076
0.48146
0.4597
0.43998
0.41792
0.4135
0.42585
0.46637
0.48967
0.44696
0.45023
0.43822
0.48062
0.50966
0.50752
0.48552
0.49813
0.43024
0.42227
0.39928
0.51368
0.56632
0.48307
0.43167
0.42391
0.41533
0.42502
0.45982
0.43833
0.47754
0.50641
0.44932
0.46696
0.44929
0.46418
0.48078
0.50473
0.53109
0.82054
0.85205
0.86041
0.81255
0.69461
0.77552
0.59112
0.55236
0.52895
0.53181
0.54602
0.55169
0.53736
0.52572
0.50424
0.49341
0.47747
0.4944
0.50146
0.51201
0.4949
0.56604
0.53578
0.49739
0.48359
0.46411
0.43077
0.43253
0.43557
0.47715
0.51876
0.51194
0.5082
0.50527
0.49803
0.49485
0.48769
0.48413
0.47876
0.43115
0.41515
0.41939
0.43254
0.44222
0.48108
0.45452
0.49841
0.49278
0.47302
0.46549
0.47798
0.50167
0.49869
0.48774
0.40935
0.47614
0.49311
0.50779
0.50494
0.53666
0.56983
0.52888
0.49309
0.48891
0.50265
0.51182
0.50458
0.52501
0.51703
0.52355
0.54051
0.56806
0.55999
0.49595
0.48608
0.47058
0.42354
0.46301
0.47491
0.48091
0.47816
0.43373
0.41789
0.43812
0.47437
0.52639
0.64156
0.80423
0.60279
0.54539
0.52427
0.536
0.53275
0.53694
0.54215
0.52262
0.52933
0.52198
0.53353
0.68165
0.5437
0.52052
0.44382
0.42758
0.47452
0.47448
0.49737
0.50366
0.43834
0.3989
0.35776
0.43622
0.49171
0.4249
0.41139
0.36565
0.39859
0.49668
0.44109
0.36748
0.34123
0.34023
0.34221
0.35566
0.3646
0.39227
0.37571
0.37661
0.38807
0.39526
0.38158
0.38038
0.37687
0.37539
0.37038
0.36656
0.37097
0.3715
0.37221
0.38475
0.34526
0.34415
0.40452
0.63119
0.56034
0.50125
0.52443
0.50146
0.46838
0.53249
0.81597
0.82323
0.83262
0.83985
0.84233
0.84751
0.752
0.54985
0.46405
0.4016
0.37973
0.37396
0.32226
0.32227
0.37224
0.3536
0.40369
0.43538
0.47968
0.42031
0.42161
0.46233
0.39871
0.43381
0.32547
0.33108
0.36957
0.3216
