0.49169
0.40502
0.30134
0.30115
0.27405
0.2634
0.25662
0.24847
0.2241
0.20296
0.20485
0.22495
0.20891
0.21098
0.2361
0.22475
0.23791
0.21239
0.20645
0.32298
0.37001
0.30184
0.44824
0.40244
0.39582
0.34931
0.30373
0.23236
0.23016
0.23192
0.23954
0.24226
0.22965
0.23033
0.26089
0.3415
0.3889
0.80043
0.55984
0.69354
0.64096
0.50132
0.3431
0.3195
0.7839
0.76933
0.77759
0.77528
0.77792
0.77779
0.77951
0.6591
0.74042
0.73591
0.72221
0.72131
0.73567
0.73398
0.73317
0.72521
0.72002
0.68231
0.6462
0.63605
0.60031
0.59564
0.53855
0.50477
0.45887
0.54703
0.60246
0.53679
0.49833
0.50118
0.40799
0.50391
0.46547
0.4797
0.45895
0.44288
0.4641
0.48664
0.38898
0.50018
0.47618
0.44884
0.49347
0.48218
0.53745
0.49484
0.40762
0.30892
0.29441
0.28834
0.28565
0.26912
0.28737
0.27433
0.26923
0.38321
0.61793
0.41707
0.53867
0.65301
0.25468
0.30477
0.37658
0.42409
0.37493
0.2496
0.25511
0.27167
0.29802
0.31971
0.42247
0.50161
0.4428
0.36838
0.3428
0.36561
0.29376
0.21634
0.21529
0.21845
0.20899
0.22862
0.27973
0.2836
0.44824
0.55621
0.70962
0.64902
0.74114
0.64002
0.53695
0.50985
0.45252
0.37718
0.2912
0.26759
0.33023
0.33384
0.36501
0.48988
0.40778
0.45058
0.41925
0.42725
0.55624
0.64235
0.66983
0.70515
0.71055
0.67413
0.54774
0.35271
0.28019
0.2589
0.25049
0.20284
0.16865
0.15871
0.16917
0.18033
0.19208
0.22786
0.21524
0.29961
0.32848
0.83816
0.82815
0.8165
0.7965
0.75904
0.73461
0.71455
0.69658
0.67668
0.42728
0.28294
0.24084
0.22385
0.18914
0.27452
0.23267
0.25709
0.38357
0.48721
0.58425
0.77916
0.79409
0.7982
0.79732
0.80077
0.80269
0.81134
0.79481
0.77803
0.72769
0.82273
0.74864
0.51861
0.38576
0.36466
0.34314
0.37196
0.43534
0.48215
0.66971
0.58473
0.55545
0.582
0.54013
0.59727
0.88218
0.85902
0.86503
0.85208
0.83842
0.83306
0.83069
0.82296
0.82139
0.82183
0.81567
0.81699
0.80408
0.78418
0.76728
0.72699
0.65765
0.72577
0.75272
0.75777
0.76479
0.7683
0.76866
0.77309
0.77352
0.76965
0.76987
0.76504
0.74614
0.76214
0.76647
0.76113
0.75261
0.73054
0.73473
0.63645
0.59902
0.46011
0.38438
0.29132
0.26983
0.5888
0.61588
0.48913
0.60371
0.69386
0.7343
0.72981
0.63605
0.66087
0.65467
0.5977
0.55482
0.65287
0.67879
0.55181
0.50262
0.59013
0.54824
0.37491
0.36652
0.32968
0.39065
0.40385
0.45243
0.44652
0.44304
0.36032
0.48257
0.4639
0.41969
0.43648
0.44014
0.43012
0.41546
0.42224
0.53835
0.7238
0.76077
0.71239
0.45453
0.3679
0.36398
0.3654
0.35141
0.88396
0.59793
0.52165
0.60979
0.44232
0.80552
0.80326
0.76509
0.8393
0.74872
0.68559
0.51805
0.2608
0.28046
0.27373
0.24034
0.21
0.19577
0.18257
0.1819
0.19342
0.36976
0.36338
0.42961
0.65438
0.54853
0.35442
0.4407
0.46108
0.50544
0.41898
0.52597
0.60741
0.57087
0.60454
0.59986
0.46671
0.31772
0.27131
0.28661
0.57206
0.67019
0.63868
0.78077
0.7862
0.76907
0.74564
0.73635
0.73477
0.74029
0.69096
0.63378
0.69902
0.5628
0.44831
0.3824
0.48163
0.77319
0.43497
0.37697
0.30528
0.27099
0.25962
0.24614
0.34327
0.53032
0.59699
0.56259
0.51389
0.4954
0.48431
0.44385
0.42675
0.43702
0.38224
0.29105
0.31484
0.28519
0.27162
0.32357
0.50296
0.52938
0.48669
0.68623
0.72698
0.7105
0.62045
0.5402
0.38821
0.29105
0.3096
0.28478
0.29201
0.53869
0.64445
0.53818
0.44752
0.38776
0.5698
0.77347
0.78619
0.79895
0.80211
0.80684
0.80866
0.80704
0.57186
0.50078
0.63431
0.68321
0.67412
0.62532
0.60613
0.58022
0.73229
0.80461
0.81621
0.82183
0.82608
0.82087
0.81792
0.81056
0.78653
0.76754
0.74091
0.74229
0.74573
0.73252
0.65044
0.52221
0.52434
0.71497
0.72418
0.68905
0.71558
0.59962
0.57901
0.50106
0.4263
0.35243
0.31686
0.30486
0.29913
0.3166
0.30071
0.30429
0.27696
0.2385
0.21844
0.21726
0.20968
0.38297
0.75134
0.55503
0.43546
0.38828
0.39066
0.41735
0.41189
0.39178
0.36625
0.3856
0.555
0.66625
0.7637
0.74961
0.7628
0.77783
0.78468
0.78687
0.78678
0.77596
0.7657
0.76139
0.75628
0.74682
0.73342
0.73192
0.73668
0.59397
0.68813
0.66955
0.54694
0.33243
0.26205
0.24991
0.25453
0.28607
0.45366
0.55889
0.57531
0.56057
0.55618
0.59463
0.62614
0.5982
0.51842
0.46691
0.4796
0.5164
0.50285
0.44597
0.40025
0.43362
0.35316
0.49305
0.41685
0.25343
0.16028
0.22727
0.3663
0.383
0.40012
0.41155
0.46766
0.40419
0.26396
0.24949
0.26061
0.24901
0.19074
0.20623
0.27899
0.33699
0.36749
0.46321
0.47183
0.48275
0.44704
0.42023
0.32332
0.34803
0.30772
0.30393
0.34023
0.39168
0.49671
0.58263
0.72235
0.76191
0.75982
0.75506
0.67682
0.55382
0.41218
0.35531
0.27531
0.27128
0.25186
0.31392
0.43816
0.6728
0.65962
0.60995
0.56499
0.58875
0.6116
0.6109
0.62095
0.6076
0.57867
0.63108
0.59651
0.60126
0.57251
0.54398
0.53153
0.5021
0.46444
0.45509
0.43181
0.49883
0.5799
0.55298
0.53758
0.55712
0.60208
0.62361
0.61178
0.61164
0.62124
0.63359
0.6239
0.63734
0.65997
0.70099
0.71666
0.72782
0.72954
0.73143
0.72934
0.74993
0.7213
0.71797
0.73238
0.73858
0.74484
0.75076
0.7571
0.74692
0.7405
0.71976
0.71134
0.70156
0.69195
0.72885
0.70433
0.71767
0.67949
0.62644
0.36084
0.25815
0.25944
0.25915
0.30383
0.50272
0.47896
0.44026
0.43059
0.41393
0.43596
0.48869
0.49571
0.55396
0.52443
0.58544
0.58259
0.58776
0.61378
0.6375
0.64397
0.60195
0.56823
0.53401
0.53129
0.52541
0.50721
0.48536
0.53814
0.52299
0.51031
0.60268
0.58775
0.55084
0.52768
0.51537
0.53138
0.54145
0.55497
0.64893
0.30982
0.40725
0.50451
0.58143
0.49668
0.46659
0.40318
0.32485
0.28674
0.27654
0.2801
0.3275
0.31776
0.29137
0.28367
0.31422
0.33812
0.35425
0.35996
0.3345
0.37451
0.35017
0.33779
0.39895
0.29816
0.57366
0.35131
0.31649
0.26342
0.27932
0.30377
0.31292
0.34087
0.44938
0.49708
0.70645
0.79218
0.81352
0.82454
0.82924
0.82743
0.74957
0.76159
0.62828
0.55179
0.50292
0.42148
0.34148
0.26065
0.22995
0.2298
0.30224
0.37669
0.41007
0.34411
0.29016
0.27597
0.25562
0.27745
0.3108
0.3699
0.36272
0.30073
0.25741
0.25275
0.24695
0.26967
0.26962
0.27526
0.27244
0.25776
0.27706
0.29792
0.30022
0.30264
0.30585
0.29817
0.3159
0.30259
0.2998
0.31083
0.37858
0.4415
0.47481
0.44771
0.51082
0.55133
0.63925
0.89474
0.81967
0.84558
0.84157
0.75928
0.71427
0.70107
0.69058
0.48638
0.34788
0.31264
0.30646
0.29105
0.2609
0.24769
0.25253
0.25413
0.24993
0.26632
0.29916
0.43267
0.61828
0.67262
0.69898
0.78775
0.83253
0.77766
0.64363
0.55338
0.5431
0.49513
0.45235
0.45645
0.41418
0.3721
0.39169
0.40861
0.40033
0.36732
0.36472
0.36544
0.34974
0.36017
0.3535
0.34945
0.34763
0.42992
0.45885
0.44423
0.43645
0.76143
0.76585
0.90688
0.89183
0.88327
0.87482
0.81023
0.59968
0.48814
0.51373
0.56159
0.59527
0.47785
0.34701
0.45369
0.58995
0.75463
0.82425
0.81326
0.8306
0.81908
0.84028
0.83713
0.83361
0.51652
0.41182
0.5924
0.61885
0.62563
0.35951
0.35673
0.30761
0.27864
0.34904
0.4496
0.61954
0.68124
0.70386
0.77508
0.77661
0.65662
0.76804
0.67756
0.5789
0.56711
0.55367
0.52053
0.63212
0.62008
0.62007
0.61043
0.65907
0.67718
0.65929
0.63357
0.6511
0.75635
0.66255
0.68763
0.72158
0.65675
0.6406
0.6492
0.60825
0.60377
0.82257
0.85196
0.8136
0.84362
0.84443
0.83972
0.84029
0.84902
0.86892
0.83569
0.87093
0.78553
0.56873
0.44236
0.44445
0.57184
0.70126
0.75583
0.78295
0.65916
0.43613
0.49777
0.51072
0.59976
0.6149
0.70065
0.67741
0.64239
0.65191
0.78959
0.80671
0.8233
0.82186
0.81587
0.80448
0.78639
0.83205
0.82308
0.84908
0.83509
0.88634
0.8905
0.85875
0.84272
0.77253
0.79009
0.62238
0.42738
0.89138
0.82862
0.88483
0.86937
0.43115
0.35331
0.35744
0.36251
0.47666
0.71033
0.67644
0.72982
0.76463
0.7061
0.81417
0.80909
0.75058
0.7412
0.73425
0.53128
0.54482
0.44345
0.41158
0.37008
0.37265
0.36071
0.40645
0.51929
0.58244
0.41531
0.29518
0.22111
0.31566
0.31775
0.35572
0.37102
0.44039
0.56664
0.58691
0.64601
0.65826
0.64859
0.71406
0.66897
0.58506
0.55087
0.41453
0.37573
0.49278
0.684
0.79682
0.74443
0.38461
0.33698
0.32883
0.31338
0.33716
0.57459
0.86445
0.7227
0.49534
0.45432
0.47832
0.45177
0.67536
0.9125
0.90699
0.89625
0.78589
0.36565
0.34323
0.31346
0.35041
0.687
0.75595
0.5793
0.79071
0.81851
0.64926
0.4173
0.363
0.64814
0.58813
0.73358
0.64832
0.57394
0.51631
0.57901
0.563
0.69226
0.71672
0.6213
0.62159
0.59144
0.58286
0.48599
0.51
0.68508
0.672
0.67472
0.70979
0.69856
0.67475
0.65953
0.6708
0.64473
0.60788
0.53767
0.52919
0.57276
0.64507
0.4959
0.62059
0.62546
0.62529
0.54771
0.49441
0.3599
0.33804
0.47195
0.51692
0.54699
0.5166
0.48308
0.53143
0.55222
0.49211
0.42278
0.48441
0.73593
0.66729
0.52167
0.32724
0.31562
0.51853
0.45284
0.50119
0.44259
0.40017
0.39815
0.28206
0.2516
0.25949
0.23102
0.25594
0.35194
0.36028
0.33956
0.27381
0.2474
0.30307
0.51256
0.52785
0.54163
0.62285
0.5341
0.51254
0.50927
0.50491
0.4247
0.46996
0.49505
0.46667
0.48852
0.50404
0.48175
0.45232
0.45168
0.43888
0.47645
0.53011
0.51035
0.50545
0.47007
0.49029
0.44306
0.39204
0.42871
0.43055
0.49504
0.50575
0.52893
0.58237
0.63982
0.65567
0.69098
0.73329
0.76159
0.69861
0.66128
0.66388
0.63001
0.58617
0.59609
0.65302
0.69133
0.72789
0.75037
0.72105
0.62886
0.59604
0.5897
0.66197
0.75333
0.81701
0.79095
0.72074
0.71865
0.63124
0.62424
0.68609
0.71208
0.70351
0.70424
0.71002
0.68522
0.64522
0.61375
0.58772
0.56302
0.55475
0.56809
0.5664
0.56087
0.53713
0.51842
0.54105
0.53613
0.49887
0.46363
0.42143
0.42422
0.53292
0.5997
0.56598
0.54567
0.5371
0.41294
0.37157
0.37772
0.41257
0.50484
0.58659
0.58343
0.4791
0.41055
0.37682
0.34664
0.36697
0.39804
0.40855
0.39552
0.78466
0.85578
0.94473
0.80489
0.99727
0.98348
1.0007
1.0001
0.99953
0.68599
0.79283
0.78995
0.76059
0.74385
0.67855
0.70352
0.77543
0.82088
0.794
0.83036
0.75926
0.68879
0.67086
0.68133
0.72301
0.76736
0.8274
0.87776
0.82633
0.77171
0.73956
0.79406
0.83182
0.86624
0.89829
0.8085
0.74002
0.67843
0.67324
0.67219
0.61144
0.47396
0.38118
0.35069
0.35074
0.37344
0.40778
0.42233
0.50177
0.41851
0.38211
0.38413
0.39473
0.54698
0.67917
0.6973
0.67104
0.63039
0.61509
0.62323
0.6255
0.61775
0.68585
0.70867
0.70584
0.68963
0.66821
0.6515
0.67206
0.64925
0.62565
0.62711
0.61498
0.58146
0.48515
0.45867
0.54705
0.59356
0.61422
0.66066
0.71782
0.68713
0.58664
0.55915
0.56459
0.59357
0.68407
0.74423
0.78758
0.72948
0.73124
0.71541
0.63191
0.61485
0.64774
0.68773
0.70984
0.67116
0.57055
0.51154
0.51867
0.60331
0.63881
0.56158
0.49427
0.47217
0.62639
0.64178
0.56112
0.60591
0.62596
0.61634
0.61884
0.59805
0.62026
0.68965
0.66702
0.69029
0.63896
0.63407
0.54369
0.53482
0.59885
0.67736
0.73836
0.87938
0.9191
0.80311
0.74028
0.98335
0.99343
0.99524
0.9037
0.69427
0.73884
0.74126
0.63823
0.47136
0.39034
0.52459
0.69533
0.68488
0.66119
0.65873
0.54188
0.51091
0.58939
0.57238
0.70195
0.79263
0.80373
0.93438
0.97492
0.99373
0.98555
0.98285
0.95658
0.94398
0.93188
0.95609
0.98101
0.99294
0.9943
0.98309
0.92684
0.92672
0.94755
0.95496
0.97481
0.98926
0.99378
0.99815
0.93666
0.89148
0.89151
0.85537
0.82328
0.75566
0.65802
0.56136
0.52309
0.55133
0.70843
0.81803
0.82183
0.9857
1.0003
0.99832
0.99737
0.99798
1.0005
0.78928
0.60773
0.52415
0.5562
0.54456
0.55455
0.50797
0.50002
0.5029
0.35512
0.28932
0.26594
0.24012
0.22665
0.3057
0.45427
0.66343
0.73603
0.76523
0.76961
0.72463
0.79314
0.95456
0.97845
0.96014
0.90582
0.84343
0.84964
0.73031
0.58849
0.47216
0.36777
0.36387
0.42634
0.48218
0.74148
0.74437
0.54015
0.67715
0.58278
0.58458
0.57144
0.59202
0.51587
0.46722
0.47529
0.50203
0.52721
0.85882
0.79288
0.94249
0.99962
1.0001
0.98409
0.97114
0.96478
0.96935
0.97438
0.99916
0.99773
1.0003
0.99384
0.94062
0.8967
0.91478
0.93097
0.92404
0.93054
0.87564
0.79123
0.75696
0.79405
0.90988
0.92279
0.94043
0.95303
0.9334
0.83672
0.81296
0.81429
0.82475
0.84494
0.85549
0.85778
0.83686
0.78774
0.79174
0.80025
0.79507
0.73642
0.7227
0.75699
0.76602
0.75097
0.75437
0.77552
0.78197
0.82367
0.83993
0.8151
0.75292
0.65944
0.68583
0.69426
0.71394
0.71137
0.72072
0.74984
0.71997
0.70929
0.67705
0.65098
0.6325
0.67149
0.67696
0.6462
0.62382
0.59386
0.53563
0.49359
0.53751
0.54691
0.51465
0.54103
0.57051
0.58989
0.64235
0.70897
0.72974
0.78163
0.78566
0.79834
0.74597
0.67595
0.61573
0.59103
0.58156
0.525
0.46763
0.50144
0.62005
0.67165
0.75606
0.76358
0.77567
0.85171
0.91531
0.95288
0.95472
0.86565
0.77782
0.75825
0.85376
0.88083
0.85744
0.87402
0.83438
0.74895
0.66729
0.63591
0.62969
0.62474
0.58164
0.5272
0.46281
0.39256
0.35546
0.41511
0.43289
0.43065
0.39765
0.39566
0.36023
0.33401
0.31252
0.39196
0.39917
0.45272
0.53705
0.53813
0.49657
0.43437
0.47104
0.47415
0.43547
0.44636
0.46482
0.42474
0.43045
0.48033
0.44316
0.43384
0.44567
0.49873
0.48711
0.47719
0.48891
0.48794
0.50161
0.50885
0.52627
0.50866
0.53259
0.55904
0.53679
0.50185
0.47178
0.45605
0.47532
0.50915
0.52775
0.54298
0.52482
0.49461
0.48309
0.51648
0.53508
0.58079
0.59496
0.61137
0.61461
0.62919
0.61439
0.63004
0.69942
0.66022
0.61169
0.54817
0.51934
0.49789
0.4905
0.5342
0.60514
0.65105
0.66681
0.65871
0.62699
0.68559
0.6281
0.65938
0.75623
0.77873
0.79114
0.81998
0.78148
0.72117
0.64667
0.67514
0.73099
0.67824
0.5965
0.79357
0.80693
0.8653
0.85539
0.86088
0.8606
0.90198
0.94255
0.96783
0.97434
0.94784
0.91924
0.8972
0.90872
0.85723
0.8479
0.85523
0.78892
0.73713
0.73448
0.75656
0.71546
0.7137
0.73835
0.72188
0.7079
0.69538
0.7396
0.81767
0.82818
0.98479
0.9676
0.9338
0.89703
0.85434
0.7745
0.71065
0.63895
0.58007
0.50231
0.54424
0.6029
0.64438
0.7284
0.80108
0.88393
0.97057
0.96141
0.95099
0.92287
0.91896
0.92944
0.94648
0.9829
0.97439
0.9824
0.96451
0.92966
0.86848
0.8471
0.85278
0.82938
0.81475
0.80893
0.72447
0.74075
0.74163
0.71894
0.69161
0.6948
0.78311
0.80712
0.78182
0.77226
0.75521
0.79507
0.81587
0.88534
0.89438
0.85201
0.60767
0.65359
0.61612
0.52777
0.58446
0.57908
0.60963
0.50005
0.38087
0.30709
0.285
0.28843
0.30976
0.32803
0.42035
0.57551
0.70631
0.76298
0.78706
0.91316
0.85805
0.68438
0.67237
0.61193
0.59294
0.53788
0.48992
0.46708
0.4817
0.56105
0.558
0.43095
0.38535
0.31958
0.41696
0.58028
0.58066
0.63812
0.66822
0.69057
0.8347
0.88226
0.86391
0.98411
0.98098
0.97316
1.0007
0.92241
0.99989
0.99791
1.0005
0.99837
0.99181
0.988
0.99764
1.0005
0.99961
1.0008
0.98656
0.9822
0.96584
0.98843
0.9993
0.99754
0.99101
0.94572
0.96464
0.88562
0.83398
0.84763
0.85363
0.83595
0.91135
0.86258
0.92259
0.9424
0.98751
0.98542
0.99098
0.9923
1.0004
0.9999
0.98895
0.98474
0.98921
0.97425
0.96211
0.90521
0.83638
0.86125
0.70009
0.72036
0.66255
0.67654
0.71534
0.83941
0.9135
0.94374
0.98931
0.99909
0.99838
0.88164
0.95758
0.97241
0.86281
0.78417
0.7154
0.69268
0.63663
0.63414
0.79378
0.68558
0.33473
0.4328
0.61135
0.51738
0.48681
0.4213
0.28465
0.30125
0.27485
0.30442
0.37245
0.26076
0.40979
0.42968
0.32058
0.29971
0.37877
0.39761
0.38049
0.42931
0.55928
0.74462
0.97056
0.95559
0.9169
0.93277
0.99393
0.85016
0.87671
0.84569
0.79522
0.81768
0.6963
0.73589
0.75631
0.82187
0.98616
0.97493
0.96233
0.93048
0.93144
0.98881
0.97205
0.97552
0.97896
0.99958
0.99804
0.99787
1.0003
0.99885
0.99858
0.97072
0.9769
0.99723
0.9836
0.97274
0.96027
0.95549
0.89828
0.86931
0.90107
0.94385
0.93943
0.94323
0.92021
0.86475
0.82369
0.79618
0.77794
0.77031
0.72228
0.73344
0.65501
0.62755
0.63162
0.61227
0.61553
0.57803
0.47387
0.72455
0.717
0.72494
0.77835
0.92239
0.97086
0.99879
0.98323
0.91636
0.85621
0.90847
0.94172
0.9099
0.88285
0.87731
0.8817
0.87635
0.94601
0.96922
0.99931
1.0005
0.99933
0.99809
0.99901
0.99781
0.91177
0.77247
0.64589
0.73368
0.63556
0.49787
0.43895
0.40692
0.36268
0.31747
0.29228
0.3178
0.5842
0.59203
0.48526
0.58535
0.43148
0.53284
0.76599
0.68895
0.88089
0.96447
0.96102
0.94111
0.94817
0.99713
0.95933
1.0002
0.99912
1.0006
0.9982
0.98604
0.96754
0.9977
1.0001
0.98808
1.0004
0.99754
0.98185
0.95846
0.91013
0.8736
0.85468
0.75523
0.72289
0.69319
0.64833
0.59601
0.39057
0.33734
0.39319
0.41475
0.41442
0.35062
0.35833
0.52024
0.43886
0.37662
0.34199
0.39885
0.37439
0.5237
0.50863
0.46436
0.40254
0.37043
0.37644
0.43833
0.52205
0.55694
0.77576
0.81165
0.80701
0.70885
0.75448
0.81967
0.87976
0.84075
0.8548
0.5923
0.59562
0.50414
0.47723
0.46659
0.51168
0.51786
0.51074
0.44844
0.43019
0.38616
0.3667
0.46863
0.67241
0.9938
0.98585
0.94096
0.87096
0.94147
0.93926
0.88876
0.80152
0.72577
0.69057
0.61351
0.47523
0.6507
0.76094
0.74533
0.97314
0.99945
0.99831
0.96839
0.96159
0.99757
1.0002
0.93117
0.91863
0.98796
0.99732
0.99748
0.996
0.97537
0.94812
0.94298
0.9114
0.81527
0.79036
0.72381
0.75293
0.78261
0.77538
0.95163
0.98836
0.9406
0.85219
0.65845
0.45974
0.41868
0.58678
0.5665
0.59085
0.50638
0.46097
0.36954
0.34148
0.3581
0.31549
0.3136
0.30392
0.29647
0.27579
0.28721
0.32472
0.32828
0.29039
0.35388
0.34776
0.38542
0.43408
0.50882
0.57848
0.52992
0.65841
0.51187
0.41229
0.51516
0.52441
0.48871
0.46686
0.45084
0.43233
0.45213
0.4684
0.49983
0.49267
0.5117
0.51944
0.54587
0.47326
0.49296
0.55238
0.64342
0.99767
0.99818
0.99961
0.99951
0.99958
0.9976
0.98318
0.98154
0.97249
0.97702
0.93861
0.91537
0.90661
0.84036
0.74484
0.58484
0.45602
0.38495
0.37057
0.35272
0.35462
0.37794
0.42153
0.64001
0.55951
0.4289
0.42049
0.37146
0.3706
0.45682
0.40717
0.42764
0.3942
0.37002
0.35031
0.31547
0.2762
0.34866
0.35724
0.37517
0.37752
0.41718
0.42132
0.42132
0.48555
0.46161
0.39385
0.33021
0.34953
0.37158
0.48607
0.48299
0.35174
0.34083
0.35377
0.38371
0.40786
0.59932
0.71644
0.64904
0.63862
0.62683
0.64001
0.69527
0.76739
0.73024
0.59118
0.39509
0.26661
0.20508
0.19309
0.18534
0.17442
0.19016
0.19776
0.19361
0.18884
0.3749
0.31144
0.46111
0.81413
0.95065
0.95851
0.96047
0.99087
0.97104
0.96675
0.98643
0.98079
0.84615
0.71454
0.64501
0.67833
0.58817
0.57928
0.46525
0.45493
0.48201
0.5121
0.47287
0.56797
0.69082
0.95529
0.96788
0.96071
0.89714
0.70033
0.59369
0.65075
0.57825
0.57719
0.53228
0.53947
0.56227
0.45906
0.42608
0.42163
0.39992
0.36828
0.35004
0.32783
0.29534
0.28006
0.27146
0.24322
0.2248
0.23276
0.19843
0.16033
0.16892
0.18683
0.21617
0.23509
0.27051
0.27709
0.30276
0.33681
0.36157
0.3562
0.37903
0.41529
0.3833
0.44382
0.49369
0.49866
0.46418
0.67935
0.58133
0.58019
0.57415
0.77277
0.81567
0.8974
0.94133
0.75386
0.74635
0.65079
0.61637
0.66408
0.67194
0.64234
0.6841
0.66921
0.64846
0.71856
0.87533
0.78018
0.75312
0.73563
0.69982
0.58505
0.59541
0.68797
0.66742
0.59017
0.61224
0.57916
0.69909
0.70495
0.57121
0.45148
0.43888
0.40444
0.33466
0.33115
0.28461
0.24912
0.23486
0.23345
0.22403
0.24459
0.33307
0.28138
0.24911
0.3117
0.28997
0.27488
0.2855
0.26399
0.25262
0.25937
0.25084
0.22925
0.23437
0.23735
0.23277
0.18929
0.18173
0.18083
0.24334
0.24756
0.26284
0.29107
0.29487
0.2952
0.28264
0.36222
0.31766
0.3
0.26764
0.25898
0.24265
0.23716
0.24261
0.24393
0.28277
0.26516
0.28294
0.33419
0.50276
0.75155
0.99606
0.99488
0.83858
0.93148
0.95599
0.96687
0.8973
0.94812
0.9671
0.97471
0.97457
0.98223
0.97398
0.8679
0.68596
0.58082
0.54722
0.63715
0.62842
0.9241
0.65445
0.55906
0.46342
0.37556
0.36733
0.38783
0.35866
0.35086
0.32107
0.25089
0.2266
0.21192
0.22098
0.38214
0.29541
0.62864
0.73711
0.57083
0.53478
0.56968
0.56754
0.52619
0.67847
0.54471
0.42966
0.40244
0.38446
0.3631
0.37628
0.43777
0.43738
0.4041
0.42051
0.40865
0.39507
0.37438
0.36886
0.36364
0.33742
0.34062
0.33181
0.32459
0.30024
0.27028
0.43276
0.41234
0.32072
0.33348
0.397
0.48813
0.52341
0.57027
0.61346
0.62377
0.68282
0.72837
0.81625
0.8565
0.81913
0.78137
0.70465
0.68575
0.68066
0.69093
0.64762
0.63161
0.64003
0.66034
0.69849
0.63788
0.57915
0.57091
0.60704
0.62722
0.55853
0.54026
0.50915
0.49334
0.49138
0.48394
0.40279
0.4817
0.42597
0.37328
0.334
0.29436
0.26201
0.21758
0.20474
0.22043
0.20807
0.19046
0.23109
0.35345
0.32809
0.40583
0.45846
0.53011
0.54274
0.55746
0.55996
0.54991
0.55238
0.54254
0.59489
0.82571
0.809
0.73131
0.6846
0.65692
0.66736
0.67194
0.6771
0.70199
0.70145
0.66576
0.59525
0.55829
0.59105
0.55548
0.53989
0.5944
0.7612
0.58792
0.49392
0.67774
0.76916
0.67315
0.53047
0.50019
0.61454
0.70046
0.71494
0.71475
0.69391
0.74914
0.73963
0.77897
0.81843
0.73116
0.74706
0.70185
0.78515
0.83235
0.79853
0.75753
0.77021
0.74732
0.69642
0.65979
0.5893
0.53461
0.44567
0.43738
0.43734
0.40756
0.36587
0.31838
0.29016
0.2746
0.25124
0.24534
0.2463
0.21814
0.2119
0.2365
0.2301
0.18417
0.18632
0.17075
0.16395
0.41313
0.42345
0.355
0.3116
0.31762
0.30689
0.294
0.26462
0.31826
0.52276
0.43999
0.45821
0.46292
0.40097
0.38637
0.39745
0.41471
0.38212
0.39762
0.48088
0.8123
0.85975
0.86094
0.86196
0.8262
0.76989
0.70283
0.68862
0.6444
0.58225
0.4832
0.40126
0.37185
0.35823
0.35415
0.36134
0.33425
0.32641
0.31545
0.30153
0.307
0.30556
0.32026
0.35028
0.35099
0.32859
0.29159
0.27575
0.27627
0.26813
0.28937
0.29274
0.28364
0.27903
0.27619
0.27903
0.25235
0.23957
0.24485
0.1983
0.21637
0.19115
0.31481
0.38469
0.27447
0.26313
0.29385
0.3671
0.37068
0.41612
0.45263
0.50109
0.49415
0.498
0.52172
0.52287
0.51096
0.49783
0.59271
0.58966
0.5739
0.55963
0.43995
0.39509
0.37199
0.30585
0.38429
0.39213
0.30988
0.53814
0.43316
0.40151
0.3498
0.34283
0.3395
0.49731
0.48951
0.86011
0.80209
0.69293
0.41461
0.31337
0.25844
0.22234
0.25173
0.39437
0.4674
0.5078
0.477
0.44277
0.43434
0.43284
0.40801
0.33176
0.26032
0.28573
0.28547
0.27683
0.33694
0.50018
0.50103
0.45069
0.65149
0.89291
0.81434
0.48467
0.3266
0.30529
0.28976
0.28046
0.42063
0.26273
0.29511
0.37008
0.32159
0.36091
0.23802
0.39627
0.3001
0.25764
0.35241
0.37506
0.39583
0.43888
0.49809
0.42359
0.85942
0.8718
0.88241
0.88049
0.87406
0.8619
0.8556
0.84588
0.81563
0.74316
0.78001
0.80262
0.79993
0.80501
0.81226
0.81988
0.81857
0.81157
0.75724
0.75069
0.76111
0.70734
0.67382
0.59016
0.50765
0.58056
0.6543
0.67529
0.68891
0.69688
0.67818
0.67629
0.65217
0.62441
0.69137
0.65712
0.59003
0.59439
0.44907
0.53322
0.58653
0.51962
0.46605
0.41958
0.35442
0.31726
0.31863
0.3747
0.51332
0.61661
0.64862
0.70287
0.71868
0.70147
0.73251
0.56634
0.508
0.39099
0.35487
0.31295
0.32435
0.33788
0.31786
0.30011
0.2863
0.35603
0.36801
0.36206
0.40658
0.36098
0.35922
0.33389
0.27986
0.26977
0.28279
0.32702
0.4927
0.63349
0.69467
0.82976
0.74108
0.73353
0.72654
0.69754
0.6038
0.57176
0.55297
0.56066
0.54498
0.55432
0.57551
0.56159
0.53718
0.50765
0.45499
0.45527
0.32413
0.26923
0.24968
0.24609
0.61128
0.72112
0.72331
0.69442
0.65943
0.63993
0.6109
0.62527
0.61074
0.62877
0.74463
0.86553
0.83628
0.73466
0.75079
0.72485
0.55599
0.37426
0.33908
0.30477
0.28646
0.26203
0.32693
0.3422
0.37067
0.40553
0.93211
0.91939
0.8477
0.68963
0.55287
0.46078
0.40946
0.38463
0.6183
0.90814
0.80548
0.77663
0.84487
0.85269
0.85684
0.85653
0.8555
0.83577
0.82869
0.76006
0.65894
0.62964
0.58553
0.57758
0.69231
0.73539
0.7809
0.59963
0.49666
0.53159
0.49471
0.59377
0.67072
0.44734
0.37208
0.34445
0.33703
0.3509
0.35443
0.35573
0.36658
0.3777
0.37589
0.3276
0.311
0.29392
0.31289
0.32523
0.34695
0.37494
0.37429
0.33415
0.38941
0.34537
0.31521
0.35024
0.33229
0.32069
0.32301
0.32097
0.30263
0.88415
0.87186
0.8547
0.47312
0.47569
0.37302
0.40378
0.45132
0.55032
0.58885
0.52186
0.77025
0.80753
0.81707
0.68623
0.3566
0.28233
0.2914
0.33185
0.33468
0.31564
0.2803
0.24747
0.22622
0.1907
0.2293
0.43655
0.59394
0.67292
0.69493
0.74806
0.77629
0.8116
0.81786
0.49135
0.42351
0.36282
0.34686
0.34808
0.34365
0.33433
0.3158
0.29546
0.34419
0.31704
0.32568
0.33783
0.33223
0.40865
0.40928
0.48565
0.60685
0.68929
0.83476
0.9537
0.80787
0.80723
0.75088
0.80049
0.81363
0.80521
0.66865
0.73894
0.6986
0.59821
0.57874
0.60785
0.65226
0.61738
0.64482
0.67546
0.60496
0.54852
0.44587
0.35472
0.30889
0.31256
0.27306
0.28995
0.36408
0.36867
0.41588
0.35119
0.32058
0.29572
0.26505
0.26729
0.27728
0.39171
0.47761
0.52813
0.51508
0.55851
