0.70597
0.5849
0.47878
0.45973
0.45527
0.45233
0.46055
0.4593
0.46702
0.47605
0.50453
0.5024
0.50815
0.55488
0.84707
0.58442
0.55871
0.59142
0.57575
0.5808
0.52439
0.45794
0.46733
0.45097
0.42245
0.46438
0.46717
0.48244
0.48853
0.57208
0.84809
0.83222
0.83641
0.81982
0.65376
0.69528
0.56657
0.5005
0.46114
0.42985
0.41819
0.40266
0.38538
0.40036
0.44798
0.4532
0.4665
0.46399
0.45339
0.39475
0.47136
0.48251
0.52126
0.53453
0.53175
0.89136
0.86722
0.8523
0.8367
0.78847
0.6847
0.81552
0.81492
0.79053
0.76751
0.74503
0.66467
0.65751
0.62987
0.55341
0.48659
0.46211
0.44622
0.45118
0.471
0.46872
0.55443
0.66222
0.67957
0.62701
0.53084
0.46227
0.39925
0.37864
0.36404
0.34239
0.34614
0.3465
0.3345
0.23953
0.20897
0.49247
0.50139
0.51057
0.5242
0.48349
0.4611
0.42284
0.37262
0.35266
0.39704
0.41617
0.41157
0.40617
0.39083
0.49662
0.60888
0.6366
0.62533
0.63907
0.63009
0.60078
0.51366
0.52196
0.56649
0.55243
0.50172
0.46778
0.41246
0.37504
0.35715
0.43905
0.42938
0.41806
0.41171
0.37553
0.34321
0.35672
0.39589
0.42161
0.50448
0.56023
0.68548
0.77409
0.78519
0.78707
0.74561
0.51151
0.43113
0.39701
0.31878
0.33002
0.30002
0.30364
0.28465
0.33513
0.30173
0.29618
0.32578
0.33057
0.333
0.38096
0.44479
0.58091
0.70443
0.72151
0.6437
0.54744
0.52483
0.46243
0.44112
0.42531
0.4378
0.44081
0.4599
0.3848
0.33314
0.42303
0.33703
0.4319
0.44603
0.45998
0.49788
0.51934
0.44216
0.39985
0.38774
0.30529
0.30971
0.35179
0.34153
0.33123
0.31336
0.34796
0.31896
0.3128
0.33935
0.35515
0.30072
0.2977
0.36473
0.43067
0.73109
0.74988
0.7398
0.72156
0.68251
0.64708
0.54071
0.53099
0.53411
0.54955
0.53969
0.45204
0.45965
0.48796
0.49773
0.49754
0.47355
0.4742
0.47261
0.48664
0.47721
0.49823
0.49456
0.49225
0.48494
0.49187
0.49954
0.48294
0.49834
0.64366
0.44112
0.73104
0.78742
0.69247
0.54465
0.54807
0.50015
0.44689
0.36123
0.32607
0.36256
0.4285
0.48724
0.50326
0.52112
0.77729
0.75516
0.56129
0.43736
0.35723
0.29507
0.32108
0.3127
0.41516
0.47829
0.56623
0.61289
0.45924
0.49432
0.63249
0.56574
0.49003
0.48167
0.43924
0.39475
0.39056
0.39449
0.40883
0.409
0.39479
0.45699
0.42255
0.496
0.48167
0.49891
0.52663
0.55684
0.59676
0.65137
0.59725
0.56853
0.5536
0.54533
0.56046
0.56519
0.56674
0.5559
0.61591
0.56054
0.5707
0.48535
0.45669
0.43351
0.41685
0.39736
0.3801
0.37558
0.37154
0.43007
0.46516
0.45866
0.4424
0.48598
0.48696
0.50166
0.79506
0.82069
0.68963
0.61236
0.52435
0.5158
0.55334
0.83347
0.80402
0.79097
0.79471
0.79187
0.77819
0.77057
0.75493
0.78497
0.76152
0.6274
0.43815
0.41707
0.43312
0.48133
0.52986
0.72188
0.71134
0.6756
0.61689
0.64256
0.51867
0.44883
0.42394
0.41126
0.3926
0.3665
0.35044
0.34365
0.32622
0.33207
0.31328
0.27632
0.30978
0.30724
0.28998
0.27199
0.21237
0.26418
0.39059
0.351
0.33601
0.32073
0.31382
0.30513
0.3019
0.28232
0.36745
0.3335
0.36602
0.34901
0.33334
0.30747
0.26393
0.25578
0.25098
0.2551
0.25003
0.2403
0.27312
0.24742
0.25216
0.33677
0.3417
0.35387
0.36774
0.40048
0.42837
0.45518
0.5275
0.44316
0.40277
0.37583
0.3453
0.32472
0.32029
0.20113
0.23624
0.18851
0.16516
0.13511
0.22283
0.28248
0.32194
0.31402
0.35535
0.36854
0.34179
0.25536
0.28133
0.34287
0.50244
0.50118
0.50797
0.52421
0.84029
0.64035
0.81689
0.80186
0.78752
0.64942
0.46115
0.43874
0.42981
0.42103
0.41157
0.40952
0.37302
0.37195
0.38333
0.4192
0.45143
0.40188
0.36362
0.36369
0.32958
0.30619
0.31597
0.35322
0.35866
0.33349
0.30108
0.24092
0.29477
0.35319
0.36096
0.35673
0.33693
0.19646
0.12278
0.10568
0.39974
0.70944
0.88279
0.88487
0.87989
0.72647
0.57936
0.74563
0.51277
0.51589
0.48107
0.43019
0.47274
0.49947
0.51194
0.58267
0.70481
0.74792
0.81451
0.80859
0.55264
0.5403
0.50616
0.48337
0.59968
0.8078
0.90442
0.91225
0.91458
0.91624
0.91787
0.9224
0.92183
0.9235
0.91185
0.89068
0.89711
0.90993
0.93242
0.93531
0.93676
0.93379
0.93259
0.93457
0.9347
0.93061
0.93041
0.93042
0.90542
0.88505
0.86602
0.73362
0.56514
0.43408
0.38938
0.41816
0.39303
0.39337
0.36615
0.34016
0.25373
0.19208
0.22463
0.25316
0.28624
0.54658
0.57974
0.50375
0.44963
0.43826
0.42933
0.43509
0.46587
0.53796
0.85683
0.86264
0.865
0.86583
0.85655
0.80229
0.50927
0.46461
0.4545
0.43603
0.41346
0.39564
0.37577
0.37946
0.3689
0.38149
0.38077
0.3664
0.36219
0.35451
0.34719
0.35936
0.36668
0.37751
0.42262
0.46017
0.4334
0.39671
0.3926
0.39641
0.33285
0.38056
0.40834
0.37171
0.32121
0.33785
0.36986
0.34739
0.35762
0.36334
0.39344
0.47508
0.58411
0.68545
0.8455
0.83962
0.78849
0.57222
0.5437
0.51282
0.47861
0.47784
0.46879
0.47031
0.46127
0.43988
0.43459
0.43722
0.43701
0.45562
0.44783
0.45883
0.4652
0.46414
0.47499
0.50808
0.78242
0.85877
0.85385
0.84385
0.84545
0.85761
0.86521
0.86218
0.85273
0.80824
0.589
0.49367
0.46532
0.42578
0.4019
0.37648
0.34481
0.34857
0.32838
0.33797
0.34241
0.36117
0.37573
0.36366
0.3573
0.34324
0.34009
0.33559
0.33617
0.35812
0.32715
0.28056
0.26111
0.27478
0.26284
0.25044
0.25634
0.27939
0.35782
0.34519
0.29285
0.27652
0.27574
0.30031
0.3009
0.30762
0.30811
0.3158
0.32243
0.32563
0.34224
0.3441
0.3786
0.6643
0.58711
0.54401
0.78138
0.79021
0.75418
0.7318
0.71468
0.72603
0.71382
0.64284
0.59936
0.51764
0.4801
0.39644
0.44484
0.41445
0.37366
0.34451
0.3159
0.3207
0.34111
0.36198
0.3787
0.40926
0.44651
0.49502
0.52191
0.49759
0.46829
0.39907
0.33907
0.29862
0.30412
0.37068
0.36605
0.34041
0.30654
0.30007
0.34728
0.41302
0.41599
0.39739
0.36796
0.35553
0.35438
0.40101
0.4566
0.4621
0.44536
0.42319
0.4084
0.39218
0.39917
0.40098
0.4122
0.41571
0.42968
0.43838
0.38825
0.35496
0.34599
0.35994
0.35867
0.42657
0.45988
0.44951
0.42582
0.42388
0.42691
0.4333
0.49399
0.48299
0.45956
0.38788
0.36157
0.35778
0.34169
0.32228
0.34319
0.34345
0.34793
0.29768
0.22584
0.24401
0.25343
0.27488
0.3623
0.32258
0.36297
0.38391
0.41993
0.44617
0.80596
0.82802
0.84145
0.85962
0.84426
0.78749
0.61175
0.57739
0.57069
0.56868
0.53252
0.51049
0.51564
0.46894
0.42433
0.4095
0.42305
0.41968
0.41034
0.40785
0.40502
0.36292
0.33323
0.33616
0.34512
0.33575
0.34199
0.35403
0.35029
0.31517
0.28485
0.28553
0.30533
0.31265
0.32648
0.36151
0.37997
0.37063
0.32854
0.47391
0.51268
0.46605
0.45452
0.87051
0.88474
0.88119
0.87664
0.87467
0.8772
0.87468
0.86928
0.8679
0.85073
0.83131
0.78867
0.74176
0.58362
0.35883
0.2606
0.1938
0.18323
0.16508
0.13222
0.12266
0.12257
0.15655
0.2137
0.29727
0.31007
0.42082
0.82393
0.79928
0.73055
0.60931
0.5887
0.65059
0.56542
0.52908
0.51418
0.48132
0.47197
0.46823
0.47633
0.52257
0.58236
0.65332
0.63546
0.60509
0.57009
0.56362
0.49992
0.6193
0.62779
0.82861
0.86697
0.74814
0.61578
0.60778
0.59054
0.62574
0.84486
0.85478
0.85486
0.88241
0.89455
0.89826
0.91021
0.92647
0.94256
0.93823
0.9363
0.91991
0.91344
0.90797
0.89304
0.91227
0.9163
0.9123
0.91031
0.91904
0.92084
0.92202
0.93189
0.94108
0.93608
0.92166
0.78592
0.61525
0.59079
0.58674
0.57294
0.54289
0.58088
0.58082
0.9296
0.93504
0.93179
0.9396
0.9481
0.9765
0.97815
0.97963
0.98177
0.96603
0.96158
0.96596
0.97358
0.97691
0.95692
0.95645
0.95695
0.77483
0.59569
0.5133
0.4764
0.45793
0.4391
0.44806
0.40565
0.41958
0.42882
0.40756
0.43486
0.44324
0.43487
0.45377
0.42887
0.45295
0.44701
0.43845
0.45038
0.45268
0.50412
0.51474
0.50828
0.49606
0.46981
0.53393
0.5477
0.88076
0.92708
0.90702
0.91726
0.81688
0.55998
0.51744
0.49496
0.49886
0.89307
0.89118
0.6088
0.4931
0.41749
0.37339
0.35481
0.38624
0.417
0.42324
0.54553
0.56921
0.5803
0.5634
0.53907
0.563
0.59798
0.63746
0.62219
0.56918
0.51061
0.55128
0.55182
0.55039
0.5991
0.70929
0.52562
0.44651
0.40594
0.37919
0.38235
0.40696
0.41179
0.43432
0.44006
0.43911
0.51977
0.56811
0.58543
0.54618
0.60941
0.93706
0.94565
0.93605
0.899
0.85566
0.75201
0.78906
0.83816
0.65796
0.54285
0.62003
0.59103
0.59866
0.55598
0.57341
0.9466
0.94463
0.93672
0.93775
0.93597
0.94321
0.95081
0.94403
0.92604
0.92239
0.92683
0.90985
0.89181
0.8838
0.89201
0.88269
0.8605
0.86856
0.87576
0.86536
0.6841
0.57779
0.6546
0.79484
0.844
0.87975
0.82104
0.77971
0.45898
0.39257
0.34868
0.44577
0.42659
0.37725
0.36838
0.32652
0.26394
0.22025
0.18623
0.19556
0.20241
0.19868
0.19343
0.183
0.20224
0.24504
0.261
0.27308
0.3
0.2811
0.29362
0.30992
0.342
0.33812
0.33902
0.33256
0.33657
0.35097
0.38723
0.38289
0.33209
0.38829
0.42759
0.46221
0.43952
0.47321
0.43862
0.43915
0.44907
0.4575
0.46658
0.62515
0.99211
0.98568
0.83928
0.69281
0.93654
0.97261
0.82105
0.84369
0.96833
0.94669
0.93534
0.91494
0.91166
0.88404
0.85967
0.83196
0.86113
0.78948
0.61642
0.50301
0.53006
0.56504
0.59237
0.60787
0.78778
0.79698
0.62128
0.54892
0.50113
0.21288
0.1041
0.12724
0.15702
0.1646
0.15807
0.25859
0.87102
0.9443
0.96504
0.95656
0.95762
0.91832
0.93653
0.93096
0.91886
0.8402
0.62176
0.61388
0.74423
0.70603
0.6601
0.52854
0.4335
0.4808
0.48265
0.51293
0.50939
0.48092
0.42906
0.33854
0.28851
0.24895
0.32745
0.44351
0.43139
0.51507
0.65177
0.55894
0.54073
0.56332
0.46276
0.64433
0.74835
0.7154
0.76884
0.68551
0.70359
0.74401
0.95833
0.81316
0.94967
0.93646
0.96076
0.9534
0.96564
0.86999
0.75986
0.98472
1.0005
0.99908
0.9979
0.99832
0.9867
0.98314
0.98432
0.95553
0.91574
0.83515
0.8723
0.76095
0.59948
0.56301
0.5572
0.55303
0.53482
0.49241
0.49145
0.64643
0.85821
0.91574
0.92493
0.99981
0.99344
0.99426
0.96845
0.96277
0.9512
0.95284
0.87874
0.9861
0.96973
0.9613
0.97191
0.96878
0.96255
0.86452
0.94526
0.87399
0.78583
0.90967
0.90138
0.9396
0.83765
0.93704
0.89972
0.93041
0.81576
0.82252
0.89485
0.81826
0.68584
0.59888
0.58154
0.61741
0.69097
0.74944
0.86491
0.81232
0.64407
0.60151
0.61262
0.70861
0.69052
0.69617
1.0004
0.97114
0.96423
0.96899
0.83032
0.78024
0.77471
0.9886
0.87982
0.72171
0.65635
0.58974
0.57122
0.62133
0.64778
0.6217
0.63356
0.52662
0.46223
0.48761
0.56449
0.5736
0.50396
0.48271
0.5741
0.62317
0.9732
0.99931
0.98266
0.95637
0.96123
0.96987
0.95043
0.8613
0.86148
0.63222
0.66396
0.80835
0.87383
0.92038
0.96728
0.94823
0.83943
0.72305
0.6968
0.72569
0.89696
0.97396
0.90895
0.9341
0.6825
0.49253
0.50972
0.68588
0.6384
0.58241
0.61913
0.59575
0.52298
0.52412
0.53149
0.56967
0.57546
0.55031
0.54173
0.60255
0.57701
0.56276
0.55147
0.49465
0.41919
0.46017
0.40913
0.98352
0.99102
0.99428
0.96957
0.8404
0.83053
0.89013
1.0014
0.98246
0.9632
0.96795
0.91676
0.91839
0.94509
0.99771
0.99558
0.8924
0.75496
0.56472
0.57827
0.58039
0.53332
0.52519
0.4918
0.47605
0.57612
0.99745
0.99803
1.0001
0.95369
0.82342
0.67698
0.69664
0.56134
0.48982
0.47241
0.41279
0.39684
0.38386
0.38378
0.38892
0.415
0.40373
0.41162
0.39656
0.36279
0.33482
0.34144
0.36769
0.36715
0.40215
0.43388
0.47152
0.52947
0.63922
0.69324
0.67633
0.659
0.6521
0.62636
0.60945
0.60807
0.59455
0.6138
0.63736
0.66404
0.63141
0.60887
0.61522
0.69801
0.59238
0.5203
0.45965
0.44316
0.44564
0.46556
0.44495
0.4498
0.42484
0.40589
0.38813
0.36054
0.35826
0.38183
0.47253
0.59384
0.68565
0.91833
0.98873
0.99018
0.9845
0.99385
0.9752
0.93513
0.98362
0.85904
0.66021
0.74379
0.93158
0.97443
0.99717
0.99902
0.92044
0.99798
0.99963
0.9975
0.99967
0.81355
0.77918
0.75146
0.82599
1.0001
0.99499
0.9849
1.0002
0.98376
0.99014
0.97984
0.98101
0.96061
0.78446
0.72897
0.57387
0.63257
0.6475
0.6802
0.67636
0.76497
0.56296
0.46195
0.46337
0.55389
0.56617
0.57577
0.5116
0.57538
0.53043
0.50121
0.45961
0.48884
0.52134
0.53676
0.55024
0.54067
0.50541
0.54839
0.5043
0.48776
0.45446
0.44193
0.44352
0.43528
0.43487
0.48669
0.53608
0.55153
0.49002
0.47546
0.49915
0.61101
0.59783
0.71362
0.78059
0.76226
0.65627
0.64034
0.51588
0.52825
0.57909
0.56996
0.57458
0.54697
0.61112
0.71738
0.87386
0.93729
0.82304
0.68373
0.60998
0.53579
0.45875
0.4178
0.41507
0.4783
0.51597
0.49453
0.50419
0.48106
0.41959
0.42139
0.38656
0.36082
0.35653
0.37238
0.36903
0.35361
0.34131
0.3119
0.28844
0.32714
0.437
0.48299
0.4884
0.51209
0.42341
0.49495
0.53091
0.36732
0.40364
0.40408
0.43763
0.55334
0.49206
0.50828
0.5152
0.45025
0.45502
0.45896
0.50041
0.47956
0.45704
0.45877
0.46996
0.46151
0.42111
0.40936
0.46615
0.53561
0.41454
0.37903
0.39075
0.29498
0.31818
0.3372
0.32716
0.35457
0.38431
0.39657
0.39021
0.38647
0.39898
0.40331
0.39843
0.38634
0.37843
0.36816
0.3624
0.36808
0.37278
0.39319
0.39613
0.41702
0.4125
0.41602
0.4047
0.39738
0.35568
0.32926
0.32391
0.32684
0.33454
0.36705
0.40664
0.45806
0.52321
0.66845
0.67457
0.68403
0.66685
0.6348
0.62415
0.63436
0.61298
0.59564
0.63368
0.6529
0.6793
0.71141
0.7556
0.82296
0.89009
0.84897
0.83347
0.85122
0.81428
0.84806
0.8601
0.73663
0.67904
0.62416
0.58224
0.52071
0.46195
0.43977
0.40812
0.41204
0.44803
0.43838
0.40524
0.40618
0.38568
0.40586
0.43499
0.44257
0.43174
0.48078
0.46994
0.48228
0.48157
0.48633
0.48588
0.52195
0.59558
0.6369
0.6185
0.60977
0.59798
0.56908
0.56204
0.54153
0.53607
0.61094
0.61158
0.57004
0.54114
0.55344
0.54308
0.52574
0.53822
0.5403
0.50472
0.49072
0.49401
0.49718
0.51642
0.5346
0.55627
0.56976
0.52855
0.51242
0.50882
0.52791
0.54859
0.57533
0.66008
0.55961
0.52432
0.54173
0.52293
0.53455
0.53968
0.5788
0.63146
0.63071
0.64675
0.67232
0.68023
0.66887
0.76115
0.60277
0.64116
0.64354
0.74332
0.84351
0.86718
0.87961
0.92852
0.95763
0.96482
0.83981
0.89827
0.91998
0.97242
1.0007
0.99774
0.99785
0.99904
0.99802
0.99863
0.99894
0.99923
0.99921
0.99756
0.99861
1.0006
0.89812
0.9345
0.8519
0.75297
0.61418
0.49083
0.4743
0.43365
0.41675
0.40222
0.39081
0.405
0.4138
0.42532
0.44852
0.47966
0.51592
0.51009
0.47782
0.49907
0.44148
0.36162
0.36287
0.41089
0.3598
0.4583
0.81103
0.96294
0.98881
0.99972
0.95728
0.85755
0.83622
0.85073
0.83158
0.8065
0.75369
0.73755
0.78055
0.76398
0.70209
0.6405
0.57036
0.51498
0.44953
0.46117
0.45102
0.45147
0.4561
0.44885
0.4342
0.39762
0.3874
0.40124
0.39478
0.37021
0.3526
0.32955
0.31055
0.29064
0.2779
0.28471
0.29238
0.27605
0.27436
0.26699
0.2568
0.27234
0.27098
0.29037
0.34459
0.38401
0.40193
0.40199
0.36908
0.31562
0.31215
0.34883
0.30938
0.35542
0.37071
0.34966
0.34121
0.36042
0.35187
0.44751
0.48714
0.52309
0.53836
0.54763
0.55443
0.55525
0.58361
0.58932
0.59335
0.58365
0.61578
0.53976
0.50323
0.46635
0.47732
0.47532
0.4533
0.50292
0.51092
0.52176
0.52033
0.50167
0.50548
0.52429
0.48994
0.53551
0.47501
0.40635
0.40306
0.39027
0.41564
0.41391
0.46053
0.5164
0.54014
0.6006
0.58648
0.56621
0.53102
0.55099
0.53523
0.54708
0.58987
0.56693
0.52114
0.62602
0.69593
0.73903
0.7128
0.66872
0.61957
0.58411
0.60791
0.61781
0.71414
0.63599
0.67773
0.80142
0.81541
0.88406
0.85135
0.95776
0.94733
0.94432
0.88296
0.81614
0.59209
0.53359
0.49506
0.4623
0.44111
0.46462
0.45003
0.44978
0.453
0.4395
0.40264
0.412
0.40441
0.39102
0.44584
0.51573
0.53383
0.57783
0.59629
0.76539
0.67882
0.58944
0.54
0.54213
0.50106
0.51454
0.60259
0.78387
0.83433
0.77493
0.72276
0.62523
0.58704
0.63113
0.51472
0.53643
0.74313
0.75467
0.94059
1.0005
0.99719
0.99338
0.96899
0.9981
0.7608
0.99664
0.99849
1.0003
0.99364
0.9821
0.89494
0.81794
0.88265
0.91269
0.9538
0.88301
0.86852
0.80082
0.74666
0.72954
0.77599
0.68567
0.63596
0.6534
0.78134
0.82067
0.67696
0.60568
0.58297
0.5613
0.54942
0.49919
0.50149
0.59827
0.59422
0.61425
0.63253
0.60962
0.61484
0.61281
0.56841
0.49688
0.44351
0.42598
0.43267
0.45997
0.44017
0.44951
0.43238
0.4096
0.38373
0.38197
0.38471
0.37668
0.36066
0.34331
0.34234
0.39878
0.43604
0.45024
0.46122
0.46863
0.50891
0.46374
0.5162
0.49932
0.50508
0.50378
0.48514
0.47323
0.45629
0.44562
0.44351
0.42022
0.41565
0.42754
0.44748
0.44754
0.4906
0.49655
0.52075
0.51376
0.48462
0.41237
0.43452
0.39831
0.35795
0.33159
0.33459
0.33032
0.31606
0.33049
0.34694
0.36402
0.38768
0.48532
0.56199
0.56651
0.60269
0.56662
0.59893
0.60407
0.57173
0.53789
0.56394
0.66848
0.58275
0.49329
0.53896
0.66126
0.73878
0.99711
0.99873
1.0009
1.0009
0.99969
0.79962
0.7011
0.62748
0.56181
0.48685
0.41013
0.33873
0.46064
0.69887
0.73275
0.69265
0.62239
0.65597
0.74634
0.83284
0.96703
0.92309
0.98892
0.94181
0.82011
0.59693
0.57171
0.54472
0.5128
0.53186
0.58822
0.57717
0.54981
0.54718
0.54901
0.51847
0.4375
0.40996
0.41197
0.42784
0.45192
0.90884
0.55746
0.53037
0.50526
0.51492
0.53829
0.54365
0.50448
0.45282
0.44623
0.44323
0.44711
0.42764
0.47601
0.56101
0.59612
0.59005
0.61089
0.60455
0.58564
0.65731
0.69744
0.70666
0.87564
0.88357
0.80859
0.73062
0.70032
0.9484
0.99066
0.99855
1.0004
1.0017
1.0002
0.97187
0.99658
0.99973
0.89276
0.85331
0.70168
0.65115
0.46148
0.36065
0.30006
0.33355
0.38125
0.39944
0.40616
0.68982
0.7906
0.93846
0.90607
0.99137
1.0004
0.99539
0.99084
0.98341
0.89814
0.9323
0.7771
0.75395
0.82847
0.62607
0.52941
0.49659
0.50703
0.65169
0.66518
0.64691
0.56028
0.52113
0.50566
0.46602
0.46853
0.54128
0.52022
0.59597
0.86295
0.95514
0.91097
0.79659
0.7059
0.67004
0.61667
0.66126
0.63524
0.58342
0.55556
0.50787
0.43644
0.40772
0.3837
0.37613
0.37798
0.37474
0.3802
0.40478
0.42642
0.4407
0.42082
0.40946
0.38734
0.37964
0.44673
0.47127
0.45221
0.48886
0.51991
0.51797
0.49746
0.55224
0.56102
0.56337
0.58111
0.55832
0.5493
0.44649
0.44913
0.4576
0.44492
0.42666
0.44823
0.47398
0.58755
0.6245
0.93464
0.82723
0.86143
0.85273
0.89609
0.76384
0.54922
0.52873
0.54821
0.38423
0.32671
0.30364
0.33964
0.35179
0.33231
0.3072
0.47196
0.63621
0.79371
0.94175
0.93486
0.88198
0.68192
0.65117
0.63754
0.62631
0.98561
0.70674
0.65695
0.63067
0.6164
0.61954
0.59668
0.61036
0.6456
0.65432
0.85597
0.94761
0.95981
0.84066
0.69091
0.5955
0.53585
0.59029
0.53401
0.50376
0.51783
0.51284
0.5181
0.53391
0.53008
0.50845
0.48455
0.47916
0.46384
0.47626
0.49297
0.49287
0.47973
0.45145
0.43976
0.43655
0.40646
0.37925
0.41228
0.4429
0.45281
0.48675
0.50062
0.50641
0.53827
0.57606
0.56935
0.5739
0.57952
0.58223
0.58322
0.59269
0.59341
0.58511
0.63022
0.93149
0.93887
0.86609
0.6554
0.59806
0.54907
0.54301
0.51614
0.47485
0.44894
0.42944
0.42707
0.42846
0.42927
0.42802
0.42546
0.4418
0.44447
0.45201
0.45804
0.46172
0.45768
0.45868
0.43666
0.4878
0.48663
0.49749
0.50401
0.48546
0.50325
0.50192
0.49088
0.49102
0.48457
0.49434
0.49035
0.47468
0.45682
0.47749
0.48842
0.47088
0.41597
0.44023
0.55106
0.84523
0.86908
0.86429
0.71967
0.62491
0.58163
0.56062
0.50165
0.47615
0.42497
0.42166
0.37627
0.40033
0.44814
0.53526
0.55142
0.62345
0.70027
0.70511
0.87695
0.87101
0.87304
0.86603
0.85616
0.88553
0.78404
0.73932
0.85133
0.84715
0.85964
0.76282
0.80538
0.5811
0.62099
0.593
0.55459
0.55192
0.61599
0.69335
0.80278
0.81298
0.69448
0.54129
0.47878
0.45079
0.41261
0.38158
0.3591
0.39123
0.37646
0.4125
0.44126
0.40194
0.39974
0.37392
0.37056
0.37124
0.35077
0.33524
0.34001
0.32826
0.3082
0.30598
0.31207
0.32262
0.55847
0.57745
0.92999
0.95089
0.98235
0.95102
0.97848
0.7226
0.61372
0.6315
0.63203
0.48505
0.5457
0.75327
0.96662
0.97588
0.97221
0.96819
0.96169
0.95742
0.95013
0.94703
0.94382
0.93298
0.75211
0.58287
0.53074
0.46747
0.39367
0.35885
0.27854
0.27975
0.27873
0.27672
0.30089
0.36106
0.42118
0.46936
0.53536
0.5942
0.6149
0.62742
0.92242
0.9298
0.96235
0.96548
0.96784
0.9614
0.82373
0.72916
0.64322
0.60287
0.5464
0.50035
0.5342
0.58643
0.67097
0.68662
0.69601
0.71236
0.73629
0.75977
0.77108
0.77657
0.79919
0.79811
0.77068
0.7248
0.68387
0.63933
0.55456
0.48481
0.38971
0.32151
0.26343
0.25902
0.28849
0.28863
0.27778
0.27221
0.26753
0.255
0.24032
0.22354
0.25119
0.29805
0.32354
0.33016
0.32409
0.30159
0.33232
0.4273
0.52112
0.57342
0.76181
0.76762
0.79581
0.74348
0.70638
0.72324
0.69418
0.80481
0.70816
0.66916
0.6039
0.59233
0.5834
0.60086
0.59492
0.50686
0.48339
0.4652
0.4643
0.45776
0.45922
0.41703
0.4049
0.37571
0.37016
0.41841
0.41608
0.43569
0.48026
0.4636
0.48782
0.46153
0.4448
0.45065
0.43722
0.43442
0.40282
0.42479
0.42058
0.40446
0.4795
0.66515
0.69528
0.53385
0.6228
0.48728
0.54411
0.60104
0.55687
0.48737
0.47661
0.46872
0.45981
0.41885
0.39279
0.36502
0.34606
0.33675
0.36499
0.38456
0.40104
0.34385
0.50609
0.65707
0.75964
0.79247
0.74215
0.58312
0.53029
0.49646
0.48411
0.46146
0.45514
0.46808
0.49321
0.48917
0.48486
0.41143
0.33958
0.32412
0.31444
0.32826
0.48363
0.49204
0.52615
0.63469
0.59161
0.54741
0.52527
0.54547
0.55478
0.80603
0.75415
0.85782
0.94656
0.96006
0.64822
0.76452
0.94686
0.9388
0.92661
0.91057
0.90072
0.8868
0.86133
0.54495
0.53184
0.89631
0.89285
0.87397
0.87409
0.85216
0.58992
0.56298
0.52869
0.46923
0.38593
0.31625
0.28448
0.32733
0.25795
0.1926
0.18816
0.28471
0.37943
0.55343
0.58104
0.5403
0.48583
0.51465
0.52268
0.40608
0.68605
0.83956
0.8803
0.869
0.88504
0.87794
0.82906
0.82179
0.58404
0.61519
0.74596
0.6031
0.48942
0.39263
0.34906
0.37065
0.43214
0.46692
0.50435
0.47169
0.44203
0.39862
0.78264
0.8387
0.78219
0.56159
0.54494
0.54858
0.51869
0.42266
0.40169
0.45349
0.81415
0.66227
0.45484
0.45004
0.50427
0.45964
0.44818
0.36504
0.37612
0.43008
0.62303
0.77951
0.79358
0.8164
0.74616
0.75277
0.81967
0.85239
0.86191
0.86519
0.8666
0.87161
0.87394
0.83269
0.54083
0.60619
0.88615
0.88765
0.88502
0.49945
0.42637
0.35961
0.3184
0.48025
0.40965
0.31593
0.84106
0.87497
0.87028
0.86151
0.85848
0.85522
0.8405
0.83116
0.83087
0.82561
0.8162
0.7737
0.62128
0.52373
0.51165
0.53641
0.45616
0.43569
0.42689
0.43231
0.33679
0.29376
0.57847
0.66315
0.47038
0.42705
0.47052
0.46998
0.58923
0.78473
0.79197
0.79798
0.80159
0.80253
0.76828
0.53672
0.4858
0.43863
0.39969
0.39669
0.37795
0.45162
0.47311
0.38753
0.34973
0.33398
0.32433
0.35384
0.3653
0.33654
0.36129
0.38056
0.337
0.23555
0.24416
0.29572
0.25771
0.23076
0.36895
0.47754
0.55165
0.54673
0.37876
0.39496
0.38079
0.33319
0.28278
0.31269
0.33043
0.31791
0.30569
0.31367
0.33126
0.31764
0.32529
0.32479
0.34178
0.43787
0.44861
0.42038
0.39561
0.39273
0.40178
0.42366
0.40293
0.40685
0.40295
0.39763
0.41484
0.41849
0.41614
0.40632
0.42102
0.44224
0.48607
0.75203
0.55775
0.51435
0.49334
0.4839
0.46388
0.47182
0.4714
0.44548
0.4135
0.40906
0.40608
0.39663
0.36279
0.35848
0.50321
0.54814
0.51169
0.61049
0.7735
0.63979
0.45236
0.435
0.41286
0.40209
0.36976
0.37176
0.38853
0.39558
0.3847
0.34325
0.34764
0.33681
0.32424
0.38413
0.53157
0.5276
0.39692
0.49423
0.44269
0.4829
0.41432
0.36529
0.35895
0.32265
0.37135
0.51135
0.54939
0.5645
0.50232
0.45948
0.52296
0.49724
0.6995
0.59979
0.49818
0.50062
0.46378
0.50068
0.45515
0.50079
0.48179
0.47715
0.48875
0.41633
0.42922
0.44571
0.54364
0.59421
0.55327
0.53423
0.53679
0.85069
0.83513
0.83587
0.83846
0.836
0.82035
0.77331
0.64254
0.56582
0.53843
0.51728
0.48223
0.46632
0.49565
0.53106
0.66509
0.67843
0.69584
0.64932
0.4935
0.41656
0.34708
0.34663
0.35877
0.24031
0.19126
0.18928
0.16613
0.13118
0.18657
0.22417
0.28202
0.29973
0.23168
0.17688
0.2213
0.42789
0.51276
0.56636
0.54865
0.49864
0.46317
0.43275
0.3929
0.50617
0.62241
0.62202
0.59295
0.87107
0.94586
0.9634
0.95609
0.67928
0.63259
0.96657
0.9626
0.96747
0.8667
0.68334
0.88011
0.82067
0.75687
0.95075
0.94892
0.77232
0.57149
0.43136
0.43352
0.46887
0.53393
0.58371
0.97457
0.98322
0.95054
0.92268
0.93267
0.93417
0.93747
0.93685
0.92817
0.92398
0.92223
0.92067
0.92232
0.92233
0.92482
0.92317
0.8575
0.82849
0.67806
0.6679
0.56502
0.74161
0.90242
0.90771
0.91368
0.86452
0.7318
0.67564
0.73069
0.82798
0.81556
0.81824
0.81288
0.79324
0.75167
0.64137
0.43889
0.33376
0.27003
0.31034
0.29696
0.26923
0.76036
0.80841
0.83713
0.70002
0.52845
0.52415
0.50423
0.59862
0.71354
0.72154
0.7827
0.63929
0.5847
0.5454
0.60953
0.79391
0.82227
0.84269
0.82593
0.80159
0.78618
0.55741
0.65355
0.40876
0.37705
0.44077
0.43919
0.44782
0.42466
0.43123
0.41194
0.38773
0.35393
0.31125
0.28713
0.2796
0.26011
0.29515
