0.26081
0.26955
0.29149
0.29021
0.24718
0.37571
0.53106
0.84003
0.85542
0.85889
0.82616
0.8
0.64206
0.33803
0.28398
0.32582
0.50129
0.3921
0.31603
0.33965
0.40454
0.67419
0.58837
0.48362
0.33451
0.28629
0.30299
0.30495
0.30587
0.30823
0.29896
0.27235
0.25435
0.22355
0.26334
0.32367
0.84456
0.83607
0.81457
0.40361
0.35326
0.3778
0.69266
0.83829
0.71251
0.78279
0.68691
0.66963
0.6882
0.73273
0.75492
0.77898
0.80257
0.81041
0.80791
0.81258
0.81666
0.77712
0.43365
0.50213
0.78302
0.79567
0.56473
0.48334
0.41584
0.30717
0.26268
0.17497
0.22208
0.3459
0.35285
0.55412
0.45836
0.40291
0.28868
0.22542
0.20388
0.19708
0.38309
0.29284
0.26824
0.13145
0.097833
0.1586
0.38186
0.32687
0.27598
0.31305
0.31097
0.34243
0.41215
0.46615
0.50762
0.44793
0.74121
0.86815
0.83826
0.83218
0.82374
0.72439
0.58354
0.48319
0.38604
0.61746
0.69058
0.72273
0.66179
0.64018
0.40197
0.55271
0.58226
0.74771
0.87939
0.86017
0.81021
0.8221
0.83702
0.84404
0.84187
0.85302
0.84619
0.84162
0.80778
0.80661
0.81313
0.81132
0.8091
0.81339
0.72901
0.78307
0.81986
0.81106
0.81608
0.81583
0.81543
0.80502
0.79082
0.7601
0.72392
0.73277
0.62885
0.56598
0.56733
0.57545
0.61165
0.58041
0.54223
0.52325
0.49399
0.44635
0.25357
0.22453
0.2572
0.58852
0.37311
0.71832
0.87626
0.66482
0.64531
0.86655
0.9129
0.77135
0.8866
0.83429
0.75925
0.58106
0.34077
0.52091
0.64059
0.8396
0.82355
0.63921
0.89238
0.92916
0.84936
0.76308
0.84632
0.75514
0.55753
0.57623
0.72935
0.72003
0.72749
0.5871
0.52073
0.59828
0.58629
0.94626
0.9407
0.89976
0.85792
0.9419
0.91852
0.90242
0.88831
0.87407
0.86861
0.86248
0.84392
0.73395
0.66938
0.76792
0.72187
0.74016
0.84497
0.57363
0.54655
0.65784
0.62267
0.80199
0.79642
0.81315
0.81407
0.80979
0.79548
0.78115
0.76245
0.74371
0.68611
0.69758
0.6765
0.64271
0.43249
0.30567
0.28791
0.24779
0.23789
0.22928
0.22658
0.22681
0.22347
0.2636
0.21776
0.24258
0.27004
0.34213
0.44716
0.64112
0.8148
0.85706
0.73221
0.71011
0.65732
0.61056
0.65757
0.72522
0.72075
0.59032
0.54699
0.43163
0.34038
0.41054
0.58058
0.42936
0.45214
0.35056
0.28944
0.32692
0.24715
0.21376
0.27209
0.29763
0.24984
0.20289
0.18623
0.22296
0.19149
0.18312
0.21261
0.26283
0.26986
0.29598
0.2914
0.32012
0.39664
0.29424
0.28048
0.32813
0.30999
0.32139
0.31125
0.29918
0.27996
0.25574
0.28505
0.57944
0.6915
0.79968
0.76839
0.78906
0.73439
0.68423
0.81573
0.79328
0.70254
0.4794
0.41739
0.38391
0.36367
0.29332
0.31246
0.35823
0.34929
0.34736
0.3159
0.28737
0.25384
0.33044
0.26718
0.29675
0.3841
0.60531
0.52306
0.50773
0.34337
0.22813
0.23979
0.24986
0.28476
0.27069
0.27846
0.67432
0.48566
0.30423
0.23993
0.24037
0.2336
0.2315
0.23627
0.23467
0.23785
0.24942
0.22696
0.6294
0.74041
0.76862
0.72619
0.6108
0.76516
0.7737
0.77631
0.78525
0.79861
0.63413
0.51552
0.31697
0.29418
0.29082
0.26066
0.31897
0.32262
0.47177
0.40396
0.44088
0.47504
0.5276
0.50214
0.50827
0.50476
0.51719
0.53226
0.5406
0.50072
0.63809
0.77996
0.79673
0.79593
0.79536
0.79421
0.7445
0.71124
0.51219
0.56787
0.53833
0.41648
0.44198
0.41506
0.29477
0.25482
0.25654
0.23276
0.27172
0.34618
0.33389
0.43997
0.53666
0.51694
0.46561
0.43127
0.46862
0.32552
0.27804
0.27023
0.26053
0.24204
0.22723
0.22424
0.2215
0.2313
0.27221
0.29534
0.31908
0.33639
0.26608
0.24115
0.26167
0.27744
0.28509
0.28273
0.28821
0.33262
0.42484
0.58941
0.86183
0.87608
0.85591
0.62908
0.4936
0.41372
0.34734
0.31622
0.36584
0.34593
0.4243
0.53672
0.5618
0.58679
0.60029
0.5564
0.47648
0.43833
0.46658
0.47481
0.42773
0.44258
0.45728
0.44985
0.40821
0.34615
0.30529
0.36556
0.51607
0.61805
0.5077
0.50022
0.6003
0.52411
0.59186
0.56837
0.53633
0.50327
0.56299
0.501
0.49901
0.45481
0.47936
0.52637
0.47262
0.47589
0.45008
0.42631
0.43055
0.37962
0.33749
0.29727
0.29767
0.33853
0.32318
0.31046
0.36283
0.38767
0.338
0.34293
0.3182
0.2728
0.24985
0.27757
0.29297
0.26715
0.66662
0.81686
0.80169
0.8043
0.75094
0.80187
0.73141
0.6723
0.78008
0.73506
0.74002
0.6965
0.56326
0.53896
0.47862
0.4558
0.4845
0.54329
0.51391
0.51876
0.55434
0.66293
0.7088
0.73843
0.76074
0.76535
0.71998
0.73181
0.73461
0.731
0.69517
0.71042
0.69679
0.71911
0.56304
0.42606
0.33596
0.30603
0.32675
0.31384
0.31806
0.30333
0.26105
0.23631
0.2201
0.20214
0.26047
0.41185
0.3016
0.30173
0.31088
0.35244
0.29766
0.37314
0.48014
0.46585
0.47733
0.4962
0.52827
0.51828
0.53257
0.52557
0.52331
0.51432
0.3778
0.30339
0.29742
0.2586
0.25957
0.27239
0.29828
0.33386
0.41247
0.44717
0.44911
0.42558
0.40812
0.43194
0.43753
0.50487
0.63382
0.74552
0.45793
0.55555
0.84161
0.83918
0.83875
0.79202
0.8162
0.82017
0.81692
0.81158
0.79865
0.79295
0.75863
0.69618
0.69633
0.72314
0.56736
0.51135
0.42297
0.32454
0.29689
0.30461
0.32867
0.32146
0.34797
0.29579
0.25832
0.26606
0.34796
0.40627
0.3325
0.34283
0.29256
0.21074
0.22853
0.3085
0.3742
0.3507
0.31702
0.28578
0.29435
0.38894
0.42852
0.50183
0.48536
0.50733
0.54019
0.53417
0.55661
0.53425
0.56331
0.56403
0.59521
0.57782
0.60072
0.61357
0.59303
0.5694
0.55796
0.50039
0.48526
0.40896
0.37136
0.34414
0.66336
0.7686
0.81341
0.72527
0.82004
0.81497
0.72965
0.66974
0.5936
0.51915
0.41524
0.37419
0.33851
0.29364
0.28338
0.27079
0.27749
0.28092
0.27696
0.29129
0.29646
0.28675
0.27303
0.27053
0.26265
0.2551
0.24143
0.23879
0.232
0.22552
0.21904
0.20683
0.21272
0.21218
0.20866
0.21905
0.21441
0.20358
0.19015
0.18263
0.18239
0.17372
0.18469
0.19974
0.20086
0.20162
0.19386
0.20588
0.21291
0.21768
0.23423
0.35483
0.38429
0.34744
0.27583
0.27239
0.29125
0.29624
0.29652
0.33934
0.41804
0.41968
0.37472
0.34447
0.37001
0.43254
0.46176
0.58505
0.6565
0.59661
0.59648
0.5938
0.65126
0.64178
0.65732
0.71433
0.70976
0.69039
0.67965
0.65399
0.62109
0.60283
0.56346
0.54457
0.50476
0.45992
0.37745
0.34865
0.32873
0.40103
0.44459
0.47731
0.42824
0.42944
0.36757
0.3103
0.3037
0.30856
0.31254
0.32208
0.29099
0.28253
0.27771
0.28812
0.28734
0.26466
0.23866
0.23623
0.2332
0.23614
0.22397
0.22107
0.2708
0.32704
0.38443
0.40539
0.39796
0.38323
0.39247
0.33407
0.31511
0.32248
0.364
0.36722
0.37616
0.40773
0.41652
0.4171
0.42079
0.44086
0.43896
0.44288
0.47989
0.48167
0.47557
0.46953
0.94705
0.94137
0.94094
0.9499
0.94108
0.94587
0.89487
0.72117
0.54322
0.49363
0.4515
0.44398
0.48151
0.49565
0.40721
0.32751
0.32015
0.30902
0.381
0.4478
0.4787
0.55837
0.57465
0.53598
0.55969
0.59613
0.7459
0.94478
0.97195
0.98759
0.98252
0.9615
0.947
0.63238
0.53922
0.536
0.93968
0.93259
0.91901
0.89176
0.8856
0.85874
0.81756
0.86955
0.79108
0.61081
0.39944
0.32956
0.29891
0.29058
0.43976
0.65045
0.57156
0.91504
0.76601
0.69751
0.8345
0.98718
0.97923
0.99772
1.0001
0.98486
0.94729
0.98262
0.98103
0.95165
0.93807
0.85455
0.77852
0.75119
0.70862
0.72833
0.73222
0.78532
0.76955
0.77689
0.77346
0.81057
0.82535
0.72304
0.70537
0.67214
0.65628
0.63817
0.6052
0.83213
0.8748
0.89184
0.63183
0.57764
0.73929
0.72222
0.79345
0.96731
0.8301
0.71242
0.45396
0.40558
0.42269
0.47496
0.46162
0.47668
0.41703
0.34368
0.34064
0.36292
0.40284
0.44501
0.43429
0.42829
0.38531
0.37577
0.45435
0.51466
0.55291
0.97375
0.90913
0.835
0.87115
0.82232
0.71114
0.59966
0.5332
0.53337
0.52218
0.47218
0.39772
0.30897
0.29368
0.30156
0.31504
0.31764
0.31463
0.31234
0.4151
0.39982
0.36356
0.41151
0.44595
0.43599
0.53639
0.64162
0.54678
0.42233
0.39194
0.37986
0.3746
0.36491
0.43592
0.44061
0.51053
0.39219
0.36672
0.39704
0.43851
0.51746
0.49414
0.44831
0.4292
0.37533
0.38585
0.49562
0.5084
0.50352
0.51201
0.56213
0.49708
0.38092
0.42415
0.43131
0.66666
0.87882
0.88039
0.79859
0.67708
0.72131
0.79431
0.79545
0.7441
0.83551
0.89179
0.90015
0.89377
0.90007
0.90187
0.89753
0.8816
0.86668
0.8175
0.78479
0.75533
0.72963
0.68637
0.66962
0.69922
0.81105
0.91897
0.94491
0.94596
0.91466
0.91466
0.90945
0.92295
0.89907
0.90598
0.91027
0.92418
0.9215
0.91089
0.90495
0.92041
0.92417
0.90656
0.89443
0.88819
0.88432
0.87852
0.84049
0.86419
0.88549
0.89902
0.87309
0.86272
0.90087
0.91342
0.93282
0.88802
0.90506
0.90005
0.90391
0.9093
0.81507
0.61392
0.50967
0.5166
0.54834
0.6331
0.66605
0.65689
0.62534
0.71488
0.82876
0.82344
0.91434
0.96337
0.95205
0.9404
0.87355
0.75387
0.64753
0.66094
0.74708
0.77879
0.72975
0.71738
0.69206
0.68641
0.65747
0.64072
0.64894
0.83102
0.85744
0.83206
0.77383
0.68135
0.62419
0.59664
0.57978
0.72471
0.85066
0.89038
0.90374
0.90372
0.9092
0.9215
0.86051
0.90952
0.83242
0.7582
0.72862
0.66724
0.63814
0.77438
0.8856
0.89076
0.87466
0.80287
0.70365
0.73095
0.73919
0.72269
0.70424
0.73505
0.71851
0.74154
0.69187
0.5368
0.4775
0.51003
0.53812
0.60612
0.67267
0.66887
0.62295
0.55045
0.53945
0.63593
0.67613
0.72898
0.7935
0.81169
0.79071
0.76213
0.7663
0.72359
0.76773
0.76282
0.69975
0.65028
0.57643
0.51094
0.51133
0.59484
0.58771
0.56783
0.56489
0.58802
0.59089
0.63843
0.64221
0.6732
0.65766
0.61443
0.56625
0.50702
0.29296
0.24497
0.27561
0.26934
0.2978
0.31626
0.34075
0.32808
0.30477
0.31006
0.32248
0.33788
0.33548
0.36284
0.37021
0.34715
0.34231
0.26575
0.52973
0.46134
0.46285
0.45347
0.47932
0.44931
0.71831
0.53832
0.4227
0.43482
0.4166
0.58906
0.63038
0.71062
0.69692
0.79
0.73154
0.85505
0.91923
0.93214
0.95897
0.99485
0.99798
0.994
0.98598
0.96985
0.97207
0.77404
0.72572
0.76086
0.85515
0.90408
0.86282
0.86813
0.68437
0.59304
0.5634
0.64549
0.7578
0.78796
0.72049
0.69151
0.6019
0.56181
0.581
0.58033
0.60067
0.42231
0.38171
0.35313
0.37312
0.40107
0.4024
0.36784
0.33325
0.31005
0.2877
0.3
0.34305
0.6776
0.78066
0.99888
0.9973
0.98125
0.99542
0.99848
0.99987
0.99985
0.98459
1.0007
0.99772
0.99908
0.99841
0.999
0.99875
0.99785
0.94895
0.88127
0.88595
0.84055
0.77834
0.73112
0.70767
0.70245
0.75266
0.73986
0.96496
0.9742
0.96457
0.95952
0.84105
0.76068
0.68153
0.72798
0.80138
0.50674
0.35288
0.3884
0.49232
0.38107
0.59267
0.62077
0.46764
0.65972
0.59111
0.48206
0.53263
0.57875
0.65923
0.72615
0.79455
0.76112
0.85864
0.83
0.72448
0.68267
0.71708
0.7561
0.718
0.82071
0.66478
0.73511
0.74153
0.69131
0.63072
0.65462
0.51225
0.24627
0.24309
0.24421
0.21624
0.31767
0.34877
0.44928
0.43715
0.31523
0.35301
0.38326
0.45731
0.44293
0.40272
0.38089
0.36552
0.4219
0.42491
0.4261
0.44229
0.44144
0.44722
0.39518
0.46323
0.40332
0.36287
0.38054
0.32601
0.32191
0.37789
0.35912
0.35834
0.3462
0.39558
0.4038
0.45995
0.51898
0.57501
0.59759
0.615
0.59244
0.48605
0.44214
0.39609
0.37664
0.4083
0.52316
0.49121
0.47661
0.46039
0.41092
0.42023
0.39764
0.42619
0.49277
0.52446
0.3985
0.3394
0.47023
0.5179
0.54863
0.62683
0.68383
0.66387
0.70405
0.75248
0.70673
0.67706
0.69868
0.70738
0.79496
0.82647
0.82645
0.85314
0.86609
0.8011
0.71399
0.72425
0.70061
0.79037
0.74966
0.83651
0.82252
0.78116
0.71789
0.68683
0.68219
0.69058
0.51299
0.57003
0.56163
0.4778
0.43233
0.43235
0.37027
0.35999
0.42704
0.42154
0.4268
0.40295
0.45682
0.49576
0.52538
0.53102
0.48882
0.43867
0.40676
0.35534
0.36419
0.36758
0.38529
0.44145
0.45608
0.42656
0.38197
0.32944
0.31008
0.28259
0.25559
0.24939
0.27403
0.24891
0.29281
0.37968
0.52118
0.7112
0.72909
0.74215
0.8184
0.86063
0.83309
0.83283
0.77947
0.69387
0.6797
0.70265
0.6346
0.58419
0.50564
0.52203
0.48527
0.44637
0.47676
0.50243
0.50497
0.51948
0.51871
0.48406
0.4725
0.47506
0.53277
0.57575
0.53531
0.45894
0.38776
0.35626
0.34087
0.33867
0.3608
0.38597
0.43139
0.43448
0.40611
0.38418
0.41777
0.45223
0.44364
0.43992
0.41746
0.39384
0.36569
0.34292
0.33637
0.33694
0.32216
0.33171
0.40602
0.37437
0.36944
0.36487
0.33817
0.34055
0.36065
0.39755
0.38422
0.3642
0.3346
0.31178
0.29597
0.29586
0.30367
0.32018
0.34535
0.34241
0.29242
0.28818
0.29288
0.27082
0.23552
0.23533
0.27769
0.24452
0.22882
0.23865
0.23087
0.2324
0.22439
0.27624
0.34707
0.36214
0.37706
0.46062
0.47479
0.4437
0.46766
0.55726
0.60861
0.64113
0.58181
0.66824
0.73374
0.74066
0.7131
0.69057
0.69413
0.71197
0.68191
0.64212
0.60851
0.57636
0.59611
0.65554
0.68449
0.65777
0.76229
0.74952
0.73641
0.75988
0.82099
0.8523
0.85933
0.8455
0.8506
0.79211
0.76134
0.71667
0.71946
0.68549
0.6516
0.60854
0.53956
0.50889
0.49058
0.50815
0.58728
0.55218
0.6059
0.74947
0.72235
0.73914
0.75831
0.73655
0.77329
0.77244
0.83407
0.84285
0.79197
0.72103
0.65311
0.52713
0.4437
0.44983
0.65417
0.6791
0.60955
0.5222
0.41859
0.42923
0.48708
0.56764
0.62841
0.65875
0.69844
0.69832
0.67978
0.67209
0.72033
0.7335
0.853
0.90449
0.84063
0.79273
0.78387
0.91408
0.99844
1.0008
0.99992
1.0003
0.998
0.98953
0.98124
0.99449
0.92076
0.94627
0.926
0.83782
0.70092
0.63027
0.73587
0.79551
0.91518
0.9353
0.91693
0.90729
0.82995
0.99616
0.99746
1.0009
0.99996
0.92925
0.9593
0.97133
0.99972
0.99869
0.99791
0.99859
0.9532
0.84322
0.69848
0.64708
0.60365
0.56214
0.57527
0.90181
0.99107
0.87326
0.72088
0.6337
0.52396
0.4939
0.42208
0.39123
0.63601
0.69704
0.68674
0.63056
0.72815
0.95363
0.97055
0.89472
0.96414
0.96899
0.98471
0.87927
0.86091
0.77145
0.79365
0.84817
0.86988
0.81673
0.78196
0.75607
0.80273
0.78771
0.79381
0.76547
0.77908
0.778
0.74692
0.8025
0.83987
0.78378
0.72961
0.93775
0.98202
0.96364
0.87336
0.82783
0.73655
0.73303
0.71397
0.76399
0.8246
0.89625
0.94503
0.88802
0.85829
0.78413
0.66737
0.62177
0.73166
0.62793
0.46449
0.3758
0.37668
0.39173
0.33825
0.36812
0.61404
0.60085
0.52424
0.47828
0.50274
0.51893
0.57162
0.55604
0.58279
0.50916
0.58423
0.70539
0.85714
0.94361
0.80935
0.77169
0.85404
0.81578
0.73902
0.72148
0.70451
0.76159
0.7685
0.84517
0.7674
0.75475
0.79236
0.73169
0.81501
0.80643
0.88539
0.88271
0.7891
0.65339
0.70507
0.7927
0.88298
0.74371
0.72341
0.70541
0.72527
0.82557
0.78706
0.79917
0.70264
0.72835
0.773
0.69644
0.62263
0.60919
0.60863
0.84094
0.8403
0.94354
0.93347
0.9154
0.87901
0.74852
0.61834
0.53925
0.59809
0.66516
0.727
0.79959
0.82683
0.8337
0.82037
0.8583
0.9272
0.98317
0.97047
0.89289
0.97426
0.9216
0.7714
0.84055
0.95407
0.89236
0.77896
0.79966
0.92195
0.99775
0.98528
0.99767
1.0006
0.99894
1.0002
0.99977
0.97185
0.92913
0.90826
0.93663
0.95642
0.92141
0.89059
0.86136
0.84815
0.77579
0.75645
0.72885
0.60248
0.56467
0.46492
0.42638
0.46793
0.50083
0.44483
0.43977
0.53687
0.57138
0.53913
0.52075
0.78251
0.86245
0.83358
0.72239
0.78201
0.77168
0.77675
0.789
0.85581
0.95235
0.95224
0.9788
0.99081
0.92281
0.88614
0.79328
0.84974
0.82876
0.71945
0.56798
0.50262
0.45672
0.42809
0.44478
0.51661
0.68191
0.75661
0.80195
0.9162
0.78164
0.96433
0.88764
0.94188
0.92977
0.95805
0.98437
0.97926
0.98324
0.98691
0.9986
0.9712
1.0012
0.99797
0.99829
0.91575
0.82245
0.68885
0.58841
0.53566
0.42322
0.30122
0.2636
0.30173
0.51559
0.53346
0.57321
0.53149
0.6189
0.59646
0.44177
0.48165
0.54404
0.415
0.31072
0.36215
0.41371
0.37919
0.32674
0.44858
0.56209
0.64828
0.49997
0.56276
0.64476
0.49823
0.42145
0.39961
0.38107
0.43708
0.5429
0.71542
0.71955
0.77383
0.84921
0.91718
0.96191
0.87138
0.77921
0.89244
0.95157
0.99632
0.81951
0.87916
0.67532
0.65914
0.58102
0.6982
0.75901
0.78749
0.75968
0.85329
0.90296
0.92804
0.99089
0.99711
0.9702
0.92831
0.92004
0.87803
0.99045
0.99825
0.9993
0.98492
0.95369
0.99707
0.99324
0.98011
0.96149
0.9208
0.90135
0.88177
0.93271
0.90177
0.95036
0.87296
0.95952
0.86599
0.95272
0.9694
0.88452
0.89844
0.94237
0.9587
0.95771
0.99689
0.99962
0.9976
0.99809
1.0007
0.99748
0.99874
0.99881
0.92978
0.99716
0.98764
0.85157
0.85443
0.84775
0.96869
0.82838
0.72604
0.78031
0.78877
0.76752
0.70921
0.7375
0.72585
0.7259
0.71213
0.6503
0.54828
0.36912
0.2974
0.28338
0.26191
0.24003
0.27268
0.24071
0.30144
0.31522
0.25235
0.2299
0.23185
0.23295
0.31723
0.41006
0.74065
0.80294
0.89076
0.9088
0.87276
0.95058
0.91541
0.85806
0.93683
0.78307
0.68159
0.5417
0.72737
0.79912
0.81493
0.81367
0.80797
0.79232
0.79657
0.83143
0.88402
0.87369
0.87109
0.8989
0.93937
0.77893
0.97075
0.79798
0.99173
1
0.95091
0.96419
0.94518
0.99234
0.98448
0.91428
0.94056
0.96135
0.8409
0.82425
0.79643
0.95081
0.94782
0.96439
0.97124
0.85986
0.84391
0.7686
0.76233
0.79794
0.79043
0.70328
0.70057
0.77429
0.74551
0.77098
0.81942
0.705
0.76821
0.7497
0.73758
0.79248
0.80312
0.87902
0.94285
0.97437
0.99465
0.99941
0.9986
1.0003
0.99992
0.99178
0.88203
0.96425
0.79668
0.95721
0.88177
0.87648
0.96018
0.87014
0.83101
0.80247
0.71135
0.59912
0.52452
0.42735
0.43908
0.44985
0.36294
0.35724
0.34613
0.33603
0.30769
0.29679
0.35607
0.3959
0.48047
0.35889
0.36111
0.39648
0.60427
0.71413
0.72407
0.69786
0.5815
0.57512
0.55464
0.47205
0.49284
0.70895
0.7034
0.69911
0.73033
0.44463
0.37434
0.33875
0.29415
0.26137
0.38126
0.53423
0.54264
0.50332
0.54598
0.56515
0.48324
0.33843
0.40561
0.44526
0.26902
0.24983
0.24197
0.19339
0.19649
0.54712
0.79517
0.82917
0.81276
0.90254
0.9359
0.94289
0.94175
0.97602
0.98982
0.9926
0.95863
0.93136
0.92969
0.89174
0.84628
0.82542
0.83424
0.79493
0.68503
0.60435
0.59409
0.45525
0.35101
0.25581
0.2075
0.1929
0.17621
0.1618
0.14881
0.17864
0.20784
0.24465
0.62049
0.79583
0.76577
0.76089
0.76249
0.77436
0.80084
0.81625
0.84477
0.95606
0.93204
0.8901
0.88736
0.90931
0.87413
0.93525
0.99917
0.99707
0.99951
1.0002
1.0004
0.99746
0.99796
1
1.0009
0.99986
1.0006
0.99862
0.97427
0.94466
0.8537
0.84773
0.84938
0.80112
0.70689
0.59519
0.621
0.51325
0.62294
0.55939
0.7076
0.75573
0.8204
0.82862
0.91877
0.84922
0.82273
0.86015
0.91006
0.87663
0.84768
0.8499
0.96092
0.97738
0.81182
0.80856
0.91306
0.87443
0.59313
0.63022
0.58252
0.49455
0.48447
0.44412
0.41221
0.47275
0.47944
0.53686
0.66101
0.88606
0.80254
0.56911
0.50002
0.45467
0.36042
0.44201
0.89885
0.99222
0.9979
0.87021
0.74771
0.74458
0.36513
0.34863
0.38468
0.49919
0.44349
0.43264
0.53084
0.64374
0.6199
0.62582
0.78385
0.8039
0.75825
0.85731
0.96068
0.86792
0.9036
0.89162
0.89453
0.81729
0.70987
0.6733
0.69248
0.87106
0.71886
0.61215
0.40446
0.29025
0.30852
0.26424
0.23924
0.25875
0.24481
0.27061
0.26668
0.24842
0.23408
0.23707
0.32756
0.54137
0.434
0.57947
0.54192
0.59334
0.64712
0.69485
0.65113
0.79838
0.76301
0.69858
0.63882
0.53642
0.42272
0.42161
0.57745
0.64779
0.5726
0.60704
0.62125
0.62419
0.68524
0.72286
0.72955
0.72181
0.67266
0.67924
0.65361
0.59978
0.62021
0.86845
0.62178
0.55879
0.88265
0.63319
0.81528
0.69342
0.7557
0.83341
0.84224
0.75415
0.77312
0.95276
0.94233
0.91076
0.7212
0.6219
0.82608
0.90549
0.88862
0.91471
0.92251
0.92085
0.76813
0.66815
0.60807
0.53154
0.38615
0.34281
0.34758
0.29748
0.21917
0.19536
0.19916
0.18972
0.19525
0.20348
0.20135
0.19321
0.17696
0.14526
0.27226
0.26913
0.27455
0.25948
0.28675
0.22411
0.19937
0.21846
0.25543
0.26587
0.25215
0.26229
0.3343
0.26081
0.3737
0.30985
0.29432
0.29131
0.24315
0.24884
0.21646
0.23558
0.23049
0.21043
0.22562
0.21536
0.22359
0.21814
0.23651
0.27125
0.31394
0.32847
0.34116
0.39322
0.38574
0.39731
0.45079
0.43561
0.35949
0.36517
0.41096
0.39541
0.35679
0.34198
0.36587
0.36462
0.37736
0.40423
0.3935
0.41167
0.46142
0.47598
0.43582
0.423
0.43664
0.39159
0.381
0.36825
0.33736
0.32784
0.31213
0.31862
0.33707
0.35568
0.36932
0.37654
0.36497
0.38287
0.39529
0.38886
0.38803
0.37099
0.36127
0.36888
0.39223
0.53947
0.74749
0.69371
0.96406
0.95249
0.8899
0.85065
0.8112
0.90767
0.91061
0.89784
0.66187
0.62964
0.63061
0.6358
0.62269
0.57091
0.48876
0.42784
0.40504
0.41525
0.40078
0.40146
0.40533
0.39577
0.39473
0.47646
0.41145
0.40746
0.41353
0.4042
0.4429
0.48337
0.47137
0.46853
0.46507
0.50947
0.61613
0.63413
0.60542
0.59596
0.60264
0.70684
0.72282
0.70372
0.73507
0.70418
0.69601
0.71385
0.69065
0.68983
0.67486
0.65399
0.6388
0.54366
0.50451
0.38381
0.36082
0.38367
0.35959
0.34663
0.33341
0.34841
0.3761
0.38623
0.40119
0.39398
0.40002
0.37596
0.35625
0.39887
0.5575
0.84253
0.89046
0.90535
0.90762
0.88821
0.79195
0.52172
0.45019
0.3776
0.32919
0.294
0.26458
0.25265
0.22484
0.23825
0.2352
0.23354
0.23235
0.24173
0.25404
0.28837
0.28734
0.39074
0.4069
0.48535
0.6406
0.89076
0.90806
0.91847
0.91087
0.8843
0.83481
0.7473
0.65148
0.59106
0.71659
0.71296
0.64472
0.44453
0.39
0.35985
0.33225
0.48038
0.86976
0.93358
0.9603
0.97028
0.97044
0.96848
0.93845
0.96586
0.97897
0.95464
0.94534
0.95029
0.91216
0.91432
0.90567
0.91689
0.94355
0.95667
0.96618
0.96561
0.96041
0.94651
0.95369
0.92594
0.90956
0.90242
0.83515
0.90623
0.91972
0.92467
0.924
0.91577
0.90791
0.90055
0.90147
0.8735
0.83647
0.60983
0.40792
0.38904
0.35137
0.31814
0.28551
0.26332
0.23385
0.21272
0.21326
0.21846
0.22447
0.25789
0.32084
0.41641
0.59308
0.83431
0.98655
0.94448
0.92818
0.88845
0.82475
0.80155
0.83033
0.80313
0.80153
0.77989
0.72008
0.68974
0.63765
0.57527
0.55691
0.45043
0.38611
0.39938
0.43104
0.44243
0.38531
0.38573
0.87902
0.87846
0.85953
0.54951
0.39889
0.47086
0.50406
0.46152
0.37686
0.29249
0.31629
0.33036
0.35816
0.30578
0.29787
0.27456
0.21953
0.25701
0.2714
0.24962
0.2098
0.15154
0.16063
0.17346
0.19373
0.27208
0.26135
0.23908
0.30203
0.7305
0.80211
0.74819
0.64986
0.44791
0.4768
0.43256
0.36214
0.41963
0.48807
0.52974
0.59007
0.52201
0.47539
0.45374
0.45485
0.52889
0.55876
0.74156
0.77847
0.82709
0.7521
0.72523
0.69589
0.6619
0.57483
0.56026
0.49879
0.53685
0.48419
0.42655
0.40199
0.41183
0.58194
0.64719
0.57499
0.50283
0.39743
0.34792
0.34315
0.30997
0.3064
0.35979
0.36346
0.34891
0.32572
0.3217
0.30457
0.29535
0.28859
0.2833
0.27841
0.25888
0.26712
0.27983
0.39839
0.41003
0.54773
0.58415
0.65974
0.6144
0.52733
0.51934
0.51108
0.35199
0.29194
0.26946
0.26716
0.27764
0.28765
0.3028
0.30884
0.31857
0.32538
0.32012
0.30639
0.29816
0.33042
0.31907
0.27816
0.2709
0.27246
0.30324
0.28072
0.25616
0.25165
0.23574
0.25919
0.29141
0.34305
0.4102
0.48862
0.37042
0.32355
0.29448
0.28881
0.29787
0.31994
0.33619
0.33263
0.34559
0.34625
0.35723
0.34766
0.34876
0.38517
0.40874
0.534
0.67148
0.91584
0.93409
0.74271
0.50731
0.79254
0.83198
0.75991
0.70565
0.72409
0.71291
0.81783
0.82831
0.84241
0.82778
0.82909
0.7873
0.81081
0.77214
0.82765
0.71799
0.73605
0.71582
0.65449
0.66216
0.65253
0.62387
0.58597
0.52814
0.46377
0.36892
0.34499
0.35688
0.33922
0.3556
0.59231
0.58485
0.49727
0.42516
0.3827
0.34704
0.30621
0.27624
0.25358
0.25491
0.24119
0.26431
0.26074
0.37198
0.32245
0.3313
0.34585
0.43237
0.43178
0.41435
0.37403
0.31849
0.2847
0.24165
0.24002
0.24223
0.23549
0.26273
0.3506
0.33616
0.46496
0.64596
0.72652
0.74361
0.75617
0.69832
0.59825
0.52613
0.44976
0.37996
0.33789
0.32552
0.32946
0.323
0.29821
0.27281
0.26296
0.23639
0.22503
0.2321
0.27033
0.31409
0.34025
0.32104
0.33485
0.30414
0.31714
0.32645
0.33061
0.342
0.32945
0.29553
0.28836
0.25871
0.31424
0.41041
0.39772
0.35559
0.34225
0.34461
0.30702
0.31428
0.34412
0.328
0.33185
0.33645
0.31982
0.28675
0.28178
0.31532
0.31215
0.30316
0.3038
0.28523
0.28883
0.30295
0.30568
0.34235
0.55654
0.39439
0.62803
0.40287
0.3665
0.34542
0.33066
0.33061
0.31143
0.26516
0.27505
0.26363
0.27527
0.25711
0.25423
0.27148
0.34547
0.39087
0.56939
0.76139
0.79535
0.79427
0.73322
0.60946
0.55029
0.52556
0.44743
0.2843
0.2169
0.21716
0.22067
0.19497
0.18304
0.23051
0.14022
0.48906
0.6182
0.5152
0.50291
0.53513
0.59819
0.48479
0.41791
0.44058
0.41575
0.41069
0.36633
0.3904
0.34648
0.33376
0.29124
0.28959
0.24987
0.25769
0.27434
0.29632
0.30815
0.30359
0.29598
0.28875
0.29768
0.31745
0.29039
0.31048
0.29563
0.29212
0.28454
0.28209
0.24474
0.25429
0.24487
0.25504
0.24753
0.24543
0.29308
0.33844
0.37986
0.74937
0.93606
0.94898
0.94754
0.93649
0.92357
0.90996
0.88958
0.85709
0.83673
0.76519
0.82966
0.76115
0.70309
0.63204
0.53004
0.37424
0.22545
0.29518
0.32686
0.26675
0.26041
0.32674
0.3848
0.3538
0.33794
0.28107
0.3022
0.30892
0.31022
0.32849
0.30678
0.3366
0.67587
0.73987
0.80003
0.89595
0.90182
0.88682
0.86131
