0.65674
0.81321
0.85418
0.47401
0.30098
0.4721
0.47882
0.76083
0.88502
0.85177
0.83033
0.85694
0.83427
0.84766
0.85985
0.85806
0.84681
0.84445
0.83885
0.82852
0.82145
0.657
0.55768
0.42152
0.34591
0.3382
0.3389
0.28163
0.27076
0.24458
0.23482
0.29935
0.41944
0.61927
0.73195
0.80347
0.50591
0.43752
0.44517
0.46539
0.48696
0.49677
0.50374
0.52766
0.64819
0.9984
0.94186
0.93721
0.92358
0.89275
0.88564
0.89167
0.88971
0.87411
0.87138
0.82112
0.82009
0.73694
0.68694
0.63137
0.67299
0.69989
0.6291
0.55452
0.48808
0.4608
0.45326
0.44733
0.41614
0.35216
0.32107
0.28063
0.19104
0.21634
0.28073
0.47133
0.92941
0.9754
0.85145
0.85589
0.84901
0.84266
0.83723
0.78903
0.81038
0.79019
0.79771
0.73432
0.48053
0.37495
0.32804
0.64997
0.81503
0.80924
0.82452
0.83009
0.83816
0.84409
0.84472
0.8458
0.83015
0.8332
0.84697
0.82061
0.85464
0.81362
0.71498
0.33525
0.28285
0.33766
0.36589
0.46095
0.54193
0.41249
0.37755
0.4201
0.4185
0.39363
0.42645
0.45068
0.46772
0.47039
0.40308
0.42621
0.55237
0.57269
0.92536
0.92883
0.63886
0.68975
0.364
0.28741
0.26568
0.25719
0.23847
0.24357
0.25839
0.2636
0.27677
0.26052
0.25967
0.27326
0.29009
0.29085
0.2931
0.30045
0.29151
0.27187
0.26194
0.24231
0.22015
0.21193
0.21761
0.21985
0.2306
0.23209
0.23137
0.24473
0.26288
0.25864
0.26082
0.26629
0.27951
0.2568
0.22811
0.24066
0.40955
0.49317
0.46837
0.48825
0.43347
0.37209
0.33614
0.30396
0.27767
0.25877
0.24488
0.23254
0.21786
0.20624
0.21439
0.20884
0.23227
0.25874
0.25926
0.26832
0.27122
0.26948
0.2065
0.22262
0.21085
0.2173
0.2152
0.21147
0.25712
0.25015
0.25204
0.21561
0.22246
0.18065
0.17396
0.18463
0.21545
0.2279
0.2167
0.19224
0.18267
0.19454
0.21659
0.25765
0.27717
0.29637
0.33949
0.32951
0.30156
0.29082
0.28964
0.29207
0.31532
0.26961
0.19923
0.22127
0.22408
0.23186
0.23119
0.24269
0.26163
0.26399
0.2319
0.23397
0.24822
0.22397
0.19809
0.21221
0.22397
0.34575
0.58394
0.7118
0.7058
0.79069
0.81112
0.80061
0.78307
0.72108
0.64367
0.73238
0.72968
0.67837
0.75265
0.70807
0.76052
0.74317
0.69198
0.67416
0.66404
0.67305
0.57768
0.43937
0.33362
0.3123
0.30875
0.30009
0.29966
0.29484
0.28768
0.27508
0.26656
0.25283
0.24634
0.23998
0.23289
0.22605
0.22661
0.22763
0.22797
0.2314
0.25648
0.2614
0.261
0.24658
0.2292
0.24569
0.22292
0.23633
0.24119
0.24002
0.24352
0.26034
0.29219
0.31554
0.62363
0.84788
0.79978
0.81091
0.80404
0.80803
0.80501
0.78312
0.78421
0.78183
0.77815
0.781
0.78842
0.77971
0.78913
0.78885
0.7642
0.75738
0.7334
0.71597
0.69519
0.68328
0.63613
0.63598
0.63584
0.6279
0.62913
0.6488
0.65087
0.64491
0.67862
0.67764
0.67695
0.7142
0.75714
0.77253
0.80474
0.80861
0.8022
0.79742
0.77251
0.73948
0.69285
0.65795
0.61021
0.61588
0.55759
0.437
0.35673
0.35548
0.34036
0.29862
0.2848
0.31905
0.27154
0.22738
0.19581
0.18191
0.15107
0.21852
0.2436
0.27303
0.34553
0.41088
0.48324
0.67481
0.63066
0.62743
0.62158
0.54493
0.53342
0.54641
0.4857
0.47545
0.43327
0.45834
0.39819
0.33858
0.70198
0.64745
0.57737
0.65888
0.67095
0.61525
0.64044
0.62469
0.68014
0.7179
0.60944
0.48367
0.30789
0.30384
0.26974
0.24982
0.24782
0.24012
0.19575
0.20601
0.18776
0.26009
0.27115
0.39486
0.30365
0.46491
0.67227
0.68584
0.61732
0.55231
0.60049
0.55134
0.35044
0.44576
0.50476
0.53325
0.594
0.59271
0.54172
0.61505
0.67852
0.66373
0.71233
0.68904
0.62796
0.54773
0.60554
0.75247
0.76654
0.77748
0.76687
0.72963
0.71398
0.754
0.74083
0.71522
0.74133
0.77456
0.76851
0.7646
0.75218
0.7179
0.62678
0.49502
0.39415
0.35332
0.34635
0.33613
0.31479
0.30487
0.30957
0.28657
0.28266
0.31098
0.31812
0.36998
0.35363
0.34096
0.38037
0.42889
0.41096
0.62054
0.87651
0.86555
0.86415
0.86311
0.86432
0.85858
0.84595
0.81708
0.83036
0.82119
0.8382
0.83769
0.82784
0.78908
0.80547
0.80846
0.81915
0.8132
0.80621
0.79945
0.78774
0.57944
0.4225
0.7285
0.73549
0.70064
0.72269
0.75853
0.77093
0.77917
0.76487
0.71215
0.68446
0.69772
0.70545
0.71394
0.765
0.75653
0.73875
0.75944
0.75168
0.75371
0.75773
0.75918
0.76204
0.7782
0.79113
0.78405
0.79679
0.7878
0.77872
0.78563
0.77633
0.814
0.79239
0.78797
0.78197
0.81315
0.82282
0.83104
0.82703
0.82744
0.80859
0.80273
0.8124
0.81755
0.82072
0.80585
0.77837
0.77446
0.74222
0.79644
0.83637
0.83742
0.83613
0.83056
0.81818
0.80939
0.75173
0.58523
0.33598
0.33907
0.3503
0.34533
0.30525
0.29866
0.28966
0.31293
0.86104
0.43447
0.33626
0.33141
0.30828
0.31354
0.84672
0.87224
0.86295
0.81775
0.71343
0.79741
0.79411
0.81094
0.82131
0.83004
0.79926
0.81435
0.33678
0.35441
0.78766
0.67154
0.39684
0.32693
0.31123
0.33798
0.37039
0.37498
0.39396
0.84671
0.89899
0.88194
0.86027
0.83647
0.82634
0.82351
0.79914
0.61006
0.54214
0.65176
0.78002
0.79717
0.81146
0.8156
0.56063
0.42504
0.32609
0.25948
0.24875
0.28547
0.40331
0.62542
0.83542
0.85181
0.85696
0.84818
0.85444
0.86604
0.87648
0.87797
0.87791
0.87558
0.87123
0.86768
0.87003
0.87306
0.8694
0.87332
0.87926
0.87479
0.89054
0.87013
0.80648
0.77315
0.80848
0.86115
0.8743
0.87719
0.85629
0.84135
0.82458
0.80268
0.81203
0.81142
0.8065
0.82963
0.83201
0.83972
0.82775
0.83991
0.84902
0.86042
0.86484
0.86081
0.85179
0.8068
0.61713
0.47946
0.4334
0.56753
0.7512
0.74009
0.66673
0.42891
0.36461
0.33741
0.29598
0.32479
0.33157
0.26474
0.21485
0.24172
0.24817
0.2452
0.23653
0.21655
0.21158
0.2051
0.23306
0.26748
0.25151
0.7281
0.83522
0.81356
0.80733
0.79601
0.78946
0.79606
0.76843
0.73947
0.74207
0.78631
0.74001
0.66429
0.65278
0.57707
0.46941
0.41539
0.37681
0.31266
0.22323
0.1571
0.12851
0.17307
0.17684
0.064818
0.10429
0.14974
0.088255
0.1404
0.18424
0.20109
0.21019
0.21676
0.1642
0.30311
0.35307
0.35081
0.30524
0.33243
0.25457
0.21375
0.14101
0.15343
0.17262
0.19912
0.19888
0.21704
0.22141
0.23149
0.23983
0.24094
0.2224
0.21534
0.21309
0.22057
0.22101
0.22548
0.22392
0.21246
0.21766
0.22099
0.23089
0.23009
0.23404
0.24014
0.24114
0.26262
0.28355
0.25968
0.25203
0.24307
0.23358
0.24311
0.2381
0.24606
0.25663
0.25039
0.22659
0.25862
0.28859
0.35965
0.41642
0.5216
0.89392
0.88529
0.86838
0.77188
0.60157
0.63436
0.85203
0.84076
0.70879
0.50132
0.37889
0.33415
0.30556
0.33276
0.4986
0.48821
0.44408
0.54127
0.92059
0.9041
0.88699
0.85135
0.82031
0.68139
0.61452
0.73371
0.77168
0.71751
0.72371
0.71702
0.75399
0.78377
0.73548
0.69831
0.69267
0.7086
0.66447
0.64973
0.61606
0.56637
0.45379
0.37148
0.39917
0.59887
0.61786
0.62039
0.60938
0.61069
0.59602
0.60008
0.66026
0.6111
0.53351
0.46501
0.49136
0.53554
0.78276
0.84695
0.85487
0.86176
0.85334
0.8615
0.8833
0.90124
0.89505
0.88134
0.87285
0.86297
0.85856
0.85907
0.8614
0.85256
0.82798
0.89191
0.84027
0.84035
0.85057
0.84898
0.85977
0.86315
0.86124
0.83871
0.83591
0.8196
0.82103
0.82559
0.82621
0.78656
0.69954
0.62864
0.4855
0.49317
0.48943
0.45204
0.5953
0.52705
0.38906
0.33053
0.32721
0.3342
0.34319
0.48279
0.98138
0.98048
0.9071
0.8844
0.85295
0.71972
0.68624
0.63155
0.6849
0.7405
0.62808
0.43165
0.35547
0.36135
0.50619
0.45879
0.72601
0.78378
0.93538
0.92172
0.91221
0.90073
0.88538
0.85673
0.80255
0.7271
0.63851
0.58901
0.61935
0.63704
0.65483
0.69054
0.75267
0.75943
0.7713
0.8027
0.80354
0.79487
0.76804
0.68304
0.63534
0.70553
0.79403
0.91302
0.86226
0.84593
0.83827
0.84674
0.85267
0.82595
0.75669
0.69119
0.65941
0.51389
0.4173
0.29048
0.30178
0.3363
0.31754
0.28231
0.2759
0.27239
0.24855
0.33108
0.50077
0.47853
0.97472
0.94772
0.84558
0.949
0.95525
0.92142
0.96286
0.97468
0.97736
0.99269
0.97735
0.96323
0.95505
0.95518
0.85482
0.791
0.71858
0.6721
0.63204
0.60795
0.58698
0.61344
0.61445
0.73115
0.83051
0.91514
0.90191
0.9057
0.92224
0.91044
0.93512
0.94194
0.94402
0.95553
0.9362
0.93122
0.93996
0.94906
0.91812
0.9156
0.91635
0.91735
0.90726
0.88358
0.84047
0.81203
0.83979
0.89515
0.87183
0.85871
0.84401
0.77951
0.76738
0.78378
0.74778
0.77221
0.89872
0.86192
0.81486
0.80875
0.82627
0.86505
0.89402
0.92122
0.91579
0.90494
0.88322
0.91605
0.92378
0.93051
0.90895
0.91032
0.91058
0.90925
0.85905
0.81156
0.79805
0.77706
0.77574
0.85979
0.87727
0.8325
0.81809
0.8384
0.79875
0.6662
0.66187
0.79998
0.63721
0.62352
0.50726
0.39353
0.39272
0.3682
0.35783
0.47294
0.50294
0.4253
0.38378
0.34538
0.37111
0.39052
0.39946
0.37255
0.42815
0.46899
0.44403
0.38648
0.39515
0.47694
0.51889
0.55203
0.62325
0.64909
0.69186
0.69814
0.7342
0.75326
0.7741
0.78536
0.78151
0.79324
0.81675
0.71671
0.55794
0.4799
0.44154
0.49212
0.65221
0.74444
0.69423
0.6233
0.58862
0.62455
0.60301
0.66499
0.71476
0.85615
0.88953
0.90124
0.90564
0.91011
0.95387
0.99341
1.0005
0.99747
1.0009
0.9978
0.99763
0.99273
0.96006
0.90377
0.90185
0.90256
0.93827
0.88658
0.60522
0.52979
0.55185
0.56807
0.57079
0.47497
0.4023
0.35797
0.3492
0.34003
0.33792
0.33431
0.58695
0.59821
0.57407
0.51939
0.49662
0.49126
0.48985
0.56242
0.61315
0.74017
0.75433
0.76113
0.65617
0.66645
0.63259
0.57085
0.52119
0.58592
0.59174
0.66809
0.67198
0.64228
0.61927
0.58752
0.6085
0.52228
0.61211
0.56669
0.80215
0.75388
0.66546
0.80518
0.80121
0.73762
0.60754
0.51353
0.46045
0.40311
0.39632
0.37982
0.36072
0.71322
0.9971
0.99751
0.90568
0.76549
0.75358
0.71582
0.75995
0.82289
0.67875
0.79223
0.87056
0.93266
0.98851
0.9914
0.97573
0.96813
0.92169
0.87142
0.79631
0.75916
0.79696
0.7349
0.74552
0.72936
0.61982
0.69733
0.68033
0.72374
0.7645
0.74912
0.80442
0.83594
0.76403
0.74624
0.72768
0.73133
0.76637
0.77765
0.77656
0.75521
0.72219
0.71855
0.71471
0.75034
0.80187
0.85198
0.83903
0.84095
0.8389
0.82176
0.834
0.85314
0.87676
0.90565
0.91582
0.94249
0.94705
0.94096
0.97153
0.93244
0.79337
0.78368
0.85899
0.84849
0.9183
0.91583
0.90577
0.85941
0.8631
0.99724
0.99878
1.0002
0.99825
0.95067
0.7184
0.74557
0.76821
0.85561
0.99773
0.99868
0.92926
0.91317
0.87874
0.79745
0.78976
0.67493
0.7857
0.80395
0.8427
0.84781
0.83987
0.7796
0.67697
0.60038
0.63612
0.72995
0.68935
0.69583
0.67367
0.58914
0.67829
0.71109
0.75175
0.78988
0.79147
0.7244
0.60133
0.51687
0.47351
0.48547
0.44524
0.39326
0.39524
0.40081
0.42977
0.54538
0.57504
0.82048
1.0009
0.9407
0.86098
0.70019
0.72325
0.69511
0.8726
0.98
0.88617
0.90442
0.9704
0.97158
0.97245
0.99353
0.97137
0.94183
0.92237
0.935
0.89216
0.88177
0.93063
0.87753
0.97175
0.99828
0.99961
0.99957
0.99666
0.997
0.98715
0.97312
0.94734
0.90769
0.98993
1.0004
1.0006
1.0002
0.99818
0.99893
0.97227
0.91381
0.92673
0.97222
0.9998
0.99941
0.89798
0.77759
0.64561
0.59019
0.59358
0.64751
0.65048
0.61949
0.54205
0.60142
0.5635
0.56378
0.49981
0.50941
0.54107
0.53008
0.49618
0.46038
0.44541
0.51521
0.58675
0.70388
0.74155
0.82191
0.79572
0.78934
0.79007
0.77862
0.75177
0.74255
0.75744
0.76007
0.77141
0.73448
0.67055
0.57707
0.6498
0.59013
0.58498
0.6195
0.64845
0.7325
0.79826
0.76048
0.74916
0.77285
0.77473
0.77513
0.816
0.79622
0.7808
0.7402
0.78607
0.83976
0.92858
0.94757
0.94697
0.93681
0.83037
0.77568
0.81056
0.89901
0.97968
0.97581
0.95855
0.88388
0.68463
0.63681
0.60997
0.73455
0.71132
0.69105
0.73181
0.61004
0.50226
0.44153
0.55851
0.55271
0.71365
0.74422
0.76706
0.74242
0.69054
0.66197
0.63396
0.60402
0.60273
0.57694
0.46832
0.41182
0.41847
0.35967
0.33547
0.33457
0.34433
0.40825
0.3558
0.31147
0.28171
0.25812
0.30598
0.48802
0.53858
0.49824
0.37914
0.33704
0.30996
0.34666
0.46453
0.67814
0.64526
0.51841
0.48455
0.50923
0.50852
0.8244
0.90057
0.95243
0.88136
0.85678
0.97307
0.99895
0.9859
0.82808
0.69932
0.66577
0.68387
0.69625
0.70265
0.6292
0.55603
0.60554
0.70474
0.74499
0.79123
0.87872
0.93071
0.97752
0.99854
0.96784
1.0002
0.99783
0.99875
0.95345
0.90914
0.85361
0.85167
0.78967
0.73495
0.70749
0.675
0.85096
0.96137
0.93313
0.85539
0.80878
0.73928
0.71825
0.79572
0.83085
0.84713
0.78038
0.7426
0.73389
0.72277
0.70275
0.69067
0.64218
0.60347
0.51831
0.39027
0.34735
0.37529
0.4144
0.47257
0.46331
0.40928
0.38958
0.38275
0.40721
0.43447
0.40306
0.3854
0.36649
0.35634
0.35439
0.37908
0.43355
0.55549
0.62358
0.58227
0.47294
0.49275
0.51879
0.50042
0.48298
0.65122
0.88472
0.83355
0.96955
0.86165
0.89804
0.76096
0.63851
0.71955
0.62896
0.61621
0.53652
0.46389
0.47177
0.45434
0.47057
0.43634
0.43449
0.48223
0.47694
0.4589
0.44348
0.53461
0.55856
0.98868
0.99604
0.98585
0.95162
0.78784
0.78545
0.71201
0.63057
0.737
0.68485
0.61485
0.74063
0.71995
0.68759
0.70622
0.70931
0.69951
0.69126
0.67459
0.62554
0.60381
0.5971
0.58859
0.58174
0.55695
0.56026
0.55762
0.5931
0.62186
0.58865
0.55611
0.51494
0.59051
0.6513
0.76462
0.76826
0.76015
0.71853
0.67492
0.6462
0.65663
0.7119
0.76118
0.78443
0.80592
0.76889
0.71967
0.71961
0.74218
0.7362
0.72927
0.60499
0.64011
0.6873
0.76808
0.82291
0.7862
0.72255
0.80766
0.82666
0.83958
0.8316
0.80877
0.8152
0.81216
0.80876
0.87243
0.92252
0.97249
0.97003
0.92162
0.8665
0.83367
0.85965
0.88793
0.92173
0.95676
0.92368
0.88873
0.84386
0.7897
0.83949
0.89282
0.97076
1.0011
1.0024
0.99549
0.9699
0.94669
0.9423
0.94696
0.96756
1.0009
1.0003
0.9059
0.84899
0.80605
0.78268
0.78121
0.77019
0.78419
0.75087
0.66256
0.63196
0.65245
0.63024
0.55785
0.48
0.34759
0.31172
0.30028
0.2985
0.35921
0.45725
0.53426
0.57885
0.53341
0.56207
0.55048
0.55387
0.5767
0.59689
0.52081
0.48225
0.4287
0.39204
0.36615
0.34824
0.38302
0.44008
0.43678
0.43575
0.47516
0.45083
0.42182
0.37632
0.38056
0.38503
0.38444
0.36916
0.35846
0.33599
0.32718
0.32144
0.33499
0.34763
0.35067
0.33547
0.32585
0.32547
0.31329
0.32431
0.44728
0.52823
0.51133
0.48065
0.47463
0.48627
0.46395
0.44216
0.47991
0.52676
0.554
0.54481
0.4673
0.44001
0.41881
0.47258
0.48323
0.4721
0.41614
0.36886
0.37969
0.40382
0.41657
0.43448
0.46955
0.41973
0.4262
0.45273
0.48365
0.47073
0.46587
0.45302
0.44005
0.52939
0.56859
0.56283
0.57101
0.57931
0.5708
0.52073
0.52644
0.63654
0.74413
0.70054
0.67268
0.69713
0.64031
0.62703
0.68784
0.69838
0.73333
0.78683
0.78495
0.79808
0.75602
0.73468
0.73772
0.76155
0.78045
0.80451
0.76046
0.73847
0.78576
0.7825
0.77975
0.69056
0.60348
0.48114
0.44343
0.4315
0.42104
0.4251
0.61541
0.80964
0.91504
0.94473
0.96878
0.98737
0.97889
0.93508
0.90579
0.8999
0.88049
0.85272
0.94434
0.95644
0.84753
0.67053
0.7167
0.83645
0.89921
0.91896
0.89646
0.86323
0.68231
0.71043
0.72916
0.75103
0.86663
0.94848
0.95337
0.96192
0.90478
0.83061
0.76247
0.7663
0.62966
0.60791
0.61503
0.53695
0.52966
0.51034
0.74071
0.86165
0.79843
0.71864
0.62398
0.80066
0.71187
0.74379
0.67507
0.51443
0.50366
0.54254
0.71194
0.70132
0.62597
0.6174
0.61637
0.70202
0.63429
0.72206
0.74575
0.79499
0.89148
0.92688
0.88537
0.90652
0.818
0.79793
0.89215
0.90093
0.94769
0.97452
0.99568
1.0011
0.99679
0.99967
0.99881
0.99842
0.99843
0.99903
0.98878
0.99804
0.95533
0.97182
0.9313
0.91586
0.86304
0.76161
0.7602
0.81536
0.68598
0.49767
0.34117
0.29963
0.33423
0.36034
0.36235
0.40179
0.31793
0.27626
0.27277
0.297
0.46003
0.6439
0.75539
0.8774
0.91777
0.86384
0.84555
0.9168
0.88636
0.80397
0.71865
0.73701
0.83449
0.57668
0.49929
0.52041
0.5551
0.5394
0.51891
0.47638
0.32559
0.28446
0.31886
0.32491
0.31124
0.24269
0.24436
0.26942
0.26229
0.39298
0.41098
0.49872
0.53193
0.7503
0.91667
0.96005
0.90947
0.83407
0.69777
0.71323
0.92871
0.98375
0.95684
0.9049
0.87579
0.77845
0.85215
0.96651
0.98252
0.99722
1.0006
0.99832
0.99868
0.99808
0.98385
1.0006
0.94823
0.91228
0.86486
0.74872
0.62614
0.56453
0.50044
0.42438
0.36793
0.35889
0.38892
0.40627
0.59393
0.79246
0.9158
0.91671
0.94412
0.96039
0.99973
0.9971
0.99976
0.99831
1.0005
0.99756
0.91878
0.81044
0.76471
0.70988
0.60255
0.44583
0.38599
0.3401
0.3175
0.29031
0.28737
0.27686
0.25701
0.2419
0.24886
0.2617
0.34219
0.4999
0.6862
0.78918
0.50298
0.42422
0.43782
0.46336
0.68486
0.83353
0.98349
0.9671
0.97009
0.96248
0.92158
0.8554
0.81933
0.87839
0.83734
0.67687
0.32457
0.24422
0.23925
0.21489
0.24307
0.2803
0.26867
0.23038
0.24152
0.2388
0.24387
0.23886
0.26667
0.38494
0.50727
0.56601
0.41791
0.31729
0.3301
0.30471
0.30587
0.31013
0.31574
0.30327
0.2628
0.26488
0.25588
0.255
0.25113
0.2964
0.34628
0.37763
0.36612
0.3432
0.29155
0.25346
0.29183
0.39625
0.4729
0.47961
0.34568
0.30338
0.29061
0.2513
0.25641
0.31087
0.35284
0.28069
0.20146
0.17272
0.1713
0.16736
0.16824
0.18876
0.21482
0.21848
0.21629
0.21303
0.20818
0.21038
0.20978
0.25304
0.32874
0.26542
0.21124
0.22255
0.21598
0.21272
0.21287
0.24041
0.32086
0.30605
0.25075
0.22241
0.2133
0.24418
0.31914
0.50241
0.61523
0.60673
0.53009
0.44753
0.44474
0.41562
0.5647
0.61052
0.64903
0.50075
0.45185
0.30394
0.42727
0.25291
0.24309
0.26913
0.22775
0.22683
0.25055
0.25302
0.2545
0.26308
0.25554
0.37333
0.42593
0.36031
0.28393
0.28027
0.29263
0.35352
0.34783
0.35757
0.33016
0.34025
0.32983
0.32017
0.32136
0.38617
0.53816
0.77648
0.99733
0.9039
0.5731
0.49252
0.4444
0.413
0.41095
0.61672
0.70919
0.54152
0.39983
0.40187
0.43363
0.39808
0.35076
0.29646
0.25418
0.24317
0.2389
0.22657
0.24235
0.21902
0.20029
0.21173
0.20742
0.21004
0.21763
0.21838
0.22081
0.22438
0.21191
0.22393
0.22763
0.22835
0.21989
0.21809
0.21267
0.20269
0.19445
0.19819
0.20586
0.19699
0.18175
0.21638
0.24734
0.24377
0.21189
0.2189
0.27245
0.37561
0.53759
0.49613
0.51238
0.43877
0.44136
0.57153
0.58183
0.48522
0.48976
0.51452
0.40789
0.53691
0.53541
0.6584
0.65182
0.67556
0.7995
0.96618
0.9695
0.98831
0.99543
0.97483
0.94023
0.94389
0.9268
0.90211
0.90923
0.84125
0.869
0.86245
0.84156
0.78385
0.6987
0.60421
0.44409
0.30543
0.28743
0.2753
0.27197
0.35306
0.48255
0.44948
0.55084
0.76125
0.94055
0.98398
0.97916
0.95414
0.95424
0.94679
0.90037
0.85644
0.78596
0.82128
0.81824
0.81447
0.78032
0.76773
0.79596
0.78753
0.87151
0.93231
0.93652
0.93714
0.93618
0.92558
0.90923
0.84011
0.8807
0.82652
0.7984
0.76296
0.66842
0.48256
0.47135
0.40829
0.33761
0.28435
0.28396
0.34145
0.54438
0.5569
0.5538
0.50223
0.54788
0.63728
0.91267
0.89825
0.79565
0.79474
0.89011
0.8246
0.89321
0.88841
0.79305
0.70725
0.66942
0.63249
0.66448
0.62145
0.61058
0.61078
0.55183
0.50078
0.48506
0.47565
0.48472
0.61141
0.9181
0.61234
0.64031
0.57356
0.43377
0.37137
0.34349
0.31522
0.27653
0.26443
0.26695
0.25822
0.25218
0.23293
0.21894
0.2325
0.25729
0.23017
0.24269
0.29629
0.29296
0.27809
0.25446
0.23026
0.2118
0.26649
0.55279
0.87348
0.69478
0.57156
0.50978
0.44639
0.40799
0.34654
0.30887
0.28268
0.27736
0.2277
0.21382
0.17836
0.1764
0.18141
0.19806
0.20963
0.22217
0.22799
0.23059
0.25586
0.27129
0.32131
0.45584
0.40853
0.38089
0.38459
0.34483
0.31447
0.29251
0.27851
0.26954
0.29337
0.3237
0.52059
0.73442
0.82113
0.91784
0.89239
0.94488
0.90631
0.84409
0.76476
0.63108
0.46916
0.52333
0.48644
0.432
0.38075
0.34201
0.31755
0.27792
0.243
0.21707
0.18076
0.16984
0.2165
0.23902
0.25704
0.27743
0.2567
0.28504
0.30385
0.55275
0.62954
0.823
0.7983
0.78311
0.57104
0.5468
0.40333
0.38922
0.39715
0.44426
0.57931
0.6179
0.57997
0.53912
0.54975
0.54152
0.47991
0.50797
0.44133
0.44624
0.57898
0.4973
0.45092
0.55547
0.87086
0.47755
0.42279
0.45678
0.68833
0.62218
0.49953
0.4191
0.41012
0.36484
0.33629
0.30205
0.29207
0.28363
0.29926
0.34213
0.34738
0.30723
0.28222
0.30987
0.32763
0.35065
0.36452
0.48483
0.67443
0.68226
0.47643
0.36701
0.28797
0.32012
0.32982
0.25677
0.22457
0.22977
0.15613
0.30058
0.35902
0.28178
0.22291
0.18795
0.1927
0.22535
0.27122
0.44314
0.27005
0.27332
0.27955
0.30449
0.60215
0.32658
0.25089
0.27335
0.29029
0.2806
0.31217
0.3436
0.34471
0.33269
0.24973
0.2751
0.33302
0.34651
0.32045
0.30166
0.28515
0.29068
0.28763
0.31177
0.37093
0.37839
0.38433
0.60148
0.70609
0.88173
0.74491
0.85108
0.9326
0.83556
0.81955
0.55904
0.56018
0.52936
0.46099
0.46746
0.44642
0.48983
0.626
0.81223
0.94152
0.95506
0.96047
0.97205
0.9697
0.95218
0.75804
0.65894
0.56255
0.46646
0.44792
0.78789
0.85291
0.63265
0.93199
0.97704
0.97423
0.97336
0.97389
0.95081
0.86238
0.71428
0.72174
0.62583
0.59781
0.58724
0.44359
0.32063
0.50014
0.8258
0.95803
0.6322
0.96056
0.96621
0.96487
0.96136
0.95999
0.93338
0.97264
0.96854
0.96318
0.93922
0.85178
0.79712
0.76047
0.55572
0.65792
0.46506
0.42879
0.41203
0.38429
0.3661
0.4271
0.41545
0.46219
0.75486
0.67033
0.65135
0.5212
0.41361
0.45028
0.37485
0.33074
0.30941
0.33081
0.43296
0.3658
0.57303
0.71606
0.95973
0.9783
0.97144
0.95042
0.88567
0.9115
0.89254
0.82511
0.89067
0.93541
0.81699
0.86107
0.80556
0.85549
0.8618
0.80185
0.74156
0.7261
0.76248
0.65277
0.64406
0.58708
0.54884
0.63175
0.68108
0.72456
0.90228
0.80064
0.70147
0.67841
0.42736
0.5095
0.45675
0.38818
0.33973
0.28943
0.32969
0.45167
0.51158
0.50821
0.37915
0.32719
0.29925
0.2993
0.29937
0.25411
0.37214
0.35943
0.30008
0.28575
0.36419
0.3209
0.3193
0.2842
0.27479
0.2815
0.2997
0.35179
0.44667
0.4234
0.44367
0.385
0.32074
0.42053
0.44213
0.65709
0.6675
0.69288
0.69962
0.60397
0.70054
0.48983
0.4024
0.39448
0.42529
0.38662
0.38536
0.44343
0.40407
0.36391
0.35054
0.33126
0.31471
0.28531
0.25833
0.21151
0.25928
0.49581
0.66307
0.73984
0.53996
0.44318
0.39673
0.54382
0.54901
0.53312
0.43575
0.38019
0.36474
0.32321
0.29266
0.26924
0.26467
0.24887
0.23918
0.21798
0.23115
0.28748
0.28791
0.26076
0.24891
0.20857
0.20395
0.20562
0.19872
0.22248
0.27895
0.29393
0.33933
0.40464
0.42489
0.69409
0.84324
0.89335
0.91195
0.91937
0.9075
0.49577
0.3793
0.34955
0.34578
0.31273
0.28754
0.26095
0.27321
0.28318
0.29839
0.29875
0.29576
0.255
0.27176
0.28598
0.3048
0.36343
0.47938
0.49418
0.42793
0.43087
0.42218
0.43831
0.51589
0.54823
0.67513
0.73473
0.76506
0.67381
0.53327
0.45687
0.55692
0.5045
0.53042
0.5465
0.54368
0.57622
0.56392
0.5114
0.48267
0.41606
0.39292
0.38502
0.34493
0.36743
0.45972
0.39256
0.35146
0.41345
0.39313
0.32856
0.30199
0.28216
0.26066
0.25087
0.24825
0.24013
0.23132
0.23656
0.23247
0.23752
0.24901
0.24834
0.24055
0.26755
0.2426
0.2376
0.26869
0.27581
0.27254
0.28445
0.28537
0.27984
0.30645
0.32521
0.33761
0.30654
0.33334
0.3209
0.29325
0.26733
0.28941
0.28537
0.31569
0.32641
0.33702
0.32813
0.29585
0.28986
0.28445
0.27052
0.27182
0.26181
0.24411
0.23906
0.2661
0.23106
0.23713
0.21483
0.17384
0.19645
0.22949
0.20026
0.24554
0.25666
0.28028
0.34148
0.37803
0.43929
0.5005
0.53245
0.49388
0.50884
0.61681
0.70971
0.73672
0.64156
0.551
0.68616
0.72358
0.6285
0.52629
0.50469
0.53926
0.54756
0.61304
0.62609
0.62245
0.59428
0.5501
0.63786
0.58831
0.56578
0.59263
0.51746
0.43278
0.36611
0.31843
0.24958
0.2496
0.24341
0.2468
0.2497
0.26449
0.38447
0.88299
0.91982
0.91372
0.90816
0.83142
0.57227
0.37334
0.32861
0.30918
0.30819
0.29268
0.28684
0.28681
0.26362
0.26679
0.25733
0.26236
0.26449
0.26348
0.26912
0.27913
0.26371
0.26377
0.2708
0.2528
0.24497
0.25167
0.24268
0.24931
0.2686
0.25876
0.24899
0.26123
0.25619
0.28359
0.26945
0.27098
0.2423
0.24161
0.21609
0.23719
0.21383
0.25754
0.27006
0.25339
0.28636
0.29529
0.28685
0.28594
0.28758
0.26265
0.25933
0.28899
0.31052
0.30475
0.31999
0.31557
0.30853
0.29124
0.30462
0.27248
0.25854
0.25507
0.25098
0.27698
0.25533
0.25919
0.26531
0.27122
0.27462
0.28729
0.35762
0.50795
0.67594
0.61537
0.49759
0.4126
0.38117
0.30454
0.27426
0.26229
0.25473
0.28268
0.29528
0.30294
0.30243
0.28557
0.28454
0.3219
0.33312
0.32559
0.30963
0.30778
0.33297
0.34341
0.34822
0.42144
0.41802
0.33423
0.30241
0.28812
0.29546
0.40938
0.43041
0.42552
0.4299
0.36713
0.34715
0.29636
0.26775
0.26452
0.25877
0.26215
0.23399
0.2196
0.2053
0.19541
0.18006
0.20341
0.29729
0.348
0.37075
0.40132
0.41032
0.40455
0.38953
0.33688
0.35604
0.33632
0.31587
0.29298
0.29691
0.30982
0.31852
0.29897
0.28423
0.26979
0.26678
0.28405
0.29416
0.30305
0.32298
0.3632
0.39629
0.40363
0.41582
0.3466
0.3417
0.30781
0.29634
0.30659
0.27778
0.26689
0.28605
0.26181
0.25756
