0.77961
0.78646
0.75649
0.49855
0.46377
0.43737
0.41418
0.38958
0.36504
0.35944
0.37653
0.38532
0.36192
0.33943
0.30217
0.27365
0.2928
0.22074
0.20235
0.1766
0.19718
0.37131
0.61647
0.46054
0.48931
0.51214
0.52458
0.54517
0.5225
0.47196
0.41698
0.40332
0.40067
0.40679
0.42567
0.41391
0.40336
0.38523
0.3857
0.39756
0.40129
0.46992
0.46705
0.38647
0.44464
0.38414
0.39493
0.36661
0.33011
0.31795
0.31199
0.38001
0.40414
0.43834
0.41567
0.40519
0.39591
0.48099
0.82456
0.82715
0.82409
0.79861
0.46972
0.43473
0.40667
0.44482
0.46085
0.7059
0.59318
0.47342
0.44698
0.40619
0.40085
0.41741
0.44465
0.40358
0.37092
0.3608
0.3502
0.39746
0.38441
0.52067
0.52865
0.54871
0.52616
0.49466
0.48009
0.48538
0.48071
0.46594
0.3624
0.49584
0.68157
0.53972
0.65602
0.70855
0.70969
0.72452
0.63743
0.5778
0.56623
0.53492
0.39232
0.37932
0.35102
0.3363
0.31061
0.31915
0.3359
0.33141
0.34378
0.33138
0.25553
0.25079
0.28746
0.31327
0.32136
0.33
0.34849
0.34751
0.33436
0.33106
0.33696
0.34551
0.35751
0.372
0.37819
0.38142
0.37817
0.36009
0.34713
0.33262
0.32561
0.33695
0.33865
0.33376
0.33435
0.34064
0.35289
0.36189
0.37579
0.36577
0.36132
0.35823
0.34959
0.31141
0.32001
0.29983
0.32542
0.3314
0.29665
0.34106
0.34352
0.36024
0.32078
0.31865
0.31405
0.30911
0.32604
0.34496
0.36024
0.34651
0.34926
0.34973
0.34448
0.34846
0.35635
0.35341
0.35658
0.35443
0.34794
0.33468
0.32742
0.32014
0.32391
0.33225
0.32846
0.3321
0.32416
0.32215
0.32459
0.33197
0.33589
0.32744
0.33387
0.34297
0.35048
0.35678
0.34543
0.33985
0.35119
0.36228
0.38606
0.42969
0.46573
0.48436
0.50152
0.5947
0.5685
0.54804
0.53049
0.51206
0.50749
0.53277
0.61406
0.74245
0.73706
0.78291
0.77987
0.54402
0.48194
0.47322
0.4641
0.48884
0.63917
0.73307
0.71493
0.67196
0.58181
0.50619
0.47274
0.44242
0.42638
0.42478
0.42196
0.43141
0.43118
0.42408
0.3963
0.36178
0.35435
0.32493
0.29027
0.27381
0.26967
0.27256
0.26302
0.25832
0.24589
0.22501
0.15995
0.20016
0.20876
0.20316
0.2736
0.73223
0.76629
0.72295
0.55138
0.45368
0.42157
0.40129
0.38367
0.37656
0.37254
0.38068
0.38947
0.38966
0.39246
0.39295
0.39115
0.38888
0.37071
0.36269
0.39945
0.43727
0.43748
0.43093
0.42527
0.41362
0.41083
0.36179
0.3292
0.29381
0.29248
0.30499
0.30948
0.30392
0.30453
0.33438
0.35971
0.36708
0.41714
0.53403
0.50969
0.45361
0.49507
0.41537
0.39497
0.38459
0.37284
0.36189
0.35343
0.35112
0.38139
0.38165
0.38998
0.37999
0.36227
0.34115
0.31528
0.32627
0.33085
0.31425
0.28977
0.31899
0.52088
0.58237
0.57712
0.54234
0.50279
0.46931
0.43712
0.42196
0.43051
0.41053
0.3894
0.37571
0.37555
0.36501
0.37391
0.39011
0.4065
0.39751
0.39705
0.37621
0.3815
0.40262
0.37509
0.44031
0.38942
0.49297
0.40733
0.41467
0.39591
0.38448
0.37556
0.37273
0.39001
0.38743
0.37154
0.3355
0.32934
0.33456
0.32995
0.32003
0.32992
0.33444
0.34195
0.34839
0.33582
0.33918
0.36242
0.36933
0.36234
0.37161
0.42426
0.47908
0.49294
0.49217
0.48733
0.45159
0.44553
0.45364
0.46686
0.47098
0.43011
0.41986
0.46108
0.47559
0.47077
0.50805
0.52516
0.5216
0.5518
0.58045
0.51265
0.49094
0.51069
0.57811
0.57794
0.51331
0.50609
0.48737
0.47205
0.41281
0.38945
0.3796
0.35127
0.36391
0.34404
0.34543
0.32346
0.34246
0.31917
0.32383
0.30985
0.34845
0.36067
0.33046
0.34924
0.3648
0.33256
0.35119
0.38017
0.48454
0.49042
0.51276
0.46206
0.35213
0.33901
0.32816
0.32344
0.32808
0.31029
0.31117
0.30893
0.33083
0.3255
0.29934
0.38975
0.44123
0.45593
0.49092
0.5186
0.40083
0.39757
0.40241
0.39706
0.39928
0.42915
0.46027
0.47736
0.48427
0.48942
0.47282
0.4461
0.44341
0.49053
0.45014
0.46161
0.45692
0.71039
0.72775
0.63511
0.63502
0.58724
0.45524
0.45811
0.46453
0.37978
0.37598
0.50898
0.55271
0.52948
0.55943
0.54528
0.55189
0.52533
0.53471
0.66277
0.7083
0.63589
0.58878
0.55073
0.462
0.43078
0.40661
0.41984
0.41051
0.39761
0.39694
0.59177
0.61231
0.68888
0.5278
0.48474
0.41596
0.39491
0.41366
0.46216
0.49886
0.45574
0.44076
0.40418
0.38803
0.387
0.39008
0.38565
0.38296
0.36886
0.35215
0.33747
0.3214
0.28589
0.28845
0.29589
0.30874
0.41176
0.4362
0.35393
0.30547
0.38926
0.41267
0.35223
0.33322
0.47112
0.56326
0.5452
0.52802
0.50444
0.4631
0.41804
0.38835
0.36397
0.34632
0.33968
0.36241
0.41644
0.47464
0.50986
0.48501
0.49313
0.4697
0.50582
0.58985
0.6022
0.61233
0.57572
0.53879
0.72114
0.75329
0.75789
0.76676
0.71189
0.46424
0.41102
0.39228
0.3995
0.39043
0.37196
0.34342
0.33964
0.34001
0.37997
0.41582
0.4366
0.49694
0.53674
0.58797
0.59642
0.71384
0.69198
0.69171
0.67628
0.67766
0.68735
0.68272
0.64932
0.62698
0.62953
0.6054
0.54487
0.56182
0.57635
0.51919
0.54801
0.5268
0.47857
0.38828
0.30995
0.31246
0.28641
0.2088
0.21294
0.19688
0.24695
0.30703
0.35988
0.41439
0.49728
0.84374
0.81974
0.79733
0.75948
0.75363
0.74635
0.73026
0.70968
0.62679
0.67333
0.55893
0.43134
0.39584
0.37252
0.36829
0.38246
0.43113
0.38151
0.32627
0.36643
0.30265
0.36659
0.35344
0.37339
0.38867
0.33579
0.31401
0.30958
0.30256
0.33152
0.43068
0.44415
0.45913
0.45529
0.45875
0.45203
0.4611
0.45608
0.45333
0.44493
0.44922
0.43682
0.41145
0.36456
0.3661
0.38736
0.37524
0.36906
0.33988
0.32746
0.40253
0.3943
0.39741
0.36009
0.36533
0.45643
0.47945
0.54326
0.52718
0.51335
0.5194
0.5106
0.48561
0.82691
0.68345
0.83894
0.80818
0.84007
0.72729
0.68765
0.57155
0.83673
0.86055
0.86903
0.85424
0.83914
0.83112
0.81308
0.73817
0.70451
0.64607
0.56512
0.52737
0.46319
0.38188
0.33138
0.27983
0.25453
0.25906
0.27191
0.29541
0.29424
0.29218
0.28229
0.23096
0.23107
0.27056
0.32608
0.32888
0.36679
0.44382
0.44142
0.79373
0.61694
0.86137
0.83423
0.81203
0.80274
0.79206
0.7653
0.76599
0.7695
0.7634
0.75764
0.67765
0.51401
0.41141
0.38393
0.35551
0.34227
0.32925
0.3655
0.31584
0.35292
0.35689
0.36172
0.36228
0.34183
0.32051
0.34766
0.38922
0.36747
0.45102
0.46914
0.49404
0.51484
0.56116
0.45471
0.42234
0.40782
0.37023
0.36136
0.36341
0.39571
0.3776
0.36088
0.33569
0.29868
0.31128
0.31453
0.34893
0.33942
0.36673
0.38222
0.35314
0.34832
0.34871
0.332
0.31522
0.30649
0.2593
0.24897
0.25256
0.32783
0.4377
0.46897
0.47119
0.47368
0.46422
0.42742
0.35989
0.3445
0.34964
0.34588
0.34116
0.3425
0.34145
0.334
0.32239
0.3194
0.32464
0.31288
0.3241
0.32245
0.34515
0.41431
0.43538
0.43262
0.50904
0.50276
0.51006
0.49674
0.47594
0.49258
0.50469
0.48696
0.55401
0.52763
0.56096
0.77215
0.92392
0.75823
0.61847
0.62369
0.61005
0.65034
0.58165
0.5535
0.76927
0.77777
0.61987
0.52732
0.48216
0.45356
0.48592
0.56562
0.53783
0.48561
0.50948
0.48661
0.47278
0.48863
0.50208
0.6462
0.71084
0.64627
0.51418
0.45256
0.49263
0.5215
0.48945
0.45987
0.44592
0.40678
0.41111
0.40632
0.42879
0.48892
0.47256
0.46276
0.42321
0.45622
0.45122
0.42298
0.41309
0.40599
0.43324
0.3422
0.73786
0.89282
0.87778
0.8753
0.75994
0.69163
0.54229
0.59771
0.56164
0.52769
0.4883
0.46489
0.47238
0.46166
0.38647
0.36427
0.36374
0.35418
0.32857
0.31277
0.32939
0.33084
0.34717
0.37294
0.37675
0.35844
0.33208
0.3162
0.31484
0.32378
0.33798
0.36355
0.38492
0.37183
0.34864
0.32695
0.32763
0.32695
0.32935
0.34124
0.34231
0.33844
0.31672
0.31271
0.3146
0.33595
0.3714
0.46667
0.50626
0.63013
0.9566
0.96778
0.96248
0.95091
0.94842
0.93943
0.89881
0.88272
0.86999
0.77525
0.7612
0.7968
0.89179
0.9404
0.9322
0.94561
0.90157
0.77786
0.7247
0.68459
0.68363
0.67225
0.63987
0.59081
0.53451
0.49289
0.48201
0.44936
0.48067
0.49293
0.50587
0.50371
0.52295
0.43126
0.40418
0.39704
0.44459
0.58474
0.6163
0.6084
0.57343
0.4991
0.46859
0.4726
0.46146
0.45083
0.44197
0.45929
0.45425
0.39501
0.37254
0.35806
0.36877
0.38773
0.37476
0.37081
0.40964
0.42548
0.46056
0.46938
0.49012
0.55462
0.63908
0.70858
0.69019
0.64704
0.62816
0.61858
0.59603
0.6235
0.6686
0.79878
0.91875
0.85976
0.96434
0.96615
0.97279
0.96806
0.96062
0.95066
0.97118
0.96884
0.70125
0.60972
0.58316
0.56735
0.58066
0.64393
0.61688
0.45619
0.44914
0.48714
0.50715
0.49114
0.47285
0.51456
0.53287
0.43084
0.43997
0.43809
0.42123
0.40799
0.39039
0.43056
0.40175
0.40224
0.66824
0.7926
0.90972
0.9398
0.92988
0.94191
0.93179
0.91734
0.86886
0.83619
0.73619
0.77568
0.91997
0.93765
0.83238
0.64911
0.62895
0.62138
0.57669
0.49374
0.45878
0.46899
0.53806
0.5925
0.57133
0.5551
0.56854
0.87479
0.98261
0.96766
0.97011
0.96318
0.94067
0.93484
0.85218
0.96977
0.98001
0.97994
0.96837
0.96112
0.95345
0.94433
0.93897
0.84637
0.79312
0.78938
0.71244
0.61477
0.56611
0.59081
0.95722
0.85936
0.80727
0.85047
0.9995
0.99209
0.99707
0.97777
0.98386
0.97919
0.96035
0.95612
0.97384
0.96911
0.96659
0.73292
0.69072
0.6751
0.59795
0.56829
0.55506
0.58023
0.56033
0.55247
0.56108
0.57635
0.57352
0.58015
0.70413
0.76782
0.68541
0.71517
0.80253
0.86371
0.98474
0.99081
0.93954
0.82756
0.71707
0.6283
0.61694
0.93146
0.95141
0.96603
0.83504
0.7962
0.76423
0.75861
0.98903
0.98545
0.98789
0.99078
1.0009
0.99653
0.99685
0.99992
0.9988
0.98785
0.99667
0.99641
1.0007
0.99857
0.99797
0.99859
0.95509
0.94724
0.90342
0.96237
0.94757
0.93672
0.80674
0.60195
0.52158
0.5476
0.67272
0.76552
0.83663
0.85058
0.66561
0.50511
0.40111
0.37697
0.39083
0.38445
0.44635
0.32992
0.48601
0.52991
0.35528
0.34603
0.3625
0.42855
0.55769
0.61038
0.62777
0.65129
0.56701
0.43108
0.51248
0.62374
0.76475
0.74592
0.65725
0.55617
0.52338
0.50097
0.49339
0.53106
0.5737
0.51109
0.4268
0.39773
0.40531
0.49763
0.51261
0.51261
0.57199
0.59417
0.51805
0.49847
0.5252
0.5344
0.53225
0.52176
0.46168
0.40789
0.39372
0.3906
0.39355
0.40962
0.42909
0.47284
0.46617
0.40231
0.40131
0.39606
0.41647
0.4479
0.49006
0.53864
0.55344
0.55826
0.51906
0.50787
0.52839
0.52921
0.49873
0.55587
0.57983
0.53551
0.49138
0.46343
0.45304
0.49105
0.4367
0.47699
0.46919
0.44877
0.46673
0.48125
0.48226
0.50124
0.52342
0.61098
0.60879
0.512
0.53896
0.60101
0.61088
0.58099
0.57044
0.58388
0.62573
0.6401
0.61036
0.54399
0.53749
0.61539
0.5532
0.49586
0.5192
0.5328
0.62248
0.59372
0.54783
0.58836
0.571
0.5239
0.51189
0.5073
0.49551
0.55074
0.4951
0.45753
0.46625
0.47538
0.4982
0.49794
0.45817
0.45207
0.47836
0.48392
0.51134
0.54795
0.58399
0.6403
0.74869
0.80713
0.99493
0.99797
0.99559
0.87117
0.79286
0.75481
0.7021
0.60565
0.65252
0.54733
0.49432
0.51632
0.51063
0.56023
0.58526
0.49984
0.55791
0.56199
0.57507
0.56957
0.54048
0.52918
0.58873
0.69744
0.79449
0.88332
0.86952
0.57321
0.55487
0.53422
0.43068
0.55012
0.98583
0.934
0.69442
0.53286
0.64534
0.589
0.58011
0.52337
0.50264
0.49531
0.51996
0.51698
0.56759
0.56287
0.95813
0.99906
1.0009
0.82382
0.77442
0.9521
0.9002
0.8475
0.74427
0.72036
0.72309
0.65581
0.64768
0.66756
0.74709
0.81549
0.85807
0.73927
0.98873
0.87931
0.75029
0.60998
0.51856
0.49291
0.47765
0.35099
0.35506
0.41171
0.51713
0.56255
0.57181
0.54631
0.69871
0.97875
0.99727
0.90647
0.93868
1.0003
0.99894
0.9981
0.92981
0.90814
0.84451
0.77137
0.6595
0.65837
0.67556
0.68152
0.70305
0.80618
0.78353
0.74275
0.7432
0.74509
0.6399
0.64978
0.61819
0.57884
0.56127
0.5098
0.49783
0.53055
0.52871
0.50067
0.46517
0.51294
0.44887
0.44104
0.4676
0.45541
0.47645
0.47793
0.50706
0.54602
0.62041
0.58897
0.5274
0.47918
0.45159
0.48623
0.61467
0.66782
0.58431
0.51582
0.48912
0.45203
0.44508
0.44567
0.53124
0.50698
0.50535
0.52825
0.62957
0.99024
0.99989
0.99719
0.99899
0.99808
0.98854
0.92954
1.0008
0.9872
0.75368
0.69259
0.99927
1.0009
0.98953
0.99361
0.99816
1.0008
0.97734
0.90528
0.92846
0.97584
0.79061
0.71345
0.74281
0.79132
0.80417
0.87748
0.84794
0.79042
0.7852
0.71915
0.5775
0.61124
0.63479
0.73744
0.70636
0.74092
0.73069
0.67384
0.66079
0.67654
0.67396
0.68293
0.59997
0.52178
0.47529
0.46483
0.45641
0.4518
0.43338
0.41666
0.40538
0.41454
0.42382
0.44842
0.5772
0.84827
0.88441
0.9432
0.99248
0.99515
0.96472
0.91741
0.9204
0.91809
0.89235
0.91057
0.89116
0.89548
0.965
0.99024
0.97653
0.98002
0.97694
0.98619
0.99758
0.99868
0.99972
0.98861
0.96407
0.8901
0.86707
0.85269
0.83202
0.76922
0.83041
0.88032
0.95055
0.99893
0.99909
0.9995
0.90293
0.78213
0.73179
0.78466
0.8967
0.92278
0.96236
0.99764
0.96947
0.94694
0.97462
0.9689
0.9082
0.75743
0.62274
0.53003
0.65436
0.65457
0.59981
0.52845
0.51434
0.4806
0.48318
0.50018
0.47124
0.42289
0.40864
0.40116
0.46277
0.56438
0.62379
0.65851
0.6808
0.71645
0.75862
0.84034
0.86234
0.86853
0.84302
0.82539
0.87137
0.92349
0.83478
0.77573
0.77816
0.73134
0.64117
0.59134
0.58084
0.49781
0.48045
0.4502
0.40768
0.3685
0.44444
0.42511
0.45624
0.45257
0.43401
0.47501
0.55553
0.52596
0.58968
0.57407
0.55056
0.55715
0.73502
0.65217
0.69917
0.93041
0.83112
0.76039
0.77512
0.76882
0.73726
0.66259
0.61183
0.64038
0.66966
0.68358
0.68396
0.68122
0.63943
0.61754
0.64954
0.64715
0.85727
0.90025
0.74772
0.70173
0.67185
0.58834
0.64163
0.63282
0.61461
0.60395
0.60549
0.58695
0.57877
0.53856
0.51061
0.5511
0.54599
0.57895
0.59224
0.57888
0.57102
0.50582
0.47017
0.49736
0.59557
0.70818
0.62935
0.64632
0.78082
0.70234
0.63874
0.68792
0.71058
0.75211
0.77027
0.7756
0.76769
0.73882
0.71092
0.73172
0.6489
0.59994
0.6009
0.56251
0.55866
0.5199
0.49435
0.47847
0.52155
0.49223
0.57233
0.45964
0.41905
0.42606
0.43613
0.4441
0.44613
0.45286
0.46024
0.46244
0.44961
0.42049
0.43679
0.47351
0.46057
0.58233
0.60067
0.65966
0.71422
0.66492
0.63787
0.67125
0.6691
0.64443
0.62135
0.57371
0.52911
0.49979
0.51138
0.51561
0.54776
0.5826
0.58174
0.58249
0.62417
0.61412
0.57547
0.57984
0.56465
0.58245
0.6228
0.58668
0.55219
0.54372
0.56049
0.55371
0.69327
0.65827
0.71392
0.63521
0.57535
0.58059
0.53583
0.53774
0.5413
0.53866
0.58461
0.63047
0.64128
0.65019
0.7096
0.88185
0.83995
0.79725
0.77762
0.84202
0.86014
0.77946
0.77129
0.80888
0.6964
0.61535
0.58437
0.52861
0.47257
0.47713
0.50297
0.47659
0.47838
0.42051
0.41814
0.43158
0.43511
0.4541
0.39894
0.38309
0.3784
0.38982
0.39207
0.38288
0.36379
0.3357
0.36209
0.39509
0.41247
0.50311
0.63191
0.5064
0.46735
0.48583
0.48141
0.47621
0.50068
0.52825
0.52174
0.54407
0.61968
0.67195
0.68506
0.83472
0.87561
0.92271
0.98263
0.9992
0.9992
1.0004
0.89564
0.93075
0.88259
0.87927
0.87356
0.80339
0.7551
0.65567
0.52969
0.53321
0.45183
0.52264
0.47883
0.58336
0.66699
0.92716
0.83554
0.95309
0.96211
0.99074
0.99357
1.0004
1.0004
0.88811
0.91542
0.85866
0.67828
0.67067
0.62142
0.57765
0.5569
0.53407
0.54742
0.53257
0.67201
0.88313
0.90802
0.98402
0.99919
0.99903
0.99958
0.99731
0.99995
0.99888
0.98662
0.9693
0.90279
0.90177
0.82783
0.7553
0.73875
0.72447
0.73968
0.79555
0.85109
0.78813
0.80797
0.92101
0.90692
0.86877
0.69965
0.6446
0.66269
0.56417
0.55045
0.6171
0.71266
0.76201
0.78822
0.8238
0.83463
0.82036
0.75443
0.73299
0.79768
0.81285
0.7775
0.77946
0.77277
0.77484
0.80503
0.8119
0.78909
0.72963
0.70172
0.66475
0.642
0.61806
0.59695
0.55947
0.56854
0.62401
0.64222
0.5996
0.62379
0.63147
0.68092
0.66238
0.67839
0.69503
0.66311
0.60427
0.65235
0.66484
0.77159
0.92153
0.81852
0.75284
0.67523
0.61334
0.57709
0.5483
0.51643
0.51587
0.501
0.51536
0.50033
0.49398
0.46181
0.43729
0.43691
0.48256
0.46408
0.56363
0.62865
0.63764
0.59695
0.46913
0.4895
0.49725
0.49748
0.48016
0.48547
0.45544
0.43026
0.41201
0.4034
0.41457
0.43156
0.57622
0.60182
0.75497
0.95344
0.9846
1.0005
0.99894
0.99928
0.9986
0.99717
0.54027
0.47585
0.43431
0.43443
0.50357
0.59786
0.58188
0.65323
0.65198
0.68772
0.8454
0.98066
0.99277
0.99753
0.99962
1.0002
1.0006
0.99922
0.99939
0.99946
0.96107
0.96866
0.93091
0.93973
0.82926
0.87742
0.8844
0.79705
0.73842
0.68224
0.58828
0.49342
0.46246
0.43295
0.39379
0.40245
0.40599
0.429
0.46133
0.48395
0.47123
0.42465
0.39909
0.43222
0.46353
0.46828
0.50248
0.5299
0.539
0.50361
0.49864
0.46339
0.47135
0.63972
0.79566
0.85782
0.74986
0.67568
0.66288
0.66967
0.88962
0.86283
0.88662
0.77826
0.88804
0.84485
0.75158
0.7466
0.73191
0.77252
0.70489
0.57395
0.54287
0.48772
0.43032
0.42292
0.39684
0.38752
0.48354
0.54267
0.711
0.85634
0.84197
0.72845
0.6228
0.50948
0.44068
0.43533
0.52959
0.59603
0.63246
0.61394
0.73376
0.74605
0.81546
0.70545
0.57581
0.48427
0.43678
0.41361
0.38869
0.37739
0.35865
0.35641
0.36127
0.33916
0.333
0.34171
0.37066
0.39784
0.4427
0.44362
0.44502
0.43132
0.42815
0.50227
0.53873
0.50557
0.55577
0.56276
0.53308
0.51244
0.45881
0.46378
0.48122
0.45027
0.44838
0.43592
0.42332
0.42388
0.3737
0.33627
0.32278
0.3434
0.39148
0.43716
0.43026
0.3983
0.39139
0.41934
0.46371
0.49354
0.49929
0.49841
0.48395
0.45985
0.42012
0.4047
0.40448
0.43496
0.42866
0.42802
0.45269
0.43469
0.49305
0.74298
0.53629
0.42665
0.35333
0.39212
0.56183
0.61422
0.65325
0.57479
0.51974
0.52296
0.59972
0.57109
0.57435
0.57243
0.55398
0.41825
0.44491
0.55963
0.54992
0.55782
0.55644
0.52562
0.54962
0.78528
0.93288
0.99568
0.99566
0.98764
0.97672
0.87324
0.65501
0.60971
0.64427
0.69873
0.64389
0.56177
0.52896
0.49571
0.51013
0.69359
0.99163
0.97121
0.97475
0.97015
0.96755
0.96101
0.8593
0.74985
0.92792
0.8311
0.50497
0.49171
0.4857
0.47927
0.50659
0.44781
0.42289
0.44089
0.41985
0.59629
0.80997
0.89709
0.85491
0.79565
0.80989
0.62814
0.55168
0.51416
0.50151
0.4595
0.41734
0.57156
0.71449
0.72771
0.76271
0.74852
0.76622
0.74081
0.60378
0.83919
0.66791
0.51653
0.5145
0.51016
0.51879
0.49783
0.47679
0.46053
0.44086
0.41775
0.4033
0.44325
0.44267
0.35495
0.30446
0.29311
0.2857
0.29485
0.32068
0.4082
0.34129
0.29378
0.28181
0.3316
0.49179
0.53588
0.56517
0.9285
0.70001
0.74639
0.75823
0.68475
0.89994
0.59755
0.54723
0.48138
0.47862
0.49748
0.48858
0.49405
0.51262
0.60908
0.92698
0.87567
0.71371
0.6442
0.611
0.58336
0.57345
0.57801
0.60024
0.89081
0.92868
0.90546
0.93579
0.94758
0.74712
0.67303
0.65867
0.59906
0.41499
0.39565
0.38296
0.47901
0.54473
0.54734
0.54868
0.55791
0.54248
0.54926
0.54102
0.50609
0.49701
0.46903
0.45548
0.45885
0.44996
0.45236
0.4367
0.44541
0.47758
0.48453
0.48934
0.59621
0.8206
0.64278
0.89961
0.8294
0.94715
0.91533
0.93614
0.92023
0.94468
0.95088
0.95063
0.94487
0.94092
0.93431
0.88549
0.7246
0.64289
0.57674
0.57322
0.55188
0.50741
0.4899
0.48322
0.47622
0.46926
0.45702
0.44994
0.4395
0.4458
0.43302
0.44956
0.44427
0.47361
0.45902
0.49408
0.51789
0.51565
0.54501
0.53587
0.53809
0.53003
0.52253
0.51688
0.52538
0.60215
0.88305
0.89897
0.9167
0.91208
0.90982
0.91233
0.91458
0.90826
0.88695
0.83825
0.64082
0.58863
0.50108
0.48221
0.46412
0.44267
0.41429
0.40727
0.3886
0.37905
0.3764
0.3711
0.36866
0.41024
0.43323
0.43467
0.45101
0.46533
0.45084
0.42437
0.42608
0.39111
0.40633
0.36305
0.32561
0.3131
0.30983
0.29504
0.28881
0.31332
0.34275
0.31899
0.34051
0.34976
0.36001
0.36166
0.3642
0.39693
0.55025
0.59774
0.48818
0.56594
0.4851
0.48386
0.47596
0.4773
0.4574
0.46163
0.4839
0.53003
0.80074
0.89818
0.91114
0.90526
0.89745
0.85351
0.66314
0.53645
0.51692
0.49419
0.46087
0.45478
0.43479
0.3864
0.3699
0.41249
0.47884
0.46394
0.41326
0.38061
0.49388
0.75328
0.65454
0.48424
0.4364
0.33874
0.32837
0.2162
0.16507
0.15472
0.17143
0.27889
0.43534
0.40897
0.43345
0.3967
0.35375
0.3285
0.28748
0.30522
0.33339
0.28765
0.24344
0.22177
0.21925
0.28869
0.34372
0.60136
0.83234
0.84939
0.85173
0.82577
0.80499
0.66544
0.5334
0.74485
0.8083
0.83059
0.77194
0.68029
0.59321
0.49353
0.45912
0.42932
0.39577
0.38955
0.35669
0.32636
0.29149
0.28572
0.2877
0.27798
0.26817
0.26846
0.27394
0.26221
0.25984
0.24919
0.2697
0.26973
0.28269
0.26661
0.28652
0.27956
0.27141
0.27992
0.27541
0.29045
0.27765
0.27888
0.29359
0.28449
0.27709
0.25779
0.24612
0.2431
0.24955
0.25385
0.24559
0.28794
0.27812
0.28572
0.30615
0.32896
0.3323
0.33184
0.31913
0.31254
0.32862
0.35385
0.41046
0.43521
0.44295
0.47393
0.47896
0.45736
0.41567
0.39454
0.33279
0.36152
0.51634
0.44315
0.33901
0.41016
0.34489
0.68345
0.86925
0.87125
0.84058
0.64328
0.56585
0.49962
0.56701
0.59478
0.9206
0.9229
0.91556
0.91273
0.83013
0.83437
0.62073
0.56597
0.58507
0.66681
0.86215
0.82106
0.68108
0.8598
0.83959
0.78633
0.7568
0.59693
0.54036
0.46739
0.47097
0.46194
0.41173
0.40101
0.39312
0.43449
0.37744
0.29908
0.27967
0.32343
0.36674
0.50074
0.89189
0.90845
0.91606
0.90311
0.94682
0.9511
0.6632
0.45444
0.4155
0.43091
0.40806
0.44287
0.44327
0.47442
0.47139
0.48653
0.50568
0.48626
0.48245
0.52573
0.50335
0.55628
0.55336
0.89657
0.58522
0.5166
0.40909
0.40309
0.38049
0.39717
0.44144
0.49211
0.51716
0.49992
0.49684
0.40989
0.28847
0.2771
0.45883
0.64768
0.70346
0.60646
0.62353
0.61288
0.70046
0.76008
0.83489
0.92204
0.93002
0.91996
0.81986
0.90676
0.84169
0.66776
0.53599
0.53874
0.54193
0.56056
0.65081
0.88414
0.91083
0.89881
0.8718
0.73841
0.55468
0.52388
0.49497
0.60007
0.90442
0.93083
0.91277
0.61297
0.54457
0.51201
0.52272
0.57128
0.59816
0.6017
0.9758
0.93908
0.95872
0.9557
0.96672
0.95041
0.94314
0.92514
0.91969
0.91429
0.90408
0.89772
0.78384
0.58069
0.58894
0.57714
0.48668
0.43727
0.39039
0.36794
0.37123
0.64263
0.89737
0.88921
0.90985
0.88211
0.94331
0.94933
0.9411
0.92821
0.92225
0.95057
0.95362
0.94629
0.95481
0.93242
0.84423
0.90902
0.90541
0.90404
0.88873
0.8838
0.89253
0.86689
0.70011
0.56098
0.52438
0.51246
0.5271
0.84282
0.87778
0.85415
0.8319
0.84796
0.84874
0.55462
0.47407
0.46091
0.45242
0.45037
0.45046
0.45057
0.43913
0.43762
0.42556
0.40394
0.42602
0.39485
0.40635
0.45068
0.5126
0.54584
0.53104
0.5438
0.56643
0.56957
0.41419
0.43441
0.39194
0.37115
0.39846
0.5522
0.59987
0.56643
0.55415
0.55693
0.52793
0.52475
0.54223
0.53063
0.54608
0.58186
0.86136
0.87515
0.87101
0.59022
0.52821
0.49062
0.48913
0.43713
0.42159
0.41109
0.42908
0.48622
0.43666
0.40017
0.5691
0.62094
0.67352
0.58239
0.56559
0.55
0.55481
0.64886
0.90976
0.89375
0.87584
0.89289
0.82369
0.55634
0.42092
0.37743
0.42319
0.42582
0.48699
0.51659
0.55051
0.57822
0.58785
0.72169
0.68358
0.59754
0.55541
0.54525
0.4087
0.43689
0.49101
0.43081
0.41864
0.3952
0.39754
0.40663
0.43639
0.44944
0.4867
0.47099
0.45987
0.4457
0.44086
0.69875
0.72808
0.76045
0.76478
0.84192
0.83135
0.7156
0.54918
0.47406
0.48686
0.80662
0.80412
0.79957
0.80437
0.80669
0.77733
0.80169
0.75019
0.73283
0.68065
0.63997
0.53264
0.48975
0.50285
0.44187
0.38578
0.34937
0.62496
0.61536
0.53573
0.60757
0.6626
0.64579
0.62525
0.58973
0.57234
0.56311
0.54027
0.52662
0.52348
0.55974
0.53385
0.52696
0.69721
0.73275
0.74044
0.74002
0.69407
0.71033
0.6535
0.63117
0.6282
0.56045
0.58381
0.56455
0.62181
0.58983
0.55559
0.54906
0.53821
0.51013
0.45854
0.43779
0.46034
0.56036
0.53009
0.51472
0.42947
0.39676
0.36835
0.29897
0.29474
0.24332
0.29522
0.47261
0.57206
0.81119
0.8524
0.87113
0.87219
0.86979
0.82898
0.75366
0.56273
0.51167
0.47599
0.42768
0.69293
0.71068
0.7478
0.71805
0.64217
0.7401
0.7529
0.77512
0.66193
0.69288
0.57824
0.65884
0.57841
0.81151
0.79337
0.82877
0.84024
0.83807
0.83349
0.8295
0.8061
0.77484
0.6861
0.68381
0.68602
0.67376
0.586
0.4608
0.39634
0.32269
0.25938
0.24774
0.24619
0.24601
0.26167
0.25814
0.23951
0.27172
0.29112
0.27205
0.28839
0.40517
0.52882
0.49829
0.47108
0.41133
0.35495
0.32277
0.32271
0.37682
0.41427
0.43048
0.68942
0.54145
0.75174
0.88332
0.88991
0.88685
0.88281
0.88316
0.88136
0.88306
0.8895
0.89559
0.90098
0.90258
0.91138
0.91748
0.91789
0.92699
0.92271
0.91905
0.91236
0.90766
0.90395
0.90405
0.90677
0.91399
0.9179
0.92281
0.53556
0.50803
0.5076
0.50431
0.50516
0.5047
0.51045
0.53443
0.56099
0.72361
0.9189
0.91544
0.91019
0.90518
0.90237
0.89989
0.90024
0.89884
0.8961
0.89385
0.89271
0.89327
0.8741
0.87405
0.87992
0.87388
0.86714
0.87557
0.87784
0.87741
0.84396
0.86151
0.87141
0.86741
0.861
0.87955
0.89633
0.90166
0.9158
0.62752
0.64085
0.90463
0.88957
0.88387
0.87994
0.87456
0.86525
0.83741
0.82563
0.81344
0.81089
0.74415
0.62138
0.56388
0.48418
0.45579
0.39532
0.38641
0.36968
0.3878
0.80159
