0.82716
0.87215
0.87473
0.88709
0.8603
0.77152
0.74131
0.61432
0.57919
0.59836
0.55747
0.69966
0.85313
0.86878
0.88324
0.90552
0.89012
0.87354
0.85841
0.79264
0.77287
0.78784
0.71753
0.62625
0.64795
0.5676
0.54878
0.53209
0.5617
0.49036
0.3935
0.39809
0.35339
0.63385
0.83417
0.9092
0.92201
0.92556
0.91987
0.91517
0.91015
0.90454
0.89831
0.86562
0.85331
0.83139
0.76192
0.74442
0.74277
0.77635
0.74402
0.76924
0.76524
0.76005
0.77466
0.7743
0.76784
0.76752
0.76456
0.75452
0.73487
0.68724
0.61263
0.58052
0.50841
0.48816
0.47665
0.44434
0.45291
0.39717
0.37288
0.28548
0.23571
0.23231
0.2395
0.23489
0.23323
0.2039
0.18559
0.18401
0.24396
0.2461
0.45465
0.5183
0.60597
0.45172
0.46797
0.80932
0.83136
0.83971
0.84385
0.84467
0.84645
0.8471
0.84497
0.84677
0.8477
0.84661
0.84477
0.84154
0.83528
0.82902
0.82454
0.8112
0.78337
0.78179
0.775
0.77016
0.76216
0.74454
0.74636
0.72564
0.70627
0.65649
0.61354
0.68189
0.69372
0.71273
0.72872
0.67986
0.71365
0.62229
0.50819
0.42213
0.41056
0.47796
0.51035
0.55592
0.54245
0.56972
0.55593
0.66488
0.61789
0.65617
0.61347
0.59298
0.60926
0.75156
0.78402
0.80369
0.81706
0.83197
0.829
0.78935
0.78996
0.73019
0.63126
0.60165
0.55335
0.54687
0.46954
0.38667
0.3162
0.26709
0.27277
0.29621
0.32643
0.36272
0.33871
0.31741
0.40716
0.74146
0.70873
0.66199
0.60572
0.65885
0.57989
0.63779
0.73189
0.73408
0.75447
0.76372
0.76329
0.76205
0.77047
0.75038
0.6625
0.61112
0.45254
0.42677
0.39615
0.45673
0.46084
0.67029
0.62226
0.4164
0.61686
0.77384
0.79005
0.79122
0.7606
0.76433
0.76338
0.73785
0.77374
0.6962
0.63252
0.62078
0.43396
0.47239
0.4293
0.37982
0.35318
0.43312
0.42069
0.31823
0.29309
0.25904
0.24618
0.25822
0.36164
0.85516
0.92983
0.94035
0.91255
0.90189
0.88385
0.89201
0.87748
0.88545
0.87867
0.84811
0.95501
0.96619
0.85352
0.71865
0.66464
0.87477
0.93869
0.93643
0.95724
0.94532
0.89695
0.81637
0.83921
0.83686
0.85545
0.80892
0.85156
0.88457
0.89611
0.90452
0.90372
0.83986
0.77659
0.47903
0.46229
0.39917
0.40594
0.36698
0.35475
0.36937
0.40099
0.37575
0.36825
0.44036
0.36812
0.35465
0.36417
0.3524
0.33683
0.42042
0.34979
0.33722
0.33766
0.33051
0.3144
0.32106
0.32623
0.32363
0.24234
0.2652
0.22734
0.24406
0.27836
0.33078
0.33508
0.31327
0.27323
0.27157
0.25156
0.28801
0.31895
0.31677
0.29869
0.29355
0.28458
0.29122
0.29254
0.29336
0.27165
0.27007
0.30074
0.29162
0.29347
0.31022
0.32431
0.32068
0.32623
0.33399
0.34423
0.47793
0.51493
0.6917
0.54336
0.55559
0.57428
0.68802
0.65686
0.77479
0.77169
0.82107
0.84395
0.85311
0.85489
0.85897
0.85777
0.84774
0.82949
0.68921
0.64056
0.66243
0.60508
0.58397
0.60861
0.57989
0.52834
0.54066
0.52669
0.58886
0.71845
0.72974
0.72199
0.73931
0.73647
0.73907
0.7356
0.73076
0.7176
0.63151
0.58715
0.57302
0.53482
0.67628
0.62208
0.52035
0.42564
0.37517
0.32957
0.32722
0.32748
0.4264
0.29397
0.22556
0.26679
0.27032
0.2646
0.24851
0.24017
0.23094
0.2249
0.21669
0.2065
0.20045
0.18935
0.18332
0.20272
0.19226
0.19507
0.19753
0.20089
0.2085
0.57577
0.92297
0.91705
0.89905
0.8379
0.714
0.592
0.49491
0.50083
0.55571
0.55379
0.47828
0.45734
0.35289
0.32472
0.32803
0.33938
0.35283
0.35773
0.36781
0.41061
0.41226
0.38673
0.49724
0.68492
0.82547
0.89652
0.89631
0.93285
0.83675
0.79444
0.68249
0.6081
0.45872
0.47972
0.5045
0.5803
0.63339
0.74423
0.83922
0.96112
0.95959
0.94037
0.92326
0.9158
0.90211
0.88804
0.87298
0.83751
0.71854
0.80327
0.71767
0.54735
0.43702
0.32392
0.24259
0.30899
0.3163
0.30647
0.29632
0.28548
0.28444
0.29498
0.31818
0.28174
0.24038
0.2514
0.29831
0.29583
0.32244
0.31655
0.29786
0.31195
0.29555
0.33191
0.34557
0.38946
0.78373
0.93012
0.91427
0.90307
0.89247
0.87729
0.87457
0.86175
0.77184
0.81289
0.74363
0.55539
0.51262
0.42692
0.32617
0.33276
0.32725
0.33499
0.34018
0.35454
0.35319
0.35437
0.35507
0.3611
0.3928
0.37887
0.8707
0.87263
0.87536
0.87009
0.86399
0.84201
0.83671
0.84366
0.59414
0.34755
0.81485
0.78206
0.71651
0.63943
0.62376
0.77266
0.79553
0.73369
0.71875
0.79303
0.79514
0.69714
0.59023
0.4257
0.29683
0.32258
0.40487
0.33679
0.67542
0.80432
0.78758
0.81781
0.82222
0.83699
0.84223
0.83771
0.83675
0.72623
0.84901
0.85332
0.85507
0.85827
0.85304
0.6507
0.48529
0.39287
0.3587
0.33568
0.30654
0.28671
0.26382
0.22378
0.18696
0.21896
0.47638
0.63082
0.75018
0.85234
0.84734
0.83985
0.77827
0.75169
0.70401
0.6584
0.63679
0.62788
0.62531
0.57508
0.56663
0.55651
0.50547
0.46738
0.46554
0.48941
0.54131
0.53803
0.56062
0.5484
0.5092
0.52145
0.4941
0.53326
0.58058
0.80627
0.80282
0.76722
0.75156
0.57523
0.45537
0.42312
0.39505
0.3791
0.36874
0.3642
0.33476
0.28931
0.25759
0.22466
0.22712
0.30371
0.29095
0.39643
0.33288
0.30583
0.36583
0.4361
0.56779
0.53919
0.49819
0.57632
0.51492
0.52063
0.80824
0.83987
0.85281
0.83753
0.8438
0.85363
0.84775
0.6863
0.49492
0.45073
0.42531
0.37201
0.33228
0.28457
0.28347
0.26902
0.25812
0.23019
0.26102
0.39412
0.428
0.41106
0.37399
0.34177
0.36492
0.40061
0.53443
0.62966
0.63442
0.61191
0.61376
0.59211
0.50426
0.50295
0.61004
0.47481
0.37828
0.3177
0.31548
0.30081
0.29013
0.32371
0.29973
0.65814
0.38439
0.34054
0.68332
0.5717
0.55893
0.6818
0.77958
0.73435
0.58669
0.49316
0.48156
0.42616
0.42631
0.36525
0.36321
0.39606
0.3061
0.2523
0.26635
0.28413
0.28462
0.26038
0.29671
0.2867
0.28638
0.30129
0.24619
0.25023
0.25415
0.26173
0.41465
0.34302
0.4747
0.80335
0.84345
0.75312
0.86493
0.68703
0.61491
0.50636
0.3452
0.27177
0.23269
0.23781
0.25003
0.27513
0.29667
0.30003
0.3124
0.33302
0.30478
0.28408
0.30263
0.2812
0.28195
0.27844
0.21827
0.22296
0.25225
0.24224
0.20429
0.24127
0.20071
0.23935
0.20689
0.22254
0.27483
0.25525
0.33419
0.37599
0.29981
0.30201
0.33974
0.33038
0.2849
0.3675
0.52243
0.54574
0.59506
0.62713
0.65018
0.28882
0.28957
0.29608
0.28685
0.40249
0.73573
0.7281
0.71605
0.81793
0.90427
0.86175
0.83852
0.7884
0.80946
0.71719
0.51456
0.36127
0.33507
0.34809
0.34558
0.33245
0.35053
0.38463
0.3041
0.33113
0.30267
0.2912
0.3076
0.42374
0.62318
0.61112
0.57066
0.50114
0.50389
0.45393
0.46162
0.61539
0.76008
0.81184
0.78499
0.6992
0.66077
0.63279
0.70044
0.73456
0.72571
0.65438
0.6145
0.81711
0.83639
0.81063
0.81181
0.85775
0.877
0.86586
0.8413
0.83665
0.77499
0.66993
0.59007
0.52061
0.50861
0.46399
0.47614
0.49003
0.53379
0.57118
0.63887
0.71815
0.72008
0.68304
0.62239
0.48217
0.37554
0.31923
0.31256
0.37162
0.47445
0.4389
0.33973
0.29363
0.30162
0.30288
0.31797
0.53459
0.60297
0.5721
0.53136
0.52627
0.46107
0.39127
0.40137
0.48568
0.50421
0.51628
0.39464
0.38024
0.34781
0.31489
0.25832
0.52081
0.47656
0.59362
0.65749
0.67096
0.71234
0.75201
0.8293
0.87761
0.92078
0.92332
0.90847
0.89609
0.8908
0.88636
0.88708
0.90072
0.91134
0.8652
0.8067
0.68136
0.49808
0.46532
0.43011
0.55376
0.56688
0.49089
0.57345
0.39773
0.46218
0.48777
0.47814
0.38787
0.916
0.92825
0.94989
0.95078
0.94406
0.94696
0.94043
0.94619
0.92258
0.89488
0.88539
0.91498
0.80107
0.67737
0.71811
0.70853
0.63146
0.61345
0.70704
0.69837
0.77001
0.85124
0.91779
0.9674
0.9277
0.90805
0.88484
0.83336
0.8122
0.80937
0.8014
0.77113
0.72682
0.72867
0.71833
0.66924
0.59855
0.56903
0.56323
0.61688
0.70001
0.72278
0.70154
0.65345
0.48011
0.39792
0.41634
0.70036
0.71453
0.7021
0.62661
0.63292
0.6901
0.71166
0.36937
0.41153
0.44515
0.32068
0.26714
0.22772
0.22616
0.23838
0.26738
0.28533
0.29796
0.30995
0.29807
0.31927
0.34287
0.35172
0.33848
0.32634
0.35155
0.34692
0.3025
0.26077
0.25135
0.24881
0.2684
0.30735
0.32974
0.33969
0.31262
0.26152
0.25033
0.24603
0.25333
0.29905
0.26595
0.29762
0.31251
0.28494
0.3072
0.32992
0.32822
0.34386
0.33543
0.31784
0.51881
0.50012
0.38995
0.37424
0.35061
0.44002
0.67437
0.67329
0.68051
0.73436
0.71291
0.79683
0.83601
0.86387
0.80928
0.71971
0.7622
0.7848
0.54846
0.46224
0.51668
0.60951
0.71248
0.89019
0.92632
0.81644
0.98842
0.99908
0.96709
0.99784
0.99906
0.99881
0.97405
1.0008
1.0002
0.99969
0.99927
1.0009
0.99921
0.99941
0.99453
0.98518
0.97265
0.9507
0.96252
0.94334
0.94518
0.84585
0.87573
0.86781
0.87681
0.82073
0.75734
0.72243
0.68995
0.66845
0.71529
0.73809
0.7626
0.72145
0.67677
0.60762
0.56192
0.54819
0.62726
0.66884
0.56933
0.45069
0.48034
0.51403
0.43769
0.41495
0.34859
0.35665
0.38346
0.3358
0.33088
0.34973
0.36293
0.37575
0.39649
0.34081
0.35719
0.34246
0.40124
0.41395
0.44702
0.50569
0.55828
0.49874
0.42979
0.44222
0.4442
0.51458
0.50604
0.46333
0.43984
0.53273
0.60261
0.98236
0.92501
0.98152
0.91325
0.99487
0.96294
0.76343
0.76404
0.84829
0.99832
0.92983
0.83244
0.76556
0.63473
0.68735
0.71782
0.71533
0.72792
0.68265
0.70892
0.71944
0.77734
0.83439
0.77189
0.58985
0.4203
0.39218
0.40892
0.46056
0.34742
0.38743
0.50204
0.50488
0.40763
0.30009
0.30668
0.33697
0.39656
0.37085
0.36069
0.3402
0.34296
0.34741
0.32528
0.33972
0.40567
0.34005
0.31981
0.32933
0.32205
0.31563
0.30685
0.30283
0.36674
0.33227
0.30976
0.29174
0.29052
0.35027
0.42139
0.4064
0.42628
0.51236
0.46395
0.38853
0.35997
0.31292
0.28481
0.34464
0.47852
0.46197
0.34745
0.49083
0.50975
0.56334
0.5577
0.52152
0.68107
0.61368
0.41499
0.37521
0.34022
0.3975
0.53222
0.49573
0.62896
0.64594
0.55763
0.64055
0.53875
0.48968
0.48349
0.47489
0.43893
0.41184
0.39227
0.38731
0.39607
0.40123
0.35631
0.40816
0.37671
0.34
0.32111
0.3235
0.32379
0.30979
0.29314
0.41181
0.39085
0.55692
0.65439
0.67974
0.76188
0.73033
0.6656
0.69521
0.69644
0.69524
0.72267
0.74553
0.72149
0.64586
0.60537
0.616
0.64537
0.65869
0.68316
0.69519
0.67658
0.63279
0.59798
0.53806
0.77357
0.90196
0.92623
0.99803
0.99715
0.99643
0.9555
0.85522
0.81949
0.80858
0.82851
0.84887
0.85233
0.79633
0.68831
0.5803
0.49574
0.45753
0.51971
0.56149
0.55405
0.47998
0.37777
0.40046
0.4421
0.47589
0.51836
0.43315
0.40024
0.4567
0.4609
0.41365
0.46425
0.42997
0.40098
0.35291
0.33674
0.32826
0.35104
0.38486
0.40535
0.35678
0.40246
0.50075
0.54543
0.55378
0.55003
0.54676
0.55802
0.5482
0.5453
0.55464
0.53735
0.49786
0.48081
0.45138
0.4607
0.5105
0.51019
0.48109
0.49015
0.43321
0.42508
0.45237
0.44482
0.5053
0.52571
0.50181
0.49204
0.45787
0.47626
0.52311
0.5253
0.54215
0.55109
0.54553
0.50073
0.48486
0.51047
0.52322
0.56549
0.59027
0.59816
0.56861
0.5231
0.57169
0.59567
0.60204
0.66743
0.74051
0.7734
0.83726
0.85984
0.84369
0.75274
0.72999
0.71898
0.75931
0.78948
0.77154
0.65177
0.61931
0.5929
0.67726
0.678
0.68867
0.73477
0.78918
0.8925
0.97048
0.96273
0.96269
0.92766
0.79267
0.77424
0.73701
0.68847
0.67441
0.5906
0.53814
0.50894
0.60952
0.74774
0.7321
0.73103
0.69388
0.69314
0.69879
0.71899
0.75194
0.74219
0.72284
0.72375
0.69586
0.67014
0.65384
0.84498
0.95826
0.87781
0.88402
0.92636
0.91294
0.90068
0.79049
0.85418
0.87988
0.91592
0.96137
0.99525
0.94063
0.87567
0.84558
0.83415
0.83508
0.84562
0.82728
0.78754
0.74071
0.69663
0.63886
0.61794
0.75407
0.77212
0.73981
0.73729
0.68164
0.4983
0.38756
0.49422
0.50241
0.53442
0.69344
0.51853
0.48851
0.50377
0.53827
0.52668
0.51474
0.51505
0.67487
0.83292
0.97773
0.95473
0.9231
0.89633
0.87185
0.83269
0.86968
0.81795
0.72952
0.631
0.56082
0.57661
0.58362
0.55771
0.50238
0.5129
0.455
0.39416
0.36192
0.34959
0.37445
0.32538
0.35098
0.35842
0.39156
0.50117
0.52164
0.5937
0.68202
0.74385
0.80045
0.84798
0.82258
0.78988
0.79423
0.80332
0.81511
0.834
0.82557
0.80051
0.73851
0.70058
0.70851
0.74696
0.65273
0.62614
0.55439
0.5109
0.41977
0.38616
0.32017
0.30197
0.33168
0.33589
0.31896
0.34108
0.35711
0.34062
0.33663
0.35154
0.4161
0.46907
0.51777
0.5087
0.43332
0.53597
0.62671
0.60953
0.67926
0.73733
0.71744
0.69549
0.61345
0.64816
0.72934
0.75431
0.83822
0.91498
0.88525
0.92384
0.99718
0.99375
0.98303
0.96632
0.97028
0.95261
0.96865
0.9242
0.87711
0.81811
0.81027
0.83935
0.89863
0.88995
0.94628
0.91388
0.90596
0.91568
0.84382
0.76293
0.77365
0.8424
0.95929
0.9285
0.8995
0.83337
0.77258
0.74881
0.76672
0.80963
0.84298
0.74172
0.7169
0.65654
0.62205
0.67671
0.77091
0.87056
0.90198
0.84702
0.73263
0.67362
0.63306
0.56746
0.59472
0.58027
0.48209
0.41058
0.36535
0.31037
0.29239
0.31553
0.35864
0.45298
0.50891
0.49728
0.46952
0.47562
0.49615
0.54177
0.56222
0.55184
0.56407
0.56052
0.53211
0.53948
0.55748
0.57475
0.58244
0.5745
0.57443
0.57893
0.55069
0.53862
0.54619
0.55848
0.61338
0.65501
0.62062
0.61151
0.5582
0.56578
0.60893
0.64274
0.69189
0.70212
0.6809
0.6131
0.55703
0.56969
0.52507
0.52298
0.61054
0.60719
0.55291
0.53518
0.49813
0.52048
0.51443
0.56153
0.56732
0.5621
0.51599
0.49646
0.46945
0.4449
0.45727
0.46695
0.41764
0.38487
0.36953
0.33937
0.33802
0.3433
0.42621
0.63211
0.69042
0.86132
0.96198
0.97448
0.94299
0.94444
0.96838
0.97121
0.95849
0.97753
0.95927
0.88899
0.88042
0.91855
0.88223
0.9308
0.87177
0.90207
0.98951
0.99857
0.98058
0.97175
0.90918
0.84783
0.90158
0.9619
0.988
0.9156
0.84806
0.79794
0.68662
0.62799
0.66045
0.74816
0.75936
0.7526
0.84983
0.89005
0.86395
0.8901
0.88283
0.8641
0.85169
0.84562
0.8335
0.80854
0.75862
0.68944
0.63882
0.54901
0.47308
0.43185
0.40792
0.57132
0.72262
0.84612
0.84785
0.86577
0.83343
0.8054
0.74803
0.75005
0.7196
0.77712
0.81368
0.73318
0.67257
0.56864
0.63541
0.84474
0.81299
0.80731
0.7958
0.73093
0.77374
0.88449
0.9986
0.99861
0.99476
0.98898
0.99983
0.99677
1.0001
0.99823
0.99824
0.9974
0.9647
0.97204
0.96021
0.98897
0.99983
0.97443
0.95381
0.88497
0.86487
0.84285
0.8261
0.85618
0.89998
0.94438
0.88845
0.90978
0.94241
0.97567
0.97685
1.0004
0.96112
0.98468
0.99389
0.9458
0.88828
0.90111
0.93846
0.94623
0.90657
0.85813
0.71347
0.69689
0.68893
0.8481
0.93277
0.93006
0.80962
0.61996
0.46557
0.41775
0.51813
0.50421
0.57283
0.5047
0.47807
0.4559
0.39277
0.37471
0.40363
0.4165
0.49762
0.53638
0.61603
0.94192
0.97828
0.96209
0.86568
0.81414
0.82873
0.87982
0.78804
0.74596
0.69443
0.63027
0.56866
0.61452
0.69915
0.68562
0.71999
0.652
0.57458
0.52881
0.49029
0.52849
0.57873
0.70929
0.68711
0.83082
0.75144
0.64454
0.60729
0.82522
0.95294
0.97839
0.9089
0.89886
0.95694
0.90569
0.81258
0.79212
0.87169
0.90231
0.86009
0.80794
0.65288
0.4759
0.42034
0.53125
0.39772
0.30486
0.25347
0.22325
0.55713
0.7235
0.97297
0.90076
0.91542
0.97567
0.96272
0.82675
0.82928
0.82984
0.99292
0.85152
0.65626
0.70509
0.56611
0.59048
0.7256
0.77773
0.87653
0.86636
0.89167
0.93015
0.99821
0.99769
0.99791
0.99915
0.9973
0.99899
0.99839
0.99964
0.99926
0.99864
0.9995
1.0003
1.0005
0.99806
0.9975
0.99794
0.981
0.96616
0.93405
0.89137
0.84184
0.70648
0.77027
0.76773
0.77416
0.86158
0.86992
0.82133
0.82352
0.71579
0.73256
0.66367
0.48031
0.42768
0.42935
0.37085
0.32734
0.30129
0.28805
0.28657
0.26473
0.26181
0.26317
0.2705
0.27233
0.32207
0.39373
0.36986
0.34882
0.34273
0.38499
0.56515
0.60605
0.53992
0.64628
0.53832
0.50519
0.67527
0.74715
0.68741
0.64578
0.63274
0.5773
0.5419
0.49306
0.45819
0.4657
0.48921
0.5762
0.63109
0.69748
0.52643
0.49103
0.43121
0.42401
0.50179
0.63437
0.64829
0.63034
0.483
0.44288
0.37294
0.44702
0.45332
0.53577
0.48096
0.48746
0.44903
0.4878
0.5423
0.4999
0.56134
0.63897
0.78478
0.95898
0.94601
0.99968
0.96888
0.78571
0.93334
0.84762
0.93967
0.89151
0.93089
0.95468
0.9103
0.85503
0.83167
0.86148
0.8506
0.85321
0.76278
0.80375
0.80677
0.83217
0.84584
0.8372
0.86535
0.90333
0.87538
0.87174
0.87498
0.88252
0.92113
0.95999
0.97535
0.9889
0.99729
0.99819
0.99788
0.98658
0.98821
0.96369
0.97716
0.99744
0.9977
0.98763
0.98269
0.96921
0.90379
0.8366
0.838
0.77053
0.64514
0.63304
0.71211
0.72362
0.65859
0.60392
0.63416
0.68993
0.72986
0.8068
0.69642
0.75054
0.83862
0.83039
0.78696
0.74596
0.66827
0.73501
0.79121
0.79086
0.71373
0.70922
0.76819
0.72611
0.67823
0.68848
0.62192
0.82746
0.86446
0.82765
0.85425
0.83281
0.84368
0.80064
0.79338
0.96306
0.96339
0.94854
0.96114
0.95059
0.96309
0.95881
0.96339
0.96709
0.97021
0.93459
0.95398
0.98615
0.99753
0.99748
1.0005
1
0.99123
0.92662
0.95359
0.97313
0.99399
0.9994
1.0007
0.99797
0.89943
0.85504
0.91402
0.98351
1.0003
0.99914
0.98946
0.89467
0.86411
0.86518
0.88085
0.76896
0.8605
0.83577
0.90928
0.90944
0.86699
0.79009
0.81236
0.97953
0.97932
0.93847
0.89614
0.85966
0.89227
0.82688
0.97227
0.87356
0.90533
0.87383
0.77879
0.81656
0.76163
0.80835
0.8663
0.78968
0.63451
0.79085
0.82273
0.47739
0.54418
0.45824
0.73303
0.85309
0.78075
0.81375
0.79747
0.99969
0.99101
0.89809
0.94457
0.75159
0.64834
0.75719
0.69719
0.77566
0.77925
0.74426
0.71708
0.67978
0.75596
0.72224
0.65357
0.71861
0.72989
0.68409
0.66183
0.69489
0.73012
0.72634
0.76937
0.7922
0.75707
0.6972
0.69102
0.65587
0.6028
0.62796
0.59256
0.64547
0.70717
0.90982
0.8019
0.68746
0.56184
0.48512
0.46136
0.44268
0.40331
0.52918
0.442
0.41318
0.55775
0.54164
0.50204
0.42127
0.42396
0.44365
0.391
0.34101
0.33308
0.32969
0.32195
0.30762
0.30652
0.32033
0.32705
0.34876
0.40075
0.45906
0.59751
0.55417
0.72046
0.73205
0.79647
0.82384
0.85727
0.85487
0.91123
0.95332
0.97062
0.97961
0.89222
0.73221
0.64189
0.61613
0.6319
0.71878
0.76259
0.79253
0.8216
0.80994
0.55118
0.43383
0.42825
0.43054
0.42573
0.4144
0.37324
0.3527
0.36176
0.35089
0.34371
0.32891
0.3158
0.32534
0.35654
0.385
0.37704
0.37207
0.34481
0.32343
0.38845
0.38956
0.40402
0.41209
0.4551
0.42858
0.52559
0.43048
0.60092
0.44647
0.39359
0.39634
0.35301
0.34942
0.37825
0.41301
0.37424
0.37103
0.37106
0.36698
0.35939
0.34824
0.34072
0.31928
0.31498
0.34171
0.47015
0.47234
0.41891
0.3774
0.39765
0.35829
0.31194
0.32093
0.3608
0.52173
0.68121
0.97458
0.98601
1.0013
0.99965
0.99872
0.87978
0.58253
0.47902
0.37524
0.33984
0.31841
0.33599
0.35092
0.32951
0.36218
0.43821
0.70183
0.84795
0.93384
0.95482
0.92218
0.89701
0.90116
0.79987
0.67011
0.63978
0.71182
0.73574
0.73781
0.74559
0.72053
0.61232
0.52517
0.45589
0.4901
0.71953
0.67712
0.67373
0.74221
0.6804
0.70573
0.72925
0.88928
0.91552
0.82568
0.7596
0.78956
0.75454
0.79871
0.8084
0.85918
0.87743
0.83722
0.69734
0.72563
0.64353
0.48167
0.53535
0.45745
0.40743
0.34834
0.28788
0.2595
0.25384
0.25833
0.25236
0.25508
0.26414
0.29805
0.29506
0.29432
0.29203
0.30836
0.53253
0.97724
0.96868
0.95595
0.91082
0.93965
0.93197
0.95033
0.95446
0.93554
0.91764
0.65562
0.51965
0.43729
0.40272
0.30315
0.25143
0.21884
0.21029
0.20161
0.23022
0.2819
0.27203
0.41537
0.63838
0.90435
0.85739
0.83457
0.77968
0.80324
0.82362
0.81389
0.84607
0.83967
0.77524
0.72834
0.66232
0.63231
0.5913
0.5725
0.68639
0.52611
0.43226
0.38703
0.38004
0.37201
0.36355
0.40216
0.42878
0.39088
0.35101
0.35741
0.3524
0.35643
0.33733
0.33488
0.39094
0.47324
0.45807
0.4461
0.52666
0.59966
0.46923
0.50073
0.46478
0.35777
0.39449
0.42538
0.33145
0.3317
0.33055
0.31156
0.39543
0.41293
0.38843
0.35926
0.339
0.33811
0.34573
0.35966
0.39967
0.38992
0.38931
0.42908
0.4392
0.41601
0.41648
0.40145
0.38809
0.37616
0.36869
0.37057
0.36668
0.35616
0.45003
0.43744
0.44351
0.39924
0.33649
0.31423
0.30014
0.26374
0.21956
0.17974
0.16108
0.14389
0.13035
0.11429
0.10874
0.094229
0.092748
0.10155
0.13775
0.1575
0.16474
0.14625
0.13203
0.14754
0.62667
0.7193
0.91723
0.79936
0.66814
0.67773
0.57342
0.50808
0.46828
0.43708
0.43753
0.4635
0.43038
0.4064
0.37377
0.43735
0.49239
0.5661
0.63293
0.71742
0.89285
0.93822
0.94781
0.96074
0.96367
0.96521
0.96108
0.90284
0.90636
0.86504
0.74411
0.62944
0.50229
0.45811
0.41981
0.5305
0.64017
0.71697
0.78824
0.78164
0.7782
0.72959
0.69299
0.60672
0.62845
0.61662
0.73426
0.81334
0.73723
0.70287
0.6567
0.63181
0.65093
0.63518
0.58431
0.45606
0.45847
0.44508
0.43393
0.39937
0.37914
0.41581
0.3922
0.3718
0.34424
0.32607
0.33688
0.30055
0.30538
0.30838
0.32665
0.39502
0.49531
0.53411
0.52917
0.49397
0.45324
0.42333
0.43272
0.43463
0.43701
0.37451
0.34123
0.33863
0.33044
0.30102
0.35602
0.33964
0.32425
0.33633
0.42131
0.30885
0.26938
0.27762
0.30776
0.31579
0.32126
0.29257
0.25919
0.24548
0.25094
0.23389
0.23835
0.2329
0.22353
0.23012
0.22954
0.22047
0.2273
0.22122
0.22065
0.22212
0.20636
0.20828
0.2124
0.19861
0.205
0.25663
0.46756
0.44164
0.41878
0.37253
0.39105
0.44175
0.44545
0.49282
0.53924
0.57899
0.64741
0.80427
0.90501
0.88483
0.86694
0.78112
0.50473
0.43521
0.4713
0.51319
0.45889
0.43635
0.39816
0.67623
0.40256
0.46381
0.6488
0.58519
0.44421
0.48363
0.45732
0.39809
0.41816
0.71447
0.83392
0.80481
0.82003
0.78668
0.70885
0.62451
0.56454
0.56559
0.49826
0.5029
0.81274
0.94308
0.94018
0.91316
0.85941
0.75174
0.63914
0.56821
0.45447
0.42511
0.42884
0.49218
0.47846
0.46693
0.44549
0.43396
0.35422
0.30997
0.24276
0.236
0.23473
0.23605
0.29228
0.36613
0.47133
0.59205
0.54552
0.66017
0.93119
0.94909
0.9726
0.96669
0.96053
0.97212
0.9623
0.95637
0.95044
0.93603
0.83161
0.78162
0.61563
0.71392
0.65797
0.59619
0.5635
0.51829
0.39523
0.33019
0.29525
0.35005
0.3704
0.53609
0.46293
0.39814
0.34493
0.31125
0.29627
0.2785
0.30128
0.25606
0.24863
0.25962
0.26825
0.26697
0.26375
0.26448
0.24401
0.23105
0.25022
0.48402
0.76841
0.82034
0.85329
0.66629
0.34175
0.27079
0.22746
0.2156
0.23117
0.27412
0.30266
0.31817
0.32202
0.31016
0.30022
0.28579
0.28495
0.28313
0.29509
0.39856
0.41455
0.4181
0.37294
0.3542
0.34475
0.35323
0.40825
0.41131
0.32892
0.3557
0.42741
0.58173
0.70974
0.64064
0.60108
0.54877
0.60306
0.55412
0.49964
0.92079
0.94909
0.42244
0.44979
0.39815
0.33368
0.33191
0.31981
0.27575
0.23642
0.1992
0.21211
0.21962
0.22126
0.23735
0.23759
0.2389
0.25058
0.21846
0.21342
0.23962
0.24418
0.25128
0.23801
0.23543
0.22797
0.27708
0.24679
0.34177
0.36771
0.55332
0.84919
0.69544
0.78258
0.65686
0.50878
0.52391
0.58005
0.53391
0.60731
0.54967
0.53541
0.5138
0.54338
0.574
0.54883
0.4792
0.49148
0.54663
0.66257
0.79121
0.85825
0.81272
0.66133
0.65436
0.74792
0.91966
0.95405
0.95513
0.94663
0.918
0.87235
0.97408
0.97135
0.90707
0.80863
0.81116
0.80161
0.74423
0.87424
0.70183
0.63838
0.52996
0.60105
0.72474
0.96878
0.95431
0.96524
0.94884
0.97636
0.96872
0.96718
0.96547
0.94985
0.96004
0.98127
0.97846
0.97385
0.97335
0.94958
0.89882
0.88853
0.91844
0.89249
0.93094
0.94291
0.93762
0.9306
0.92008
0.91534
0.91187
0.75656
0.50274
0.70589
0.4619
0.4875
0.53089
0.48944
0.39395
0.3768
0.34593
0.30554
0.27414
0.23632
0.27715
0.74499
0.85702
0.86538
0.87965
0.87861
0.89145
0.87422
0.88045
0.87077
0.91546
0.86991
0.95694
0.79509
0.56092
0.49287
0.82337
0.88746
0.69177
0.71811
0.59364
0.56341
0.61819
0.52687
0.41847
0.95723
0.94561
0.90137
0.91259
0.90635
0.56954
0.56094
0.5312
0.59202
0.55246
0.49964
0.48984
0.45891
0.4647
0.47765
0.61966
0.79232
0.90188
0.91646
0.85615
0.69873
0.59963
0.78829
0.87829
0.88644
0.89646
0.89265
0.61768
0.36785
0.30495
0.26195
0.25864
0.22737
0.23139
0.23577
0.22687
0.18676
0.14999
0.13427
0.1548
0.27894
0.554
0.56515
0.5657
0.46301
0.42467
0.42109
0.3445
0.30933
0.26677
0.23396
0.24721
0.22806
0.2157
0.22073
0.19454
0.20352
0.19007
0.17771
0.18806
0.16412
0.13744
0.1297
0.17789
0.22817
0.19328
0.19636
0.17385
0.24095
0.34026
0.36929
0.37747
0.37598
0.36234
0.35176
0.34408
0.35703
0.34718
0.33829
0.29751
0.27331
0.26585
0.24381
0.24528
0.24414
0.23145
0.21466
0.20567
0.1996
0.20482
0.2141
0.22137
0.21645
0.21319
0.21129
0.21356
0.20863
0.2128
0.21778
0.21394
0.21754
0.21755
0.22109
0.29118
0.33089
0.30619
0.31048
0.32285
0.31606
0.32841
0.33354
0.34211
0.36682
0.37348
0.37196
0.36074
0.31969
0.27715
0.26712
0.26584
0.25366
0.26794
0.25104
0.24256
0.25678
0.25095
0.25903
0.287
0.31462
0.27731
0.27417
0.27768
0.27242
0.29337
0.31703
0.35476
0.39582
0.40289
0.4074
0.39378
0.40245
0.3932
0.38922
0.35678
0.33113
0.30262
0.28604
0.26764
0.25021
0.23908
0.33074
0.31159
0.29608
0.30013
0.3449
0.30908
0.29555
0.22923
0.21901
0.19356
0.19326
0.22136
0.43412
0.74848
0.5873
