0.37861
0.4068
0.36002
0.39593
0.35842
0.34753
0.35331
0.3412
0.46291
0.54732
0.57463
0.51385
0.4277
0.33784
0.26307
0.22464
0.25581
0.34983
0.37896
0.36983
0.34474
0.31266
0.3062
0.29795
0.27969
0.26911
0.26707
0.26192
0.25244
0.29234
0.33534
0.33929
0.35072
0.34075
0.46663
0.43853
0.38508
0.45763
0.50682
0.47747
0.50155
0.4886
0.47435
0.34626
0.40791
0.50002
0.44906
0.58423
0.83113
0.89051
0.88269
0.86812
0.79382
0.54302
0.43833
0.54767
0.61132
0.77941
0.52172
0.50925
0.58005
0.50466
0.47494
0.84611
0.51363
0.46302
0.44226
0.48702
0.72539
0.63407
0.68054
0.65965
0.5767
0.91548
0.92053
0.72854
0.76846
0.88109
0.8987
0.86925
0.85223
0.73979
0.75541
0.83456
0.74387
0.69888
0.82121
0.6499
0.73121
0.51306
0.45193
0.35953
0.30938
0.28661
0.3583
0.24794
0.24929
0.40032
0.56047
0.78576
0.82665
0.79864
0.74577
0.5815
0.47436
0.43659
0.52782
0.48915
0.60445
0.8467
0.85557
0.86048
0.86455
0.55716
0.56857
0.62989
0.8405
0.83897
0.78817
0.68482
0.66639
0.56888
0.54563
0.51613
0.50049
0.48288
0.4671
0.45186
0.43712
0.42247
0.41657
0.42136
0.4361
0.46658
0.60511
0.64343
0.62876
0.72042
0.71062
0.71079
0.73658
0.65556
0.60112
0.63549
0.56041
0.46462
0.42431
0.38092
0.34479
0.31105
0.29453
0.27992
0.3123
0.33272
0.39178
0.423
0.45966
0.51668
0.53517
0.65679
0.73632
0.87512
0.86273
0.85676
0.85673
0.84738
0.82485
0.83577
0.73425
0.52956
0.48532
0.46108
0.43563
0.41929
0.42655
0.42459
0.44412
0.45413
0.43601
0.45639
0.46829
0.47066
0.4873
0.48429
0.48819
0.48387
0.48042
0.4713
0.46259
0.44493
0.41385
0.37616
0.35155
0.33166
0.26285
0.24419
0.25699
0.2605
0.22237
0.25083
0.25236
0.32428
0.4133
0.43282
0.3986
0.38265
0.38835
0.3768
0.38925
0.39702
0.41605
0.43188
0.46075
0.46671
0.478
0.47093
0.47995
0.49213
0.50063
0.50491
0.498
0.48377
0.4847
0.49931
0.50583
0.50883
0.50562
0.49731
0.50851
0.54466
0.54576
0.56184
0.55936
0.52161
0.5195
0.5288
0.50556
0.47108
0.45384
0.4494
0.51838
0.51239
0.41185
0.39437
0.39785
0.46046
0.39983
0.33137
0.3459
0.4218
0.46526
0.48794
0.4787
0.47876
0.46883
0.45612
0.40711
0.36251
0.40772
0.78092
0.83115
0.80056
0.66142
0.68595
0.68351
0.76653
0.83778
0.84563
0.85478
0.84827
0.66007
0.50885
0.45989
0.36347
0.333
0.33181
0.32957
0.36098
0.3146
0.39337
0.39769
0.37461
0.36172
0.45929
0.68336
0.79152
0.52907
0.45734
0.44905
0.41974
0.39693
0.39196
0.4236
0.45483
0.45036
0.48891
0.49368
0.47384
0.46196
0.45095
0.45572
0.48164
0.51142
0.53708
0.4829
0.55044
0.43988
0.44069
0.52456
0.65555
0.52149
0.47751
0.4639
0.45064
0.6341
0.77841
0.76599
0.76102
0.72054
0.53499
0.48646
0.43515
0.43492
0.44792
0.42903
0.41352
0.39291
0.51218
0.59212
0.69515
0.69594
0.76745
0.74306
0.76202
0.73547
0.73313
0.75033
0.69946
0.51114
0.46864
0.44694
0.43647
0.36321
0.30075
0.25425
0.45792
0.52817
0.54851
0.56418
0.60991
0.47642
0.474
0.5379
0.84611
0.8266
0.81434
0.79451
0.66047
0.78396
0.79009
0.75947
0.61597
0.56058
0.58221
0.56983
0.566
0.54023
0.54768
0.53619
0.70681
0.56342
0.45158
0.45833
0.46891
0.51205
0.52151
0.52189
0.50103
0.46354
0.5407
0.53561
0.51068
0.49238
0.47485
0.44611
0.35872
0.34075
0.42414
0.45588
0.47219
0.8355
0.80557
0.79709
0.78846
0.78423
0.78655
0.58547
0.42136
0.415
0.41872
0.4568
0.67456
0.77627
0.77419
0.62204
0.45209
0.43403
0.31994
0.35232
0.41993
0.40261
0.57294
0.73539
0.80302
0.7947
0.78956
0.68317
0.69573
0.54496
0.40206
0.42523
0.44805
0.4435
0.40186
0.40709
0.399
0.39764
0.29808
0.32931
0.36166
0.38175
0.42285
0.42944
0.43274
0.45738
0.4526
0.4351
0.42001
0.38895
0.34202
0.33658
0.35045
0.37855
0.35864
0.36336
0.30321
0.27791
0.27605
0.26346
0.24928
0.22268
0.26648
0.33948
0.39304
0.40618
0.40677
0.39553
0.38998
0.37197
0.35436
0.36027
0.33221
0.33296
0.33269
0.32117
0.32995
0.32201
0.33066
0.33404
0.44389
0.44214
0.60101
0.65287
0.5412
0.67598
0.66905
0.61785
0.71399
0.78486
0.76924
0.70127
0.80641
0.82401
0.83613
0.84954
0.86279
0.8718
0.8776
0.87621
0.87866
0.8773
0.88012
0.88476
0.85821
0.72274
0.65878
0.59298
0.53347
0.46871
0.41349
0.36486
0.33434
0.30314
0.29245
0.29992
0.31242
0.58778
0.65516
0.65404
0.60726
0.56865
0.57378
0.60633
0.6159
0.56488
0.54167
0.59429
0.60734
0.55068
0.44272
0.44312
0.45953
0.43018
0.45351
0.44398
0.45532
0.44114
0.43716
0.64273
0.85934
0.87169
0.87591
0.87704
0.87642
0.87749
0.87636
0.82951
0.81089
0.59173
0.50018
0.50749
0.48227
0.46807
0.44329
0.45267
0.47814
0.47803
0.48148
0.48633
0.49192
0.48994
0.49954
0.51615
0.51006
0.51051
0.49195
0.4834
0.4846
0.47752
0.47451
0.43574
0.39455
0.37939
0.36449
0.3822
0.41631
0.34109
0.41368
0.40722
0.39108
0.39211
0.39865
0.39241
0.43722
0.46842
0.53591
0.57159
0.63529
0.83425
0.83461
0.71376
0.83219
0.80846
0.4904
0.43292
0.37743
0.34269
0.32263
0.32016
0.31334
0.30415
0.27515
0.24968
0.20441
0.20735
0.38295
0.30742
0.20944
0.17093
0.1728
0.15729
0.14824
0.13157
0.11696
0.11234
0.11694
0.11082
0.090817
0.068942
0.061443
0.068961
0.12781
0.20737
0.24889
0.26664
0.31374
0.28319
0.32624
0.30673
0.31489
0.36557
0.31762
0.33831
0.35569
0.37944
0.39227
0.39775
0.41137
0.43884
0.45464
0.45471
0.4679
0.5021
0.59481
0.69104
0.72141
0.68402
0.57192
0.45041
0.42707
0.4113
0.38575
0.37429
0.36759
0.37911
0.39134
0.38661
0.37266
0.36513
0.39281
0.38811
0.42234
0.45795
0.43771
0.45364
0.42855
0.42339
0.41296
0.41567
0.41885
0.42986
0.42955
0.41218
0.40666
0.42469
0.44302
0.45552
0.47673
0.48697
0.50485
0.47651
0.47115
0.46735
0.47825
0.49253
0.49759
0.4759
0.474
0.43878
0.42762
0.42664
0.41074
0.42971
0.40176
0.3817
0.37142
0.34618
0.31898
0.32247
0.31007
0.31385
0.31631
0.33787
0.30439
0.30232
0.3689
0.45071
0.40152
0.40008
0.38357
0.41334
0.44116
0.45604
0.51455
0.53949
0.43742
0.42758
0.4578
0.53691
0.60716
0.56731
0.51781
0.52247
0.52498
0.51416
0.43525
0.48653
0.59668
0.89404
0.86473
0.85881
0.81854
0.72453
0.55458
0.57171
0.48272
0.40834
0.39124
0.41229
0.44617
0.85181
0.82025
0.85018
0.85313
0.82084
0.80577
0.80315
0.69031
0.72297
0.76462
0.78423
0.6005
0.50082
0.49811
0.41103
0.3365
0.32366
0.33604
0.3877
0.43823
0.39725
0.4536
0.67567
0.82762
0.83725
0.84686
0.8635
0.87246
0.8585
0.83549
0.79649
0.74279
0.74705
0.72639
0.71111
0.63821
0.55742
0.4874
0.44673
0.40232
0.35615
0.3926
0.39762
0.44567
0.45593
0.39041
0.34397
0.332
0.39246
0.47544
0.55183
0.56855
0.60801
0.6439
0.65457
0.6131
0.52057
0.51716
0.67072
0.69409
0.75041
0.75248
0.74559
0.72432
0.70553
0.71574
0.75203
0.76149
0.76018
0.73796
0.71747
0.7095
0.67347
0.65799
0.63468
0.60552
0.55405
0.50791
0.47479
0.46741
0.42416
0.55352
0.49363
0.44743
0.4491
0.40963
0.38183
0.37391
0.32321
0.3114
0.31513
0.28371
0.52185
0.64542
0.5373
0.47768
0.41047
0.40103
0.37288
0.3844
0.51347
0.56231
0.59927
0.64565
0.66799
0.74072
0.70499
0.96466
0.80079
0.93656
0.85523
0.57829
0.50749
0.46954
0.45612
0.51846
0.60712
0.64877
0.6145
0.62017
0.61931
0.54612
0.58403
0.62749
0.58239
0.80138
0.77105
0.94686
0.93189
0.91891
0.90957
0.88222
0.84705
0.62113
0.56357
0.5604
0.89083
0.86624
0.84952
0.81949
0.78064
0.60544
0.58688
0.4958
0.46139
0.46813
0.60191
0.87206
0.84895
0.85801
0.86763
0.89326
0.9114
0.92254
0.73411
0.66799
0.64559
0.54277
0.43093
0.41842
0.41288
0.41245
0.39985
0.40596
0.42588
0.45474
0.5097
0.56999
0.61664
0.71461
0.76697
0.75621
0.78033
0.70988
0.6229
0.57389
0.66016
0.67215
0.60574
0.62663
0.64057
0.62888
0.64785
0.65202
0.63607
0.68686
0.76058
0.83865
0.8215
0.76668
0.62164
0.49202
0.39574
0.36096
0.32853
0.2891
0.2732
0.25031
0.21332
0.18886
0.16916
0.15887
0.14961
0.13044
0.10184
0.095614
0.1128
0.1437
0.247
0.28715
0.29842
0.2857
0.24044
0.17377
0.21375
0.74024
0.89817
0.90104
0.9351
0.95864
0.92143
0.76233
0.6162
0.70162
0.76749
0.85453
0.90038
0.92017
0.87688
0.86348
0.80159
0.62158
0.62666
0.62726
0.61744
0.73348
0.75067
0.73756
0.75341
0.77116
0.70011
0.67999
0.76673
0.88535
0.84319
0.86057
0.88533
0.88776
0.89013
0.89142
0.79076
0.77404
0.75003
0.65483
0.53674
0.44255
0.45739
0.47425
0.49984
0.56354
0.52437
0.49252
0.48694
0.46897
0.51232
0.57222
0.54861
0.52973
0.46751
0.44572
0.42517
0.41653
0.40116
0.42448
0.45434
0.46793
0.45405
0.4162
0.39281
0.40787
0.43694
0.4649
0.47551
0.50294
0.4604
0.40347
0.40743
0.49061
0.53938
0.56932
0.54657
0.5558
0.57341
0.59701
0.5873
0.76765
0.79378
0.63739
0.67168
0.97653
0.96295
0.94703
0.94011
0.93525
0.90552
0.84551
0.8808
0.55101
0.54714
0.78663
0.57463
0.61767
0.69743
0.61771
0.71545
0.71283
0.75083
0.61968
0.48357
0.42664
0.40186
0.38817
0.3878
0.39369
0.42095
0.4063
0.39507
0.37859
0.40115
0.43151
0.50405
0.52584
0.49818
0.47869
0.46774
0.46958
0.48942
0.52414
0.49018
0.54287
0.63675
0.78676
0.95511
0.94416
0.88745
0.92912
0.93527
0.91599
0.91678
0.91685
0.85538
0.85327
0.84727
0.85938
0.86912
0.80217
0.8432
0.89505
0.86571
0.66562
0.66112
0.57316
0.60017
0.57064
0.55194
0.49672
0.47848
0.43435
0.42786
0.49253
0.54653
0.53296
0.93902
0.9399
0.92269
0.91154
0.87347
0.8061
0.8744
0.84069
0.8968
0.90116
0.90451
0.88947
0.73928
0.70837
0.82225
0.76206
0.67551
0.54768
0.48674
0.46905
0.47031
0.44702
0.4736
0.49232
0.53215
0.53449
0.4452
0.40118
0.40403
0.44466
0.58501
0.74543
0.90659
0.9701
0.96438
0.95746
0.9563
0.94394
0.89184
0.81112
0.84822
0.94758
0.94382
0.68952
0.6504
0.65471
0.63113
0.58745
0.59616
0.67027
0.75001
0.81524
0.9779
0.99831
0.98181
0.91726
0.86501
0.94457
0.81504
0.70287
0.58824
0.61739
0.57156
0.53482
0.47962
0.59877
0.59229
0.61468
0.53391
0.49381
0.52117
0.52531
0.52562
0.53147
0.5397
0.53962
0.56265
0.54332
0.48425
0.52284
0.54573
0.53545
0.55441
0.51995
0.52416
0.53748
0.56997
0.53487
0.72884
0.91904
0.90971
0.99123
0.98403
0.98889
0.99922
0.99746
0.9792
0.98453
0.8598
0.82697
0.78766
0.68342
0.60423
0.57319
0.56759
0.5538
0.51909
0.53525
0.50407
0.48769
0.46866
0.44793
0.4332
0.66588
0.62193
0.46983
0.4288
0.37863
0.36758
0.3854
0.39691
0.42106
0.47375
0.48064
0.42502
0.44279
0.45547
0.46194
0.48447
0.46041
0.46759
0.44148
0.43055
0.44469
0.44038
0.40907
0.42917
0.42689
0.40805
0.40514
0.39371
0.37331
0.35106
0.33661
0.32925
0.35085
0.36897
0.38628
0.39828
0.4562
0.50558
0.51335
0.56675
0.54904
0.53894
0.50125
0.48755
0.46762
0.44757
0.3938
0.4011
0.48167
0.54336
0.52817
0.52455
0.50324
0.49822
0.48407
0.48058
0.49938
0.54406
0.56831
0.60387
0.5948
0.60093
0.63814
0.6304
0.65225
0.67061
0.68772
0.70882
0.72764
0.78689
0.68803
0.64038
0.596
0.58958
0.61313
0.62757
0.66921
0.75768
0.82065
0.8052
0.7913
0.89252
0.66457
0.52477
0.57041
0.5571
0.53737
0.53601
0.49961
0.52093
0.52353
0.61658
0.57353
0.574
0.60796
0.57961
0.55659
0.55781
0.57101
0.56389
0.54873
0.50552
0.45055
0.43802
0.50875
0.54616
0.511
0.52914
0.56585
0.52427
0.54306
0.55806
0.59343
0.60153
0.70325
0.71469
0.99201
1.0004
0.97895
0.96618
0.99975
0.99521
0.85326
0.94063
0.9422
0.87132
0.79563
0.74822
0.76963
0.75064
0.61054
0.61948
0.55531
0.51777
0.47192
0.50491
0.50467
0.46818
0.50091
0.6058
0.5258
0.48574
0.48571
0.51131
0.52644
0.52188
0.61336
0.50733
0.50282
0.49955
0.50095
0.39618
0.35175
0.38161
0.46089
0.53071
0.5654
0.54343
0.48588
0.4395
0.41853
0.40288
0.35253
0.35178
0.42126
0.42901
0.44673
0.6343
0.99544
0.99987
1.0009
1.0009
1.0002
0.86146
0.8195
0.69361
0.64839
0.63242
0.57623
0.54421
0.50459
0.53944
0.54959
0.54492
0.53892
0.48497
0.57171
0.62853
0.69339
0.69952
0.76496
0.87435
0.84452
0.72091
0.68225
0.68654
0.75485
0.86562
0.97858
0.99832
0.96587
0.9861
0.99875
0.99997
0.99798
0.99977
0.98709
0.9127
0.96108
0.99709
0.98816
0.99766
0.98841
0.92264
0.95546
0.85301
0.80362
0.73487
0.69038
0.66933
0.65618
0.63205
0.63544
0.65911
0.61983
0.61085
0.58555
0.54189
0.51584
0.52255
0.48966
0.53481
0.5449
0.64011
0.57182
0.54668
0.57103
0.51272
0.48476
0.64341
0.92334
0.99441
0.9993
0.998
0.99812
1.0008
0.99137
0.78007
0.64341
0.56465
0.56393
0.55003
0.48928
0.4777
0.49381
0.47981
0.50141
0.51716
0.5515
0.51483
0.45755
0.4554
0.44138
0.40799
0.40042
0.40404
0.42954
0.44204
0.46146
0.46559
0.45327
0.52034
0.45798
0.63869
0.6838
0.66775
0.6869
0.70951
0.69724
0.70622
0.79611
0.82701
0.82767
0.78511
0.67769
0.65728
0.62722
0.50055
0.44895
0.45841
0.54823
0.45075
0.49451
0.44381
0.44388
0.42493
0.44858
0.47482
0.47951
0.50251
0.58415
0.66681
0.64191
0.76265
0.97462
0.99001
0.91074
0.93127
0.983
0.97106
0.88148
0.86545
0.65723
0.59465
0.59611
0.56597
0.62519
0.57706
0.54039
0.51006
0.47159
0.47895
0.51453
0.48327
0.48715
0.45694
0.46389
0.45125
0.42615
0.41531
0.46287
0.45407
0.4644
0.46995
0.45476
0.44923
0.44145
0.45267
0.47517
0.4747
0.46796
0.49229
0.47099
0.52305
0.57452
0.62889
0.6773
0.71263
0.70479
0.6918
0.70323
0.74823
0.77732
0.75258
0.7109
0.68798
0.64178
0.61272
0.58438
0.58736
0.57404
0.56144
0.52609
0.49425
0.4453
0.4465
0.45719
0.50533
0.5816
0.63027
0.60977
0.60501
0.58781
0.58745
0.56989
0.61572
0.74125
0.81803
0.85132
0.88485
0.87632
0.92211
0.97171
0.98274
0.97139
0.93853
0.8817
0.94428
0.89794
0.85482
0.81846
0.77751
0.78158
0.68537
0.6605
0.66421
0.66939
0.63283
0.63958
0.93376
0.96474
0.98615
0.99967
0.99866
0.99973
0.77149
0.67591
0.94061
0.98104
0.94146
0.70231
0.66557
0.62941
0.63865
0.68482
0.70647
0.79496
0.77799
0.5929
0.57324
0.50931
0.60817
1.0006
0.84395
0.98755
0.97998
0.95809
0.92976
0.89716
0.9854
0.89177
0.82084
0.83887
0.86257
0.76614
0.58839
0.55817
0.54018
0.53934
0.59837
0.64392
0.87745
0.99979
0.99868
0.98483
0.95836
0.57869
0.58368
0.52591
0.56394
0.5713
0.60381
0.67129
0.84412
0.86139
1.0001
0.99753
0.87066
0.82531
0.71837
0.59959
0.54734
0.55855
0.59264
0.71185
0.83191
0.89429
0.89523
0.78688
0.68212
0.59909
0.58203
0.55666
0.53071
0.51379
0.51301
0.50662
0.53437
0.5744
0.64954
0.79227
0.93737
0.99997
0.99719
0.99734
1.0009
0.99893
0.99752
0.87017
0.85069
0.77619
0.82699
0.85214
0.78
0.72828
0.74071
0.76637
0.76877
0.78441
0.82062
0.82353
0.79261
0.72209
0.67863
0.69914
0.68987
0.73712
0.81633
0.92876
0.99264
0.98274
0.99697
0.99588
0.99673
0.99932
0.99833
0.99941
1.0003
0.99058
0.83679
0.89454
0.96036
0.89422
0.9324
0.88034
0.84233
0.78522
0.75284
0.75118
0.76758
0.7088
0.61445
0.62995
0.71213
0.62516
0.58451
0.56093
0.59704
0.53459
0.52895
0.56982
0.68881
0.69766
0.69781
0.63041
0.59295
0.56693
0.54661
0.68832
0.70224
0.80683
0.97217
0.99776
0.99736
0.99713
0.99756
1.0007
0.99823
0.99809
0.99919
0.99937
0.99717
0.99836
1.0002
0.9998
0.96631
0.98985
0.99722
0.92465
0.73758
0.61605
0.57153
0.55853
0.58361
0.65262
0.81586
0.77155
0.70504
0.75002
0.75326
0.79833
0.86365
0.836
0.89215
0.95369
0.98524
0.96611
0.98418
0.99433
1.0009
1.0005
0.99784
0.99921
0.99908
0.999
0.98742
0.92433
0.96187
0.96916
0.9945
0.99593
0.92117
0.7086
0.67205
0.65299
0.66608
0.62974
0.57621
0.65031
0.78622
0.71357
0.65941
0.60996
0.617
0.59341
0.74276
0.82088
0.64148
0.60006
0.55225
0.51407
0.51745
0.53573
0.48918
0.50893
0.5199
0.49198
0.44756
0.39615
0.38399
0.42465
0.5445
0.6008
0.64318
0.64632
0.69261
0.78942
0.9977
0.99019
0.9725
0.96359
0.90693
0.85861
0.62088
0.61405
0.57593
0.52579
0.51612
0.74671
0.59312
0.57606
0.6658
0.63883
0.58376
0.56244
0.60979
0.57499
0.56664
0.53159
0.45106
0.45053
0.47603
0.59529
0.6727
0.74125
0.76938
0.7292
0.70643
0.66644
0.63021
0.55029
0.55424
0.64957
0.67365
0.70403
0.59241
0.54451
0.50299
0.51629
0.53771
0.5275
0.52322
0.46705
0.5053
0.5634
0.59049
0.58356
0.60265
0.64568
0.66264
0.61359
0.6122
0.60331
0.62084
0.76923
0.84138
0.9579
0.95416
0.97599
0.97819
0.98607
0.97281
0.86775
0.93894
0.71049
0.64011
0.70444
0.94453
0.72249
0.61592
0.60506
0.56551
0.62887
0.67595
0.96991
0.97294
0.97499
0.96355
0.91741
0.96205
0.96144
0.81898
0.82324
0.84586
0.93438
0.87848
0.94231
0.95037
0.95591
0.94822
0.91385
0.89216
0.53325
0.47415
0.40582
0.34771
0.30187
0.29706
0.77398
0.72615
0.87534
0.86879
0.91612
0.96909
0.95
0.96155
0.94699
0.86564
0.6591
0.45072
0.43231
0.53051
0.52836
0.50751
0.49698
0.56266
0.48036
0.40722
0.37487
0.34048
0.32591
0.31029
0.3102
0.31471
0.32714
0.3562
0.40599
0.43774
0.4354
0.90075
0.9274
0.74472
0.63043
0.57062
0.6201
0.66673
0.57267
0.49504
0.45101
0.4681
0.46645
0.43865
0.7424
0.77462
0.7626
0.61671
0.4988
0.44424
0.42771
0.41959
0.4328
0.42404
0.41481
0.4051
0.41208
0.41788
0.41822
0.427
0.42729
0.41853
0.39015
0.38088
0.36978
0.34853
0.33856
0.35535
0.39802
0.39658
0.45543
0.54001
0.61703
0.63301
0.66699
0.62594
0.64073
0.65905
0.66295
0.60453
0.55942
0.46312
0.46957
0.44435
0.46886
0.45738
0.43908
0.43707
0.42584
0.43949
0.44298
0.46461
0.46395
0.44443
0.46352
0.47065
0.4495
0.45406
0.44498
0.44777
0.44882
0.44376
0.42849
0.47987
0.49588
0.49528
0.49668
0.54966
0.51716
0.49891
0.49676
0.49669
0.51029
0.50159
0.51837
0.53468
0.55752
0.60134
0.61527
0.64747
0.70993
0.68929
0.66963
0.63223
0.60438
0.60143
0.66602
0.66897
0.64194
0.53497
0.45624
0.4278
0.40658
0.40031
0.38383
0.37098
0.3288
0.30392
0.28944
0.29114
0.29716
0.29
0.31358
0.32324
0.35845
0.41175
0.4304
0.42515
0.42096
0.48125
0.49509
0.5151
0.52388
0.51252
0.51985
0.53948
0.51881
0.52506
0.54784
0.53338
0.52848
0.51436
0.53436
0.59444
0.6195
0.63534
0.69354
0.73742
0.83824
0.87118
0.87212
0.89231
0.91651
0.91445
0.9017
0.75757
0.87325
0.66441
0.61031
0.7177
0.65747
0.60256
0.60167
0.53085
0.50547
0.46337
0.41949
0.39501
0.38829
0.37019
0.34496
0.33933
0.32511
0.34285
0.4538
0.49648
0.54372
0.84139
0.88386
0.8286
0.7058
0.58867
0.5702
0.5715
0.55235
0.53412
0.60785
0.9244
0.88648
0.95067
0.96035
0.9446
0.87398
0.95534
0.95478
0.94958
0.92653
0.66409
0.54233
0.49461
0.46907
0.47801
0.66068
0.74126
0.76911
0.66421
0.60029
0.55302
0.57231
0.55684
0.51476
0.51779
0.82965
0.82082
0.89342
0.93404
0.96601
0.93713
0.72714
0.78768
0.71366
0.63892
0.56589
0.55509
0.67951
0.79549
0.95572
0.96086
0.97501
0.9734
0.97186
0.97409
0.95434
0.90352
0.78198
0.75115
0.71991
0.67364
0.6028
0.51532
0.53383
0.52687
0.46117
0.38803
0.34901
0.32086
0.3154
0.3163
0.32514
0.32863
0.32985
0.33322
0.31101
0.27433
0.25551
0.21156
0.22898
0.24441
0.26021
0.23595
0.25302
0.26169
0.25726
0.23946
0.23795
0.47121
0.69647
0.62046
0.55501
0.51236
0.45339
0.54847
0.58422
0.60855
0.90944
0.89215
0.87686
0.88143
0.86002
0.72604
0.66886
0.63365
0.68859
0.74207
0.66874
0.68438
0.88897
0.91993
0.93451
0.93977
0.92993
0.92906
0.92446
0.92177
0.92075
0.92086
0.854
0.88012
0.87158
0.88755
0.82121
0.60593
0.58569
0.5338
0.50731
0.50539
0.51415
0.55801
0.56878
0.61498
0.60029
0.7516
0.74377
0.60539
0.56923
0.55821
0.56958
0.56057
0.54287
0.53565
0.50862
0.49394
0.51334
0.47857
0.47285
0.47596
0.43263
0.38079
0.37614
0.3697
0.28177
0.28958
0.36597
0.33645
0.33322
0.38967
0.40364
0.28901
0.38847
0.53395
0.68192
0.69402
0.68131
0.65493
0.69299
0.54848
0.49927
0.46213
0.44866
0.45618
0.40951
0.45889
0.49928
0.49207
0.51342
0.49364
0.39318
0.34861
0.31677
0.28945
0.29346
0.35944
0.49514
0.52801
0.68297
0.8074
0.76376
0.7111
0.70384
0.68508
0.64371
0.63755
0.7609
0.71794
0.67029
0.71975
0.94511
0.9319
0.91922
0.92953
0.80794
0.65937
0.5902
0.57777
0.54985
0.5028
0.49169
0.4838
0.56497
0.58685
0.53737
0.51663
0.5102
0.50066
0.4856
0.47914
0.481
0.46343
0.48142
0.43748
0.49209
0.6736
0.66172
0.55285
0.4526
0.42237
0.4114
0.40827
0.39234
0.35379
0.39379
0.57485
0.8732
0.88824
0.87923
0.87383
0.59869
0.50777
0.50567
0.50213
0.35837
0.33923
0.3327
0.40215
0.38505
0.37757
0.39511
0.43778
0.59224
0.48105
0.44447
0.44238
0.40426
0.40359
0.40793
0.40568
0.38147
0.39967
0.41495
0.38875
0.39102
0.39117
0.38984
0.40201
0.40926
0.41146
0.41729
0.40508
0.40982
0.3925
0.38529
0.31722
0.38603
0.33691
0.34239
0.32073
0.34629
0.36931
0.3753
0.38908
0.39481
0.41338
0.38019
0.38955
0.36261
0.35922
0.34458
0.33733
0.33635
0.31033
0.3068
0.34838
0.35175
0.32952
0.28916
0.32419
0.35731
0.34263
0.33667
0.33532
0.36346
0.36929
0.34969
0.34703
0.34822
0.34109
0.3321
0.36142
0.38487
0.40351
0.4036
0.39098
0.50521
0.52114
0.53898
0.5863
0.58015
0.67663
0.78753
0.60701
0.53231
0.55877
0.57834
0.56886
0.60892
0.95093
0.8941
0.76704
0.64948
0.53791
0.50969
0.47172
0.45975
0.44032
0.81375
0.87622
0.87162
0.70075
0.55887
0.50774
0.51133
0.48622
0.49218
0.55188
0.62439
0.50199
0.46834
0.4661
0.4746
0.46311
0.475
0.51116
0.53758
0.57152
0.5779
0.56618
0.72846
0.9198
0.80892
0.58
0.53093
0.5
0.48202
0.47826
0.4703
0.46528
0.46237
0.47349
0.47835
0.48395
0.47867
0.4601
0.46287
0.43151
0.37155
0.47338
0.48631
0.38071
0.40843
0.47466
0.51219
0.52295
0.53206
0.52152
0.52808
0.50219
0.47448
0.47581
0.50135
0.57579
0.73662
0.84338
0.7383
0.65505
0.56711
0.50436
0.47004
0.44823
0.42451
0.39699
0.43004
0.42174
0.35546
0.3219
0.41784
0.44107
0.42541
0.53597
0.68695
0.63084
0.61729
0.54409
0.49382
0.47022
0.46883
0.48329
0.58494
0.5549
0.74901
0.66706
0.69948
0.7182
0.68658
0.62529
0.62667
0.58144
0.51982
0.45093
0.40227
0.34761
0.34543
0.38484
0.41448
0.40567
0.39325
0.39925
0.41992
0.38946
0.41525
0.44249
0.42737
0.44111
0.44172
0.4369
0.42818
0.4291
0.42337
0.44164
0.44319
0.44927
0.41782
0.42357
0.46904
0.4589
0.42163
0.38775
0.37727
0.37996
0.35781
0.34184
0.32838
0.32072
0.31802
0.31535
0.3104
0.31256
0.31513
0.32478
0.3409
0.32608
0.29584
0.30514
0.33362
0.39232
0.63076
0.77226
0.86081
0.84816
0.73133
0.62226
0.49903
0.44612
0.46322
0.55967
0.61466
0.55958
0.48713
0.47256
0.47172
0.43086
0.39918
0.37486
0.35142
0.33941
0.33373
0.33428
0.32973
0.32958
0.32279
0.33721
0.34604
0.33833
0.33849
0.32799
0.34136
0.40082
0.36518
0.27741
0.37579
0.40429
0.3726
0.39163
0.40377
0.38891
0.40034
0.40146
0.41948
0.45677
0.46259
0.5173
0.49271
0.62157
0.8802
0.9103
0.90377
0.92299
0.91591
0.90525
0.89761
0.82257
0.73752
0.76282
0.86227
0.86941
0.89357
0.90053
0.904
0.91454
0.91235
0.91729
0.92057
0.91833
0.91736
0.92341
0.88442
0.8601
0.8507
0.92048
0.93154
0.92887
0.91225
0.90576
0.90216
0.78238
0.6173
0.69447
0.72858
0.70892
0.72311
0.69181
0.68547
0.62903
0.48348
0.43632
0.4519
0.4864
0.52296
0.53984
0.50722
0.50109
0.54179
0.5704
0.7248
0.75363
0.63804
0.53948
0.51772
0.33913
0.29239
0.29312
0.29646
0.28506
0.37242
0.43193
0.42923
0.45611
0.47964
0.50848
0.43226
0.37279
0.33686
0.32475
0.35339
0.31513
0.30736
0.29539
0.29124
0.28721
0.27166
0.26856
0.27291
0.29005
0.31768
0.3554
0.35071
0.33797
0.3323
0.33743
0.36003
0.37266
0.38036
0.37805
0.3658
0.33073
0.29639
0.26196
0.2654
0.28477
0.29152
0.28462
0.2733
0.27006
0.2327
0.2047
0.21918
0.21069
0.21497
0.32443
0.43262
0.49264
0.51051
0.47657
0.45919
0.44003
0.40662
0.37739
0.35089
0.34241
0.34503
0.35579
0.36236
0.36243
0.40481
0.43387
0.48572
0.48532
0.46035
0.47323
0.46654
0.45175
0.42265
0.38915
0.3581
0.34103
0.42298
0.46081
0.46839
0.44777
0.39915
0.40769
0.40286
0.35955
0.37569
0.43028
0.50807
0.55083
0.64205
0.51129
0.50123
0.49052
0.45602
0.44998
0.45198
0.44857
0.43007
0.40612
0.40789
0.41371
0.39345
0.43302
0.4552
0.47627
0.46439
0.46445
0.47822
0.49683
0.57481
0.58446
0.51637
0.50327
0.50363
0.51862
0.50831
0.4868
0.36192
0.3932
0.4772
0.47877
0.50696
0.50766
0.50478
0.49128
0.44272
0.42499
0.46287
0.4602
0.43537
0.43238
0.46904
0.448
0.44582
0.46631
0.47613
0.4554
0.40308
0.36465
0.34544
0.32232
0.32788
0.33108
0.31542
0.31451
0.34216
0.33999
0.32408
0.34766
0.38672
0.35269
0.31905
0.32585
0.3431
0.34642
0.35843
0.3609
0.34484
0.31612
0.3221
0.38775
0.34806
0.43289
0.4233
0.42196
0.42173
0.45331
0.43574
0.38686
0.39031
0.35758
0.37136
0.43838
0.39494
0.28813
0.27321
0.29625
0.28934
0.28617
0.27277
0.33558
0.33621
0.34595
0.32876
0.31454
0.33082
0.31536
0.31926
0.28593
0.2771
