0.6001
0.73169
0.70459
0.60924
0.72964
0.61921
0.44641
0.29008
0.23513
0.66534
0.76236
0.74321
0.76205
0.76986
0.74628
0.51302
0.34389
0.29475
0.30487
0.35552
0.49765
0.662
0.68016
0.5544
0.71331
0.71995
0.6483
0.72393
0.71814
0.61611
0.43634
0.71842
0.54427
0.58993
0.39257
0.42963
0.33344
0.48154
0.4154
0.55716
0.65023
0.55528
0.48765
0.65389
0.64827
0.67227
0.50754
0.6683
0.68036
0.62934
0.68508
0.61964
0.58375
0.69143
0.71614
0.72549
0.6312
0.71896
0.60728
0.39098
0.33637
0.60244
0.51115
0.39104
0.61398
0.60592
0.56811
0.37762
0.2985
0.27829
0.26601
0.25682
0.26145
0.25638
0.24957
0.31257
0.46242
0.27645
0.22506
0.23731
0.30926
0.24786
0.26325
0.26231
0.27045
0.26907
0.30027
0.28733
0.26503
0.24885
0.27423
0.29339
0.26884
0.21644
0.20587
0.25413
0.22806
0.1827
0.29579
0.59387
0.85232
0.76791
0.84605
0.83801
0.82234
0.81292
0.80305
0.77883
0.76459
0.76292
0.77438
0.77463
0.77053
0.76396
0.76672
0.7736
0.78113
0.78188
0.77885
0.77201
0.68039
0.53465
0.51592
0.42727
0.38514
0.37524
0.66606
0.73639
0.66677
0.73079
0.65251
0.50876
0.42778
0.42866
0.41463
0.413
0.34119
0.30575
0.27437
0.25572
0.2327
0.22103
0.21765
0.21438
0.19911
0.19758
0.18825
0.21104
0.38526
0.61966
0.48347
0.2678
0.42271
0.39398
0.37866
0.47175
0.69982
0.75062
0.76644
0.77012
0.75988
0.76089
0.76003
0.67833
0.61221
0.41293
0.44552
0.37464
0.36384
0.48249
0.55838
0.51545
0.41515
0.38419
0.59244
0.6382
0.67501
0.62273
0.67872
0.57853
0.70622
0.64957
0.73068
0.60196
0.47449
0.65017
0.74209
0.7321
0.74424
0.74023
0.74002
0.7343
0.73973
0.73727
0.73997
0.73634
0.73165
0.7415
0.73721
0.74193
0.65089
0.64495
0.59164
0.55226
0.59475
0.68319
0.63219
0.73803
0.70609
0.70854
0.77031
0.69442
0.71716
0.70913
0.69521
0.66868
0.61037
0.55874
0.48494
0.32
0.26889
0.41629
0.42282
0.22801
0.25091
0.23968
0.2939
0.28447
0.31343
0.32391
0.35736
0.37202
0.41666
0.75083
0.82015
0.81158
0.79767
0.7985
0.81006
0.80802
0.80433
0.791
0.69174
0.74948
0.69896
0.62694
0.69464
0.73097
0.72628
0.76213
0.78838
0.7889
0.5932
0.43784
0.32552
0.29333
0.28486
0.29279
0.29661
0.28125
0.26405
0.25002
0.24844
0.25808
0.37119
0.40285
0.44189
0.45503
0.64232
0.56226
0.82772
0.88531
0.86244
0.83814
0.81594
0.80805
0.75278
0.38711
0.27195
0.24795
0.23953
0.23698
0.23309
0.19713
0.19175
0.20636
0.32991
0.53067
0.64264
0.60067
0.82019
0.90177
0.90413
0.86492
0.87017
0.88285
0.88068
0.88092
0.87313
0.86135
0.84828
0.84275
0.84035
0.83742
0.83425
0.82609
0.80741
0.79226
0.79407
0.787
0.78058
0.73519
0.77125
0.74747
0.80163
0.77674
0.78239
0.74505
0.6719
0.81168
0.81727
0.82446
0.81693
0.81921
0.82001
0.81771
0.8153
0.8333
0.84405
0.86306
0.86669
0.86943
0.86886
0.86393
0.85933
0.85889
0.85511
0.8582
0.85184
0.84926
0.83259
0.82109
0.79406
0.76151
0.76695
0.78716
0.79477
0.79034
0.80264
0.81719
0.81719
0.81423
0.81028
0.80807
0.78759
0.75286
0.66737
0.4571
0.36858
0.24656
0.22786
0.20386
0.22168
0.31856
0.57703
0.74611
0.76194
0.76627
0.75028
0.60335
0.47593
0.41633
0.47784
0.54871
0.57742
0.54191
0.52876
0.48826
0.51009
0.5741
0.63978
0.71726
0.71645
0.69747
0.62073
0.54989
0.34211
0.27681
0.28487
0.27223
0.24847
0.23029
0.32607
0.54166
0.69556
0.65709
0.67162
0.35774
0.42423
0.80659
0.65382
0.82454
0.88782
0.85312
0.83677
0.84394
0.8355
0.82699
0.80935
0.79936
0.77221
0.76164
0.7261
0.7418
0.71875
0.73096
0.71681
0.5795
0.57882
0.60608
0.37717
0.44749
0.5942
0.67198
0.68364
0.71298
0.55135
0.40593
0.61983
0.5488
0.45435
0.47048
0.31486
0.29924
0.30314
0.29508
0.58417
0.66086
0.63598
0.70991
0.6832
0.70118
0.73438
0.73237
0.72777
0.72612
0.69367
0.70761
0.57292
0.53378
0.3317
0.24398
0.24896
0.20879
0.37939
0.29633
0.32686
0.28217
0.27576
0.29724
0.3748
0.38053
0.35871
0.36765
0.62923
0.85154
0.82826
0.80924
0.79788
0.75585
0.71159
0.68448
0.70292
0.65931
0.58454
0.34217
0.25369
0.24004
0.24667
0.24138
0.67366
0.72592
0.57767
0.72718
0.75275
0.76818
0.75518
0.7233
0.36439
0.25518
0.24377
0.22964
0.2436
0.35406
0.73698
0.67418
0.26873
0.20047
0.24208
0.27437
0.24902
0.23451
0.20729
0.19296
0.19888
0.20084
0.36808
0.45996
0.44419
0.54618
0.4985
0.41186
0.51954
0.76313
0.76265
0.72633
0.72787
0.72554
0.74406
0.73611
0.72679
0.71414
0.61208
0.54434
0.46603
0.54707
0.6066
0.66936
0.68
0.62218
0.54402
0.44358
0.43344
0.41844
0.38994
0.35093
0.36343
0.36552
0.3621
0.35304
0.3226
0.29397
0.27969
0.30161
0.55173
0.90688
0.88733
0.8765
0.86354
0.86052
0.85118
0.84634
0.81933
0.82561
0.70161
0.5517
0.47287
0.48823
0.43715
0.43689
0.58188
0.6777
0.88343
0.87486
0.86832
0.86939
0.8681
0.86597
0.86726
0.86797
0.86851
0.86746
0.86508
0.8605
0.84732
0.83884
0.8298
0.82723
0.80986
0.62663
0.50814
0.51014
0.57842
0.58069
0.73261
0.75567
0.7406
0.74957
0.76261
0.74354
0.75648
0.68625
0.72187
0.62273
0.49172
0.54885
0.44632
0.30526
0.72045
0.73818
0.79806
0.73872
0.46846
0.30237
0.29345
0.29796
0.2774
0.2663
0.26567
0.29094
0.30154
0.29175
0.24586
0.35766
0.8159
0.81217
0.80138
0.77783
0.5923
0.54756
0.68433
0.7808
0.78454
0.70035
0.53754
0.47481
0.52132
0.60606
0.71526
0.74344
0.70209
0.73505
0.71853
0.68831
0.70686
0.65571
0.6734
0.71059
0.67033
0.40835
0.31256
0.67667
0.68979
0.73061
0.63012
0.63479
0.62902
0.7385
0.74417
0.75013
0.75609
0.74827
0.76865
0.79104
0.74878
0.67753
0.57003
0.50884
0.41383
0.265
0.27835
0.29141
0.24814
0.21195
0.17111
0.25491
0.60422
0.67767
0.7291
0.6432
0.64511
0.66975
0.68688
0.71805
0.68978
0.60671
0.60666
0.66568
0.68285
0.6165
0.63128
0.61546
0.6386
0.65952
0.66022
0.74865
0.75174
0.74006
0.71103
0.6462
0.58838
0.6411
0.66518
0.65893
0.68837
0.70036
0.71158
0.68546
0.53636
0.37934
0.38984
0.44377
0.36765
0.29025
0.27646
0.27212
0.25855
0.26572
0.26317
0.24515
0.20588
0.19933
0.24787
0.45232
0.31534
0.17623
0.5212
0.52096
0.50696
0.43773
0.71492
0.86213
0.88675
0.88106
0.86834
0.82949
0.88253
0.83187
0.85137
0.87585
0.88283
0.88405
0.88602
0.88089
0.86885
0.85744
0.83274
0.80756
0.78962
0.79131
0.79048
0.81058
0.79122
0.72515
0.74233
0.72052
0.67605
0.64456
0.63366
0.60758
0.53143
0.46545
0.4326
0.43252
0.32755
0.32724
0.49881
0.48698
0.59814
0.82957
0.85323
0.83809
0.86956
0.87242
0.8545
0.69893
0.54294
0.83435
0.83403
0.8332
0.82987
0.84287
0.8508
0.83717
0.80563
0.82094
0.83017
0.82962
0.82948
0.87546
0.89506
0.87748
0.8755
0.8822
0.90371
0.89742
0.88844
0.87945
0.87847
0.87452
0.86729
0.85926
0.84131
0.82135
0.80847
0.8206
0.84706
0.85504
0.81489
0.64035
0.53568
0.43827
0.36785
0.29928
0.33406
0.31386
0.30908
0.36962
0.45209
0.48588
0.61568
0.66305
0.67992
0.66325
0.60518
0.59137
0.67843
0.69983
0.65086
0.577
0.54735
0.44779
0.48525
0.39871
0.26904
0.25122
0.27974
0.41559
0.66219
0.76947
0.70338
0.65711
0.62272
0.59133
0.53674
0.61163
0.76616
0.81288
0.80373
0.7879
0.76318
0.72552
0.68735
0.69275
0.63434
0.6841
0.63788
0.4598
0.32429
0.31269
0.30601
0.29091
0.29489
0.28536
0.40503
0.6321
0.79868
0.93675
0.89727
0.90142
0.89084
0.88874
0.82037
0.68149
0.56956
0.51749
0.4415
0.38449
0.39697
0.47226
0.42676
0.34942
0.23372
0.25573
0.26802
0.28684
0.29018
0.21434
0.17589
0.22273
0.25792
0.25729
0.40127
0.51695
0.45111
0.50925
0.61543
0.70279
0.76076
0.70458
0.58449
0.55361
0.56861
0.6347
0.70063
0.90567
0.94574
0.9388
0.93539
0.94119
0.95928
0.92716
0.89609
0.92781
0.9319
0.87611
0.85954
0.87422
0.91117
0.95322
0.95792
0.95046
0.94376
0.94004
0.93957
0.94962
0.96166
0.96645
0.98157
0.82042
0.95743
0.94331
0.90109
0.91901
0.9509
0.95529
0.94904
0.95969
0.87328
0.83915
0.77808
0.51948
0.58027
0.59814
0.60336
0.3923
0.27475
0.31213
0.31542
0.85938
0.97805
0.9579
0.96712
0.97869
0.98491
0.96985
0.90888
0.91044
0.95492
0.93008
0.92315
0.90876
0.8502
0.85764
0.8648
0.87663
0.89042
0.85011
0.77387
0.66673
0.71835
0.73756
0.73843
0.74738
0.76058
0.71871
0.57036
0.50142
0.55682
0.49182
0.61219
0.6366
0.55266
0.40474
0.29748
0.20703
0.3724
0.53227
0.35459
0.43386
0.55432
0.46902
0.36994
0.22953
0.2793
0.34082
0.33089
0.2751
0.4609
0.96923
0.96376
0.8384
0.86293
0.81989
0.83875
0.82945
0.80944
0.76855
0.84759
0.868
0.79269
0.71385
0.72556
0.71779
0.70516
0.64813
0.65397
0.66887
0.68357
0.69469
0.72974
0.89794
0.93637
0.93022
0.95014
0.94366
0.89923
0.89182
0.89114
0.91267
0.92815
0.94091
0.94666
0.95192
0.96237
0.95308
0.94661
0.95252
0.9508
0.89347
0.70993
0.57255
0.62207
0.60884
0.59156
0.67092
0.64766
0.71214
0.77335
0.86036
0.94359
0.93802
0.94698
0.94143
0.9416
0.9035
0.91598
0.91887
0.9303
0.92668
0.85232
0.70663
0.74042
0.71043
0.68509
0.59802
0.54711
0.70199
0.88114
0.92665
0.90693
0.92622
0.9292
0.92315
0.93434
0.9219
0.91875
0.89529
0.8185
0.81522
0.75887
0.71526
0.70958
0.81915
0.87365
0.91751
0.93521
0.9135
0.92003
0.84585
0.85306
0.64474
0.35519
0.33147
0.35673
0.41293
0.35085
0.27492
0.24984
0.28858
0.421
0.45479
0.45899
0.58028
0.56571
0.56381
0.79298
0.96071
0.9979
0.99719
0.99277
0.97151
0.90738
0.78492
0.84255
0.77711
0.72918
0.74439
0.84377
0.77953
0.75194
0.59551
0.33667
0.27417
0.2443
0.28577
0.70872
0.68831
0.62035
0.83009
0.963
0.99936
0.96584
0.96211
0.90329
0.81226
0.86761
0.96399
0.96362
0.9719
0.95438
0.94982
0.93193
0.96372
0.97881
0.97623
0.97424
0.95752
0.94531
0.93874
0.86901
0.88495
0.90835
0.89038
0.89231
0.73454
0.47746
0.44309
0.45645
0.46035
0.54886
0.57737
0.38167
0.29671
0.30767
0.31161
0.30731
0.39499
0.45805
0.48177
0.48818
0.39018
0.35018
0.33033
0.29905
0.28511
0.34017
0.42008
0.45617
0.34583
0.3851
0.56642
0.68799
0.63201
0.70231
0.77246
0.81431
0.83248
0.85654
0.8586
0.8531
0.82843
0.82186
0.82432
0.87218
0.91791
0.92947
0.89058
0.81828
0.75718
0.7316
0.74162
0.72359
0.69839
0.7042
0.49774
0.4461
0.46869
0.49866
0.50904
0.42419
0.38436
0.41124
0.55348
0.54499
0.50632
0.55402
0.58418
0.59648
0.59101
0.56904
0.58187
0.53163
0.49406
0.55593
0.65895
0.71549
0.71276
0.72876
0.68141
0.66678
0.68058
0.68301
0.72016
0.77332
0.66184
0.56525
0.58615
0.75668
0.74831
0.77125
0.7876
0.7244
0.59647
0.48475
0.43018
0.45356
0.50468
0.57461
0.64758
0.63557
0.53308
0.60252
0.59096
0.52734
0.54639
0.64371
0.7555
0.84373
0.97724
0.94394
0.59674
0.81398
0.65736
0.68857
0.72348
0.79405
0.8713
0.90187
0.8637
0.80729
0.72749
0.72316
0.75774
0.76632
0.76093
0.74129
0.78384
0.77042
0.67578
0.68286
0.68286
0.7166
0.57531
0.47639
0.44245
0.51855
0.53893
0.53855
0.60367
0.62511
0.5174
0.52565
0.55908
0.58663
0.62141
0.64611
0.72669
0.78085
0.78501
0.83153
0.84069
0.78747
0.73279
0.7174
0.74353
0.76668
0.80601
0.85433
0.87244
0.84482
0.78524
0.74961
0.7423
0.72666
0.69944
0.64313
0.73366
0.99754
0.99873
0.99841
0.99723
0.99858
0.99806
0.99826
0.95882
0.82469
0.82623
0.83749
0.86822
0.91415
0.86487
0.5796
0.57482
0.55612
0.49357
0.63246
0.7554
0.74546
0.66021
0.67777
0.69291
0.61656
0.5222
0.37265
0.3688
0.47255
0.42502
0.38908
0.35018
0.30994
0.30563
0.26737
0.30697
0.28418
0.24716
0.25135
0.23833
0.23107
0.23256
0.21305
0.23235
0.23305
0.25391
0.29266
0.26482
0.24955
0.24008
0.2586
0.26563
0.30618
0.33119
0.34686
0.37681
0.39056
0.38574
0.43615
0.45438
0.45333
0.41698
0.44846
0.50325
0.57101
0.57068
0.64181
0.90595
0.99315
0.99908
0.99709
0.99803
1.0003
0.97436
0.95617
0.95091
0.99837
1.0003
0.99739
1.0005
0.97483
0.99776
0.90013
0.90779
0.93645
0.88798
0.84745
0.76304
0.68704
0.65361
0.60378
0.6353
0.65703
0.57549
0.65347
0.76408
0.87599
0.76769
0.57394
0.5639
0.50773
0.45343
0.50115
0.37175
0.35721
0.52661
0.56327
0.60026
0.62373
0.75201
0.99492
0.9886
0.9971
0.98153
0.99106
0.94831
0.99294
0.99472
0.96018
0.89842
0.81474
0.6971
0.55214
0.49452
0.4412
0.39565
0.37899
0.36409
0.37049
0.37126
0.44176
0.44752
0.49217
0.52067
0.52802
0.51519
0.50503
0.65446
0.76092
0.84121
0.87829
0.92455
0.93915
0.90212
0.84761
0.79081
0.74482
0.81192
0.77271
0.81391
0.81955
0.70452
0.63175
0.56166
0.60818
0.71392
0.75749
0.74469
0.78028
0.71362
0.75882
0.85514
0.77689
0.7411
0.75827
0.79272
0.80864
0.77671
0.76724
0.77742
0.7183
0.78246
0.80659
0.81864
0.82029
0.76535
0.72096
0.72904
0.77782
0.82256
0.79263
0.78006
0.75808
0.72963
0.77817
0.83407
0.88316
0.83062
0.86896
0.86392
0.98359
0.97325
1.0001
0.98807
0.99219
0.98217
0.92711
0.90594
1.0006
0.99454
0.99983
1.0001
0.99852
0.98111
0.97072
0.95198
0.98874
0.94823
0.86951
0.89471
0.87104
0.8544
0.85512
0.77631
0.7706
0.85122
0.80482
0.76427
0.73841
0.69583
0.62256
0.61573
0.53243
0.42959
0.41461
0.39097
0.35163
0.33144
0.33826
0.33365
0.34139
0.40652
0.41815
0.41952
0.52793
0.66408
0.83455
0.91916
0.93055
0.96504
0.92076
0.89851
0.85888
0.73251
0.66541
0.69253
0.69875
0.70756
0.64853
0.58246
0.5741
0.58875
0.60053
0.63721
0.67729
0.692
0.68206
0.67694
0.69229
0.66311
0.60229
0.59854
0.67061
0.71057
0.69236
0.69455
0.75701
0.84455
0.88619
0.89186
0.83665
0.8424
0.77349
0.70708
0.71207
0.698
0.78488
0.69899
0.51072
0.44288
0.41635
0.39311
0.37178
0.47332
0.49427
0.4924
0.52594
0.61027
0.64108
0.85406
0.74776
0.75225
0.74831
0.72215
0.57705
0.40723
0.39168
0.37484
0.3583
0.40771
0.46045
0.59554
0.67031
0.64772
0.64521
0.65974
0.7094
0.73556
0.75756
0.77977
0.71411
0.60425
0.55219
0.53651
0.55241
0.53483
0.49519
0.4839
0.44735
0.42588
0.41035
0.41046
0.41549
0.42113
0.43522
0.45637
0.54468
0.5669
0.58159
0.58013
0.64614
0.73702
0.76617
0.79489
0.73995
0.80342
0.72304
0.75686
0.77354
0.96346
0.92768
0.99723
0.99803
0.94534
0.81865
0.7932
0.65339
0.82364
0.89713
0.86785
0.83715
0.71254
0.73749
0.62753
0.69357
0.80874
0.91469
0.88639
0.8281
0.62494
0.60003
0.63286
0.57297
0.52988
0.41734
0.53677
0.47116
0.60284
0.81722
0.78604
0.86466
0.87306
0.85028
0.93054
0.80181
0.84343
0.98021
0.92842
0.9017
0.75341
0.71414
0.66323
0.62485
0.45019
0.40468
0.40318
0.41827
0.40663
0.41092
0.46179
0.646
0.98059
0.69185
0.8008
0.89538
0.99732
0.9972
0.86134
0.72965
0.80817
0.7675
0.67508
0.64679
0.60709
0.68769
0.39083
0.46857
0.50797
0.50792
0.49402
0.61224
0.83509
0.90889
0.9329
0.98453
0.99927
1.0009
0.98153
0.99339
0.9979
0.99994
0.99847
0.97301
0.94846
0.92683
0.79087
0.96398
0.92436
0.89659
0.83134
0.83643
0.84788
0.81746
0.74638
0.81635
1.0005
0.9972
0.99655
0.99757
0.97514
0.95455
0.84601
0.85302
0.75875
0.78254
0.54787
0.51625
0.78464
0.78995
0.84231
0.91055
0.94017
0.87095
0.71927
0.71906
0.77472
0.77935
0.81586
0.76843
0.81679
0.79611
0.68065
0.65878
0.75352
0.81856
0.89917
0.93351
0.90907
0.92191
0.88638
0.7264
0.61644
0.58454
0.6747
0.70888
0.7192
0.76406
0.797
0.54655
0.65957
0.72505
0.70013
0.73023
0.77759
0.71263
0.59205
0.43647
0.44982
0.48389
0.4061
0.42071
0.50994
0.46941
0.38401
0.36684
0.35562
0.34501
0.34333
0.37434
0.38904
0.45457
0.44778
0.54815
0.62647
0.6655
0.63393
0.72864
0.83636
0.87615
0.87708
0.91186
0.98795
0.98508
0.91168
0.86179
0.8415
0.87793
0.81872
0.89057
0.93959
0.90102
0.80469
0.8418
0.84453
0.84421
0.78426
0.6351
0.80346
0.79259
0.80522
0.85556
0.96515
0.96947
0.8859
0.83822
0.86669
0.87643
0.8417
0.8367
0.88106
0.90967
0.91175
0.94015
0.95199
0.9231
0.87689
0.95441
0.99551
0.95797
0.91196
0.94129
0.84557
0.78807
0.69253
0.67396
0.76892
0.69899
0.40985
0.36859
0.33539
0.42435
0.52394
0.55619
0.58339
0.43567
0.37218
0.43677
0.57826
0.4866
0.52519
0.51157
0.51026
0.58865
0.57557
0.58728
0.71872
0.76544
0.76947
0.87559
0.98449
0.99867
0.99765
1.0002
1.0001
0.99979
0.99824
0.99946
0.99994
0.99958
0.99869
0.97964
0.99766
1
0.99812
0.99458
0.99725
1.0003
0.99801
0.99739
0.98513
0.98882
0.99846
1.0001
0.99983
0.98133
0.88665
0.7382
0.72636
0.79893
0.81125
0.82324
0.93352
0.79543
0.56456
0.47624
0.47649
0.63929
0.69674
0.65519
0.83006
0.80032
0.74676
0.68286
0.76159
0.77128
0.7505
0.80115
0.94885
0.93492
0.92559
0.84521
0.71566
0.73094
0.73963
0.74622
0.65754
0.51675
0.47662
0.48748
0.56631
0.77248
0.85837
0.9145
0.88697
0.70847
0.52653
0.56158
0.64541
0.71867
0.70628
0.487
0.33409
0.31345
0.32914
0.29754
0.30542
0.31411
0.37303
0.45308
0.44288
0.3406
0.28234
0.2977
0.29494
0.29804
0.29226
0.27497
0.24619
0.22443
0.22886
0.22861
0.23855
0.24466
0.28092
0.31158
0.28048
0.26786
0.24825
0.23923
0.22532
0.23394
0.25145
0.25696
0.23813
0.22737
0.2233
0.23799
0.24913
0.31976
0.3013
0.36388
0.3296
0.32869
0.31909
0.33656
0.32568
0.30514
0.33866
0.32409
0.4045
0.41977
0.38025
0.60015
0.69802
0.52639
0.59025
0.58679
0.68309
0.67378
0.51043
0.50133
0.63129
0.77197
0.77632
0.80795
0.82801
0.83344
0.8246
0.84624
0.83226
0.82569
0.7999
0.7483
0.72465
0.6979
0.5312
0.44856
0.41683
0.43824
0.66122
0.6812
0.7397
0.7687
0.79319
0.58713
0.66844
0.84999
0.85352
0.88326
0.91601
0.92254
0.94916
0.97897
0.9859
0.94129
0.89143
0.84736
0.7861
0.8111
0.79869
0.77595
0.77517
0.75925
0.71551
0.68275
0.7066
0.73746
0.75496
0.73564
0.71987
0.74491
0.74084
0.70057
0.67484
0.65124
0.62404
0.59266
0.56563
0.61154
0.65086
0.62536
0.62511
0.5944
0.50559
0.43808
0.44787
0.48471
0.57569
0.62031
0.5606
0.41426
0.39766
0.36668
0.36323
0.41696
0.54961
0.48141
0.45782
0.45513
0.44593
0.44746
0.65709
0.83292
0.9379
0.94314
0.9265
0.92515
0.9239
0.87789
0.86338
0.85323
0.80392
0.76552
0.69624
0.69491
0.61119
0.52739
0.43662
0.32808
0.28379
0.25445
0.22021
0.19433
0.20018
0.25694
0.29606
0.32451
0.37099
0.44241
0.50697
0.55189
0.57471
0.448
0.63807
0.73453
0.7887
0.91157
0.94978
0.96363
0.97805
0.98014
0.98289
0.98348
0.95134
0.98278
0.88611
0.8305
0.7381
0.61879
0.49724
0.46959
0.45628
0.45168
0.45245
0.39385
0.37189
0.33526
0.29261
0.29165
0.31376
0.32034
0.28952
0.31688
0.38796
0.55997
0.8786
0.67506
0.5415
0.73303
0.68991
0.62132
0.45875
0.42736
0.41827
0.39578
0.36918
0.34392
0.33007
0.31627
0.31486
0.29839
0.28069
0.26607
0.25912
0.25792
0.26695
0.28841
0.2954
0.24335
0.24894
0.2776
0.29598
0.42664
0.57165
0.56678
0.47981
0.43981
0.60878
0.52446
0.50983
0.55031
0.49935
0.39747
0.3672
0.33717
0.32121
0.34061
0.39898
0.43559
0.43955
0.41937
0.41142
0.42795
0.42695
0.44192
0.4412
0.43855
0.42525
0.39263
0.3928
0.35595
0.39338
0.42066
0.4183
0.43696
0.44699
0.4318
0.42539
0.38798
0.34937
0.3385
0.35981
0.30801
0.31728
0.32646
0.33714
0.29684
0.34953
0.38213
0.47268
0.48374
0.37807
0.32894
0.32809
0.34686
0.36915
0.36637
0.36348
0.41656
0.40948
0.42378
0.74194
0.70834
0.73824
0.74427
0.72965
0.70148
0.6489
0.65241
0.64063
0.66078
0.6872
0.67539
0.6836
0.65813
0.57693
0.54757
0.42657
0.41433
0.40849
0.43853
0.54081
0.64707
0.54821
0.47253
0.46096
0.4177
0.37005
0.34546
0.37018
0.38257
0.35962
0.33578
0.31529
0.31276
0.32018
0.36232
0.39549
0.38446
0.35499
0.3944
0.37947
0.41004
0.42098
0.56026
0.6083
0.53488
0.60137
0.64958
0.63702
0.6911
0.64643
0.53543
0.44824
0.36682
0.32404
0.31281
0.30781
0.29303
0.28429
0.27756
0.27254
0.27889
0.37057
0.49442
0.52619
0.44233
0.43938
0.51405
0.57926
0.59315
0.55631
0.50939
0.44129
0.41456
0.37406
0.33107
0.31742
0.31118
0.31378
0.3092
0.31685
0.29519
0.25737
0.24072
0.23285
0.20777
0.17966
0.38753
0.36432
0.38758
0.36878
0.31347
0.25807
0.20807
0.16207
0.20896
0.21112
0.21016
0.20777
0.21797
0.27901
0.45673
0.42386
0.34929
0.28593
0.2543
0.23545
0.23165
0.23528
0.23783
0.25614
0.33629
0.5403
0.9361
0.91208
0.88146
0.84854
0.88859
0.63414
0.4218
0.44853
0.3285
0.30316
0.24425
0.22484
0.22554
0.22938
0.22927
0.22842
0.2421
0.22692
0.21934
0.22233
0.20859
0.20001
0.20043
0.19551
0.19622
0.20081
0.19433
0.20088
0.20957
0.24721
0.61875
0.78603
0.86265
0.92582
0.80059
0.71577
0.84194
0.82554
0.95867
0.95232
0.84981
0.80658
0.91561
0.89137
0.90899
0.90027
0.90029
0.88659
0.81412
0.77438
0.7232
0.72461
0.75581
0.84454
0.67451
0.66171
0.7089
0.81894
0.64365
0.58736
0.48614
0.59164
0.56533
0.69413
0.69159
0.687
0.74784
0.86733
0.88491
0.68026
0.60808
0.86055
0.67266
0.84142
0.90811
0.90975
0.66078
0.39256
0.3876
0.36832
0.34173
0.32135
0.31023
0.31042
0.31927
0.33507
0.3515
0.37209
0.35204
0.31783
0.27898
0.33234
0.33764
0.3299
0.28917
0.27509
0.28353
0.31583
0.32126
0.30704
0.31227
0.33552
0.32714
0.33197
0.33305
0.30436
0.28526
0.29981
0.28756
0.29337
0.30039
0.2678
0.24528
0.24233
0.24418
0.23661
0.23707
0.20967
0.22139
0.2261
0.20837
0.21799
0.23894
0.25652
0.30189
0.43429
0.452
0.48136
0.46513
0.47616
0.84596
0.90626
0.92283
0.94457
0.79639
0.85616
0.74832
0.72111
0.82352
0.71673
0.6316
0.83793
0.91858
0.91893
0.93289
0.97936
0.81211
0.78004
0.8204
0.80827
0.81521
0.65962
0.63637
0.44248
0.38094
0.34978
0.36543
0.36376
0.46767
0.56238
0.9446
0.94952
0.94302
0.93479
0.92769
0.92228
0.9169
0.81437
0.56958
0.33994
0.32057
0.26955
0.23228
0.29175
0.40787
0.49104
0.77098
0.66023
0.59687
0.55807
0.61819
0.74571
0.61499
0.66034
0.90981
0.92655
0.93744
0.93613
0.93508
0.92842
0.92275
0.87845
0.874
0.7444
0.81047
0.56403
0.64483
0.62536
0.73971
0.7501
0.63471
0.75083
0.77104
0.7598
0.77951
0.78703
0.80183
0.80083
0.74088
0.67986
0.68943
0.64666
0.54595
0.59022
0.5108
0.47967
0.44614
0.43947
0.3867
0.34213
0.31005
0.3318
0.48533
0.54453
0.52118
0.47925
0.51513
0.53527
0.67403
0.78849
0.77428
0.7411
0.6096
0.6154
0.63385
0.5546
0.3694
0.27917
0.3247
0.34188
0.37679
0.39887
0.46721
0.47191
0.37603
0.41116
0.43368
0.41833
0.45475
0.49041
0.56104
0.50816
0.5202
0.54383
0.56286
0.6245
0.64669
0.56363
0.42492
0.37093
0.36164
0.38913
0.35343
0.34201
0.32417
0.30645
0.30512
0.32175
0.33501
0.39054
0.46172
0.49858
0.66231
0.57587
0.79624
0.84454
0.60417
0.54036
0.49063
0.42904
0.40169
0.383
0.3572
0.36493
0.36676
0.35374
0.35579
0.37021
0.38885
0.42389
0.4306
0.40161
0.36077
0.33787
0.3196
0.30377
0.41375
0.45401
0.55681
0.63622
0.70305
0.70388
0.76729
0.73951
0.75577
0.78564
0.77305
0.76385
0.75911
0.71658
0.75877
0.79203
0.82572
0.83537
0.8396
0.84524
0.8477
0.84999
0.8487
0.84742
0.85029
0.85327
0.85263
0.75205
0.66703
0.52077
0.35189
0.61974
0.67305
0.54586
0.48727
0.4427
0.53892
0.33177
0.28139
0.29058
0.30225
0.38811
0.40408
0.41041
0.36427
0.3472
0.31174
0.29362
0.26925
0.26126
0.29886
0.31256
0.34742
0.33594
0.3209
0.34525
0.34977
0.33953
0.3348
0.29851
0.29753
0.30185
0.2854
0.29157
0.30298
0.74243
0.86896
0.8755
0.86989
0.86322
0.8449
0.68961
0.61483
0.50612
0.39522
0.3834
0.31989
0.37421
0.32002
0.34389
0.40236
0.37248
0.44452
0.45569
0.41573
0.40476
0.40028
0.38948
0.37832
0.3801
0.37925
0.33024
0.31559
0.31551
0.30104
0.31286
0.31805
0.33661
0.314
0.34543
0.32976
0.37155
0.38338
0.39856
0.56301
0.76687
0.69466
0.64006
0.5345
0.39067
0.34112
0.32933
0.33873
0.56821
0.78374
0.78846
0.84992
0.8355
0.73919
0.72714
0.78218
0.76881
0.83004
0.85667
0.69082
0.62716
0.48678
0.36123
0.326
0.28779
0.28758
0.29986
0.31985
0.32655
0.3525
0.42714
0.91
0.88382
0.86771
0.8585
0.84594
0.84466
0.84066
0.83659
0.83957
0.84344
0.84337
0.8438
0.84462
0.84563
0.84805
0.84513
0.84269
0.84608
0.84732
0.84758
0.85013
0.84594
0.84363
0.83808
0.83442
0.82066
0.80136
0.75355
0.73081
0.74286
0.70118
0.61979
0.37337
0.28302
0.2298
0.26492
0.28302
0.28513
0.26747
0.2393
0.20924
0.41717
0.73309
0.66817
0.65555
0.58563
0.55407
0.66621
0.4579
0.51897
0.55747
0.45966
0.64014
0.55549
0.63332
0.52654
0.78442
0.83883
0.84173
0.84257
0.84462
0.84007
0.6874
0.63248
0.59133
0.48094
0.42525
0.38858
0.3539
0.35733
0.36666
0.37789
0.35689
0.35783
0.37554
0.38658
0.58987
0.87684
0.89267
0.72287
0.39036
0.32838
0.31538
0.35306
0.35764
0.34612
0.32779
0.3388
0.33095
0.38933
0.90143
0.88072
0.87648
0.77036
0.67786
0.49488
0.35044
0.34948
0.3753
0.37769
0.41383
0.75554
0.79724
0.84732
0.85054
0.84952
0.83077
0.83065
0.82413
0.66709
0.35999
0.30633
0.29056
0.26374
0.25595
0.23681
0.58545
0.89879
0.80797
0.81145
0.79049
0.72338
0.64262
0.5313
0.42781
0.31973
