0.71276
0.70945
0.52586
0.42169
0.36762
0.52719
0.70702
0.73281
0.75138
0.76121
0.76986
0.57477
0.44512
0.41249
0.3771
0.39126
0.37084
0.34379
0.3121
0.31175
0.33792
0.33644
0.30338
0.23404
0.21997
0.22252
0.26211
0.253
0.2479
0.25372
0.26426
0.30088
0.28299
0.30339
0.30088
0.38787
0.42944
0.47772
0.43516
0.34398
0.35626
0.38779
0.37915
0.4116
0.42852
0.39329
0.37158
0.37108
0.36463
0.35653
0.35767
0.37193
0.37907
0.38757
0.37836
0.35736
0.36785
0.38053
0.38045
0.38923
0.3987
0.39227
0.38842
0.38031
0.37573
0.37944
0.37938
0.36874
0.36114
0.35717
0.35918
0.3431
0.34195
0.36565
0.37479
0.38685
0.39128
0.36961
0.3333
0.34889
0.3472
0.3344
0.33276
0.35012
0.36459
0.35437
0.36111
0.39057
0.41385
0.41966
0.42414
0.42927
0.45167
0.46751
0.47157
0.46898
0.46113
0.4509
0.43427
0.41931
0.41748
0.42364
0.421
0.41662
0.42637
0.43634
0.45928
0.48344
0.50169
0.57184
0.64824
0.75157
0.7485
0.78342
0.75498
0.77199
0.71492
0.71883
0.71113
0.68049
0.58224
0.47355
0.42945
0.42957
0.40511
0.39426
0.41399
0.40901
0.39845
0.40191
0.3853
0.34742
0.34589
0.32208
0.33788
0.34516
0.3758
0.44748
0.45996
0.46546
0.46424
0.46794
0.45506
0.81492
0.55143
0.51223
0.43396
0.42772
0.42784
0.43112
0.42018
0.39596
0.39274
0.39082
0.48896
0.50347
0.5183
0.54701
0.51574
0.42172
0.3927
0.47719
0.39859
0.3551
0.3434
0.34376
0.34425
0.34017
0.44973
0.46935
0.44017
0.49169
0.40299
0.32634
0.35314
0.37181
0.35195
0.34508
0.34253
0.38768
0.37323
0.35705
0.39548
0.44495
0.43604
0.63487
0.7981
0.81133
0.66056
0.55691
0.78143
0.79162
0.78062
0.58617
0.54288
0.77871
0.7551
0.78325
0.79515
0.79777
0.81367
0.81613
0.75798
0.54117
0.49743
0.49737
0.47149
0.42958
0.43728
0.42561
0.3972
0.40213
0.3719
0.37748
0.41441
0.42936
0.44501
0.49902
0.47839
0.45352
0.43378
0.42832
0.46738
0.48437
0.47177
0.45977
0.42191
0.40875
0.39588
0.38276
0.39833
0.53109
0.47908
0.3299
0.31732
0.39342
0.44004
0.44236
0.38874
0.32335
0.28925
0.29201
0.3164
0.33873
0.32997
0.35316
0.4893
0.49313
0.49207
0.46572
0.44944
0.41583
0.4054
0.38936
0.35937
0.36659
0.37503
0.36451
0.35595
0.3371
0.33273
0.34361
0.35163
0.37653
0.38782
0.36693
0.27319
0.26192
0.29646
0.36309
0.42433
0.43416
0.43449
0.45747
0.43844
0.41869
0.43592
0.43737
0.46437
0.4574
0.46009
0.45159
0.44358
0.44571
0.43564
0.43553
0.39183
0.59395
0.74481
0.68961
0.67066
0.6754
0.70168
0.76979
0.66705
0.70616
0.72208
0.65497
0.61554
0.7269
0.65899
0.53602
0.67916
0.6371
0.69937
0.70318
0.69565
0.70263
0.72959
0.73404
0.73942
0.73936
0.65328
0.47274
0.75601
0.65644
0.71596
0.72194
0.6964
0.71148
0.71747
0.7287
0.72095
0.732
0.72693
0.72358
0.71329
0.70882
0.73617
0.73525
0.7384
0.74184
0.7441
0.74733
0.74369
0.75047
0.73327
0.67308
0.48513
0.39224
0.33959
0.39942
0.30642
0.3144
0.29435
0.22551
0.29414
0.33571
0.49365
0.50937
0.51903
0.53394
0.5531
0.56009
0.64128
0.66175
0.64369
0.61995
0.53819
0.67226
0.78698
0.79401
0.7988
0.77529
0.6759
0.52933
0.49421
0.48938
0.44827
0.45292
0.42128
0.42973
0.40423
0.40289
0.44463
0.53589
0.73244
0.61907
0.57213
0.55574
0.55154
0.54472
0.57577
0.58568
0.57843
0.55391
0.53022
0.53163
0.46802
0.41829
0.53214
0.58779
0.70278
0.64765
0.82406
0.83581
0.85393
0.85884
0.86316
0.85768
0.85348
0.85301
0.8478
0.84407
0.84297
0.84047
0.78033
0.65814
0.6693
0.6303
0.55993
0.54915
0.72029
0.78178
0.79515
0.73423
0.62284
0.73865
0.47546
0.44948
0.44378
0.41086
0.38869
0.38472
0.37759
0.36907
0.35494
0.36208
0.36802
0.37439
0.36359
0.36278
0.34633
0.36032
0.35212
0.3417
0.33502
0.30569
0.29537
0.29762
0.29408
0.30436
0.31508
0.32728
0.33574
0.34262
0.35698
0.34183
0.32387
0.33962
0.34127
0.36676
0.38294
0.403
0.38441
0.35366
0.32321
0.33041
0.34075
0.33833
0.36969
0.35528
0.34163
0.3481
0.47238
0.49818
0.44515
0.43263
0.41646
0.40573
0.38352
0.33374
0.30878
0.30736
0.28786
0.30026
0.36496
0.42073
0.38631
0.38365
0.39195
0.39402
0.40588
0.39643
0.3604
0.33694
0.33325
0.37327
0.41561
0.43953
0.41296
0.39828
0.41079
0.4926
0.55451
0.51626
0.53127
0.56195
0.49381
0.4346
0.41809
0.41907
0.39953
0.32874
0.30748
0.27879
0.31252
0.32139
0.31676
0.32471
0.34961
0.29764
0.24758
0.3413
0.36663
0.38696
0.53539
0.55011
0.55346
0.51005
0.50067
0.48858
0.49852
0.85141
0.88362
0.86917
0.85835
0.85166
0.84224
0.83184
0.82464
0.80527
0.58269
0.70138
0.80402
0.76755
0.76254
0.65519
0.79254
0.746
0.5158
0.4707
0.43743
0.4014
0.371
0.32709
0.26819
0.26189
0.3051
0.35188
0.34512
0.32881
0.35667
0.35194
0.35825
0.37037
0.38866
0.37127
0.3544
0.34548
0.35086
0.36918
0.37242
0.36909
0.37379
0.36822
0.37232
0.35633
0.34309
0.37338
0.32322
0.3505
0.40088
0.41163
0.4519
0.49079
0.48465
0.50675
0.82115
0.85157
0.846
0.83282
0.8073
0.41934
0.37979
0.48502
0.79202
0.76045
0.63937
0.57237
0.59856
0.58159
0.54035
0.51042
0.47187
0.40074
0.36355
0.4397
0.50833
0.57144
0.63807
0.80998
0.8054
0.84775
0.69531
0.54589
0.53224
0.53059
0.5421
0.53173
0.53499
0.54424
0.56507
0.6383
0.91316
0.58991
0.54297
0.61216
0.83801
0.86717
0.87305
0.86751
0.85752
0.8487
0.83992
0.82813
0.61308
0.49102
0.46329
0.4365
0.43842
0.45228
0.44745
0.42822
0.39744
0.38594
0.41142
0.43671
0.4154
0.40136
0.39081
0.44559
0.69925
0.87098
0.88488
0.89269
0.88764
0.88226
0.83444
0.78806
0.78212
0.78185
0.83399
0.863
0.86792
0.7649
0.62255
0.52883
0.48232
0.50422
0.41132
0.321
0.26244
0.29467
0.36468
0.55164
0.80786
0.85455
0.871
0.8921
0.89589
0.89676
0.90889
0.90759
0.85698
0.68564
0.5862
0.54707
0.48304
0.43858
0.44051
0.40174
0.39972
0.4136
0.44172
0.43232
0.46846
0.47312
0.45524
0.43693
0.44717
0.42994
0.46403
0.50102
0.48274
0.44864
0.44881
0.4507
0.46772
0.47556
0.70111
0.61252
0.5074
0.48014
0.67954
0.64508
0.6099
0.80845
0.70539
0.62136
0.78008
0.76645
0.81942
0.8101
0.5661
0.52927
0.64203
0.79556
0.75037
0.72707
0.76719
0.61052
0.5868
0.52158
0.48818
0.44457
0.39653
0.35997
0.35389
0.38299
0.37068
0.35348
0.35766
0.34182
0.32999
0.39941
0.3959
0.39626
0.41261
0.4186
0.39419
0.4038
0.40823
0.32372
0.32993
0.31031
0.2728
0.27149
0.27748
0.26368
0.26598
0.2597
0.30353
0.26931
0.27026
0.29599
0.34427
0.33735
0.31534
0.32067
0.34722
0.3644
0.38027
0.39125
0.42477
0.46275
0.47893
0.50073
0.57161
0.57404
0.69103
0.9649
0.94624
0.83006
0.74423
0.70504
0.64655
0.55049
0.52471
0.51957
0.54695
0.6367
0.53319
0.51886
0.5258
0.92937
0.9127
0.89004
0.56681
0.41613
0.43612
0.44897
0.45482
0.44658
0.44547
0.43915
0.416
0.40337
0.41286
0.33653
0.32875
0.35657
0.34481
0.41944
0.43099
0.4417
0.42873
0.41059
0.4176
0.46661
0.46572
0.46714
0.52672
0.73544
0.69759
0.57008
0.47267
0.44969
0.43012
0.45238
0.54067
0.5414
0.55159
0.51325
0.51534
0.48992
0.5106
0.72896
0.77847
0.88002
0.89351
0.88348
0.85094
0.84009
0.8296
0.86452
0.69494
0.83299
0.85274
0.78182
0.48525
0.4443
0.40089
0.37798
0.32457
0.21495
0.18409
0.18618
0.19781
0.23797
0.26797
0.34081
0.81604
0.92245
0.873
0.74732
0.8471
0.68656
0.86661
0.91084
0.97769
0.99466
0.99415
0.99181
0.97268
0.96013
0.94739
0.92943
0.93339
0.90742
0.84163
0.80643
0.64741
0.56447
0.59952
0.59892
0.79944
0.9142
0.9123
0.89008
0.86733
0.83979
0.80739
0.8059
0.78603
0.7831
0.83814
0.85606
0.8393
0.81683
0.82948
0.85376
0.88388
0.88424
0.88529
0.87258
0.86125
0.84769
0.81876
0.82681
0.83406
0.86203
0.87092
0.72581
0.74591
0.62897
0.66329
0.6377
0.66563
0.72603
0.655
0.60535
0.55206
0.45022
0.32426
0.26163
0.23057
0.21193
0.20467
0.21594
0.19911
0.15785
0.12117
0.1728
0.24019
0.2939
0.34457
0.33741
0.47409
0.51627
0.48934
0.5402
0.53188
0.5046
0.55492
0.61482
0.86691
0.81231
0.85151
0.86904
0.82955
0.83734
0.85727
0.77961
0.57075
0.53036
0.49611
0.48939
0.49691
0.49507
0.47682
0.42508
0.39646
0.3981
0.37469
0.39621
0.46448
0.58287
0.96075
0.9491
0.95327
0.94924
0.95158
0.94073
0.96252
0.96791
0.96783
0.96837
0.95066
0.91525
0.87959
0.89497
0.82977
0.93858
0.85343
0.59391
0.45968
0.5258
0.45281
0.40991
0.40453
0.42592
0.41298
0.39119
0.38004
0.36865
0.39178
0.39645
0.43026
0.44163
0.40659
0.29329
0.24987
0.24854
0.29837
0.35118
0.45202
0.45099
0.4727
0.3906
0.36031
0.3297
0.33097
0.3269
0.34564
0.37697
0.39871
0.3577
0.3081
0.51028
0.77654
0.59655
0.59536
0.78308
0.98889
0.98057
0.95227
0.95615
0.93499
0.89953
0.78749
0.78113
0.56044
0.26452
0.27377
0.34726
0.28224
0.29295
0.4187
0.53776
0.42839
0.37935
0.3695
0.36086
0.33714
0.3374
0.35221
0.36661
0.37204
0.35175
0.33111
0.32774
0.34205
0.3664
0.39062
0.39823
0.39509
0.38311
0.36137
0.34565
0.3791
0.39416
0.41155
0.4477
0.44602
0.44643
0.47402
0.48595
0.4904
0.46725
0.47728
0.48437
0.4755
0.47867
0.48748
0.48989
0.45541
0.46657
0.48669
0.49728
0.41539
0.37328
0.39375
0.41722
0.40897
0.44005
0.52399
0.56057
0.53393
0.4846
0.38166
0.35382
0.33989
0.37782
0.43053
0.47712
0.50834
0.49694
0.37784
0.3325
0.41859
0.5409
0.51985
0.44406
0.35363
0.26196
0.2626
0.27212
0.2722
0.28856
0.30479
0.31601
0.31214
0.28028
0.2659
0.36787
0.45979
0.55654
0.69691
0.80402
0.74276
0.8535
0.89413
0.73518
0.65097
0.63782
0.74327
0.77652
0.80944
0.74428
0.64764
0.56839
0.54896
0.62933
0.83293
0.93246
0.90594
0.71812
0.52704
0.49505
0.51591
0.48273
0.40262
0.33217
0.31812
0.28031
0.28702
0.31886
0.30089
0.25927
0.28152
0.31563
0.40847
0.37884
0.39968
0.39066
0.3307
0.43969
0.46716
0.4397
0.41277
0.58286
0.9234
0.59967
0.57275
0.86372
0.66676
0.72333
0.76646
0.78825
0.71702
0.64953
0.65411
0.69025
0.65688
0.69327
0.6062
0.72016
0.93157
0.96334
0.99893
0.99986
0.96538
0.99273
0.92698
0.95257
0.99795
0.99717
0.99752
0.96691
0.84895
0.76984
0.87404
0.82136
0.76551
0.66233
0.61507
0.68883
0.83712
0.66391
0.5915
0.4928
0.58401
0.65173
0.59791
0.56711
0.63862
0.63693
0.56647
0.57506
0.58429
0.57914
0.57199
0.5819
0.60846
0.63252
0.68212
0.93505
0.88693
0.77405
0.76684
0.72307
0.71384
0.80115
0.82265
0.80115
0.66805
0.6023
0.58387
0.55952
0.58364
0.52653
0.59668
0.60724
0.6138
0.59462
0.59386
0.62593
0.67921
0.79602
0.84078
0.8624
0.86057
0.78312
0.65665
0.61999
0.62669
0.57704
0.5126
0.55755
0.5452
0.52871
0.5023
0.49391
0.48066
0.49565
0.5028
0.49136
0.5114
0.47701
0.56915
0.47907
0.46471
0.47094
0.48284
0.49593
0.40704
0.5519
0.5485
0.52378
0.5051
0.473
0.46047
0.46684
0.49919
0.52458
0.52543
0.51521
0.57108
0.56062
0.56616
0.51933
0.50148
0.55552
0.64181
0.74852
0.904
0.81109
0.74609
0.59501
0.60837
0.53109
0.48353
0.43355
0.44473
0.43448
0.44557
0.46475
0.43691
0.47663
0.52318
0.52488
0.54783
0.54102
0.57262
0.60669
0.59431
0.58709
0.58868
0.6129
0.64328
0.60694
0.54753
0.56522
0.55895
0.58253
0.58022
0.55801
0.51172
0.49059
0.44757
0.40937
0.44761
0.45727
0.53277
0.66573
0.72865
0.75358
0.74748
0.76148
0.99179
0.99997
0.99468
0.88503
0.70192
0.83926
0.89737
0.97382
0.9801
0.98115
0.96388
0.83535
0.78466
0.70776
0.6263
0.49299
0.48935
0.49727
0.44037
0.41675
0.33764
0.32529
0.32252
0.4025
0.60321
0.67834
0.60392
0.69917
0.72202
0.7954
0.80117
0.73522
0.64108
0.63077
0.72842
0.86496
0.99401
0.99718
0.99828
0.99941
0.99462
0.99601
1.0008
0.96035
0.87938
0.82152
0.78824
0.75506
0.72417
0.70225
0.66496
0.6388
0.62252
0.61109
0.52785
0.51014
0.48008
0.40615
0.38122
0.3599
0.46359
0.46283
0.46574
0.48228
0.46525
0.48455
0.44327
0.43488
0.41394
0.3744
0.40002
0.43055
0.46786
0.49557
0.42975
0.39606
0.37741
0.32891
0.31158
0.33275
0.35496
0.374
0.36556
0.34374
0.35592
0.29448
0.22385
0.22176
0.26638
0.34173
0.30435
0.20662
0.19869
0.20717
0.24973
0.2755
0.30434
0.3333
0.48506
0.49028
0.41526
0.38384
0.50553
0.54397
0.57712
0.51579
0.51071
0.47533
0.44805
0.46296
0.45955
0.46835
0.5137
0.50338
0.47219
0.43765
0.39382
0.42836
0.53476
0.52692
0.50999
0.50814
0.55969
0.61321
0.61828
0.64524
0.58283
0.69275
0.70607
0.69028
0.52596
0.6444
0.65076
0.59615
0.57737
0.55517
0.55997
0.55433
0.55006
0.56382
0.51231
0.46114
0.44131
0.43255
0.4414
0.46403
0.47886
0.46416
0.47657
0.44328
0.44297
0.52052
0.48337
0.44897
0.40188
0.42661
0.45759
0.49232
0.49978
0.54273
0.53476
0.53382
0.49143
0.50717
0.55341
0.54596
0.53942
0.52718
0.50894
0.52059
0.50389
0.50775
0.46535
0.4416
0.45811
0.4171
0.45619
0.45045
0.48452
0.44011
0.439
0.48644
0.54465
0.5419
0.48018
0.49274
0.50908
0.54955
0.51125
0.47958
0.45282
0.45413
0.44429
0.43748
0.50087
0.45577
0.40854
0.37874
0.36518
0.39946
0.48225
0.53346
0.5149
0.48191
0.45628
0.49827
0.52314
0.54152
0.5205
0.48093
0.54402
0.57175
0.56344
0.55249
0.55355
0.54721
0.5707
0.60279
0.61187
0.5926
0.58566
0.5853
0.58857
0.6156
0.62644
0.57111
0.52193
0.47348
0.50891
0.52611
0.47781
0.42902
0.45254
0.56577
0.68615
0.72251
0.73986
0.87666
0.87131
0.8805
0.89492
0.77348
0.75471
0.74295
0.6661
0.62256
0.63192
0.6389
0.62954
0.62931
0.58026
0.51961
0.47915
0.44304
0.44138
0.4733
0.51381
0.53333
0.49735
0.45034
0.41152
0.41285
0.40458
0.39135
0.38458
0.51521
0.50631
0.48133
0.58618
0.59566
0.56824
0.54479
0.54644
0.60137
0.76238
0.69471
0.6288
0.58525
0.59127
0.62204
0.58032
0.55135
0.55108
0.54748
0.51156
0.48294
0.51009
0.57222
0.78636
0.9127
0.9994
1.0006
0.99709
0.99823
0.80948
0.88865
0.90839
0.97451
0.97823
0.98521
0.95658
0.93489
0.94116
0.90927
0.93894
0.91705
0.76519
0.67877
0.63503
0.49302
0.42966
0.42259
0.36667
0.41625
0.4511
0.38803
0.38565
0.42728
0.44322
0.45265
0.45058
0.45114
0.52088
0.44843
0.44855
0.43441
0.44765
0.44487
0.47114
0.50665
0.55848
0.55709
0.57326
0.57946
0.71522
0.76544
0.73448
0.76735
0.73455
0.76894
0.77509
0.71133
0.71123
0.67993
0.61645
0.63132
0.6618
0.63121
0.62353
0.62417
0.54823
0.49253
0.50233
0.46823
0.44294
0.41918
0.38434
0.36514
0.36407
0.43482
0.44748
0.43237
0.44887
0.45571
0.48343
0.50005
0.51432
0.52146
0.54422
0.5413
0.52557
0.52612
0.52273
0.52424
0.52403
0.51966
0.53479
0.51591
0.49723
0.47941
0.48104
0.47527
0.49079
0.5096
0.52848
0.54919
0.53029
0.51222
0.50891
0.56796
0.61857
0.63736
0.6803
0.65684
0.5878
0.56684
0.56458
0.55152
0.55225
0.6158
0.6495
0.6377
0.66991
0.61196
0.54958
0.62409
0.59579
0.543
0.54006
0.64206
0.68868
0.64598
0.65254
0.62742
0.59908
0.56063
0.49375
0.53227
0.54797
0.47839
0.4447
0.45424
0.46992
0.48642
0.50326
0.46855
0.44418
0.45679
0.46693
0.45279
0.42047
0.44431
0.45802
0.45887
0.41004
0.40493
0.44097
0.47238
0.4744
0.47697
0.46823
0.47187
0.44953
0.41638
0.42865
0.42083
0.43585
0.45124
0.43904
0.37854
0.35673
0.34748
0.34707
0.3604
0.36793
0.36661
0.35491
0.34033
0.32887
0.31002
0.28569
0.30347
0.30613
0.29509
0.27301
0.27281
0.27652
0.38053
0.46638
0.55486
0.62004
0.81151
0.97855
0.99885
0.99999
0.99972
0.99872
0.999
0.99899
0.99883
0.99766
0.8646
0.7211
0.59673
0.84734
0.90893
0.89063
0.94566
0.73468
0.76634
0.85517
0.97008
0.96592
0.95383
0.96867
0.92588
0.82579
0.77589
0.73791
0.7642
0.74483
0.85753
0.77804
0.77306
0.78833
0.66885
0.61465
0.62025
0.59336
0.72767
0.83016
0.82184
0.65704
0.50946
0.48126
0.44012
0.41304
0.40611
0.40402
0.40077
0.3915
0.39476
0.45302
0.46345
0.39667
0.40419
0.51055
0.74202
0.82697
0.8986
0.97457
0.98902
0.99761
1.0006
0.99705
0.99898
1.0006
0.99826
0.91476
0.62296
0.4949
0.49926
0.53061
0.52943
0.55057
0.56199
0.5555
0.53355
0.6167
0.99988
0.99531
0.9785
0.86716
0.73756
0.72585
0.71108
0.70092
0.63631
0.61195
0.60301
0.49436
0.51915
0.49246
0.43594
0.37604
0.71013
0.69718
0.91333
0.77799
0.55135
0.40429
0.35793
0.35352
0.45533
0.36491
0.32939
0.41722
0.41717
0.40668
0.37905
0.42331
0.36335
0.33654
0.40838
0.42362
0.36624
0.36911
0.37533
0.36559
0.36939
0.38283
0.36262
0.32513
0.31718
0.30384
0.29872
0.31231
0.3239
0.36474
0.38978
0.39477
0.38249
0.36171
0.34306
0.34275
0.35257
0.38187
0.40353
0.386
0.36641
0.36033
0.33158
0.32582
0.35266
0.39667
0.37717
0.33186
0.33106
0.29491
0.25755
0.28103
0.31576
0.31526
0.31428
0.3196
0.32404
0.32522
0.31623
0.3287
0.35188
0.36437
0.3604
0.37345
0.39447
0.41725
0.44206
0.46314
0.46901
0.47839
0.48014
0.48221
0.48119
0.46177
0.49458
0.50776
0.5487
0.54964
0.62285
0.68673
0.68596
0.6609
0.66329
0.73546
0.81301
0.79929
0.99451
1.0004
1.0002
0.99922
0.99888
0.99942
0.98413
0.92666
0.90076
0.92898
0.65299
0.58619
0.42419
0.3958
0.70081
0.77306
0.79028
0.79288
0.77825
0.65318
0.6029
0.62524
0.78449
0.76277
0.65683
0.68161
0.69102
0.7847
0.77001
0.72905
0.72093
0.73881
0.69762
0.75888
0.66146
0.72486
0.81809
0.82689
0.88525
0.96323
0.91591
0.89884
0.71368
0.63099
0.63351
0.73605
0.71863
0.77449
0.69572
0.58
0.49956
0.58877
0.54492
0.47241
0.45714
0.46351
0.51245
0.54884
0.78237
0.96324
0.62953
0.47889
0.426
0.41344
0.54486
0.54503
0.55851
0.56922
0.57672
0.53809
0.55325
0.56816
0.52137
0.53204
0.93374
0.88958
0.8762
0.80773
0.71061
0.64723
0.57651
0.59064
0.59683
0.61759
0.64917
0.62624
0.61667
0.61516
0.65755
0.62892
0.57997
0.55959
0.52855
0.65026
0.51138
0.69845
0.77979
0.96076
0.92243
0.83939
0.94404
0.95142
0.93789
0.9167
0.8159
0.67787
0.53359
0.48551
0.45672
0.39315
0.46465
0.63255
0.66238
0.70862
0.67545
0.67062
0.57625
0.50251
0.5351
0.52628
0.49886
0.4245
0.41754
0.4099
0.50642
0.6135
0.7142
0.65686
0.66416
0.65138
0.62062
0.6021
0.65035
0.65011
0.61167
0.53725
0.5561
0.6362
0.61783
0.55316
0.47573
0.38849
0.32401
0.32418
0.33228
0.3293
0.32935
0.31425
0.3888
0.39835
0.39669
0.40325
0.42811
0.44354
0.40732
0.40937
0.43546
0.43623
0.44995
0.43001
0.42807
0.44253
0.42511
0.40833
0.39236
0.36522
0.37777
0.49314
0.37647
0.38619
0.42095
0.47419
0.45055
0.52155
0.62424
0.66272
0.57582
0.46513
0.38493
0.37296
0.3923
0.76493
0.59034
0.66899
0.63847
0.60842
0.6773
0.74381
0.66321
0.64192
0.6173
0.61163
0.61171
0.60126
0.63293
0.91165
0.93629
0.96004
0.95673
0.94823
0.94308
0.93601
0.90269
0.86133
0.80519
0.72825
0.78753
0.75782
0.80707
0.86797
0.83961
0.83282
0.67803
0.71468
0.69345
0.74461
0.54275
0.4571
0.44535
0.47356
0.68048
0.91657
0.91972
0.80495
0.68385
0.5925
0.67842
0.5942
0.52242
0.46085
0.41627
0.37598
0.37534
0.35312
0.28069
0.2704
0.24892
0.23881
0.25203
0.25611
0.24147
0.24141
0.27957
0.29705
0.27873
0.26304
0.41834
0.75234
0.88351
0.90078
0.81105
0.56396
0.45812
0.48337
0.48397
0.472
0.4835
0.48446
0.49999
0.52087
0.5338
0.53541
0.48607
0.47932
0.47362
0.47086
0.44459
0.4672
0.51328
0.57113
0.46756
0.42593
0.40897
0.38947
0.3915
0.37283
0.35079
0.31768
0.31315
0.29182
0.2943
0.28291
0.29508
0.3409
0.36098
0.38493
0.31029
0.30533
0.29259
0.42011
0.57127
0.95396
0.95716
0.96316
0.95352
0.94777
0.94043
0.93447
0.92745
0.90256
0.88647
0.7585
0.78734
0.83369
0.88575
0.89107
0.87536
0.85545
0.82816
0.77891
0.7211
0.69511
0.60995
0.69066
0.65751
0.58437
0.67486
0.5382
0.49898
0.48659
0.44377
0.44724
0.44471
0.44234
0.46798
0.49147
0.49256
0.5151
0.49689
0.49507
0.47668
0.45165
0.44884
0.46637
0.48155
0.51788
0.50534
0.47482
0.38302
0.59436
0.80639
0.85982
0.86873
0.87521
0.87732
0.8771
0.87506
0.53066
0.5319
0.55983
0.61334
0.58389
0.5913
0.68551
0.56978
0.51865
0.50677
0.49227
0.45832
0.4607
0.45537
0.45251
0.46
0.48956
0.53025
0.76507
0.91711
0.91385
0.8939
0.90442
0.89714
0.89689
0.88042
0.8492
0.86059
0.88801
0.88228
0.85633
0.69481
0.84329
0.70324
0.86317
0.87948
0.8665
0.84816
0.66944
0.518
0.49571
0.44177
0.40918
0.44144
0.79548
0.78078
0.81519
0.79179
0.77936
0.74737
0.6236
0.54528
0.31981
0.23025
0.46588
0.33619
0.23137
0.20433
0.18804
0.23492
0.43051
0.40311
0.49438
0.37257
0.46835
0.45956
0.41694
0.45074
0.48957
0.59912
0.5846
0.65679
0.59512
0.48346
0.38679
0.34341
0.35601
0.37089
0.40041
0.46798
0.51723
0.5256
0.59231
0.62153
0.91519
0.95549
0.95994
0.9577
0.95147
0.95668
0.95694
0.95489
0.94805
0.94268
0.94342
0.93973
0.93625
0.94285
0.93686
0.86149
0.94899
0.9288
0.7683
0.57753
0.59808
0.88878
0.9555
0.94162
0.98905
0.98386
0.97001
0.92518
0.95142
0.93555
0.92039
0.90536
0.75317
0.68389
0.51177
0.57124
0.81273
0.64653
0.4989
0.40314
0.32906
0.30406
0.33513
0.40078
0.30423
0.28534
0.25725
0.25771
0.35754
0.37892
0.35701
0.77596
0.7271
0.57153
0.53749
0.47409
0.46095
0.47286
0.46903
0.46807
0.47491
0.47193
0.46937
0.46568
0.47264
0.41755
0.38168
0.38846
0.39626
0.35518
0.41726
0.5831
0.59674
0.35631
0.24559
0.48371
0.51678
0.53142
0.49077
0.42072
0.4884
0.51475
0.43367
0.45089
0.45237
0.40429
0.41577
0.41507
0.45491
0.41074
0.37944
0.34795
0.27965
0.20237
0.18938
0.22922
0.25862
0.31813
0.38572
0.39559
0.35257
0.32377
0.31501
0.32129
0.30231
0.25238
0.21418
0.2341
0.24917
0.2246
0.16789
0.16585
0.22875
0.23636
0.27211
0.32072
0.33953
0.32507
0.32363
0.29851
0.29079
0.41032
0.88645
0.89035
0.88722
0.87871
0.7424
0.69994
0.58206
0.54814
0.57696
0.53568
0.50888
0.49122
0.47963
0.44584
0.50123
0.85273
0.7368
0.57262
0.5233
0.49862
0.50969
0.5576
0.51391
0.49872
0.50657
0.48442
0.48152
0.44876
0.39956
0.39454
0.41206
0.4336
0.43826
0.49089
0.49115
0.46977
0.47807
0.51155
0.5432
0.58185
0.55832
0.73583
0.62347
0.65659
0.51555
0.46854
0.44096
0.33862
0.25487
0.25755
0.20958
0.15932
0.15207
0.14018
0.12788
0.13973
0.1629
0.29508
0.64158
0.78282
0.79262
0.83019
0.83691
0.82796
0.70884
0.57364
0.60896
0.57204
0.54711
0.50839
0.47989
0.37718
0.33164
0.30805
0.28765
0.36319
0.33973
0.23784
0.19108
0.22462
0.321
0.43403
0.80576
0.84685
0.85941
0.86047
0.85973
0.86038
0.86111
0.85989
0.83832
0.70188
0.51332
0.47529
0.48021
0.41945
0.54607
0.61166
0.66256
0.69068
0.66985
0.6668
0.5952
0.54198
0.50375
0.48896
0.46857
0.50584
0.52585
0.51122
0.47516
0.42989
0.41293
0.40649
0.40259
0.39556
0.4011
0.43575
0.41975
0.39259
0.37734
0.36761
0.35645
0.35256
0.34188
0.33522
0.33542
0.32768
0.31794
0.31877
0.32853
0.32463
0.33031
0.33256
0.32856
0.33422
0.31156
0.30383
0.31422
0.2838
0.25417
0.20035
0.16852
0.20748
0.26175
0.46581
0.55145
0.3706
0.4074
0.49463
0.54696
0.54716
0.53338
0.50372
0.44371
0.41682
0.4067
0.33759
0.25156
0.87747
0.92836
0.5708
0.5406
0.51392
0.51766
0.5151
0.5275
0.52866
0.5338
0.52821
0.51696
0.48095
0.45476
0.43019
0.74602
0.68532
0.72457
0.87841
0.77152
0.57076
0.59518
0.59212
0.59925
0.64985
0.56696
0.54247
0.52047
0.51218
0.50724
0.4978
0.51085
0.51334
0.5547
0.52967
0.53616
0.54397
0.55023
0.69967
0.85288
0.80417
0.85691
0.54911
0.46874
0.45057
0.44584
0.45019
0.41513
0.39222
0.37556
0.39468
0.44137
0.50613
0.51721
0.4594
0.45771
0.37187
0.30991
0.3718
0.52035
0.52108
0.5467
0.55671
0.59184
0.57424
0.61934
0.82919
0.57576
0.5293
0.59369
0.50872
0.57353
0.86768
0.8663
0.7614
0.51976
0.51587
0.55449
0.49431
0.48357
0.60114
0.4453
0.43736
0.45256
0.39167
0.34834
0.31545
0.32047
0.31078
0.31788
0.41998
0.43947
0.45435
0.36336
0.34547
0.34278
0.34646
0.34452
0.45763
0.49406
0.49809
0.50214
0.50183
0.46169
0.48234
0.50641
0.51033
0.52722
0.85689
0.86482
0.86684
0.86538
0.86597
0.86221
0.84877
0.83947
0.82149
0.77562
0.42646
0.51027
0.69373
0.41821
0.48308
0.42736
0.33956
0.33509
0.36895
0.41044
0.43709
0.45432
0.44496
0.47028
0.51884
0.48851
0.45934
0.40174
0.40419
0.37535
0.37268
0.35525
0.39153
0.39293
0.39341
0.40239
0.38576
0.37259
0.40054
0.44727
0.41142
0.45861
0.41291
0.46369
0.4645
0.44038
0.49155
0.48276
0.52814
0.80883
0.81705
0.69922
0.5856
0.55071
0.55239
0.52605
0.48779
0.4947
0.51347
0.49883
0.48867
0.50291
0.6296
0.75824
0.80529
0.80986
0.82096
0.8245
0.80494
0.54156
0.64399
0.63476
0.62469
0.72362
0.7162
0.71245
0.73258
0.65037
0.44446
0.45265
0.63576
0.77224
0.71038
0.44461
0.38013
0.43861
0.53263
0.42934
0.42143
0.53944
0.57098
0.74502
0.78066
0.82069
0.82666
0.83018
0.82304
0.81258
0.79361
0.80419
0.80927
0.78879
0.76933
0.74908
0.70779
0.58547
0.49863
0.44388
0.41952
0.40069
0.37873
0.37887
0.39738
0.3818
0.38272
0.3986
0.37566
0.34913
0.32194
0.30554
0.30039
0.24661
0.22403
0.24095
0.34665
0.47988
0.59829
0.57369
0.53811
0.48329
0.45897
0.42129
0.38317
